#601920 369769
34
0 0 U -1
1 1 U 0
2 0 U -1
3 1 L 1
4 0 U 2
5 0 L -1
6 1 L 3
7 0 L 5
8 1 U -1
9 0 U 8
10 1 U 9
11 1 L -1
12 1 U 6
13 0 U 10
14 1 U 13
15 0 L -1
16 0 L 15
17 0 U 14
18 1 L -1
19 1 L 18
20 1 L 19
21 1 U 17
22 1 L -1
23 0 L 22
24 0 U 21
25 1 U 9
26 0 U -1
27 0 U 17
28 1 U 25
29 0 U 26
30 0 U 28
31 0 U 30
32 1 U 27
33 0 L -1
34
0 0 U -1
1 1 U 0
2 0 U -1
3 1 L 1
4 0 U 2
5 0 L -1
6 1 L 3
7 0 L 5
8 1 U -1
9 0 U 8
10 1 U 9
11 1 L -1
12 1 U 6
13 0 U 10
14 1 U 13
15 0 L -1
16 0 L 15
17 0 U 14
18 1 L -1
19 1 L 18
20 1 L 19
21 1 U 17
22 1 L -1
23 0 L 22
24 0 U 21
25 1 U 9
26 0 U -1
27 0 U 17
28 1 U 25
29 0 U 26
30 0 U 28
31 0 U 30
32 1 U 27
33 0 L -1
34
0 0 U -1
1 1 U 0
2 0 U -1
3 1 L 1
4 0 U 2
5 0 L -1
6 1 L 3
7 0 L 5
8 1 U -1
9 0 U 8
10 1 U 9
11 1 L -1
12 1 U 6
13 0 U 10
14 1 U 13
15 0 L -1
16 0 L 15
17 0 U 14
18 1 L -1
19 1 L 18
20 1 L 19
21 1 U 17
22 1 L -1
23 0 L 22
24 0 U 21
25 1 U 9
26 0 U -1
27 0 U 17
28 1 U 25
29 0 U 26
30 0 U 28
31 0 U 30
32 1 U 27
33 0 L -1
34
0 0 U -1
1 1 U 0
2 0 U -1
3 1 L 1
4 0 U 2
5 0 L -1
6 1 L 3
7 0 L 5
8 1 U -1
9 0 U 8
10 1 U 9
11 1 L -1
12 1 U 6
13 0 U 10
14 1 U 13
15 0 L -1
16 0 L 15
17 0 U 14
18 1 L -1
19 1 L 18
20 1 L 19
21 1 U 17
22 1 L -1
23 0 L 22
24 0 U 21
25 1 U 9
26 0 U -1
27 0 U 17
28 1 U 25
29 0 U 26
30 0 U 28
31 0 U 30
32 1 U 27
33 0 L -1
34
0 0 U -1
1 1 U 0
2 0 U -1
3 1 L 1
4 0 U 2
5 0 L -1
6 1 L 3
7 0 L 5
8 1 U -1
9 0 U 8
10 1 U 9
11 1 L -1
12 1 U 6
13 0 U 10
14 1 U 13
15 0 L -1
16 0 L 15
17 0 U 14
18 1 L -1
19 1 L 18
20 1 L 19
21 1 U 17
22 1 L -1
23 0 L 22
24 0 U 21
25 1 U 9
26 0 U -1
27 0 U 17
28 1 U 25
29 0 U 26
30 0 U 28
31 0 U 30
32 1 U 27
33 0 L -1
34
0 0 U -1
1 1 U 0
2 0 U -1
3 1 L 1
4 0 U 2
5 0 L -1
6 1 L 3
7 0 L 5
8 1 U -1
9 0 U 8
10 1 U 9
11 1 L -1
12 1 U 6
13 0 U 10
14 1 U 13
15 0 L -1
16 0 L 15
17 0 U 14
18 1 L -1
19 1 L 18
20 1 L 19
21 1 U 17
22 1 L -1
23 0 L 22
24 0 U 21
25 1 U 9
26 0 U -1
27 0 U 17
28 1 U 25
29 0 U 26
30 0 U 28
31 0 U 30
32 1 U 27
33 0 L -1
34
0 0 U -1
1 1 U 0
2 0 U -1
3 1 L 1
4 0 U 2
5 0 L -1
6 1 L 3
7 0 L 5
8 1 U -1
9 0 U 8
10 1 U 9
11 1 L -1
12 1 U 6
13 0 U 10
14 1 U 13
15 0 L -1
16 0 L 15
17 0 U 14
18 1 L -1
19 1 L 18
20 1 L 19
21 1 U 17
22 1 L -1
23 0 L 22
24 0 U 21
25 1 U 9
26 0 U -1
27 0 U 17
28 1 U 25
29 0 U 26
30 0 U 28
31 0 U 30
32 1 U 27
33 0 L -1
34
0 0 U -1
1 1 U 0
2 0 U -1
3 1 L 1
4 0 U 2
5 0 L -1
6 1 L 3
7 0 L 5
8 1 U -1
9 0 U 8
10 1 U 9
11 1 L -1
12 1 U 6
13 0 U 10
14 1 U 13
15 0 L -1
16 0 L 15
17 0 U 14
18 1 L -1
19 1 L 18
20 1 L 19
21 1 U 17
22 1 L -1
23 0 L 22
24 0 U 21
25 1 U 9
26 0 U -1
27 0 U 17
28 1 U 25
29 0 U 26
30 0 U 28
31 0 U 30
32 1 U 27
33 0 L -1
34
0 0 U -1
1 1 U 0
2 0 U -1
3 1 L 1
4 0 U 2
5 0 L -1
6 1 L 3
7 0 L 5
8 1 U -1
9 0 U 8
10 1 U 9
11 1 L -1
12 1 U 6
13 0 U 10
14 1 U 13
15 0 L -1
16 0 L 15
17 0 U 14
18 1 L -1
19 1 L 18
20 1 L 19
21 1 U 17
22 1 L -1
23 0 L 22
24 0 U 21
25 1 U 9
26 0 U -1
27 0 U 17
28 1 U 25
29 0 U 26
30 0 U 28
31 0 U 30
32 1 U 27
33 0 L -1
34
0 0 U -1
1 1 U 0
2 0 U -1
3 1 L 1
4 0 U 2
5 0 L -1
6 1 L 3
7 0 L 5
8 1 U -1
9 0 U 8
10 1 U 9
11 1 L -1
12 1 U 6
13 0 U 10
14 1 U 13
15 0 L -1
16 0 L 15
17 0 U 14
18 1 L -1
19 1 L 18
20 1 L 19
21 1 U 17
22 1 L -1
23 0 L 22
24 0 U 21
25 1 U 9
26 0 U -1
27 0 U 17
28 1 U 25
29 0 U 26
30 0 U 28
31 0 U 30
32 1 U 27
33 0 L -1
34
0 0 U -1
1 1 U 0
2 0 U -1
3 1 L 1
4 0 U 2
5 0 L -1
6 1 L 3
7 0 L 5
8 1 U -1
9 0 U 8
10 1 U 9
11 1 L -1
12 1 U 6
13 0 U 10
14 1 U 13
15 0 L -1
16 0 L 15
17 0 U 14
18 1 L -1
19 1 L 18
20 1 L 19
21 1 U 17
22 1 L -1
23 0 L 22
24 0 U 21
25 1 U 9
26 0 U -1
27 0 U 17
28 1 U 25
29 0 U 26
30 0 U 28
31 0 U 30
32 1 U 27
33 0 L -1
34
0 0 U -1
1 1 U 0
2 0 U -1
3 1 L 1
4 0 U 2
5 0 L -1
6 1 L 3
7 0 L 5
8 1 U -1
9 0 U 8
10 1 U 9
11 1 L -1
12 1 U 6
13 0 U 10
14 1 U 13
15 0 L -1
16 0 L 15
17 0 U 14
18 1 L -1
19 1 L 18
20 1 L 19
21 1 U 17
22 1 L -1
23 0 L 22
24 0 U 21
25 1 U 9
26 0 U -1
27 0 U 17
28 1 U 25
29 0 U 26
30 0 U 28
31 0 U 30
32 1 U 27
33 0 L -1
34
0 0 U -1
1 1 U 0
2 0 U -1
3 1 L 1
4 0 U 2
5 0 L -1
6 1 L 3
7 0 L 5
8 1 U -1
9 0 U 8
10 1 U 9
11 1 L -1
12 1 U 6
13 0 U 10
14 1 U 13
15 0 L -1
16 0 L 15
17 0 U 14
18 1 L -1
19 1 L 18
20 1 L 19
21 1 U 17
22 1 L -1
23 0 L 22
24 0 U 21
25 1 U 9
26 0 U -1
27 0 U 17
28 1 U 25
29 0 U 26
30 0 U 28
31 0 U 30
32 1 U 27
33 0 L -1
34
0 0 U -1
1 1 U 0
2 0 U -1
3 1 L 1
4 0 U 2
5 0 L -1
6 1 L 3
7 0 L 5
8 1 U -1
9 0 U 8
10 1 U 9
11 1 L -1
12 1 U 6
13 0 U 10
14 1 U 13
15 0 L -1
16 0 L 15
17 0 U 14
18 1 L -1
19 1 L 18
20 1 L 19
21 1 U 17
22 1 L -1
23 0 L 22
24 0 U 21
25 1 U 9
26 0 U -1
27 0 U 17
28 1 U 25
29 0 U 26
30 0 U 28
31 0 U 30
32 1 U 27
33 0 L -1
34
0 0 U -1
1 1 U 0
2 0 U -1
3 1 L 1
4 0 U 2
5 0 L -1
6 1 L 3
7 0 L 5
8 1 U -1
9 0 U 8
10 1 U 9
11 1 L -1
12 1 U 6
13 0 U 10
14 1 U 13
15 0 L -1
16 0 L 15
17 0 U 14
18 1 L -1
19 1 L 18
20 1 L 19
21 1 U 17
22 1 L -1
23 0 L 22
24 0 U 21
25 1 U 9
26 0 U -1
27 0 U 17
28 1 U 25
29 0 U 26
30 0 U 28
31 0 U 30
32 1 U 27
33 0 L -1
34
0 0 U -1
1 1 U 0
2 0 U -1
3 1 L 1
4 0 U 2
5 0 L -1
6 1 L 3
7 0 L 5
8 1 U -1
9 0 U 8
10 1 U 9
11 1 L -1
12 1 U 6
13 0 U 10
14 1 U 13
15 0 L -1
16 0 L 15
17 0 U 14
18 1 L -1
19 1 L 18
20 1 L 19
21 1 U 17
22 1 L -1
23 0 L 22
24 0 U 21
25 1 U 9
26 0 U -1
27 0 U 17
28 1 U 25
29 0 U 26
30 0 U 28
31 0 U 30
32 1 U 27
33 0 L -1
34
0 0 U -1
1 1 U 0
2 0 U -1
3 1 L 1
4 0 U 2
5 0 L -1
6 1 L 3
7 0 L 5
8 1 U -1
9 0 U 8
10 1 U 9
11 1 L -1
12 1 U 6
13 0 U 10
14 1 U 13
15 0 L -1
16 0 L 15
17 0 U 14
18 1 L -1
19 1 L 18
20 1 L 19
21 1 U 17
22 1 L -1
23 0 L 22
24 0 U 21
25 1 U 9
26 0 U -1
27 0 U 17
28 1 U 25
29 0 U 26
30 0 U 28
31 0 U 30
32 1 U 27
33 0 L -1
34
0 0 U -1
1 1 U 0
2 0 U -1
3 1 L 1
4 0 U 2
5 0 L -1
6 1 L 3
7 0 L 5
8 1 U -1
9 0 U 8
10 1 U 9
11 1 L -1
12 1 U 6
13 0 U 10
14 1 U 13
15 0 L -1
16 0 L 15
17 0 U 14
18 1 L -1
19 1 L 18
20 1 L 19
21 1 U 17
22 1 L -1
23 0 L 22
24 0 U 21
25 1 U 9
26 0 U -1
27 0 U 17
28 1 U 25
29 0 U 26
30 0 U 28
31 0 U 30
32 1 U 27
33 0 L -1
34
0 0 U -1
1 1 U 0
2 0 U -1
3 1 L 1
4 0 U 2
5 0 L -1
6 1 L 3
7 0 L 5
8 1 U -1
9 0 U 8
10 1 U 9
11 1 L -1
12 1 U 6
13 0 U 10
14 1 U 13
15 0 L -1
16 0 L 15
17 0 U 14
18 1 L -1
19 1 L 18
20 1 L 19
21 1 U 17
22 1 L -1
23 0 L 22
24 0 U 21
25 1 U 9
26 0 U -1
27 0 U 17
28 1 U 25
29 0 U 26
30 0 U 28
31 0 U 30
32 1 U 27
33 0 L -1
34
0 0 U -1
1 1 U 0
2 0 U -1
3 1 L 1
4 0 U 2
5 0 L -1
6 1 L 3
7 0 L 5
8 1 U -1
9 0 U 8
10 1 U 9
11 1 L -1
12 1 U 6
13 0 U 10
14 1 U 13
15 0 L -1
16 0 L 15
17 0 U 14
18 1 L -1
19 1 L 18
20 1 L 19
21 1 U 17
22 1 L -1
23 0 L 22
24 0 U 21
25 1 U 9
26 0 U -1
27 0 U 17
28 1 U 25
29 0 U 26
30 0 U 28
31 0 U 30
32 1 U 27
33 0 L -1
34
0 0 U -1
1 1 U 0
2 0 U -1
3 1 L 1
4 0 U 2
5 0 L -1
6 1 L 3
7 0 L 5
8 1 U -1
9 0 U 8
10 1 U 9
11 1 L -1
12 1 U 6
13 0 U 10
14 1 U 13
15 0 L -1
16 0 L 15
17 0 U 14
18 1 L -1
19 1 L 18
20 1 L 19
21 1 U 17
22 1 L -1
23 0 L 22
24 0 U 21
25 1 U 9
26 0 U -1
27 0 U 17
28 1 U 25
29 0 U 26
30 0 U 28
31 0 U 30
32 1 U 27
33 0 L -1
34
0 0 U -1
1 1 U 0
2 0 U -1
3 1 L 1
4 0 U 2
5 0 L -1
6 1 L 3
7 0 L 5
8 1 U -1
9 0 U 8
10 1 U 9
11 1 L -1
12 1 U 6
13 0 U 10
14 1 U 13
15 0 L -1
16 0 L 15
17 0 U 14
18 1 L -1
19 1 L 18
20 1 L 19
21 1 U 17
22 1 L -1
23 0 L 22
24 0 U 21
25 1 U 9
26 0 U -1
27 0 U 17
28 1 U 25
29 0 U 26
30 0 U 28
31 0 U 30
32 1 U 27
33 0 L -1
34
0 0 U -1
1 1 U 0
2 0 U -1
3 1 L 1
4 0 U 2
5 0 L -1
6 1 L 3
7 0 L 5
8 1 U -1
9 0 U 8
10 1 U 9
11 1 L -1
12 1 U 6
13 0 U 10
14 1 U 13
15 0 L -1
16 0 L 15
17 0 U 14
18 1 L -1
19 1 L 18
20 1 L 19
21 1 U 17
22 1 L -1
23 0 L 22
24 0 U 21
25 1 U 9
26 0 U -1
27 0 U 17
28 1 U 25
29 0 U 26
30 0 U 28
31 0 U 30
32 1 U 27
33 0 L -1
34
0 0 U -1
1 1 U 0
2 0 U -1
3 1 L 1
4 0 U 2
5 0 L -1
6 1 L 3
7 0 L 5
8 1 U -1
9 0 U 8
10 1 U 9
11 1 L -1
12 1 U 6
13 0 U 10
14 1 U 13
15 0 L -1
16 0 L 15
17 0 U 14
18 1 L -1
19 1 L 18
20 1 L 19
21 1 U 17
22 1 L -1
23 0 L 22
24 0 U 21
25 1 U 9
26 0 U -1
27 0 U 17
28 1 U 25
29 0 U 26
30 0 U 28
31 0 U 30
32 1 U 27
33 0 L -1
34
0 0 U -1
1 1 U 0
2 0 U -1
3 1 L 1
4 0 U 2
5 0 L -1
6 1 L 3
7 0 L 5
8 1 U -1
9 0 U 8
10 1 U 9
11 1 L -1
12 1 U 6
13 0 U 10
14 1 U 13
15 0 L -1
16 0 L 15
17 0 U 14
18 1 L -1
19 1 L 18
20 1 L 19
21 1 U 17
22 1 L -1
23 0 L 22
24 0 U 21
25 1 U 9
26 0 U -1
27 0 U 17
28 1 U 25
29 0 U 26
30 0 U 28
31 0 U 30
32 1 U 27
33 0 L -1
34
0 0 U -1
1 1 U 0
2 0 U -1
3 1 L 1
4 0 U 2
5 0 L -1
6 1 L 3
7 0 L 5
8 1 U -1
9 0 U 8
10 1 U 9
11 1 L -1
12 1 U 6
13 0 U 10
14 1 U 13
15 0 L -1
16 0 L 15
17 0 U 14
18 1 L -1
19 1 L 18
20 1 L 19
21 1 U 17
22 1 L -1
23 0 L 22
24 0 U 21
25 1 U 9
26 0 U -1
27 0 U 17
28 1 U 25
29 0 U 26
30 0 U 28
31 0 U 30
32 1 U 27
33 0 L -1
34
0 0 U -1
1 1 U 0
2 0 U -1
3 1 L 1
4 0 U 2
5 0 L -1
6 1 L 3
7 0 L 5
8 1 U -1
9 0 U 8
10 1 U 9
11 1 L -1
12 1 U 6
13 0 U 10
14 1 U 13
15 0 L -1
16 0 L 15
17 0 U 14
18 1 L -1
19 1 L 18
20 1 L 19
21 1 U 17
22 1 L -1
23 0 L 22
24 0 U 21
25 1 U 9
26 0 U -1
27 0 U 17
28 1 U 25
29 0 U 26
30 0 U 28
31 0 U 30
32 1 U 27
33 0 L -1
34
0 0 U -1
1 1 U 0
2 0 U -1
3 1 L 1
4 0 U 2
5 0 L -1
6 1 L 3
7 0 L 5
8 1 U -1
9 0 U 8
10 1 U 9
11 1 L -1
12 1 U 6
13 0 U 10
14 1 U 13
15 0 L -1
16 0 L 15
17 0 U 14
18 1 L -1
19 1 L 18
20 1 L 19
21 1 U 17
22 1 L -1
23 0 L 22
24 0 U 21
25 1 U 9
26 0 U -1
27 0 U 17
28 1 U 25
29 0 U 26
30 0 U 28
31 0 U 30
32 1 U 27
33 0 L -1
34
0 0 U -1
1 1 U 0
2 0 U -1
3 1 L 1
4 0 U 2
5 0 L -1
6 1 L 3
7 0 L 5
8 1 U -1
9 0 U 8
10 1 U 9
11 1 L -1
12 1 U 6
13 0 U 10
14 1 U 13
15 0 L -1
16 0 L 15
17 0 U 14
18 1 L -1
19 1 L 18
20 1 L 19
21 1 U 17
22 1 L -1
23 0 L 22
24 0 U 21
25 1 U 9
26 0 U -1
27 0 U 17
28 1 U 25
29 0 U 26
30 0 U 28
31 0 U 30
32 1 U 27
33 0 L -1
34
0 0 U -1
1 1 U 0
2 0 U -1
3 1 L 1
4 0 U 2
5 0 L -1
6 1 L 3
7 0 L 5
8 1 U -1
9 0 U 8
10 1 U 9
11 1 L -1
12 1 U 6
13 0 U 10
14 1 U 13
15 0 L -1
16 0 L 15
17 0 U 14
18 1 L -1
19 1 L 18
20 1 L 19
21 1 U 17
22 1 L -1
23 0 L 22
24 0 U 21
25 1 U 9
26 0 U -1
27 0 U 17
28 1 U 25
29 0 U 26
30 0 U 28
31 0 U 30
32 1 U 27
33 0 L -1
34
0 0 U -1
1 1 U 0
2 0 U -1
3 1 L 1
4 0 U 2
5 0 L -1
6 1 L 3
7 0 L 5
8 1 U -1
9 0 U 8
10 1 U 9
11 1 L -1
12 1 U 6
13 0 U 10
14 1 U 13
15 0 L -1
16 0 L 15
17 0 U 14
18 1 L -1
19 1 L 18
20 1 L 19
21 1 U 17
22 1 L -1
23 0 L 22
24 0 U 21
25 1 U 9
26 0 U -1
27 0 U 17
28 1 U 25
29 0 U 26
30 0 U 28
31 0 U 30
32 1 U 27
33 0 L -1
34
0 0 U -1
1 1 U 0
2 0 U -1
3 1 L 1
4 0 U 2
5 0 L -1
6 1 L 3
7 0 L 5
8 1 U -1
9 0 U 8
10 1 U 9
11 1 L -1
12 1 U 6
13 0 U 10
14 1 U 13
15 0 L -1
16 0 L 15
17 0 U 14
18 1 L -1
19 1 L 18
20 1 L 19
21 1 U 17
22 1 L -1
23 0 L 22
24 0 U 21
25 1 U 9
26 0 U -1
27 0 U 17
28 1 U 25
29 0 U 26
30 0 U 28
31 0 U 30
32 1 U 27
33 0 L -1
34
0 0 U -1
1 1 U 0
2 0 U -1
3 1 L 1
4 0 U 2
5 0 L -1
6 1 L 3
7 0 L 5
8 1 U -1
9 0 U 8
10 1 U 9
11 1 L -1
12 1 U 6
13 0 U 10
14 1 U 13
15 0 L -1
16 0 L 15
17 0 U 14
18 1 L -1
19 1 L 18
20 1 L 19
21 1 U 17
22 1 L -1
23 0 L 22
24 0 U 21
25 1 U 9
26 0 U -1
27 0 U 17
28 1 U 25
29 0 U 26
30 0 U 28
31 0 U 30
32 1 U 27
33 0 L -1
34
0 0 U -1
1 1 U 0
2 0 U -1
3 1 L 1
4 0 U 2
5 0 L -1
6 1 L 3
7 0 L 5
8 1 U -1
9 0 U 8
10 1 U 9
11 1 L -1
12 1 U 6
13 0 U 10
14 1 U 13
15 0 L -1
16 0 L 15
17 0 U 14
18 1 L -1
19 1 L 18
20 1 L 19
21 1 U 17
22 1 L -1
23 0 L 22
24 0 U 21
25 1 U 9
26 0 U -1
27 0 U 17
28 1 U 25
29 0 U 26
30 0 U 28
31 0 U 30
32 1 U 27
33 0 L -1
34
0 0 U -1
1 1 U 0
2 0 U -1
3 1 L 1
4 0 U 2
5 0 L -1
6 1 L 3
7 0 L 5
8 1 U -1
9 0 U 8
10 1 U 9
11 1 L -1
12 1 U 6
13 0 U 10
14 1 U 13
15 0 L -1
16 0 L 15
17 0 U 14
18 1 L -1
19 1 L 18
20 1 L 19
21 1 U 17
22 1 L -1
23 0 L 22
24 0 U 21
25 1 U 9
26 0 U -1
27 0 U 17
28 1 U 25
29 0 U 26
30 0 U 28
31 0 U 30
32 1 U 27
33 0 L -1
34
0 0 U -1
1 1 U 0
2 0 U -1
3 1 L 1
4 0 U 2
5 0 L -1
6 1 L 3
7 0 L 5
8 1 U -1
9 0 U 8
10 1 U 9
11 1 L -1
12 1 U 6
13 0 U 10
14 1 U 13
15 0 L -1
16 0 L 15
17 0 U 14
18 1 L -1
19 1 L 18
20 1 L 19
21 1 U 17
22 1 L -1
23 0 L 22
24 0 U 21
25 1 U 9
26 0 U -1
27 0 U 17
28 1 U 25
29 0 U 26
30 0 U 28
31 0 U 30
32 1 U 27
33 0 L -1
34
0 0 U -1
1 1 U 0
2 0 U -1
3 1 L 1
4 0 U 2
5 0 L -1
6 1 L 3
7 0 L 5
8 1 U -1
9 0 U 8
10 1 U 9
11 1 L -1
12 1 U 6
13 0 U 10
14 1 U 13
15 0 L -1
16 0 L 15
17 0 U 14
18 1 L -1
19 1 L 18
20 1 L 19
21 1 U 17
22 1 L -1
23 0 L 22
24 0 U 21
25 1 U 9
26 0 U -1
27 0 U 17
28 1 U 25
29 0 U 26
30 0 U 28
31 0 U 30
32 1 U 27
33 0 L -1
34
0 0 U -1
1 1 U 0
2 0 U -1
3 1 L 1
4 0 U 2
5 0 L -1
6 1 L 3
7 0 L 5
8 1 U -1
9 0 U 8
10 1 U 9
11 1 L -1
12 1 U 6
13 0 U 10
14 1 U 13
15 0 L -1
16 0 L 15
17 0 U 14
18 1 L -1
19 1 L 18
20 1 L 19
21 1 U 17
22 1 L -1
23 0 L 22
24 0 U 21
25 1 U 9
26 0 U -1
27 0 U 17
28 1 U 25
29 0 U 26
30 0 U 28
31 0 U 30
32 1 U 27
33 0 L -1
34
0 0 U -1
1 1 U 0
2 0 U -1
3 1 L 1
4 0 U 2
5 0 L -1
6 1 L 3
7 0 L 5
8 1 U -1
9 0 U 8
10 1 U 9
11 1 L -1
12 1 U 6
13 0 U 10
14 1 U 13
15 0 L -1
16 0 L 15
17 0 U 14
18 1 L -1
19 1 L 18
20 1 L 19
21 1 U 17
22 1 L -1
23 0 L 22
24 0 U 21
25 1 U 9
26 0 U -1
27 0 U 17
28 1 U 25
29 0 U 26
30 0 U 28
31 0 U 30
32 1 U 27
33 0 L -1
34
0 0 U -1
1 1 U 0
2 0 U -1
3 1 L 1
4 0 U 2
5 0 L -1
6 1 L 3
7 0 L 5
8 1 U -1
9 0 U 8
10 1 U 9
11 1 L -1
12 1 U 6
13 0 U 10
14 1 U 13
15 0 L -1
16 0 L 15
17 0 U 14
18 1 L -1
19 1 L 18
20 1 L 19
21 1 U 17
22 1 L -1
23 0 L 22
24 0 U 21
25 1 U 9
26 0 U -1
27 0 U 17
28 1 U 25
29 0 U 26
30 0 U 28
31 0 U 30
32 1 U 27
33 0 L -1
34
0 0 U -1
1 1 U 0
2 0 U -1
3 1 L 1
4 0 U 2
5 0 L -1
6 1 L 3
7 0 L 5
8 1 U -1
9 0 U 8
10 1 U 9
11 1 L -1
12 1 U 6
13 0 U 10
14 1 U 13
15 0 L -1
16 0 L 15
17 0 U 14
18 1 L -1
19 1 L 18
20 1 L 19
21 1 U 17
22 1 L -1
23 0 L 22
24 0 U 21
25 1 U 9
26 0 U -1
27 0 U 17
28 1 U 25
29 0 U 26
30 0 U 28
31 0 U 30
32 1 U 27
33 0 L -1
34
0 0 U -1
1 1 U 0
2 0 U -1
3 1 L 1
4 0 U 2
5 0 L -1
6 1 L 3
7 0 L 5
8 1 U -1
9 0 U 8
10 1 U 9
11 1 L -1
12 1 U 6
13 0 U 10
14 1 U 13
15 0 L -1
16 0 L 15
17 0 U 14
18 1 L -1
19 1 L 18
20 1 L 19
21 1 U 17
22 1 L -1
23 0 L 22
24 0 U 21
25 1 U 9
26 0 U -1
27 0 U 17
28 1 U 25
29 0 U 26
30 0 U 28
31 0 U 30
32 1 U 27
33 0 L -1
34
0 0 U -1
1 1 U 0
2 0 U -1
3 1 L 1
4 0 U 2
5 0 L -1
6 1 L 3
7 0 L 5
8 1 U -1
9 0 U 8
10 1 U 9
11 1 L -1
12 1 U 6
13 0 U 10
14 1 U 13
15 0 L -1
16 0 L 15
17 0 U 14
18 1 L -1
19 1 L 18
20 1 L 19
21 1 U 17
22 1 L -1
23 0 L 22
24 0 U 21
25 1 U 9
26 0 U -1
27 0 U 17
28 1 U 25
29 0 U 26
30 0 U 28
31 0 U 30
32 1 U 27
33 0 L -1
34
0 0 U -1
1 1 U 0
2 0 U -1
3 1 L 1
4 0 U 2
5 0 L -1
6 1 L 3
7 0 L 5
8 1 U -1
9 0 U 8
10 1 U 9
11 1 L -1
12 1 U 6
13 0 U 10
14 1 U 13
15 0 L -1
16 0 L 15
17 0 U 14
18 1 L -1
19 1 L 18
20 1 L 19
21 1 U 17
22 1 L -1
23 0 L 22
24 0 U 21
25 1 U 9
26 0 U -1
27 0 U 17
28 1 U 25
29 0 U 26
30 0 U 28
31 0 U 30
32 1 U 27
33 0 L -1
34
0 0 U -1
1 1 U 0
2 0 U -1
3 1 L 1
4 0 U 2
5 0 L -1
6 1 L 3
7 0 L 5
8 1 U -1
9 0 U 8
10 1 U 9
11 1 L -1
12 1 U 6
13 0 U 10
14 1 U 13
15 0 L -1
16 0 L 15
17 0 U 14
18 1 L -1
19 1 L 18
20 1 L 19
21 1 U 17
22 1 L -1
23 0 L 22
24 0 U 21
25 1 U 9
26 0 U -1
27 0 U 17
28 1 U 25
29 0 U 26
30 0 U 28
31 0 U 30
32 1 U 27
33 0 L -1
34
0 0 U -1
1 1 U 0
2 0 U -1
3 1 L 1
4 0 U 2
5 0 L -1
6 1 L 3
7 0 L 5
8 1 U -1
9 0 U 8
10 1 U 9
11 1 L -1
12 1 U 6
13 0 U 10
14 1 U 13
15 0 L -1
16 0 L 15
17 0 U 14
18 1 L -1
19 1 L 18
20 1 L 19
21 1 U 17
22 1 L -1
23 0 L 22
24 0 U 21
25 1 U 9
26 0 U -1
27 0 U 17
28 1 U 25
29 0 U 26
30 0 U 28
31 0 U 30
32 1 U 27
33 0 L -1
34
0 0 U -1
1 1 U 0
2 0 U -1
3 1 L 1
4 0 U 2
5 0 L -1
6 1 L 3
7 0 L 5
8 1 U -1
9 0 U 8
10 1 U 9
11 1 L -1
12 1 U 6
13 0 U 10
14 1 U 13
15 0 L -1
16 0 L 15
17 0 U 14
18 1 L -1
19 1 L 18
20 1 L 19
21 1 U 17
22 1 L -1
23 0 L 22
24 0 U 21
25 1 U 9
26 0 U -1
27 0 U 17
28 1 U 25
29 0 U 26
30 0 U 28
31 0 U 30
32 1 U 27
33 0 L -1
34
0 0 U -1
1 1 U 0
2 0 U -1
3 1 L 1
4 0 U 2
5 0 L -1
6 1 L 3
7 0 L 5
8 1 U -1
9 0 U 8
10 1 U 9
11 1 L -1
12 1 U 6
13 0 U 10
14 1 U 13
15 0 L -1
16 0 L 15
17 0 U 14
18 1 L -1
19 1 L 18
20 1 L 19
21 1 U 17
22 1 L -1
23 0 L 22
24 0 U 21
25 1 U 9
26 0 U -1
27 0 U 17
28 1 U 25
29 0 U 26
30 0 U 28
31 0 U 30
32 1 U 27
33 0 L -1
34
0 0 U -1
1 1 U 0
2 0 U -1
3 1 L 1
4 0 U 2
5 0 L -1
6 1 L 3
7 0 L 5
8 1 U -1
9 0 U 8
10 1 U 9
11 1 L -1
12 1 U 6
13 0 U 10
14 1 U 13
15 0 L -1
16 0 L 15
17 0 U 14
18 1 L -1
19 1 L 18
20 1 L 19
21 1 U 17
22 1 L -1
23 0 L 22
24 0 U 21
25 1 U 9
26 0 U -1
27 0 U 17
28 1 U 25
29 0 U 26
30 0 U 28
31 0 U 30
32 1 U 27
33 0 L -1
34
0 0 U -1
1 1 U 0
2 0 U -1
3 1 L 1
4 0 U 2
5 0 L -1
6 1 L 3
7 0 L 5
8 1 U -1
9 0 U 8
10 1 U 9
11 1 L -1
12 1 U 6
13 0 U 10
14 1 U 13
15 0 L -1
16 0 L 15
17 0 U 14
18 1 L -1
19 1 L 18
20 1 L 19
21 1 U 17
22 1 L -1
23 0 L 22
24 0 U 21
25 1 U 9
26 0 U -1
27 0 U 17
28 1 U 25
29 0 U 26
30 0 U 28
31 0 U 30
32 1 U 27
33 0 L -1
