475 279 509 343
475 923 509 1000
697 0 733 117
733 0 770 128
697 844 733 1000
475 343 509 556
475 0 509 279
159 0 262 104
770 703 808 1000
356 822 420 1000
475 556 509 923
262 850 356 1000
963 0 1000 488
808 502 845 1000
808 0 845 502
963 488 1000 1000
697 117 733 844
770 0 808 703
733 128 770 1000
887 0 924 1000
924 0 963 1000
845 0 887 1000
0 0 159 278
356 0 420 822
643 0 697 1000
420 0 475 1000
587 0 643 1000
509 0 587 1000
262 0 356 850
159 104 262 1000
0 278 159 1000
475 279 509 343
475 923 509 1000
697 0 733 117
733 0 770 128
697 844 733 1000
475 343 509 556
475 0 509 279
159 0 262 104
770 703 808 1000
475 556 509 923
262 850 356 1000
587 0 643 309
963 0 1000 488
808 502 845 1000
808 0 845 502
643 656 697 1000
963 488 1000 1000
697 117 733 844
770 0 808 703
733 128 770 1000
643 0 697 656
887 0 924 1000
587 309 643 1000
924 0 963 1000
845 0 887 1000
420 0 475 1000
356 0 420 1000
509 0 587 1000
262 0 356 850
159 104 262 1000
0 0 159 1000
697 0 733 117
733 0 770 128
697 844 733 1000
475 343 509 556
808 502 845 733
475 0 509 279
808 733 845 1000
159 0 262 104
770 703 808 1000
697 117 733 433
475 556 509 923
262 850 356 1000
697 433 733 844
587 0 643 309
963 0 1000 488
808 0 845 502
643 656 697 1000
963 488 1000 1000
770 0 808 703
733 128 770 1000
643 0 697 656
887 0 924 1000
587 309 643 1000
924 0 963 1000
845 0 887 1000
420 0 475 1000
356 0 420 1000
509 0 587 1000
262 0 356 850
159 104 262 1000
0 0 159 1000
733 0 770 128
697 844 733 1000
808 733 845 1000
159 0 262 104
770 703 808 1000
475 0 509 343
697 433 733 844
697 0 733 433
587 0 643 309
643 656 697 1000
262 0 356 206
475 343 509 1000
770 0 808 703
808 0 845 733
733 128 770 1000
0 469 159 673
509 0 587 451
643 0 697 656
887 0 924 1000
963 0 1000 1000
587 309 643 1000
924 0 963 1000
159 596 262 1000
845 0 887 1000
509 451 587 1000
159 104 262 596
0 673 159 1000
420 0 475 1000
356 0 420 1000
0 0 159 469
262 206 356 1000
475 136 509 181
475 0 509 136
733 0 770 128
475 181 509 343
697 844 733 1000
845 778 887 1000
808 733 845 1000
159 0 262 104
770 703 808 1000
697 433 733 844
697 0 733 433
643 656 697 1000
262 0 356 206
475 343 509 1000
770 0 808 703
808 0 845 733
733 128 770 1000
845 0 887 778
509 0 587 451
643 0 697 656
887 0 924 1000
963 0 1000 1000
924 0 963 1000
509 451 587 1000
0 673 159 1000
420 0 475 1000
587 0 643 1000
356 0 420 1000
262 206 356 1000
159 104 262 1000
0 0 159 673
475 227 509 343
475 0 509 136
733 0 770 128
697 844 733 1000
845 778 887 1000
808 733 845 1000
770 703 808 1000
509 0 587 162
697 433 733 844
697 0 733 433
963 0 1000 483
887 0 924 496
643 656 697 1000
887 496 924 1000
963 483 1000 1000
475 343 509 1000
509 162 587 451
770 0 808 703
808 0 845 733
733 128 770 1000
845 0 887 778
643 0 697 656
924 0 963 1000
509 451 587 1000
262 530 356 1000
262 0 356 530
420 0 475 1000
587 0 643 1000
356 0 420 1000
159 0 262 1000
0 0 159 1000
475 181 509 227
475 0 509 136
733 0 770 128
845 778 887 1000
808 733 845 1000
770 703 808 1000
509 0 587 162
697 0 733 433
963 0 1000 483
887 0 924 496
643 656 697 1000
887 496 924 1000
963 483 1000 1000
697 433 733 1000
509 162 587 451
475 227 509 1000
770 0 808 703
808 0 845 733
733 128 770 1000
845 0 887 778
643 0 697 656
924 0 963 1000
509 451 587 1000
262 530 356 1000
262 0 356 530
420 0 475 1000
587 0 643 1000
356 0 420 1000
0 549 159 1000
0 0 159 549
159 0 262 1000
475 136 509 181
475 181 509 227
475 0 509 136
733 0 770 128
643 843 697 1000
845 778 887 1000
808 733 845 1000
643 656 697 843
770 703 808 1000
509 0 587 162
697 0 733 433
0 0 159 104
963 0 1000 483
887 0 924 496
887 496 924 1000
963 483 1000 1000
697 433 733 1000
475 227 509 1000
770 0 808 703
808 0 845 733
733 128 770 1000
845 0 887 778
643 0 697 656
924 0 963 1000
420 0 475 1000
587 0 643 1000
356 0 420 1000
509 162 587 1000
262 0 356 1000
159 0 262 1000
0 104 159 1000
475 136 509 181
475 181 509 227
475 0 509 136
643 843 697 1000
845 778 887 1000
808 733 845 1000
770 703 808 1000
509 0 587 162
697 0 733 433
0 0 159 104
963 0 1000 483
887 0 924 496
887 496 924 1000
963 483 1000 1000
509 747 587 1000
697 433 733 1000
475 227 509 1000
770 0 808 703
808 0 845 733
845 0 887 778
733 0 770 1000
924 0 963 1000
643 0 697 843
509 162 587 747
420 0 475 1000
587 0 643 1000
356 0 420 1000
0 104 159 545
0 545 159 1000
262 0 356 1000
159 0 262 1000
475 136 509 181
475 181 509 227
475 0 509 136
697 433 733 660
643 843 697 1000
845 778 887 1000
808 733 845 1000
770 703 808 1000
697 660 733 1000
509 0 587 162
697 0 733 433
0 0 159 104
887 0 924 496
887 496 924 1000
509 747 587 1000
475 227 509 1000
770 0 808 703
808 0 845 733
845 0 887 778
733 0 770 1000
963 0 1000 1000
924 0 963 1000
643 0 697 843
509 162 587 747
420 0 475 1000
587 0 643 1000
356 0 420 1000
0 104 159 545
0 545 159 1000
262 0 356 1000
159 0 262 1000
475 181 509 227
475 0 509 181
697 433 733 660
845 778 887 1000
808 733 845 1000
770 703 808 1000
475 227 509 571
697 660 733 1000
509 0 587 162
475 571 509 1000
697 0 733 433
0 0 159 104
887 0 924 496
887 496 924 1000
509 747 587 1000
770 0 808 703
808 0 845 733
845 0 887 778
262 0 356 350
733 0 770 1000
963 0 1000 1000
924 0 963 1000
509 162 587 747
643 0 697 1000
420 0 475 1000
587 0 643 1000
262 350 356 1000
356 0 420 1000
0 104 159 545
0 545 159 1000
159 0 262 1000
475 734 509 771
475 181 509 227
475 771 509 843
475 0 509 74
475 74 509 181
475 581 509 734
475 843 509 1000
697 433 733 660
808 733 845 1000
770 703 808 1000
475 227 509 571
697 660 733 1000
697 0 733 433
733 555 770 1000
0 0 159 104
887 0 924 496
887 496 924 1000
733 0 770 555
770 0 808 703
808 0 845 733
963 0 1000 1000
924 0 963 1000
845 0 887 1000
643 0 697 1000
420 0 475 1000
587 0 643 1000
356 0 420 1000
509 0 587 1000
262 0 356 1000
159 0 262 1000
0 104 159 1000
