0 18 9
1 18 10
1 18 11
1 18 12
1 18 13
1 18 14
1 18 15
1 18 16
1 18 17
1 18 18
1 18 19
1 18 20
1 18 21
1 18 22
1 18 23
1 18 24
1 18 25
1 18 26
1 18 27
1 18 28
1 18 29
3 18 30
2 19 30
2 20 30
2 21 30
2 22 30
5 23 30
1 23 31
1 23 32
0 23 33
2 19 9
2 20 9
2 21 9
2 22 9
4 23 9
6 23 8
2 24 8
2 25 8
2 26 8
2 27 8
2 28 8
2 29 8
2 30 8
2 31 8
2 32 8
2 33 8
2 34 8
2 35 8
2 36 8
2 37 8
2 38 8
2 39 8
2 40 8
-1
-1
-1
-1
-1
-1
-1
-1
-1
-1
-1
-1
-1
-1
-1
-1
-1
0 41 8
2 17 9
6 16 9
1 16 10
4 16 11
2 15 11
2 14 11
2 13 11
2 12 11
2 11 11
6 10 11
1 10 12
1 10 13
1 10 14
1 10 15
-1
-1
-1
-1
-1
-1
-1
0 10 16
2 24 33
2 25 33
5 26 33
1 26 34
3 26 35
5 27 35
3 27 36
2 28 36
-1
-1
-1
-1
0 29 36
1 41 7
1 41 6
6 41 5
4 42 5
1 42 4
1 42 3
1 42 2
-1
0 42 1
1 29 37
4 29 38
2 28 38
2 27 38
6 26 38
-1
0 26 39
2 30 36
2 31 36
2 32 36
2 33 36
0 34 36
3 9 16
5 9 15
2 8 15
2 7 15
3 6 15
1 6 14
0 6 13
1 6 12
1 6 11
1 6 10
1 6 9
5 6 8
0 5 8
0 10 11
0 32 36
1 34 35
1 34 34
0 34 33
2 4 8
2 3 8
2 2 8
0 1 8
0 26 33
2 41 1
2 40 1
0 39 1
1 34 37
1 34 38
0 34 39
2 33 39
2 32 39
0 31 39
0 36 8
0 33 8
1 39 2
4 39 3
0 38 3
0 13 11
1 26 40
1 26 41
0 26 42
1 1 9
1 1 10
0 1 11
0 42 4
0 40 8
4 26 43
2 25 43
6 24 43
4 24 44
2 23 44
0 22 44
6 5 7
2 6 7
0 7 7
0 23 9
2 42 8
2 43 8
0 44 8
5 34 32
2 33 32
2 32 32
2 31 32
0 30 32
0 29 8
0 36 7
1 33 9
0 33 10
0 6 15
1 6 16
0 6 17
0 23 30
1 1 12
1 1 13
3 1 14
0 2 14
0 37 3
1 23 29
6 23 28
0 24 28
4 11 16
6 11 15
0 12 15
0 16 9
4 31 40
0 30 40
1 30 31
1 30 30
0 30 29
1 30 28
1 30 27
1 30 26
6 30 25
0 31 25
1 40 9
1 40 10
4 40 11
0 39 11
1 6 18
3 6 19
0 7 19
1 23 34
1 23 35
0 23 36
1 34 40
1 34 41
0 34 42
2 2 11
0 3 11
0 18 30
3 29 29
5 29 28
0 28 28
2 35 39
2 36 39
2 37 39
0 38 39
2 39 39
2 40 39
0 41 39
2 22 36
6 21 36
4 21 37
2 20 37
0 19 37
2 18 37
2 17 37
2 16 37
2 15 37
0 14 37
1 7 6
1 7 5
0 7 4
2 13 37
0 12 37
0 12 38
1 19 38
1 19 39
1 19 40
0 19 41
0 2 15
1 7 20
3 7 21
0 8 21
1 8 22
0 8 23
2 43 1
2 44 1
0 45 1
0 16 11
1 44 9
3 44 10
0 45 10
2 36 3
2 35 3
0 34 3
1 41 38
1 41 37
1 41 36
0 41 35
0 26 38
2 33 3
0 32 3
0 35 33
2 42 39
2 43 39
0 44 39
2 8 4
0 9 4
2 10 4
2 11 4
0 12 4
1 10 17
0 10 18
5 12 36
3 11 36
1 11 35
0 11 34
2 31 3
2 30 3
0 29 3
0 18 24
0 18 27
1 33 11
1 33 12
0 33 13
2 34 13
2 35 13
0 36 13
0 32 13
0 21 30
1 45 2
3 45 3
2 46 3
2 47 3
0 48 3
1 22 45
1 22 46
0 22 47
2 13 4
0 14 4
1 12 39
3 12 40
0 13 40
2 46 10
0 47 10
1 48 4
0 48 5
1 13 41
1 13 42
0 13 43
2 28 3
2 27 3
3 26 3
0 26 2
4 13 44
2 12 44
0 11 44
2 47 5
0 46 5
2 25 2
0 24 2
0 25 2
1 34 43
0 34 44
1 41 34
1 41 33
1 41 32
0 41 31
0 22 48
4 34 45
2 33 45
0 32 45
0 31 45
2 9 23
2 10 23
2 11 23
0 12 23
1 26 32
0 26 31
1 29 2
0 29 1
1 2 16
1 2 17
1 2 18
1 2 19
0 2 20
1 10 10
1 10 9
0 10 8
2 32 25
0 33 25
1 45 11
0 45 12
2 40 31
0 39 31
2 31 13
0 30 13
1 24 27
0 24 26
5 3 20
1 3 21
0 3 22
0 6 12
1 24 25
1 24 24
0 24 23
2 29 13
2 28 13
0 27 13
0 30 41
0 20 41
2 17 30
2 16 30
0 15 30
1 34 2
0 34 1
0 12 24
2 13 15
0 14 15
4 45 13
2 44 13
0 43 13
2 23 2
0 22 2
2 15 4
0 16 4
1 1 7
1 1 6
0 1 5
1 39 30
1 39 29
1 39 28
1 39 27
0 39 26
1 29 4
0 29 5
3 18 41
5 18 40
0 17 40
0 2 18
1 17 41
1 17 42
1 17 43
0 17 44
2 35 42
0 36 42
0 15 15
0 7 23
2 21 2
2 20 2
0 19 2
0 24 43
1 27 14
0 27 15
1 27 16
0 27 17
0 27 18
2 45 39
0 46 39
0 27 19
1 19 36
1 19 35
5 19 34
2 18 34
0 17 34
0 38 26
1 27 12
0 27 11
0 16 15
1 14 16
1 14 17
1 14 18
0 14 19
1 46 38
1 46 37
0 46 36
1 9 3
1 9 2
0 9 1
1 35 32
1 35 31
1 35 30
0 35 29
1 11 33
0 11 32
2 10 32
2 9 32
2 8 32
0 7 32
2 6 32
2 5 32
0 4 32
1 4 33
0 4 34
4 11 45
2 10 45
0 9 45
2 35 36
0 36 36
0 16 34
0 14 30
1 23 10
4 23 11
0 22 11
1 22 12
0 22 13
0 2 16
1 44 40
1 44 41
0 44 42
0 29 6
0 25 23
0 22 36
0 29 0
0 31 24
1 7 24
4 7 25
0 6 25
0 3 23
1 38 25
1 38 24
5 38 23
0 37 23
1 22 3
1 22 4
1 22 5
0 22 6
0 37 22
0 44 43
0 17 45
0 36 29
0 10 13
2 15 19
0 16 19
1 16 20
0 16 21
1 9 46
1 9 47
0 9 48
1 46 35
0 46 34
4 12 25
0 11 25
0 47 39
1 11 26
0 11 27
2 11 37
2 10 37
0 9 37
2 3 34
0 2 34
5 42 31
3 42 32
0 43 32
1 9 38
1 9 39
0 9 40
1 22 14
0 22 15
2 8 40
0 7 40
4 43 14
2 42 14
0 41 14
0 34 0
0 12 27
1 37 21
1 37 20
0 37 19
1 2 35
1 2 36
1 2 37
0 2 38
1 22 16
1 22 17
0 22 18
2 21 13
2 20 13
0 19 13
0 25 39
0 6 10
0 30 24
0 29 24
0 2 39
0 2 40
0 19 1
2 2 5
0 3 5
1 3 4
1 3 3
0 3 2
2 21 18
0 20 18
0 27 35
0 21 6
5 27 42
1 27 43
0 27 44
0 30 8
1 43 31
1 43 30
0 43 29
0 23 26
0 42 5
0 17 46
0 19 3
2 28 19
0 29 19
2 44 29
0 45 29
1 43 28
1 43 27
1 43 26
1 43 25
6 43 24
0 44 24
2 8 45
2 7 45
2 6 45
2 5 45
0 4 45
0 19 9
2 36 22
0 35 22
1 4 46
1 4 47
0 4 48
0 33 26
3 17 47
0 18 47
1 4 44
6 4 43
0 5 43
2 14 40
0 15 40
1 14 3
6 14 2
4 15 2
1 15 1
0 15 0
2 23 47
2 24 47
2 25 47
0 26 47
1 36 14
3 36 15
0 37 15
0 32 32
0 36 9
6 20 40
0 21 40
1 4 31
1 4 30
6 4 29
0 5 29
2 19 24
4 20 24
0 20 23
6 9 13
0 9 14
4 44 44
2 43 44
2 42 44
6 41 44
0 41 45
2 45 43
2 46 43
5 47 43
0 47 44
4 41 46
2 40 46
0 39 46
1 33 14
1 33 15
0 33 16
0 48 10
5 14 43
1 14 44
4 14 45
0 13 45
5 46 12
1 46 13
4 46 14
0 45 14
1 47 45
4 47 46
2 46 46
0 45 46
1 45 15
0 45 16
4 38 22
0 38 21
1 16 8
5 16 7
0 15 7
0 23 6
-1
-1
-1
-1
-1
-1
-1
-1
-1
-1
-1
-1
-1
-1
-1
-1
-1
-1
-1
-1
-1
-1
-1
-1
-1
-1
-1
-1
-1
-1
-1
-1
-1
-1
-1
-1
-1
-1
-1
-1
-1
-1
-1
-1
-1
-1
-1
-1
-1
-1
-1
-1
-1
-1
-1
-1
-1
-1
-1
-1
-1
-1
-1
-1
-1
-1
-1
-1
-1
-1
-1
-1
-1
-1
-1
-1
-1
-1
-1
-1
-1
-1
-1
-1
-1
-1
-1
-1
-1
-1
-1
-1
-1
-1
-1
-1
-1
-1
-1
-1
-1
-1
-1
-1
-1
-1
-1
-1
-1
-1
-1
-1
-1
-1
-1
-1
