0 2 23
6 2 22
2 3 22
2 4 22
4 5 22
1 5 21
1 5 20
1 5 19
1 5 18
1 5 17
6 5 16
2 6 16
2 7 16
2 8 16
0 9 16
2 10 16
4 11 16
-1
-1
1 11 15
-1
-1
1 11 14
-1
-1
-1
1 11 13
-1
-1
6 11 12
-1
-1
2 12 12
-1
-1
-1
2 13 12
-1
-1
2 14 12
-1
-1
2 15 12
-1
-1
-1
4 16 12
-1
-1
1 16 11
-1
-1
1 16 10
-1
-1
-1
1 16 9
-1
-1
1 16 8
-1
-1
1 16 7
-1
-1
-1
6 16 6
-1
-1
2 17 6
-1
-1
2 18 6
-1
-1
-1
2 19 6
-1
-1
2 20 6
-1
-1
2 21 6
-1
-1
-1
2 22 6
-1
-1
2 23 6
-1
-1
2 24 6
-1
-1
-1
2 25 6
-1
-1
2 26 6
-1
-1
2 27 6
-1
-1
-1
2 28 6
-1
-1
4 29 6
-1
-1
1 29 5
-1
-1
-1
1 29 4
-1
-1
1 29 3
-1
-1
6 29 2
-1
-1
-1
2 30 2
-1
-1
2 31 2
-1
-1
2 32 2
-1
-1
-1
2 33 2
-1
-1
2 34 2
-1
-1
2 35 2
-1
-1
-1
2 36 2
-1
-1
2 37 2
-1
-1
-1
-1
-1
-1
-1
-1
-1
-1
-1
-1
-1
-1
-1
-1
-1
-1
-1
-1
-1
-1
-1
-1
-1
-1
-1
-1
-1
-1
-1
-1
-1
-1
-1
-1
-1
-1
-1
-1
-1
-1
-1
-1
-1
-1
-1
-1
-1
-1
-1
-1
-1
-1
-1
-1
-1
-1
-1
-1
-1
-1
-1
-1
-1
-1
-1
-1
-1
-1
-1
-1
-1
-1
-1
-1
-1
-1
-1
-1
-1
-1
-1
-1
-1
-1
-1
-1
-1
-1
-1
-1
-1
-1
-1
-1
-1
-1
-1
-1
-1
-1
-1
-1
-1
-1
-1
-1
-1
-1
-1
-1
-1
-1
-1
-1
-1
-1
-1
-1
-1
-1
-1
-1
-1
-1
-1
-1
-1
-1
-1
-1
-1
-1
-1
-1
-1
-1
-1
-1
-1
-1
-1
-1
-1
-1
-1
-1
-1
-1
-1
-1
-1
-1
-1
-1
-1
-1
-1
-1
-1
-1
-1
-1
-1
-1
0 38 2
1 38 3
1 38 4
1 38 5
3 38 6
5 39 6
1 39 7
1 39 8
1 39 9
1 39 10
1 39 11
1 39 12
1 39 13
1 39 14
1 39 15
1 39 16
1 39 17
1 39 18
1 39 19
1 39 20
1 39 21
1 39 22
1 39 23
1 39 24
1 39 25
3 39 26
2 40 26
2 41 26
2 42 26
5 43 26
1 43 27
1 43 28
1 43 29
-1
-1
-1
-1
-1
-1
-1
-1
-1
-1
-1
-1
-1
-1
-1
-1
-1
-1
-1
-1
-1
-1
-1
-1
-1
-1
-1
-1
-1
-1
-1
-1
-1
-1
-1
-1
0 43 30
-1
-1
-1
-1
-1
-1
-1
-1
-1
-1
-1
-1
-1
-1
-1
-1
-1
-1
-1
-1
-1
-1
-1
-1
-1
-1
-1
-1
-1
0 16 12
1 43 31
1 43 32
1 43 33
1 43 34
1 43 35
1 43 36
4 43 37
2 42 37
2 41 37
2 40 37
2 39 37
2 38 37
2 37 37
2 36 37
2 35 37
6 34 37
1 34 38
1 34 39
-1
-1
-1
-1
0 34 40
1 9 15
1 9 14
1 9 13
5 9 12
2 8 12
2 7 12
2 6 12
2 5 12
2 4 12
2 3 12
2 2 12
3 1 12
1 1 11
1 1 10
1 1 9
1 1 8
1 1 7
1 1 6
1 1 5
0 1 4
3 34 41
2 35 41
2 36 41
2 37 41
2 38 41
2 39 41
2 40 41
2 41 41
2 42 41
2 43 41
2 44 41
2 45 41
0 46 41
-1
-1
-1
-1
-1
-1
0 43 26
1 2 24
1 2 25
1 2 26
1 2 27
1 2 28
1 2 29
1 2 30
0 2 31
1 2 32
1 2 33
3 2 34
2 3 34
5 4 34
3 4 35
2 5 35
2 6 35
0 7 35
2 39 2
2 40 2
4 41 2
6 41 1
0 42 1
1 16 13
1 16 14
1 16 15
1 16 16
1 16 17
1 16 18
3 16 19
2 17 19
0 18 19
0 5 22
5 44 30
1 44 31
3 44 32
2 45 32
2 46 32
2 47 32
0 48 32
0 6 12
1 43 25
1 43 24
6 43 23
2 44 23
0 45 23
2 44 26
2 45 26
2 46 26
2 47 26
0 48 26
0 29 6
-1
0 39 41
1 18 20
1 18 21
1 18 22
1 18 23
4 18 24
2 17 24
0 16 24
0 5 19
0 1 12
1 18 18
1 18 17
6 18 16
0 19 16
0 39 37
1 45 22
1 45 21
1 45 20
1 45 19
0 45 18
0 32 2
0 39 23
0 34 37
1 1 3
6 1 2
2 2 2
0 3 2
0 44 18
0 39 6
1 46 42
1 46 43
0 46 44
0 6 22
1 46 45
1 46 46
4 46 47
2 45 47
0 44 47
0 35 41
0 41 41
0 2 30
4 3 30
0 3 29
0 17 19
0 11 16
0 43 34
0 9 12
2 33 37
2 32 37
0 31 37
0 41 2
1 6 13
0 6 14
1 7 36
1 7 37
4 7 38
0 6 38
1 45 17
1 45 16
6 45 15
0 46 15
3 6 39
2 7 39
2 8 39
2 9 39
0 10 39
3 10 40
2 11 40
0 12 40
5 38 1
2 37 1
0 36 1
1 16 25
1 16 26
1 16 27
4 16 28
0 15 28
1 15 29
1 15 30
0 15 31
3 38 23
5 38 22
2 37 22
2 36 22
2 35 22
0 34 22
0 4 34
1 12 39
1 12 38
0 12 37
3 42 30
1 42 29
5 42 28
2 41 28
2 40 28
2 39 28
2 38 28
0 37 28
4 46 23
1 46 22
6 46 21
2 47 21
2 48 21
0 49 21
1 3 28
1 3 27
0 3 26
1 31 38
4 31 39
2 30 39
2 29 39
2 28 39
0 27 39
1 27 38
1 27 37
1 27 36
1 27 35
0 27 34
1 27 33
1 27 32
0 27 31
2 26 31
2 25 31
2 24 31
0 23 31
1 9 11
1 9 10
1 9 9
1 9 8
1 9 7
1 9 6
6 9 5
0 10 5
1 11 17
1 11 18
1 11 19
0 11 20
3 4 19
5 4 18
2 3 18
2 2 18
2 1 18
0 0 18
0 37 37
2 14 28
2 13 28
0 12 28
1 12 41
1 12 42
1 12 43
3 12 44
2 13 44
2 14 44
2 15 44
0 16 44
4 44 48
2 43 48
2 42 48
2 41 48
2 40 48
2 39 48
2 38 48
0 37 48
1 27 30
1 27 29
1 27 28
1 27 27
6 27 26
0 28 26
1 44 17
5 44 16
2 43 16
2 42 16
2 41 16
0 40 16
-1
-1
-1
-1
-1
-1
-1
-1
-1
-1
-1
-1
-1
-1
-1
-1
-1
-1
-1
-1
-1
-1
-1
-1
-1
-1
-1
-1
-1
-1
-1
-1
-1
-1
-1
-1
-1
-1
-1
-1
-1
-1
-1
-1
-1
-1
-1
-1
-1
-1
-1
-1
-1
-1
-1
-1
-1
-1
-1
-1
-1
-1
-1
-1
-1
-1
-1
-1
-1
-1
-1
-1
-1
-1
-1
-1
-1
-1
-1
-1
-1
-1
-1
-1
-1
-1
-1
-1
-1
-1
-1
-1
-1
-1
