0 17 34
1 17 33
5 17 32
2 16 32
2 15 32
2 14 32
2 13 32
2 12 32
2 11 32
2 10 32
2 9 32
2 8 32
3 7 32
1 7 31
1 7 30
1 7 29
5 7 28
0 6 28
1 17 35
1 17 36
1 17 37
-1
-1
-1
-1
-1
-1
-1
-1
-1
-1
-1
-1
-1
-1
-1
-1
-1
-1
-1
-1
-1
-1
-1
-1
-1
-1
-1
-1
-1
-1
-1
-1
-1
-1
-1
-1
-1
-1
-1
-1
-1
-1
-1
-1
-1
-1
-1
-1
-1
0 17 38
1 6 27
6 6 26
2 7 26
2 8 26
2 9 26
-1
-1
-1
-1
-1
-1
-1
-1
-1
-1
-1
-1
-1
-1
-1
-1
-1
-1
-1
-1
-1
-1
-1
-1
-1
-1
-1
0 10 26
3 5 28
1 5 27
1 5 26
1 5 25
1 5 24
1 5 23
1 5 22
1 5 21
5 5 20
3 4 20
1 4 19
-1
-1
-1
-1
-1
-1
0 4 18
2 18 34
2 19 34
2 20 34
2 21 34
2 22 34
2 23 34
2 24 34
2 25 34
2 26 34
4 27 34
1 27 33
1 27 32
1 27 31
1 27 30
6 27 29
2 28 29
0 29 29
1 29 28
1 29 27
1 29 26
1 29 25
1 29 24
1 29 23
1 29 22
0 29 21
2 30 21
5 31 21
3 31 22
2 32 22
2 33 22
2 34 22
2 35 22
2 36 22
0 37 22
3 16 38
5 16 37
2 15 37
0 14 37
6 3 18
4 3 19
6 2 19
1 2 20
1 2 21
0 2 22
1 29 20
1 29 19
1 29 18
5 29 17
2 28 17
0 27 17
0 11 32
2 28 21
2 27 21
0 26 21
2 5 18
2 6 18
2 7 18
0 8 18
6 37 21
2 38 21
2 39 21
0 40 21
3 29 30
2 30 30
2 31 30
0 32 30
0 5 22
1 8 19
3 8 20
2 9 20
0 10 20
0 14 32
0 40 20
0 2 19
1 32 31
1 32 32
0 32 33
0 31 21
4 14 38
2 13 38
2 12 38
2 11 38
0 10 38
0 6 26
0 29 26
0 27 32
0 7 32
0 19 34
2 33 33
5 34 33
0 34 34
0 35 22
2 11 20
2 12 20
0 13 20
0 27 34
0 35 23
5 27 16
2 26 16
2 25 16
0 24 16
1 13 21
0 13 22
1 7 33
3 7 34
0 8 34
1 24 15
1 24 14
1 24 13
0 24 12
2 25 12
2 26 12
0 27 12
4 6 29
2 5 29
2 4 29
0 3 29
1 13 19
1 13 18
5 13 17
0 12 17
1 12 16
1 12 15
0 12 14
1 11 31
5 11 30
0 10 30
1 17 39
1 17 40
4 17 41
2 16 41
0 15 41
1 27 13
0 27 14
2 28 14
2 29 14
2 30 14
0 31 14
2 32 14
2 33 14
0 34 14
1 3 30
0 3 31
1 12 13
1 12 12
1 12 11
1 12 10
1 12 9
1 12 8
0 12 7
2 11 7
0 10 7
0 29 24
0 24 34
1 14 31
0 14 30
2 18 38
2 19 38
2 20 38
0 21 38
0 7 18
0 13 23
2 23 12
2 22 12
0 21 12
2 9 38
2 8 38
0 7 38
0 41 21
1 2 18
1 2 17
0 2 16
1 26 22
4 26 23
6 25 23
4 25 24
0 24 24
2 23 24
2 22 24
0 21 24
0 12 6
1 27 11
1 27 10
1 27 9
0 27 8
2 20 12
2 19 12
0 18 12
2 33 30
2 34 30
2 35 30
0 36 30
1 21 11
0 21 10
2 6 38
2 5 38
0 4 38
1 21 25
1 21 26
1 21 27
0 21 28
2 28 8
2 29 8
0 30 8
1 18 13
0 18 14
1 34 35
1 34 36
4 34 37
0 33 37
2 1 22
0 0 22
2 14 20
2 15 20
0 16 20
0 20 24
2 14 41
2 13 41
0 12 41
0 12 10
0 21 37
1 3 28
1 3 27
0 3 26
0 17 35
0 10 25
1 4 39
0 4 40
0 33 38
2 15 30
0 16 30
0 31 8
1 21 29
1 21 30
0 21 31
1 21 9
1 21 8
1 21 7
0 21 6
1 16 19
1 16 18
0 16 17
1 14 29
1 14 28
0 14 27
1 11 33
0 11 34
2 30 26
2 31 26
0 32 26
2 20 6
0 19 6
0 33 26
2 26 8
0 25 8
2 11 14
2 10 14
0 9 14
0 35 34
2 2 26
0 1 26
0 31 9
1 4 37
0 4 36
2 8 14
2 7 14
2 6 14
0 5 14
3 35 35
2 36 35
2 37 35
2 38 35
0 39 35
1 39 36
1 39 37
3 39 38
5 40 38
1 40 39
1 40 40
0 40 41
0 40 38
0 10 29
1 15 42
0 15 43
1 36 29
6 36 28
0 37 28
1 40 42
1 40 43
0 40 44
1 40 45
3 40 46
2 41 46
2 42 46
2 43 46
2 44 46
2 45 46
2 46 46
0 47 46
1 47 47
1 47 48
0 47 49
1 5 13
1 5 12
0 5 11
1 47 45
1 47 44
6 47 43
0 48 43
2 39 44
2 38 44
6 37 44
1 37 45
1 37 46
4 37 47
0 36 47
0 35 47
0 40 46
2 3 40
2 2 40
0 1 40
1 21 5
1 21 4
0 21 3
2 22 3
0 23 3
0 46 49
2 40 35
0 41 35
3 15 44
5 16 44
3 16 45
2 17 45
0 18 45
2 11 41
2 10 41
0 9 41
0 9 42
2 42 35
0 43 35
2 6 22
0 7 22
0 37 44
0 27 35
1 5 10
1 5 9
0 5 8
2 23 16
0 22 16
4 38 28
1 38 27
0 38 26
1 34 15
0 34 16
1 22 17
1 22 18
0 22 19
0 22 20
0 4 35
1 27 36
0 27 37
2 22 28
0 23 28
1 34 17
0 34 18
1 41 22
0 41 23
3 41 24
2 42 24
0 43 24
0 21 39
0 19 7
2 3 35
0 2 35
1 43 25
1 43 26
0 43 27
2 41 41
2 42 41
0 43 41
1 5 7
1 5 6
1 5 5
1 5 4
0 5 3
0 6 3
0 44 35
1 9 43
1 9 44
0 9 45
2 2 31
2 1 31
0 0 31
2 45 35
2 46 35
0 47 35
2 18 6
2 17 6
0 16 6
2 8 45
2 7 45
0 6 45
3 47 36
0 48 36
2 4 11
2 3 11
2 2 11
0 1 11
0 1 10
1 6 46
4 6 47
0 5 47
0 24 3
3 43 28
2 44 28
0 45 28
1 45 29
0 45 30
2 1 16
0 0 16
1 1 41
1 1 42
1 1 43
0 1 44
1 34 13
1 34 12
0 34 11
0 21 40
2 36 44
2 35 44
2 34 44
2 33 44
2 32 44
0 31 44
2 19 45
2 20 45
2 21 45
2 22 45
0 23 45
0 30 44
6 34 10
2 35 10
0 36 10
1 6 2
0 6 1
0 9 7
2 32 38
0 31 38
2 6 11
0 7 11
3 20 28
5 20 27
0 19 27
2 19 24
2 18 24
0 17 24
3 9 46
2 10 46
0 11 46
0 31 15
1 18 46
1 18 47
4 18 48
0 17 48
1 12 5
0 12 4
0 17 30
6 28 26
4 28 27
0 27 27
1 36 9
6 36 8
2 37 8
2 38 8
0 39 8
1 12 3
1 12 2
6 12 1
2 13 1
2 14 1
0 15 1
0 31 20
2 37 30
2 38 30
2 39 30
0 40 30
1 33 27
0 33 28
1 31 7
1 31 6
6 31 5
2 32 5
0 33 5
0 36 31
0 20 3
0 21 41
2 42 21
2 43 21
2 44 21
0 45 21
1 30 45
4 30 46
6 29 46
1 29 47
4 29 48
0 28 48
0 21 2
3 5 48
2 6 48
0 7 48
2 24 45
2 25 45
0 26 45
1 26 44
1 26 43
0 26 42
1 33 4
1 33 3
0 33 2
1 1 45
1 1 46
1 1 47
0 1 48
2 32 2
2 31 2
0 30 2
2 34 5
0 35 5
5 17 17
0 17 18
1 16 7
3 16 8
0 17 8
4 13 14
1 13 13
6 13 12
0 14 12
1 45 20
1 45 19
1 45 18
0 45 17
1 6 44
0 6 43
2 12 46
0 13 46
1 20 23
5 20 22
0 19 22
1 33 39
3 33 40
2 34 40
0 35 40
1 24 2
1 24 1
0 24 0
-1
-1
-1
-1
-1
-1
-1
-1
-1
-1
-1
-1
-1
-1
-1
-1
-1
-1
-1
-1
-1
-1
-1
-1
-1
-1
-1
-1
-1
-1
-1
-1
-1
-1
-1
-1
-1
-1
-1
-1
-1
-1
-1
-1
-1
-1
-1
-1
-1
-1
-1
-1
-1
-1
-1
-1
-1
-1
-1
-1
-1
-1
-1
-1
-1
-1
-1
-1
-1
-1
-1
-1
-1
-1
-1
-1
-1
-1
-1
-1
-1
-1
-1
-1
-1
-1
-1
-1
-1
-1
-1
-1
-1
-1
-1
-1
-1
-1
-1
-1
-1
-1
-1
-1
-1
-1
-1
-1
-1
-1
-1
-1
-1
-1
-1
-1
-1
-1
-1
-1
-1
-1
-1
