0 26 30
1 26 29
6 26 28
2 27 28
2 28 28
2 29 28
2 30 28
2 31 28
2 32 28
2 33 28
2 34 28
2 35 28
4 36 28
1 36 27
1 36 26
1 36 25
1 36 24
1 36 23
1 36 22
1 36 21
1 36 20
1 36 19
1 36 18
6 36 17
2 37 17
4 38 17
1 38 16
1 38 15
1 38 14
6 38 13
2 39 13
2 40 13
2 41 13
0 42 13
6 42 12
2 43 12
2 44 12
2 45 12
-1
-1
-1
-1
-1
-1
-1
-1
-1
-1
-1
-1
-1
-1
-1
-1
-1
-1
-1
-1
0 46 12
2 25 30
2 24 30
2 23 30
2 22 30
2 21 30
2 20 30
2 19 30
2 18 30
2 17 30
2 16 30
2 15 30
2 14 30
2 13 30
2 12 30
2 11 30
6 10 30
4 10 31
6 9 31
4 9 32
2 8 32
6 7 32
1 7 33
1 7 34
1 7 35
1 7 36
1 7 37
1 7 38
1 7 39
1 7 40
1 7 41
1 7 42
1 7 43
4 7 44
2 6 44
2 5 44
2 4 44
-1
-1
-1
-1
-1
-1
-1
-1
-1
-1
-1
-1
-1
-1
-1
-1
-1
-1
-1
-1
-1
-1
-1
0 3 44
-1
-1
-1
-1
-1
-1
-1
-1
-1
-1
-1
-1
-1
-1
-1
-1
-1
0 7 41
-1
-1
-1
-1
-1
-1
-1
-1
-1
-1
-1
-1
-1
-1
0 39 13
-1
-1
-1
-1
-1
-1
-1
-1
-1
-1
-1
0 9 31
5 8 41
3 8 42
2 9 42
2 10 42
2 11 42
2 12 42
2 13 42
2 14 42
2 15 42
2 16 42
-1
0 17 42
3 46 13
5 47 13
1 47 14
1 47 15
1 47 16
1 47 17
1 47 18
1 47 19
1 47 20
1 47 21
1 47 22
1 47 23
1 47 24
1 47 25
0 47 26
1 46 11
1 46 10
5 46 9
3 45 9
1 45 8
0 45 7
2 8 31
2 7 31
3 6 31
5 6 30
2 5 30
2 4 30
0 3 30
1 3 43
1 3 42
1 3 41
5 3 40
-1
-1
0 2 40
1 47 27
1 47 28
1 47 29
1 47 30
1 47 31
1 47 32
1 47 33
1 47 34
0 47 35
1 9 30
1 9 29
5 9 28
3 8 28
1 8 27
1 8 26
1 8 25
1 8 24
1 8 23
1 8 22
0 8 21
0 29 28
-1
-1
0 36 28
1 17 43
4 17 44
2 16 44
2 15 44
0 14 44
6 44 7
4 44 8
2 43 8
2 42 8
0 41 8
1 17 41
1 17 40
1 17 39
1 17 38
1 17 37
0 17 36
1 17 35
1 17 34
1 17 33
0 17 32
2 18 42
2 19 42
2 20 42
2 21 42
2 22 42
2 23 42
2 24 42
0 25 42
1 2 39
0 2 38
0 47 36
1 47 37
1 47 38
1 47 39
1 47 40
1 47 41
1 47 42
3 47 43
0 48 43
0 41 9
0 38 17
4 18 36
6 18 35
2 19 35
2 20 35
0 21 35
2 39 17
2 40 17
2 41 17
2 42 17
2 43 17
0 44 17
0 8 28
0 47 13
0 13 30
2 37 28
2 38 28
2 39 28
2 40 28
0 41 28
1 45 6
0 45 5
0 7 39
2 9 21
2 10 21
0 11 21
1 11 22
1 11 23
1 11 24
1 11 25
0 11 26
0 48 26
0 24 30
2 46 36
2 45 36
2 44 36
0 43 36
2 42 36
2 41 36
2 40 36
2 39 36
0 38 36
0 40 17
1 48 44
1 48 45
0 48 46
5 3 29
0 2 29
1 2 28
1 2 27
1 2 26
1 2 25
0 2 24
2 40 8
2 39 8
2 38 8
2 37 8
0 36 8
0 7 32
1 2 37
1 2 36
0 2 35
1 36 7
1 36 6
1 36 5
1 36 4
6 36 3
0 37 3
1 11 20
1 11 19
1 11 18
0 11 17
6 11 16
2 12 16
2 13 16
4 14 16
6 14 15
4 15 15
1 15 14
1 15 13
1 15 12
6 15 11
2 16 11
2 17 11
0 18 11
1 18 10
1 18 9
0 18 8
1 18 7
1 18 6
0 18 5
1 18 4
1 18 3
0 18 2
0 45 17
2 19 11
2 20 11
0 21 11
0 15 15
1 21 10
6 21 9
0 22 9
1 41 29
1 41 30
1 41 31
0 41 32
0 17 30
0 14 16
1 13 31
1 13 32
4 13 33
0 12 33
1 38 37
1 38 38
1 38 39
0 38 40
0 47 39
2 10 17
2 9 17
2 8 17
2 7 17
0 6 17
2 17 5
2 16 5
2 15 5
2 14 5
0 13 5
0 45 12
1 13 4
1 13 3
0 13 2
3 38 41
2 39 41
2 40 41
5 41 41
1 41 42
0 41 43
0 45 9
2 5 17
2 4 17
0 3 17
6 37 36
4 37 37
2 36 37
2 35 37
0 34 37
1 17 29
1 17 28
1 17 27
1 17 26
1 17 25
1 17 24
6 17 23
0 18 23
3 25 43
2 26 43
0 27 43
1 48 25
1 48 24
1 48 23
0 48 22
2 23 9
2 24 9
2 25 9
0 26 9
1 26 31
1 26 32
1 26 33
3 26 34
0 27 34
1 29 27
1 29 26
1 29 25
0 29 24
1 27 42
1 27 41
6 27 40
0 28 40
4 41 44
2 40 44
2 39 44
2 38 44
2 37 44
0 36 44
1 41 27
1 41 26
1 41 25
1 41 24
5 41 23
0 40 23
1 26 8
1 26 7
1 26 6
1 26 5
6 26 4
2 27 4
2 28 4
0 29 4
2 28 24
2 27 24
2 26 24
2 25 24
0 24 24
1 45 4
1 45 3
1 45 2
1 45 1
6 45 0
0 46 0
5 13 1
2 12 1
2 11 1
2 10 1
2 9 1
2 8 1
2 7 1
2 6 1
2 5 1
2 4 1
2 3 1
2 2 1
2 1 1
0 0 1
3 14 45
2 15 45
2 16 45
2 17 45
2 18 45
2 19 45
0 20 45
-1
-1
-1
-1
-1
-1
-1
-1
-1
-1
-1
-1
-1
-1
-1
-1
-1
-1
-1
-1
-1
-1
-1
-1
-1
-1
-1
-1
-1
-1
-1
-1
-1
-1
-1
-1
-1
-1
-1
-1
-1
-1
-1
-1
-1
-1
-1
-1
-1
-1
-1
-1
-1
-1
-1
-1
-1
-1
-1
-1
-1
-1
-1
-1
-1
-1
-1
-1
-1
-1
-1
-1
-1
-1
-1
-1
-1
-1
-1
-1
-1
-1
-1
-1
-1
-1
-1
-1
-1
-1
-1
-1
-1
-1
-1
-1
-1
-1
-1
-1
-1
-1
-1
-1
-1
-1
-1
-1
-1
-1
-1
-1
-1
-1
-1
-1
-1
-1
-1
-1
-1
-1
-1
-1
-1
-1
-1
-1
-1
-1
-1
-1
-1
-1
-1
-1
-1
-1
-1
-1
-1
-1
-1
-1
-1
-1
-1
-1
-1
-1
-1
-1
-1
-1
-1
-1
-1
-1
-1
-1
-1
-1
-1
-1
-1
-1
-1
-1
-1
-1
-1
-1
-1
-1
-1
-1
-1
-1
-1
-1
-1
-1
-1
-1
-1
-1
-1
-1
-1
-1
-1
-1
-1
-1
-1
-1
-1
-1
-1
-1
-1
-1
-1
-1
-1
-1
-1
-1
-1
-1
-1
-1
-1
-1
-1
-1
-1
-1
-1
-1
-1
-1
-1
-1
-1
-1
-1
-1
-1
-1
-1
-1
-1
-1
-1
-1
-1
-1
-1
-1
-1
-1
-1
-1
-1
-1
-1
-1
-1
-1
-1
-1
-1
-1
-1
-1
-1
-1
-1
-1
-1
-1
-1
-1
-1
-1
-1
-1
-1
-1
-1
-1
-1
-1
-1
-1
-1
-1
-1
-1
-1
-1
-1
-1
-1
-1
-1
-1
-1
-1
-1
-1
-1
-1
-1
