0 12 12
2 13 12
5 14 12
1 14 13
1 14 14
3 14 15
2 15 15
5 16 15
1 16 16
1 16 17
1 16 18
1 16 19
1 16 20
3 16 21
2 17 21
2 18 21
5 19 21
1 19 22
1 19 23
1 19 24
1 19 25
3 19 26
5 20 26
1 20 27
1 20 28
1 20 29
1 20 30
1 20 31
1 20 32
1 20 33
1 20 34
1 20 35
1 20 36
1 20 37
1 20 38
3 20 39
2 21 39
0 22 39
5 12 11
2 11 11
2 10 11
3 9 11
1 9 10
5 9 9
3 8 9
5 8 8
2 7 8
0 6 8
1 22 38
1 22 37
1 22 36
6 22 35
2 23 35
2 24 35
2 25 35
2 26 35
2 27 35
2 28 35
4 29 35
1 29 34
1 29 33
6 29 32
2 30 32
2 31 32
2 32 32
2 33 32
2 34 32
4 35 32
1 35 31
1 35 30
1 35 29
1 35 28
1 35 27
1 35 26
1 35 25
1 35 24
1 35 23
6 35 22
2 36 22
2 37 22
2 38 22
2 39 22
2 40 22
2 41 22
2 42 22
2 43 22
2 44 22
2 45 22
4 46 22
1 46 21
-1
0 46 20
1 6 9
1 6 10
1 6 11
1 6 12
1 6 13
1 6 14
1 6 15
1 6 16
1 6 17
1 6 18
1 6 19
1 6 20
1 6 21
1 6 22
1 6 23
1 6 24
1 6 25
1 6 26
1 6 27
1 6 28
1 6 29
1 6 30
1 6 31
0 6 32
1 22 40
1 22 41
4 22 42
2 21 42
6 20 42
1 20 43
1 20 44
4 20 45
-1
-1
0 19 45
2 45 20
3 44 20
1 44 19
1 44 18
1 44 17
5 44 16
2 43 16
2 42 16
2 41 16
3 40 16
1 40 15
5 40 14
2 39 14
2 38 14
0 37 14
1 6 7
1 6 6
1 6 5
1 6 4
6 6 3
0 7 3
2 23 39
2 24 39
2 25 39
2 26 39
0 27 39
3 7 4
2 8 4
5 9 4
1 9 5
3 9 6
5 10 6
1 10 7
3 10 8
2 11 8
2 12 8
0 13 8
2 14 8
4 15 8
1 15 7
1 15 6
0 15 5
3 5 32
1 5 31
5 5 30
0 4 30
1 27 40
4 27 41
2 26 41
2 25 41
0 24 41
1 37 13
5 37 12
2 36 12
2 35 12
2 34 12
0 33 12
0 14 15
-1
-1
0 24 35
1 4 29
1 4 28
1 4 27
5 4 26
2 3 26
3 2 26
5 2 25
3 1 25
1 1 24
0 1 23
0 16 15
4 33 13
2 32 13
0 31 13
6 16 14
2 17 14
2 18 14
4 19 14
0 19 13
0 1 25
1 1 22
1 1 21
1 1 20
0 1 19
2 18 45
2 17 45
0 16 45
6 30 13
1 30 14
1 30 15
1 30 16
1 30 17
0 30 18
0 46 22
0 8 9
0 40 15
0 37 22
5 16 44
2 15 44
2 14 44
0 13 44
0 44 16
5 7 2
2 6 2
2 5 2
0 4 2
0 10 6
0 6 26
1 46 19
6 46 18
0 47 18
0 16 21
0 19 24
4 8 3
1 8 2
1 8 1
0 8 0
0 19 21
0 6 23
0 35 27
1 33 11
1 33 10
1 33 9
0 33 8
0 6 19
0 6 14
4 13 45
0 12 45
0 20 28
0 29 18
0 14 12
0 29 35
1 12 46
1 12 47
0 12 48
0 33 32
0 26 35
0 40 16
2 5 14
0 4 14
0 20 36
2 11 48
2 10 48
2 9 48
2 8 48
0 7 48
0 44 20
0 20 27
0 15 21
0 35 32
0 2 19
0 4 27
0 20 42
0 36 12
0 18 24
0 30 13
0 9 4
2 28 18
2 27 18
2 26 18
0 25 18
2 21 27
2 22 27
2 23 27
2 24 27
0 25 27
2 12 44
2 11 44
2 10 44
0 9 44
0 6 48
0 9 11
5 20 41
2 19 41
0 18 41
2 31 18
2 32 18
0 33 18
1 4 3
0 4 4
0 4 5
1 1 18
1 1 17
0 1 16
1 47 17
1 47 16
0 47 15
1 1 15
1 1 14
1 1 13
0 1 12
2 26 27
0 27 27
2 7 26
2 8 26
2 9 26
2 10 26
0 11 26
2 19 36
2 18 36
2 17 36
0 16 36
1 11 25
6 11 24
0 12 24
2 9 0
0 10 0
1 11 27
1 11 28
0 11 29
2 7 19
2 8 19
0 9 19
1 33 7
1 33 6
1 33 5
6 33 4
0 34 4
2 20 24
2 21 24
0 22 24
2 34 8
0 35 8
0 15 7
3 11 30
0 12 30
1 46 23
1 46 24
4 46 25
0 45 25
4 16 37
2 15 37
2 14 37
0 13 37
2 12 37
2 11 37
2 10 37
2 9 37
0 8 37
1 9 18
1 9 17
0 9 16
2 5 48
2 4 48
2 3 48
2 2 48
0 1 48
2 16 5
2 17 5
2 18 5
2 19 5
0 20 5
3 5 23
0 5 22
1 20 4
0 20 3
1 25 19
4 25 20
0 24 20
2 21 5
2 22 5
2 23 5
2 24 5
2 25 5
0 26 5
0 13 38
1 26 6
1 26 7
4 26 8
2 25 8
0 24 8
0 19 14
2 8 44
0 7 44
1 13 39
0 13 40
0 6 11
6 35 7
2 36 7
2 37 7
2 38 7
0 39 7
2 40 7
0 41 7
2 6 44
2 5 44
0 4 44
1 24 9
0 24 10
1 33 19
1 33 20
0 33 21
0 27 5
1 14 16
1 14 17
0 14 18
0 41 15
0 24 11
4 36 32
1 36 31
6 36 30
0 37 30
1 20 2
6 20 1
2 21 1
0 22 1
1 47 14
1 47 13
1 47 12
1 47 11
5 47 10
0 46 10
2 7 37
2 6 37
0 5 37
1 19 46
1 19 47
3 19 48
2 20 48
2 21 48
0 22 48
1 19 15
1 19 16
0 19 17
2 19 27
2 18 27
2 17 27
0 16 27
2 20 17
0 21 17
1 5 36
5 5 35
2 4 35
0 3 35
3 45 26
2 46 26
0 47 26
0 47 27
0 6 10
1 9 20
1 9 21
0 9 22
2 3 30
2 2 30
2 1 30
0 0 30
3 34 27
0 34 26
3 27 28
2 28 28
0 29 28
3 12 49
0 13 49
1 47 28
1 47 29
1 47 30
1 47 31
1 47 32
1 47 33
1 47 34
4 47 35
0 46 35
0 15 8
1 5 38
1 5 39
3 5 40
0 6 40
1 27 26
1 27 25
6 27 24
0 28 24
1 16 35
1 16 34
1 16 33
6 16 32
0 17 32
2 3 4
2 2 4
0 1 4
1 35 33
1 35 34
1 35 35
1 35 36
0 35 37
2 23 48
2 24 48
0 25 48
1 35 38
4 35 39
2 34 39
6 33 39
1 33 40
1 33 41
1 33 42
0 33 43
1 46 36
4 46 37
2 45 37
0 44 37
3 44 38
2 45 38
2 46 38
0 47 38
6 29 13
0 29 14
2 23 1
2 24 1
2 25 1
0 26 1
1 1 3
5 1 2
0 0 2
2 10 29
2 9 29
0 8 29
-1
-1
-1
-1
-1
-1
-1
-1
-1
-1
-1
-1
-1
-1
-1
-1
-1
-1
-1
-1
-1
-1
-1
-1
-1
-1
-1
-1
-1
-1
-1
-1
-1
-1
-1
-1
-1
-1
-1
-1
-1
-1
-1
-1
-1
-1
-1
-1
-1
-1
-1
-1
-1
-1
-1
-1
-1
-1
-1
-1
-1
-1
-1
-1
-1
-1
-1
-1
-1
-1
-1
-1
-1
-1
-1
-1
-1
-1
-1
-1
-1
-1
-1
-1
-1
-1
-1
-1
-1
-1
-1
-1
-1
-1
-1
-1
-1
-1
-1
-1
-1
-1
-1
-1
-1
-1
-1
-1
-1
-1
-1
-1
-1
-1
-1
-1
-1
-1
-1
-1
-1
-1
-1
-1
-1
-1
-1
-1
-1
-1
-1
-1
-1
-1
-1
-1
-1
-1
-1
-1
-1
-1
-1
-1
-1
-1
-1
-1
-1
-1
-1
-1
-1
-1
-1
-1
-1
-1
-1
-1
-1
-1
-1
-1
-1
-1
-1
-1
-1
-1
-1
-1
-1
-1
-1
-1
-1
-1
-1
-1
-1
-1
-1
-1
-1
-1
-1
-1
-1
-1
-1
-1
-1
-1
-1
-1
-1
-1
-1
-1
-1
-1
-1
-1
-1
-1
-1
-1
-1
-1
-1
-1
-1
-1
-1
-1
-1
-1
-1
-1
-1
-1
-1
-1
-1
-1
-1
-1
-1
-1
-1
-1
-1
-1
-1
-1
-1
-1
-1
-1
-1
-1
-1
-1
-1
-1
-1
-1
-1
-1
-1
-1
-1
-1
-1
-1
-1
