0 3 45
1 3 44
1 3 43
6 3 42
2 4 42
4 5 42
1 5 41
6 5 40
2 6 40
2 7 40
2 8 40
4 9 40
1 9 39
1 9 38
1 9 37
1 9 36
6 9 35
2 10 35
2 11 35
4 12 35
1 12 34
1 12 33
6 12 32
2 13 32
2 14 32
2 15 32
2 16 32
2 17 32
2 18 32
2 19 32
2 20 32
2 21 32
2 22 32
2 23 32
2 24 32
2 25 32
2 26 32
2 27 32
2 28 32
2 29 32
2 30 32
2 31 32
2 32 32
2 33 32
0 34 32
1 34 31
1 34 30
1 34 29
1 34 28
6 34 27
2 35 27
2 36 27
2 37 27
-1
-1
-1
-1
-1
-1
-1
-1
-1
-1
-1
-1
-1
-1
-1
-1
-1
-1
-1
-1
-1
-1
-1
-1
-1
-1
-1
-1
-1
-1
-1
-1
-1
-1
-1
-1
-1
-1
-1
-1
-1
-1
-1
-1
-1
-1
0 38 27
1 38 26
1 38 25
1 38 24
1 38 23
1 38 22
1 38 21
1 38 20
1 38 19
1 38 18
1 38 17
1 38 16
1 38 15
1 38 14
1 38 13
1 38 12
1 38 11
1 38 10
1 38 9
1 38 8
1 38 7
1 38 6
1 38 5
1 38 4
1 38 3
6 38 2
-1
-1
-1
-1
-1
-1
-1
-1
-1
-1
-1
0 39 2
1 3 46
1 3 47
3 3 48
2 4 48
2 5 48
2 6 48
-1
-1
-1
-1
-1
-1
-1
-1
-1
-1
-1
0 7 48
5 39 1
2 38 1
6 37 1
4 37 2
2 36 2
2 35 2
2 34 2
-1
-1
-1
-1
-1
-1
-1
0 33 2
-1
-1
-1
-1
-1
-1
-1
-1
-1
0 12 35
1 39 3
1 39 4
1 39 5
3 39 6
2 40 6
-1
-1
-1
0 41 6
6 41 5
2 42 5
2 43 5
2 44 5
2 45 5
2 46 5
4 47 5
0 47 4
-1
-1
-1
-1
-1
0 19 32
6 19 31
2 20 31
2 21 31
2 22 31
2 23 31
2 24 31
0 25 31
1 47 3
1 47 2
1 47 1
0 47 0
1 33 3
1 33 4
1 33 5
3 33 6
2 34 6
2 35 6
5 36 6
1 36 7
1 36 8
0 36 9
0 38 23
1 25 30
1 25 29
1 25 28
1 25 27
1 25 26
0 25 25
0 17 32
6 35 9
1 35 10
1 35 11
1 35 12
0 35 13
1 25 24
1 25 23
0 25 22
2 40 2
2 41 2
2 42 2
0 43 2
2 26 22
2 27 22
2 28 22
2 29 22
2 30 22
0 31 22
1 31 21
1 31 20
6 31 19
2 32 19
0 33 19
0 38 21
0 35 27
3 2 45
0 2 44
1 25 21
1 25 20
1 25 19
1 25 18
1 25 17
1 25 16
1 25 15
1 25 14
1 25 13
1 25 12
0 25 11
2 24 11
2 23 11
2 22 11
2 21 11
0 20 11
1 41 7
1 41 8
1 41 9
3 41 10
0 42 10
1 20 10
1 20 9
0 20 8
0 19 8
2 34 13
2 33 13
0 32 13
0 22 32
1 35 14
0 35 15
2 8 48
2 9 48
0 10 48
2 11 48
2 12 48
2 13 48
0 14 48
2 18 8
2 17 8
6 16 8
0 16 9
2 15 9
2 14 9
2 13 9
0 12 9
0 5 42
0 38 12
5 33 18
2 32 18
0 31 18
0 9 35
1 12 10
4 12 11
0 11 11
2 10 11
2 9 11
0 8 11
0 9 40
1 8 12
1 8 13
1 8 14
0 8 15
0 38 17
0 36 6
2 15 48
2 16 48
2 17 48
0 18 48
1 18 47
1 18 46
6 18 45
2 19 45
0 20 45
1 2 43
1 2 42
1 2 41
1 2 40
0 2 39
2 39 17
2 40 17
0 41 17
0 42 17
1 14 47
0 14 46
2 30 18
2 29 18
0 28 18
1 11 12
3 11 13
2 12 13
2 13 13
0 14 13
2 21 45
2 22 45
0 23 45
0 30 22
1 2 38
0 2 37
0 3 48
1 14 14
1 14 15
1 14 16
4 14 17
0 13 17
2 7 15
2 6 15
0 5 15
1 31 17
0 31 16
0 47 5
1 32 12
0 32 11
4 13 18
6 12 18
1 12 19
1 12 20
4 12 21
0 11 21
0 47 1
1 47 6
1 47 7
0 47 8
2 10 21
0 9 21
1 20 7
1 20 6
0 20 5
1 20 44
1 20 43
1 20 42
5 20 41
2 19 41
2 18 41
0 17 41
1 34 33
1 34 34
1 34 35
1 34 36
1 34 37
1 34 38
0 34 39
2 33 39
2 32 39
0 31 39
1 31 38
0 31 37
0 25 17
1 8 10
1 8 9
0 8 8
0 33 6
0 17 40
0 34 19
1 42 18
1 42 19
0 42 20
1 28 17
1 28 16
1 28 15
0 28 14
3 42 21
2 43 21
0 44 21
1 22 33
1 22 34
1 22 35
1 22 36
3 22 37
0 23 37
1 20 4
1 20 3
6 20 2
0 21 2
2 24 22
2 23 22
2 22 22
0 21 22
3 42 11
2 43 11
0 44 11
0 25 28
1 9 22
4 9 23
2 8 23
2 7 23
2 6 23
0 5 23
4 21 23
2 20 23
0 19 23
0 25 19
0 45 5
2 18 23
2 17 23
0 16 23
1 30 23
1 30 24
0 30 25
0 26 11
1 30 26
1 30 27
0 30 28
0 31 11
0 48 8
0 24 17
1 8 7
1 8 6
1 8 5
1 8 4
6 8 3
0 9 3
2 43 17
2 44 17
2 45 17
2 46 17
0 47 17
1 19 22
1 19 21
1 19 20
0 19 19
0 22 11
0 15 32
4 20 19
0 20 18
1 34 40
1 34 41
1 34 42
1 34 43
1 34 44
0 34 45
0 47 18
1 35 26
0 35 25
2 35 45
2 36 45
0 37 45
6 8 35
0 8 36
0 31 32
0 35 9
2 22 2
2 23 2
2 24 2
2 25 2
0 26 2
6 9 2
2 10 2
0 11 2
4 31 33
2 30 33
2 29 33
0 28 33
3 37 46
0 38 46
1 38 28
1 38 29
3 38 30
2 39 30
2 40 30
0 41 30
5 41 16
3 40 16
1 40 15
0 40 14
6 41 29
2 42 29
2 43 29
0 44 29
2 45 29
2 46 29
0 47 29
2 30 39
2 29 39
0 28 39
1 28 40
0 28 41
1 15 31
0 15 30
2 16 41
0 15 41
0 16 8
1 47 28
6 47 27
0 48 27
0 33 3
0 34 20
5 10 47
0 9 47
5 5 22
2 4 22
0 3 22
1 41 31
1 41 32
1 41 33
4 41 34
0 40 34
2 39 34
0 38 34
2 18 40
0 19 40
5 27 2
1 27 3
1 27 4
1 27 5
0 27 6
2 2 22
2 1 22
0 0 22
2 14 41
0 13 41
2 14 30
2 13 30
2 12 30
0 11 30
0 48 17
0 30 11
0 38 7
1 3 23
1 3 24
1 3 25
0 3 26
1 25 10
0 25 9
1 21 1
0 21 0
5 39 23
3 39 24
0 40 24
1 8 16
0 8 17
1 47 30
1 47 31
1 47 32
0 47 33
1 47 34
1 47 35
1 47 36
1 47 37
1 47 38
1 47 39
4 47 40
0 46 40
1 48 26
1 48 25
0 48 24
5 5 14
0 4 14
2 3 14
2 2 14
0 1 14
1 28 42
1 28 43
1 28 44
0 28 45
2 20 0
2 19 0
0 18 0
3 32 6
5 32 5
0 31 5
3 2 48
5 2 47
0 1 47
1 1 13
1 1 12
1 1 11
1 1 10
1 1 9
1 1 8
1 1 7
1 1 6
1 1 5
0 1 4
0 1 7
3 38 47
2 39 47
2 40 47
0 41 47
1 28 46
1 28 47
4 28 48
0 27 48
4 18 1
2 17 1
2 16 1
0 15 1
0 47 19
1 20 46
3 20 47
0 21 47
1 34 46
4 34 47
0 33 47
1 15 40
1 15 39
1 15 38
0 15 37
3 3 27
2 4 27
0 5 27
-1
-1
-1
-1
-1
-1
-1
-1
-1
-1
-1
-1
-1
-1
-1
-1
-1
-1
-1
-1
-1
-1
-1
-1
-1
-1
-1
-1
-1
-1
-1
-1
-1
-1
-1
-1
-1
-1
-1
-1
-1
-1
-1
-1
-1
-1
-1
-1
-1
-1
-1
-1
-1
-1
-1
-1
-1
-1
-1
-1
-1
-1
-1
-1
-1
-1
-1
-1
-1
-1
-1
-1
-1
-1
-1
-1
-1
-1
-1
-1
-1
-1
-1
-1
-1
-1
-1
-1
-1
-1
-1
-1
-1
-1
-1
-1
-1
-1
-1
-1
-1
-1
-1
-1
-1
-1
-1
-1
-1
-1
-1
-1
-1
-1
-1
-1
-1
-1
-1
-1
-1
-1
-1
-1
-1
-1
-1
-1
-1
-1
-1
-1
-1
-1
-1
-1
-1
-1
-1
-1
