0 27 47
1 27 46
1 27 45
1 27 44
1 27 43
1 27 42
1 27 41
1 27 40
1 27 39
1 27 38
1 27 37
1 27 36
1 27 35
1 27 34
1 27 33
1 27 32
1 27 31
1 27 30
1 27 29
1 27 28
1 27 27
1 27 26
1 27 25
1 27 24
1 27 23
1 27 22
1 27 21
1 27 20
1 27 19
1 27 18
1 27 17
1 27 16
1 27 15
1 27 14
6 27 13
4 28 13
1 28 12
1 28 11
0 28 10
4 28 47
1 28 46
6 28 45
2 29 45
4 30 45
1 30 44
6 30 43
4 31 43
1 31 42
1 31 41
1 31 40
6 31 39
2 32 39
2 33 39
4 34 39
6 34 38
4 35 38
1 35 37
6 35 36
2 36 36
2 37 36
2 38 36
2 39 36
2 40 36
2 41 36
2 42 36
0 43 36
1 43 37
1 43 38
3 43 39
2 44 39
2 45 39
5 46 39
1 46 40
-1
-1
-1
-1
-1
-1
-1
-1
-1
-1
-1
-1
-1
-1
0 46 41
1 28 9
1 28 8
1 28 7
6 28 6
2 29 6
2 30 6
2 31 6
2 32 6
-1
-1
-1
-1
-1
-1
-1
-1
-1
-1
-1
0 33 6
2 34 6
2 35 6
2 36 6
2 37 6
-1
-1
-1
-1
-1
-1
-1
-1
-1
0 38 6
1 43 35
5 43 34
2 42 34
2 41 34
2 40 34
-1
-1
-1
-1
-1
-1
0 39 34
2 26 47
2 25 47
2 24 47
2 23 47
2 22 47
2 21 47
2 20 47
2 19 47
3 18 47
1 18 46
5 18 45
2 17 45
2 16 45
0 15 45
1 38 5
1 38 4
1 38 3
6 38 2
2 39 2
2 40 2
2 41 2
2 42 2
2 43 2
0 44 2
1 39 33
5 39 32
2 38 32
2 37 32
0 36 32
6 27 10
1 27 11
4 27 12
6 26 12
4 26 13
2 25 13
6 24 13
1 24 14
0 24 15
1 24 16
1 24 17
4 24 18
2 23 18
6 22 18
1 22 19
0 22 20
4 27 48
2 26 48
0 25 48
4 44 36
1 44 35
-1
0 44 34
1 44 3
1 44 4
1 44 5
3 44 6
0 45 6
2 45 2
2 46 2
0 47 2
1 44 33
1 44 32
1 44 31
1 44 30
5 44 29
3 43 29
1 43 28
0 43 27
1 45 7
0 45 8
2 35 32
0 34 32
1 46 42
1 46 43
1 46 44
4 46 45
2 45 45
2 44 45
0 43 45
1 43 46
0 43 47
0 38 4
1 43 44
5 43 43
2 42 43
2 41 43
0 40 43
2 45 34
2 46 34
0 47 34
0 27 20
2 21 20
2 20 20
2 19 20
0 18 20
0 31 39
0 28 8
4 43 48
2 42 48
2 41 48
2 40 48
2 39 48
0 38 48
0 41 2
1 36 31
1 36 30
0 36 29
3 27 8
5 27 7
0 26 7
0 35 36
0 24 16
1 26 6
0 26 5
0 27 23
2 28 20
2 29 20
0 30 20
0 31 43
0 39 36
0 27 32
0 28 13
0 34 39
0 27 42
5 39 6
3 39 7
2 40 7
0 41 7
0 40 42
0 30 45
0 18 47
2 37 29
0 38 29
1 22 21
0 22 22
2 33 32
2 32 32
0 31 32
0 23 47
3 26 32
5 26 31
0 25 31
0 22 18
0 46 45
0 38 2
1 31 31
0 31 30
0 46 8
3 30 21
2 31 21
2 32 21
0 33 21
0 24 13
0 27 38
1 45 9
4 45 10
2 44 10
0 43 10
1 47 35
3 47 36
0 48 36
2 46 6
0 47 6
0 27 35
0 42 34
0 22 23
1 33 22
1 33 23
0 33 24
2 34 21
2 35 21
2 36 21
4 37 21
0 37 20
1 37 19
0 37 18
0 42 33
1 18 21
1 18 22
1 18 23
1 18 24
4 18 25
0 17 25
0 17 26
0 17 27
2 18 27
0 19 27
5 31 29
2 30 29
0 29 29
1 33 5
5 33 4
0 32 4
1 25 30
1 25 29
0 25 28
0 48 2
0 27 19
5 47 41
1 47 42
3 47 43
0 48 43
2 26 35
2 25 35
0 24 35
0 46 39
1 37 17
0 37 16
1 33 25
1 33 26
0 33 27
2 23 13
2 22 13
2 21 13
2 20 13
2 19 13
0 18 13
4 15 46
2 14 46
0 13 46
2 23 35
0 22 35
1 31 38
0 31 37
1 22 36
4 22 37
2 21 37
0 20 37
0 39 29
4 20 38
2 19 38
0 18 38
0 39 6
5 29 10
3 29 11
2 30 11
2 31 11
0 32 11
2 25 7
2 24 7
2 23 7
0 22 7
2 17 13
2 16 13
0 15 13
1 29 28
1 29 27
0 29 26
0 22 8
0 33 11
2 39 42
0 38 42
1 22 6
1 22 5
1 22 4
0 22 3
2 34 11
2 35 11
0 36 11
1 19 28
3 19 29
0 20 29
2 37 11
2 38 11
0 39 11
0 44 30
0 39 37
2 37 48
0 36 48
1 46 9
1 46 10
1 46 11
1 46 12
3 46 13
2 47 13
0 48 13
6 15 44
2 16 44
0 17 44
5 32 3
3 31 3
0 31 2
2 30 2
0 29 2
1 48 14
0 48 15
1 48 16
1 48 17
0 48 18
1 36 47
5 36 46
0 35 46
1 25 27
5 25 26
0 24 26
1 18 37
1 18 36
1 18 35
5 18 34
0 17 34
2 26 42
2 25 42
0 24 42
1 22 2
5 22 1
2 21 1
0 20 1
1 43 26
1 43 25
0 43 24
4 17 35
2 16 35
2 15 35
2 14 35
2 13 35
0 12 35
2 47 15
2 46 15
0 45 15
1 13 47
1 13 48
4 13 49
0 12 49
6 43 23
0 44 23
2 36 16
0 35 16
1 39 12
0 39 13
4 28 42
0 28 41
2 42 24
2 41 24
0 40 24
1 30 19
1 30 18
0 30 17
0 19 1
1 31 33
0 31 34
2 21 8
2 20 8
2 19 8
0 18 8
0 39 38
5 18 19
2 17 19
2 16 19
2 15 19
0 14 19
4 45 16
0 44 16
2 23 15
0 22 15
1 46 46
1 46 47
1 46 48
3 46 49
0 47 49
1 13 45
5 13 44
2 12 44
0 11 44
2 16 25
2 15 25
2 14 25
3 13 25
5 13 24
2 12 24
0 11 24
0 19 13
1 11 25
4 11 26
2 10 26
2 9 26
2 8 26
0 7 26
1 7 25
5 7 24
2 6 24
2 5 24
2 4 24
0 3 24
1 3 23
1 3 22
1 3 21
0 3 20
1 48 19
1 48 20
1 48 21
0 48 22
1 47 33
0 47 32
1 3 19
1 3 18
1 3 17
5 3 16
0 2 16
4 18 39
2 17 39
2 16 39
0 15 39
1 48 23
1 48 24
1 48 25
3 48 26
0 49 26
6 2 20
4 2 21
2 1 21
0 0 21
4 12 36
2 11 36
2 10 36
0 9 36
2 8 36
2 7 36
2 6 36
2 5 36
2 4 36
2 3 36
0 2 36
4 18 14
0 17 14
5 38 18
3 38 19
2 39 19
2 40 19
0 41 19
6 2 15
2 3 15
2 4 15
0 5 15
4 11 45
2 10 45
2 9 45
2 8 45
0 7 45
-1
-1
-1
-1
-1
-1
-1
-1
-1
-1
-1
-1
-1
-1
-1
-1
-1
-1
-1
-1
-1
-1
-1
-1
-1
-1
-1
-1
-1
-1
-1
-1
-1
-1
-1
-1
-1
-1
-1
-1
-1
-1
-1
-1
-1
-1
-1
-1
-1
-1
-1
-1
-1
-1
-1
-1
-1
-1
-1
-1
-1
-1
-1
-1
-1
-1
-1
-1
-1
-1
-1
-1
-1
-1
-1
-1
-1
-1
-1
-1
-1
-1
-1
-1
-1
-1
-1
-1
-1
-1
-1
-1
-1
-1
-1
-1
-1
-1
-1
-1
-1
-1
-1
-1
-1
-1
-1
-1
-1
-1
-1
-1
-1
-1
-1
-1
-1
-1
-1
-1
-1
-1
-1
-1
-1
-1
-1
-1
-1
-1
-1
-1
-1
-1
-1
-1
-1
-1
-1
-1
-1
-1
-1
-1
-1
-1
-1
-1
-1
-1
-1
-1
-1
-1
-1
-1
-1
-1
-1
-1
-1
-1
-1
-1
-1
-1
-1
-1
-1
-1
-1
-1
-1
-1
-1
-1
-1
-1
-1
-1
-1
-1
-1
-1
-1
-1
-1
-1
-1
-1
-1
-1
-1
-1
-1
-1
-1
-1
-1
-1
-1
-1
-1
-1
-1
-1
-1
-1
-1
-1
-1
-1
-1
-1
-1
-1
-1
-1
-1
-1
-1
-1
-1
-1
-1
-1
-1
-1
