0 36 8
1 36 9
1 36 10
1 36 11
3 36 12
5 37 12
1 37 13
1 37 14
1 37 15
1 37 16
1 37 17
1 37 18
1 37 19
1 37 20
1 37 21
3 37 22
5 38 22
1 38 23
1 38 24
1 38 25
1 38 26
1 38 27
1 38 28
1 38 29
1 38 30
1 38 31
1 38 32
1 38 33
1 38 34
1 38 35
1 38 36
1 38 37
1 38 38
1 38 39
1 38 40
1 38 41
3 38 42
2 39 42
5 40 42
1 40 43
1 40 44
0 40 45
3 35 8
5 35 7
2 34 7
2 33 7
2 32 7
3 31 7
1 31 6
1 31 5
1 31 4
5 31 3
3 30 3
5 30 2
2 29 2
2 28 2
-1
-1
-1
-1
-1
-1
-1
-1
-1
-1
-1
0 27 2
2 26 2
2 25 2
6 24 2
1 24 3
1 24 4
1 24 5
1 24 6
1 24 7
4 24 8
2 23 8
2 22 8
2 21 8
6 20 8
1 20 9
1 20 10
1 20 11
4 20 12
2 19 12
2 18 12
2 17 12
6 16 12
4 16 13
2 15 13
2 14 13
2 13 13
2 12 13
2 11 13
2 10 13
2 9 13
2 8 13
2 7 13
2 6 13
2 5 13
2 4 13
6 3 13
1 3 14
1 3 15
1 3 16
1 3 17
0 3 18
4 40 46
2 39 46
2 38 46
-1
-1
-1
-1
-1
-1
-1
-1
-1
0 37 46
1 3 19
1 3 20
1 3 21
1 3 22
1 3 23
-1
-1
-1
-1
-1
-1
0 3 24
2 4 18
2 5 18
2 6 18
2 7 18
2 8 18
2 9 18
2 10 18
-1
0 11 18
2 36 46
2 35 46
2 34 46
2 33 46
3 32 46
1 32 45
0 32 44
2 37 8
2 38 8
5 39 8
1 39 9
1 39 10
3 39 11
2 40 11
2 41 11
2 42 11
2 43 11
2 44 11
2 45 11
2 46 11
5 47 11
1 47 12
1 47 13
0 47 14
0 30 2
1 11 19
1 11 20
4 11 21
2 10 21
2 9 21
0 8 21
0 42 11
-1
-1
0 3 15
3 8 22
2 9 22
2 10 22
2 11 22
2 12 22
0 13 22
1 42 10
1 42 9
1 42 8
1 42 7
1 42 6
1 42 5
1 42 4
1 42 3
0 42 2
0 20 8
0 19 12
0 38 42
2 7 21
0 6 21
5 42 1
2 41 1
2 40 1
0 39 1
5 41 45
3 41 46
2 42 46
2 43 46
2 44 46
0 45 46
0 14 13
0 36 10
0 24 5
0 12 13
2 2 24
2 1 24
0 0 24
0 47 11
0 43 2
3 43 3
2 44 3
2 45 3
2 46 3
0 47 3
2 2 15
0 1 15
0 37 12
0 37 17
2 37 42
0 36 42
0 35 42
0 38 25
1 20 7
1 20 6
1 20 5
0 20 4
0 3 13
2 31 44
2 30 44
0 29 44
0 10 22
2 19 4
2 18 4
0 17 4
0 16 4
0 30 3
0 17 3
0 16 12
6 36 7
0 37 7
0 6 13
4 29 45
2 28 45
2 27 45
2 26 45
2 25 45
2 24 45
2 23 45
2 22 45
0 21 45
1 21 46
0 21 47
0 37 47
2 20 47
2 19 47
2 18 47
2 17 47
2 16 47
2 15 47
6 14 47
4 14 48
2 13 48
2 12 48
2 11 48
0 10 48
2 9 48
2 8 48
2 7 48
0 6 48
2 5 48
3 4 48
0 4 47
2 35 10
2 34 10
0 33 10
1 4 46
1 4 45
1 4 44
1 4 43
0 4 42
0 43 11
0 14 47
0 37 20
6 30 1
2 31 1
0 32 1
2 32 10
2 31 10
2 30 10
0 29 10
2 3 47
0 2 47
0 42 3
0 23 8
1 13 23
0 13 24
0 12 12
2 14 22
2 15 22
2 16 22
0 17 22
1 14 46
5 14 45
0 13 45
1 47 10
1 47 9
0 47 8
6 36 20
0 36 21
0 40 42
0 8 18
3 19 13
2 20 13
0 21 13
1 3 12
1 3 11
0 3 10
1 12 11
5 12 10
3 11 10
5 11 9
0 10 9
5 3 9
2 2 9
0 1 9
0 31 7
1 21 14
1 21 15
0 21 16
2 22 16
2 23 16
2 24 16
0 25 16
0 25 15
0 18 47
0 46 8
5 8 17
0 7 17
2 2 18
0 1 18
0 38 22
0 45 8
0 36 46
1 10 8
1 10 7
0 10 6
0 1 19
1 3 25
3 3 26
2 4 26
0 5 26
1 21 17
1 21 18
0 21 19
1 4 41
5 4 40
0 3 40
2 6 26
2 7 26
5 8 26
0 8 27
1 5 27
1 5 28
1 5 29
4 5 30
2 4 30
0 3 30
0 26 2
1 13 44
5 13 43
2 12 43
2 11 43
0 10 43
1 29 9
0 29 8
1 3 31
0 3 32
2 4 32
2 5 32
2 6 32
0 7 32
4 2 48
2 1 48
0 0 48
1 7 33
0 7 34
0 10 5
0 12 18
0 24 2
1 25 17
0 25 18
1 47 2
0 47 1
1 16 5
4 16 6
0 15 6
1 45 45
1 45 44
1 45 43
1 45 42
0 45 41
2 13 18
2 14 18
0 15 18
1 17 23
3 17 24
2 18 24
0 19 24
2 9 5
2 8 5
2 7 5
0 6 5
2 38 12
0 39 12
0 42 5
1 7 35
0 7 36
2 20 16
2 19 16
0 18 16
6 27 1
0 28 1
0 32 46
2 26 16
2 27 16
2 28 16
2 29 16
0 30 16
1 6 4
5 6 3
2 5 3
0 4 3
6 10 42
2 11 42
2 12 42
2 13 42
2 14 42
0 15 42
1 15 41
0 15 40
1 36 22
4 36 23
2 35 23
0 34 23
2 33 23
0 32 23
0 8 22
1 29 43
1 29 42
1 29 41
1 29 40
1 29 39
0 29 38
1 19 25
1 19 26
1 19 27
1 19 28
1 19 29
1 19 30
0 19 31
1 3 33
4 3 34
0 2 34
1 47 15
0 47 16
5 8 34
3 8 35
2 9 35
2 10 35
2 11 35
0 12 35
1 29 37
1 29 36
0 29 35
2 46 16
0 45 16
6 6 47
2 7 47
0 8 47
3 18 31
5 18 30
2 17 30
0 16 30
2 15 30
0 14 30
6 29 34
2 30 34
2 31 34
2 32 34
0 33 34
1 21 44
6 21 43
0 22 43
2 36 17
0 35 17
2 23 43
2 24 43
0 25 43
1 34 24
1 34 25
3 34 26
5 35 26
1 35 27
0 35 28
0 34 34
2 31 46
2 30 46
2 29 46
0 28 46
1 25 14
1 25 13
0 25 12
4 35 29
2 34 29
2 33 29
2 32 29
2 31 29
0 30 29
2 39 22
0 40 22
2 26 12
0 27 12
2 3 3
2 2 3
2 1 3
0 0 3
2 44 16
0 43 16
2 29 29
6 28 29
0 28 30
0 39 8
5 39 25
3 39 26
2 40 26
2 41 26
5 42 26
0 42 27
0 42 28
2 15 4
0 14 4
2 28 35
2 27 35
2 26 35
0 25 35
1 10 4
1 10 3
5 10 2
0 9 2
0 42 26
6 15 39
2 16 39
0 17 39
1 0 2
6 0 1
2 1 1
0 2 1
1 40 41
5 40 40
0 39 40
3 27 30
1 27 29
1 27 28
0 27 27
0 37 6
4 32 24
0 31 24
3 8 28
2 9 28
5 10 28
0 10 29
3 37 48
2 38 48
2 39 48
0 40 48
1 34 35
3 34 36
0 35 36
1 25 19
3 25 20
0 26 20
1 45 40
1 45 39
1 45 38
1 45 37
1 45 36
5 45 35
0 44 35
2 43 26
2 44 26
2 45 26
2 46 26
0 47 26
1 47 17
1 47 18
1 47 19
0 47 20
-1
-1
-1
-1
-1
-1
-1
-1
-1
-1
-1
-1
-1
-1
-1
-1
-1
-1
-1
-1
-1
-1
-1
-1
-1
-1
-1
-1
-1
-1
-1
-1
-1
-1
-1
-1
-1
-1
-1
-1
-1
-1
-1
-1
-1
-1
-1
-1
-1
-1
-1
-1
-1
-1
-1
-1
-1
-1
-1
-1
-1
-1
-1
-1
-1
-1
-1
-1
-1
-1
-1
-1
-1
-1
-1
-1
-1
-1
-1
-1
-1
-1
-1
-1
-1
-1
-1
-1
-1
-1
-1
-1
-1
-1
-1
-1
-1
-1
-1
-1
-1
-1
-1
-1
-1
-1
-1
-1
-1
-1
-1
-1
-1
-1
-1
-1
-1
-1
-1
-1
-1
-1
-1
-1
-1
-1
-1
-1
-1
-1
-1
-1
-1
-1
-1
-1
-1
-1
-1
-1
-1
-1
-1
-1
-1
-1
-1
-1
-1
-1
-1
-1
-1
-1
-1
-1
-1
-1
-1
-1
-1
-1
-1
-1
-1
-1
-1
-1
-1
-1
-1
-1
-1
-1
-1
-1
-1
-1
-1
-1
-1
-1
-1
-1
-1
-1
-1
-1
-1
-1
-1
-1
-1
-1
-1
-1
