0 2 17
1 2 16
6 2 15
2 3 15
2 4 15
4 5 15
1 5 14
1 5 13
6 5 12
2 6 12
2 7 12
2 8 12
2 9 12
2 10 12
4 11 12
1 11 11
1 11 10
6 11 9
2 12 9
2 13 9
2 14 9
2 15 9
2 16 9
4 17 9
6 17 8
2 18 8
2 19 8
2 20 8
2 21 8
2 22 8
2 23 8
2 24 8
2 25 8
4 26 8
6 26 7
2 27 7
2 28 7
2 29 7
2 30 7
2 31 7
2 32 7
2 33 7
2 34 7
2 35 7
2 36 7
2 37 7
2 38 7
2 39 7
2 40 7
2 41 7
2 42 7
2 43 7
2 44 7
0 45 7
2 46 7
-1
2 47 7
-1
-1
-1
-1
-1
-1
-1
-1
-1
-1
-1
-1
-1
-1
-1
-1
-1
-1
-1
-1
-1
-1
-1
-1
-1
-1
-1
-1
-1
-1
-1
-1
-1
-1
-1
-1
-1
-1
-1
-1
-1
-1
-1
-1
-1
-1
-1
-1
-1
-1
-1
-1
-1
-1
-1
-1
-1
-1
-1
-1
-1
-1
-1
-1
-1
-1
-1
-1
-1
-1
-1
-1
-1
-1
-1
-1
-1
-1
-1
-1
-1
-1
-1
-1
-1
-1
-1
0 48 7
1 45 8
1 45 9
1 45 10
1 45 11
1 45 12
1 45 13
1 45 14
1 45 15
1 45 16
1 45 17
1 45 18
1 45 19
1 45 20
1 45 21
1 45 22
1 45 23
-1
-1
-1
-1
-1
-1
-1
-1
-1
-1
-1
-1
-1
-1
-1
-1
-1
-1
-1
-1
-1
-1
-1
0 45 24
1 2 18
1 2 19
1 2 20
1 2 21
1 2 22
1 2 23
1 2 24
3 2 25
2 3 25
2 4 25
2 5 25
2 6 25
2 7 25
2 8 25
2 9 25
2 10 25
2 11 25
-1
-1
-1
-1
-1
-1
-1
-1
-1
-1
-1
-1
-1
0 12 25
1 45 25
1 45 26
1 45 27
4 45 28
2 44 28
2 43 28
2 42 28
2 41 28
2 40 28
6 39 28
1 39 29
1 39 30
1 39 31
1 39 32
1 39 33
4 39 34
-1
-1
-1
-1
-1
-1
-1
0 38 34
3 1 17
1 1 16
1 1 15
1 1 14
1 1 13
1 1 12
1 1 11
1 1 10
1 1 9
1 1 8
1 1 7
1 1 6
1 1 5
1 1 4
6 1 3
2 2 3
-1
-1
-1
-1
-1
0 3 3
5 38 33
2 37 33
2 36 33
2 35 33
2 34 33
-1
-1
-1
-1
-1
-1
-1
-1
0 33 33
-1
-1
-1
-1
-1
-1
-1
-1
-1
-1
-1
-1
0 2 21
-1
-1
-1
-1
-1
-1
-1
-1
-1
-1
-1
0 17 8
1 12 26
1 12 27
1 12 28
1 12 29
1 12 30
1 12 31
3 12 32
2 13 32
2 14 32
2 15 32
2 16 32
-1
0 17 32
1 17 7
1 17 6
1 17 5
1 17 4
1 17 3
6 17 2
2 18 2
4 19 2
1 19 1
6 19 0
2 20 0
2 21 0
2 22 0
0 23 0
1 17 33
1 17 34
1 17 35
1 17 36
-1
-1
-1
0 17 37
2 18 37
2 19 37
2 20 37
5 21 37
1 21 38
3 21 39
2 22 39
5 23 39
1 23 40
1 23 41
1 23 42
3 23 43
2 24 43
0 25 43
1 33 32
1 33 31
1 33 30
1 33 29
0 33 28
3 16 37
1 16 36
5 16 35
-1
-1
-1
0 15 35
2 24 0
2 25 0
2 26 0
2 27 0
2 28 0
2 29 0
2 30 0
0 31 0
3 44 24
1 44 23
1 44 22
1 44 21
5 44 20
2 43 20
2 42 20
2 41 20
0 40 20
3 25 44
2 26 44
2 27 44
2 28 44
2 29 44
2 30 44
2 31 44
5 32 44
1 32 45
1 32 46
0 32 47
0 19 2
2 4 3
2 5 3
2 6 3
2 7 3
0 8 3
1 33 27
1 33 26
1 33 25
1 33 24
-1
0 33 23
1 31 1
1 31 2
1 31 3
3 31 4
0 32 4
1 33 22
1 33 21
1 33 20
1 33 19
1 33 18
1 33 17
1 33 16
1 33 15
1 33 14
0 33 13
0 32 44
1 33 12
1 33 11
6 33 10
2 34 10
0 35 10
1 48 8
1 48 9
1 48 10
1 48 11
1 48 12
4 48 13
2 47 13
0 46 13
2 18 32
2 19 32
0 20 32
1 45 6
1 45 5
1 45 4
0 45 3
1 12 24
1 12 23
1 12 22
1 12 21
0 12 20
-1
0 26 8
2 32 23
2 31 23
2 30 23
2 29 23
0 28 23
1 26 9
1 26 10
4 26 11
0 25 11
5 3 2
-1
0 2 2
1 38 35
3 38 36
2 39 36
2 40 36
2 41 36
2 42 36
2 43 36
2 44 36
0 45 36
0 5 15
0 11 11
5 32 0
3 32 1
2 33 1
2 34 1
2 35 1
0 36 1
0 6 12
1 33 34
1 33 35
0 33 36
2 27 23
2 26 23
2 25 23
2 24 23
2 23 23
0 22 23
2 21 23
2 20 23
0 19 23
1 45 37
1 45 38
1 45 39
0 45 40
0 39 28
-1
0 11 25
1 25 42
6 25 41
2 26 41
2 27 41
0 28 41
0 18 23
6 32 28
1 32 29
4 32 30
2 31 30
0 30 30
2 9 3
0 10 3
-1
0 21 37
1 17 38
3 17 39
0 18 39
-1
0 17 9
2 31 47
2 30 47
2 29 47
2 28 47
0 27 47
1 18 40
1 18 41
1 18 42
1 18 43
1 18 44
1 18 45
1 18 46
0 18 47
-1
-1
-1
-1
-1
-1
-1
-1
-1
-1
-1
-1
-1
-1
-1
-1
-1
-1
-1
-1
-1
-1
-1
-1
-1
-1
-1
-1
-1
-1
-1
-1
-1
-1
-1
-1
-1
-1
-1
-1
-1
-1
-1
-1
-1
-1
-1
-1
-1
-1
-1
-1
-1
-1
-1
-1
-1
-1
-1
-1
-1
-1
-1
-1
-1
-1
-1
-1
-1
-1
-1
-1
-1
-1
-1
-1
-1
-1
-1
-1
-1
-1
-1
-1
-1
-1
-1
-1
-1
-1
-1
-1
-1
-1
-1
-1
-1
-1
-1
-1
-1
-1
-1
-1
-1
-1
-1
-1
-1
-1
-1
-1
-1
-1
-1
-1
-1
-1
-1
-1
-1
-1
-1
-1
-1
-1
-1
-1
-1
-1
-1
-1
-1
-1
-1
-1
-1
-1
-1
-1
-1
-1
-1
-1
-1
-1
-1
-1
-1
-1
-1
-1
-1
-1
-1
-1
-1
-1
-1
-1
-1
-1
-1
-1
-1
-1
-1
-1
-1
-1
-1
-1
-1
-1
-1
-1
-1
-1
-1
-1
-1
-1
-1
-1
-1
-1
-1
-1
-1
-1
-1
-1
-1
-1
-1
-1
-1
-1
-1
-1
-1
-1
-1
-1
-1
-1
-1
-1
-1
-1
-1
-1
-1
-1
-1
-1
-1
-1
-1
-1
-1
-1
-1
-1
-1
-1
-1
-1
-1
-1
-1
-1
-1
-1
-1
-1
-1
-1
-1
-1
-1
-1
-1
-1
-1
-1
-1
-1
-1
-1
-1
-1
-1
-1
-1
-1
-1
-1
-1
-1
-1
-1
-1
-1
-1
-1
-1
-1
-1
-1
-1
-1
-1
