0 22 1
1 22 2
1 22 3
1 22 4
3 22 5
2 23 5
2 24 5
2 25 5
5 26 5
1 26 6
1 26 7
3 26 8
2 27 8
2 28 8
5 29 8
1 29 9
1 29 10
1 29 11
3 29 12
2 30 12
5 31 12
1 31 13
3 31 14
2 32 14
2 33 14
2 34 14
2 35 14
2 36 14
5 37 14
1 37 15
0 37 16
1 37 17
1 37 18
3 37 19
0 38 19
1 38 20
1 38 21
1 38 22
1 38 23
1 38 24
1 38 25
1 38 26
1 38 27
1 38 28
1 38 29
1 38 30
1 38 31
1 38 32
1 38 33
1 38 34
1 38 35
1 38 36
1 38 37
1 38 38
1 38 39
1 38 40
1 38 41
-1
-1
0 38 42
2 21 1
2 20 1
6 19 1
4 19 2
2 18 2
6 17 2
1 17 3
4 17 4
2 16 4
2 15 4
2 14 4
0 13 4
3 37 42
1 37 41
5 37 40
2 36 40
2 35 40
-1
-1
-1
0 34 40
1 38 43
4 38 44
2 37 44
2 36 44
-1
0 35 44
4 38 16
1 38 15
1 38 14
1 38 13
6 38 12
0 39 12
-1
-1
-1
-1
0 22 5
1 22 6
1 22 7
-1
0 22 8
1 39 11
1 39 10
1 39 9
0 39 8
2 36 16
2 35 16
6 34 16
1 34 17
4 34 18
0 33 18
1 35 45
1 35 46
0 35 47
2 21 8
0 20 8
1 20 9
1 20 10
1 20 11
4 20 12
0 19 12
2 39 42
0 40 42
1 19 13
1 19 14
4 19 15
0 18 15
2 32 18
0 31 18
1 18 16
4 18 17
2 17 17
2 16 17
2 15 17
2 14 17
0 13 17
1 13 18
1 13 19
0 13 20
0 13 21
0 38 22
2 12 20
0 11 20
1 11 21
1 11 22
1 11 23
1 11 24
1 11 25
1 11 26
1 11 27
0 11 28
0 29 11
0 17 2
0 37 19
0 26 5
1 11 29
1 11 30
0 11 31
0 38 32
3 10 28
5 10 27
2 9 27
2 8 27
0 7 27
0 6 27
0 19 1
6 38 18
2 39 18
4 40 18
6 40 17
0 41 17
2 42 17
2 43 17
2 44 17
0 45 17
1 31 19
1 31 20
0 31 21
0 23 5
0 34 39
1 45 16
1 45 15
0 45 14
1 34 38
1 34 37
0 34 36
0 38 25
1 7 26
1 7 25
1 7 24
0 7 23
2 33 36
0 32 36
0 12 4
0 38 44
0 18 17
2 12 31
2 13 31
2 14 31
5 15 31
0 15 32
1 40 41
0 40 40
2 19 8
2 18 8
2 17 8
0 16 8
2 14 21
2 15 21
0 16 21
0 32 14
1 45 13
0 45 12
0 34 47
1 11 32
0 11 33
0 31 36
0 7 22
2 6 22
2 5 22
2 4 22
0 3 22
0 33 40
1 13 16
0 13 15
0 26 4
2 19 17
2 20 17
0 21 17
2 44 12
0 43 12
1 16 22
1 16 23
0 16 24
2 11 4
2 10 4
2 9 4
0 8 4
0 37 14
2 32 40
2 31 40
0 30 40
0 29 40
4 39 22
6 39 21
0 40 21
1 39 7
1 39 6
0 39 5
2 8 23
0 9 23
1 39 4
1 39 3
0 39 2
0 17 4
2 22 17
0 23 17
0 16 9
0 29 8
0 43 11
2 12 17
2 11 17
2 10 17
2 9 17
0 8 17
2 7 17
2 6 17
0 5 17
2 46 17
0 47 17
1 8 3
0 8 2
1 23 18
1 23 19
0 23 20
1 29 41
1 29 42
0 29 43
1 38 45
3 38 46
2 39 46
0 40 46
0 40 47
1 47 18
0 47 19
0 34 16
0 38 37
0 31 12
2 15 8
0 14 8
1 31 22
1 31 23
0 31 24
1 43 10
0 43 9
1 11 34
1 11 35
0 11 36
0 14 9
2 10 33
2 9 33
2 8 33
0 7 33
0 41 46
2 30 24
0 29 24
4 29 25
2 28 25
0 27 25
1 11 37
1 11 38
1 11 39
0 11 40
0 39 25
0 20 7
2 46 12
2 47 12
0 48 12
2 16 32
2 17 32
2 18 32
0 19 32
2 13 9
2 12 9
2 11 9
0 10 9
0 7 2
2 38 8
2 37 8
0 36 8
0 37 32
2 4 17
2 3 17
0 2 17
1 19 31
1 19 30
0 19 29
3 19 33
0 20 33
0 10 8
2 6 33
2 5 33
0 4 33
1 19 28
0 19 27
1 20 34
1 20 35
1 20 36
0 20 37
2 39 32
2 40 32
2 41 32
0 42 32
2 26 25
6 25 25
0 25 26
2 9 9
2 8 9
0 7 9
0 16 10
1 16 11
0 16 12
5 31 17
2 30 17
0 29 17
0 24 26
1 42 33
0 42 34
2 43 34
2 44 34
0 45 34
6 45 33
2 46 33
2 47 33
0 48 33
0 37 20
1 48 32
5 48 31
0 47 31
2 35 8
2 34 8
0 33 8
1 31 25
1 31 26
0 31 27
1 47 30
1 47 29
1 47 28
5 47 27
0 46 27
1 33 7
0 33 6
1 29 16
1 29 15
5 29 14
2 28 14
0 27 14
1 4 34
0 4 35
1 33 5
0 33 4
0 20 1
1 7 10
1 7 11
3 7 12
0 8 12
0 11 37
0 36 40
2 28 43
0 27 43
1 22 9
1 22 10
0 22 11
6 26 3
2 27 3
2 28 3
0 29 3
2 3 35
2 2 35
0 1 35
1 42 31
1 42 30
0 42 29
2 33 47
2 32 47
0 31 47
6 46 26
2 47 26
0 48 26
0 17 5
1 4 32
0 4 31
0 23 21
2 48 19
0 49 19
2 43 29
0 44 29
0 15 31
0 26 43
2 23 1
0 24 1
2 19 37
0 18 37
0 40 12
2 20 29
2 21 29
0 22 29
1 2 16
1 2 15
1 2 14
0 2 13
2 3 31
2 2 31
0 1 31
1 12 3
1 12 2
0 12 1
1 4 36
3 4 37
0 5 37
0 25 43
0 16 25
1 18 38
1 18 39
1 18 40
0 18 41
1 43 8
6 43 7
2 44 7
0 45 7
3 18 42
2 19 42
2 20 42
0 21 42
1 48 11
1 48 10
0 48 9
6 33 3
2 34 3
0 35 3
1 7 8
5 7 7
0 6 7
5 6 6
2 5 6
0 4 6
4 29 18
2 28 18
0 27 18
3 40 22
2 41 22
0 42 22
6 40 39
2 41 39
2 42 39
0 43 39
0 5 38
0 21 33
1 45 6
1 45 5
0 45 4
2 40 2
0 41 2
0 26 8
2 30 36
2 29 36
0 28 36
2 27 36
0 26 36
1 37 31
1 37 30
0 37 29
0 24 17
1 45 3
0 45 2
5 23 29
0 23 30
0 1 13
1 17 1
0 17 0
6 37 22
4 37 23
2 36 23
0 35 23
6 16 20
2 17 20
0 18 20
6 34 35
0 35 35
0 29 2
3 31 28
2 32 28
0 33 28
1 22 12
0 22 13
1 28 35
1 28 34
0 28 33
2 46 4
2 47 4
0 48 4
2 25 36
0 24 36
0 14 15
0 6 2
1 41 16
0 41 15
5 13 14
2 12 14
0 11 14
3 48 27
0 49 27
1 11 41
1 11 42
1 11 43
0 11 44
2 5 2
0 4 2
1 43 40
3 43 41
2 44 41
2 45 41
0 46 41
1 32 35
1 32 34
1 32 33
0 32 32
1 1 36
1 1 37
1 1 38
1 1 39
0 1 40
6 19 26
2 20 26
4 21 26
0 21 25
4 12 28
1 12 27
0 12 26
0 40 48
1 46 42
1 46 43
1 46 44
0 46 45
1 11 45
1 11 46
3 11 47
2 12 47
2 13 47
2 14 47
2 15 47
0 16 47
3 42 23
2 43 23
0 44 23
2 10 44
2 9 44
2 8 44
2 7 44
2 6 44
0 5 44
1 48 8
6 48 7
0 49 7
4 25 44
6 24 44
1 24 45
1 24 46
1 24 47
0 24 48
2 3 2
2 2 2
2 1 2
0 0 2
1 1 30
1 1 29
0 1 28
5 35 2
2 34 2
0 33 2
-1
-1
-1
-1
-1
-1
-1
-1
-1
-1
-1
-1
-1
-1
-1
-1
-1
-1
-1
-1
-1
-1
-1
-1
-1
-1
-1
-1
-1
-1
-1
-1
-1
-1
-1
-1
-1
-1
-1
-1
-1
-1
-1
-1
-1
-1
-1
-1
-1
-1
-1
-1
-1
-1
-1
-1
-1
-1
-1
-1
-1
-1
-1
-1
-1
-1
-1
-1
-1
-1
-1
-1
-1
-1
-1
-1
-1
-1
-1
-1
-1
-1
-1
-1
-1
-1
-1
-1
-1
-1
-1
-1
-1
-1
-1
-1
-1
-1
-1
-1
-1
-1
-1
-1
-1
-1
-1
-1
-1
-1
-1
-1
-1
-1
-1
-1
-1
-1
-1
-1
-1
-1
-1
-1
-1
-1
-1
-1
-1
-1
-1
-1
-1
-1
-1
-1
-1
-1
-1
-1
-1
-1
-1
-1
-1
-1
-1
-1
-1
-1
-1
-1
-1
-1
-1
-1
-1
-1
-1
-1
-1
-1
-1
-1
-1
-1
-1
-1
-1
-1
-1
-1
-1
-1
-1
-1
-1
-1
-1
