0 42 25
2 41 25
2 40 25
2 39 25
2 38 25
2 37 25
2 36 25
2 35 25
2 34 25
2 33 25
2 32 25
2 31 25
2 30 25
2 29 25
2 28 25
2 27 25
2 26 25
2 25 25
2 24 25
2 23 25
2 22 25
2 21 25
0 20 25
1 42 24
1 42 23
6 42 22
4 43 22
1 43 21
1 43 20
1 43 19
1 43 18
-1
0 43 17
1 43 16
1 43 15
1 43 14
1 43 13
6 43 12
2 44 12
2 45 12
2 46 12
4 47 12
1 47 11
1 47 10
1 47 9
6 47 8
-1
-1
-1
-1
-1
-1
-1
-1
-1
0 48 8
2 19 25
6 18 25
1 18 26
1 18 27
1 18 28
1 18 29
1 18 30
1 18 31
1 18 32
4 18 33
2 17 33
-1
-1
0 16 33
1 20 24
6 20 23
2 21 23
2 22 23
-1
-1
-1
-1
0 23 23
2 42 17
2 41 17
2 40 17
2 39 17
6 38 17
1 38 18
1 38 19
1 38 20
1 38 21
1 38 22
1 38 23
0 38 24
5 23 22
2 22 22
2 21 22
3 20 22
1 20 21
0 20 20
1 20 26
1 20 27
0 20 28
1 16 34
1 16 35
1 16 36
3 16 37
5 17 37
1 17 38
3 17 39
0 18 39
0 38 19
2 37 24
2 36 24
2 35 24
0 34 24
1 42 26
4 42 27
2 41 27
2 40 27
2 39 27
2 38 27
2 37 27
6 36 27
1 36 28
4 36 29
2 35 29
2 34 29
6 33 29
0 33 30
0 18 25
0 38 17
0 28 25
0 36 27
1 33 31
1 33 32
0 33 33
2 43 25
2 44 25
2 45 25
2 46 25
0 47 25
0 47 12
0 44 12
1 34 23
1 34 22
0 34 21
2 21 28
0 22 28
0 43 22
0 38 27
0 20 22
2 39 19
0 40 19
0 38 22
0 42 27
1 48 7
1 48 6
0 48 5
0 44 22
1 47 13
3 47 14
0 48 14
2 33 21
0 32 21
1 38 28
1 38 29
0 38 30
0 18 28
0 28 26
2 17 25
0 16 25
0 32 25
0 19 20
1 33 34
0 33 35
4 48 15
6 47 15
0 47 16
1 16 24
0 16 23
0 23 28
1 44 21
0 44 20
2 47 5
2 46 5
0 45 5
1 32 20
0 32 19
0 42 28
2 15 23
2 14 23
3 13 23
5 13 22
0 12 22
5 12 21
2 11 21
2 10 21
0 9 21
2 8 21
2 7 21
3 6 21
1 6 20
5 6 19
0 5 19
2 4 19
2 3 19
2 2 19
0 1 19
1 5 18
1 5 17
1 5 16
0 5 15
2 34 35
2 35 35
2 36 35
0 37 35
2 6 15
0 7 15
0 47 24
2 4 15
2 3 15
0 2 15
1 38 16
1 38 15
1 38 14
0 38 13
1 5 14
1 5 13
1 5 12
5 5 11
0 4 11
2 32 30
2 31 30
2 30 30
0 29 30
2 8 15
2 9 15
0 10 15
1 10 14
1 10 13
0 10 12
1 38 12
1 38 11
0 38 10
1 1 20
1 1 21
0 1 22
0 42 26
0 43 14
0 6 21
1 47 26
1 47 27
0 47 28
0 47 17
1 12 23
0 12 24
0 18 33
2 11 15
2 12 15
2 13 15
0 14 15
0 10 16
0 31 21
0 4 19
0 44 11
2 21 20
2 22 20
0 23 20
0 47 29
0 14 16
0 14 17
2 17 28
2 16 28
2 15 28
0 14 28
2 37 13
0 36 13
2 35 13
2 34 13
0 33 13
2 39 10
0 40 10
0 42 29
1 10 11
1 10 10
1 10 9
0 10 8
1 33 12
0 33 11
1 4 10
0 4 9
0 14 14
0 19 33
6 10 7
2 11 7
0 12 7
1 12 6
0 12 5
1 12 4
1 12 3
6 12 2
2 13 2
0 14 2
2 13 28
2 12 28
2 11 28
0 10 28
0 33 10
2 32 10
0 31 10
2 9 28
0 8 28
0 37 17
0 14 29
1 40 9
1 40 8
1 40 7
0 40 6
0 13 7
2 46 29
0 45 29
1 33 9
1 33 8
0 33 7
2 3 9
0 2 9
1 2 8
1 2 7
1 2 6
0 2 5
3 37 36
5 38 36
1 38 37
0 38 38
0 47 18
0 44 5
0 6 15
2 3 5
2 4 5
2 5 5
0 6 5
0 7 5
2 24 23
0 25 23
0 14 18
1 44 4
1 44 3
0 44 2
0 24 28
0 34 7
0 10 29
1 7 4
6 7 3
4 8 3
0 8 2
0 9 2
0 33 29
0 24 20
1 18 40
1 18 41
0 18 42
0 19 19
2 19 42
2 20 42
0 21 42
1 47 23
1 47 22
6 47 21
0 48 21
0 39 6
2 32 33
0 31 33
1 24 19
1 24 18
0 24 17
1 9 22
0 9 23
1 24 29
1 24 30
1 24 31
0 24 32
0 43 2
0 18 31
2 17 42
2 16 42
3 15 42
5 15 41
0 14 41
0 40 9
4 31 34
6 30 34
1 30 35
1 30 36
0 30 37
2 29 37
0 28 37
2 27 37
2 26 37
0 25 37
1 10 30
1 10 31
0 10 32
0 23 32
0 30 21
0 17 37
1 38 31
0 38 32
4 10 33
2 9 33
6 8 33
0 8 34
1 33 6
1 33 5
1 33 4
1 33 3
0 33 2
1 2 4
1 2 3
0 2 2
0 47 30
2 24 37
2 23 37
0 22 37
2 34 2
0 35 2
2 25 20
2 26 20
0 27 20
1 14 40
1 14 39
0 14 38
0 42 23
2 13 38
0 12 38
1 39 5
0 39 4
2 29 26
0 30 26
2 22 42
2 23 42
0 24 42
2 1 15
0 0 15
0 9 12
2 30 10
2 29 10
0 28 10
0 47 15
1 28 9
0 28 8
1 18 43
1 18 44
1 18 45
4 18 46
0 17 46
1 14 13
1 14 12
0 14 11
1 39 3
1 39 2
1 39 1
0 39 0
1 30 38
1 30 39
0 30 40
1 30 41
0 30 42
1 24 16
0 24 15
2 23 15
2 22 15
0 21 15
0 20 15
1 20 14
1 20 13
1 20 12
0 20 11
6 19 11
4 19 12
0 18 12
1 30 43
1 30 44
3 30 45
0 31 45
2 32 45
2 33 45
2 34 45
0 35 45
0 1 23
1 35 46
1 35 47
0 35 48
1 35 44
0 35 43
2 36 45
2 37 45
0 38 45
2 21 11
0 22 11
1 12 37
0 12 36
0 14 30
2 14 7
2 15 7
0 16 7
2 25 17
2 26 17
2 27 17
0 28 17
1 31 46
4 31 47
2 30 47
2 29 47
2 28 47
0 27 47
0 2 8
1 14 42
0 14 43
4 8 35
2 7 35
2 6 35
0 5 35
2 13 43
2 12 43
0 11 43
2 32 2
3 31 2
0 31 1
2 10 43
0 9 43
1 9 44
0 9 45
2 36 17
0 35 17
4 31 11
0 30 11
0 23 11
1 42 30
1 42 31
1 42 32
0 42 33
1 9 46
4 9 47
2 8 47
0 7 47
2 6 47
2 5 47
2 4 47
2 3 47
0 2 47
5 2 46
0 1 46
0 44 10
1 21 43
0 21 44
4 27 48
0 26 48
1 47 31
1 47 32
1 47 33
0 47 34
1 23 10
1 23 9
1 23 8
1 23 7
1 23 6
0 23 5
4 47 35
6 46 35
1 46 36
4 46 37
0 45 37
3 14 3
0 15 3
1 1 24
3 1 25
5 2 25
1 2 26
0 2 27
6 2 1
0 3 1
2 37 38
2 36 38
0 35 38
1 2 28
1 2 29
4 2 30
6 1 30
1 1 31
4 1 32
0 0 32
1 5 36
1 5 37
1 5 38
4 5 39
0 4 39
1 48 4
1 48 3
6 48 2
0 49 2
1 29 31
0 29 32
1 28 7
5 28 6
0 27 6
1 23 4
5 23 3
2 22 3
3 21 3
1 21 2
1 21 1
0 21 0
0 20 0
1 38 44
6 38 43
2 39 43
2 40 43
2 41 43
0 42 43
-1
-1
-1
-1
-1
-1
-1
-1
-1
-1
-1
-1
-1
-1
-1
-1
-1
-1
-1
-1
-1
-1
-1
-1
-1
-1
-1
-1
-1
-1
-1
-1
-1
-1
-1
-1
-1
-1
-1
-1
-1
-1
-1
-1
-1
-1
-1
-1
-1
-1
-1
-1
-1
-1
-1
-1
-1
-1
-1
-1
-1
-1
-1
-1
-1
-1
-1
-1
-1
-1
-1
-1
-1
-1
-1
-1
-1
-1
-1
-1
-1
-1
-1
-1
-1
-1
-1
-1
-1
-1
-1
-1
-1
-1
-1
-1
-1
-1
-1
-1
-1
-1
-1
-1
-1
-1
-1
-1
-1
-1
-1
-1
-1
-1
-1
-1
-1
-1
-1
-1
-1
-1
-1
-1
-1
-1
-1
-1
-1
-1
-1
-1
-1
-1
-1
-1
-1
-1
-1
-1
-1
-1
-1
-1
-1
-1
-1
-1
-1
-1
-1
-1
-1
-1
-1
-1
-1
-1
-1
-1
-1
-1
-1
-1
-1
-1
-1
-1
-1
-1
-1
-1
-1
-1
-1
-1
-1
-1
-1
-1
-1
-1
-1
