0 46 43
3 45 43
5 45 42
2 44 42
2 43 42
2 42 42
2 41 42
2 40 42
2 39 42
2 38 42
2 37 42
3 36 42
1 36 41
1 36 40
1 36 39
1 36 38
5 36 37
2 35 37
2 34 37
2 33 37
2 32 37
2 31 37
2 30 37
2 29 37
2 28 37
2 27 37
2 26 37
2 25 37
2 24 37
2 23 37
2 22 37
2 21 37
2 20 37
0 19 37
2 18 37
2 17 37
6 16 37
4 16 38
2 15 38
2 14 38
2 13 38
2 12 38
-1
-1
-1
-1
-1
-1
-1
-1
-1
-1
-1
-1
-1
-1
-1
-1
-1
-1
-1
-1
-1
-1
-1
0 11 38
1 11 39
1 11 40
4 11 41
2 10 41
2 9 41
6 8 41
1 8 42
1 8 43
1 8 44
1 8 45
4 8 46
2 7 46
2 6 46
2 5 46
-1
-1
-1
-1
-1
-1
-1
-1
-1
-1
-1
-1
-1
-1
-1
0 4 46
-1
-1
-1
-1
-1
-1
-1
-1
-1
-1
-1
-1
-1
-1
-1
-1
-1
0 41 42
1 11 37
1 11 36
1 11 35
1 11 34
1 11 33
5 11 32
2 10 32
2 9 32
3 8 32
1 8 31
1 8 30
1 8 29
5 8 28
2 7 28
3 6 28
-1
-1
0 6 27
1 19 36
1 19 35
1 19 34
1 19 33
1 19 32
1 19 31
6 19 30
4 20 30
1 20 29
1 20 28
1 20 27
1 20 26
1 20 25
1 20 24
1 20 23
1 20 22
1 20 21
1 20 20
6 20 19
0 21 19
1 19 38
1 19 39
4 19 40
2 18 40
0 17 40
1 21 18
1 21 17
1 21 16
5 21 15
2 20 15
3 19 15
1 19 14
1 19 13
1 19 12
0 19 11
1 46 42
1 46 41
6 46 40
-1
-1
-1
-1
0 47 40
2 20 11
2 21 11
2 22 11
2 23 11
2 24 11
2 25 11
0 26 11
1 26 10
1 26 9
1 26 8
1 26 7
5 26 6
2 25 6
2 24 6
0 23 6
2 7 27
2 8 27
2 9 27
2 10 27
0 11 27
1 23 5
1 23 4
6 23 3
2 24 3
2 25 3
2 26 3
0 27 3
5 19 10
2 18 10
2 17 10
0 16 10
1 4 45
1 4 44
1 4 43
0 4 42
1 46 44
1 46 45
4 46 46
2 45 46
0 44 46
2 28 3
2 29 3
2 30 3
2 31 3
2 32 3
2 33 3
0 34 3
0 19 32
2 27 11
2 28 11
2 29 11
2 30 11
5 31 11
1 31 12
3 31 13
2 32 13
2 33 13
0 34 13
1 34 14
1 34 15
3 34 16
2 35 16
2 36 16
0 37 16
0 6 28
0 45 43
1 37 17
1 37 18
1 37 19
1 37 20
1 37 21
3 37 22
2 38 22
0 39 22
0 16 37
0 29 37
0 6 26
2 40 22
2 41 22
2 42 22
0 43 22
2 44 22
2 45 22
2 46 22
0 47 22
0 20 23
0 24 37
1 47 23
1 47 24
1 47 25
1 47 26
1 47 27
0 47 28
0 8 44
0 3 42
1 47 29
0 47 30
2 47 43
0 48 43
3 18 32
5 18 31
2 17 31
0 16 31
0 22 6
0 36 37
1 6 25
1 6 24
0 6 23
1 29 36
1 29 35
0 29 34
0 8 29
2 30 34
0 31 34
0 35 37
1 22 5
1 22 4
1 22 3
0 22 2
0 36 42
0 41 41
2 35 42
2 34 42
2 33 42
0 32 42
1 24 38
4 24 39
2 23 39
0 22 39
0 8 32
0 11 35
4 44 47
2 43 47
0 42 47
1 11 26
5 11 25
0 10 25
0 31 11
0 22 11
0 8 41
6 10 24
2 11 24
2 12 24
0 13 24
0 11 39
1 42 48
4 42 49
0 41 49
1 31 10
0 31 9
0 31 42
0 10 32
2 5 26
2 4 26
2 3 26
0 2 26
0 37 21
1 4 47
4 4 48
2 3 48
2 2 48
0 1 48
2 30 42
0 29 42
1 39 23
4 39 24
0 38 24
1 29 43
0 29 44
5 20 32
3 20 33
0 21 33
1 47 31
1 47 32
1 47 33
0 47 34
1 21 34
0 21 35
1 48 44
1 48 45
1 48 46
0 48 47
1 6 22
1 6 21
1 6 20
1 6 19
0 6 18
2 5 18
2 4 18
2 3 18
0 2 18
2 19 23
2 18 23
0 17 23
2 46 30
0 45 30
0 26 7
1 6 17
1 6 16
1 6 15
0 6 14
0 8 46
1 29 33
5 29 32
0 28 32
0 38 42
1 17 41
3 17 42
2 18 42
2 19 42
0 20 42
6 21 2
4 21 3
2 20 3
2 19 3
2 18 3
0 17 3
1 34 4
1 34 5
3 34 6
2 35 6
2 36 6
2 37 6
2 38 6
0 39 6
2 28 42
2 27 42
0 26 42
1 39 7
1 39 8
1 39 9
3 39 10
2 40 10
2 41 10
2 42 10
0 43 10
1 2 19
1 2 20
0 2 21
0 14 24
3 22 12
2 23 12
5 24 12
1 24 13
0 24 14
1 34 2
5 34 1
0 33 1
0 19 15
2 25 14
2 26 14
2 27 14
2 28 14
0 29 14
1 6 13
1 6 12
1 6 11
1 6 10
1 6 9
0 6 8
2 5 8
2 4 8
0 3 8
2 36 21
0 35 21
1 43 9
1 43 8
6 43 7
2 44 7
2 45 7
0 46 7
1 46 6
1 46 5
1 46 4
6 46 3
0 47 3
5 16 9
2 15 9
0 14 9
0 13 9
1 17 22
5 17 21
0 16 21
0 26 9
1 31 33
1 31 32
1 31 31
1 31 30
1 31 29
0 31 28
0 16 40
1 16 20
5 16 19
2 15 19
2 14 19
0 13 19
5 35 20
2 34 20
2 33 20
2 32 20
0 31 20
0 41 10
1 41 40
1 41 39
6 41 38
0 42 38
1 20 43
1 20 44
1 20 45
1 20 46
1 20 47
4 20 48
0 19 48
0 6 17
2 46 28
2 45 28
2 44 28
2 43 28
0 42 28
0 25 37
1 36 36
1 36 35
1 36 34
1 36 33
0 36 32
1 21 20
3 21 21
2 22 21
0 23 21
1 23 22
1 23 23
1 23 24
1 23 25
0 23 26
1 39 5
1 39 4
1 39 3
1 39 2
0 39 1
5 36 31
2 35 31
0 34 31
1 31 8
6 31 7
0 32 7
6 33 0
2 34 0
0 35 0
1 3 9
1 3 10
4 3 11
2 2 11
2 1 11
0 0 11
-1
-1
-1
-1
-1
-1
-1
-1
-1
-1
-1
-1
-1
-1
-1
-1
-1
-1
-1
-1
-1
-1
-1
-1
-1
-1
-1
-1
-1
-1
-1
-1
-1
-1
-1
-1
-1
-1
-1
-1
-1
-1
-1
-1
-1
-1
-1
-1
-1
-1
-1
-1
-1
-1
-1
-1
-1
-1
-1
-1
-1
-1
-1
-1
-1
-1
-1
-1
-1
-1
-1
-1
-1
-1
-1
-1
-1
-1
-1
-1
-1
-1
-1
-1
-1
-1
-1
-1
-1
-1
-1
-1
-1
-1
-1
-1
-1
-1
-1
-1
-1
-1
-1
-1
-1
-1
-1
-1
-1
-1
-1
-1
-1
-1
-1
-1
-1
-1
-1
-1
-1
-1
-1
-1
-1
-1
-1
-1
-1
-1
-1
-1
-1
-1
-1
-1
-1
-1
-1
-1
-1
-1
-1
-1
-1
-1
-1
-1
-1
-1
-1
-1
-1
-1
-1
-1
-1
-1
-1
-1
-1
-1
-1
-1
-1
-1
-1
-1
-1
-1
-1
-1
-1
-1
-1
-1
-1
-1
-1
-1
-1
-1
-1
-1
-1
-1
-1
-1
-1
-1
-1
-1
-1
-1
-1
-1
-1
-1
-1
-1
-1
-1
-1
-1
-1
-1
-1
-1
-1
-1
-1
-1
-1
-1
-1
-1
-1
-1
-1
-1
-1
-1
-1
-1
-1
-1
-1
-1
-1
-1
-1
-1
-1
-1
-1
-1
-1
-1
-1
-1
-1
-1
-1
-1
-1
-1
-1
-1
-1
-1
-1
-1
-1
-1
-1
-1
-1
-1
-1
-1
-1
-1
-1
-1
-1
-1
-1
-1
-1
-1
-1
