0 11 26
2 12 26
2 13 26
2 14 26
2 15 26
2 16 26
2 17 26
2 18 26
4 19 26
6 19 25
4 20 25
1 20 24
1 20 23
1 20 22
1 20 21
1 20 20
6 20 19
4 21 19
1 21 18
1 21 17
6 21 16
2 22 16
2 23 16
4 24 16
1 24 15
6 24 14
4 25 14
1 25 13
1 25 12
1 25 11
1 25 10
1 25 9
1 25 8
1 25 7
1 25 6
1 25 5
1 25 4
1 25 3
1 25 2
6 25 1
2 26 1
2 27 1
2 28 1
2 29 1
2 30 1
2 31 1
2 32 1
2 33 1
2 34 1
2 35 1
2 36 1
2 37 1
2 38 1
2 39 1
2 40 1
2 41 1
2 42 1
2 43 1
2 44 1
0 45 1
1 11 27
1 11 28
1 11 29
1 11 30
4 11 31
6 10 31
4 10 32
2 9 32
2 8 32
-1
-1
-1
-1
-1
-1
-1
-1
-1
-1
-1
-1
-1
-1
-1
-1
-1
-1
-1
-1
-1
-1
0 7 32
3 7 33
2 8 33
2 9 33
2 10 33
2 11 33
2 12 33
2 13 33
2 14 33
5 15 33
1 15 34
1 15 35
3 15 36
-1
-1
-1
-1
-1
-1
-1
-1
-1
-1
-1
-1
-1
-1
-1
-1
-1
-1
-1
-1
0 16 36
2 46 1
5 47 1
1 47 2
1 47 3
1 47 4
1 47 5
1 47 6
1 47 7
1 47 8
1 47 9
1 47 10
-1
-1
-1
-1
-1
-1
-1
-1
-1
-1
-1
-1
0 47 11
1 16 37
1 16 38
1 16 39
4 16 40
2 15 40
2 14 40
6 13 40
1 13 41
1 13 42
1 13 43
1 13 44
1 13 45
1 13 46
4 13 47
-1
-1
-1
-1
-1
0 12 47
4 45 2
2 44 2
2 43 2
6 42 2
4 42 3
2 41 3
-1
-1
-1
-1
-1
-1
-1
0 40 3
5 17 36
3 17 37
2 18 37
5 19 37
1 19 38
1 19 39
3 19 40
2 20 40
2 21 40
-1
-1
-1
0 22 40
3 10 26
1 10 25
5 10 24
2 9 24
2 8 24
2 7 24
2 6 24
2 5 24
2 4 24
0 3 24
2 46 11
2 45 11
6 44 11
4 44 12
2 43 12
2 42 12
6 41 12
1 41 13
1 41 14
1 41 15
1 41 16
1 41 17
0 41 18
3 40 18
1 40 17
1 40 16
5 40 15
2 39 15
2 38 15
0 37 15
1 37 16
1 37 17
4 37 18
2 36 18
2 35 18
2 34 18
2 33 18
6 32 18
1 32 19
1 32 20
1 32 21
1 32 22
0 32 23
0 15 33
1 11 25
6 11 24
2 12 24
2 13 24
2 14 24
0 15 24
4 48 11
1 48 10
1 48 9
1 48 8
1 48 7
0 48 6
-1
-1
-1
-1
0 19 37
5 7 31
2 6 31
2 5 31
2 4 31
2 3 31
2 2 31
2 1 31
0 0 31
-1
0 19 26
6 6 32
1 6 33
1 6 34
1 6 35
0 6 36
2 23 40
2 24 40
2 25 40
2 26 40
2 27 40
2 28 40
0 29 40
-1
0 35 1
1 29 39
6 29 38
2 30 38
2 31 38
2 32 38
0 33 38
1 6 37
4 6 38
2 5 38
0 4 38
1 15 23
1 15 22
1 15 21
5 15 20
2 14 20
2 13 20
2 12 20
3 11 20
1 11 19
0 11 18
0 25 14
0 13 40
1 13 39
5 13 38
0 12 38
0 25 12
2 24 12
2 23 12
2 22 12
3 21 12
5 21 11
0 20 11
0 21 19
1 4 39
1 4 40
1 4 41
1 4 42
4 4 43
2 3 43
0 2 43
0 7 24
0 20 22
0 41 12
1 33 37
1 33 36
1 33 35
1 33 34
0 33 33
0 11 31
0 11 20
1 15 32
1 15 31
1 15 30
0 15 29
0 29 38
5 11 17
2 10 17
0 9 17
1 29 41
1 29 42
1 29 43
1 29 44
4 29 45
2 28 45
2 27 45
0 26 45
0 47 2
0 13 42
0 25 8
0 32 18
0 16 40
1 47 12
0 47 13
1 16 41
1 16 42
3 16 43
2 17 43
0 18 43
0 24 16
0 25 1
0 10 26
0 33 1
1 2 44
0 2 45
2 11 47
0 10 47
0 44 11
1 37 14
0 37 13
0 13 45
1 12 37
1 12 36
0 12 35
0 4 42
2 33 23
0 34 23
5 37 12
2 36 12
0 35 12
0 34 38
0 42 2
0 1 31
6 34 37
2 35 37
2 36 37
2 37 37
2 38 37
0 39 37
1 39 38
1 39 39
0 39 40
2 20 26
2 21 26
0 22 26
5 29 37
2 28 37
2 27 37
2 26 37
0 25 37
0 47 9
1 39 36
1 39 35
6 39 34
2 40 34
2 41 34
2 42 34
2 43 34
2 44 34
2 45 34
2 46 34
0 47 34
1 47 33
1 47 32
1 47 31
0 47 30
0 10 31
1 47 29
0 47 28
1 47 35
1 47 36
1 47 37
1 47 38
0 47 39
1 47 40
1 47 41
1 47 42
0 47 43
1 22 41
0 22 42
6 24 1
4 24 2
2 23 2
0 22 2
3 5 36
5 5 35
0 4 35
3 22 27
2 23 27
2 24 27
2 25 27
0 26 27
4 5 42
6 5 41
2 6 41
2 7 41
0 8 41
2 27 27
0 28 27
1 2 46
3 2 47
2 3 47
0 4 47
0 14 20
0 5 31
2 11 38
0 10 38
1 44 10
1 44 9
0 44 8
1 41 19
1 41 20
1 41 21
3 41 22
2 42 22
0 43 22
5 25 36
0 24 36
2 19 22
0 18 22
1 39 41
1 39 42
1 39 43
0 39 44
1 20 10
5 20 9
2 19 9
2 18 9
0 17 9
1 14 19
1 14 18
1 14 17
1 14 16
0 14 15
2 16 9
2 15 9
2 14 9
2 13 9
0 12 9
6 33 32
2 34 32
2 35 32
0 36 32
5 12 8
2 11 8
2 10 8
2 9 8
2 8 8
2 7 8
2 6 8
2 5 8
2 4 8
0 3 8
1 47 44
1 47 45
1 47 46
4 47 47
0 46 47
1 21 20
3 21 21
2 22 21
2 23 21
0 24 21
1 3 7
1 3 6
1 3 5
1 3 4
1 3 3
5 3 2
0 2 2
1 33 2
1 33 3
1 33 4
1 33 5
1 33 6
0 33 7
1 33 39
0 33 40
-1
-1
-1
-1
-1
-1
-1
-1
-1
-1
-1
-1
-1
-1
-1
-1
-1
-1
-1
-1
-1
-1
-1
-1
-1
-1
-1
-1
-1
-1
-1
-1
-1
-1
-1
-1
-1
-1
-1
-1
-1
-1
-1
-1
-1
-1
-1
-1
-1
-1
-1
-1
-1
-1
-1
-1
-1
-1
-1
-1
-1
-1
-1
-1
-1
-1
-1
-1
-1
-1
-1
-1
-1
-1
-1
-1
-1
-1
-1
-1
-1
-1
-1
-1
-1
-1
-1
-1
-1
-1
-1
-1
-1
-1
-1
-1
-1
-1
-1
-1
-1
-1
-1
-1
-1
-1
-1
-1
-1
-1
-1
-1
-1
-1
-1
-1
-1
-1
-1
-1
-1
-1
-1
-1
-1
-1
-1
-1
-1
-1
-1
-1
-1
-1
-1
-1
-1
-1
-1
-1
-1
-1
-1
-1
-1
-1
-1
-1
-1
-1
-1
-1
-1
-1
-1
-1
-1
-1
-1
-1
-1
-1
-1
-1
-1
-1
-1
-1
-1
-1
-1
-1
-1
-1
-1
-1
-1
-1
-1
-1
-1
-1
-1
-1
-1
-1
-1
-1
-1
-1
-1
-1
-1
-1
-1
-1
-1
-1
-1
-1
-1
-1
-1
-1
-1
-1
-1
-1
-1
-1
-1
-1
-1
-1
-1
-1
-1
-1
-1
-1
-1
-1
-1
-1
-1
-1
-1
-1
-1
-1
-1
-1
-1
-1
-1
-1
-1
-1
-1
-1
-1
-1
-1
-1
-1
-1
-1
-1
-1
-1
-1
-1
-1
-1
-1
-1
-1
-1
-1
-1
-1
-1
-1
-1
-1
-1
-1
-1
-1
-1
-1
-1
