0 4 38
6 4 37
4 5 37
1 5 36
1 5 35
6 5 34
2 6 34
2 7 34
2 8 34
2 9 34
2 10 34
2 11 34
2 12 34
2 13 34
2 14 34
4 15 34
1 15 33
1 15 32
1 15 31
1 15 30
1 15 29
1 15 28
1 15 27
1 15 26
1 15 25
1 15 24
1 15 23
1 15 22
1 15 21
1 15 20
1 15 19
1 15 18
1 15 17
1 15 16
1 15 15
1 15 14
1 15 13
1 15 12
1 15 11
1 15 10
0 15 9
2 16 9
2 17 9
2 18 9
2 19 9
2 20 9
2 21 9
2 22 9
2 23 9
5 24 9
3 24 10
5 25 10
1 25 11
3 25 12
2 26 12
2 27 12
-1
-1
-1
-1
-1
-1
-1
-1
-1
-1
-1
-1
-1
-1
-1
0 28 12
1 28 11
6 28 10
2 29 10
2 30 10
2 31 10
4 32 10
1 32 9
6 32 8
4 33 8
1 33 7
1 33 6
6 33 5
2 34 5
2 35 5
2 36 5
2 37 5
2 38 5
2 39 5
2 40 5
2 41 5
0 42 5
6 15 8
2 16 8
2 17 8
4 18 8
1 18 7
6 18 6
2 19 6
2 20 6
0 21 6
3 3 38
1 3 37
5 3 36
2 2 36
-1
-1
-1
0 1 36
3 4 39
2 5 39
2 6 39
2 7 39
-1
0 8 39
1 1 35
1 1 34
6 1 33
2 2 33
0 3 33
-1
-1
-1
0 37 5
1 42 4
6 42 3
2 43 3
0 44 3
4 8 40
2 7 40
6 6 40
4 6 41
0 5 41
0 32 8
1 44 2
1 44 1
0 44 0
2 4 41
0 3 41
1 28 13
1 28 14
4 28 15
2 27 15
6 26 15
0 26 16
0 21 9
0 21 5
0 24 9
0 5 34
0 35 5
1 35 4
1 35 3
5 35 2
2 34 2
0 33 2
0 15 16
4 33 3
2 32 3
2 31 3
2 30 3
0 29 3
0 14 34
1 42 6
1 42 7
0 42 8
0 29 4
0 7 34
0 15 28
1 42 9
0 42 10
6 43 0
4 43 1
2 42 1
0 41 1
2 27 16
2 28 16
0 29 16
2 41 10
0 40 10
0 15 23
0 15 11
0 16 28
1 40 11
1 40 12
1 40 13
0 40 14
1 40 15
1 40 16
0 40 17
0 16 16
2 39 17
2 38 17
0 37 17
1 37 18
1 37 19
0 37 20
0 0 36
2 36 17
0 35 17
2 40 1
0 39 1
0 37 21
1 37 22
1 37 23
0 37 24
2 36 24
2 35 24
0 34 24
0 33 8
1 26 17
1 26 18
0 26 19
1 26 20
4 26 21
0 25 21
2 24 21
2 23 21
0 22 21
1 22 22
1 22 23
0 22 24
2 38 1
2 37 1
0 36 1
0 22 25
0 18 8
2 33 24
2 32 24
0 31 24
0 30 4
5 9 39
3 9 40
0 10 40
0 21 4
1 21 3
0 21 2
2 2 41
0 1 41
1 22 26
1 22 27
0 22 28
1 5 42
3 5 43
0 6 43
1 21 10
1 21 11
0 21 12
5 45 0
3 45 1
2 46 1
2 47 1
0 48 1
1 1 42
0 1 43
1 48 2
1 48 3
1 48 4
0 48 5
2 20 12
0 19 12
1 3 32
1 3 31
1 3 30
0 3 29
1 3 28
6 3 27
0 4 27
1 4 26
1 4 25
6 4 24
4 5 24
0 5 23
1 6 44
1 6 45
3 6 46
0 7 46
0 24 8
0 31 23
0 39 14
0 40 5
2 34 17
0 33 17
1 5 22
1 5 21
0 5 20
3 22 29
2 23 29
2 24 29
0 25 29
2 26 29
0 27 29
0 29 10
2 14 11
2 13 11
0 12 11
0 27 28
2 41 17
2 42 17
2 43 17
2 44 17
2 45 17
0 46 17
1 14 35
0 14 36
4 29 5
2 28 5
2 27 5
0 26 5
0 5 37
1 46 16
1 46 15
1 46 14
1 46 13
0 46 12
2 22 2
2 23 2
0 24 2
3 14 37
2 15 37
2 16 37
2 17 37
2 18 37
0 19 37
1 25 30
1 25 31
1 25 32
0 25 33
0 19 38
1 37 25
3 37 26
0 38 26
2 24 33
2 23 33
0 22 33
2 39 26
2 40 26
0 41 26
2 14 28
2 13 28
2 12 28
2 11 28
0 10 28
1 38 27
1 38 28
1 38 29
1 38 30
0 38 31
2 37 31
2 36 31
2 35 31
0 34 31
1 12 10
1 12 9
1 12 8
1 12 7
1 12 6
1 12 5
0 12 4
2 28 29
2 29 29
2 30 29
0 31 29
1 25 34
1 25 35
1 25 36
1 25 37
0 25 38
2 39 10
2 38 10
0 37 10
1 34 32
1 34 33
3 34 34
2 35 34
0 36 34
0 36 35
2 35 35
2 34 35
2 33 35
2 32 35
0 31 35
1 31 36
1 31 37
1 31 38
0 31 39
2 30 35
2 29 35
0 28 35
2 14 16
2 13 16
2 12 16
0 11 16
1 11 17
1 11 18
0 11 19
2 11 4
0 10 4
1 40 18
0 40 19
1 16 29
1 16 30
3 16 31
2 17 31
0 18 31
2 37 35
2 38 35
2 39 35
2 40 35
2 41 35
0 42 35
1 42 36
0 42 37
0 32 10
5 22 20
0 21 20
1 7 33
6 7 32
2 8 32
0 9 32
1 25 22
3 25 23
2 26 23
0 27 23
1 41 27
1 41 28
3 41 29
2 42 29
0 43 29
2 43 37
2 44 37
2 45 37
0 46 37
2 4 23
2 3 23
2 2 23
2 1 23
0 0 23
1 40 20
1 40 21
0 40 22
1 11 20
3 11 21
0 12 21
1 31 40
1 31 41
1 31 42
3 31 43
2 32 43
0 33 43
1 19 39
1 19 40
1 19 41
1 19 42
0 19 43
2 18 43
2 17 43
0 16 43
1 5 19
1 5 18
5 5 17
0 4 17
1 33 44
1 33 45
3 33 46
2 34 46
2 35 46
2 36 46
2 37 46
2 38 46
0 39 46
1 19 44
1 19 45
1 19 46
1 19 47
0 19 48
1 46 18
1 46 19
1 46 20
1 46 21
3 46 22
0 47 22
-1
-1
-1
-1
-1
-1
-1
-1
-1
-1
-1
-1
-1
-1
-1
-1
-1
-1
-1
-1
-1
-1
-1
-1
-1
-1
-1
-1
-1
-1
-1
-1
-1
-1
-1
-1
-1
-1
-1
-1
-1
-1
-1
-1
-1
-1
-1
-1
-1
-1
-1
-1
-1
-1
-1
-1
-1
-1
-1
-1
-1
-1
-1
-1
-1
-1
-1
-1
-1
-1
-1
-1
-1
-1
-1
-1
-1
-1
-1
-1
-1
-1
-1
-1
-1
-1
-1
-1
-1
-1
-1
-1
-1
-1
-1
-1
-1
-1
-1
-1
-1
-1
-1
-1
-1
-1
-1
-1
-1
-1
-1
-1
-1
-1
-1
-1
-1
-1
-1
-1
-1
-1
-1
-1
-1
-1
-1
-1
-1
-1
-1
-1
-1
-1
-1
-1
-1
-1
-1
-1
-1
-1
-1
-1
-1
-1
-1
-1
-1
-1
-1
-1
-1
-1
-1
-1
-1
-1
-1
-1
-1
-1
-1
-1
-1
-1
-1
-1
-1
-1
-1
-1
-1
-1
-1
-1
-1
-1
-1
-1
-1
-1
-1
-1
-1
-1
-1
-1
-1
-1
-1
-1
-1
-1
-1
-1
-1
-1
-1
-1
-1
-1
-1
-1
-1
-1
-1
-1
-1
-1
-1
-1
-1
-1
-1
-1
-1
-1
-1
-1
-1
-1
-1
-1
-1
-1
-1
-1
-1
-1
-1
-1
-1
-1
-1
-1
-1
-1
-1
-1
-1
-1
-1
-1
-1
-1
-1
-1
-1
-1
-1
-1
-1
-1
-1
-1
-1
-1
-1
-1
-1
-1
-1
-1
-1
-1
-1
-1
-1
-1
-1
-1
-1
-1
-1
-1
-1
-1
-1
-1
-1
-1
-1
-1
-1
-1
-1
-1
-1
-1
-1
-1
-1
-1
-1
-1
-1
-1
-1
-1
-1
-1
-1
-1
-1
-1
-1
-1
-1
-1
-1
-1
-1
-1
-1
-1
-1
-1
