0 28 37
2 27 37
2 26 37
3 25 37
5 25 36
2 24 36
2 23 36
2 22 36
2 21 36
2 20 36
2 19 36
3 18 36
5 18 35
2 17 35
2 16 35
2 15 35
2 14 35
2 13 35
2 12 35
3 11 35
1 11 34
1 11 33
5 11 32
2 10 32
3 9 32
1 9 31
1 9 30
1 9 29
1 9 28
1 9 27
1 9 26
1 9 25
1 9 24
1 9 23
1 9 22
5 9 21
2 8 21
3 7 21
1 7 20
1 7 19
1 7 18
1 7 17
1 7 16
5 7 15
2 6 15
2 5 15
0 4 15
1 4 14
1 4 13
-1
6 4 12
2 5 12
2 6 12
2 7 12
2 8 12
2 9 12
2 10 12
4 11 12
1 11 11
1 11 10
1 11 9
1 11 8
6 11 7
2 12 7
2 13 7
-1
-1
-1
-1
-1
-1
-1
-1
-1
-1
-1
-1
-1
-1
-1
-1
-1
-1
-1
-1
-1
-1
-1
-1
-1
-1
-1
-1
-1
-1
-1
-1
-1
-1
-1
-1
-1
-1
-1
-1
-1
-1
-1
-1
-1
-1
-1
-1
-1
-1
-1
-1
-1
0 14 7
1 28 38
1 28 39
1 28 40
4 28 41
-1
-1
-1
-1
-1
-1
-1
-1
-1
-1
-1
-1
-1
-1
-1
-1
-1
-1
-1
-1
-1
-1
-1
-1
-1
-1
-1
-1
-1
-1
-1
-1
-1
-1
-1
0 27 41
1 14 8
3 14 9
2 15 9
2 16 9
2 17 9
2 18 9
-1
-1
-1
-1
-1
-1
-1
-1
-1
-1
-1
-1
-1
-1
-1
-1
-1
-1
-1
-1
-1
-1
-1
0 19 9
1 28 36
1 28 35
1 28 34
1 28 33
1 28 32
1 28 31
1 28 30
1 28 29
1 28 28
1 28 27
6 28 26
-1
-1
-1
-1
-1
-1
-1
-1
-1
-1
-1
-1
-1
-1
-1
-1
0 29 26
5 27 40
2 26 40
-1
-1
-1
-1
-1
-1
-1
-1
-1
-1
-1
-1
-1
-1
-1
0 25 40
2 20 9
2 21 9
4 22 9
1 22 8
1 22 7
6 22 6
2 23 6
2 24 6
2 25 6
4 26 6
6 26 5
2 27 5
2 28 5
2 29 5
2 30 5
2 31 5
2 32 5
2 33 5
-1
-1
0 34 5
6 34 4
2 35 4
2 36 4
2 37 4
2 38 4
2 39 4
2 40 4
2 41 4
2 42 4
-1
-1
-1
-1
-1
0 43 4
1 43 5
1 43 6
1 43 7
1 43 8
1 43 9
1 43 10
1 43 11
-1
-1
-1
-1
0 43 12
1 4 16
1 4 17
1 4 18
1 4 19
1 4 20
4 4 21
6 3 21
1 3 22
1 3 23
1 3 24
4 3 25
6 2 25
4 2 26
2 1 26
0 0 26
1 43 13
1 43 14
1 43 15
3 43 16
2 44 16
2 45 16
2 46 16
2 47 16
0 48 16
3 3 15
1 3 14
1 3 13
1 3 12
1 3 11
1 3 10
5 3 9
2 2 9
2 1 9
0 0 9
1 48 17
1 48 18
1 48 19
1 48 20
1 48 21
1 48 22
1 48 23
1 48 24
1 48 25
1 48 26
1 48 27
0 48 28
-1
-1
0 9 27
1 27 42
3 27 43
2 28 43
2 29 43
2 30 43
2 31 43
2 32 43
2 33 43
2 34 43
0 35 43
-1
-1
-1
0 11 12
4 48 29
2 47 29
2 46 29
2 45 29
2 44 29
2 43 29
0 42 29
-1
-1
-1
-1
0 7 21
1 25 41
4 25 42
2 24 42
2 23 42
2 22 42
0 21 42
1 21 43
1 21 44
4 21 45
2 20 45
2 19 45
2 18 45
2 17 45
2 16 45
2 15 45
0 14 45
0 27 5
5 14 44
2 13 44
2 12 44
2 11 44
2 10 44
2 9 44
2 8 44
2 7 44
2 6 44
2 5 44
0 4 44
3 11 13
2 12 13
2 13 13
2 14 13
2 15 13
0 16 13
0 7 12
4 29 37
1 29 36
6 29 35
2 30 35
2 31 35
0 32 35
0 22 9
1 42 28
1 42 27
1 42 26
1 42 25
5 42 24
2 41 24
0 40 24
1 40 23
1 40 22
1 40 21
6 40 20
0 41 20
0 3 9
-1
0 17 45
5 49 28
1 49 29
1 49 30
1 49 31
0 49 32
1 14 6
1 14 5
6 14 4
0 15 4
1 4 43
1 4 42
1 4 41
1 4 40
1 4 39
1 4 38
0 4 37
0 2 25
0 18 36
3 47 28
1 47 27
1 47 26
5 47 25
0 46 25
0 9 32
6 8 27
4 8 28
0 7 28
6 35 42
2 36 42
2 37 42
2 38 42
2 39 42
0 40 42
0 42 12
2 41 42
2 42 42
2 43 42
2 44 42
0 45 42
0 25 37
1 45 41
0 45 40
2 41 12
2 40 12
2 39 12
2 38 12
0 37 12
4 37 13
2 36 13
2 35 13
2 34 13
0 33 13
1 15 3
0 15 2
0 33 14
1 45 43
1 45 44
1 45 45
3 45 46
0 46 46
1 37 11
1 37 10
6 37 9
2 38 9
0 39 9
1 29 25
0 29 24
0 11 35
1 43 3
1 43 2
6 43 1
2 44 1
2 45 1
0 46 1
1 40 43
1 40 44
1 40 45
1 40 46
4 40 47
0 39 47
2 28 24
0 27 24
1 22 10
1 22 11
1 22 12
1 22 13
1 22 14
1 22 15
1 22 16
0 22 17
1 3 8
1 3 7
1 3 6
0 3 5
1 22 18
4 22 19
6 21 19
4 21 20
2 20 20
0 19 20
4 44 12
1 44 11
6 44 10
2 45 10
0 46 10
-1
-1
-1
-1
-1
-1
-1
-1
-1
-1
-1
-1
-1
-1
-1
-1
-1
-1
-1
-1
-1
-1
-1
-1
-1
-1
-1
-1
-1
-1
-1
-1
-1
-1
-1
-1
-1
-1
-1
-1
-1
-1
-1
-1
-1
-1
-1
-1
-1
-1
-1
-1
-1
-1
-1
-1
-1
-1
-1
-1
-1
-1
-1
-1
-1
-1
-1
-1
-1
-1
-1
-1
-1
-1
-1
-1
-1
-1
-1
-1
-1
-1
-1
-1
-1
-1
-1
-1
-1
-1
-1
-1
-1
-1
-1
-1
-1
-1
-1
-1
-1
-1
-1
-1
-1
-1
-1
-1
-1
-1
-1
-1
-1
-1
-1
-1
-1
-1
-1
-1
-1
-1
-1
-1
-1
-1
-1
-1
-1
-1
-1
-1
-1
-1
-1
-1
-1
-1
-1
-1
-1
-1
-1
-1
-1
-1
-1
-1
-1
-1
-1
-1
-1
-1
-1
-1
-1
-1
-1
-1
-1
-1
-1
-1
-1
-1
-1
-1
-1
-1
-1
-1
-1
-1
-1
-1
-1
-1
-1
-1
-1
-1
-1
-1
-1
-1
-1
-1
-1
-1
-1
-1
-1
-1
-1
-1
-1
-1
-1
-1
-1
-1
-1
-1
-1
-1
-1
-1
-1
-1
-1
-1
-1
-1
-1
-1
-1
-1
-1
-1
-1
-1
-1
-1
-1
-1
-1
-1
-1
-1
-1
-1
-1
-1
-1
-1
-1
-1
-1
-1
-1
-1
-1
-1
-1
-1
-1
-1
-1
-1
-1
-1
-1
-1
-1
-1
-1
-1
-1
-1
-1
-1
-1
-1
-1
-1
-1
-1
-1
-1
-1
-1
-1
-1
-1
-1
-1
-1
-1
-1
