0 21 4
1 21 5
1 21 6
1 21 7
1 21 8
1 21 9
3 21 10
2 22 10
2 23 10
2 24 10
2 25 10
0 26 10
1 26 11
-1
-1
-1
-1
1 26 12
-1
-1
-1
-1
-1
1 26 13
-1
-1
-1
-1
-1
-1
1 26 14
-1
-1
-1
-1
-1
-1
1 26 15
-1
-1
-1
-1
-1
1 26 16
-1
-1
-1
-1
-1
-1
1 26 17
-1
-1
-1
-1
-1
-1
1 26 18
-1
-1
-1
-1
-1
1 26 19
-1
-1
-1
-1
-1
-1
1 26 20
-1
-1
-1
-1
-1
-1
1 26 21
-1
-1
-1
-1
-1
1 26 22
-1
-1
-1
-1
-1
-1
1 26 23
-1
-1
-1
-1
-1
-1
1 26 24
-1
-1
-1
-1
-1
1 26 25
-1
-1
-1
-1
-1
-1
1 26 26
-1
-1
-1
-1
-1
-1
1 26 27
-1
-1
-1
-1
-1
1 26 28
-1
-1
-1
-1
-1
-1
1 26 29
-1
-1
-1
-1
-1
-1
1 26 30
-1
-1
-1
-1
-1
4 26 31
-1
-1
-1
-1
-1
-1
2 25 31
-1
-1
-1
-1
-1
-1
2 24 31
-1
-1
-1
-1
-1
2 23 31
-1
-1
-1
-1
-1
-1
2 22 31
-1
-1
-1
-1
-1
-1
2 21 31
-1
-1
-1
-1
-1
2 20 31
-1
-1
-1
-1
-1
-1
2 19 31
-1
-1
-1
-1
-1
-1
2 18 31
-1
-1
-1
-1
-1
2 17 31
-1
-1
-1
-1
-1
-1
-1
-1
-1
-1
-1
-1
-1
-1
-1
-1
-1
-1
-1
-1
-1
-1
-1
-1
-1
-1
-1
-1
-1
-1
-1
-1
-1
-1
-1
-1
-1
-1
-1
-1
-1
-1
-1
-1
-1
-1
-1
-1
-1
-1
-1
-1
-1
-1
-1
-1
-1
-1
-1
-1
-1
-1
-1
-1
-1
-1
-1
-1
-1
-1
-1
-1
-1
-1
-1
-1
-1
-1
-1
-1
-1
-1
-1
-1
-1
-1
-1
-1
-1
-1
-1
-1
-1
-1
-1
-1
-1
-1
-1
-1
-1
-1
-1
-1
-1
-1
-1
-1
-1
-1
-1
-1
-1
-1
-1
-1
-1
-1
-1
-1
-1
-1
-1
-1
-1
-1
-1
-1
-1
-1
-1
-1
-1
-1
-1
-1
-1
-1
-1
-1
-1
-1
-1
-1
-1
-1
-1
-1
-1
-1
-1
-1
-1
-1
-1
-1
-1
-1
-1
-1
-1
-1
-1
-1
-1
-1
-1
-1
-1
-1
-1
-1
-1
-1
-1
-1
-1
-1
-1
-1
-1
-1
-1
-1
-1
-1
-1
-1
-1
-1
-1
-1
-1
-1
-1
-1
-1
-1
-1
-1
-1
-1
-1
-1
-1
-1
-1
-1
-1
-1
-1
-1
-1
-1
-1
-1
-1
-1
-1
-1
-1
-1
-1
-1
-1
-1
-1
-1
-1
-1
-1
-1
-1
-1
-1
-1
-1
-1
-1
-1
-1
-1
-1
-1
-1
-1
-1
-1
-1
-1
-1
-1
-1
-1
-1
-1
-1
-1
-1
-1
-1
-1
-1
-1
-1
-1
-1
-1
-1
-1
-1
-1
-1
-1
-1
-1
-1
-1
-1
-1
-1
-1
-1
-1
-1
-1
-1
-1
-1
-1
-1
-1
-1
-1
-1
-1
-1
-1
-1
-1
-1
-1
-1
-1
-1
-1
-1
-1
-1
-1
-1
-1
-1
-1
-1
-1
-1
-1
-1
-1
-1
-1
-1
-1
-1
-1
-1
-1
-1
-1
-1
-1
-1
0 16 31
-1
1 16 32
1 16 33
1 16 34
1 16 35
-1
1 16 36
1 16 37
1 16 38
1 16 39
1 16 40
-1
1 16 41
4 16 42
2 15 42
2 14 42
-1
-1
-1
-1
-1
-1
-1
-1
-1
-1
-1
-1
-1
-1
-1
-1
-1
-1
-1
-1
-1
-1
-1
-1
-1
-1
-1
-1
-1
-1
-1
-1
-1
-1
-1
-1
-1
-1
-1
-1
-1
-1
-1
-1
-1
-1
-1
-1
-1
-1
-1
-1
-1
-1
-1
-1
-1
-1
-1
-1
-1
0 13 42
-1
-1
-1
-1
-1
-1
-1
-1
-1
-1
-1
-1
-1
-1
-1
-1
-1
-1
-1
-1
-1
-1
-1
-1
-1
-1
-1
-1
-1
-1
-1
-1
-1
-1
-1
-1
-1
-1
-1
-1
-1
-1
-1
-1
-1
-1
-1
-1
-1
-1
-1
-1
-1
-1
-1
-1
-1
-1
-1
-1
-1
-1
-1
-1
-1
-1
-1
-1
-1
-1
-1
-1
-1
-1
-1
-1
-1
-1
-1
-1
-1
-1
-1
-1
-1
-1
-1
-1
-1
-1
-1
-1
-1
-1
-1
-1
-1
-1
-1
-1
-1
-1
-1
-1
-1
-1
-1
-1
-1
-1
-1
-1
-1
-1
-1
-1
-1
-1
-1
-1
-1
-1
-1
-1
-1
-1
-1
-1
-1
-1
-1
-1
-1
-1
-1
-1
-1
-1
-1
-1
-1
-1
-1
-1
-1
-1
-1
-1
-1
-1
-1
-1
-1
-1
-1
-1
-1
-1
-1
-1
-1
-1
-1
-1
-1
-1
-1
-1
-1
-1
-1
-1
-1
-1
-1
-1
-1
-1
-1
-1
-1
-1
-1
-1
