0 18 13
1 18 14
1 18 15
1 18 16
1 18 17
3 18 18
2 19 18
2 20 18
2 21 18
2 22 18
2 23 18
2 24 18
2 25 18
2 26 18
2 27 18
2 28 18
5 29 18
1 29 19
3 29 20
2 30 20
2 31 20
2 32 20
2 33 20
2 34 20
5 35 20
1 35 21
1 35 22
1 35 23
1 35 24
1 35 25
1 35 26
3 35 27
2 36 27
5 37 27
1 37 28
1 37 29
1 37 30
1 37 31
3 37 32
2 38 32
2 39 32
0 40 32
1 40 33
1 40 34
1 40 35
1 40 36
4 40 37
2 39 37
2 38 37
6 37 37
1 37 38
1 37 39
1 37 40
4 37 41
6 36 41
1 36 42
1 36 43
-1
-1
-1
-1
-1
-1
-1
-1
-1
-1
-1
-1
-1
-1
-1
-1
-1
-1
-1
-1
-1
-1
-1
-1
-1
-1
-1
-1
-1
-1
-1
-1
-1
-1
-1
-1
-1
-1
-1
-1
-1
-1
-1
-1
-1
-1
-1
-1
-1
-1
-1
-1
-1
-1
-1
-1
0 36 44
-1
-1
-1
-1
-1
-1
-1
-1
-1
-1
-1
-1
-1
-1
-1
-1
-1
-1
-1
-1
-1
-1
-1
-1
-1
-1
-1
-1
0 18 18
-1
-1
-1
-1
-1
-1
-1
-1
-1
-1
-1
-1
-1
-1
-1
-1
-1
-1
-1
-1
-1
-1
0 37 37
1 18 19
1 18 20
1 18 21
1 18 22
1 18 23
1 18 24
1 18 25
1 18 26
1 18 27
1 18 28
4 18 29
2 17 29
2 16 29
2 15 29
6 14 29
1 14 30
1 14 31
1 14 32
4 14 33
2 13 33
2 12 33
2 11 33
-1
0 10 33
6 18 12
2 19 12
2 20 12
-1
-1
-1
-1
-1
-1
-1
-1
-1
0 21 12
2 9 33
6 8 33
1 8 34
1 8 35
1 8 36
1 8 37
1 8 38
1 8 39
1 8 40
1 8 41
4 8 42
2 7 42
2 6 42
2 5 42
2 4 42
0 3 42
2 22 12
2 23 12
2 24 12
2 25 12
2 26 12
2 27 12
2 28 12
2 29 12
-1
0 30 12
1 30 11
1 30 10
1 30 9
1 30 8
1 30 7
1 30 6
5 30 5
2 29 5
-1
0 28 5
3 17 18
1 17 17
5 17 16
2 16 16
2 15 16
2 14 16
2 13 16
0 12 16
5 41 32
3 41 33
2 42 33
2 43 33
2 44 33
-1
0 45 33
2 31 12
2 32 12
2 33 12
2 34 12
5 35 12
1 35 13
0 35 14
1 45 32
1 45 31
5 45 30
3 44 30
1 44 29
1 44 28
1 44 27
1 44 26
1 44 25
1 44 24
1 44 23
1 44 22
0 44 21
1 21 13
1 21 14
3 21 15
2 22 15
0 23 15
0 40 37
2 37 44
5 38 44
1 38 45
3 38 46
5 39 46
0 39 47
-1
-1
-1
0 29 18
3 39 48
2 40 48
2 41 48
2 42 48
2 43 48
2 44 48
2 45 48
0 46 48
0 35 20
1 44 20
1 44 19
1 44 18
1 44 17
1 44 16
1 44 15
0 44 14
0 37 40
2 36 40
2 35 40
2 34 40
2 33 40
0 32 40
1 44 13
1 44 12
1 44 11
1 44 10
1 44 9
1 44 8
0 44 7
1 46 47
0 46 46
2 38 40
2 39 40
0 40 40
1 44 6
1 44 5
1 44 4
1 44 3
0 44 2
0 37 27
-1
0 44 30
5 45 7
1 45 8
1 45 9
3 45 10
0 46 10
0 30 10
4 31 10
1 31 9
1 31 8
6 31 7
2 32 7
2 33 7
0 34 7
1 3 43
1 3 44
1 3 45
1 3 46
0 3 47
2 45 46
0 44 46
0 38 44
0 14 29
6 43 14
1 43 15
1 43 16
0 43 17
0 8 33
1 45 34
1 45 35
0 45 36
0 37 32
2 36 37
0 35 37
2 43 21
2 42 21
0 41 21
0 41 20
1 8 32
1 8 31
1 8 30
1 8 29
1 8 28
0 8 27
1 8 26
0 8 25
0 24 12
5 8 24
2 7 24
2 6 24
0 5 24
1 21 11
1 21 10
0 21 9
0 25 18
0 36 45
0 44 6
0 18 26
0 44 23
1 44 45
1 44 44
1 44 43
0 44 42
0 32 41
5 32 39
2 31 39
2 30 39
2 29 39
0 28 39
4 37 33
2 36 33
2 35 33
2 34 33
2 33 33
0 32 33
2 31 33
2 30 33
2 29 33
2 28 33
2 27 33
2 26 33
2 25 33
2 24 33
2 23 33
0 22 33
1 22 32
5 22 31
0 21 31
6 34 6
2 35 6
2 36 6
4 37 6
0 37 5
0 37 4
0 28 33
0 40 34
4 19 26
1 19 25
6 19 24
2 20 24
0 21 24
4 45 21
6 45 20
0 46 20
2 7 33
2 6 33
2 5 33
2 4 33
2 3 33
0 2 33
3 46 11
2 47 11
2 48 11
0 49 11
5 21 8
0 20 8
2 47 46
2 48 46
0 49 46
1 10 34
1 10 35
3 10 36
2 11 36
2 12 36
2 13 36
0 14 36
1 28 4
1 28 3
1 28 2
6 28 1
2 29 1
0 30 1
1 14 37
1 14 38
1 14 39
3 14 40
0 15 40
1 15 41
1 15 42
0 15 43
1 44 41
6 44 40
0 45 40
2 14 43
2 13 43
0 12 43
0 18 12
4 4 47
6 4 46
2 5 46
2 6 46
0 7 46
1 5 23
0 5 22
1 28 40
1 28 41
4 28 42
2 27 42
0 26 42
1 5 21
1 5 20
1 5 19
1 5 18
5 5 17
2 4 17
0 3 17
1 26 43
1 26 44
1 26 45
1 26 46
1 26 47
1 26 48
0 26 49
1 3 16
1 3 15
1 3 14
6 3 13
0 4 13
1 4 12
1 4 11
1 4 10
1 4 9
1 4 8
1 4 7
1 4 6
1 4 5
1 4 4
5 4 3
2 3 3
0 2 3
-1
-1
-1
-1
-1
-1
-1
-1
-1
-1
-1
-1
-1
-1
-1
-1
-1
-1
-1
-1
-1
-1
-1
-1
-1
-1
-1
-1
-1
-1
-1
-1
-1
-1
-1
-1
-1
-1
-1
-1
-1
-1
-1
-1
-1
-1
-1
-1
-1
-1
-1
-1
-1
-1
-1
-1
-1
-1
-1
-1
-1
-1
-1
-1
-1
-1
-1
-1
-1
-1
-1
-1
-1
-1
-1
-1
-1
-1
-1
-1
-1
-1
-1
-1
-1
-1
-1
-1
-1
-1
-1
-1
-1
-1
-1
-1
-1
-1
-1
-1
-1
-1
-1
-1
-1
-1
-1
-1
-1
-1
-1
-1
-1
-1
-1
-1
-1
-1
-1
-1
-1
-1
-1
-1
-1
-1
-1
-1
-1
-1
-1
-1
-1
-1
-1
-1
-1
-1
-1
-1
-1
-1
-1
-1
-1
-1
-1
-1
-1
-1
-1
-1
-1
-1
-1
-1
-1
-1
-1
-1
-1
-1
-1
-1
-1
-1
-1
-1
-1
-1
-1
-1
-1
-1
-1
-1
-1
-1
-1
-1
-1
-1
-1
-1
-1
-1
-1
-1
-1
-1
-1
-1
-1
-1
-1
-1
-1
-1
-1
-1
-1
-1
-1
-1
-1
-1
-1
-1
-1
-1
-1
-1
-1
-1
-1
-1
-1
-1
-1
-1
-1
-1
-1
-1
-1
-1
-1
-1
-1
-1
-1
-1
-1
-1
-1
-1
-1
-1
-1
-1
-1
-1
-1
-1
-1
-1
-1
-1
-1
-1
-1
-1
-1
-1
-1
-1
-1
-1
-1
-1
-1
-1
-1
-1
-1
-1
-1
-1
-1
-1
-1
-1
-1
-1
-1
-1
-1
-1
-1
