0 27 37
1 27 36
1 27 35
6 27 34
2 28 34
4 29 34
1 29 33
1 29 32
1 29 31
1 29 30
1 29 29
1 29 28
1 29 27
1 29 26
1 29 25
1 29 24
1 29 23
6 29 22
4 30 22
1 30 21
1 30 20
1 30 19
1 30 18
1 30 17
1 30 16
6 30 15
4 31 15
1 31 14
6 31 13
2 32 13
4 33 13
1 33 12
1 33 11
1 33 10
1 33 9
1 33 8
1 33 7
1 33 6
0 33 5
2 26 37
2 25 37
2 24 37
2 23 37
2 22 37
2 21 37
6 20 37
4 20 38
-1
-1
-1
-1
-1
0 19 38
5 34 5
3 34 6
2 35 6
2 36 6
2 37 6
2 38 6
2 39 6
2 40 6
5 41 6
1 41 7
1 41 8
1 41 9
1 41 10
1 41 11
1 41 12
1 41 13
1 41 14
3 41 15
5 42 15
1 42 16
3 42 17
2 43 17
2 44 17
2 45 17
-1
-1
-1
-1
-1
-1
-1
-1
-1
-1
-1
-1
-1
-1
-1
-1
-1
-1
-1
0 46 17
1 19 39
1 19 40
4 19 41
6 18 41
4 18 42
6 17 42
4 17 43
2 16 43
2 15 43
2 14 43
2 13 43
2 12 43
2 11 43
2 10 43
2 9 43
2 8 43
2 7 43
-1
-1
-1
-1
-1
-1
-1
0 6 43
4 28 37
6 28 36
2 29 36
2 30 36
2 31 36
2 32 36
2 33 36
2 34 36
2 35 36
2 36 36
2 37 36
2 38 36
2 39 36
2 40 36
4 41 36
6 41 35
2 42 35
2 43 35
-1
-1
0 44 35
1 33 4
1 33 3
5 33 2
2 32 2
2 31 2
2 30 2
2 29 2
2 28 2
2 27 2
2 26 2
2 25 2
-1
-1
-1
0 24 2
1 27 38
1 27 39
1 27 40
1 27 41
1 27 42
1 27 43
1 27 44
1 27 45
1 27 46
1 27 47
1 27 48
0 27 49
2 5 43
2 4 43
2 3 43
2 2 43
6 1 43
-1
-1
-1
0 1 44
4 24 3
2 23 3
2 22 3
6 21 3
1 21 4
4 21 5
2 20 5
2 19 5
2 18 5
0 17 5
1 46 18
4 46 19
2 45 19
2 44 19
2 43 19
-1
0 42 19
1 6 42
1 6 41
1 6 40
1 6 39
1 6 38
-1
0 6 37
-1
-1
-1
-1
-1
0 41 6
1 6 36
1 6 35
1 6 34
1 6 33
-1
0 6 32
1 44 36
1 44 37
4 44 38
2 43 38
2 42 38
2 41 38
2 40 38
2 39 38
2 38 38
0 37 38
1 41 5
1 41 4
1 41 3
5 41 2
2 40 2
2 39 2
2 38 2
2 37 2
0 36 2
0 27 45
0 42 15
3 5 37
5 5 36
2 4 36
0 3 36
1 37 39
3 37 40
2 38 40
2 39 40
0 40 40
2 36 38
2 35 38
2 34 38
2 33 38
0 32 38
1 40 41
1 40 42
1 40 43
3 40 44
0 41 44
4 41 45
2 40 45
2 39 45
2 38 45
2 37 45
0 36 45
0 31 15
0 30 22
2 16 5
2 15 5
2 14 5
2 13 5
2 12 5
2 11 5
0 10 5
1 19 37
1 19 36
1 19 35
1 19 34
1 19 33
1 19 32
0 19 31
0 44 38
1 10 6
0 10 7
0 29 25
0 18 42
0 33 13
2 18 31
2 17 31
2 16 31
2 15 31
2 14 31
0 13 31
0 36 36
0 29 34
2 45 35
2 46 35
2 47 35
0 48 35
0 39 36
0 44 34
1 48 34
0 48 33
0 39 2
2 28 25
2 27 25
2 26 25
0 25 25
1 25 26
1 25 27
1 25 28
0 25 29
2 20 31
2 21 31
0 22 31
1 18 43
1 18 44
0 18 45
0 21 3
0 29 31
1 18 46
1 18 47
0 18 48
5 6 31
0 5 31
1 39 1
6 39 0
2 40 0
2 41 0
2 42 0
0 43 0
0 1 45
1 13 32
1 13 33
0 13 34
1 42 20
1 42 21
1 42 22
1 42 23
1 42 24
1 42 25
0 42 26
0 41 26
2 43 26
2 44 26
2 45 26
0 46 26
1 19 30
1 19 29
1 19 28
5 19 27
0 18 27
1 5 30
1 5 29
1 5 28
1 5 27
6 5 26
2 6 26
0 7 26
0 20 37
2 17 45
0 16 45
0 5 26
1 10 8
1 10 9
1 10 10
1 10 11
3 10 12
0 11 12
2 12 12
2 13 12
0 14 12
2 15 12
0 16 12
5 36 44
2 35 44
2 34 44
0 33 44
1 16 13
3 16 14
2 17 14
0 18 14
0 33 43
1 7 25
1 7 24
6 7 23
0 8 23
3 18 15
2 19 15
2 20 15
5 21 15
0 21 16
1 8 22
5 8 21
2 7 21
0 6 21
4 11 13
2 10 13
0 9 13
2 24 25
2 23 25
0 22 25
2 4 26
0 3 26
4 42 6
6 42 5
2 43 5
2 44 5
2 45 5
2 46 5
2 47 5
0 48 5
3 12 31
5 12 30
0 11 30
1 41 27
1 41 28
1 41 29
1 41 30
0 41 31
4 19 48
6 19 47
2 20 47
0 21 47
1 13 35
1 13 36
3 13 37
0 14 37
1 33 45
4 33 46
0 32 46
4 6 22
2 5 22
0 4 22
1 14 38
4 14 39
0 13 39
4 9 23
6 9 22
2 10 22
2 11 22
2 12 22
0 13 22
1 13 21
1 13 20
1 13 19
0 13 18
0 31 2
2 12 18
2 11 18
0 10 18
1 21 17
1 21 18
0 21 19
1 13 40
4 13 41
2 12 41
2 11 41
0 10 41
2 22 16
2 23 16
2 24 16
0 25 16
0 13 5
2 41 19
2 40 19
2 39 19
2 38 19
0 37 19
2 15 45
2 14 45
2 13 45
0 12 45
1 13 23
3 13 24
0 14 24
0 4 43
1 25 24
1 25 23
0 25 22
3 3 22
1 3 21
1 3 20
1 3 19
1 3 18
0 3 17
3 43 1
0 44 1
1 3 16
5 3 15
0 2 15
5 7 37
3 7 38
0 8 38
1 21 20
4 21 21
0 20 21
1 22 32
3 22 33
2 23 33
0 24 33
0 14 31
1 6 44
1 6 45
3 6 46
0 7 46
1 48 32
5 48 31
0 47 31
6 12 34
4 12 35
2 11 35
0 10 35
2 25 33
0 26 33
0 27 44
6 9 7
4 9 8
0 8 8
2 30 31
2 31 31
0 32 31
2 5 32
2 4 32
2 3 32
0 2 32
2 31 22
2 32 22
2 33 22
0 34 22
2 7 8
2 6 8
2 5 8
2 4 8
2 3 8
0 2 8
2 40 31
0 39 31
1 34 23
1 34 24
0 34 25
1 34 26
1 34 27
0 34 28
2 26 44
3 25 44
5 25 43
0 24 43
4 7 47
0 6 47
1 16 11
6 16 10
2 17 10
2 18 10
0 19 10
4 34 13
6 34 12
2 35 12
2 36 12
2 37 12
0 38 12
2 19 21
3 18 21
0 18 20
2 20 10
2 21 10
2 22 10
0 23 10
1 48 36
1 48 37
1 48 38
1 48 39
0 48 40
0 36 35
1 10 4
1 10 3
1 10 2
1 10 1
6 10 0
0 11 0
0 14 30
1 2 7
1 2 6
1 2 5
1 2 4
1 2 3
1 2 2
1 2 1
5 2 0
0 1 0
1 24 42
1 24 41
5 24 40
0 23 40
3 0 44
1 0 43
6 0 42
0 1 42
1 48 6
3 48 7
0 49 7
-1
-1
-1
-1
-1
-1
-1
-1
-1
-1
-1
-1
-1
-1
-1
-1
-1
-1
-1
-1
-1
-1
-1
-1
-1
-1
-1
-1
-1
-1
-1
-1
-1
-1
-1
-1
-1
-1
-1
-1
-1
-1
-1
-1
-1
-1
-1
-1
-1
-1
-1
-1
-1
-1
-1
-1
-1
-1
-1
-1
-1
-1
-1
-1
-1
-1
-1
-1
-1
-1
-1
-1
-1
-1
-1
-1
-1
-1
-1
-1
-1
-1
-1
-1
-1
-1
-1
-1
-1
-1
-1
-1
-1
-1
-1
-1
-1
-1
-1
-1
-1
-1
-1
-1
-1
-1
-1
-1
-1
-1
-1
-1
-1
-1
-1
-1
-1
-1
-1
-1
-1
-1
-1
-1
-1
-1
-1
-1
-1
-1
-1
-1
-1
-1
-1
-1
-1
-1
-1
-1
-1
-1
-1
-1
-1
-1
-1
-1
-1
-1
-1
-1
-1
-1
-1
-1
-1
-1
-1
-1
-1
-1
-1
-1
-1
-1
-1
-1
-1
-1
-1
-1
-1
-1
-1
-1
-1
-1
-1
-1
-1
-1
-1
-1
-1
-1
-1
-1
-1
-1
-1
-1
-1
-1
-1
-1
-1
-1
-1
-1
-1
-1
-1
