0 21 28
2 22 28
2 23 28
2 24 28
2 25 28
2 26 28
5 27 28
1 27 29
1 27 30
1 27 31
1 27 32
1 27 33
0 27 34
2 20 28
2 19 28
2 18 28
-1
-1
2 17 28
-1
2 16 28
-1
-1
2 15 28
-1
2 14 28
-1
-1
2 13 28
-1
2 12 28
-1
2 11 28
-1
-1
2 10 28
-1
2 9 28
-1
-1
-1
-1
-1
-1
-1
-1
-1
-1
-1
-1
-1
-1
-1
-1
-1
-1
-1
-1
-1
-1
-1
-1
-1
-1
-1
-1
-1
-1
-1
-1
-1
-1
-1
-1
-1
-1
-1
-1
-1
-1
-1
-1
-1
-1
-1
-1
-1
-1
-1
-1
-1
-1
-1
-1
-1
-1
-1
-1
-1
-1
-1
-1
-1
-1
-1
-1
-1
-1
-1
-1
-1
-1
-1
-1
-1
-1
-1
-1
-1
-1
-1
-1
-1
-1
-1
-1
-1
-1
-1
-1
-1
-1
-1
-1
-1
-1
-1
-1
-1
-1
-1
-1
-1
-1
-1
-1
-1
-1
-1
-1
-1
-1
-1
-1
-1
-1
-1
-1
-1
0 8 28
4 28 34
1 28 33
1 28 32
1 28 31
1 28 30
1 28 29
6 28 28
2 29 28
2 30 28
2 31 28
2 32 28
4 33 28
1 33 27
1 33 26
1 33 25
1 33 24
1 33 23
1 33 22
1 33 21
1 33 20
1 33 19
1 33 18
1 33 17
6 33 16
4 34 16
1 34 15
6 34 14
4 35 14
1 35 13
1 35 12
1 35 11
1 35 10
1 35 9
1 35 8
1 35 7
6 35 6
2 36 6
2 37 6
2 38 6
4 39 6
6 39 5
2 40 5
2 41 5
2 42 5
-1
-1
-1
-1
-1
-1
-1
-1
-1
-1
-1
-1
-1
-1
-1
-1
-1
-1
-1
-1
-1
-1
-1
-1
-1
-1
-1
-1
-1
-1
-1
-1
-1
-1
-1
-1
-1
-1
-1
-1
0 43 5
6 8 27
2 9 27
4 10 27
1 10 26
1 10 25
1 10 24
1 10 23
1 10 22
1 10 21
1 10 20
1 10 19
1 10 18
1 10 17
-1
-1
-1
-1
0 10 16
1 43 4
1 43 3
6 43 2
2 44 2
-1
-1
-1
-1
-1
-1
0 45 2
1 27 35
1 27 36
1 27 37
1 27 38
1 27 39
3 27 40
2 28 40
0 29 40
4 21 29
2 20 29
6 19 29
1 19 30
1 19 31
1 19 32
4 19 33
2 18 33
2 17 33
0 16 33
5 10 15
2 9 15
2 8 15
2 7 15
0 6 15
1 29 41
1 29 42
1 29 43
1 29 44
4 29 45
0 28 45
1 6 16
1 6 17
4 6 18
2 5 18
2 4 18
2 3 18
0 2 18
0 39 6
5 45 1
2 44 1
2 43 1
2 42 1
0 41 1
0 36 6
6 26 34
1 26 35
0 26 36
1 6 14
6 6 13
2 7 13
2 8 13
0 9 13
1 43 6
1 43 7
0 43 8
0 26 28
0 6 18
2 7 28
2 6 28
2 5 28
0 4 28
0 35 14
0 28 32
0 33 28
2 40 1
2 39 1
2 38 1
0 37 1
0 19 31
0 37 2
0 21 27
0 33 21
1 43 9
1 43 10
1 43 11
3 43 12
0 44 12
0 35 8
0 35 11
0 10 21
0 10 19
0 46 2
0 34 16
0 15 33
0 29 28
0 17 28
0 11 16
2 11 21
2 12 21
2 13 21
2 14 21
0 15 21
0 15 20
2 45 12
2 46 12
2 47 12
0 48 12
0 27 40
2 25 36
2 24 36
0 23 36
0 13 28
4 36 11
6 36 10
2 37 10
0 38 10
1 15 19
1 15 18
0 15 17
0 32 21
1 2 17
1 2 16
0 2 15
0 10 27
1 48 11
5 48 10
0 47 10
2 35 16
2 36 16
2 37 16
0 38 16
2 20 31
2 21 31
2 22 31
0 23 31
0 24 31
1 9 12
0 9 11
2 39 10
0 40 10
1 15 16
0 15 15
1 15 22
1 15 23
0 15 24
2 22 36
2 21 36
0 20 36
2 10 11
2 11 11
0 12 11
1 20 37
1 20 38
1 20 39
0 20 40
1 38 17
1 38 18
1 38 19
0 38 20
2 34 8
2 33 8
0 32 8
3 28 46
5 29 46
0 29 47
5 29 32
1 29 33
3 29 34
2 30 34
0 31 34
1 32 7
1 32 6
0 32 5
1 32 4
5 32 3
0 31 3
2 44 5
2 45 5
0 46 5
1 31 35
0 31 36
1 41 2
0 41 3
1 26 27
1 26 26
1 26 25
0 26 24
1 15 14
6 15 13
2 16 13
2 17 13
0 18 13
1 38 21
3 38 22
0 39 22
2 47 5
2 48 5
0 49 5
2 28 47
2 27 47
2 26 47
0 25 47
1 29 27
6 29 26
0 30 26
1 2 14
1 2 13
0 2 12
2 16 20
2 17 20
0 18 20
1 2 19
0 2 20
1 8 29
1 8 30
1 8 31
1 8 32
0 8 33
1 2 21
0 2 22
1 2 23
3 2 24
2 3 24
2 4 24
0 5 24
1 8 34
0 8 35
2 24 47
2 23 47
2 22 47
0 21 47
1 9 10
1 9 9
0 9 8
4 32 9
2 31 9
0 30 9
2 29 9
2 28 9
2 27 9
2 26 9
2 25 9
0 24 9
3 8 11
5 8 10
2 7 10
0 6 10
0 21 48
2 19 40
2 18 40
0 17 40
0 23 9
2 3 28
2 2 28
0 1 28
1 48 13
1 48 14
1 48 15
1 48 16
0 48 17
2 31 21
2 30 21
0 29 21
1 48 18
1 48 19
1 48 20
1 48 21
4 48 22
0 47 22
0 12 28
1 12 29
1 12 30
4 12 31
0 11 31
0 44 13
1 47 23
0 47 24
1 44 14
0 44 15
0 6 19
0 47 25
1 25 48
0 25 49
3 31 37
2 32 37
2 33 37
0 34 37
6 9 21
4 9 22
0 8 22
1 34 36
6 34 35
2 35 35
0 36 35
2 37 35
0 38 35
2 19 36
0 18 36
0 16 24
1 23 32
0 23 33
1 2 11
0 2 10
1 29 20
5 29 19
0 28 19
2 27 19
2 26 19
0 25 19
0 48 20
2 46 24
0 45 24
1 25 20
4 25 21
0 24 21
1 8 36
1 8 37
1 8 38
1 8 39
3 8 40
0 9 40
0 9 41
0 30 25
6 18 19
4 19 19
0 19 18
0 38 34
2 34 28
2 35 28
2 36 28
0 37 28
2 17 24
2 18 24
0 19 24
1 28 18
1 28 17
1 28 16
1 28 15
0 28 14
1 17 41
1 17 42
0 17 43
1 33 29
3 33 30
0 34 30
1 23 10
1 23 11
0 23 12
0 9 42
1 1 29
1 1 30
1 1 31
1 1 32
0 1 33
1 23 13
1 23 14
0 23 15
4 30 47
6 30 46
2 31 46
2 32 46
0 33 46
1 9 43
1 9 44
1 9 45
3 9 46
0 10 46
2 21 40
0 22 40
1 44 16
1 44 17
1 44 18
4 44 19
0 43 19
0 27 14
6 25 24
1 25 25
0 25 26
2 36 1
0 35 1
1 33 45
1 33 44
6 33 43
2 34 43
0 35 43
2 23 40
0 24 40
1 37 29
3 37 30
0 38 30
0 44 14
2 9 35
2 10 35
2 11 35
0 12 35
1 9 7
1 9 6
0 9 5
3 7 33
0 7 32
1 47 26
1 47 27
1 47 28
1 47 29
4 47 30
0 46 30
2 45 30
2 44 30
0 43 30
3 46 31
2 47 31
0 48 31
0 3 18
4 10 47
2 9 47
0 8 47
4 21 49
2 20 49
2 19 49
0 18 49
1 18 12
1 18 11
1 18 10
1 18 9
0 18 8
2 30 40
0 31 40
1 37 27
5 37 26
2 36 26
0 35 26
-1
-1
-1
-1
-1
-1
-1
-1
-1
-1
-1
-1
-1
-1
-1
-1
-1
-1
-1
-1
-1
-1
-1
-1
-1
-1
-1
-1
-1
-1
-1
-1
-1
-1
-1
-1
-1
-1
-1
-1
-1
-1
-1
-1
-1
-1
-1
-1
-1
-1
-1
-1
-1
-1
-1
-1
-1
-1
-1
-1
-1
-1
-1
-1
-1
-1
-1
-1
-1
-1
-1
-1
-1
-1
-1
-1
-1
-1
-1
-1
-1
-1
-1
-1
-1
-1
-1
-1
-1
-1
-1
-1
-1
-1
-1
-1
-1
-1
-1
-1
-1
-1
-1
-1
-1
-1
