0 35 32
1 35 31
1 35 30
1 35 29
1 35 28
1 35 27
1 35 26
1 35 25
1 35 24
1 35 23
1 35 22
1 35 21
6 35 20
4 36 20
1 36 19
1 36 18
1 36 17
6 36 16
2 37 16
2 38 16
2 39 16
2 40 16
2 41 16
4 42 16
1 42 15
1 42 14
1 42 13
1 42 12
1 42 11
1 42 10
1 42 9
1 42 8
6 42 7
0 43 7
5 43 6
2 42 6
3 41 6
1 41 5
5 41 4
3 40 4
0 40 3
3 34 32
1 34 31
5 34 30
2 33 30
3 32 30
1 32 29
1 32 28
1 32 27
5 32 26
2 31 26
3 30 26
1 30 25
5 30 24
2 29 24
2 28 24
2 27 24
2 26 24
-1
-1
-1
-1
-1
-1
-1
-1
-1
-1
-1
-1
-1
-1
-1
-1
-1
-1
-1
-1
-1
-1
-1
-1
0 25 24
5 25 23
2 24 23
2 23 23
2 22 23
2 21 23
2 20 23
2 19 23
2 18 23
2 17 23
2 16 23
2 15 23
2 14 23
2 13 23
2 12 23
2 11 23
2 10 23
2 9 23
2 8 23
2 7 23
2 6 23
-1
-1
-1
-1
-1
-1
-1
-1
-1
-1
-1
-1
-1
-1
-1
-1
-1
-1
-1
-1
0 5 23
-1
-1
-1
-1
-1
-1
-1
-1
-1
-1
-1
-1
-1
-1
-1
-1
-1
-1
-1
-1
-1
-1
-1
0 42 16
1 5 24
1 5 25
1 5 26
1 5 27
1 5 28
1 5 29
1 5 30
1 5 31
3 5 32
2 6 32
2 7 32
2 8 32
2 9 32
2 10 32
-1
-1
-1
-1
-1
-1
-1
-1
0 11 32
1 35 33
1 35 34
4 35 35
2 34 35
6 33 35
1 33 36
1 33 37
1 33 38
1 33 39
1 33 40
1 33 41
1 33 42
1 33 43
1 33 44
1 33 45
1 33 46
1 33 47
-1
-1
0 33 48
1 5 22
6 5 21
2 6 21
2 7 21
2 8 21
2 9 21
2 10 21
2 11 21
2 12 21
2 13 21
2 14 21
4 15 21
1 15 20
1 15 19
1 15 18
1 15 17
1 15 16
1 15 15
1 15 14
6 15 13
2 16 13
2 17 13
0 18 13
4 33 49
2 32 49
2 31 49
2 30 49
-1
-1
-1
-1
-1
0 29 49
3 4 23
1 4 22
5 4 21
2 3 21
3 2 21
1 2 20
1 2 19
1 2 18
1 2 17
1 2 16
-1
-1
0 2 15
2 12 32
2 13 32
2 14 32
2 15 32
2 16 32
2 17 32
2 18 32
2 19 32
-1
0 20 32
-1
-1
-1
-1
-1
-1
-1
0 35 28
-1
-1
-1
-1
-1
-1
-1
0 35 35
-1
-1
-1
-1
-1
-1
0 2 21
2 39 3
2 38 3
2 37 3
6 36 3
1 36 4
4 36 5
2 35 5
0 34 5
1 11 31
6 11 30
2 12 30
2 13 30
-1
0 14 30
5 34 48
3 34 49
2 35 49
2 36 49
2 37 49
2 38 49
2 39 49
2 40 49
2 41 49
2 42 49
2 43 49
2 44 49
2 45 49
0 46 49
0 32 30
1 20 33
1 20 34
1 20 35
1 20 36
4 20 37
2 19 37
0 18 37
0 8 21
6 40 2
2 41 2
2 42 2
2 43 2
0 44 2
2 44 7
2 45 7
2 46 7
0 47 7
1 34 6
1 34 7
1 34 8
1 34 9
1 34 10
4 34 11
6 33 11
4 33 12
2 32 12
6 31 12
0 31 13
0 15 21
1 35 36
3 35 37
0 36 37
1 25 25
1 25 26
0 25 27
1 29 48
1 29 47
1 29 46
1 29 45
6 29 44
0 30 44
0 42 11
3 24 27
5 24 26
2 23 26
2 22 26
0 21 26
0 6 32
-1
-1
0 33 45
4 6 33
2 5 33
2 4 33
2 3 33
2 2 33
0 1 33
0 41 6
1 42 17
1 42 18
3 42 19
2 43 19
0 44 19
0 36 20
2 28 49
2 27 49
2 26 49
0 25 49
0 27 24
1 8 20
1 8 19
6 8 18
0 9 18
1 2 14
5 2 13
0 1 13
0 22 26
1 1 12
1 1 11
1 1 10
1 1 9
1 1 8
0 1 7
2 20 26
0 19 26
0 1 32
6 41 11
4 41 12
2 40 12
0 39 12
1 1 34
1 1 35
1 1 36
1 1 37
1 1 38
1 1 39
1 1 40
0 1 41
0 33 40
0 30 26
0 34 11
0 20 34
0 12 23
1 32 31
1 32 32
4 32 33
2 31 33
0 30 33
0 33 35
2 2 41
2 3 41
0 4 41
0 10 23
5 19 25
2 18 25
0 17 25
2 36 32
0 37 32
1 44 3
3 44 4
0 45 4
2 45 2
2 46 2
2 47 2
0 48 2
2 29 33
0 28 33
2 19 13
2 20 13
2 21 13
2 22 13
2 23 13
0 24 13
0 6 33
0 36 3
5 34 45
3 34 46
0 35 46
1 18 12
1 18 11
1 18 10
1 18 9
1 18 8
1 18 7
6 18 6
0 19 6
1 19 5
5 19 4
2 18 4
2 17 4
2 16 4
0 15 4
5 34 4
2 33 4
2 32 4
0 31 4
4 25 28
0 24 28
2 5 41
2 6 41
2 7 41
0 8 41
1 24 14
1 24 15
0 24 16
0 30 43
0 8 40
4 20 6
1 20 5
6 20 4
2 21 4
2 22 4
2 23 4
0 24 4
2 9 41
2 10 41
2 11 41
2 12 41
2 13 41
2 14 41
0 15 41
6 36 36
2 37 36
2 38 36
2 39 36
2 40 36
2 41 36
2 42 36
0 43 36
1 43 35
6 43 34
2 44 34
2 45 34
2 46 34
0 47 34
1 47 33
1 47 32
0 47 31
1 31 5
0 31 6
1 14 29
0 14 28
6 35 45
2 36 45
2 37 45
2 38 45
2 39 45
0 40 45
1 24 17
0 24 18
2 10 18
2 11 18
4 12 18
1 12 17
0 12 16
1 8 42
1 8 43
1 8 44
1 8 45
0 8 46
1 34 12
1 34 13
1 34 14
1 34 15
0 34 16
5 2 7
3 2 8
2 3 8
2 4 8
2 5 8
2 6 8
0 7 8
1 7 9
3 7 10
2 8 10
2 9 10
2 10 10
0 11 10
3 8 47
2 9 47
2 10 47
2 11 47
0 12 47
1 24 12
1 24 11
1 24 10
6 24 9
0 25 9
-1
-1
-1
-1
-1
-1
-1
-1
-1
-1
-1
-1
-1
-1
-1
-1
-1
-1
-1
-1
-1
-1
-1
-1
-1
-1
-1
-1
-1
-1
-1
-1
-1
-1
-1
-1
-1
-1
-1
-1
-1
-1
-1
-1
-1
-1
-1
-1
-1
-1
-1
-1
-1
-1
-1
-1
-1
-1
-1
-1
-1
-1
-1
-1
-1
-1
-1
-1
-1
-1
-1
-1
-1
-1
-1
-1
-1
-1
-1
-1
-1
-1
-1
-1
-1
-1
-1
-1
-1
-1
-1
-1
-1
-1
-1
-1
-1
-1
-1
-1
-1
-1
-1
-1
-1
-1
-1
-1
-1
-1
-1
-1
-1
-1
-1
-1
-1
-1
-1
-1
-1
-1
-1
-1
-1
-1
-1
-1
-1
-1
-1
-1
-1
-1
-1
-1
-1
-1
-1
-1
-1
-1
-1
-1
-1
-1
-1
-1
-1
-1
-1
-1
-1
-1
-1
-1
-1
-1
-1
-1
-1
-1
-1
-1
-1
-1
-1
-1
-1
-1
-1
-1
-1
-1
-1
-1
-1
-1
-1
-1
-1
-1
-1
-1
-1
-1
-1
-1
-1
-1
-1
-1
-1
-1
-1
-1
-1
-1
-1
-1
-1
-1
-1
-1
-1
-1
-1
-1
-1
-1
-1
-1
-1
-1
-1
-1
-1
-1
-1
-1
-1
-1
-1
-1
-1
-1
-1
-1
-1
-1
-1
-1
-1
-1
-1
-1
-1
-1
-1
-1
-1
-1
-1
-1
-1
-1
-1
-1
-1
-1
-1
-1
-1
