0 9 15
2 10 15
2 11 15
2 12 15
2 13 15
2 14 15
2 15 15
2 16 15
2 17 15
2 18 15
2 19 15
2 20 15
2 21 15
2 22 15
5 23 15
1 23 16
3 23 17
2 24 17
2 25 17
2 26 17
2 27 17
2 28 17
2 29 17
2 30 17
2 31 17
2 32 17
2 33 17
2 34 17
0 35 17
2 36 17
2 37 17
5 38 17
3 38 18
2 39 18
2 40 18
2 41 18
2 42 18
-1
-1
-1
-1
-1
-1
-1
-1
-1
-1
-1
-1
-1
-1
-1
-1
-1
0 43 18
1 9 14
6 9 13
2 10 13
2 11 13
2 12 13
4 13 13
1 13 12
1 13 11
1 13 10
1 13 9
-1
-1
-1
-1
-1
-1
-1
-1
-1
-1
-1
-1
-1
0 13 8
1 35 18
1 35 19
3 35 20
5 36 20
-1
-1
-1
-1
-1
-1
-1
-1
-1
0 36 21
2 12 8
2 11 8
2 10 8
-1
-1
-1
-1
-1
-1
0 9 8
-1
-1
-1
-1
-1
-1
-1
0 40 18
2 8 8
2 7 8
2 6 8
2 5 8
3 4 8
1 4 7
0 4 6
3 8 15
1 8 14
1 8 13
5 8 12
2 7 12
0 6 12
4 9 16
2 8 16
6 7 16
1 7 17
1 7 18
0 7 19
1 43 17
1 43 16
1 43 15
6 43 14
0 44 14
3 6 19
5 6 18
2 5 18
0 4 18
2 45 14
4 46 14
0 46 13
1 13 7
1 13 6
0 13 5
1 35 16
1 35 15
1 35 14
1 35 13
5 35 12
0 34 12
6 34 11
2 35 11
2 36 11
0 37 11
2 14 5
2 15 5
2 16 5
4 17 5
1 17 4
0 17 3
0 10 15
2 35 21
2 34 21
2 33 21
2 32 21
0 31 21
1 31 22
1 31 23
0 31 24
0 7 12
1 7 20
0 7 21
4 6 13
2 5 13
2 4 13
0 3 13
0 2 13
0 7 22
1 4 5
0 4 4
2 30 21
0 29 21
0 34 21
0 17 5
2 18 3
2 19 3
2 20 3
0 21 3
1 40 17
0 40 16
1 37 12
0 37 13
1 37 10
1 37 9
6 37 8
2 38 8
0 39 8
1 39 7
1 39 6
1 39 5
6 39 4
0 40 4
2 8 19
2 9 19
0 10 19
0 28 17
0 13 15
1 4 3
0 4 2
2 41 4
2 42 4
0 43 4
1 43 19
1 43 20
3 43 21
0 44 21
4 40 19
0 39 19
0 13 13
2 45 21
2 46 21
0 47 21
0 23 15
0 21 4
2 22 3
2 23 3
0 24 3
0 32 17
1 24 4
1 24 5
3 24 6
2 25 6
0 26 6
2 5 2
2 6 2
0 7 2
2 3 6
2 2 6
0 1 6
0 4 17
1 26 7
0 26 8
1 46 12
1 46 11
0 46 10
1 26 9
0 26 10
2 25 10
2 24 10
0 23 10
0 4 8
5 40 3
2 39 3
0 38 3
0 37 3
1 36 22
1 36 23
0 36 24
2 11 19
2 12 19
2 13 19
0 14 19
0 38 17
1 36 25
1 36 26
0 36 27
2 36 3
2 35 3
2 34 3
2 33 3
0 32 3
0 23 17
0 8 8
0 36 28
1 43 3
0 43 2
2 28 21
0 27 21
2 37 28
2 38 28
0 39 28
0 17 2
1 32 2
0 32 1
0 33 12
0 4 9
1 36 29
1 36 30
4 36 31
6 35 31
1 35 32
0 35 33
2 40 28
2 41 28
2 42 28
2 43 28
2 44 28
2 45 28
0 46 28
2 36 33
2 37 33
0 38 33
2 14 13
2 15 13
0 16 13
0 14 8
1 38 34
1 38 35
3 38 36
0 39 36
1 39 37
0 39 38
1 46 29
1 46 30
0 46 31
2 22 10
2 21 10
2 20 10
0 19 10
0 43 28
1 46 32
1 46 33
3 46 34
2 47 34
0 48 34
1 19 9
0 19 8
2 31 1
2 30 1
0 29 1
6 26 5
2 27 5
0 28 5
1 48 35
1 48 36
1 48 37
1 48 38
0 48 39
1 48 40
1 48 41
0 48 42
2 47 42
0 46 42
0 32 4
2 32 12
2 31 12
0 30 12
1 39 39
1 39 40
4 39 41
2 38 41
0 37 41
2 36 41
0 35 41
1 14 20
0 14 21
0 34 41
2 15 21
2 16 21
0 17 21
1 46 43
1 46 44
1 46 45
0 46 46
2 45 46
2 44 46
0 43 46
1 43 27
1 43 26
0 43 25
0 8 15
0 19 11
2 6 21
2 5 21
2 4 21
0 3 21
0 32 16
1 35 34
0 35 35
2 39 33
2 40 33
0 41 33
1 24 2
0 24 1
1 17 22
1 17 23
0 17 24
1 17 25
1 17 26
1 17 27
1 17 28
3 17 29
0 18 29
0 47 10
1 18 30
1 18 31
1 18 32
0 18 33
1 18 34
1 18 35
3 18 36
2 19 36
0 20 36
1 20 37
1 20 38
1 20 39
1 20 40
0 20 41
3 47 39
1 47 38
5 47 37
2 46 37
0 45 37
2 21 41
5 22 41
1 22 42
1 22 43
0 22 44
0 21 36
0 22 41
1 22 45
1 22 46
1 22 47
0 22 48
2 21 48
2 20 48
2 19 48
0 18 48
2 17 48
0 16 48
2 15 48
2 14 48
2 13 48
2 12 48
2 11 48
0 10 48
1 10 47
1 10 46
1 10 45
1 10 44
0 10 43
6 7 1
2 8 1
2 9 1
0 10 1
0 13 48
2 11 43
0 12 43
2 19 29
0 20 29
2 11 1
0 12 1
2 44 2
2 45 2
2 46 2
0 47 2
2 3 17
2 2 17
0 1 17
2 9 48
2 8 48
2 7 48
0 6 48
2 9 43
2 8 43
2 7 43
2 6 43
2 5 43
0 4 43
5 43 24
2 42 24
0 41 24
5 23 44
3 23 45
2 24 45
2 25 45
0 26 45
3 5 48
5 5 47
2 4 47
2 3 47
0 2 47
3 19 41
1 19 40
0 19 39
0 24 6
2 17 33
0 16 33
0 2 21
2 18 39
2 17 39
0 16 39
2 34 35
2 33 35
2 32 35
2 31 35
0 30 35
1 43 5
1 43 6
0 43 7
1 26 46
0 26 47
0 9 48
5 20 11
0 20 12
0 40 38
1 4 42
1 4 41
0 4 40
1 10 42
1 10 41
0 10 40
0 16 5
1 41 32
0 41 31
0 4 39
1 47 3
0 47 4
1 10 39
1 10 38
5 10 37
0 9 37
0 13 11
0 16 15
1 37 2
0 37 1
2 22 17
2 21 17
0 20 17
0 32 5
1 32 6
4 32 7
0 31 7
1 30 13
4 30 14
0 29 14
5 46 41
2 45 41
2 44 41
0 43 41
1 9 7
1 9 6
0 9 5
0 20 8
2 45 10
0 44 10
6 20 28
2 21 28
0 22 28
0 20 13
1 7 23
1 7 24
1 7 25
0 7 26
0 23 28
5 2 12
0 1 12
0 32 24
0 6 26
0 38 8
2 1 47
0 0 47
4 47 28
0 47 27
1 35 36
0 35 37
2 15 33
2 14 33
0 13 33
0 35 31
2 24 28
0 25 28
2 33 5
0 34 5
5 13 32
2 12 32
0 11 32
2 37 24
0 38 24
0 7 43
1 26 44
1 26 43
0 26 42
5 35 30
2 34 30
2 33 30
2 32 30
0 31 30
2 3 2
0 2 2
2 18 24
2 19 24
0 20 24
2 22 36
5 23 36
3 23 37
0 24 37
2 8 26
2 9 26
0 10 26
0 39 20
6 26 41
4 27 41
0 27 40
2 34 37
0 33 37
0 7 1
0 31 8
2 5 26
2 4 26
0 3 26
1 23 18
0 23 19
5 47 13
1 47 14
3 47 15
0 48 15
1 23 20
1 23 21
3 23 22
0 24 22
2 11 26
2 12 26
0 13 26
0 17 27
6 17 1
2 18 1
0 19 1
1 25 29
1 25 30
1 25 31
0 25 32
0 18 21
0 27 39
0 48 27
2 26 28
2 27 28
0 28 28
1 10 25
1 10 24
0 10 23
2 38 13
2 39 13
0 40 13
0 47 46
1 4 38
1 4 37
1 4 36
0 4 35
6 4 16
0 5 16
2 24 19
0 25 19
1 47 5
0 47 6
2 13 43
2 14 43
2 15 43
2 16 43
0 17 43
1 12 44
3 12 45
0 13 45
1 11 31
0 11 30
6 12 42
0 13 42
1 37 42
1 37 43
1 37 44
1 37 45
1 37 46
0 37 47
4 27 45
6 27 44
2 28 44
2 29 44
0 30 44
1 4 34
5 4 33
2 3 33
3 2 33
0 2 32
0 37 8
3 24 23
2 25 23
0 26 23
2 36 47
0 35 47
4 5 35
1 5 34
0 5 33
-1
-1
-1
-1
-1
-1
-1
-1
-1
-1
-1
-1
-1
-1
-1
-1
-1
-1
-1
-1
-1
-1
-1
-1
-1
-1
-1
-1
-1
-1
-1
-1
-1
-1
-1
-1
-1
-1
-1
-1
-1
-1
-1
-1
-1
-1
-1
-1
-1
-1
-1
-1
-1
-1
-1
-1
-1
-1
-1
-1
-1
-1
-1
-1
-1
-1
-1
-1
-1
-1
-1
-1
-1
-1
-1
-1
-1
-1
-1
-1
-1
-1
-1
-1
-1
-1
-1
-1
-1
-1
-1
-1
-1
-1
-1
-1
-1
-1
-1
-1
-1
-1
-1
-1
-1
-1
-1
