0 36 20
2 37 20
2 38 20
4 39 20
1 39 19
1 39 18
1 39 17
1 39 16
6 39 15
2 40 15
2 41 15
4 42 15
1 42 14
1 42 13
1 42 12
6 42 11
2 43 11
4 44 11
6 44 10
4 45 10
1 45 9
1 45 8
1 45 7
1 45 6
6 45 5
0 46 5
1 36 21
4 36 22
2 35 22
2 34 22
2 33 22
6 32 22
4 32 23
2 31 23
2 30 23
2 29 23
2 28 23
2 27 23
2 26 23
2 25 23
2 24 23
6 23 23
1 23 24
1 23 25
1 23 26
1 23 27
4 23 28
2 22 28
2 21 28
2 20 28
2 19 28
-1
-1
-1
-1
-1
-1
-1
-1
-1
-1
-1
-1
-1
-1
-1
-1
-1
-1
-1
-1
-1
-1
-1
-1
-1
-1
-1
-1
-1
-1
-1
-1
-1
-1
-1
-1
-1
-1
-1
-1
-1
-1
-1
-1
-1
-1
-1
-1
0 18 28
1 46 4
1 46 3
6 46 2
2 47 2
-1
-1
-1
-1
-1
-1
-1
-1
-1
-1
-1
-1
-1
-1
-1
-1
-1
-1
-1
-1
-1
-1
0 48 2
4 18 29
2 17 29
2 16 29
6 15 29
1 15 30
1 15 31
1 15 32
1 15 33
4 15 34
2 14 34
2 13 34
2 12 34
2 11 34
-1
-1
-1
-1
0 10 34
1 10 33
1 10 32
1 10 31
1 10 30
5 10 29
3 9 29
1 9 28
1 9 27
5 9 26
2 8 26
0 7 26
1 10 35
1 10 36
3 10 37
2 11 37
-1
-1
-1
0 12 37
5 48 1
2 47 1
2 46 1
2 45 1
2 44 1
2 43 1
6 42 1
1 42 2
4 42 3
2 41 3
6 40 3
1 40 4
0 40 5
0 34 22
2 6 26
2 5 26
2 4 26
3 3 26
1 3 25
1 3 24
0 3 23
-1
0 15 32
1 18 27
1 18 26
5 18 25
2 17 25
2 16 25
0 15 25
3 46 6
2 47 6
0 48 6
1 3 22
1 3 21
6 3 20
2 4 20
2 5 20
0 6 20
0 42 1
2 35 20
2 34 20
3 33 20
1 33 19
1 33 18
0 33 17
0 45 8
0 39 18
0 15 29
1 40 6
1 40 7
4 40 8
2 39 8
2 38 8
0 37 8
0 40 8
0 23 23
0 23 26
0 10 32
2 16 32
2 17 32
0 18 32
5 46 8
1 46 9
3 46 10
5 47 10
0 47 11
0 15 34
0 42 15
0 25 23
0 9 29
0 39 16
0 33 18
0 45 1
0 9 26
1 34 23
1 34 24
0 34 25
4 34 26
2 33 26
0 32 26
2 7 20
0 8 20
1 32 27
1 32 28
1 32 29
0 32 30
1 18 33
1 18 34
1 18 35
1 18 36
3 18 37
0 19 37
1 32 31
1 32 32
1 32 33
1 32 34
3 32 35
0 33 35
1 33 36
1 33 37
0 33 38
1 33 39
1 33 40
1 33 41
1 33 42
1 33 43
3 33 44
0 34 44
0 17 25
2 35 44
2 36 44
2 37 44
0 38 44
0 3 21
6 38 43
2 39 43
2 40 43
0 41 43
0 20 28
6 32 38
1 32 39
4 32 40
0 31 40
0 40 3
2 34 35
2 35 35
2 36 35
0 37 35
2 38 35
0 39 35
0 42 3
5 40 2
2 39 2
2 38 2
0 37 2
0 3 26
3 38 16
1 38 15
1 38 14
0 38 13
2 19 32
0 20 32
1 47 12
1 47 13
0 47 14
0 32 22
0 39 20
0 8 21
2 36 2
2 35 2
0 34 2
3 39 21
2 40 21
0 41 21
2 33 2
2 32 2
2 31 2
0 30 2
2 29 2
2 28 2
2 27 2
2 26 2
0 25 2
2 24 2
2 23 2
2 22 2
2 21 2
2 20 2
2 19 2
2 18 2
0 17 2
0 44 11
0 20 2
5 17 1
2 16 1
2 15 1
0 14 1
1 14 2
1 14 3
1 14 4
1 14 5
4 14 6
6 13 6
0 13 7
2 13 1
2 12 1
0 11 1
0 13 8
1 17 24
0 17 23
2 12 7
2 11 7
2 10 7
2 9 7
0 8 7
0 40 35
1 41 22
1 41 23
1 41 24
0 41 25
0 14 4
1 13 9
1 13 10
1 13 11
3 13 12
2 14 12
2 15 12
2 16 12
2 17 12
0 18 12
0 24 26
1 18 13
3 18 14
0 19 14
1 19 15
0 19 16
0 18 16
0 11 2
0 13 12
2 40 25
0 39 25
2 17 16
0 16 16
2 42 25
2 43 25
2 44 25
0 45 25
0 14 29
1 38 45
1 38 46
4 38 47
0 37 47
1 8 6
0 8 5
2 30 40
0 29 40
6 17 22
2 18 22
0 19 22
0 10 37
2 37 13
2 36 13
0 35 13
1 25 22
0 25 21
1 41 44
1 41 45
0 41 46
1 25 20
0 25 19
1 34 3
1 34 4
0 34 5
3 41 47
2 42 47
0 43 47
0 49 2
6 31 26
4 31 27
2 30 27
0 29 27
0 17 3
1 34 6
4 34 7
2 33 7
2 32 7
0 31 7
1 29 28
4 29 29
2 28 29
0 27 29
2 44 47
2 45 47
0 46 47
2 9 21
2 10 21
2 11 21
0 12 21
0 29 2
2 12 12
2 11 12
0 10 12
0 24 2
0 40 36
1 41 42
1 41 41
6 41 40
2 42 40
0 43 40
2 9 34
2 8 34
2 7 34
2 6 34
0 5 34
1 40 34
6 40 33
2 41 33
0 42 33
2 20 14
2 21 14
0 22 14
1 22 13
6 22 12
2 23 12
0 24 12
2 9 32
0 8 32
6 24 11
2 25 11
0 26 11
1 20 3
1 20 4
1 20 5
3 20 6
0 21 6
1 10 38
0 10 39
2 46 25
2 47 25
0 48 25
2 10 26
0 11 26
0 11 0
1 47 15
0 47 16
2 7 5
2 6 5
0 5 5
1 26 12
1 26 13
3 26 14
0 27 14
1 26 10
1 26 9
0 26 8
1 37 34
5 37 33
0 36 33
4 7 27
2 6 27
0 5 27
2 26 19
2 27 19
2 28 19
0 29 19
1 37 1
0 37 0
0 41 8
1 29 41
1 29 42
1 29 43
1 29 44
0 29 45
4 29 46
0 28 46
1 26 7
0 26 6
1 27 30
1 27 31
1 27 32
1 27 33
0 27 34
1 19 38
1 19 39
3 19 40
2 20 40
0 21 40
2 13 21
0 14 21
0 47 10
1 33 16
6 33 15
0 34 15
4 5 35
6 4 35
1 4 36
1 4 37
4 4 38
0 3 38
1 43 39
6 43 38
2 44 38
2 45 38
2 46 38
2 47 38
0 48 38
6 18 11
0 19 11
1 48 39
1 48 40
1 48 41
0 48 42
2 46 16
6 45 16
1 45 17
0 45 18
2 27 11
2 28 11
0 29 11
6 5 4
0 6 4
3 10 40
2 11 40
2 12 40
2 13 40
0 14 40
4 21 41
2 20 41
2 19 41
0 18 41
2 4 5
2 3 5
0 2 5
6 30 1
0 31 1
1 45 26
1 45 27
1 45 28
0 45 29
1 14 20
0 14 19
1 2 6
1 2 7
1 2 8
1 2 9
1 2 10
1 2 11
1 2 12
4 2 13
2 1 13
0 0 13
2 9 39
2 8 39
6 7 39
1 7 40
1 7 41
1 7 42
1 7 43
1 7 44
1 7 45
1 7 46
1 7 47
4 7 48
0 6 48
-1
-1
-1
-1
-1
-1
-1
-1
-1
-1
-1
-1
-1
-1
-1
-1
-1
-1
-1
-1
-1
-1
-1
-1
-1
-1
-1
-1
-1
-1
-1
-1
-1
-1
-1
-1
-1
-1
-1
-1
-1
-1
-1
-1
-1
-1
-1
-1
-1
-1
-1
-1
-1
-1
-1
-1
-1
-1
-1
-1
-1
-1
-1
-1
-1
-1
-1
-1
-1
-1
-1
-1
-1
-1
-1
-1
-1
-1
-1
-1
-1
-1
-1
-1
-1
-1
-1
-1
-1
-1
-1
-1
-1
-1
-1
-1
-1
-1
-1
-1
-1
-1
-1
-1
-1
-1
-1
-1
-1
-1
-1
-1
-1
-1
-1
-1
-1
-1
-1
-1
-1
-1
-1
-1
-1
-1
-1
-1
-1
-1
-1
-1
-1
-1
-1
-1
-1
-1
-1
-1
-1
-1
-1
-1
-1
-1
-1
-1
-1
-1
-1
-1
-1
-1
-1
-1
-1
-1
-1
-1
-1
-1
-1
-1
-1
-1
-1
-1
-1
-1
-1
-1
-1
-1
-1
-1
-1
-1
-1
-1
-1
-1
-1
-1
-1
-1
-1
-1
-1
-1
-1
-1
