0 20 37
1 20 36
1 20 35
1 20 34
1 20 33
1 20 32
1 20 31
1 20 30
1 20 29
1 20 28
1 20 27
1 20 26
1 20 25
1 20 24
1 20 23
1 20 22
1 20 21
6 20 20
2 21 20
2 22 20
4 23 20
1 23 19
1 23 18
1 23 17
1 23 16
1 23 15
0 23 14
-1
-1
1 20 38
-1
-1
-1
1 20 39
-1
-1
1 20 40
-1
-1
-1
1 20 41
-1
-1
-1
-1
-1
-1
-1
-1
-1
-1
-1
-1
-1
-1
-1
-1
-1
-1
-1
-1
-1
-1
-1
-1
-1
-1
-1
-1
-1
-1
-1
-1
-1
-1
-1
-1
-1
-1
-1
-1
-1
-1
-1
-1
-1
-1
-1
-1
-1
-1
-1
-1
-1
-1
-1
-1
-1
-1
-1
-1
-1
-1
-1
-1
-1
-1
-1
-1
-1
-1
-1
-1
-1
-1
-1
-1
-1
-1
-1
-1
-1
-1
-1
-1
-1
-1
-1
-1
-1
-1
-1
-1
-1
-1
-1
-1
-1
-1
-1
-1
-1
-1
-1
-1
-1
-1
-1
-1
-1
-1
-1
-1
-1
-1
-1
-1
-1
-1
-1
-1
-1
-1
-1
-1
-1
-1
-1
-1
-1
-1
-1
-1
-1
-1
-1
-1
-1
-1
-1
-1
-1
-1
-1
-1
-1
-1
-1
-1
-1
-1
-1
-1
-1
-1
-1
-1
-1
-1
-1
-1
-1
-1
-1
-1
-1
-1
-1
-1
-1
-1
-1
0 20 42
-1
2 21 42
2 22 42
-1
2 23 42
-1
2 24 42
2 25 42
-1
2 26 42
4 27 42
-1
6 27 41
2 28 41
-1
2 29 41
-1
2 30 41
2 31 41
-1
2 32 41
2 33 41
-1
2 34 41
2 35 41
-1
2 36 41
2 37 41
-1
2 38 41
-1
2 39 41
2 40 41
-1
2 41 41
-1
-1
-1
-1
-1
-1
-1
-1
-1
-1
-1
-1
-1
-1
-1
-1
-1
-1
-1
-1
-1
-1
-1
-1
-1
-1
-1
-1
-1
-1
-1
-1
-1
-1
-1
-1
-1
-1
-1
-1
-1
-1
-1
-1
-1
-1
-1
-1
-1
-1
-1
-1
-1
-1
-1
-1
-1
-1
-1
-1
-1
-1
-1
-1
-1
-1
-1
-1
-1
-1
-1
-1
-1
-1
-1
-1
-1
0 42 41
5 24 14
1 24 15
3 24 16
2 25 16
2 26 16
2 27 16
2 28 16
2 29 16
-1
-1
-1
-1
-1
-1
-1
-1
-1
-1
-1
-1
-1
-1
-1
-1
-1
-1
-1
-1
-1
-1
-1
-1
-1
-1
-1
-1
-1
-1
-1
-1
-1
-1
0 30 16
2 43 41
2 44 41
4 45 41
1 45 40
1 45 39
1 45 38
6 45 37
-1
-1
-1
-1
-1
-1
-1
-1
-1
-1
-1
-1
-1
-1
-1
-1
-1
-1
-1
-1
-1
-1
-1
-1
-1
0 46 37
1 46 36
1 46 35
1 46 34
1 46 33
1 46 32
1 46 31
6 46 30
4 47 30
1 47 29
1 47 28
1 47 27
1 47 26
1 47 25
1 47 24
1 47 23
1 47 22
-1
-1
-1
-1
-1
-1
-1
-1
-1
-1
-1
-1
-1
-1
0 47 21
2 22 14
2 21 14
2 20 14
2 19 14
2 18 14
2 17 14
2 16 14
2 15 14
2 14 14
2 13 14
2 12 14
2 11 14
3 10 14
1 10 13
1 10 12
1 10 11
1 10 10
1 10 9
1 10 8
1 10 7
1 10 6
1 10 5
1 10 4
1 10 3
5 10 2
2 9 2
2 8 2
2 7 2
2 6 2
0 5 2
1 20 43
1 20 44
1 20 45
1 20 46
4 20 47
2 19 47
2 18 47
2 17 47
2 16 47
2 15 47
2 14 47
2 13 47
2 12 47
2 11 47
2 10 47
2 9 47
-1
0 8 47
1 5 3
1 5 4
1 5 5
1 5 6
1 5 7
4 5 8
2 4 8
2 3 8
-1
-1
-1
-1
-1
0 2 8
1 42 42
1 42 43
3 42 44
2 43 44
2 44 44
2 45 44
2 46 44
-1
-1
-1
-1
-1
-1
0 47 44
-1
-1
-1
-1
-1
-1
-1
-1
-1
-1
0 20 25
-1
-1
-1
-1
-1
-1
-1
-1
0 18 47
-1
-1
-1
-1
-1
-1
-1
-1
0 15 14
-1
-1
-1
-1
-1
-1
-1
-1
0 45 41
2 21 37
2 22 37
2 23 37
2 24 37
4 25 37
1 25 36
6 25 35
2 26 35
2 27 35
2 28 35
2 29 35
0 30 35
-1
-1
-1
-1
0 10 14
1 30 15
1 30 14
1 30 13
1 30 12
1 30 11
1 30 10
1 30 9
1 30 8
1 30 7
1 30 6
1 30 5
1 30 4
1 30 3
0 30 2
-1
0 23 20
3 30 36
2 31 36
2 32 36
2 33 36
2 34 36
-1
0 35 36
6 46 21
1 46 22
1 46 23
1 46 24
1 46 25
1 46 26
4 46 27
2 45 27
2 44 27
0 43 27
-1
0 47 30
2 7 47
2 6 47
2 5 47
2 4 47
-1
0 3 47
2 29 2
-1
-1
-1
-1
0 28 2
1 10 15
4 10 16
-1
-1
0 9 16
-1
-1
-1
0 25 37
-1
-1
-1
-1
-1
-1
-1
-1
-1
-1
-1
-1
-1
-1
-1
-1
-1
-1
-1
-1
-1
-1
-1
-1
-1
-1
-1
-1
-1
-1
-1
-1
-1
-1
-1
-1
-1
-1
-1
-1
-1
-1
-1
-1
-1
-1
-1
-1
-1
-1
-1
-1
-1
-1
-1
-1
-1
-1
-1
-1
-1
-1
-1
-1
-1
-1
-1
-1
-1
-1
-1
-1
-1
-1
-1
-1
-1
-1
-1
-1
-1
-1
-1
-1
-1
-1
-1
-1
-1
-1
-1
-1
-1
-1
-1
-1
-1
-1
-1
-1
-1
-1
-1
-1
-1
-1
-1
-1
-1
-1
-1
-1
-1
-1
-1
-1
-1
-1
-1
-1
-1
-1
-1
-1
-1
-1
-1
-1
-1
-1
-1
-1
-1
-1
-1
-1
-1
-1
-1
-1
-1
-1
-1
-1
-1
-1
-1
-1
-1
-1
-1
-1
-1
-1
-1
-1
-1
-1
-1
-1
-1
-1
-1
-1
-1
-1
-1
-1
-1
-1
-1
-1
-1
-1
-1
-1
-1
-1
-1
-1
