0 34 40
1 34 39
1 34 38
1 34 37
1 34 36
1 34 35
1 34 34
1 34 33
1 34 32
1 34 31
1 34 30
1 34 29
1 34 28
1 34 27
1 34 26
1 34 25
1 34 24
1 34 23
1 34 22
1 34 21
1 34 20
1 34 19
1 34 18
1 34 17
1 34 16
0 34 15
2 35 40
2 36 40
2 37 40
2 38 40
5 39 40
1 39 41
1 39 42
3 39 43
2 40 43
2 41 43
2 42 43
2 43 43
-1
-1
-1
-1
-1
-1
-1
-1
-1
-1
-1
-1
-1
-1
-1
-1
-1
-1
-1
-1
-1
-1
-1
-1
-1
-1
-1
-1
-1
-1
-1
-1
-1
-1
-1
-1
-1
-1
-1
-1
-1
-1
-1
-1
-1
-1
-1
-1
-1
-1
-1
-1
-1
-1
-1
-1
-1
-1
-1
-1
-1
-1
-1
-1
-1
-1
-1
-1
-1
-1
-1
-1
-1
-1
-1
-1
-1
-1
-1
-1
-1
-1
-1
-1
-1
-1
-1
0 44 43
2 33 15
2 32 15
2 31 15
2 30 15
2 29 15
-1
2 28 15
2 27 15
2 26 15
2 25 15
2 24 15
2 23 15
2 22 15
2 21 15
2 20 15
2 19 15
-1
2 18 15
3 17 15
5 17 14
2 16 14
2 15 14
2 14 14
2 13 14
2 12 14
-1
-1
-1
-1
-1
-1
-1
-1
-1
-1
-1
-1
-1
-1
-1
-1
-1
-1
-1
-1
-1
-1
-1
-1
-1
-1
-1
-1
-1
-1
-1
-1
-1
-1
-1
-1
-1
-1
-1
-1
-1
-1
-1
-1
-1
-1
-1
-1
-1
-1
-1
-1
-1
-1
0 11 14
1 11 15
4 11 16
2 10 16
2 9 16
2 8 16
2 7 16
-1
-1
-1
-1
-1
-1
-1
-1
-1
-1
-1
-1
-1
-1
-1
-1
-1
-1
-1
0 6 16
1 6 17
1 6 18
1 6 19
1 6 20
1 6 21
1 6 22
1 6 23
3 6 24
-1
-1
-1
-1
-1
-1
-1
-1
-1
-1
-1
-1
0 7 24
1 44 42
1 44 41
6 44 40
2 45 40
4 46 40
-1
-1
-1
-1
-1
-1
-1
-1
-1
-1
-1
0 46 39
1 6 15
1 6 14
1 6 13
1 6 12
1 6 11
6 6 10
-1
-1
-1
-1
-1
-1
-1
-1
0 7 10
4 34 41
2 33 41
2 32 41
2 31 41
-1
-1
-1
-1
-1
-1
-1
0 30 41
2 45 39
2 44 39
2 43 39
3 42 39
5 42 38
2 41 38
-1
-1
-1
-1
0 40 38
1 46 38
1 46 37
1 46 36
1 46 35
1 46 34
5 46 33
-1
-1
-1
0 45 33
2 8 10
2 9 10
2 10 10
2 11 10
2 12 10
2 13 10
2 14 10
2 15 10
2 16 10
0 17 10
6 5 16
1 5 17
1 5 18
1 5 19
1 5 20
4 5 21
0 4 21
2 29 41
2 28 41
2 27 41
6 26 41
1 26 42
1 26 43
1 26 44
1 26 45
4 26 46
2 25 46
2 24 46
2 23 46
2 22 46
2 21 46
2 20 46
0 19 46
0 39 43
1 7 9
1 7 8
1 7 7
1 7 6
0 7 5
6 45 32
2 46 32
5 47 32
1 47 33
3 47 34
0 48 34
1 30 42
1 30 43
1 30 44
1 30 45
1 30 46
0 30 47
1 48 33
1 48 32
1 48 31
1 48 30
1 48 29
0 48 28
-1
0 17 15
4 17 16
2 16 16
-1
-1
0 15 16
1 34 14
1 34 13
6 34 12
0 35 12
1 44 44
1 44 45
4 44 46
0 43 46
1 39 44
1 39 45
4 39 46
2 38 46
2 37 46
0 36 46
2 18 46
2 17 46
2 16 46
2 15 46
2 14 46
2 13 46
2 12 46
0 11 46
0 22 15
0 46 40
2 36 12
2 37 12
2 38 12
2 39 12
2 40 12
2 41 12
2 42 12
2 43 12
2 44 12
0 45 12
0 26 41
1 11 45
6 11 44
0 12 44
1 26 40
1 26 39
0 26 38
0 31 15
1 45 13
1 45 14
3 45 15
2 46 15
0 47 15
0 42 39
1 22 14
1 22 13
1 22 12
6 22 11
0 23 11
3 29 47
1 29 46
5 29 45
0 28 45
0 10 16
2 44 33
2 43 33
2 42 33
2 41 33
2 40 33
2 39 33
0 38 33
0 22 46
1 38 32
0 38 31
1 38 30
1 38 29
1 38 28
0 38 27
3 43 47
2 44 47
2 45 47
2 46 47
2 47 47
0 48 47
6 6 5
1 6 6
1 6 7
4 6 8
2 5 8
2 4 8
0 3 8
1 7 25
1 7 26
1 7 27
3 7 28
2 8 28
0 9 28
5 8 5
0 8 6
0 10 28
1 38 26
1 38 25
6 38 24
2 39 24
0 40 24
1 12 43
1 12 42
1 12 41
1 12 40
1 12 39
1 12 38
0 12 37
6 11 37
4 11 38
2 10 38
2 9 38
0 8 38
1 12 36
0 12 35
3 23 12
2 24 12
0 25 12
1 26 37
5 26 36
2 25 36
2 24 36
0 23 36
1 48 27
1 48 26
1 48 25
1 48 24
1 48 23
5 48 22
0 47 22
0 28 15
1 3 9
4 3 10
2 2 10
0 1 10
1 45 11
1 45 10
1 45 9
1 45 8
1 45 7
5 45 6
2 44 6
0 43 6
1 28 16
1 28 17
1 28 18
1 28 19
1 28 20
1 28 21
1 28 22
1 28 23
4 28 24
2 27 24
0 26 24
1 35 11
1 35 10
1 35 9
1 35 8
5 35 7
2 34 7
0 33 7
1 23 35
1 23 34
1 23 33
1 23 32
5 23 31
2 22 31
2 21 31
0 20 31
-1
-1
-1
-1
-1
-1
-1
-1
-1
-1
-1
-1
-1
-1
-1
-1
-1
-1
-1
-1
-1
-1
-1
-1
-1
-1
-1
-1
-1
-1
-1
-1
-1
-1
-1
-1
-1
-1
-1
-1
-1
-1
-1
-1
-1
-1
-1
-1
-1
-1
-1
-1
-1
-1
-1
-1
-1
-1
-1
-1
-1
-1
-1
-1
-1
-1
-1
-1
-1
-1
-1
-1
-1
-1
-1
-1
-1
-1
-1
-1
-1
-1
-1
-1
-1
-1
-1
-1
-1
-1
-1
-1
-1
-1
-1
-1
-1
-1
-1
-1
-1
-1
-1
-1
-1
-1
-1
-1
-1
-1
-1
-1
-1
-1
-1
-1
-1
-1
-1
-1
-1
-1
-1
-1
-1
-1
-1
-1
-1
-1
-1
-1
-1
-1
-1
-1
-1
-1
-1
-1
-1
-1
-1
-1
-1
-1
-1
-1
-1
-1
-1
-1
-1
-1
-1
-1
-1
-1
-1
-1
-1
-1
-1
-1
-1
-1
-1
-1
-1
-1
-1
-1
-1
-1
-1
-1
-1
-1
-1
-1
-1
-1
-1
-1
-1
-1
-1
-1
-1
-1
-1
-1
-1
-1
-1
-1
-1
-1
-1
-1
-1
-1
-1
-1
-1
-1
-1
-1
-1
-1
-1
-1
-1
-1
-1
-1
-1
-1
-1
-1
-1
-1
-1
-1
-1
-1
-1
-1
-1
-1
-1
-1
-1
-1
-1
-1
-1
-1
-1
-1
-1
-1
-1
-1
-1
-1
-1
-1
-1
-1
-1
