0 10 16
2 11 16
2 12 16
5 13 16
1 13 17
1 13 18
1 13 19
1 13 20
1 13 21
1 13 22
1 13 23
1 13 24
1 13 25
3 13 26
2 14 26
2 15 26
2 16 26
5 17 26
1 17 27
1 17 28
1 17 29
1 17 30
1 17 31
1 17 32
1 17 33
1 17 34
1 17 35
1 17 36
1 17 37
1 17 38
1 17 39
3 17 40
2 18 40
5 19 40
1 19 41
1 19 42
1 19 43
3 19 44
0 20 44
2 21 44
2 22 44
5 23 44
1 23 45
0 23 46
-1
-1
-1
-1
-1
-1
-1
-1
-1
-1
-1
-1
-1
-1
-1
-1
-1
-1
0 13 18
5 14 18
3 14 19
2 15 19
2 16 19
2 17 19
2 18 19
2 19 19
2 20 19
2 21 19
2 22 19
2 23 19
2 24 19
2 25 19
2 26 19
-1
-1
0 27 19
1 27 18
1 27 17
1 27 16
1 27 15
6 27 14
2 28 14
4 29 14
1 29 13
1 29 12
6 29 11
2 30 11
4 31 11
1 31 10
1 31 9
0 31 8
4 20 45
2 19 45
2 18 45
6 17 45
1 17 46
-1
-1
0 17 47
4 27 20
2 26 20
6 25 20
1 25 21
4 25 22
2 24 22
2 23 22
0 22 22
1 31 7
1 31 6
1 31 5
1 31 4
1 31 3
-1
0 31 2
2 30 2
2 29 2
2 28 2
2 27 2
3 26 2
0 26 1
5 32 2
3 32 3
2 33 3
2 34 3
0 35 3
1 10 17
1 10 18
4 10 19
6 9 19
0 9 20
3 22 23
2 23 23
2 24 23
0 25 23
3 17 48
2 18 48
0 19 48
2 32 8
2 33 8
2 34 8
2 35 8
2 36 8
2 37 8
2 38 8
0 39 8
2 9 16
0 8 16
2 16 47
2 15 47
2 14 47
0 13 47
0 19 41
2 24 46
2 25 46
2 26 46
2 27 46
0 28 46
0 17 26
2 12 47
2 11 47
2 10 47
0 9 47
0 29 11
0 17 31
2 26 23
2 27 23
0 28 23
1 10 15
1 10 14
0 10 13
1 39 9
1 39 10
0 39 11
0 23 47
1 13 46
0 13 45
2 20 41
2 21 41
0 22 41
0 26 2
1 39 12
1 39 13
0 39 14
2 30 8
2 29 8
2 28 8
0 27 8
1 28 24
1 28 25
0 28 26
1 35 2
0 35 1
0 17 38
3 16 38
5 16 37
2 15 37
2 14 37
2 13 37
2 12 37
2 11 37
0 10 37
6 38 11
4 38 12
2 37 12
0 36 12
2 9 13
2 8 13
0 7 13
0 31 4
1 28 27
1 28 28
1 28 29
1 28 30
0 28 31
0 32 8
2 29 31
2 30 31
2 31 31
2 32 31
0 33 31
2 18 26
0 19 26
0 17 45
2 34 31
2 35 31
2 36 31
2 37 31
0 38 31
1 36 13
1 36 14
1 36 15
1 36 16
0 36 17
0 13 25
0 33 8
0 36 18
1 10 36
6 10 35
0 11 35
2 35 18
0 34 18
2 21 22
2 20 22
0 19 22
0 27 7
0 7 16
0 6 16
2 25 2
2 24 2
2 23 2
0 22 2
2 29 23
0 30 23
1 36 19
1 36 20
0 36 21
1 36 22
1 36 23
0 36 24
1 36 25
1 36 26
0 36 27
6 30 22
0 31 22
1 28 45
1 28 44
0 28 43
0 28 42
5 40 11
3 40 12
2 41 12
0 42 12
2 43 12
2 44 12
0 45 12
2 37 18
0 38 18
1 28 47
4 28 48
0 27 48
0 24 22
0 27 14
5 37 21
3 37 22
2 38 22
2 39 22
2 40 22
0 41 22
6 38 30
2 39 30
2 40 30
0 41 30
1 10 38
1 10 39
0 10 40
3 41 23
2 42 23
2 43 23
0 44 23
1 27 6
6 27 5
0 28 5
0 12 35
2 9 40
2 8 40
0 7 40
2 26 8
2 25 8
2 24 8
2 23 8
2 22 8
0 21 8
1 21 9
0 21 10
2 20 26
0 21 26
0 17 19
0 21 11
2 22 26
0 23 26
0 31 21
0 29 14
2 29 26
2 30 26
2 31 26
0 32 26
2 27 43
0 26 43
0 9 19
1 31 1
0 31 0
0 13 16
1 38 32
1 38 33
0 38 34
1 7 41
4 7 42
0 6 42
1 45 13
1 45 14
1 45 15
3 45 16
0 46 16
2 36 3
0 37 3
2 5 42
2 4 42
2 3 42
0 2 42
2 11 40
2 12 40
2 13 40
0 14 40
0 31 31
1 21 27
1 21 28
1 21 29
3 21 30
0 22 30
2 20 11
2 19 11
2 18 11
0 17 11
1 41 29
0 41 28
4 17 12
0 16 12
2 29 43
2 30 43
2 31 43
2 32 43
0 33 43
1 33 42
0 33 41
2 30 14
0 31 14
0 34 43
0 35 4
1 38 35
1 38 36
1 38 37
0 38 38
2 26 14
0 25 14
1 28 32
1 28 33
1 28 34
1 28 35
0 28 36
0 27 36
2 15 12
0 14 12
6 12 25
1 12 26
1 12 27
0 12 28
6 45 11
0 46 11
6 37 2
2 38 2
2 39 2
2 40 2
0 41 2
3 26 36
5 26 35
0 25 35
4 22 3
2 21 3
2 20 3
0 19 3
1 14 11
1 14 10
1 14 9
0 14 8
3 27 31
0 27 30
1 46 10
1 46 9
1 46 8
1 46 7
6 46 6
0 47 6
0 20 22
2 24 47
0 25 47
1 10 12
1 10 11
0 10 10
1 38 39
1 38 40
0 38 41
1 19 4
4 19 5
0 18 5
0 37 41
5 39 34
1 39 35
3 39 36
2 40 36
0 41 36
2 40 8
2 41 8
0 42 8
4 25 15
2 24 15
0 23 15
0 28 19
0 22 47
1 47 5
6 47 4
0 48 4
1 26 3
1 26 4
4 26 5
2 25 5
0 24 5
2 42 36
2 43 36
2 44 36
2 45 36
0 46 36
1 25 36
1 25 37
4 25 38
0 24 38
1 44 24
1 44 25
3 44 26
2 45 26
0 46 26
1 38 42
1 38 43
1 38 44
1 38 45
0 38 46
0 28 33
5 39 46
1 39 47
3 39 48
2 40 48
0 41 48
1 9 21
4 9 22
2 8 22
2 7 22
0 6 22
5 18 31
1 18 32
0 18 33
6 5 22
1 5 23
4 5 24
6 4 24
0 4 25
5 11 34
2 10 34
0 9 34
1 2 43
1 2 44
1 2 45
1 2 46
1 2 47
0 2 48
4 46 17
2 45 17
2 44 17
0 43 17
0 3 48
2 24 35
2 23 35
2 22 35
0 21 35
1 4 26
0 4 27
0 17 30
3 4 28
0 5 28
1 44 22
6 44 21
0 45 21
4 9 35
0 8 35
1 33 40
1 33 39
5 33 38
0 32 38
1 19 2
5 19 1
2 18 1
0 17 1
5 7 12
2 6 12
2 5 12
2 4 12
2 3 12
2 2 12
2 1 12
0 0 12
1 23 16
4 23 17
0 22 17
1 0 13
1 0 14
1 0 15
1 0 16
1 0 17
0 0 18
1 0 11
1 0 10
1 0 9
1 0 8
6 0 7
2 1 7
0 2 7
0 3 7
1 3 6
1 3 5
1 3 4
1 3 3
1 3 2
6 3 1
0 4 1
0 17 44
2 42 48
2 43 48
4 44 48
6 44 47
0 45 47
2 5 1
2 6 1
2 7 1
0 8 1
2 5 25
2 6 25
0 7 25
2 7 35
2 6 35
2 5 35
2 4 35
2 3 35
2 2 35
0 1 35
1 10 9
1 10 8
1 10 7
0 10 6
5 39 41
3 39 42
2 40 42
2 41 42
0 42 42
-1
-1
-1
-1
-1
-1
-1
-1
-1
-1
-1
-1
-1
-1
-1
-1
-1
-1
-1
-1
-1
-1
-1
-1
-1
-1
-1
-1
-1
-1
-1
-1
-1
-1
-1
-1
-1
-1
-1
-1
-1
-1
-1
-1
-1
-1
-1
-1
-1
-1
-1
-1
-1
-1
-1
-1
-1
-1
-1
-1
-1
-1
-1
-1
-1
-1
-1
-1
-1
-1
-1
-1
-1
-1
-1
-1
-1
-1
-1
-1
-1
-1
-1
-1
-1
-1
-1
-1
-1
-1
-1
-1
-1
-1
-1
-1
-1
-1
-1
-1
-1
-1
-1
-1
-1
-1
-1
-1
-1
-1
-1
-1
-1
-1
-1
-1
-1
-1
-1
-1
-1
-1
-1
-1
-1
-1
-1
-1
-1
-1
-1
-1
-1
-1
-1
-1
-1
-1
-1
-1
-1
-1
-1
-1
-1
-1
-1
-1
-1
-1
-1
-1
-1
-1
-1
-1
-1
-1
-1
-1
-1
-1
-1
-1
-1
-1
-1
-1
-1
-1
-1
-1
-1
-1
-1
-1
-1
-1
-1
-1
-1
-1
-1
-1
-1
-1
-1
-1
-1
-1
-1
-1
-1
-1
-1
-1
-1
-1
-1
-1
-1
-1
-1
-1
-1
