0 6 5
2 7 5
2 8 5
5 9 5
1 9 6
1 9 7
1 9 8
3 9 9
2 10 9
2 11 9
2 12 9
2 13 9
2 14 9
2 15 9
2 16 9
2 17 9
2 18 9
2 19 9
2 20 9
5 21 9
1 21 10
1 21 11
1 21 12
1 21 13
3 21 14
2 22 14
2 23 14
2 24 14
2 25 14
2 26 14
2 27 14
5 28 14
1 28 15
1 28 16
3 28 17
2 29 17
2 30 17
5 31 17
3 31 18
2 32 18
2 33 18
2 34 18
2 35 18
2 36 18
2 37 18
5 38 18
1 38 19
1 38 20
1 38 21
3 38 22
2 39 22
2 40 22
2 41 22
2 42 22
5 43 22
1 43 23
1 43 24
1 43 25
0 43 26
2 44 26
2 45 26
5 46 26
1 46 27
1 46 28
1 46 29
3 46 30
5 47 30
1 47 31
1 47 32
-1
-1
-1
-1
-1
-1
-1
0 47 33
1 6 6
1 6 7
1 6 8
1 6 9
1 6 10
1 6 11
1 6 12
1 6 13
1 6 14
1 6 15
1 6 16
1 6 17
1 6 18
1 6 19
4 6 20
2 5 20
6 4 20
1 4 21
1 4 22
1 4 23
1 4 24
1 4 25
1 4 26
1 4 27
1 4 28
1 4 29
1 4 30
1 4 31
1 4 32
1 4 33
1 4 34
1 4 35
1 4 36
1 4 37
1 4 38
1 4 39
1 4 40
1 4 41
1 4 42
0 4 43
1 6 4
1 6 3
6 6 2
2 7 2
-1
-1
-1
-1
-1
-1
-1
0 8 2
1 43 27
4 43 28
2 42 28
2 41 28
2 40 28
2 39 28
2 38 28
2 37 28
2 36 28
2 35 28
2 34 28
2 33 28
-1
-1
0 32 28
2 31 28
6 30 28
1 30 29
1 30 30
4 30 31
-1
-1
-1
-1
-1
0 29 31
-1
-1
-1
-1
-1
-1
-1
0 39 22
2 46 33
2 45 33
2 44 33
2 43 33
2 42 33
6 41 33
-1
0 41 34
5 29 30
2 28 30
2 27 30
-1
-1
-1
-1
0 26 30
4 26 31
6 25 31
1 25 32
1 25 33
1 25 34
4 25 35
0 24 35
1 26 29
1 26 28
1 26 27
1 26 26
1 26 25
1 26 24
1 26 23
1 26 22
5 26 21
2 25 21
0 24 21
2 9 2
0 10 2
1 4 44
1 4 45
1 4 46
1 4 47
4 4 48
2 3 48
2 2 48
0 1 48
-1
-1
0 35 18
1 35 17
1 35 16
1 35 15
1 35 14
6 35 13
2 36 13
2 37 13
0 38 13
-1
0 4 27
3 3 27
1 3 26
5 3 25
3 2 25
1 2 24
0 2 23
-1
0 46 26
1 32 27
1 32 26
1 32 25
0 32 24
2 39 13
2 40 13
2 41 13
0 42 13
1 24 36
4 24 37
0 23 37
2 22 37
2 21 37
6 20 37
1 20 38
1 20 39
1 20 40
1 20 41
1 20 42
4 20 43
0 19 43
0 31 17
0 41 28
2 5 43
2 6 43
2 7 43
2 8 43
0 9 43
0 28 14
1 28 13
1 28 12
1 28 11
1 28 10
6 28 9
2 29 9
4 30 9
1 30 8
1 30 7
1 30 6
0 30 5
0 4 20
0 4 28
0 10 9
0 20 37
2 18 43
0 17 43
0 47 30
2 5 5
2 4 5
3 3 5
1 3 4
1 3 3
0 3 2
0 38 18
2 19 37
2 18 37
2 17 37
2 16 37
2 15 37
0 14 37
0 2 25
0 25 14
0 9 5
0 29 9
0 3 5
1 41 29
4 41 30
2 40 30
2 39 30
2 38 30
0 37 30
0 1 23
0 4 40
0 28 16
0 43 22
-1
0 21 9
3 3 40
5 3 39
2 2 39
3 1 39
0 1 38
1 19 44
0 19 45
0 4 25
0 30 28
0 30 9
5 14 36
2 13 36
0 12 36
2 25 30
6 24 30
4 24 31
2 23 31
0 22 31
0 7 43
0 23 14
1 14 38
1 14 39
0 14 40
1 41 35
1 41 36
1 41 37
1 41 38
4 41 39
0 40 39
1 22 30
1 22 29
1 22 28
0 22 27
1 40 40
1 40 41
1 40 42
0 40 43
2 39 43
2 38 43
0 37 43
0 46 27
1 40 44
1 40 45
0 40 46
2 5 25
2 6 25
2 7 25
2 8 25
0 9 25
1 32 23
0 32 22
6 3 28
1 3 29
1 3 30
1 3 31
0 3 32
1 37 44
4 37 45
2 36 45
2 35 45
0 34 45
5 42 34
1 42 35
1 42 36
3 42 37
0 43 37
0 26 23
0 8 1
1 38 12
5 38 11
2 37 11
0 36 11
2 23 21
2 22 21
2 21 21
0 20 21
2 41 46
2 42 46
2 43 46
2 44 46
0 45 46
1 20 20
5 20 19
2 19 19
2 18 19
0 17 19
1 34 46
4 34 47
2 33 47
2 32 47
2 31 47
0 30 47
1 9 44
1 9 45
0 9 46
1 23 38
3 23 39
2 24 39
2 25 39
2 26 39
0 27 39
3 42 14
0 43 14
6 21 27
1 21 28
4 21 29
2 20 29
2 19 29
2 18 29
2 17 29
0 16 29
0 20 43
0 2 48
0 3 6
2 29 47
2 28 47
2 27 47
2 26 47
0 25 47
2 11 36
2 10 36
2 9 36
2 8 36
0 7 36
1 21 8
1 21 7
1 21 6
1 21 5
1 21 4
1 21 3
1 21 2
1 21 1
0 21 0
1 42 12
1 42 11
1 42 10
1 42 9
1 42 8
1 42 7
0 42 6
1 29 32
3 29 33
2 30 33
5 31 33
0 31 34
-1
-1
-1
-1
-1
-1
-1
-1
-1
-1
-1
-1
-1
-1
-1
-1
-1
-1
-1
-1
-1
-1
-1
-1
-1
-1
-1
-1
-1
-1
-1
-1
-1
-1
-1
-1
-1
-1
-1
-1
-1
-1
-1
-1
-1
-1
-1
-1
-1
-1
-1
-1
-1
-1
-1
-1
-1
-1
-1
-1
-1
-1
-1
-1
-1
-1
-1
-1
-1
-1
-1
-1
-1
-1
-1
-1
-1
-1
-1
-1
-1
-1
-1
-1
-1
-1
-1
-1
-1
-1
-1
-1
-1
-1
-1
-1
-1
-1
-1
-1
-1
-1
-1
-1
-1
-1
-1
-1
-1
-1
-1
-1
-1
-1
-1
-1
-1
-1
-1
-1
-1
-1
-1
-1
-1
-1
-1
-1
-1
-1
-1
-1
-1
-1
-1
-1
-1
-1
-1
-1
-1
-1
-1
-1
-1
-1
-1
-1
-1
-1
-1
-1
-1
-1
-1
-1
-1
-1
-1
-1
-1
-1
-1
-1
-1
-1
-1
-1
-1
-1
-1
-1
-1
-1
-1
-1
-1
-1
-1
-1
-1
-1
-1
-1
-1
-1
-1
-1
-1
-1
-1
-1
-1
-1
-1
-1
-1
-1
-1
-1
-1
-1
-1
-1
-1
-1
-1
-1
-1
-1
-1
-1
-1
-1
-1
-1
-1
-1
-1
-1
-1
-1
-1
-1
-1
-1
-1
-1
-1
-1
-1
-1
-1
-1
-1
-1
-1
-1
-1
-1
-1
-1
-1
-1
-1
-1
-1
-1
-1
-1
-1
-1
-1
-1
-1
-1
-1
-1
-1
-1
-1
-1
-1
-1
-1
-1
-1
-1
-1
-1
-1
-1
-1
-1
-1
-1
-1
-1
-1
-1
-1
-1
-1
-1
-1
-1
-1
-1
-1
-1
-1
-1
-1
-1
-1
-1
-1
-1
-1
-1
-1
-1
-1
-1
-1
-1
-1
-1
-1
-1
-1
-1
-1
-1
-1
-1
-1
-1
-1
-1
-1
-1
-1
-1
-1
-1
-1
-1
-1
-1
-1
-1
-1
-1
-1
-1
-1
-1
-1
-1
-1
-1
-1
-1
-1
-1
-1
-1
-1
-1
