0 41 6
1 41 7
1 41 8
1 41 9
1 41 10
1 41 11
1 41 12
1 41 13
1 41 14
1 41 15
1 41 16
1 41 17
1 41 18
1 41 19
1 41 20
1 41 21
1 41 22
1 41 23
1 41 24
1 41 25
1 41 26
1 41 27
1 41 28
1 41 29
1 41 30
1 41 31
1 41 32
1 41 33
3 41 34
2 42 34
0 43 34
4 43 35
2 42 35
2 41 35
2 40 35
3 39 35
5 39 34
2 38 34
2 37 34
2 36 34
2 35 34
2 34 34
2 33 34
2 32 34
2 31 34
2 30 34
3 29 34
5 29 33
2 28 33
3 27 33
5 27 32
2 26 32
2 25 32
2 24 32
2 23 32
2 22 32
2 21 32
2 20 32
2 19 32
0 18 32
6 40 6
1 40 7
1 40 8
4 40 9
-1
-1
-1
-1
-1
-1
-1
-1
-1
-1
-1
-1
-1
-1
-1
-1
-1
-1
-1
-1
-1
-1
-1
0 39 9
1 18 33
1 18 34
1 18 35
3 18 36
2 19 36
2 20 36
-1
-1
-1
-1
-1
-1
-1
-1
-1
-1
-1
-1
-1
-1
-1
-1
-1
-1
-1
-1
0 21 36
1 18 31
1 18 30
5 18 29
2 17 29
2 16 29
2 15 29
2 14 29
2 13 29
2 12 29
2 11 29
2 10 29
-1
-1
-1
-1
-1
-1
-1
-1
-1
0 9 29
2 22 36
2 23 36
5 24 36
1 24 37
1 24 38
3 24 39
2 25 39
2 26 39
2 27 39
2 28 39
2 29 39
2 30 39
2 31 39
2 32 39
2 33 39
-1
0 34 39
5 42 6
1 42 7
1 42 8
1 42 9
1 42 10
1 42 11
1 42 12
1 42 13
1 42 14
1 42 15
1 42 16
0 42 17
1 21 37
1 21 38
1 21 39
1 21 40
4 21 41
6 20 41
1 20 42
1 20 43
1 20 44
4 20 45
2 19 45
2 18 45
2 17 45
6 16 45
1 16 46
0 16 47
1 39 10
1 39 11
1 39 12
1 39 13
1 39 14
1 39 15
4 39 16
2 38 16
6 37 16
1 37 17
1 37 18
0 37 19
2 36 19
2 35 19
2 34 19
3 33 19
1 33 18
1 33 17
5 33 16
2 32 16
2 31 16
2 30 16
2 29 16
0 28 16
6 17 32
1 17 33
0 17 34
4 43 17
6 43 16
2 44 16
2 45 16
2 46 16
2 47 16
2 48 16
0 49 16
1 28 15
1 28 14
1 28 13
1 28 12
1 28 11
1 28 10
1 28 9
5 28 8
2 27 8
2 26 8
2 25 8
2 24 8
2 23 8
0 22 8
0 34 34
0 41 29
6 38 9
4 38 10
2 37 10
2 36 10
2 35 10
0 34 10
3 16 34
5 16 33
2 15 33
2 14 33
0 13 33
1 13 34
1 13 35
1 13 36
4 13 37
2 12 37
2 11 37
2 10 37
2 9 37
0 8 37
0 41 24
1 37 20
1 37 21
1 37 22
4 37 23
2 36 23
0 35 23
0 20 41
5 20 40
2 19 40
0 18 40
2 21 8
2 20 8
2 19 8
2 18 8
2 17 8
2 16 8
3 15 8
5 15 7
0 14 7
6 41 5
2 42 5
5 43 5
0 43 6
0 42 13
0 39 35
2 44 6
2 45 6
4 46 6
6 46 5
0 47 5
1 14 6
0 14 5
1 39 36
3 39 37
0 40 37
-1
0 20 45
1 22 7
1 22 6
5 22 5
0 21 5
6 21 4
2 22 4
0 23 4
0 27 8
1 14 4
1 14 3
5 14 2
0 13 2
0 24 39
1 47 4
1 47 3
1 47 2
1 47 1
0 47 0
0 28 33
0 37 16
2 27 16
6 26 16
1 26 17
1 26 18
0 26 19
1 26 20
1 26 21
1 26 22
1 26 23
4 26 24
0 25 24
0 24 36
0 32 16
0 46 16
0 16 45
0 29 39
0 13 37
1 25 25
1 25 26
1 25 27
0 25 28
6 27 7
0 28 7
0 28 6
2 15 45
2 14 45
2 13 45
0 12 45
2 46 0
2 45 0
2 44 0
2 43 0
0 42 0
0 29 38
4 26 28
6 26 27
2 27 27
0 28 27
1 46 15
1 46 14
1 46 13
1 46 12
0 46 11
1 28 28
3 28 29
0 29 29
0 17 35
0 41 14
2 21 45
0 22 45
0 41 37
0 33 19
6 28 5
2 29 5
2 30 5
0 31 5
1 41 38
1 41 39
1 41 40
0 41 41
1 31 4
6 31 3
2 32 3
2 33 3
2 34 3
0 35 3
0 41 17
1 23 3
5 23 2
0 22 2
1 22 9
4 22 10
2 21 10
0 20 10
2 34 23
2 33 23
2 32 23
0 31 23
4 8 38
6 7 38
1 7 39
1 7 40
1 7 41
0 7 42
1 7 43
1 7 44
4 7 45
2 6 45
2 5 45
2 4 45
2 3 45
0 2 45
1 22 44
6 22 43
2 23 43
2 24 43
0 25 43
6 40 29
4 40 30
2 39 30
2 38 30
0 37 30
1 14 8
1 14 9
1 14 10
0 14 11
1 37 15
5 37 14
0 36 14
6 9 28
2 10 28
2 11 28
2 12 28
2 13 28
0 14 28
0 29 34
0 29 35
0 17 47
1 20 11
1 20 12
1 20 13
3 20 14
0 21 14
1 35 24
1 35 25
0 35 26
1 22 46
3 22 47
0 23 47
0 22 32
2 13 5
2 12 5
2 11 5
2 10 5
2 9 5
2 8 5
2 7 5
0 6 5
5 44 34
3 44 35
0 45 35
1 6 4
1 6 3
5 6 2
2 5 2
0 4 2
1 34 40
3 34 41
0 35 41
1 41 42
1 41 43
1 41 44
1 41 45
0 41 46
1 14 27
1 14 26
6 14 25
2 15 25
0 16 25
5 42 24
1 42 25
3 42 26
2 43 26
2 44 26
0 45 26
1 8 36
5 8 35
3 7 35
1 7 34
5 7 33
0 6 33
1 42 18
1 42 19
1 42 20
3 42 21
0 43 21
4 12 46
6 11 46
1 11 47
4 11 48
2 10 48
0 9 48
0 12 33
4 42 41
6 42 40
2 43 40
2 44 40
2 45 40
0 46 40
3 8 29
1 8 28
1 8 27
1 8 26
1 8 25
1 8 24
5 8 23
2 7 23
2 6 23
2 5 23
2 4 23
2 3 23
2 2 23
0 1 23
3 24 28
5 24 27
2 23 27
0 22 27
0 26 16
1 46 10
6 46 9
0 47 9
1 14 12
1 14 13
1 14 14
1 14 15
4 14 16
2 13 16
2 12 16
0 11 16
4 34 11
0 33 11
-1
-1
-1
-1
-1
-1
-1
-1
-1
-1
-1
-1
-1
-1
-1
-1
-1
-1
-1
-1
-1
-1
-1
-1
-1
-1
-1
-1
-1
-1
-1
-1
-1
-1
-1
-1
-1
-1
-1
-1
-1
-1
-1
-1
-1
-1
-1
-1
-1
-1
-1
-1
-1
-1
-1
-1
-1
-1
-1
-1
-1
-1
-1
-1
-1
-1
-1
-1
-1
-1
-1
-1
-1
-1
-1
-1
-1
-1
-1
-1
-1
-1
-1
-1
-1
-1
-1
-1
-1
-1
-1
-1
-1
-1
-1
-1
-1
-1
-1
-1
-1
-1
-1
-1
-1
-1
-1
-1
-1
-1
-1
-1
-1
-1
-1
-1
-1
-1
-1
-1
-1
-1
-1
-1
-1
-1
-1
-1
-1
-1
-1
-1
-1
-1
-1
-1
-1
-1
-1
-1
-1
-1
-1
-1
-1
-1
-1
-1
-1
-1
-1
-1
-1
-1
-1
-1
-1
-1
-1
-1
-1
-1
-1
-1
-1
-1
-1
-1
-1
-1
-1
-1
-1
-1
-1
-1
-1
-1
-1
-1
-1
-1
-1
-1
-1
-1
-1
-1
-1
-1
-1
-1
-1
-1
-1
-1
-1
-1
-1
-1
-1
-1
-1
-1
-1
-1
-1
-1
-1
-1
-1
-1
-1
-1
-1
-1
-1
-1
-1
-1
-1
-1
-1
-1
-1
-1
-1
-1
-1
-1
-1
-1
-1
-1
-1
-1
-1
-1
-1
-1
-1
-1
-1
-1
-1
-1
-1
-1
-1
-1
-1
-1
-1
-1
-1
-1
-1
-1
-1
-1
-1
-1
-1
-1
-1
-1
-1
-1
-1
