0 16 23
1 16 24
1 16 25
3 16 26
2 17 26
2 18 26
5 19 26
3 19 27
2 20 27
2 21 27
2 22 27
2 23 27
2 24 27
2 25 27
2 26 27
2 27 27
2 28 27
2 29 27
2 30 27
2 31 27
2 32 27
2 33 27
0 34 27
2 15 23
2 14 23
3 13 23
5 13 22
2 12 22
2 11 22
2 10 22
-1
-1
-1
-1
-1
-1
-1
-1
-1
-1
-1
-1
-1
-1
-1
0 9 22
1 34 26
1 34 25
6 34 24
2 35 24
2 36 24
2 37 24
2 38 24
2 39 24
2 40 24
4 41 24
6 41 23
2 42 23
4 43 23
1 43 22
1 43 21
1 43 20
1 43 19
1 43 18
1 43 17
1 43 16
1 43 15
6 43 14
4 44 14
1 44 13
1 44 12
1 44 11
1 44 10
1 44 9
1 44 8
6 44 7
2 45 7
4 46 7
1 46 6
1 46 5
6 46 4
-1
-1
-1
-1
-1
-1
-1
-1
-1
-1
0 47 4
1 47 3
5 47 2
2 46 2
2 45 2
2 44 2
2 43 2
2 42 2
2 41 2
2 40 2
3 39 2
1 39 1
5 39 0
-1
-1
-1
-1
0 38 0
1 9 21
1 9 20
1 9 19
5 9 18
2 8 18
2 7 18
2 6 18
2 5 18
2 4 18
2 3 18
-1
-1
0 2 18
5 48 4
1 48 5
1 48 6
1 48 7
1 48 8
1 48 9
-1
-1
-1
0 48 10
1 9 23
1 9 24
1 9 25
1 9 26
1 9 27
4 9 28
2 8 28
2 7 28
0 6 28
2 37 0
2 36 0
6 35 0
1 35 1
1 35 2
1 35 3
0 35 4
3 34 4
5 34 3
2 33 3
2 32 3
2 31 3
0 30 3
1 2 17
1 2 16
1 2 15
5 2 14
0 1 14
1 16 22
1 16 21
5 16 20
2 15 20
2 14 20
0 13 20
0 44 11
2 43 11
2 42 11
2 41 11
2 40 11
2 39 11
0 38 11
0 9 18
0 9 27
1 34 28
1 34 29
1 34 30
4 34 31
6 33 31
1 33 32
1 33 33
0 33 34
0 4 18
0 43 19
0 43 21
1 33 35
1 33 36
4 33 37
0 32 37
0 39 2
2 5 28
3 4 28
5 4 27
2 3 27
2 2 27
0 1 27
5 35 27
1 35 28
3 35 29
2 36 29
0 37 29
0 46 7
0 44 2
1 6 29
1 6 30
0 6 31
2 38 29
0 39 29
0 7 18
0 41 24
1 4 17
0 4 16
0 13 23
0 35 0
0 43 23
0 33 31
0 44 14
0 35 24
1 1 26
1 1 25
0 1 24
0 1 23
0 19 27
3 6 32
2 7 32
2 8 32
5 9 32
1 9 33
0 9 34
0 22 27
0 29 27
0 25 27
1 37 30
1 37 31
0 37 32
2 10 27
2 11 27
0 12 27
3 44 15
2 45 15
2 46 15
0 47 15
0 41 11
0 9 32
0 37 33
1 29 26
1 29 25
0 29 24
1 4 15
1 4 14
0 4 13
2 37 11
0 36 11
1 29 23
1 29 22
5 29 21
2 28 21
0 27 21
0 30 2
2 5 13
2 6 13
0 7 13
2 35 11
2 34 11
2 33 11
0 32 11
2 31 37
2 30 37
2 29 37
0 28 37
0 19 26
1 13 19
6 13 18
2 14 18
2 15 18
2 16 18
0 17 18
0 33 35
1 28 38
0 28 39
0 2 19
2 42 19
2 41 19
0 40 19
2 27 37
2 26 37
0 25 37
0 13 27
1 17 17
1 17 16
1 17 15
6 17 14
0 18 14
1 39 28
0 39 27
1 32 10
0 32 9
1 9 35
0 9 36
1 25 36
1 25 35
1 25 34
6 25 33
0 26 33
0 39 3
1 1 28
1 1 29
0 1 30
0 10 18
2 10 34
2 11 34
2 12 34
0 13 34
4 17 23
6 17 22
0 18 22
1 13 35
1 13 36
0 13 37
1 28 40
1 28 41
0 28 42
1 39 4
1 39 5
0 39 6
2 19 22
0 20 22
1 28 43
0 28 44
1 38 12
1 38 13
3 38 14
0 39 14
2 29 44
2 30 44
2 31 44
2 32 44
0 33 44
1 33 45
3 33 46
2 34 46
5 35 46
0 35 47
2 36 47
2 37 47
2 38 47
2 39 47
0 40 47
0 40 48
0 15 18
1 1 13
1 1 12
1 1 11
1 1 10
0 1 9
2 31 9
2 30 9
0 29 9
2 8 36
2 7 36
0 6 36
1 40 46
0 40 45
0 40 20
1 1 8
0 1 7
0 28 9
5 33 30
0 32 30
2 29 42
0 30 42
2 27 33
2 28 33
0 29 33
2 8 22
2 7 22
0 6 22
1 15 17
0 15 16
2 30 24
2 31 24
0 32 24
1 27 20
1 27 19
1 27 18
1 27 17
0 27 16
2 27 9
2 26 9
0 25 9
1 32 12
1 32 13
0 32 14
2 5 36
2 4 36
2 3 36
0 2 36
0 2 35
2 14 37
2 15 37
2 16 37
0 17 37
0 5 22
1 17 38
0 17 39
6 20 21
2 21 21
0 22 21
1 2 37
0 2 38
0 23 21
5 25 8
2 24 8
0 23 8
2 41 45
2 42 45
0 43 45
0 17 36
2 2 7
2 3 7
2 4 7
2 5 7
0 6 7
1 6 6
1 6 5
1 6 4
6 6 3
0 7 3
1 23 7
1 23 6
1 23 5
0 23 4
2 27 44
2 26 44
0 25 44
2 26 16
0 25 16
4 39 7
2 38 7
0 37 7
1 18 13
0 18 12
1 25 26
0 25 25
1 18 11
5 18 10
2 17 10
2 16 10
0 15 10
0 16 25
0 4 27
1 22 28
1 22 29
0 22 30
0 36 24
1 40 44
1 40 43
0 40 42
1 43 24
3 43 25
0 44 25
1 15 9
5 15 8
0 14 8
1 17 40
1 17 41
4 17 42
2 16 42
0 15 42
0 9 25
2 14 42
2 13 42
6 12 42
1 12 43
1 12 44
0 12 45
1 14 7
1 14 6
0 14 5
2 41 48
2 42 48
2 43 48
0 44 48
1 40 41
0 40 40
1 32 23
0 32 22
2 2 9
0 3 9
1 32 21
0 32 20
2 45 25
2 46 25
0 47 25
2 24 37
2 23 37
0 22 37
0 48 4
1 22 38
1 22 39
0 22 40
2 40 6
2 41 6
0 42 6
2 44 21
2 45 21
0 46 21
1 25 45
4 25 46
0 24 46
1 22 31
4 22 32
0 21 32
1 47 26
1 47 27
1 47 28
0 47 29
1 47 30
0 47 31
0 14 7
1 47 32
1 47 33
1 47 34
0 47 35
2 18 36
0 19 36
1 32 15
3 32 16
2 33 16
2 34 16
0 35 16
0 47 36
2 45 48
2 46 48
0 47 48
2 38 33
0 39 33
1 25 17
0 25 18
0 20 32
2 39 40
2 38 40
2 37 40
0 36 40
0 35 17
1 24 47
4 24 48
0 23 48
0 38 27
0 35 40
0 40 39
0 39 15
0 47 16
2 40 33
2 41 33
0 42 33
5 28 16
3 28 17
0 29 17
1 13 28
1 13 29
3 13 30
2 14 30
0 15 30
1 27 15
1 27 14
0 27 13
2 22 8
2 21 8
0 20 8
2 31 2
0 32 2
0 14 16
2 11 45
2 10 45
2 9 45
2 8 45
0 7 45
0 8 3
1 15 43
3 15 44
0 16 44
1 9 37
1 9 38
1 9 39
4 9 40
0 8 40
0 25 24
2 39 20
0 38 20
0 41 40
0 12 42
1 9 31
1 9 30
0 9 29
0 30 17
1 26 32
6 26 31
0 27 31
0 21 40
1 18 15
3 18 16
2 19 16
0 20 16
1 23 3
1 23 2
0 23 1
0 38 21
1 28 8
0 28 7
0 43 33
2 8 13
2 9 13
2 10 13
0 11 13
0 16 30
2 22 1
0 21 1
0 4 28
4 47 37
2 46 37
2 45 37
0 44 37
0 2 7
2 29 2
0 28 2
0 32 38
3 6 45
5 6 44
2 5 44
0 4 44
2 20 1
0 19 1
2 34 47
2 33 47
2 32 47
0 31 47
0 31 48
0 47 17
2 15 5
2 16 5
2 17 5
0 18 5
0 0 14
1 47 47
1 47 46
6 47 45
2 48 45
0 49 45
0 22 8
1 11 12
5 11 11
0 10 11
1 5 23
0 5 24
5 48 36
1 48 37
1 48 38
1 48 39
0 48 40
2 26 13
0 25 13
5 14 4
2 13 4
0 12 4
1 40 38
0 40 37
0 2 34
1 7 46
3 7 47
0 8 47
1 22 41
1 22 42
0 22 43
0 32 8
2 19 12
0 20 12
1 36 41
1 36 42
3 36 43
0 37 43
1 12 3
1 12 2
5 12 1
0 11 1
1 42 32
0 42 31
4 48 41
2 47 41
0 46 41
0 46 42
1 18 4
5 18 3
2 17 3
0 16 3
0 23 40
2 3 44
2 2 44
0 1 44
0 1 45
1 1 22
0 1 21
3 7 14
0 8 14
-1
-1
-1
-1
-1
-1
-1
-1
-1
-1
-1
-1
-1
-1
-1
-1
-1
-1
-1
-1
-1
-1
-1
-1
-1
-1
-1
-1
-1
-1
-1
-1
-1
-1
-1
-1
-1
-1
-1
-1
-1
-1
-1
-1
-1
-1
-1
-1
-1
-1
-1
-1
-1
-1
-1
-1
-1
-1
-1
-1
-1
-1
-1
-1
-1
-1
-1
-1
-1
-1
-1
-1
-1
-1
-1
-1
-1
-1
-1
-1
-1
-1
-1
-1
-1
-1
-1
-1
-1
-1
-1
-1
-1
-1
-1
-1
