0 6 42
2 7 42
2 8 42
2 9 42
4 10 42
1 10 41
1 10 40
1 10 39
1 10 38
1 10 37
1 10 36
1 10 35
6 10 34
2 11 34
2 12 34
2 13 34
4 14 34
6 14 33
2 15 33
2 16 33
2 17 33
2 18 33
2 19 33
2 20 33
2 21 33
2 22 33
2 23 33
2 24 33
2 25 33
2 26 33
2 27 33
2 28 33
2 29 33
2 30 33
2 31 33
2 32 33
2 33 33
2 34 33
2 35 33
2 36 33
2 37 33
2 38 33
2 39 33
2 40 33
2 41 33
2 42 33
2 43 33
4 44 33
6 44 32
2 45 32
2 46 32
0 47 32
1 47 33
1 47 34
1 47 35
4 47 36
-1
-1
-1
-1
-1
-1
-1
-1
-1
-1
-1
-1
-1
-1
-1
-1
-1
-1
0 46 36
2 5 42
2 4 42
2 3 42
2 2 42
-1
-1
-1
-1
-1
-1
-1
-1
-1
-1
-1
-1
-1
-1
-1
-1
-1
-1
-1
-1
-1
-1
-1
-1
-1
-1
-1
-1
-1
-1
-1
0 1 42
1 6 41
1 6 40
1 6 39
1 6 38
1 6 37
1 6 36
1 6 35
1 6 34
6 6 33
2 7 33
2 8 33
2 9 33
4 10 33
1 10 32
1 10 31
6 10 30
-1
-1
-1
-1
-1
-1
-1
-1
-1
-1
-1
-1
-1
-1
-1
-1
0 11 30
1 47 31
1 47 30
1 47 29
1 47 28
1 47 27
1 47 26
1 47 25
1 47 24
1 47 23
1 47 22
1 47 21
1 47 20
5 47 19
2 46 19
2 45 19
2 44 19
2 43 19
2 42 19
2 41 19
2 40 19
-1
-1
-1
-1
0 39 19
1 1 41
1 1 40
1 1 39
1 1 38
-1
-1
-1
-1
-1
-1
-1
-1
-1
-1
-1
0 1 37
-1
-1
-1
-1
-1
-1
-1
-1
-1
-1
-1
-1
0 45 19
3 6 43
2 7 43
-1
-1
-1
-1
-1
-1
-1
-1
0 8 43
1 39 18
1 39 17
1 39 16
1 39 15
1 39 14
1 39 13
1 39 12
1 39 11
1 39 10
1 39 9
-1
0 39 8
6 38 8
4 38 9
2 37 9
2 36 9
6 35 9
1 35 10
1 35 11
-1
0 35 12
5 11 29
2 10 29
2 9 29
2 8 29
3 7 29
1 7 28
1 7 27
1 7 26
1 7 25
1 7 24
1 7 23
5 7 22
0 6 22
1 6 21
1 6 20
1 6 19
1 6 18
1 6 17
0 6 16
2 9 43
2 10 43
2 11 43
2 12 43
2 13 43
2 14 43
2 15 43
2 16 43
5 17 43
0 17 44
-1
0 10 35
4 7 16
6 7 15
2 8 15
2 9 15
-1
0 10 15
1 46 37
1 46 38
4 46 39
-1
0 45 39
2 12 30
2 13 30
4 14 30
1 14 29
1 14 28
1 14 27
6 14 26
2 15 26
2 16 26
4 17 26
1 17 25
1 17 24
1 17 23
0 17 22
2 18 22
2 19 22
4 20 22
6 20 21
0 21 21
4 22 21
1 22 20
1 22 19
6 22 18
0 23 18
0 10 40
1 23 17
1 23 16
1 23 15
1 23 14
5 23 13
2 22 13
0 21 13
2 18 44
2 19 44
2 20 44
0 21 44
1 21 12
1 21 11
5 21 10
0 20 10
0 32 33
0 6 36
2 24 18
2 25 18
2 26 18
2 27 18
2 28 18
2 29 18
0 30 18
0 10 30
0 21 33
1 11 31
3 11 32
2 12 32
2 13 32
0 14 32
6 30 17
0 31 17
0 17 26
2 19 10
2 18 10
2 17 10
2 16 10
0 15 10
1 15 9
1 15 8
1 15 7
0 15 6
0 27 33
0 44 33
1 15 5
1 15 4
5 15 3
3 14 3
1 14 2
0 14 1
0 35 9
2 11 40
2 12 40
2 13 40
0 14 40
2 16 6
0 17 6
0 47 22
0 7 29
1 21 32
1 21 31
1 21 30
1 21 29
6 21 28
0 22 28
1 6 15
1 6 14
1 6 13
0 6 12
0 22 21
1 21 45
0 21 46
5 27 32
0 26 32
6 17 5
2 18 5
2 19 5
0 20 5
0 14 34
1 17 21
1 17 20
1 17 19
0 17 18
2 22 44
2 23 44
2 24 44
0 25 44
1 1 43
1 1 44
0 1 45
0 7 33
1 32 32
6 32 31
2 33 31
4 34 31
0 34 30
1 25 45
1 25 46
0 25 47
0 42 33
0 6 39
1 6 11
1 6 10
1 6 9
1 6 8
0 6 7
2 23 21
2 24 21
0 25 21
1 21 43
1 21 42
1 21 41
6 21 40
2 22 40
0 23 40
6 46 22
1 46 23
1 46 24
0 46 25
1 32 34
3 32 35
0 33 35
1 23 39
1 23 38
0 23 37
1 21 14
4 21 15
0 20 15
5 35 8
2 34 8
2 33 8
2 32 8
0 31 8
2 5 7
2 4 7
2 3 7
2 2 7
0 1 7
1 34 29
1 34 28
5 34 27
0 33 27
0 10 37
1 1 8
1 1 9
0 1 10
1 33 36
1 33 37
1 33 38
1 33 39
0 33 40
0 12 43
0 31 16
0 46 39
2 32 27
2 31 27
0 30 27
0 3 42
1 10 16
1 10 17
1 10 18
0 10 19
1 1 46
3 1 47
2 2 47
0 3 47
5 31 15
2 30 15
2 29 15
0 28 15
1 46 40
1 46 41
3 46 42
0 47 42
1 47 43
1 47 44
4 47 45
2 46 45
2 45 45
0 44 45
2 26 44
2 27 44
2 28 44
2 29 44
0 30 44
1 25 22
1 25 23
1 25 24
0 25 25
1 1 11
1 1 12
0 1 13
6 22 37
4 22 38
2 21 38
0 20 38
5 7 32
2 6 32
2 5 32
0 4 32
1 20 4
1 20 3
6 20 2
2 21 2
0 22 2
1 8 44
1 8 45
0 8 46
0 16 22
1 42 34
1 42 35
4 42 36
2 41 36
2 40 36
0 39 36
5 44 44
2 43 44
2 42 44
0 41 44
1 17 45
4 17 46
0 16 46
1 6 6
1 6 5
1 6 4
0 6 3
6 20 9
2 21 9
2 22 9
2 23 9
0 24 9
5 40 8
1 40 9
1 40 10
3 40 11
2 41 11
0 42 11
1 1 14
1 1 15
1 1 16
4 1 17
0 0 17
5 7 7
1 7 8
3 7 9
2 8 9
0 9 9
1 31 7
1 31 6
1 31 5
1 31 4
0 31 3
-1
-1
-1
-1
-1
-1
-1
-1
-1
-1
-1
-1
-1
-1
-1
-1
-1
-1
-1
-1
-1
-1
-1
-1
-1
-1
-1
-1
-1
-1
-1
-1
-1
-1
-1
-1
-1
-1
-1
-1
-1
-1
-1
-1
-1
-1
-1
-1
-1
-1
-1
-1
-1
-1
-1
-1
-1
-1
-1
-1
-1
-1
-1
-1
-1
-1
-1
-1
-1
-1
-1
-1
-1
-1
-1
-1
-1
-1
-1
-1
-1
-1
-1
-1
-1
-1
-1
-1
-1
-1
-1
-1
-1
-1
-1
-1
-1
-1
-1
-1
-1
-1
-1
-1
-1
-1
-1
-1
-1
-1
-1
-1
-1
-1
-1
-1
-1
-1
-1
-1
-1
-1
-1
-1
-1
-1
-1
-1
-1
-1
-1
-1
-1
-1
-1
-1
-1
-1
-1
-1
-1
-1
-1
-1
-1
-1
-1
-1
-1
-1
-1
-1
-1
-1
-1
-1
-1
-1
-1
-1
-1
-1
-1
-1
-1
-1
-1
-1
-1
-1
-1
-1
-1
-1
-1
-1
-1
-1
-1
-1
-1
-1
-1
-1
-1
-1
-1
-1
-1
-1
-1
-1
-1
-1
-1
-1
-1
-1
-1
-1
-1
-1
-1
-1
-1
-1
-1
-1
-1
-1
-1
-1
-1
-1
-1
-1
-1
-1
-1
-1
-1
-1
-1
-1
-1
-1
-1
-1
-1
-1
-1
-1
-1
-1
-1
-1
-1
-1
-1
-1
-1
-1
-1
-1
-1
-1
-1
-1
-1
-1
