0 36 41
1 36 40
1 36 39
1 36 38
1 36 37
1 36 36
6 36 35
4 37 35
1 37 34
1 37 33
1 37 32
6 37 31
4 38 31
1 38 30
1 38 29
1 38 28
1 38 27
6 38 26
2 39 26
2 40 26
4 41 26
1 41 25
1 41 24
1 41 23
1 41 22
6 41 21
4 42 21
1 42 20
1 42 19
1 42 18
1 42 17
1 42 16
1 42 15
1 42 14
1 42 13
1 42 12
1 42 11
0 42 10
2 37 41
5 38 41
1 38 42
1 38 43
1 38 44
1 38 45
1 38 46
3 38 47
-1
-1
-1
-1
-1
-1
-1
-1
-1
-1
-1
-1
-1
-1
-1
-1
-1
-1
-1
-1
-1
-1
-1
-1
-1
-1
-1
0 39 47
1 42 9
1 42 8
1 42 7
6 42 6
4 43 6
1 43 5
-1
-1
-1
-1
-1
-1
-1
-1
-1
-1
-1
-1
-1
-1
-1
-1
-1
-1
-1
-1
-1
-1
0 43 4
2 35 41
2 34 41
2 33 41
2 32 41
2 31 41
2 30 41
2 29 41
2 28 41
2 27 41
2 26 41
3 25 41
5 25 40
2 24 40
2 23 40
2 22 40
2 21 40
2 20 40
2 19 40
-1
-1
-1
-1
-1
-1
-1
-1
-1
0 18 40
1 18 41
1 18 42
1 18 43
4 18 44
2 17 44
2 16 44
2 15 44
2 14 44
2 13 44
-1
-1
-1
-1
-1
-1
0 12 44
5 43 10
1 43 11
1 43 12
1 43 13
3 43 14
5 44 14
3 44 15
5 45 15
3 45 16
2 46 16
2 47 16
-1
-1
0 48 16
1 12 45
1 12 46
4 12 47
2 11 47
2 10 47
2 9 47
2 8 47
6 7 47
1 7 48
4 7 49
2 6 49
2 5 49
2 4 49
2 3 49
0 2 49
1 43 3
6 43 2
2 44 2
2 45 2
2 46 2
0 47 2
1 12 43
1 12 42
1 12 41
1 12 40
1 12 39
1 12 38
5 12 37
0 11 37
2 10 37
2 9 37
2 8 37
2 7 37
2 6 37
2 5 37
2 4 37
0 3 37
6 41 10
1 41 11
1 41 12
1 41 13
0 41 14
1 18 39
1 18 38
1 18 37
6 18 36
2 19 36
2 20 36
2 21 36
0 22 36
-1
0 40 47
2 42 4
2 41 4
2 40 4
3 39 4
5 39 3
2 38 3
2 37 3
2 36 3
2 35 3
0 34 3
1 47 3
1 47 4
0 47 5
0 11 47
-1
-1
0 36 36
1 22 35
1 22 34
5 22 33
2 21 33
2 20 33
2 19 33
2 18 33
2 17 33
0 16 33
0 44 14
6 17 40
4 17 41
0 16 41
5 16 32
2 15 32
2 14 32
0 13 32
0 18 44
1 48 15
1 48 14
1 48 13
0 48 12
2 35 36
2 34 36
0 33 36
0 41 26
0 38 3
1 13 31
1 13 30
0 13 29
1 33 37
4 33 38
2 32 38
0 31 38
1 48 17
1 48 18
0 48 19
2 14 29
0 15 29
0 42 21
0 9 47
0 28 41
1 38 4
3 38 5
0 39 5
0 22 33
0 38 26
2 23 33
2 24 33
0 25 33
1 3 38
1 3 39
0 3 40
2 42 26
2 43 26
0 44 26
1 44 27
1 44 28
1 44 29
1 44 30
1 44 31
0 44 32
3 11 44
5 11 43
0 10 43
0 33 41
1 39 6
1 39 7
0 39 8
1 33 35
0 33 34
1 33 42
0 33 43
1 25 32
1 25 31
6 25 30
2 26 30
4 27 30
0 27 29
6 27 28
2 28 28
0 29 28
1 29 27
1 29 26
1 29 25
0 29 24
1 29 23
0 29 22
0 27 30
1 15 28
1 15 27
1 15 26
0 15 25
2 30 24
0 31 24
1 44 33
1 44 34
1 44 35
0 44 36
0 43 6
0 25 41
2 45 36
2 46 36
0 47 36
0 25 42
6 37 26
4 37 27
2 36 27
0 35 27
1 35 28
0 35 29
4 16 29
6 16 28
0 17 28
0 42 18
0 38 31
0 45 26
1 47 6
0 47 7
0 28 30
4 44 37
2 43 37
2 42 37
0 41 37
2 14 25
2 13 25
2 12 25
2 11 25
0 10 25
1 10 24
5 10 23
2 9 23
2 8 23
2 7 23
2 6 23
0 5 23
1 5 22
1 5 21
6 5 20
0 6 20
2 28 22
2 27 22
0 26 22
0 18 38
0 5 37
1 6 19
1 6 18
5 6 17
2 5 17
2 4 17
3 3 17
1 3 16
0 3 15
2 2 15
2 1 15
0 0 15
0 48 2
4 26 23
2 25 23
2 24 23
2 23 23
0 22 23
0 3 17
1 15 24
1 15 23
1 15 22
1 15 21
1 15 20
5 15 19
2 14 19
0 13 19
0 33 33
0 19 33
6 40 46
0 41 46
2 4 23
2 3 23
0 2 23
4 22 24
2 21 24
0 20 24
0 44 30
4 34 4
2 33 4
2 32 4
2 31 4
0 30 4
0 15 20
0 38 41
1 38 2
6 38 1
2 39 1
0 40 1
2 45 32
0 46 32
0 25 43
2 12 29
2 11 29
2 10 29
0 9 29
0 37 35
2 8 29
2 7 29
2 6 29
0 5 29
0 41 27
6 34 2
0 35 2
1 25 44
1 25 45
4 25 46
2 24 46
0 23 46
1 41 45
1 41 44
0 41 43
2 42 43
0 43 43
0 45 15
0 3 41
3 45 27
2 46 27
2 47 27
0 48 27
2 44 43
0 45 43
2 4 29
0 3 29
2 2 29
2 1 29
0 0 29
2 4 15
2 5 15
2 6 15
0 7 15
1 29 21
1 29 20
1 29 19
0 29 18
2 41 18
2 40 18
0 39 18
2 38 18
2 37 18
2 36 18
0 35 18
2 32 34
2 31 34
0 30 34
1 35 17
5 35 16
0 34 16
0 18 42
1 34 15
1 34 14
1 34 13
6 34 12
0 35 12
2 28 18
2 27 18
0 26 18
1 38 25
1 38 24
0 38 23
6 7 14
2 8 14
2 9 14
2 10 14
0 11 14
1 48 26
1 48 25
0 48 24
1 45 44
3 45 45
0 46 45
1 46 46
0 46 47
1 35 11
1 35 10
5 35 9
2 34 9
0 33 9
1 33 44
1 33 45
1 33 46
1 33 47
1 33 48
4 33 49
2 32 49
0 31 49
5 3 36
2 2 36
2 1 36
0 0 36
1 26 17
5 26 16
2 25 16
2 24 16
0 23 16
1 3 14
1 3 13
1 3 12
1 3 11
0 3 10
4 30 5
2 29 5
2 28 5
0 27 5
1 47 37
1 47 38
3 47 39
0 48 39
1 23 15
5 23 14
2 22 14
0 21 14
4 16 34
0 15 34
4 39 9
0 38 9
4 3 42
6 2 42
1 2 43
4 2 44
0 1 44
1 18 45
1 18 46
1 18 47
0 18 48
4 43 21
0 43 20
1 11 13
1 11 12
6 11 11
4 12 11
1 12 10
6 12 9
2 13 9
0 14 9
2 30 38
2 29 38
0 28 38
1 27 4
1 27 3
5 27 2
2 26 2
2 25 2
2 24 2
2 23 2
2 22 2
2 21 2
0 20 2
1 3 9
1 3 8
1 3 7
1 3 6
1 3 5
5 3 4
0 2 4
1 20 1
6 20 0
2 21 0
2 22 0
2 23 0
2 24 0
0 25 0
-1
-1
-1
-1
-1
-1
-1
-1
-1
-1
-1
-1
-1
-1
-1
-1
-1
-1
-1
-1
-1
-1
-1
-1
-1
-1
-1
-1
-1
-1
-1
-1
-1
-1
-1
-1
-1
-1
-1
-1
-1
-1
-1
-1
-1
-1
-1
-1
-1
-1
-1
-1
-1
-1
-1
-1
-1
-1
-1
-1
-1
-1
-1
-1
-1
-1
-1
-1
-1
-1
-1
-1
-1
-1
-1
-1
-1
-1
-1
-1
-1
-1
-1
-1
-1
-1
-1
-1
-1
-1
-1
-1
-1
-1
-1
-1
-1
-1
-1
-1
-1
-1
-1
-1
-1
-1
-1
-1
-1
-1
-1
-1
-1
-1
-1
-1
-1
-1
-1
-1
-1
-1
-1
-1
-1
-1
-1
-1
-1
-1
-1
-1
-1
-1
-1
-1
-1
-1
-1
-1
-1
-1
-1
-1
-1
-1
-1
-1
-1
-1
-1
-1
-1
-1
-1
-1
-1
-1
-1
-1
-1
-1
-1
-1
-1
-1
-1
-1
-1
-1
-1
-1
-1
-1
-1
-1
-1
-1
-1
-1
-1
-1
-1
-1
-1
-1
-1
-1
-1
-1
-1
-1
-1
-1
-1
-1
-1
-1
-1
-1
-1
-1
-1
-1
