0 42 39
1 42 38
1 42 37
1 42 36
1 42 35
1 42 34
1 42 33
1 42 32
1 42 31
6 42 30
2 43 30
2 44 30
2 45 30
4 46 30
1 46 29
1 46 28
0 46 27
2 41 39
2 40 39
2 39 39
2 38 39
-1
2 37 39
-1
2 36 39
-1
-1
-1
-1
-1
-1
-1
-1
-1
-1
-1
-1
-1
-1
-1
-1
-1
-1
-1
-1
-1
-1
-1
-1
-1
-1
-1
-1
-1
-1
-1
-1
-1
-1
-1
-1
-1
-1
-1
-1
-1
-1
-1
-1
-1
-1
-1
-1
-1
-1
-1
-1
-1
-1
-1
-1
-1
-1
-1
-1
-1
-1
-1
-1
-1
-1
-1
-1
-1
-1
-1
-1
-1
-1
-1
-1
-1
-1
-1
-1
-1
-1
-1
-1
-1
-1
-1
-1
0 35 39
5 46 26
2 45 26
2 44 26
2 43 26
3 42 26
1 42 25
5 42 24
2 41 24
2 40 24
2 39 24
2 38 24
3 37 24
1 37 23
1 37 22
1 37 21
1 37 20
5 37 19
2 36 19
2 35 19
3 34 19
5 34 18
2 33 18
2 32 18
3 31 18
1 31 17
1 31 16
1 31 15
1 31 14
1 31 13
1 31 12
-1
-1
-1
-1
-1
-1
-1
-1
-1
-1
-1
-1
-1
-1
-1
-1
-1
-1
-1
-1
-1
-1
-1
-1
-1
-1
-1
-1
-1
-1
-1
-1
-1
-1
-1
-1
-1
-1
-1
-1
-1
-1
-1
-1
-1
-1
-1
-1
0 31 11
1 31 10
1 31 9
1 31 8
1 31 7
1 31 6
5 31 5
2 30 5
3 29 5
1 29 4
-1
-1
-1
-1
-1
-1
-1
-1
-1
-1
-1
-1
-1
-1
-1
-1
-1
-1
-1
-1
-1
-1
-1
-1
-1
-1
0 29 3
1 35 38
5 35 37
2 34 37
2 33 37
2 32 37
2 31 37
2 30 37
2 29 37
2 28 37
2 27 37
2 26 37
2 25 37
3 24 37
1 24 36
1 24 35
5 24 34
2 23 34
2 22 34
2 21 34
2 20 34
2 19 34
2 18 34
2 17 34
2 16 34
-1
-1
-1
0 15 34
1 35 40
1 35 41
1 35 42
1 35 43
1 35 44
1 35 45
-1
-1
-1
-1
-1
-1
-1
-1
-1
0 35 46
5 29 2
2 28 2
2 27 2
2 26 2
2 25 2
2 24 2
2 23 2
2 22 2
2 21 2
2 20 2
2 19 2
2 18 2
0 17 2
2 14 34
2 13 34
2 12 34
2 11 34
2 10 34
2 9 34
2 8 34
3 7 34
1 7 33
0 7 32
4 15 35
2 14 35
6 13 35
1 13 36
1 13 37
1 13 38
1 13 39
1 13 40
0 13 41
2 30 11
2 29 11
2 28 11
2 27 11
6 26 11
4 26 12
2 25 12
0 24 12
6 16 2
1 16 3
4 16 4
2 15 4
2 14 4
2 13 4
0 12 4
-1
-1
0 34 19
-1
-1
-1
-1
0 31 8
6 34 39
1 34 40
1 34 41
4 34 42
2 33 42
0 32 42
1 35 47
3 35 48
2 36 48
0 37 48
2 31 42
2 30 42
2 29 42
2 28 42
2 27 42
2 26 42
2 25 42
0 24 42
0 37 21
0 31 18
2 23 42
6 22 42
1 22 43
4 22 44
2 21 44
2 20 44
0 19 44
0 27 37
2 30 8
2 29 8
0 28 8
0 13 36
6 34 46
4 34 47
2 33 47
0 32 47
0 46 30
1 32 43
4 32 44
2 31 44
0 30 44
0 42 32
2 31 47
2 30 47
2 29 47
0 28 47
0 31 13
4 47 27
1 47 26
1 47 25
1 47 24
0 47 23
1 15 33
6 15 32
0 16 32
0 24 37
0 23 2
0 35 48
0 35 41
1 7 31
1 7 30
6 7 29
0 8 29
0 26 11
0 39 39
0 42 26
0 36 46
0 22 42
3 46 31
0 47 31
0 23 34
2 18 44
2 17 44
0 16 44
0 32 8
0 47 32
0 27 42
2 30 13
0 29 13
0 7 34
1 47 33
1 47 34
0 47 35
0 42 30
1 23 33
0 23 32
1 23 31
1 23 30
0 23 29
0 42 40
0 33 37
1 16 45
0 16 46
0 24 34
0 34 18
1 34 17
0 34 16
6 23 28
2 24 28
0 25 28
0 37 24
0 42 24
5 14 36
3 14 37
0 15 37
2 35 16
2 36 16
2 37 16
2 38 16
2 39 16
0 40 16
0 18 2
2 41 16
2 42 16
0 43 16
0 29 37
1 28 48
4 28 49
0 27 49
2 12 41
2 11 41
0 10 41
2 41 32
2 40 32
0 39 32
0 37 16
2 26 28
2 27 28
2 28 28
0 29 28
0 35 38
1 10 40
5 10 39
2 9 39
2 8 39
0 7 39
1 29 38
0 29 39
2 38 32
2 37 32
2 36 32
0 35 32
0 16 2
0 43 39
4 24 38
2 23 38
2 22 38
2 21 38
0 20 38
0 44 16
1 34 20
1 34 21
4 34 22
0 33 22
0 42 34
0 29 5
1 35 31
1 35 30
0 35 29
2 32 22
2 31 22
0 30 22
4 30 23
2 29 23
2 28 23
0 27 23
0 25 2
1 43 15
1 43 14
5 43 13
0 42 13
0 19 38
1 16 47
4 16 48
2 15 48
0 14 48
6 44 15
0 45 15
2 13 48
2 12 48
2 11 48
0 10 48
6 34 29
4 34 30
2 33 30
0 32 30
5 10 47
2 9 47
2 8 47
0 7 47
1 37 25
0 37 26
1 45 14
1 45 13
6 45 12
2 46 12
0 47 12
1 47 11
1 47 10
1 47 9
0 47 8
0 46 8
5 28 46
0 27 46
1 16 31
1 16 30
1 16 29
1 16 28
0 16 27
4 30 3
1 30 2
0 30 1
1 8 28
1 8 27
0 8 26
1 39 40
1 39 41
1 39 42
0 39 43
0 24 13
5 47 22
2 46 22
0 45 22
2 12 36
0 11 36
1 46 7
5 46 6
2 45 6
0 44 6
1 24 11
1 24 10
5 24 9
2 23 9
0 22 9
1 22 8
0 22 7
2 43 6
2 42 6
2 41 6
2 40 6
0 39 6
1 13 42
0 13 43
2 21 9
2 20 9
2 19 9
0 18 9
1 7 35
4 7 36
2 6 36
2 5 36
0 4 36
2 30 18
2 29 18
0 28 18
1 39 7
1 39 8
0 39 9
1 19 45
1 19 46
1 19 47
3 19 48
2 20 48
0 21 48
3 22 29
1 22 28
1 22 27
1 22 26
0 22 25
4 7 40
2 6 40
6 5 40
1 5 41
4 5 42
2 4 42
2 3 42
0 2 42
1 40 17
0 40 18
1 32 31
1 32 32
0 32 33
1 22 24
1 22 23
1 22 22
0 22 21
1 8 25
1 8 24
1 8 23
1 8 22
1 8 21
1 8 20
1 8 19
1 8 18
1 8 17
6 8 16
2 9 16
0 10 16
2 44 39
2 45 39
5 46 39
1 46 40
1 46 41
1 46 42
3 46 43
0 47 43
6 46 35
0 46 36
4 12 5
0 11 5
0 32 7
-1
-1
-1
-1
-1
-1
-1
-1
-1
-1
-1
-1
-1
-1
-1
-1
-1
-1
-1
-1
-1
-1
-1
-1
-1
-1
-1
-1
-1
-1
-1
-1
-1
-1
-1
-1
-1
-1
-1
-1
-1
-1
-1
-1
-1
-1
-1
-1
-1
-1
-1
-1
-1
-1
-1
-1
-1
-1
-1
-1
-1
-1
-1
-1
-1
-1
-1
-1
-1
-1
-1
-1
-1
-1
-1
-1
-1
-1
-1
-1
-1
-1
-1
-1
-1
-1
-1
-1
-1
-1
-1
-1
-1
-1
-1
-1
-1
-1
-1
-1
-1
-1
-1
-1
-1
-1
-1
-1
-1
-1
-1
-1
-1
-1
-1
-1
-1
-1
-1
-1
-1
-1
-1
-1
-1
-1
-1
-1
-1
-1
-1
-1
-1
-1
-1
-1
-1
-1
-1
-1
-1
-1
-1
-1
-1
-1
-1
-1
-1
-1
-1
-1
-1
-1
-1
-1
-1
-1
-1
-1
-1
