0 14 31
2 15 31
2 16 31
2 17 31
2 18 31
2 19 31
4 20 31
6 20 30
2 21 30
2 22 30
2 23 30
2 24 30
2 25 30
2 26 30
2 27 30
2 28 30
2 29 30
2 30 30
0 31 30
1 14 30
1 14 29
1 14 28
1 14 27
1 14 26
5 14 25
2 13 25
2 12 25
2 11 25
2 10 25
3 9 25
1 9 24
5 9 23
-1
-1
-1
-1
-1
-1
-1
-1
-1
-1
-1
-1
-1
-1
-1
-1
-1
-1
-1
-1
-1
-1
-1
-1
-1
-1
0 8 23
1 14 32
1 14 33
3 14 34
2 15 34
2 16 34
2 17 34
-1
-1
-1
-1
-1
-1
-1
-1
-1
-1
-1
-1
-1
-1
-1
-1
-1
-1
-1
-1
-1
-1
-1
-1
-1
-1
-1
-1
-1
-1
-1
0 18 34
6 31 29
2 32 29
2 33 29
2 34 29
-1
-1
-1
-1
-1
-1
-1
-1
-1
-1
-1
-1
-1
-1
-1
-1
-1
-1
-1
-1
-1
0 35 29
1 8 24
4 8 25
2 7 25
-1
-1
-1
-1
-1
-1
-1
-1
-1
-1
-1
-1
-1
-1
-1
-1
0 6 25
1 35 28
6 35 27
2 36 27
2 37 27
2 38 27
2 39 27
4 40 27
6 40 26
2 41 26
4 42 26
1 42 25
1 42 24
-1
-1
-1
-1
-1
0 42 23
1 8 22
1 8 21
1 8 20
1 8 19
1 8 18
1 8 17
1 8 16
1 8 15
1 8 14
1 8 13
1 8 12
1 8 11
1 8 10
1 8 9
1 8 8
5 8 7
3 7 7
1 7 6
1 7 5
1 7 4
1 7 3
0 7 2
2 43 23
2 44 23
2 45 23
2 46 23
4 47 23
-1
-1
-1
-1
-1
0 47 22
1 6 26
1 6 27
1 6 28
1 6 29
1 6 30
1 6 31
1 6 32
4 6 33
6 5 33
4 5 34
0 4 34
1 4 35
1 4 36
1 4 37
1 4 38
3 4 39
2 5 39
2 6 39
2 7 39
-1
0 8 39
1 47 21
1 47 20
5 47 19
3 46 19
1 46 18
1 46 17
1 46 16
1 46 15
1 46 14
0 46 13
2 9 39
2 10 39
2 11 39
2 12 39
-1
-1
0 13 39
3 41 23
1 41 22
1 41 21
1 41 20
5 41 19
-1
0 40 19
1 13 40
1 13 41
1 13 42
1 13 43
1 13 44
1 13 45
3 13 46
0 14 46
-1
-1
-1
-1
0 7 7
1 40 18
1 40 17
1 40 16
1 40 15
1 40 14
0 40 13
1 31 31
1 31 32
4 31 33
2 30 33
2 29 33
2 28 33
2 27 33
0 26 33
5 32 30
1 32 31
1 32 32
1 32 33
1 32 34
4 32 35
0 31 35
0 14 26
1 7 8
1 7 9
4 7 10
2 6 10
2 5 10
2 4 10
2 3 10
0 2 10
1 13 38
0 13 37
1 35 30
1 35 31
1 35 32
0 35 33
5 48 22
1 48 23
1 48 24
1 48 25
0 48 26
4 40 20
2 39 20
2 38 20
2 37 20
0 36 20
2 8 2
2 9 2
2 10 2
2 11 2
2 12 2
2 13 2
2 14 2
0 15 2
0 32 32
4 14 47
0 13 47
2 16 2
2 17 2
2 18 2
2 19 2
2 20 2
0 21 2
0 22 2
1 40 12
6 40 11
2 41 11
0 42 11
6 22 1
2 23 1
2 24 1
2 25 1
2 26 1
2 27 1
2 28 1
2 29 1
0 30 1
0 20 31
0 11 25
2 6 2
0 5 2
1 8 40
1 8 41
0 8 42
1 11 24
1 11 23
1 11 22
1 11 21
0 11 20
0 31 29
2 47 26
6 46 26
1 46 27
1 46 28
0 46 29
0 4 39
1 35 34
3 35 35
2 36 35
0 37 35
0 6 30
5 15 26
1 15 27
3 15 28
2 16 28
0 17 28
0 14 25
1 31 28
6 31 27
2 32 27
0 33 27
2 39 13
2 38 13
0 37 13
1 37 12
1 37 11
0 37 10
3 7 23
1 7 22
5 7 21
0 6 21
0 46 26
2 5 21
2 4 21
2 3 21
2 2 21
0 1 21
1 22 3
1 22 4
1 22 5
3 22 6
2 23 6
2 24 6
0 25 6
5 7 30
3 7 31
2 8 31
0 9 31
0 40 15
0 40 27
1 11 19
1 11 18
1 11 17
6 11 16
0 12 16
0 46 19
1 2 11
1 2 12
1 2 13
4 2 14
0 1 14
1 37 36
1 37 37
1 37 38
0 37 39
1 5 1
5 5 0
2 4 0
2 3 0
2 2 0
2 1 0
0 0 0
1 31 36
1 31 37
1 31 38
1 31 39
1 31 40
1 31 41
1 31 42
1 31 43
1 31 44
0 31 45
1 12 15
6 12 14
2 13 14
2 14 14
2 15 14
0 16 14
-1
-1
-1
-1
-1
-1
-1
-1
-1
-1
-1
-1
-1
-1
-1
-1
-1
-1
-1
-1
-1
-1
-1
-1
-1
-1
-1
-1
-1
-1
-1
-1
-1
-1
-1
-1
-1
-1
-1
-1
-1
-1
-1
-1
-1
-1
-1
-1
-1
-1
-1
-1
-1
-1
-1
-1
-1
-1
-1
-1
-1
-1
-1
-1
-1
-1
-1
-1
-1
-1
-1
-1
-1
-1
-1
-1
-1
-1
-1
-1
-1
-1
-1
-1
-1
-1
-1
-1
-1
-1
-1
-1
-1
-1
-1
-1
-1
-1
-1
-1
-1
-1
-1
-1
-1
-1
-1
-1
-1
-1
-1
-1
-1
-1
-1
-1
-1
-1
-1
-1
-1
-1
-1
-1
-1
-1
-1
-1
-1
-1
-1
-1
-1
-1
-1
-1
-1
-1
-1
-1
-1
-1
-1
-1
-1
-1
-1
-1
-1
-1
-1
-1
-1
-1
-1
-1
-1
-1
-1
-1
-1
-1
-1
-1
-1
-1
-1
-1
-1
-1
-1
-1
-1
-1
-1
-1
-1
-1
-1
-1
-1
-1
-1
-1
-1
-1
-1
-1
-1
-1
-1
-1
-1
-1
-1
-1
-1
-1
-1
-1
-1
-1
-1
-1
-1
-1
-1
-1
-1
-1
-1
-1
-1
-1
-1
-1
-1
-1
-1
-1
-1
-1
-1
-1
-1
-1
-1
-1
-1
-1
-1
-1
-1
-1
-1
-1
-1
-1
-1
-1
-1
-1
-1
-1
-1
-1
-1
-1
-1
-1
-1
-1
-1
-1
-1
-1
-1
-1
-1
-1
-1
-1
-1
-1
-1
-1
-1
-1
-1
-1
-1
-1
-1
-1
-1
-1
-1
-1
-1
-1
-1
-1
-1
-1
-1
-1
-1
-1
-1
-1
-1
-1
-1
-1
-1
-1
-1
-1
-1
-1
-1
-1
-1
-1
-1
-1
-1
-1
-1
-1
-1
-1
-1
-1
-1
-1
-1
-1
-1
-1
-1
-1
-1
-1
-1
-1
-1
-1
-1
-1
-1
-1
-1
-1
-1
-1
-1
-1
-1
-1
-1
-1
-1
-1
-1
-1
-1
-1
-1
-1
-1
-1
-1
-1
-1
-1
-1
-1
-1
-1
-1
-1
-1
-1
-1
-1
-1
-1
-1
-1
