0 27 41
1 27 40
1 27 39
6 27 38
2 28 38
4 29 38
1 29 37
1 29 36
1 29 35
1 29 34
1 29 33
1 29 32
1 29 31
1 29 30
1 29 29
1 29 28
1 29 27
1 29 26
1 29 25
1 29 24
1 29 23
6 29 22
2 30 22
2 31 22
2 32 22
2 33 22
4 34 22
1 34 21
1 34 20
0 34 19
1 34 18
1 34 17
6 34 16
2 35 16
2 36 16
2 37 16
-1
-1
-1
-1
-1
-1
-1
-1
-1
-1
-1
-1
-1
-1
-1
-1
-1
0 38 16
3 26 41
1 26 40
1 26 39
1 26 38
-1
-1
-1
-1
-1
-1
-1
-1
-1
-1
-1
0 26 37
5 35 19
3 35 20
2 36 20
5 37 20
1 37 21
-1
-1
-1
-1
0 37 22
3 37 23
2 38 23
2 39 23
2 40 23
5 41 23
3 41 24
2 42 24
0 43 24
3 33 19
1 33 18
1 33 17
5 33 16
0 32 16
1 27 42
1 27 43
4 27 44
2 26 44
0 25 44
6 25 37
1 25 38
4 25 39
2 24 39
0 23 39
5 32 15
2 31 15
2 30 15
0 29 15
1 29 14
5 29 13
0 28 13
0 39 23
2 44 24
2 45 24
0 46 24
1 46 25
0 46 26
1 23 38
5 23 37
2 22 37
0 21 37
0 30 22
0 23 40
4 23 41
2 22 41
2 21 41
2 20 41
0 19 41
5 21 36
2 20 36
2 19 36
2 18 36
0 17 36
1 28 12
1 28 11
0 28 10
5 28 9
2 27 9
3 26 9
5 26 8
2 25 8
2 24 8
2 23 8
0 22 8
1 22 7
1 22 6
0 22 5
0 29 28
5 22 4
2 21 4
2 20 4
2 19 4
0 18 4
1 18 3
1 18 2
0 18 1
2 17 4
0 16 4
0 29 32
2 18 41
2 17 41
0 16 41
1 43 23
1 43 22
6 43 21
0 44 21
0 29 22
1 18 5
0 18 6
2 30 28
2 31 28
0 32 28
0 37 20
2 39 16
0 40 16
0 36 16
0 29 35
0 34 20
1 46 27
0 46 28
0 44 20
2 33 28
0 34 28
0 28 9
0 21 36
2 35 28
2 36 28
0 37 28
2 38 28
2 39 28
5 40 28
1 40 29
1 40 30
0 40 31
1 16 42
4 16 43
2 15 43
2 14 43
0 13 43
0 37 27
1 30 21
1 30 20
0 30 19
2 19 1
2 20 1
0 21 1
4 28 14
2 27 14
2 26 14
2 25 14
0 24 14
2 41 16
2 42 16
0 43 16
0 13 44
1 13 45
0 13 46
2 16 36
2 15 36
2 14 36
0 13 36
0 29 38
0 12 36
1 36 15
0 36 14
1 18 7
1 18 8
0 18 9
2 12 46
0 11 46
1 40 17
1 40 18
0 40 19
5 11 45
2 10 45
0 9 45
0 17 35
1 34 29
1 34 30
0 34 31
2 23 14
0 22 14
2 22 1
0 23 1
2 17 9
2 16 9
0 15 9
1 18 10
0 18 11
0 34 22
2 45 21
2 46 21
2 47 21
0 48 21
6 21 35
2 22 35
0 23 35
0 26 9
0 18 12
2 28 22
2 27 22
0 26 22
1 17 34
1 17 33
0 17 32
1 43 15
1 43 14
0 43 13
2 23 5
0 24 5
1 43 25
0 43 26
0 12 35
5 28 41
1 28 42
0 28 43
5 47 26
3 47 27
0 48 27
0 30 32
2 14 9
0 13 9
5 13 8
0 12 8
0 12 7
0 49 27
0 41 23
1 19 42
0 19 43
1 17 31
1 17 30
0 17 29
2 16 29
2 15 29
0 14 29
1 40 32
0 40 33
2 41 33
2 42 33
0 43 33
1 13 37
0 13 38
1 13 10
1 13 11
1 13 12
0 13 13
2 12 13
2 11 13
0 10 13
2 9 13
0 8 13
0 36 13
2 42 26
0 41 26
1 14 28
5 14 27
0 13 27
2 30 38
2 31 38
0 32 38
2 44 16
0 45 16
0 46 16
1 32 27
1 32 26
0 32 25
5 13 42
2 12 42
0 11 42
1 12 34
1 12 33
5 12 32
0 11 32
6 43 32
0 44 32
0 13 26
2 10 32
2 9 32
0 8 32
0 7 32
0 12 6
2 29 19
0 28 19
1 12 5
1 12 4
1 12 3
0 12 2
0 11 2
0 35 31
1 8 12
5 8 11
0 7 11
0 7 10
1 23 34
1 23 33
1 23 32
1 23 31
0 23 30
1 48 20
0 48 19
2 29 43
2 30 43
0 31 43
0 24 30
1 24 29
1 24 28
1 24 27
0 24 26
2 23 26
0 22 26
0 21 26
0 20 26
0 19 26
0 43 12
0 43 11
2 25 30
0 26 30
0 32 43
1 13 25
0 13 24
0 14 46
0 29 27
5 36 12
2 35 12
0 34 12
0 13 39
1 35 32
0 35 33
0 33 12
2 17 1
2 16 1
0 15 1
1 19 44
0 19 45
0 43 27
1 19 25
0 19 24
0 35 34
1 28 8
0 28 7
0 24 35
0 18 45
0 24 15
2 29 7
2 30 7
2 31 7
0 32 7
1 25 45
1 25 46
4 25 47
2 24 47
0 23 47
2 24 1
2 25 1
0 26 1
1 24 13
0 24 12
0 25 22
0 25 21
1 26 2
0 26 3
0 37 26
2 10 2
0 9 2
2 18 32
0 19 32
2 37 13
2 38 13
0 39 13
2 33 38
0 34 38
1 32 44
1 32 45
1 32 46
0 32 47
2 31 47
0 30 47
0 8 2
0 7 2
2 12 38
2 11 38
0 10 38
0 24 6
2 9 38
0 8 38
1 8 39
4 8 40
0 7 40
0 13 23
0 7 41
1 18 13
0 18 14
0 17 14
0 14 47
2 6 40
0 5 40
0 40 29
2 6 32
0 5 32
0 18 10
0 28 27
1 5 31
0 5 30
6 4 32
1 4 33
0 4 34
0 23 41
0 35 35
1 43 34
0 43 35
2 33 47
0 34 47
0 29 47
5 28 18
0 27 18
1 32 6
1 32 5
0 32 4
0 43 10
0 32 3
0 32 2
0 35 36
0 43 9
0 13 22
1 13 21
1 13 20
0 13 19
2 12 19
0 11 19
2 10 19
0 9 19
0 8 19
0 11 18
3 28 35
0 28 34
0 20 43
2 47 16
0 48 16
4 22 15
6 21 15
1 21 16
1 21 17
0 21 18
0 21 19
6 34 46
2 35 46
0 36 46
0 21 20
2 8 10
0 9 10
1 32 42
0 32 41
0 22 47
0 20 32
1 11 47
0 11 48
0 19 23
0 37 46
0 20 18
0 40 13
2 44 35
2 45 35
0 46 35
0 46 36
1 46 37
0 46 38
6 45 38
1 45 39
0 45 40
1 45 41
1 45 42
1 45 43
1 45 44
0 45 45
2 44 45
0 43 45
2 7 19
2 6 19
0 5 19
1 5 18
0 5 17
2 4 17
2 3 17
0 2 17
1 2 16
5 2 15
0 1 15
2 35 38
2 36 38
2 37 38
0 38 38
6 13 18
0 14 18
4 7 3
6 6 3
1 6 4
0 6 5
1 5 29
1 5 28
1 5 27
0 5 26
2 38 46
2 39 46
0 40 46
3 38 39
2 39 39
0 40 39
2 32 12
0 31 12
0 41 39
4 11 49
2 10 49
2 9 49
2 8 49
0 7 49
2 44 9
4 45 9
6 45 8
2 46 8
0 47 8
0 47 7
2 45 32
0 46 32
1 48 15
0 48 14
2 42 9
2 41 9
2 40 9
2 39 9
0 38 9
2 46 40
2 47 40
0 48 40
1 8 20
1 8 21
1 8 22
0 8 23
1 38 8
1 38 7
6 38 6
0 39 6
0 39 5
4 29 48
2 28 48
0 27 48
2 4 30
6 3 30
4 3 31
0 2 31
1 39 4
1 39 3
0 39 2
2 18 29
0 19 29
0 16 40
2 33 7
0 34 7
0 37 9
2 6 2
0 5 2
1 11 31
1 11 30
5 11 29
0 10 29
1 1 14
1 1 13
6 1 12
0 2 12
0 12 1
0 5 39
4 5 3
2 4 3
0 3 3
2 14 24
2 15 24
0 16 24
2 47 32
0 48 32
0 19 40
5 35 22
0 35 23
1 39 1
0 39 0
1 40 45
0 40 44
2 48 7
4 49 7
1 49 6
1 49 5
1 49 4
0 49 3
0 18 3
2 8 45
2 7 45
2 6 45
2 5 45
2 4 45
2 3 45
0 2 45
1 18 46
0 18 47
0 17 47
0 11 31
2 46 45
0 47 45
1 49 2
5 49 1
2 48 1
2 47 1
2 46 1
0 45 1
1 47 46
0 47 47
1 26 23
0 26 24
1 2 11
1 2 10
5 2 9
0 1 9
1 2 44
1 2 43
0 2 42
-1
-1
-1
-1
-1
-1
-1
-1
-1
-1
-1
-1
-1
-1
-1
-1
-1
-1
-1
-1
-1
-1
-1
-1
-1
-1
-1
-1
-1
-1
-1
-1
-1
-1
-1
-1
-1
-1
-1
-1
-1
-1
-1
-1
-1
-1
-1
-1
-1
-1
-1
-1
-1
-1
-1
-1
-1
-1
-1
-1
-1
-1
-1
-1
-1
-1
-1
-1
-1
-1
-1
-1
-1
-1
-1
-1
-1
-1
-1
-1
-1
-1
-1
-1
-1
-1
-1
-1
-1
-1
-1
-1
-1
-1
-1
-1
-1
-1
-1
-1
-1
-1
-1
-1
-1
-1
-1
-1
-1
-1
-1
-1
-1
-1
-1
-1
-1
-1
-1
