0 28 22
1 28 23
1 28 24
1 28 25
1 28 26
1 28 27
1 28 28
1 28 29
1 28 30
1 28 31
1 28 32
1 28 33
1 28 34
1 28 35
1 28 36
3 28 37
2 29 37
5 30 37
1 30 38
1 30 39
1 30 40
1 30 41
3 30 42
2 31 42
2 32 42
2 33 42
2 34 42
2 35 42
2 36 42
0 37 42
2 27 22
2 26 22
2 25 22
2 24 22
2 23 22
2 22 22
2 21 22
2 20 22
2 19 22
2 18 22
2 17 22
2 16 22
2 15 22
2 14 22
2 13 22
2 12 22
2 11 22
2 10 22
2 9 22
2 8 22
3 7 22
1 7 21
1 7 20
1 7 19
1 7 18
1 7 17
1 7 16
1 7 15
1 7 14
1 7 13
1 7 12
1 7 11
1 7 10
-1
-1
-1
-1
-1
-1
-1
-1
-1
-1
-1
-1
-1
-1
-1
-1
-1
-1
-1
-1
-1
-1
-1
-1
-1
-1
-1
-1
-1
-1
-1
-1
-1
-1
-1
-1
-1
-1
-1
-1
-1
-1
-1
-1
-1
-1
-1
-1
-1
-1
-1
-1
-1
-1
-1
-1
-1
-1
-1
-1
-1
0 7 9
4 37 43
2 36 43
-1
2 35 43
2 34 43
2 33 43
-1
-1
-1
-1
-1
-1
-1
-1
-1
-1
-1
-1
-1
-1
-1
-1
-1
-1
-1
-1
-1
-1
-1
-1
-1
-1
-1
-1
-1
-1
-1
-1
-1
-1
-1
-1
-1
-1
-1
-1
-1
-1
-1
-1
-1
-1
-1
-1
-1
-1
-1
0 32 43
-1
-1
-1
-1
-1
-1
-1
-1
-1
-1
-1
-1
-1
-1
-1
-1
-1
-1
-1
-1
-1
-1
-1
-1
-1
-1
-1
-1
-1
-1
-1
-1
0 30 37
-1
-1
-1
-1
-1
-1
-1
-1
-1
-1
-1
-1
-1
-1
-1
-1
-1
-1
-1
-1
-1
-1
-1
0 7 22
2 31 43
2 30 43
3 29 43
5 29 42
2 28 42
-1
-1
-1
-1
-1
-1
-1
-1
-1
-1
-1
-1
-1
-1
-1
-1
-1
0 27 42
5 29 22
3 29 23
2 30 23
2 31 23
2 32 23
2 33 23
2 34 23
2 35 23
2 36 23
-1
-1
-1
-1
-1
-1
-1
-1
-1
-1
-1
0 37 23
4 27 43
2 26 43
2 25 43
2 24 43
2 23 43
2 22 43
6 21 43
1 21 44
1 21 45
1 21 46
4 21 47
-1
-1
-1
-1
-1
-1
-1
-1
0 20 47
2 38 23
2 39 23
2 40 23
2 41 23
2 42 23
2 43 23
4 44 23
1 44 22
1 44 21
1 44 20
1 44 19
1 44 18
-1
-1
-1
-1
-1
0 44 17
6 28 21
4 29 21
1 29 20
1 29 19
6 29 18
2 30 18
-1
-1
-1
-1
-1
-1
-1
0 31 18
1 20 46
1 20 45
1 20 44
1 20 43
1 20 42
1 20 41
1 20 40
5 20 39
2 19 39
2 18 39
-1
-1
0 17 39
1 37 24
1 37 25
1 37 26
3 37 27
2 38 27
2 39 27
2 40 27
5 41 27
1 41 28
1 41 29
3 41 30
2 42 30
0 43 30
2 19 47
2 18 47
2 17 47
2 16 47
2 15 47
2 14 47
2 13 47
2 12 47
2 11 47
0 10 47
6 6 9
1 6 10
1 6 11
1 6 12
1 6 13
1 6 14
-1
-1
-1
0 6 15
-1
-1
-1
-1
-1
-1
-1
0 28 30
2 27 30
3 26 30
1 26 29
5 26 28
2 25 28
2 24 28
2 23 28
2 22 28
0 21 28
1 44 16
1 44 15
1 44 14
1 44 13
1 44 12
5 44 11
0 43 11
1 43 31
1 43 32
1 43 33
3 43 34
2 44 34
2 45 34
2 46 34
2 47 34
0 48 34
2 42 11
2 41 11
2 40 11
2 39 11
2 38 11
0 37 11
-1
-1
-1
-1
-1
0 21 43
1 37 10
1 37 9
1 37 8
5 37 7
2 36 7
2 35 7
2 34 7
2 33 7
2 32 7
2 31 7
2 30 7
2 29 7
0 28 7
4 29 30
6 29 29
2 30 29
0 31 29
1 7 8
5 7 7
2 6 7
0 5 7
1 17 38
1 17 37
5 17 36
2 16 36
0 15 36
4 15 37
2 14 37
2 13 37
2 12 37
0 11 37
-1
-1
-1
-1
0 44 23
5 10 46
2 9 46
2 8 46
2 7 46
2 6 46
2 5 46
2 4 46
2 3 46
2 2 46
0 1 46
0 33 42
-1
-1
0 28 26
1 21 29
1 21 30
1 21 31
1 21 32
1 21 33
3 21 34
0 22 34
1 1 45
1 1 44
1 1 43
6 1 42
2 2 42
0 3 42
0 41 27
1 7 23
1 7 24
1 7 25
1 7 26
4 7 27
2 6 27
2 5 27
2 4 27
0 3 27
0 29 21
-1
-1
0 19 22
1 32 44
1 32 45
1 32 46
1 32 47
0 32 48
-1
-1
-1
-1
-1
-1
-1
-1
-1
-1
-1
-1
-1
-1
-1
-1
-1
-1
-1
-1
-1
-1
-1
-1
-1
-1
-1
-1
-1
-1
-1
-1
-1
-1
-1
-1
-1
-1
-1
-1
-1
-1
-1
-1
-1
-1
-1
-1
-1
-1
-1
-1
-1
-1
-1
-1
-1
-1
-1
-1
-1
-1
-1
-1
-1
-1
-1
-1
-1
-1
-1
-1
-1
-1
-1
-1
-1
-1
-1
-1
-1
-1
-1
-1
-1
-1
-1
-1
-1
-1
-1
-1
-1
-1
-1
-1
-1
-1
-1
-1
-1
-1
-1
-1
-1
-1
-1
-1
-1
-1
-1
-1
-1
-1
-1
-1
-1
-1
-1
-1
-1
-1
-1
-1
-1
-1
-1
-1
-1
-1
-1
-1
-1
-1
-1
-1
-1
-1
-1
-1
-1
-1
-1
-1
-1
-1
-1
-1
-1
-1
-1
-1
-1
-1
-1
-1
-1
-1
-1
-1
-1
-1
-1
-1
-1
-1
-1
-1
-1
-1
-1
-1
-1
-1
-1
-1
-1
-1
-1
-1
-1
-1
-1
-1
-1
-1
-1
-1
-1
-1
-1
-1
-1
-1
-1
-1
-1
-1
-1
-1
-1
-1
-1
-1
-1
-1
-1
-1
-1
-1
-1
-1
-1
-1
-1
-1
-1
-1
-1
-1
-1
-1
-1
-1
-1
-1
-1
-1
-1
-1
-1
-1
-1
-1
-1
-1
-1
-1
-1
-1
-1
-1
-1
-1
-1
-1
-1
-1
-1
-1
-1
-1
-1
-1
-1
-1
-1
-1
-1
-1
-1
-1
-1
-1
-1
-1
-1
-1
-1
-1
-1
-1
-1
-1
-1
-1
-1
-1
-1
-1
-1
-1
-1
-1
-1
-1
-1
-1
-1
-1
-1
