0 32 14
1 32 15
1 32 16
1 32 17
1 32 18
1 32 19
1 32 20
1 32 21
1 32 22
1 32 23
1 32 24
1 32 25
1 32 26
1 32 27
1 32 28
1 32 29
4 32 30
6 31 30
1 31 31
1 31 32
1 31 33
1 31 34
1 31 35
1 31 36
1 31 37
1 31 38
4 31 39
2 30 39
2 29 39
2 28 39
6 27 39
1 27 40
1 27 41
4 27 42
2 26 42
2 25 42
2 24 42
2 23 42
2 22 42
0 21 42
1 21 43
1 21 44
4 21 45
2 20 45
2 19 45
2 18 45
2 17 45
2 16 45
-1
-1
-1
-1
-1
-1
-1
-1
-1
-1
-1
-1
-1
0 15 45
2 33 14
2 34 14
2 35 14
5 36 14
1 36 15
1 36 16
1 36 17
1 36 18
3 36 19
2 37 19
5 38 19
1 38 20
1 38 21
3 38 22
2 39 22
-1
-1
-1
-1
-1
-1
-1
-1
0 40 22
1 15 46
3 15 47
2 16 47
2 17 47
2 18 47
2 19 47
2 20 47
2 21 47
2 22 47
2 23 47
2 24 47
2 25 47
2 26 47
2 27 47
2 28 47
2 29 47
-1
0 30 47
1 40 23
1 40 24
1 40 25
3 40 26
2 41 26
2 42 26
2 43 26
-1
-1
-1
-1
-1
-1
0 44 26
1 44 27
1 44 28
1 44 29
1 44 30
3 44 31
2 45 31
-1
-1
-1
-1
0 46 31
1 32 13
5 32 12
2 31 12
-1
-1
-1
-1
-1
0 30 12
2 29 12
2 28 12
2 27 12
6 26 12
1 26 13
1 26 14
1 26 15
-1
0 26 16
1 15 44
1 15 43
1 15 42
1 15 41
5 15 40
-1
0 14 40
1 40 21
1 40 20
6 40 19
2 41 19
-1
-1
0 42 19
2 25 16
2 24 16
2 23 16
3 22 16
1 22 15
1 22 14
5 22 13
2 21 13
2 20 13
0 19 13
-1
0 16 47
3 42 20
2 43 20
2 44 20
2 45 20
2 46 20
0 47 20
-1
-1
-1
0 21 45
2 27 16
5 28 16
3 28 17
0 29 17
-1
-1
-1
0 41 26
1 41 27
1 41 28
1 41 29
4 41 30
2 40 30
2 39 30
0 38 30
0 36 14
4 14 41
2 13 41
2 12 41
0 11 41
5 30 46
2 29 46
0 28 46
1 19 12
1 19 11
1 19 10
1 19 9
1 19 8
1 19 7
0 19 6
0 43 20
0 27 42
1 19 5
1 19 4
0 19 3
2 31 47
2 32 47
4 33 47
6 33 46
0 34 46
0 31 37
2 18 13
2 17 13
6 16 13
1 16 14
1 16 15
0 16 16
0 27 41
0 36 19
0 26 12
1 34 45
1 34 44
0 34 43
1 34 42
6 34 41
0 35 41
0 19 47
1 26 17
1 26 18
1 26 19
0 26 20
1 26 11
1 26 10
1 26 9
5 26 8
0 25 8
0 16 13
0 22 16
0 31 30
0 32 23
1 25 7
1 25 6
1 25 5
1 25 4
6 25 3
0 26 3
0 38 19
0 15 47
0 37 30
0 19 45
2 36 30
0 35 30
0 40 24
4 15 48
2 14 48
0 13 48
0 27 39
2 32 37
0 33 37
0 33 47
2 15 16
2 14 16
0 13 16
5 13 15
2 12 15
2 11 15
2 10 15
0 9 15
1 30 11
1 30 10
6 30 9
2 31 9
0 32 9
2 33 9
0 34 9
0 46 20
1 9 16
1 9 17
1 9 18
1 9 19
1 9 20
0 9 21
0 29 18
1 9 14
1 9 13
5 9 12
0 8 12
1 8 11
1 8 10
1 8 9
1 8 8
0 8 7
0 39 24
1 8 6
1 8 5
1 8 4
5 8 3
0 7 3
0 32 17
5 13 47
2 12 47
2 11 47
2 10 47
2 9 47
0 8 47
6 26 2
2 27 2
2 28 2
2 29 2
2 30 2
0 31 2
0 15 44
4 9 7
6 9 6
2 10 6
2 11 6
0 12 6
1 36 13
0 36 12
6 36 11
2 37 11
2 38 11
0 39 11
1 12 7
1 12 8
0 12 9
1 47 21
3 47 22
0 48 22
2 40 11
2 41 11
2 42 11
2 43 11
0 44 11
0 45 11
1 45 10
1 45 9
6 45 8
0 46 8
1 46 7
1 46 6
0 46 5
1 46 4
0 46 3
2 45 3
2 44 3
2 43 3
0 42 3
1 16 17
1 16 18
1 16 19
1 16 20
1 16 21
1 16 22
0 16 23
1 38 31
1 38 32
1 38 33
0 38 34
1 46 30
1 46 29
6 46 28
2 47 28
0 48 28
1 11 40
1 11 39
1 11 38
0 11 37
2 8 15
2 7 15
0 6 15
2 17 23
2 18 23
2 19 23
0 20 23
1 20 24
1 20 25
3 20 26
2 21 26
0 22 26
5 35 43
3 35 44
2 36 44
2 37 44
0 38 44
3 26 39
1 26 38
1 26 37
1 26 36
1 26 35
0 26 34
1 21 41
1 21 40
5 21 39
0 20 39
0 26 33
1 19 2
0 19 1
1 9 22
4 9 23
2 8 23
6 7 23
4 7 24
0 6 24
2 33 43
2 32 43
0 31 43
1 16 24
1 16 25
1 16 26
4 16 27
0 15 27
2 33 23
0 34 23
1 6 25
4 6 26
2 5 26
0 4 26
1 42 2
5 42 1
2 41 1
2 40 1
0 39 1
1 20 22
1 20 21
0 20 20
1 15 28
1 15 29
1 15 30
3 15 31
0 16 31
0 36 16
0 28 16
1 4 27
1 4 28
1 4 29
1 4 30
0 4 31
5 32 8
2 31 8
2 30 8
6 29 8
1 29 9
4 29 10
0 28 10
0 22 13
2 3 31
2 2 31
0 1 31
4 39 34
6 39 33
2 40 33
0 41 33
1 22 27
3 22 28
2 23 28
2 24 28
0 25 28
5 16 12
0 15 12
2 39 44
2 40 44
2 41 44
2 42 44
2 43 44
2 44 44
2 45 44
0 46 44
2 14 27
2 13 27
2 12 27
0 11 27
1 16 32
3 16 33
2 17 33
0 18 33
4 39 25
0 38 25
2 18 1
0 17 1
2 16 1
2 15 1
2 14 1
2 13 1
0 12 1
1 38 35
1 38 36
1 38 37
3 38 38
2 39 38
0 40 38
-1
-1
-1
-1
-1
-1
-1
-1
-1
-1
-1
-1
-1
-1
-1
-1
-1
-1
-1
-1
-1
-1
-1
-1
-1
-1
-1
-1
-1
-1
-1
-1
-1
-1
-1
-1
-1
-1
-1
-1
-1
-1
-1
-1
-1
-1
-1
-1
-1
-1
-1
-1
-1
-1
-1
-1
-1
-1
-1
-1
-1
-1
-1
-1
-1
-1
-1
-1
-1
-1
-1
-1
-1
-1
-1
-1
-1
-1
-1
-1
-1
-1
-1
-1
-1
-1
-1
-1
-1
-1
-1
-1
-1
-1
-1
-1
-1
-1
-1
-1
-1
-1
-1
-1
-1
-1
-1
-1
-1
-1
-1
-1
-1
-1
-1
-1
-1
-1
-1
-1
-1
-1
-1
-1
-1
-1
-1
-1
-1
-1
-1
-1
-1
-1
-1
-1
-1
-1
-1
-1
-1
-1
-1
-1
-1
-1
-1
-1
-1
-1
-1
-1
-1
-1
-1
-1
-1
-1
-1
-1
-1
-1
-1
-1
-1
-1
-1
-1
-1
-1
-1
-1
-1
-1
-1
-1
-1
-1
-1
-1
-1
-1
-1
-1
-1
-1
-1
-1
-1
-1
-1
-1
-1
-1
-1
-1
-1
-1
-1
-1
-1
-1
-1
-1
-1
-1
-1
-1
-1
-1
-1
-1
-1
-1
-1
-1
-1
-1
-1
-1
-1
-1
-1
-1
-1
-1
-1
-1
-1
-1
-1
-1
-1
-1
-1
-1
-1
-1
-1
-1
-1
-1
-1
-1
-1
-1
-1
-1
-1
-1
-1
-1
-1
-1
-1
-1
-1
-1
-1
-1
-1
-1
-1
-1
-1
-1
-1
-1
-1
-1
-1
-1
-1
-1
-1
-1
-1
-1
-1
-1
-1
-1
-1
-1
-1
-1
-1
-1
-1
-1
-1
-1
-1
-1
-1
-1
