0 27 48
1 27 47
1 27 46
1 27 45
1 27 44
1 27 43
1 27 42
1 27 41
1 27 40
6 27 39
2 28 39
2 29 39
2 30 39
2 31 39
2 32 39
4 33 39
1 33 38
1 33 37
1 33 36
1 33 35
1 33 34
1 33 33
1 33 32
1 33 31
1 33 30
1 33 29
1 33 28
6 33 27
2 34 27
2 35 27
2 36 27
2 37 27
2 38 27
4 39 27
1 39 26
1 39 25
1 39 24
1 39 23
1 39 22
1 39 21
6 39 20
2 40 20
2 41 20
4 42 20
1 42 19
1 42 18
1 42 17
1 42 16
1 42 15
1 42 14
1 42 13
1 42 12
0 42 11
2 26 48
2 25 48
2 24 48
2 23 48
2 22 48
2 21 48
2 20 48
2 19 48
2 18 48
2 17 48
2 16 48
2 15 48
2 14 48
2 13 48
2 12 48
2 11 48
3 10 48
1 10 47
5 10 46
2 9 46
2 8 46
2 7 46
2 6 46
2 5 46
2 4 46
2 3 46
-1
-1
-1
-1
-1
-1
-1
-1
-1
-1
-1
-1
-1
-1
-1
-1
-1
-1
-1
-1
-1
-1
-1
0 2 46
6 42 10
4 43 10
1 43 9
1 43 8
1 43 7
1 43 6
6 43 5
2 44 5
-1
-1
-1
-1
-1
-1
-1
-1
-1
-1
-1
-1
-1
-1
-1
-1
-1
-1
-1
-1
-1
-1
-1
-1
0 45 5
5 43 11
1 43 12
1 43 13
1 43 14
3 43 15
2 44 15
2 45 15
2 46 15
5 47 15
1 47 16
3 47 17
-1
-1
-1
-1
-1
-1
-1
-1
-1
-1
-1
0 48 17
1 2 45
6 2 44
2 3 44
2 4 44
4 5 44
1 5 43
1 5 42
6 5 41
-1
-1
-1
-1
-1
-1
-1
-1
0 6 41
-1
-1
-1
-1
-1
-1
-1
-1
-1
-1
-1
-1
0 39 27
-1
-1
-1
-1
-1
-1
-1
-1
-1
-1
0 10 48
1 45 4
5 45 3
3 44 3
1 44 2
5 44 1
2 43 1
2 42 1
2 41 1
2 40 1
2 39 1
2 38 1
0 37 1
1 6 40
1 6 39
1 6 38
1 6 37
1 6 36
1 6 35
1 6 34
-1
-1
0 6 33
1 6 32
1 6 31
6 6 30
2 7 30
2 8 30
2 9 30
2 10 30
2 11 30
2 12 30
2 13 30
0 14 30
2 36 1
2 35 1
2 34 1
2 33 1
2 32 1
2 31 1
2 30 1
0 29 1
1 14 29
1 14 28
1 14 27
1 14 26
1 14 25
1 14 24
0 14 23
5 14 22
2 13 22
2 12 22
2 11 22
2 10 22
3 9 22
1 9 21
1 9 20
1 9 19
1 9 18
1 9 17
1 9 16
0 9 15
1 37 2
1 37 3
1 37 4
1 37 5
0 37 6
2 8 15
2 7 15
2 6 15
2 5 15
2 4 15
0 3 15
0 5 15
1 39 28
1 39 29
3 39 30
2 40 30
2 41 30
0 42 30
1 5 14
1 5 13
1 5 12
6 5 11
0 6 11
1 6 10
6 6 9
2 7 9
0 8 9
1 8 8
1 8 7
1 8 6
1 8 5
1 8 4
1 8 3
1 8 2
0 8 1
0 27 45
1 6 42
3 6 43
2 7 43
0 8 43
3 26 45
1 26 44
1 26 43
5 26 42
2 25 42
3 24 42
1 24 41
1 24 40
0 24 39
0 42 20
1 14 31
1 14 32
1 14 33
1 14 34
1 14 35
3 14 36
0 15 36
0 45 15
6 5 33
1 5 34
0 5 35
0 42 15
2 41 15
2 40 15
2 39 15
0 38 15
2 7 41
2 8 41
2 9 41
2 10 41
0 11 41
0 44 3
1 48 18
1 48 19
1 48 20
1 48 21
0 48 22
1 11 40
0 11 39
2 37 15
2 36 15
2 35 15
2 34 15
3 33 15
1 33 14
0 33 13
0 9 22
4 15 23
1 15 22
0 15 21
0 24 42
0 18 48
1 33 12
1 33 11
1 33 10
0 33 9
4 9 9
6 9 8
0 10 8
0 14 25
2 15 25
2 16 25
2 17 25
2 18 25
2 19 25
2 20 25
2 21 25
0 22 25
2 4 35
0 3 35
0 39 22
0 12 48
0 35 1
6 22 24
0 23 24
2 8 22
2 7 22
2 6 22
2 5 22
2 4 22
0 3 22
0 33 39
2 23 42
0 22 42
0 43 10
0 5 44
1 24 38
5 24 37
2 23 37
2 22 37
0 21 37
0 33 15
3 45 6
2 46 6
0 47 6
1 21 36
0 21 35
2 21 42
2 20 42
0 19 42
6 9 14
2 10 14
2 11 14
0 12 14
2 13 14
2 14 14
2 15 14
0 16 14
2 17 14
2 18 14
2 19 14
0 20 14
1 29 2
1 29 3
0 29 4
0 47 15
4 29 5
2 28 5
2 27 5
0 26 5
1 3 34
1 3 33
1 3 32
1 3 31
1 3 30
5 3 29
2 2 29
0 1 29
2 12 41
2 13 41
0 14 41
0 14 42
2 7 1
2 6 1
2 5 1
0 4 1
1 33 16
1 33 17
1 33 18
1 33 19
4 33 20
0 32 20
1 42 31
1 42 32
1 42 33
1 42 34
1 42 35
1 42 36
1 42 37
0 42 38
1 42 39
1 42 40
1 42 41
0 42 42
1 3 36
1 3 37
4 3 38
2 2 38
0 1 38
-1
-1
-1
-1
-1
-1
-1
-1
-1
-1
-1
-1
-1
-1
-1
-1
-1
-1
-1
-1
-1
-1
-1
-1
-1
-1
-1
-1
-1
-1
-1
-1
-1
-1
-1
-1
-1
-1
-1
-1
-1
-1
-1
-1
-1
-1
-1
-1
-1
-1
-1
-1
-1
-1
-1
-1
-1
-1
-1
-1
-1
-1
-1
-1
-1
-1
-1
-1
-1
-1
-1
-1
-1
-1
-1
-1
-1
-1
-1
-1
-1
-1
-1
-1
-1
-1
-1
-1
-1
-1
-1
-1
-1
-1
-1
-1
-1
-1
-1
-1
-1
-1
-1
-1
-1
-1
-1
-1
-1
-1
-1
-1
-1
-1
-1
-1
-1
-1
-1
-1
-1
-1
-1
-1
-1
-1
-1
-1
-1
-1
-1
-1
-1
-1
-1
-1
-1
-1
-1
-1
-1
-1
-1
-1
-1
-1
-1
-1
-1
-1
-1
-1
-1
-1
-1
-1
-1
-1
-1
-1
-1
-1
-1
-1
-1
-1
-1
-1
-1
-1
-1
-1
-1
-1
-1
-1
-1
-1
-1
-1
-1
-1
-1
-1
-1
-1
-1
-1
-1
-1
-1
-1
-1
-1
-1
-1
-1
-1
-1
-1
-1
-1
-1
-1
-1
-1
-1
-1
-1
-1
-1
-1
-1
-1
-1
-1
-1
-1
-1
-1
-1
-1
-1
-1
-1
-1
-1
-1
-1
-1
-1
-1
-1
-1
-1
-1
-1
-1
-1
-1
-1
-1
-1
-1
-1
-1
-1
-1
-1
-1
-1
-1
-1
-1
-1
-1
-1
-1
-1
-1
-1
-1
-1
-1
-1
-1
-1
-1
-1
-1
-1
-1
-1
-1
-1
-1
-1
-1
-1
-1
-1
-1
-1
-1
-1
-1
-1
-1
-1
-1
-1
-1
-1
-1
-1
-1
-1
-1
-1
-1
-1
-1
-1
-1
-1
-1
-1
-1
-1
-1
-1
-1
-1
-1
-1
-1
-1
-1
-1
-1
-1
-1
-1
-1
-1
-1
-1
-1
-1
-1
-1
-1
-1
-1
-1
-1
-1
-1
-1
-1
