0 9 9
6 9 8
2 10 8
2 11 8
2 12 8
2 13 8
2 14 8
2 15 8
2 16 8
2 17 8
2 18 8
4 19 8
1 19 7
1 19 6
1 19 5
6 19 4
2 20 4
2 21 4
4 22 4
1 22 3
6 22 2
0 23 2
2 24 2
2 25 2
5 26 2
3 26 3
2 27 3
5 28 3
1 28 4
3 28 5
2 29 5
2 30 5
5 31 5
1 31 6
1 31 7
1 31 8
3 31 9
2 32 9
2 33 9
5 34 9
1 34 10
1 34 11
1 34 12
1 34 13
1 34 14
1 34 15
3 34 16
2 35 16
2 36 16
2 37 16
5 38 16
1 38 17
3 38 18
5 39 18
1 39 19
3 39 20
5 40 20
1 40 21
3 40 22
5 41 22
1 41 23
1 41 24
1 41 25
1 41 26
1 41 27
1 41 28
1 41 29
1 41 30
1 41 31
1 41 32
3 41 33
2 42 33
2 43 33
2 44 33
2 45 33
2 46 33
-1
-1
0 47 33
1 9 10
1 9 11
1 9 12
1 9 13
1 9 14
-1
-1
-1
-1
-1
-1
-1
-1
-1
-1
-1
0 9 15
1 47 32
1 47 31
1 47 30
-1
-1
-1
-1
-1
-1
-1
-1
0 47 29
2 8 15
2 7 15
2 6 15
2 5 15
3 4 15
1 4 14
5 4 13
-1
-1
-1
0 3 13
1 23 3
1 23 4
1 23 5
3 23 6
5 24 6
1 24 7
3 24 8
5 25 8
1 25 9
1 25 10
1 25 11
1 25 12
1 25 13
1 25 14
1 25 15
1 25 16
1 25 17
1 25 18
1 25 19
1 25 20
1 25 21
1 25 22
1 25 23
0 25 24
1 47 34
1 47 35
1 47 36
4 47 37
0 46 37
0 26 2
-1
-1
0 41 29
6 8 9
1 8 10
4 8 11
0 7 11
1 46 38
1 46 39
1 46 40
1 46 41
4 46 42
2 45 42
2 44 42
0 43 42
0 44 33
3 24 24
5 24 23
2 23 23
2 22 23
3 21 23
5 21 22
2 20 22
2 19 22
2 18 22
0 17 22
0 34 16
2 45 37
2 44 37
2 43 37
2 42 37
0 41 37
0 13 8
0 25 15
4 48 33
6 48 32
0 49 32
1 13 9
1 13 10
0 13 11
0 4 15
1 47 28
1 47 27
0 47 26
3 40 29
1 40 28
1 40 27
5 40 26
0 39 26
0 25 20
0 19 8
1 23 1
0 23 0
0 41 32
3 43 43
2 44 43
2 45 43
2 46 43
0 47 43
0 36 16
0 4 16
1 47 44
1 47 45
1 47 46
4 47 47
0 46 47
0 28 5
0 46 40
1 4 17
1 4 18
0 4 19
0 41 22
1 4 20
1 4 21
1 4 22
4 4 23
0 3 23
0 20 4
0 31 5
2 26 20
2 27 20
2 28 20
4 29 20
0 29 19
0 38 16
0 47 28
1 3 24
1 3 25
1 3 26
0 3 27
0 25 8
1 3 28
1 3 29
1 3 30
1 3 31
1 3 32
1 3 33
0 3 34
1 41 38
0 41 39
1 13 12
0 13 13
2 4 34
2 5 34
2 6 34
0 7 34
1 7 10
1 7 9
5 7 8
2 6 8
3 5 8
1 5 7
0 5 6
0 34 9
3 7 35
2 8 35
2 9 35
2 10 35
5 11 35
3 11 36
2 12 36
2 13 36
2 14 36
2 15 36
2 16 36
0 17 36
0 3 30
0 13 14
1 17 37
0 17 38
2 18 36
2 19 36
0 20 36
0 31 8
2 21 36
2 22 36
0 23 36
0 43 43
0 11 36
0 31 4
1 13 15
1 13 16
0 13 17
2 3 19
0 2 19
2 14 17
0 15 17
4 41 40
2 40 40
2 39 40
0 38 40
0 47 40
2 37 40
2 36 40
2 35 40
0 34 40
0 24 20
0 2 34
0 12 11
2 40 32
0 39 32
0 21 23
2 24 36
2 25 36
0 26 36
2 27 36
2 28 36
2 29 36
0 30 36
2 3 16
0 2 16
4 13 18
2 12 18
0 11 18
0 38 32
2 46 26
2 45 26
0 44 26
0 33 40
0 28 3
1 30 35
0 30 34
1 47 25
0 47 24
2 4 27
2 5 27
2 6 27
0 7 27
2 31 34
2 32 34
0 33 34
0 40 20
2 2 30
0 1 30
0 16 17
1 20 35
0 20 34
6 40 19
2 41 19
2 42 19
2 43 19
0 44 19
0 46 48
1 20 33
1 20 32
1 20 31
1 20 30
5 20 29
0 19 29
0 19 28
0 5 5
0 44 18
2 45 18
2 46 18
4 47 18
6 47 17
0 48 17
5 30 33
0 29 33
0 36 15
2 2 13
0 1 13
1 38 15
1 38 14
6 38 13
4 39 13
1 39 12
0 39 11
0 20 31
1 39 10
1 39 9
1 39 8
0 39 7
0 25 25
0 29 18
0 37 32
1 31 3
1 31 2
6 31 1
0 32 1
1 2 35
1 2 36
1 2 37
0 2 38
2 14 13
2 15 13
0 16 13
0 39 12
2 40 12
2 41 12
2 42 12
0 43 12
2 17 17
2 18 17
0 19 17
1 43 13
0 43 14
0 19 27
0 41 23
0 5 8
1 17 23
0 17 24
1 38 33
0 38 34
1 34 17
1 34 18
1 34 19
0 34 20
1 38 41
1 38 42
1 38 43
1 38 44
1 38 45
1 38 46
0 38 47
2 17 13
2 18 13
0 19 13
2 26 24
2 27 24
0 28 24
0 25 13
1 23 37
1 23 38
1 23 39
1 23 40
1 23 41
0 23 42
0 24 42
2 2 23
0 1 23
1 17 39
4 17 40
0 16 40
6 43 11
2 44 11
2 45 11
2 46 11
0 47 11
1 9 16
0 9 17
1 16 41
1 16 42
1 16 43
4 16 44
2 15 44
2 14 44
0 13 44
0 11 35
0 22 4
1 11 34
1 11 33
1 11 32
0 11 31
0 7 26
0 6 26
0 41 27
2 10 31
0 9 31
1 13 7
5 13 6
0 12 6
4 33 41
2 32 41
2 31 41
2 30 41
0 29 41
1 13 45
1 13 46
1 13 47
0 13 48
0 14 44
1 34 21
1 34 22
0 34 23
0 3 12
1 11 19
1 11 20
1 11 21
1 11 22
0 11 23
1 26 37
0 26 38
0 26 8
1 49 33
1 49 34
1 49 35
0 49 36
6 33 16
4 33 17
0 32 17
0 39 18
1 48 16
6 48 15
0 49 15
0 29 20
2 14 48
0 15 48
2 18 27
2 17 27
2 16 27
0 15 27
1 28 25
1 28 26
0 28 27
0 16 8
0 23 1
0 34 24
6 47 10
0 48 10
0 47 45
5 26 15
0 26 16
0 8 35
0 47 48
3 10 23
5 10 22
0 9 22
0 43 15
2 21 31
2 22 31
2 23 31
2 24 31
0 25 31
2 29 27
0 30 27
2 33 1
2 34 1
0 35 1
2 14 27
0 13 27
2 40 7
2 41 7
2 42 7
2 43 7
0 44 7
1 15 28
0 15 29
4 25 26
2 24 26
0 23 26
0 9 18
1 44 6
1 44 5
1 44 4
0 44 3
5 12 5
2 11 5
0 10 5
0 26 35
1 29 42
1 29 43
1 29 44
0 29 45
6 30 8
1 30 9
0 30 10
5 37 31
0 36 31
1 20 37
1 20 38
0 20 39
0 36 30
1 30 11
0 30 12
1 20 3
5 20 2
2 19 2
0 18 2
2 17 2
2 16 2
0 15 2
0 34 25
0 24 6
1 35 2
1 35 3
0 35 4
2 24 15
0 23 15
0 9 12
1 29 46
1 29 47
0 29 48
1 2 39
4 2 40
0 1 40
2 37 47
2 36 47
0 35 47
3 19 18
0 20 18
1 18 3
0 18 4
1 15 47
6 15 46
0 16 46
1 1 12
0 1 11
1 5 4
1 5 3
0 5 2
-1
-1
-1
-1
-1
-1
-1
-1
-1
-1
-1
-1
-1
-1
-1
-1
-1
-1
-1
-1
-1
-1
-1
-1
-1
-1
-1
-1
-1
-1
-1
-1
-1
-1
-1
-1
-1
-1
-1
-1
-1
-1
-1
-1
-1
-1
-1
-1
-1
-1
-1
-1
-1
-1
-1
-1
-1
-1
-1
-1
-1
-1
-1
-1
-1
-1
-1
-1
-1
-1
-1
-1
-1
-1
-1
-1
-1
-1
-1
-1
-1
-1
-1
-1
-1
-1
-1
-1
-1
-1
-1
-1
-1
-1
-1
-1
-1
-1
-1
-1
-1
-1
-1
-1
-1
-1
-1
-1
-1
-1
-1
-1
-1
-1
-1
-1
-1
-1
-1
-1
-1
-1
-1
-1
-1
-1
-1
-1
-1
-1
-1
-1
-1
-1
-1
-1
-1
-1
-1
-1
-1
-1
-1
-1
-1
-1
-1
-1
-1
-1
-1
-1
-1
-1
-1
-1
-1
-1
-1
-1
-1
-1
-1
-1
-1
-1
-1
-1
-1
-1
-1
-1
-1
-1
-1
-1
-1
-1
-1
-1
-1
-1
-1
-1
-1
-1
-1
-1
-1
-1
