0 4 20
1 4 21
1 4 22
1 4 23
3 4 24
5 5 24
1 5 25
1 5 26
1 5 27
1 5 28
3 5 29
2 6 29
2 7 29
2 8 29
2 9 29
5 10 29
3 10 30
5 11 30
1 11 31
1 11 32
1 11 33
1 11 34
1 11 35
1 11 36
1 11 37
1 11 38
1 11 39
1 11 40
1 11 41
1 11 42
1 11 43
3 11 44
2 12 44
2 13 44
2 14 44
2 15 44
2 16 44
2 17 44
2 18 44
2 19 44
2 20 44
2 21 44
2 22 44
2 23 44
2 24 44
0 25 44
1 4 19
1 4 18
1 4 17
1 4 16
1 4 15
5 4 14
2 3 14
-1
-1
-1
-1
-1
-1
-1
-1
-1
-1
-1
-1
-1
-1
-1
-1
-1
-1
-1
-1
-1
-1
-1
-1
-1
-1
-1
-1
-1
-1
-1
-1
-1
-1
0 2 14
1 25 43
1 25 42
1 25 41
1 25 40
6 25 39
2 26 39
2 27 39
4 28 39
1 28 38
1 28 37
1 28 36
6 28 35
2 29 35
-1
-1
-1
-1
-1
-1
-1
-1
-1
-1
-1
-1
-1
-1
-1
-1
-1
-1
-1
-1
-1
-1
-1
-1
-1
-1
-1
-1
-1
0 30 35
1 30 36
1 30 37
3 30 38
2 31 38
2 32 38
5 33 38
1 33 39
1 33 40
1 33 41
3 33 42
2 34 42
2 35 42
2 36 42
2 37 42
-1
-1
-1
-1
-1
-1
-1
0 38 42
1 38 41
1 38 40
1 38 39
1 38 38
1 38 37
1 38 36
1 38 35
1 38 34
1 38 33
1 38 32
1 38 31
1 38 30
1 38 29
1 38 28
1 38 27
1 38 26
1 38 25
1 38 24
6 38 23
2 39 23
2 40 23
0 41 23
-1
-1
-1
-1
-1
-1
-1
-1
-1
0 7 29
4 5 20
1 5 19
1 5 18
6 5 17
2 6 17
2 7 17
2 8 17
2 9 17
2 10 17
2 11 17
2 12 17
2 13 17
2 14 17
2 15 17
2 16 17
0 17 17
1 41 24
1 41 25
3 41 26
-1
-1
0 42 26
1 41 22
1 41 21
1 41 20
1 41 19
6 41 18
2 42 18
2 43 18
2 44 18
2 45 18
4 46 18
1 46 17
1 46 16
1 46 15
1 46 14
1 46 13
1 46 12
1 46 11
1 46 10
1 46 9
0 46 8
1 17 16
1 17 15
1 17 14
1 17 13
1 17 12
1 17 11
1 17 10
6 17 9
0 18 9
1 2 13
6 2 12
4 3 12
6 3 11
2 4 11
0 5 11
0 6 17
1 38 43
1 38 44
1 38 45
3 38 46
2 39 46
0 40 46
0 32 38
1 5 10
1 5 9
1 5 8
0 5 7
1 32 39
1 32 40
1 32 41
4 32 42
0 31 42
2 4 7
2 3 7
2 2 7
0 1 7
1 17 18
1 17 19
4 17 20
2 16 20
2 15 20
2 14 20
0 13 20
0 38 26
1 42 27
0 42 28
5 43 26
3 43 27
2 44 27
2 45 27
0 46 27
5 47 8
1 47 9
3 47 10
0 48 10
0 10 29
4 2 15
2 1 15
0 0 15
4 39 42
1 39 41
0 39 40
4 18 17
1 18 16
1 18 15
6 18 14
2 19 14
2 20 14
0 21 14
0 38 36
0 28 39
2 37 26
0 36 26
0 11 44
1 1 8
3 1 9
0 2 9
1 36 25
1 36 24
1 36 23
0 36 22
0 33 38
0 7 17
1 42 29
1 42 30
0 42 31
1 18 8
1 18 7
1 18 6
1 18 5
1 18 4
0 18 3
0 41 19
0 13 44
0 11 30
1 18 2
5 18 1
2 17 1
2 16 1
0 15 1
0 15 17
1 13 21
1 13 22
0 13 23
2 12 23
2 11 23
0 10 23
2 40 40
2 41 40
0 42 40
2 35 22
2 34 22
2 33 22
0 32 22
0 32 23
1 30 34
0 30 33
0 38 31
0 11 38
2 42 23
2 43 23
2 44 23
0 45 23
0 23 44
1 5 6
6 5 5
0 6 5
1 48 11
0 48 12
1 46 7
1 46 6
0 46 5
0 27 39
1 42 41
1 42 42
3 42 43
2 43 43
0 44 43
0 47 5
1 13 24
1 13 25
0 13 26
0 34 42
6 37 31
4 37 32
0 36 32
2 45 43
2 46 43
2 47 43
0 48 43
1 34 43
0 34 44
0 13 43
0 46 18
1 7 30
1 7 31
1 7 32
4 7 33
2 6 33
0 5 33
2 14 26
2 15 26
2 16 26
0 17 26
1 15 16
5 15 15
2 14 15
2 13 15
0 12 15
1 1 6
1 1 5
1 1 4
1 1 3
1 1 2
0 1 1
2 12 30
2 13 30
0 14 30
2 18 26
2 19 26
2 20 26
0 21 26
1 21 27
3 21 28
5 22 28
1 22 29
0 22 30
2 47 18
2 48 18
0 49 18
1 5 34
1 5 35
1 5 36
0 5 37
3 40 19
1 40 18
1 40 17
0 40 16
1 21 13
6 21 12
2 22 12
0 23 12
4 23 30
6 23 29
2 24 29
0 25 29
0 45 24
1 34 45
0 34 46
2 24 12
2 25 12
2 26 12
0 27 12
0 38 38
2 26 29
0 27 29
1 22 31
1 22 32
1 22 33
1 22 34
1 22 35
0 22 36
2 21 36
2 20 36
0 19 36
1 17 25
0 17 24
2 28 12
2 29 12
2 30 12
0 31 12
2 6 11
2 7 11
2 8 11
0 9 11
1 23 45
4 23 46
0 22 46
0 3 12
3 6 6
2 7 6
2 8 6
2 9 6
2 10 6
0 11 6
0 5 24
1 27 11
1 27 10
1 27 9
1 27 8
0 27 7
2 43 31
0 44 31
1 27 13
1 27 14
4 27 15
0 26 15
1 31 13
1 31 14
0 31 15
4 19 3
1 19 2
0 19 1
6 21 25
2 22 25
4 23 25
0 23 24
2 32 12
0 33 12
6 40 15
4 41 15
1 41 14
1 41 13
0 41 12
6 45 5
0 45 6
1 42 32
1 42 33
1 42 34
0 42 35
1 32 21
0 32 20
1 6 4
1 6 3
1 6 2
1 6 1
6 6 0
0 7 0
3 39 16
5 39 15
2 38 15
0 37 15
1 32 24
1 32 25
1 32 26
0 32 27
0 26 16
1 32 28
0 32 29
4 11 45
2 10 45
2 9 45
2 8 45
2 7 45
2 6 45
0 5 45
1 27 6
6 27 5
0 28 5
4 34 47
2 33 47
2 32 47
0 31 47
2 6 37
0 7 37
1 13 45
1 13 46
1 13 47
1 13 48
0 13 49
1 23 23
1 23 22
5 23 21
2 22 21
3 21 21
0 21 20
1 28 4
1 28 3
1 28 2
6 28 1
0 29 1
4 19 9
6 19 8
0 20 8
5 45 31
3 45 32
2 46 32
0 47 32
1 44 44
1 44 45
1 44 46
0 44 47
2 22 20
2 23 20
5 24 20
3 24 21
0 25 21
-1
-1
-1
-1
-1
-1
-1
-1
-1
-1
-1
-1
-1
-1
-1
-1
-1
-1
-1
-1
-1
-1
-1
-1
-1
-1
-1
-1
-1
-1
-1
-1
-1
-1
-1
-1
-1
-1
-1
-1
-1
-1
-1
-1
-1
-1
-1
-1
-1
-1
-1
-1
-1
-1
-1
-1
-1
-1
-1
-1
-1
-1
-1
-1
-1
-1
-1
-1
-1
-1
-1
-1
-1
-1
-1
-1
-1
-1
-1
-1
-1
-1
-1
-1
-1
-1
-1
-1
-1
-1
-1
-1
-1
-1
-1
-1
-1
-1
-1
-1
-1
-1
-1
-1
-1
-1
-1
-1
-1
-1
-1
-1
-1
-1
-1
-1
-1
-1
-1
-1
-1
-1
-1
-1
-1
-1
-1
-1
-1
-1
-1
-1
-1
-1
-1
-1
-1
-1
-1
-1
-1
-1
-1
-1
-1
-1
-1
-1
-1
-1
-1
-1
-1
-1
-1
-1
-1
-1
-1
-1
-1
-1
-1
-1
-1
-1
-1
-1
-1
-1
-1
-1
-1
-1
-1
-1
-1
-1
-1
-1
-1
-1
-1
-1
-1
-1
-1
-1
-1
-1
-1
-1
-1
-1
-1
-1
-1
-1
-1
-1
-1
-1
-1
-1
-1
-1
-1
-1
-1
-1
-1
-1
-1
-1
-1
-1
-1
-1
-1
-1
-1
-1
-1
-1
-1
-1
