0 23 33
1 23 32
6 23 31
2 24 31
4 25 31
1 25 30
1 25 29
1 25 28
1 25 27
6 25 26
2 26 26
2 27 26
4 28 26
1 28 25
6 28 24
4 29 24
1 29 23
6 29 22
4 30 22
1 30 21
6 30 20
2 31 20
2 32 20
0 33 20
2 34 20
4 35 20
1 35 19
1 35 18
1 35 17
1 35 16
1 35 15
6 35 14
2 36 14
-1
-1
0 37 14
2 22 33
3 21 33
1 21 32
1 21 31
5 21 30
2 20 30
3 19 30
1 19 29
1 19 28
5 19 27
2 18 27
2 17 27
3 16 27
1 16 26
1 16 25
1 16 24
5 16 23
3 15 23
5 15 22
2 14 22
2 13 22
2 12 22
-1
-1
-1
-1
-1
-1
-1
-1
-1
-1
-1
-1
-1
-1
-1
-1
-1
-1
-1
-1
-1
-1
-1
-1
-1
-1
-1
-1
-1
0 11 22
1 33 19
1 33 18
1 33 17
1 33 16
1 33 15
5 33 14
2 32 14
-1
-1
-1
-1
-1
-1
-1
-1
-1
-1
-1
-1
-1
-1
-1
-1
-1
0 31 14
1 11 23
1 11 24
1 11 25
1 11 26
1 11 27
3 11 28
2 12 28
-1
-1
-1
-1
-1
-1
-1
-1
-1
-1
0 13 28
1 23 34
1 23 35
1 23 36
1 23 37
3 23 38
5 24 38
1 24 39
1 24 40
3 24 41
2 25 41
5 26 41
1 26 42
1 26 43
1 26 44
1 26 45
-1
0 26 46
2 30 14
2 29 14
2 28 14
2 27 14
2 26 14
2 25 14
6 24 14
4 24 15
2 23 15
2 22 15
2 21 15
2 20 15
-1
0 19 15
2 27 46
5 28 46
3 28 47
2 29 47
2 30 47
-1
-1
-1
-1
0 31 47
1 19 14
1 19 13
5 19 12
3 18 12
1 18 11
-1
-1
0 18 10
-1
-1
-1
-1
-1
-1
0 25 31
2 38 14
5 39 14
3 39 15
2 40 15
2 41 15
2 42 15
2 43 15
0 44 15
1 31 46
1 31 45
1 31 44
1 31 43
0 31 42
1 33 21
1 33 22
1 33 23
1 33 24
0 33 25
2 18 15
2 17 15
2 16 15
2 15 15
2 14 15
0 13 15
-1
0 33 17
2 25 46
2 24 46
2 23 46
3 22 46
1 22 45
1 22 44
1 22 43
1 22 42
1 22 41
0 22 40
1 31 13
1 31 12
0 31 11
0 24 38
2 21 40
2 20 40
2 19 40
3 18 40
1 18 39
1 18 38
0 18 37
2 32 42
2 33 42
2 34 42
0 35 42
0 26 41
0 13 22
3 25 32
2 26 32
0 27 32
0 16 27
3 19 16
2 20 16
0 21 16
0 40 15
2 17 37
2 16 37
2 15 37
2 14 37
0 13 37
1 27 33
1 27 34
0 27 35
1 37 13
1 37 12
0 37 11
2 28 32
2 29 32
2 30 32
2 31 32
0 32 32
0 28 26
0 37 10
0 22 46
0 24 14
0 35 20
0 21 30
0 30 22
0 18 9
1 44 16
1 44 17
1 44 18
0 44 19
0 28 46
0 25 27
1 44 20
1 44 21
0 44 22
0 19 27
1 44 23
1 44 24
1 44 25
1 44 26
0 44 27
3 21 17
2 22 17
2 23 17
2 24 17
0 25 17
1 32 33
0 32 34
1 44 28
1 44 29
1 44 30
3 44 31
0 45 31
0 11 25
0 22 43
2 46 31
5 47 31
1 47 32
1 47 33
1 47 34
1 47 35
1 47 36
0 47 37
1 24 13
1 24 12
1 24 11
0 24 10
1 47 38
1 47 39
1 47 40
0 47 41
0 18 36
1 31 10
1 31 9
0 31 8
3 24 27
1 24 26
1 24 25
0 24 24
0 23 38
0 21 33
1 24 9
0 24 8
0 19 30
2 43 27
0 42 27
4 22 47
0 21 47
2 26 17
2 27 17
0 28 17
0 28 16
1 32 31
0 32 30
1 13 38
0 13 39
2 12 39
2 11 39
2 10 39
2 9 39
0 8 39
2 7 39
2 6 39
0 5 39
0 26 47
1 5 40
0 5 41
2 4 41
2 3 41
2 2 41
0 1 41
1 1 42
1 1 43
0 1 44
2 33 30
2 34 30
0 35 30
1 28 18
0 28 19
2 45 15
2 46 15
0 47 15
1 18 8
1 18 7
1 18 6
1 18 5
0 18 4
1 13 40
4 13 41
0 12 41
2 41 27
0 40 27
1 37 9
1 37 8
0 37 7
1 11 21
5 11 20
2 10 20
0 9 20
0 30 42
2 2 44
0 3 44
0 31 30
2 8 20
2 7 20
2 6 20
2 5 20
0 4 20
2 25 10
0 26 10
2 23 24
2 22 24
0 21 24
1 32 35
3 32 36
2 33 36
0 34 36
1 31 29
0 31 28
0 27 10
0 23 34
0 20 47
0 3 20
1 31 41
0 31 40
1 3 21
1 3 22
4 3 23
6 2 23
1 2 24
1 2 25
1 2 26
4 2 27
0 1 27
0 18 12
0 13 16
6 46 37
4 46 38
2 45 38
0 44 38
2 43 38
2 42 38
2 41 38
2 40 38
0 39 38
0 15 23
3 3 45
2 4 45
0 5 45
1 1 28
1 1 29
1 1 30
0 1 31
2 2 31
0 3 31
0 35 14
1 3 32
1 3 33
0 3 34
4 32 47
6 32 46
2 33 46
0 34 46
0 29 24
0 27 36
1 39 39
0 39 40
1 31 7
1 31 6
0 31 5
1 21 23
1 21 22
0 21 21
2 21 43
0 20 43
0 47 31
4 20 44
2 19 44
0 18 44
0 25 29
2 45 27
2 46 27
0 47 27
0 17 4
1 35 31
1 35 32
3 35 33
2 36 33
0 37 33
0 16 28
1 13 17
0 13 18
0 4 39
0 18 40
0 3 35
1 40 26
1 40 25
1 40 24
0 40 23
0 25 18
0 2 23
2 10 25
2 9 25
2 8 25
0 7 25
1 26 48
0 26 49
1 13 14
5 13 13
2 12 13
2 11 13
0 10 13
1 44 14
5 44 13
0 43 13
0 28 45
2 9 13
2 8 13
2 7 13
0 6 13
2 32 11
0 33 11
1 5 46
3 5 47
2 6 47
0 7 47
1 31 4
5 31 3
2 30 3
2 29 3
0 28 3
2 20 33
2 19 33
2 18 33
0 17 33
1 47 14
1 47 13
1 47 12
1 47 11
1 47 10
1 47 9
6 47 8
0 48 8
3 13 19
2 14 19
2 15 19
2 16 19
0 17 19
1 44 37
5 44 36
0 43 36
0 8 47
1 47 26
1 47 25
0 47 24
4 36 20
6 36 19
2 37 19
0 38 19
1 47 23
1 47 22
6 47 21
0 48 21
1 35 29
1 35 28
6 35 27
0 36 27
3 39 41
0 40 41
2 17 9
0 16 9
1 10 12
1 10 11
1 10 10
5 10 9
0 9 9
0 34 42
1 4 19
1 4 18
0 4 17
0 25 41
6 23 10
1 23 11
0 23 12
4 13 29
2 12 29
2 11 29
2 10 29
0 9 29
5 48 31
1 48 32
0 48 33
1 9 8
1 9 7
1 9 6
1 9 5
0 9 4
1 9 19
1 9 18
0 9 17
0 24 27
5 17 32
2 16 32
2 15 32
2 14 32
0 13 32
5 24 7
2 23 7
0 22 7
0 48 7
1 47 42
1 47 43
3 47 44
0 48 44
3 8 9
5 8 8
2 7 8
2 6 8
2 5 8
2 4 8
0 3 8
4 32 5
1 32 4
1 32 3
1 32 2
1 32 1
6 32 0
0 33 0
2 34 0
2 35 0
2 36 0
2 37 0
2 38 0
2 39 0
2 40 0
0 41 0
1 48 6
1 48 5
1 48 4
5 48 3
0 47 3
1 18 45
4 18 46
2 17 46
0 16 46
6 5 44
2 6 44
0 7 44
2 12 32
2 11 32
0 10 32
0 19 47
3 34 47
2 35 47
2 36 47
0 37 47
6 37 46
2 38 46
2 39 46
2 40 46
0 41 46
2 27 3
3 26 3
5 26 2
3 25 2
5 25 1
0 24 1
1 3 7
1 3 6
1 3 5
1 3 4
1 3 3
1 3 2
5 3 1
2 2 1
2 1 1
0 0 1
-1
-1
-1
-1
-1
-1
-1
-1
-1
-1
-1
-1
-1
-1
-1
-1
-1
-1
-1
-1
-1
-1
-1
-1
-1
-1
-1
-1
-1
-1
-1
-1
-1
-1
-1
-1
-1
-1
-1
-1
-1
-1
-1
-1
-1
-1
-1
-1
-1
-1
-1
-1
-1
-1
-1
-1
-1
-1
-1
-1
-1
-1
-1
-1
-1
-1
-1
-1
-1
-1
-1
-1
-1
-1
-1
-1
-1
-1
-1
-1
-1
-1
-1
-1
-1
-1
-1
-1
-1
-1
-1
-1
-1
-1
-1
-1
-1
-1
-1
-1
-1
-1
-1
-1
-1
-1
-1
-1
-1
-1
-1
-1
-1
-1
-1
-1
-1
-1
-1
-1
-1
-1
-1
-1
-1
-1
-1
-1
-1
-1
-1
-1
-1
-1
-1
-1
-1
