0 35 34
1 35 33
1 35 32
1 35 31
1 35 30
1 35 29
5 35 28
2 34 28
2 33 28
2 32 28
2 31 28
2 30 28
3 29 28
5 29 27
2 28 27
2 27 27
2 26 27
0 25 27
5 25 26
-1
-1
-1
-1
2 24 26
-1
-1
-1
-1
2 23 26
-1
-1
-1
-1
3 22 26
-1
-1
-1
-1
1 22 25
-1
-1
-1
-1
1 22 24
-1
-1
-1
-1
1 22 23
-1
-1
-1
-1
1 22 22
-1
-1
-1
-1
5 22 21
-1
-1
-1
-1
3 21 21
-1
-1
-1
-1
1 21 20
-1
-1
-1
-1
1 21 19
-1
-1
-1
-1
1 21 18
-1
-1
-1
-1
1 21 17
-1
-1
-1
-1
1 21 16
-1
-1
-1
-1
1 21 15
-1
-1
-1
-1
1 21 14
-1
-1
-1
-1
1 21 13
-1
-1
-1
-1
1 21 12
-1
-1
-1
-1
1 21 11
-1
-1
-1
-1
1 21 10
-1
-1
-1
-1
1 21 9
-1
-1
-1
-1
5 21 8
-1
-1
-1
-1
2 20 8
-1
-1
-1
-1
2 19 8
-1
-1
-1
-1
2 18 8
-1
-1
-1
-1
-1
-1
-1
-1
-1
-1
-1
-1
-1
-1
-1
-1
-1
-1
-1
-1
-1
-1
-1
-1
-1
-1
-1
-1
-1
-1
-1
-1
-1
-1
-1
-1
-1
-1
-1
-1
-1
-1
-1
-1
-1
-1
-1
-1
-1
-1
-1
-1
-1
-1
-1
-1
-1
-1
-1
-1
-1
-1
-1
-1
-1
-1
-1
-1
-1
-1
-1
-1
-1
-1
-1
-1
-1
-1
-1
-1
-1
-1
-1
-1
-1
-1
-1
-1
-1
-1
-1
-1
-1
-1
-1
-1
-1
-1
-1
-1
-1
-1
-1
-1
-1
-1
-1
-1
-1
-1
-1
-1
-1
-1
-1
-1
-1
-1
-1
-1
-1
-1
-1
-1
-1
-1
-1
-1
-1
-1
-1
-1
-1
-1
-1
-1
-1
-1
-1
-1
-1
-1
-1
-1
-1
-1
-1
-1
-1
-1
-1
-1
-1
-1
-1
-1
-1
-1
-1
-1
-1
-1
-1
-1
-1
-1
-1
-1
-1
-1
-1
-1
-1
-1
-1
-1
-1
-1
-1
-1
-1
-1
-1
-1
-1
-1
-1
-1
-1
-1
-1
-1
-1
-1
-1
-1
-1
-1
-1
-1
-1
-1
-1
-1
-1
-1
-1
-1
-1
-1
-1
-1
-1
-1
-1
-1
-1
-1
-1
-1
-1
-1
-1
-1
-1
-1
-1
-1
-1
-1
-1
-1
-1
-1
-1
-1
-1
-1
-1
-1
-1
-1
-1
-1
-1
-1
-1
-1
-1
0 17 8
-1
1 35 35
3 35 36
-1
2 36 36
-1
2 37 36
2 38 36
-1
2 39 36
-1
-1
-1
-1
-1
-1
-1
-1
-1
-1
-1
-1
-1
-1
-1
-1
-1
-1
-1
-1
-1
-1
-1
-1
-1
-1
-1
-1
-1
-1
-1
-1
-1
-1
-1
-1
-1
-1
-1
-1
-1
-1
-1
-1
-1
-1
-1
-1
-1
-1
-1
-1
-1
-1
-1
-1
-1
-1
-1
-1
-1
-1
-1
-1
-1
-1
-1
-1
-1
-1
-1
-1
-1
-1
-1
-1
-1
0 40 36
-1
-1
-1
-1
-1
-1
-1
-1
-1
-1
-1
-1
-1
-1
-1
-1
-1
-1
-1
-1
-1
-1
-1
-1
-1
-1
-1
-1
-1
-1
-1
-1
-1
-1
-1
-1
-1
-1
-1
-1
-1
0 21 12
1 40 37
1 40 38
1 40 39
1 40 40
1 40 41
1 40 42
1 40 43
3 40 44
2 41 44
-1
-1
-1
-1
-1
-1
-1
-1
-1
-1
-1
-1
-1
-1
-1
-1
-1
-1
-1
0 42 44
-1
-1
-1
-1
-1
-1
-1
-1
-1
-1
-1
-1
-1
-1
-1
-1
-1
-1
0 21 21
2 16 8
2 15 8
-1
-1
-1
-1
-1
-1
-1
-1
-1
-1
-1
-1
-1
-1
0 14 8
-1
-1
-1
-1
-1
-1
-1
-1
-1
-1
-1
-1
-1
-1
0 29 28
1 25 28
1 25 29
1 25 30
1 25 31
1 25 32
1 25 33
1 25 34
1 25 35
-1
-1
-1
-1
-1
-1
0 25 36
3 20 21
1 20 20
5 20 19
2 19 19
2 18 19
2 17 19
2 16 19
2 15 19
2 14 19
2 13 19
2 12 19
2 11 19
2 10 19
0 9 19
2 26 36
2 27 36
-1
-1
-1
-1
-1
-1
-1
0 28 36
1 17 7
1 17 6
1 17 5
1 17 4
1 17 3
-1
-1
-1
-1
-1
0 17 2
4 22 12
1 22 11
1 22 10
-1
-1
-1
-1
0 22 9
-1
-1
-1
-1
-1
-1
-1
0 38 36
5 23 9
1 23 10
1 23 11
1 23 12
1 23 13
1 23 14
1 23 15
1 23 16
1 23 17
3 23 18
2 24 18
0 25 18
-1
-1
-1
-1
-1
-1
-1
-1
-1
-1
-1
-1
-1
-1
-1
-1
-1
-1
-1
-1
-1
-1
-1
-1
-1
-1
-1
-1
-1
-1
-1
-1
-1
-1
-1
-1
-1
-1
-1
-1
-1
-1
-1
-1
-1
-1
-1
-1
-1
-1
-1
-1
-1
-1
-1
-1
-1
-1
-1
-1
-1
-1
-1
-1
-1
-1
-1
-1
-1
-1
-1
-1
-1
-1
-1
-1
-1
-1
-1
-1
-1
-1
-1
-1
-1
-1
-1
-1
-1
-1
-1
-1
-1
-1
-1
-1
-1
-1
-1
-1
-1
-1
-1
-1
-1
-1
-1
-1
-1
-1
-1
-1
-1
-1
-1
-1
-1
-1
