0 29 1
1 29 2
3 29 3
5 30 3
1 30 4
1 30 5
1 30 6
1 30 7
1 30 8
1 30 9
1 30 10
1 30 11
1 30 12
1 30 13
1 30 14
1 30 15
1 30 16
1 30 17
1 30 18
1 30 19
1 30 20
1 30 21
1 30 22
1 30 23
1 30 24
1 30 25
1 30 26
1 30 27
1 30 28
0 30 29
1 30 30
1 30 31
4 30 32
2 29 32
2 28 32
6 27 32
1 27 33
4 27 34
2 26 34
2 25 34
6 24 34
4 24 35
2 23 35
2 22 35
2 21 35
2 20 35
2 19 35
2 18 35
2 17 35
6 16 35
1 16 36
1 16 37
1 16 38
1 16 39
1 16 40
4 16 41
2 15 41
2 14 41
2 13 41
2 12 41
2 11 41
2 10 41
2 9 41
6 8 41
1 8 42
1 8 43
-1
-1
-1
-1
-1
-1
-1
-1
-1
-1
-1
-1
-1
-1
-1
-1
-1
-1
-1
-1
-1
-1
-1
-1
-1
-1
-1
-1
-1
-1
-1
-1
-1
-1
-1
-1
-1
-1
-1
0 8 44
3 29 29
1 29 28
1 29 27
1 29 26
5 29 25
2 28 25
2 27 25
2 26 25
-1
-1
-1
-1
-1
-1
-1
-1
-1
-1
-1
-1
-1
-1
-1
-1
-1
-1
-1
-1
-1
-1
0 25 25
2 7 44
2 6 44
2 5 44
2 4 44
2 3 44
-1
-1
-1
-1
-1
-1
-1
-1
-1
-1
-1
-1
-1
-1
-1
-1
-1
-1
0 2 44
4 31 29
1 31 28
1 31 27
1 31 26
1 31 25
1 31 24
6 31 23
2 32 23
-1
-1
-1
-1
-1
-1
-1
-1
-1
-1
-1
-1
-1
0 33 23
5 25 24
2 24 24
3 23 24
1 23 23
1 23 22
1 23 21
5 23 20
2 22 20
2 21 20
2 20 20
2 19 20
2 18 20
2 17 20
2 16 20
2 15 20
2 14 20
3 13 20
1 13 19
1 13 18
5 13 17
2 12 17
2 11 17
0 10 17
1 33 24
1 33 25
1 33 26
1 33 27
1 33 28
1 33 29
1 33 30
1 33 31
1 33 32
3 33 33
2 34 33
2 35 33
5 36 33
1 36 34
1 36 35
1 36 36
3 36 37
2 37 37
2 38 37
2 39 37
2 40 37
2 41 37
2 42 37
0 43 37
2 9 17
6 8 17
1 8 18
1 8 19
4 8 20
2 7 20
2 6 20
2 5 20
2 4 20
2 3 20
2 2 20
0 1 20
1 33 22
1 33 21
1 33 20
1 33 19
1 33 18
6 33 17
2 34 17
2 35 17
2 36 17
2 37 17
2 38 17
2 39 17
0 40 17
-1
-1
-1
-1
-1
0 8 41
-1
-1
-1
-1
-1
-1
-1
0 30 32
1 2 43
1 2 42
1 2 41
1 2 40
1 2 39
1 2 38
-1
0 2 37
1 10 16
1 10 15
1 10 14
1 10 13
1 10 12
1 10 11
1 10 10
6 10 9
2 11 9
0 12 9
1 2 36
1 2 35
1 2 34
1 2 33
1 2 32
0 2 31
1 43 38
4 43 39
2 42 39
2 41 39
2 40 39
2 39 39
0 38 39
1 2 30
1 2 29
1 2 28
0 2 27
5 30 1
3 30 2
5 31 2
3 31 3
2 32 3
2 33 3
0 34 3
1 12 10
1 12 11
1 12 12
3 12 13
0 13 13
-1
-1
-1
0 33 31
6 12 8
4 13 8
1 13 7
6 13 6
2 14 6
0 15 6
4 34 31
6 34 30
2 35 30
2 36 30
2 37 30
0 38 30
3 1 44
0 1 43
6 38 29
2 39 29
2 40 29
0 41 29
5 15 5
2 14 5
2 13 5
2 12 5
2 11 5
2 10 5
2 9 5
2 8 5
0 7 5
0 24 34
1 1 21
0 1 22
2 2 22
2 3 22
0 4 22
4 38 40
2 37 40
0 36 40
1 13 14
3 13 15
2 14 15
2 15 15
0 16 15
2 17 15
2 18 15
0 19 15
0 23 20
1 41 28
1 41 27
1 41 26
1 41 25
1 41 24
0 41 23
5 24 20
3 24 21
2 25 21
2 26 21
0 27 21
0 20 35
4 3 31
6 3 30
2 4 30
2 5 30
0 6 30
0 30 4
1 2 45
0 2 46
0 36 37
0 27 32
4 36 41
2 35 41
2 34 41
0 33 41
0 8 17
2 29 4
2 28 4
2 27 4
2 26 4
6 25 4
4 25 5
0 24 5
0 35 17
0 33 19
0 23 24
1 33 42
1 33 43
1 33 44
1 33 45
0 33 46
0 10 9
4 33 47
2 32 47
0 31 47
0 16 6
0 13 20
2 44 37
2 45 37
2 46 37
2 47 37
0 48 37
1 35 16
1 35 15
1 35 14
0 35 13
1 16 5
1 16 4
6 16 3
2 17 3
0 18 3
0 36 33
2 30 47
2 29 47
2 28 47
2 27 47
0 26 47
2 25 47
0 24 47
0 2 29
2 6 5
0 5 5
1 24 6
1 24 7
1 24 8
1 24 9
0 24 10
2 25 10
2 26 10
2 27 10
4 28 10
0 28 9
0 30 16
1 48 38
1 48 39
1 48 40
1 48 41
0 48 42
0 35 37
0 22 35
2 3 37
0 4 37
0 16 35
5 34 46
3 34 47
2 35 47
2 36 47
0 37 47
3 37 48
2 38 48
2 39 48
2 40 48
2 41 48
0 42 48
2 47 42
0 46 42
0 16 20
3 6 31
0 7 31
0 41 17
0 45 42
0 8 42
1 16 34
1 16 33
1 16 32
1 16 31
1 16 30
1 16 29
0 16 28
3 7 32
2 8 32
2 9 32
2 10 32
0 11 32
1 27 22
3 27 23
0 28 23
5 8 16
2 7 16
2 6 16
3 5 16
0 5 15
6 16 27
2 17 27
0 18 27
1 11 31
1 11 30
1 11 29
1 11 28
1 11 27
0 11 26
1 5 4
1 5 3
1 5 2
1 5 1
5 5 0
0 4 0
0 19 27
3 8 45
2 9 45
0 10 45
1 26 46
1 26 45
6 26 44
0 27 44
0 16 40
1 13 21
0 13 22
1 6 29
1 6 28
0 6 27
2 42 29
2 43 29
2 44 29
0 45 29
1 7 4
1 7 3
1 7 2
6 7 1
2 8 1
0 9 1
2 12 22
2 11 22
0 10 22
1 41 16
0 41 15
0 23 47
0 6 26
1 41 14
1 41 13
1 41 12
1 41 11
6 41 10
2 42 10
2 43 10
2 44 10
0 45 10
2 34 37
2 33 37
2 32 37
2 31 37
2 30 37
0 29 37
1 5 6
1 5 7
1 5 8
4 5 9
2 4 9
2 3 9
2 2 9
2 1 9
0 0 9
1 10 46
1 10 47
1 10 48
3 10 49
0 11 49
1 45 28
1 45 27
1 45 26
6 45 25
2 46 25
2 47 25
0 48 25
1 22 36
1 22 37
1 22 38
1 22 39
0 22 40
-1
-1
-1
-1
-1
-1
-1
-1
-1
-1
-1
-1
-1
-1
-1
-1
-1
-1
-1
-1
-1
-1
-1
-1
-1
-1
-1
-1
-1
-1
-1
-1
-1
-1
-1
-1
-1
-1
-1
-1
-1
-1
-1
-1
-1
-1
-1
-1
-1
-1
-1
-1
-1
-1
-1
-1
-1
-1
-1
-1
-1
-1
-1
-1
-1
-1
-1
-1
-1
-1
-1
-1
-1
-1
-1
-1
-1
-1
-1
-1
-1
-1
-1
-1
-1
-1
-1
-1
-1
-1
-1
-1
-1
-1
-1
-1
-1
-1
-1
-1
-1
-1
-1
-1
-1
-1
-1
-1
-1
-1
-1
-1
-1
-1
-1
-1
-1
-1
-1
-1
-1
-1
-1
-1
-1
-1
-1
-1
-1
-1
-1
-1
-1
-1
-1
-1
-1
-1
-1
-1
-1
-1
-1
-1
-1
-1
-1
-1
-1
-1
-1
-1
-1
-1
-1
-1
-1
-1
-1
-1
-1
-1
-1
-1
-1
-1
-1
-1
-1
-1
-1
-1
-1
-1
-1
-1
-1
-1
-1
-1
-1
-1
-1
-1
-1
-1
-1
-1
-1
-1
-1
-1
-1
-1
-1
-1
-1
-1
-1
-1
-1
-1
-1
-1
-1
-1
-1
-1
-1
-1
-1
-1
-1
-1
-1
