0 29 34
1 29 33
1 29 32
1 29 31
1 29 30
1 29 29
1 29 28
1 29 27
1 29 26
1 29 25
1 29 24
1 29 23
1 29 22
1 29 21
1 29 20
1 29 19
1 29 18
1 29 17
1 29 16
1 29 15
1 29 14
1 29 13
1 29 12
1 29 11
1 29 10
1 29 9
1 29 8
6 29 7
0 30 7
5 30 6
2 29 6
2 28 6
2 27 6
2 26 6
2 25 6
2 24 6
2 23 6
2 22 6
2 21 6
2 20 6
2 19 6
2 18 6
3 17 6
1 17 5
1 17 4
5 17 3
2 16 3
2 15 3
2 14 3
2 13 3
2 12 3
2 11 3
-1
-1
-1
-1
0 10 3
6 28 34
1 28 35
1 28 36
1 28 37
1 28 38
1 28 39
1 28 40
1 28 41
4 28 42
2 27 42
2 26 42
6 25 42
1 25 43
-1
-1
-1
-1
-1
-1
-1
-1
-1
-1
-1
-1
-1
-1
-1
-1
-1
-1
-1
-1
-1
-1
-1
-1
-1
-1
-1
-1
-1
-1
-1
-1
-1
-1
-1
-1
-1
-1
-1
-1
-1
-1
-1
-1
0 25 44
2 31 7
2 32 7
4 33 7
1 33 6
1 33 5
1 33 4
-1
-1
-1
-1
-1
-1
-1
-1
-1
-1
-1
-1
-1
-1
-1
-1
-1
-1
-1
-1
-1
-1
-1
-1
-1
-1
0 33 3
1 25 45
1 25 46
1 25 47
1 25 48
4 25 49
2 24 49
2 23 49
2 22 49
2 21 49
2 20 49
2 19 49
-1
-1
-1
-1
-1
-1
-1
-1
-1
-1
-1
-1
-1
-1
-1
-1
-1
-1
-1
-1
-1
-1
-1
-1
-1
0 18 49
1 10 4
1 10 5
1 10 6
1 10 7
1 10 8
1 10 9
1 10 10
3 10 11
2 11 11
2 12 11
2 13 11
2 14 11
-1
-1
-1
-1
-1
-1
-1
-1
0 15 11
5 26 44
1 26 45
3 26 46
2 27 46
2 28 46
2 29 46
2 30 46
2 31 46
-1
-1
-1
-1
-1
-1
-1
-1
-1
0 32 46
1 15 12
1 15 13
3 15 14
2 16 14
2 17 14
2 18 14
-1
-1
-1
-1
-1
-1
-1
0 19 14
2 33 46
2 34 46
2 35 46
2 36 46
2 37 46
2 38 46
2 39 46
2 40 46
2 41 46
2 42 46
-1
-1
-1
0 43 46
1 43 45
1 43 44
1 43 43
1 43 42
1 43 41
1 43 40
1 43 39
1 43 38
1 43 37
1 43 36
5 43 35
-1
0 42 35
2 34 3
2 35 3
2 36 3
5 37 3
1 37 4
3 37 5
2 38 5
2 39 5
2 40 5
2 41 5
2 42 5
2 43 5
2 44 5
2 45 5
2 46 5
0 47 5
3 24 44
1 24 43
1 24 42
5 24 41
2 23 41
2 22 41
0 21 41
-1
-1
-1
-1
-1
-1
-1
0 44 5
1 44 6
1 44 7
1 44 8
1 44 9
1 44 10
1 44 11
1 44 12
1 44 13
1 44 14
0 44 15
2 20 41
2 19 41
2 18 41
2 17 41
2 16 41
2 15 41
2 14 41
2 13 41
2 12 41
2 11 41
0 10 41
-1
-1
-1
0 37 3
1 44 16
1 44 17
1 44 18
3 44 19
2 45 19
2 46 19
5 47 19
1 47 20
1 47 21
0 47 22
1 19 15
1 19 16
3 19 17
2 20 17
0 21 17
-1
-1
-1
-1
0 28 42
-1
-1
-1
-1
-1
0 17 6
1 21 18
1 21 19
1 21 20
4 21 21
2 20 21
2 19 21
2 18 21
2 17 21
2 16 21
0 15 21
0 47 19
4 29 42
1 29 41
6 29 40
2 30 40
-1
0 31 40
-1
-1
-1
-1
0 14 11
3 43 15
1 43 14
1 43 13
5 43 12
0 42 12
1 15 22
1 15 23
1 15 24
1 15 25
1 15 26
1 15 27
1 15 28
4 15 29
2 14 29
0 13 29
0 29 30
-1
0 16 3
5 33 2
2 32 2
2 31 2
2 30 2
2 29 2
0 28 2
-1
-1
0 22 6
2 41 12
2 40 12
2 39 12
0 38 12
1 38 13
1 38 14
1 38 15
1 38 16
1 38 17
3 38 18
0 39 18
0 28 34
1 31 39
1 31 38
6 31 37
2 32 37
0 33 37
1 10 42
1 10 43
1 10 44
1 10 45
1 10 46
4 10 47
0 9 47
0 43 5
-1
0 15 29
1 32 45
6 32 44
2 33 44
0 34 44
1 10 40
1 10 39
1 10 38
5 10 37
0 9 37
1 21 40
1 21 39
1 21 38
0 21 37
0 33 7
2 9 3
2 8 3
2 7 3
0 6 3
1 6 4
1 6 5
1 6 6
1 6 7
1 6 8
0 6 9
2 30 30
2 31 30
2 32 30
2 33 30
2 34 30
0 35 30
2 20 14
2 21 14
0 22 14
1 35 29
1 35 28
1 35 27
1 35 26
5 35 25
0 34 25
1 6 10
1 6 11
1 6 12
1 6 13
1 6 14
1 6 15
1 6 16
0 6 17
-1
-1
-1
-1
-1
-1
-1
-1
-1
-1
-1
-1
-1
-1
-1
-1
-1
-1
-1
-1
-1
-1
-1
-1
-1
-1
-1
-1
-1
-1
-1
-1
-1
-1
-1
-1
-1
-1
-1
-1
-1
-1
-1
-1
-1
-1
-1
-1
-1
-1
-1
-1
-1
-1
-1
-1
-1
-1
-1
-1
-1
-1
-1
-1
-1
-1
-1
-1
-1
-1
-1
-1
-1
-1
-1
-1
-1
-1
-1
-1
-1
-1
-1
-1
-1
-1
-1
-1
-1
-1
-1
-1
-1
-1
-1
-1
-1
-1
-1
-1
-1
-1
-1
-1
-1
-1
-1
-1
-1
-1
-1
-1
-1
-1
-1
-1
-1
-1
-1
-1
-1
-1
-1
-1
-1
-1
-1
-1
-1
-1
-1
-1
-1
-1
-1
-1
-1
-1
-1
-1
-1
-1
-1
-1
-1
-1
-1
-1
-1
-1
-1
-1
-1
-1
-1
-1
-1
-1
-1
-1
-1
-1
-1
-1
-1
-1
-1
-1
-1
-1
-1
-1
-1
-1
-1
-1
-1
-1
-1
-1
-1
-1
-1
-1
-1
-1
-1
-1
-1
-1
-1
-1
-1
-1
-1
-1
-1
-1
-1
-1
-1
-1
-1
-1
-1
-1
-1
-1
-1
-1
-1
-1
-1
-1
-1
-1
-1
-1
-1
-1
-1
-1
-1
-1
-1
-1
-1
-1
-1
-1
-1
-1
-1
-1
-1
-1
-1
-1
-1
-1
-1
-1
-1
-1
-1
-1
-1
-1
-1
-1
-1
-1
-1
-1
-1
-1
-1
-1
-1
-1
-1
-1
-1
-1
-1
-1
-1
-1
-1
-1
-1
-1
-1
-1
-1
-1
-1
-1
-1
-1
-1
-1
-1
-1
-1
-1
-1
-1
-1
-1
-1
-1
-1
-1
-1
-1
-1
-1
-1
-1
-1
-1
-1
-1
-1
-1
-1
-1
-1
-1
-1
-1
-1
-1
-1
-1
-1
-1
-1
-1
-1
-1
-1
-1
-1
-1
-1
-1
-1
-1
