0 19 16
2 20 16
2 21 16
2 22 16
2 23 16
5 24 16
3 24 17
2 25 17
2 26 17
2 27 17
2 28 17
2 29 17
2 30 17
2 31 17
2 32 17
2 33 17
2 34 17
0 35 17
1 19 17
1 19 18
1 19 19
1 19 20
1 19 21
1 19 22
1 19 23
1 19 24
1 19 25
1 19 26
1 19 27
1 19 28
1 19 29
1 19 30
1 19 31
1 19 32
1 19 33
1 19 34
1 19 35
1 19 36
1 19 37
4 19 38
2 18 38
6 17 38
1 17 39
4 17 40
2 16 40
2 15 40
0 14 40
-1
-1
-1
-1
-1
-1
-1
-1
-1
-1
-1
0 32 17
1 35 18
1 35 19
3 35 20
2 36 20
5 37 20
1 37 21
1 37 22
1 37 23
1 37 24
1 37 25
1 37 26
1 37 27
3 37 28
2 38 28
5 39 28
3 39 29
2 40 29
5 41 29
1 41 30
1 41 31
1 41 32
1 41 33
1 41 34
1 41 35
1 41 36
3 41 37
5 42 37
0 42 38
1 35 16
1 35 15
1 35 14
1 35 13
1 35 12
1 35 11
1 35 10
1 35 9
1 35 8
1 35 7
1 35 6
5 35 5
3 34 5
1 34 4
1 34 3
0 34 2
4 36 17
1 36 16
1 36 15
0 36 14
1 32 18
4 32 19
2 31 19
2 30 19
2 29 19
2 28 19
2 27 19
2 26 19
2 25 19
2 24 19
2 23 19
0 22 19
1 42 39
1 42 40
4 42 41
6 41 41
0 41 42
2 33 2
2 32 2
0 31 2
2 43 38
2 44 38
4 45 38
6 45 37
0 46 37
1 31 3
1 31 4
1 31 5
0 31 6
0 35 20
1 14 41
1 14 42
0 14 43
6 41 38
4 41 39
2 40 39
2 39 39
0 38 39
0 13 40
2 15 43
0 16 43
3 22 20
5 23 20
0 23 21
0 41 29
1 38 38
1 38 37
1 38 36
0 38 35
1 31 1
0 31 0
0 34 20
0 17 38
1 34 21
1 34 22
4 34 23
2 33 23
0 32 23
0 19 33
0 26 19
2 17 43
2 18 43
0 19 43
1 19 44
1 19 45
1 19 46
3 19 47
0 20 47
0 21 47
1 19 15
1 19 14
0 19 13
0 35 11
0 37 20
1 41 43
0 41 44
0 42 37
0 19 19
0 24 16
0 34 5
0 42 29
0 41 41
0 40 29
0 37 19
2 20 13
2 21 13
0 22 13
0 40 30
0 41 45
2 13 43
2 12 43
2 11 43
0 10 43
0 10 42
0 19 37
2 30 6
2 29 6
0 28 6
2 37 39
0 36 39
2 37 35
2 36 35
0 35 35
2 20 37
2 21 37
0 22 37
2 37 14
2 38 14
2 39 14
2 40 14
0 41 14
2 35 39
0 34 39
0 41 37
0 37 28
1 28 5
1 28 4
0 28 3
1 31 7
0 31 8
0 19 25
1 22 12
0 22 11
6 34 1
2 35 1
0 36 1
1 37 18
6 37 17
0 38 17
2 37 1
0 38 1
0 23 11
3 18 16
5 18 15
2 17 15
0 16 15
1 10 44
0 10 45
2 20 25
0 21 25
2 23 37
0 24 37
1 36 40
1 36 41
0 36 42
0 19 22
1 19 12
1 19 11
1 19 10
1 19 9
5 19 8
0 18 8
2 25 37
0 26 37
2 17 8
2 16 8
0 15 8
1 28 2
5 28 1
2 27 1
0 26 1
1 36 43
1 36 44
1 36 45
0 36 46
1 15 7
5 15 6
2 14 6
2 13 6
2 12 6
0 11 6
1 11 5
1 11 4
5 11 3
2 10 3
0 9 3
0 45 38
0 9 2
2 10 2
2 11 2
2 12 2
2 13 2
0 14 2
1 19 42
6 19 41
0 20 41
1 26 36
1 26 35
0 26 34
1 26 33
0 26 32
1 42 28
1 42 27
1 42 26
0 42 25
2 27 32
2 28 32
4 29 32
0 29 31
2 8 2
0 7 2
0 37 23
4 43 29
6 43 28
2 44 28
2 45 28
0 46 28
6 18 7
0 19 7
4 28 7
2 27 7
2 26 7
0 25 7
1 37 29
4 37 30
2 36 30
2 35 30
0 34 30
0 29 19
2 47 37
0 48 37
1 15 9
4 15 10
2 14 10
0 13 10
1 48 36
1 48 35
1 48 34
0 48 33
1 29 30
1 29 29
1 29 28
0 29 27
1 41 46
3 41 47
2 42 47
2 43 47
2 44 47
0 45 47
2 25 1
0 24 1
4 36 11
1 36 10
6 36 9
0 37 9
2 23 13
2 24 13
2 25 13
0 26 13
2 20 33
0 21 33
1 38 2
3 38 3
2 39 3
0 40 3
1 40 4
0 40 5
6 35 42
4 35 43
2 34 43
2 33 43
0 32 43
0 42 14
2 27 13
2 28 13
0 29 13
0 42 13
1 16 44
0 16 45
1 19 6
0 19 5
1 40 6
3 40 7
2 41 7
2 42 7
0 43 7
0 41 33
6 43 6
2 44 6
0 45 6
0 29 12
1 13 39
1 13 38
1 13 37
5 13 36
0 12 36
4 7 3
2 6 3
2 5 3
2 4 3
2 3 3
2 2 3
0 1 3
1 16 16
4 16 17
0 15 17
1 12 35
1 12 34
1 12 33
1 12 32
0 12 31
2 9 42
2 8 42
2 7 42
2 6 42
0 5 42
1 15 18
1 15 19
1 15 20
0 15 21
0 42 41
2 42 33
0 43 33
2 28 27
0 27 27
1 42 24
1 42 23
1 42 22
1 42 21
6 42 20
0 43 20
1 1 4
1 1 5
1 1 6
0 1 7
5 15 16
2 14 16
2 13 16
2 12 16
0 11 16
2 10 16
0 9 16
1 46 27
6 46 26
0 47 26
2 31 43
2 30 43
2 29 43
0 28 43
1 9 15
1 9 14
5 9 13
2 8 13
0 7 13
2 6 13
2 5 13
0 4 13
1 5 41
1 5 40
1 5 39
0 5 38
5 13 31
3 13 32
0 14 32
1 12 30
1 12 29
6 12 28
0 13 28
0 28 42
1 43 19
6 43 18
4 44 18
6 44 17
2 45 17
0 46 17
6 40 2
4 41 2
1 41 1
6 41 0
2 42 0
0 43 0
2 26 27
2 25 27
0 24 27
1 5 37
1 5 36
1 5 35
1 5 34
0 5 33
1 5 32
1 5 31
1 5 30
0 5 29
2 14 21
2 13 21
0 12 21
5 5 28
2 4 28
0 3 28
1 3 29
4 3 30
0 2 30
6 46 16
0 47 16
1 4 14
1 4 15
1 4 16
1 4 17
1 4 18
0 4 19
2 3 19
0 2 19
3 23 22
0 24 22
1 7 12
6 7 11
2 8 11
0 9 11
1 2 20
0 2 21
2 27 34
2 28 34
0 29 34
1 48 38
1 48 39
1 48 40
1 48 41
1 48 42
3 48 43
0 49 43
6 45 5
2 46 5
0 47 5
1 21 48
3 21 49
2 22 49
2 23 49
0 24 49
-1
-1
-1
-1
-1
-1
-1
-1
-1
-1
-1
-1
-1
-1
-1
-1
-1
-1
-1
-1
-1
-1
-1
-1
-1
-1
-1
-1
-1
-1
-1
-1
-1
-1
-1
-1
-1
-1
-1
-1
-1
-1
-1
-1
-1
-1
-1
-1
-1
-1
-1
-1
-1
-1
-1
-1
-1
-1
-1
-1
-1
-1
-1
-1
-1
-1
-1
-1
-1
-1
-1
-1
-1
-1
-1
-1
-1
-1
-1
-1
-1
-1
-1
-1
-1
-1
-1
-1
-1
-1
-1
-1
-1
-1
-1
-1
-1
-1
-1
-1
-1
-1
-1
-1
-1
-1
-1
-1
-1
-1
-1
-1
-1
-1
-1
-1
-1
-1
-1
-1
-1
-1
-1
-1
-1
-1
-1
-1
-1
-1
-1
-1
-1
-1
-1
-1
-1
-1
-1
-1
-1
-1
-1
-1
-1
-1
-1
-1
-1
-1
-1
-1
-1
-1
-1
-1
-1
-1
-1
-1
-1
-1
-1
-1
-1
-1
-1
-1
-1
-1
-1
-1
-1
-1
-1
-1
-1
-1
-1
-1
-1
-1
-1
-1
-1
-1
-1
-1
-1
-1
-1
-1
-1
-1
-1
-1
-1
-1
-1
-1
-1
-1
-1
-1
-1
-1
-1
-1
-1
-1
-1
-1
-1
-1
-1
-1
-1
-1
-1
-1
-1
-1
-1
-1
-1
-1
-1
-1
-1
-1
-1
-1
-1
-1
-1
-1
-1
-1
-1
-1
-1
-1
-1
-1
-1
-1
-1
-1
-1
-1
-1
-1
-1
-1
-1
-1
-1
-1
-1
-1
-1
-1
-1
-1
-1
