0 43 13
1 43 14
3 43 15
2 44 15
5 45 15
1 45 16
1 45 17
1 45 18
1 45 19
1 45 20
3 45 21
5 46 21
1 46 22
1 46 23
1 46 24
0 46 25
1 46 26
4 46 27
2 45 27
-1
2 44 27
-1
2 43 27
-1
-1
6 42 27
-1
4 42 28
-1
2 41 28
-1
6 40 28
-1
1 40 29
-1
1 40 30
-1
-1
-1
-1
-1
-1
-1
-1
-1
-1
-1
-1
-1
-1
-1
-1
-1
-1
-1
-1
-1
-1
-1
-1
-1
-1
-1
-1
-1
-1
-1
-1
-1
-1
-1
-1
-1
-1
-1
-1
-1
-1
-1
-1
-1
-1
-1
-1
-1
-1
-1
-1
-1
-1
-1
-1
-1
-1
-1
-1
-1
-1
-1
-1
-1
-1
-1
-1
-1
-1
-1
-1
-1
-1
-1
-1
-1
-1
-1
-1
-1
-1
-1
-1
-1
-1
-1
-1
-1
-1
-1
-1
-1
-1
-1
-1
-1
-1
-1
-1
-1
-1
-1
-1
-1
-1
0 40 31
4 40 32
2 39 32
2 38 32
2 37 32
2 36 32
2 35 32
2 34 32
2 33 32
2 32 32
2 31 32
2 30 32
2 29 32
2 28 32
2 27 32
2 26 32
2 25 32
2 24 32
2 23 32
2 22 32
2 21 32
2 20 32
2 19 32
2 18 32
2 17 32
6 16 32
1 16 33
1 16 34
1 16 35
1 16 36
4 16 37
6 15 37
1 15 38
1 15 39
1 15 40
1 15 41
4 15 42
2 14 42
2 13 42
6 12 42
1 12 43
1 12 44
1 12 45
1 12 46
-1
-1
-1
-1
-1
-1
-1
-1
-1
-1
-1
-1
-1
-1
-1
-1
-1
-1
-1
-1
-1
-1
-1
-1
-1
-1
-1
-1
-1
-1
-1
-1
-1
-1
-1
-1
-1
-1
-1
0 12 47
3 11 47
5 11 46
2 10 46
3 9 46
1 9 45
1 9 44
1 9 43
1 9 42
1 9 41
1 9 40
1 9 39
1 9 38
5 9 37
2 8 37
2 7 37
2 6 37
3 5 37
1 5 36
1 5 35
1 5 34
1 5 33
1 5 32
1 5 31
1 5 30
1 5 29
1 5 28
1 5 27
1 5 26
1 5 25
1 5 24
5 5 23
3 4 23
0 4 22
-1
-1
-1
-1
0 15 40
3 42 13
5 42 12
2 41 12
2 40 12
2 39 12
-1
-1
0 38 12
5 41 31
1 41 32
1 41 33
1 41 34
-1
-1
0 41 35
-1
-1
-1
-1
0 45 17
3 41 36
2 42 36
2 43 36
2 44 36
-1
0 45 36
2 44 17
2 43 17
2 42 17
2 41 17
0 40 17
4 16 40
6 16 39
2 17 39
0 18 39
1 43 12
1 43 11
1 43 10
0 43 9
2 13 47
2 14 47
5 15 47
3 15 48
0 16 48
0 8 37
2 37 12
3 36 12
1 36 11
1 36 10
0 36 9
0 31 32
5 43 8
2 42 8
0 41 8
6 16 47
2 17 47
2 18 47
2 19 47
2 20 47
2 21 47
0 22 47
0 5 37
0 19 32
0 44 9
0 41 7
0 12 42
1 40 18
0 40 19
0 40 28
1 19 31
1 19 30
1 19 29
1 19 28
1 19 27
1 19 26
1 19 25
0 19 24
0 4 23
0 9 46
0 40 16
1 45 35
0 45 34
0 15 37
1 36 8
1 36 7
1 36 6
0 36 5
0 5 27
0 42 13
0 46 23
1 36 4
1 36 3
0 36 2
1 45 33
1 45 32
1 45 31
0 45 30
1 8 36
6 8 35
0 9 35
2 5 22
2 6 22
2 7 22
0 8 22
2 39 16
2 38 16
0 37 16
0 10 35
0 23 32
0 5 34
2 40 35
2 39 35
0 38 35
1 19 23
1 19 22
6 19 21
2 20 21
0 21 21
2 37 35
0 36 35
2 44 13
2 45 13
0 46 13
1 21 20
1 21 19
0 21 18
0 41 31
0 16 32
2 22 18
2 23 18
2 24 18
0 25 18
2 46 30
0 47 30
1 8 23
0 8 24
0 8 25
0 42 27
0 45 16
1 25 17
1 25 16
5 25 15
0 24 15
1 25 19
1 25 20
1 25 21
0 25 22
0 36 12
0 35 5
0 19 26
6 8 21
0 9 21
0 46 21
1 16 31
1 16 30
0 16 29
1 10 34
0 10 33
1 5 38
1 5 39
0 5 40
2 39 28
2 38 28
2 37 28
0 36 28
5 26 18
3 26 19
0 27 19
0 45 18
6 4 37
4 4 38
2 3 38
0 2 38
1 2 37
5 2 36
0 1 36
1 9 20
5 9 19
0 8 19
2 11 33
0 12 33
2 46 36
2 47 36
0 48 36
2 35 12
2 34 12
2 33 12
0 32 12
0 32 32
0 41 33
2 37 5
0 38 5
2 9 24
2 10 24
2 11 24
0 12 24
4 45 37
2 44 37
0 43 37
4 9 47
2 8 47
0 7 47
0 40 8
1 32 11
1 32 10
1 32 9
0 32 8
6 31 8
4 31 9
2 30 9
0 29 9
2 28 9
2 27 9
0 26 9
1 38 36
1 38 37
0 38 38
1 18 40
1 18 41
3 18 42
0 19 42
0 5 31
0 41 19
2 6 47
2 5 47
0 4 47
1 23 31
0 23 30
0 45 9
1 19 43
4 19 44
0 18 44
1 22 46
6 22 45
0 23 45
2 24 30
2 25 30
0 26 30
2 37 2
2 38 2
2 39 2
0 40 2
0 41 2
1 48 37
1 48 38
0 48 39
2 24 45
2 25 45
0 26 45
2 46 9
2 47 9
2 48 9
0 49 9
6 26 29
2 27 29
2 28 29
0 29 29
0 27 45
2 28 45
2 29 45
0 30 45
0 9 33
2 37 38
2 36 38
2 35 38
2 34 38
2 33 38
0 32 38
0 25 23
1 36 27
0 36 26
1 36 25
1 36 24
0 36 23
0 35 23
0 24 14
6 46 12
0 47 12
0 16 34
1 26 46
1 26 47
0 26 48
1 8 18
1 8 17
5 8 16
0 7 16
1 12 25
1 12 26
1 12 27
4 12 28
0 11 28
0 18 38
0 33 38
0 34 5
2 3 47
2 2 47
0 1 47
1 22 48
0 22 49
1 21 17
5 21 16
0 20 16
1 32 39
1 32 40
1 32 41
0 32 42
0 14 47
1 37 17
4 37 18
0 36 18
1 24 13
5 24 12
0 23 12
3 31 42
5 31 41
2 30 41
0 29 41
5 26 8
0 25 8
1 23 11
5 23 10
0 22 10
2 35 18
0 34 18
1 48 40
1 48 41
0 48 42
0 45 21
0 39 12
6 20 18
4 20 19
2 19 19
2 18 19
0 17 19
3 27 20
2 28 20
0 29 20
1 32 37
5 32 36
2 31 36
2 30 36
2 29 36
2 28 36
0 27 36
1 48 43
1 48 44
1 48 45
1 48 46
4 48 47
0 47 47
1 17 20
0 17 21
2 16 21
0 15 21
5 47 46
2 46 46
0 45 46
2 44 46
2 43 46
2 42 46
2 41 46
0 40 46
2 19 38
2 20 38
2 21 38
0 22 38
0 40 47
2 39 47
2 38 47
0 37 47
6 7 15
0 8 15
0 21 20
1 8 14
1 8 13
1 8 12
0 8 11
2 9 11
0 10 11
2 35 2
2 34 2
0 33 2
1 20 15
5 20 14
2 19 14
2 18 14
2 17 14
2 16 14
0 15 14
1 22 9
1 22 8
1 22 7
1 22 6
1 22 5
0 22 4
3 6 16
1 6 15
5 6 14
2 5 14
2 4 14
2 3 14
0 2 14
1 48 35
6 48 34
0 49 34
2 23 38
5 24 38
0 24 39
1 32 13
1 32 14
4 32 15
2 31 15
0 30 15
-1
-1
-1
-1
-1
-1
-1
-1
-1
-1
-1
-1
-1
-1
-1
-1
-1
-1
-1
-1
-1
-1
-1
-1
-1
-1
-1
-1
-1
-1
-1
-1
-1
-1
-1
-1
-1
-1
-1
-1
-1
-1
-1
-1
-1
-1
-1
-1
-1
-1
-1
-1
-1
-1
-1
-1
-1
-1
-1
-1
-1
-1
-1
-1
-1
-1
-1
-1
-1
-1
-1
-1
-1
-1
-1
-1
-1
-1
-1
-1
-1
-1
-1
-1
-1
-1
-1
-1
-1
-1
-1
-1
-1
-1
-1
-1
-1
-1
-1
-1
-1
-1
-1
-1
-1
-1
-1
-1
-1
-1
-1
-1
-1
-1
-1
-1
-1
-1
-1
-1
-1
-1
-1
