0 11 22
2 12 22
2 13 22
2 14 22
2 15 22
5 16 22
1 16 23
1 16 24
1 16 25
1 16 26
1 16 27
1 16 28
1 16 29
3 16 30
2 17 30
2 18 30
2 19 30
2 20 30
2 21 30
2 22 30
2 23 30
5 24 30
3 24 31
2 25 31
2 26 31
2 27 31
2 28 31
5 29 31
3 29 32
2 30 32
2 31 32
2 32 32
2 33 32
2 34 32
2 35 32
5 36 32
1 36 33
3 36 34
2 37 34
2 38 34
2 39 34
2 40 34
2 41 34
0 42 34
2 10 22
2 9 22
2 8 22
3 7 22
1 7 21
1 7 20
5 7 19
2 6 19
-1
-1
-1
-1
-1
-1
-1
-1
-1
-1
-1
-1
-1
-1
-1
-1
-1
-1
-1
-1
-1
-1
-1
-1
-1
-1
-1
-1
-1
-1
-1
-1
-1
-1
-1
-1
-1
-1
-1
-1
-1
-1
-1
-1
-1
0 5 19
1 42 35
3 42 36
5 43 36
1 43 37
1 43 38
1 43 39
1 43 40
3 43 41
2 44 41
-1
-1
-1
-1
-1
-1
-1
-1
-1
-1
-1
-1
-1
-1
-1
-1
-1
-1
-1
-1
-1
0 45 41
1 11 21
1 11 20
1 11 19
1 11 18
1 11 17
1 11 16
1 11 15
6 11 14
2 12 14
2 13 14
4 14 14
1 14 13
1 14 12
1 14 11
1 14 10
6 14 9
2 15 9
2 16 9
2 17 9
2 18 9
-1
-1
0 19 9
1 11 23
1 11 24
1 11 25
1 11 26
1 11 27
1 11 28
1 11 29
1 11 30
1 11 31
1 11 32
1 11 33
1 11 34
1 11 35
1 11 36
-1
0 11 37
2 10 37
3 9 37
1 9 36
1 9 35
5 9 34
3 8 34
1 8 33
1 8 32
5 8 31
2 7 31
2 6 31
2 5 31
0 4 31
6 19 8
2 20 8
2 21 8
2 22 8
2 23 8
2 24 8
2 25 8
2 26 8
2 27 8
2 28 8
2 29 8
0 30 8
1 4 32
1 4 33
1 4 34
1 4 35
1 4 36
1 4 37
1 4 38
4 4 39
2 3 39
6 2 39
1 2 40
1 2 41
1 2 42
1 2 43
4 2 44
6 1 44
1 1 45
1 1 46
0 1 47
1 19 10
3 19 11
2 20 11
0 21 11
0 11 18
4 45 42
6 44 42
1 44 43
4 44 44
6 43 44
1 43 45
1 43 46
4 43 47
2 42 47
2 41 47
2 40 47
0 39 47
1 4 30
1 4 29
1 4 28
1 4 27
5 4 26
0 3 26
1 39 46
1 39 45
1 39 44
1 39 43
1 39 42
1 39 41
1 39 40
1 39 39
5 39 38
0 38 38
0 14 9
2 2 47
2 3 47
0 4 47
4 12 37
1 12 36
1 12 35
1 12 34
1 12 33
1 12 32
0 12 31
1 14 8
1 14 7
1 14 6
1 14 5
1 14 4
5 14 3
2 13 3
2 12 3
2 11 3
2 10 3
0 9 3
2 8 3
2 7 3
0 6 3
0 16 22
0 16 30
0 20 30
6 13 9
4 13 10
2 12 10
0 11 10
0 1 44
1 38 39
4 38 40
6 37 40
4 37 41
2 36 41
2 35 41
0 34 41
0 9 2
0 4 36
4 34 42
2 33 42
2 32 42
2 31 42
2 30 42
2 29 42
2 28 42
0 27 42
0 43 44
0 16 31
2 17 22
2 18 22
0 19 22
0 14 5
0 12 33
2 20 22
2 21 22
0 22 22
0 32 42
2 4 19
2 3 19
6 2 19
0 2 20
0 16 25
0 5 31
2 5 47
0 6 47
2 15 5
2 16 5
0 17 5
0 37 40
2 10 10
0 9 10
0 39 39
0 43 36
0 36 32
0 2 40
2 38 47
2 37 47
0 36 47
0 14 12
0 39 43
2 15 12
0 16 12
1 42 33
1 42 32
1 42 31
6 42 30
0 43 30
0 5 36
0 43 29
0 13 3
1 5 18
0 5 17
0 25 8
1 27 43
1 27 44
1 27 45
0 27 46
3 30 9
2 31 9
2 32 9
0 33 9
2 26 46
6 25 46
4 25 47
2 24 47
2 23 47
0 22 47
0 11 15
1 6 46
1 6 45
6 6 44
2 7 44
0 8 44
0 8 34
0 33 32
2 21 47
0 20 47
2 9 44
0 10 44
2 3 40
2 4 40
0 5 40
4 20 48
2 19 48
0 18 48
0 6 31
0 7 22
1 36 31
1 36 30
0 36 29
0 35 41
1 11 38
1 11 39
3 11 40
0 12 40
6 12 39
2 13 39
0 14 39
2 15 39
2 16 39
0 17 39
0 6 40
0 39 34
1 33 10
1 33 11
1 33 12
0 33 13
1 5 16
1 5 15
0 5 14
0 2 19
1 17 38
0 17 37
3 1 40
0 1 39
1 5 13
6 5 12
0 6 12
1 17 40
1 17 41
4 17 42
0 16 42
1 17 4
0 17 3
0 14 14
0 3 25
1 16 21
0 16 20
1 43 28
1 43 27
1 43 26
1 43 25
1 43 24
0 43 23
0 34 9
2 44 23
2 45 23
0 46 23
1 22 23
3 22 24
0 23 24
2 5 3
2 4 3
2 3 3
0 2 3
0 42 23
6 3 31
4 3 32
2 2 32
0 1 32
1 2 4
1 2 5
0 2 6
0 9 37
4 3 27
0 2 27
2 32 13
2 31 13
2 30 13
2 29 13
0 28 13
0 11 27
0 35 9
0 27 13
1 46 24
1 46 25
0 46 26
0 34 32
0 30 42
0 19 8
2 10 27
2 9 27
0 8 27
1 33 33
1 33 34
4 33 35
6 32 35
0 32 36
2 26 42
0 25 42
0 12 22
2 31 36
2 30 36
2 29 36
2 28 36
2 27 36
0 26 36
2 41 23
2 40 23
2 39 23
2 38 23
0 37 23
0 24 30
6 17 2
2 18 2
2 19 2
2 20 2
0 21 2
0 3 24
2 25 36
2 24 36
0 23 36
0 6 41
6 21 1
2 22 1
2 23 1
2 24 1
0 25 1
1 36 46
0 36 45
0 29 31
1 23 25
4 23 26
0 22 26
1 37 22
6 37 21
0 38 21
5 12 27
3 12 28
0 13 28
0 22 36
3 43 31
2 44 31
2 45 31
2 46 31
2 47 31
0 48 31
0 18 8
2 11 44
0 12 44
1 10 45
1 10 46
1 10 47
1 10 48
0 10 49
1 19 21
1 19 20
1 19 19
6 19 18
0 20 18
6 13 5
4 13 6
2 12 6
0 11 6
2 37 29
2 38 29
0 39 29
1 28 14
1 28 15
1 28 16
3 28 17
0 29 17
0 17 25
1 29 18
1 29 19
1 29 20
0 29 21
1 21 3
1 21 4
3 21 5
0 22 5
1 4 48
0 4 49
2 17 48
2 16 48
2 15 48
0 14 48
1 20 31
0 20 32
5 36 28
2 35 28
3 34 28
1 34 27
0 34 26
4 27 14
2 26 14
0 25 14
1 45 40
1 45 39
6 45 38
2 46 38
2 47 38
0 48 38
1 2 7
4 2 8
2 1 8
0 0 8
2 21 18
2 22 18
0 23 18
1 2 2
5 2 1
2 1 1
0 0 1
4 29 22
2 28 22
0 27 22
1 30 7
5 30 6
0 29 6
4 25 43
2 24 43
0 23 43
5 17 36
2 16 36
0 15 36
6 6 30
2 7 30
2 8 30
2 9 30
5 10 30
1 10 31
0 10 32
1 36 48
4 36 49
2 35 49
2 34 49
2 33 49
0 32 49
5 6 11
0 5 11
1 43 22
1 43 21
1 43 20
1 43 19
1 43 18
1 43 17
0 43 16
1 29 30
1 29 29
1 29 28
0 29 27
1 29 5
1 29 4
1 29 3
0 29 2
1 43 15
5 43 14
0 42 14
1 33 14
1 33 15
0 33 16
1 22 37
0 22 38
-1
-1
-1
-1
-1
-1
-1
-1
-1
-1
-1
-1
-1
-1
-1
-1
-1
-1
-1
-1
-1
-1
-1
-1
-1
-1
-1
-1
-1
-1
-1
-1
-1
-1
-1
-1
-1
-1
-1
-1
-1
-1
-1
-1
-1
-1
-1
-1
-1
-1
-1
-1
-1
-1
-1
-1
-1
-1
-1
-1
-1
-1
-1
-1
-1
-1
-1
-1
-1
-1
-1
-1
-1
-1
-1
-1
-1
-1
-1
-1
-1
-1
-1
-1
-1
-1
-1
-1
-1
-1
-1
-1
-1
-1
-1
-1
-1
-1
-1
-1
-1
-1
-1
-1
-1
-1
-1
-1
-1
-1
-1
-1
-1
-1
-1
-1
-1
-1
-1
-1
-1
-1
-1
-1
-1
-1
-1
-1
-1
-1
-1
-1
-1
-1
-1
-1
-1
-1
-1
-1
-1
-1
-1
-1
-1
-1
-1
-1
-1
-1
-1
-1
-1
-1
-1
-1
-1
-1
-1
-1
-1
-1
-1
-1
-1
-1
-1
