0 26 45
1 26 44
1 26 43
1 26 42
1 26 41
1 26 40
1 26 39
1 26 38
1 26 37
1 26 36
1 26 35
1 26 34
1 26 33
1 26 32
1 26 31
1 26 30
1 26 29
1 26 28
1 26 27
1 26 26
6 26 25
2 27 25
2 28 25
2 29 25
2 30 25
4 31 25
1 31 24
1 31 23
1 31 22
6 31 21
2 32 21
4 33 21
6 33 20
2 34 20
2 35 20
2 36 20
4 37 20
1 37 19
1 37 18
0 37 17
6 36 17
4 36 18
2 35 18
2 34 18
2 33 18
2 32 18
2 31 18
6 30 18
4 30 19
2 29 19
2 28 19
2 27 19
2 26 19
2 25 19
2 24 19
2 23 19
2 22 19
2 21 19
6 20 19
1 20 20
4 20 21
2 19 21
2 18 21
2 17 21
2 16 21
2 15 21
2 14 21
2 13 21
2 12 21
2 11 21
2 10 21
2 9 21
6 8 21
1 8 22
1 8 23
4 8 24
2 7 24
-1
-1
-1
-1
-1
-1
-1
-1
-1
-1
-1
-1
-1
-1
-1
-1
-1
0 6 24
1 37 16
1 37 15
6 37 14
2 38 14
2 39 14
2 40 14
2 41 14
2 42 14
2 43 14
4 44 14
1 44 13
6 44 12
2 45 12
2 46 12
-1
-1
-1
-1
-1
-1
-1
-1
-1
-1
-1
-1
-1
-1
-1
-1
-1
-1
0 47 12
1 6 25
1 6 26
4 6 27
2 5 27
2 4 27
6 3 27
1 3 28
1 3 29
4 3 30
2 2 30
-1
-1
-1
-1
-1
-1
-1
-1
-1
0 1 30
1 1 31
1 1 32
1 1 33
1 1 34
-1
-1
-1
-1
-1
-1
-1
-1
0 1 35
1 47 11
1 47 10
1 47 9
1 47 8
1 47 7
1 47 6
1 47 5
5 47 4
2 46 4
-1
0 45 4
-1
-1
-1
-1
-1
-1
-1
-1
0 30 18
3 25 45
5 25 44
2 24 44
2 23 44
-1
-1
-1
0 22 44
5 30 17
2 29 17
2 28 17
2 27 17
-1
-1
0 26 17
2 44 4
2 43 4
2 42 4
2 41 4
2 40 4
2 39 4
6 38 4
1 38 5
1 38 6
1 38 7
1 38 8
1 38 9
0 38 10
0 44 14
-1
-1
-1
0 8 21
2 38 17
2 39 17
5 40 17
1 40 18
1 40 19
3 40 20
0 41 20
1 47 13
1 47 14
1 47 15
1 47 16
1 47 17
0 47 18
1 26 46
0 26 47
2 37 10
2 36 10
6 35 10
1 35 11
1 35 12
1 35 13
4 35 14
2 34 14
0 33 14
2 5 24
2 4 24
2 3 24
2 2 24
0 1 24
0 33 21
0 26 28
1 47 19
1 47 20
1 47 21
1 47 22
1 47 23
1 47 24
0 47 25
0 6 25
0 3 30
2 4 30
2 5 30
4 6 30
6 6 29
2 7 29
2 8 29
0 9 29
2 46 25
0 45 25
0 26 41
0 37 20
1 45 26
1 45 27
0 45 28
0 34 18
2 27 47
2 28 47
0 29 47
2 7 25
2 8 25
2 9 25
2 10 25
2 11 25
0 12 25
0 38 4
0 20 19
6 41 19
2 42 19
0 43 19
0 31 25
4 26 48
2 25 48
0 24 48
0 37 15
0 38 6
1 1 23
1 1 22
1 1 21
0 1 20
0 27 19
0 3 27
3 31 26
2 32 26
2 33 26
2 34 26
0 35 26
0 26 34
0 40 17
0 47 7
0 29 17
1 35 27
1 35 28
1 35 29
0 35 30
0 47 16
1 45 29
4 45 30
0 44 30
0 6 30
0 47 23
2 44 25
2 43 25
2 42 25
0 41 25
0 40 25
0 44 12
1 37 21
0 37 22
0 10 29
1 20 18
1 20 17
0 20 16
3 38 11
2 39 11
0 40 11
0 35 10
2 34 10
2 33 10
2 32 10
2 31 10
0 30 10
2 19 16
2 18 16
2 17 16
2 16 16
2 15 16
0 14 16
2 13 16
2 12 16
0 11 16
4 30 11
2 29 11
0 28 11
1 35 31
1 35 32
1 35 33
1 35 34
1 35 35
0 35 36
0 31 18
1 40 26
1 40 27
0 40 28
1 40 29
1 40 30
0 40 31
0 5 24
4 27 34
6 27 33
2 28 33
2 29 33
2 30 33
0 31 33
5 20 15
0 19 15
2 13 25
2 14 25
2 15 25
2 16 25
2 17 25
2 18 25
0 19 25
3 25 28
0 25 27
1 6 31
1 6 32
0 6 33
1 6 34
1 6 35
1 6 36
1 6 37
3 6 38
0 7 38
0 26 44
6 7 37
0 8 37
5 27 41
3 27 42
2 28 42
0 29 42
1 19 26
1 19 27
1 19 28
0 19 29
2 20 29
0 21 29
5 11 15
3 10 15
1 10 14
1 10 13
5 10 12
2 9 12
0 8 12
4 8 13
2 7 13
2 6 13
0 5 13
2 36 36
0 37 36
1 21 30
1 21 31
0 21 32
0 29 25
1 1 36
0 1 37
1 19 14
1 19 13
1 19 12
5 19 11
0 18 11
5 48 18
0 48 19
1 8 11
1 8 10
0 8 9
4 19 30
2 18 30
2 17 30
0 16 30
2 39 25
0 38 25
1 19 24
6 19 23
2 20 23
2 21 23
2 22 23
0 23 23
2 27 11
2 26 11
0 25 11
2 8 38
2 9 38
2 10 38
2 11 38
2 12 38
0 13 38
1 30 9
1 30 8
5 30 7
0 29 7
0 0 30
1 8 8
5 8 7
2 7 7
2 6 7
0 5 7
1 1 38
1 1 39
1 1 40
1 1 41
4 1 42
0 0 42
0 23 48
2 7 33
2 8 33
2 9 33
2 10 33
0 11 33
1 44 31
1 44 32
1 44 33
1 44 34
0 44 35
6 46 7
4 46 8
2 45 8
0 44 8
1 37 37
1 37 38
1 37 39
1 37 40
1 37 41
3 37 42
0 38 42
1 22 43
1 22 42
5 22 41
0 21 41
1 38 43
1 38 44
1 38 45
3 38 46
2 39 46
0 40 46
5 5 12
2 4 12
2 3 12
2 2 12
2 1 12
0 0 12
-1
-1
-1
-1
-1
-1
-1
-1
-1
-1
-1
-1
-1
-1
-1
-1
-1
-1
-1
-1
-1
-1
-1
-1
-1
-1
-1
-1
-1
-1
-1
-1
-1
-1
-1
-1
-1
-1
-1
-1
-1
-1
-1
-1
-1
-1
-1
-1
-1
-1
-1
-1
-1
-1
-1
-1
-1
-1
-1
-1
-1
-1
-1
-1
-1
-1
-1
-1
-1
-1
-1
-1
-1
-1
-1
-1
-1
-1
-1
-1
-1
-1
-1
-1
-1
-1
-1
-1
-1
-1
-1
-1
-1
-1
-1
-1
-1
-1
-1
-1
-1
-1
-1
-1
-1
-1
-1
-1
-1
-1
-1
-1
-1
-1
-1
-1
-1
-1
-1
-1
-1
-1
-1
-1
-1
-1
-1
-1
-1
-1
-1
-1
-1
-1
-1
-1
-1
-1
-1
-1
-1
-1
-1
-1
-1
-1
-1
-1
-1
-1
-1
-1
-1
-1
-1
-1
-1
-1
-1
-1
-1
-1
-1
-1
-1
-1
-1
-1
-1
-1
-1
-1
-1
-1
-1
-1
-1
-1
-1
-1
-1
-1
-1
-1
-1
-1
-1
-1
-1
-1
-1
-1
-1
-1
-1
-1
-1
-1
-1
-1
-1
-1
-1
-1
-1
-1
-1
-1
-1
-1
-1
-1
-1
-1
-1
-1
-1
-1
-1
-1
-1
-1
-1
-1
-1
-1
-1
-1
-1
-1
-1
-1
-1
-1
-1
-1
-1
-1
-1
-1
-1
-1
-1
-1
-1
-1
-1
-1
-1
-1
-1
-1
-1
-1
-1
-1
-1
-1
-1
-1
-1
-1
-1
-1
-1
-1
-1
-1
-1
-1
-1
-1
-1
-1
-1
-1
-1
-1
-1
-1
-1
-1
-1
-1
-1
-1
-1
-1
-1
-1
-1
-1
-1
-1
-1
-1
