0 8 29
2 9 29
2 10 29
4 11 29
6 11 28
2 12 28
2 13 28
2 14 28
2 15 28
4 16 28
1 16 27
6 16 26
2 17 26
2 18 26
2 19 26
2 20 26
2 21 26
2 22 26
2 23 26
2 24 26
2 25 26
2 26 26
2 27 26
4 28 26
1 28 25
1 28 24
6 28 23
2 29 23
2 30 23
2 31 23
2 32 23
2 33 23
2 34 23
2 35 23
2 36 23
2 37 23
0 38 23
1 38 22
1 38 21
1 38 20
5 38 19
2 37 19
3 36 19
1 36 18
1 36 17
1 36 16
1 36 15
5 36 14
3 35 14
1 35 13
1 35 12
1 35 11
1 35 10
1 35 9
1 35 8
1 35 7
5 35 6
3 34 6
1 34 5
-1
-1
-1
-1
-1
-1
-1
-1
-1
-1
-1
-1
-1
-1
-1
-1
0 34 4
1 8 30
1 8 31
1 8 32
1 8 33
1 8 34
1 8 35
1 8 36
1 8 37
1 8 38
1 8 39
1 8 40
1 8 41
1 8 42
-1
-1
-1
-1
-1
-1
-1
-1
-1
-1
-1
-1
-1
-1
-1
-1
-1
-1
-1
-1
-1
0 8 43
-1
-1
-1
-1
-1
-1
-1
-1
-1
-1
-1
-1
-1
-1
-1
-1
-1
-1
0 35 7
2 9 43
2 10 43
2 11 43
2 12 43
2 13 43
4 14 43
1 14 42
1 14 41
-1
-1
-1
-1
-1
-1
-1
-1
-1
-1
0 14 40
1 8 28
1 8 27
1 8 26
1 8 25
1 8 24
5 8 23
-1
-1
-1
-1
-1
-1
-1
0 7 23
5 36 7
1 36 8
3 36 9
2 37 9
2 38 9
2 39 9
2 40 9
2 41 9
2 42 9
2 43 9
2 44 9
2 45 9
2 46 9
0 47 9
2 7 29
2 6 29
6 5 29
1 5 30
-1
-1
-1
-1
-1
-1
0 5 31
2 39 23
2 40 23
2 41 23
2 42 23
2 43 23
5 44 23
1 44 24
1 44 25
1 44 26
3 44 27
0 45 27
6 34 7
1 34 8
1 34 9
1 34 10
-1
-1
-1
0 34 11
1 14 39
1 14 38
6 14 37
2 15 37
2 16 37
2 17 37
2 18 37
2 19 37
2 20 37
2 21 37
2 22 37
2 23 37
0 24 37
-1
-1
0 14 43
1 47 10
1 47 11
1 47 12
1 47 13
1 47 14
1 47 15
1 47 16
1 47 17
0 47 18
5 34 3
2 33 3
2 32 3
2 31 3
2 30 3
2 29 3
2 28 3
2 27 3
2 26 3
2 25 3
2 24 3
0 23 3
1 24 38
1 24 39
1 24 40
1 24 41
0 24 42
1 7 22
1 7 21
6 7 20
4 8 20
6 8 19
2 9 19
2 10 19
0 11 19
3 6 23
5 6 22
3 5 22
1 5 21
1 5 20
1 5 19
1 5 18
1 5 17
1 5 16
0 5 15
0 11 29
4 35 4
6 35 3
0 36 3
0 27 3
2 25 42
2 26 42
2 27 42
2 28 42
2 29 42
2 30 42
2 31 42
2 32 42
2 33 42
0 34 42
0 28 26
6 4 15
4 4 16
2 3 16
2 2 16
0 1 16
1 1 15
1 1 14
1 1 13
1 1 12
1 1 11
1 1 10
1 1 9
1 1 8
1 1 7
1 1 6
0 1 5
0 33 23
0 36 19
1 27 2
6 27 1
0 28 1
0 8 41
1 1 4
1 1 3
1 1 2
6 1 1
0 2 1
1 11 30
1 11 31
0 11 32
0 5 22
3 33 11
5 33 10
2 32 10
2 31 10
2 30 10
2 29 10
0 28 10
2 27 10
2 26 10
0 25 10
0 45 28
0 5 29
1 25 11
1 25 12
1 25 13
1 25 14
4 25 15
0 24 15
0 14 37
1 47 19
0 47 20
1 24 16
1 24 17
1 24 18
1 24 19
0 24 20
0 22 26
0 23 42
3 2 2
2 3 2
0 4 2
1 25 9
1 25 8
0 25 7
1 45 29
1 45 30
0 45 31
1 8 44
1 8 45
4 8 46
2 7 46
2 6 46
0 5 46
2 23 20
0 22 20
1 24 36
1 24 35
1 24 34
1 24 33
1 24 32
0 24 31
0 8 20
0 23 37
0 41 9
1 24 43
1 24 44
3 24 45
2 25 45
0 26 45
0 34 6
1 5 32
0 5 33
0 8 39
0 30 23
1 41 10
1 41 11
1 41 12
1 41 13
0 41 14
0 8 32
1 11 18
1 11 17
1 11 16
0 11 15
0 35 14
4 25 37
0 25 36
1 11 14
1 11 13
0 11 12
1 34 41
1 34 40
1 34 39
6 34 38
0 35 38
2 12 15
2 13 15
2 14 15
2 15 15
0 16 15
1 16 14
6 16 13
0 17 13
0 24 30
1 23 36
5 23 35
2 22 35
2 21 35
0 20 35
1 45 32
1 45 33
1 45 34
1 45 35
1 45 36
0 45 37
0 45 9
1 28 11
1 28 12
1 28 13
1 28 14
3 28 15
0 29 15
1 11 11
1 11 10
1 11 9
1 11 8
0 11 7
0 5 18
1 11 6
1 11 5
6 11 4
2 12 4
2 13 4
0 14 4
0 44 23
1 45 38
1 45 39
1 45 40
1 45 41
1 45 42
1 45 43
1 45 44
1 45 45
1 45 46
0 45 47
0 16 28
1 33 24
1 33 25
1 33 26
3 33 27
0 34 27
2 7 39
2 6 39
2 5 39
2 4 39
2 3 39
0 2 39
2 4 22
2 3 22
2 2 22
0 1 22
4 26 46
2 25 46
2 24 46
2 23 46
2 22 46
2 21 46
0 20 46
1 1 23
4 1 24
0 0 24
2 25 31
2 26 31
2 27 31
0 28 31
0 45 44
1 36 2
1 36 1
6 36 0
2 37 0
2 38 0
2 39 0
2 40 0
2 41 0
0 42 0
-1
-1
-1
-1
-1
-1
-1
-1
-1
-1
-1
-1
-1
-1
-1
-1
-1
-1
-1
-1
-1
-1
-1
-1
-1
-1
-1
-1
-1
-1
-1
-1
-1
-1
-1
-1
-1
-1
-1
-1
-1
-1
-1
-1
-1
-1
-1
-1
-1
-1
-1
-1
-1
-1
-1
-1
-1
-1
-1
-1
-1
-1
-1
-1
-1
-1
-1
-1
-1
-1
-1
-1
-1
-1
-1
-1
-1
-1
-1
-1
-1
-1
-1
-1
-1
-1
-1
-1
-1
-1
-1
-1
-1
-1
-1
-1
-1
-1
-1
-1
-1
-1
-1
-1
-1
-1
-1
-1
-1
-1
-1
-1
-1
-1
-1
-1
-1
-1
-1
-1
-1
-1
-1
-1
-1
-1
-1
-1
-1
-1
-1
-1
-1
-1
-1
-1
-1
-1
-1
-1
-1
-1
-1
-1
-1
-1
-1
-1
-1
-1
-1
-1
-1
-1
-1
-1
-1
-1
-1
-1
-1
-1
-1
-1
-1
-1
-1
-1
-1
-1
-1
-1
-1
-1
-1
-1
-1
-1
-1
-1
-1
-1
-1
-1
-1
-1
-1
-1
-1
-1
-1
-1
-1
-1
-1
-1
-1
-1
-1
-1
-1
-1
-1
-1
-1
-1
-1
-1
-1
-1
-1
-1
-1
-1
-1
-1
-1
-1
-1
-1
-1
-1
-1
-1
-1
-1
-1
-1
-1
-1
-1
-1
-1
-1
-1
-1
-1
-1
-1
-1
-1
-1
-1
-1
-1
-1
-1
-1
-1
-1
-1
-1
-1
-1
-1
-1
-1
-1
-1
-1
-1
-1
-1
-1
-1
-1
-1
-1
-1
-1
-1
-1
-1
-1
-1
-1
-1
-1
-1
-1
-1
-1
-1
-1
-1
-1
-1
-1
-1
-1
-1
-1
-1
-1
-1
-1
-1
-1
-1
-1
-1
-1
-1
-1
-1
-1
-1
-1
-1
-1
-1
