0 37 33
4 37 34
2 36 34
2 35 34
6 34 34
1 34 35
1 34 36
1 34 37
1 34 38
1 34 39
1 34 40
4 34 41
2 33 41
2 32 41
2 31 41
2 30 41
2 29 41
2 28 41
0 27 41
1 27 40
1 27 39
1 27 38
1 27 37
1 27 36
1 27 35
-1
1 27 34
-1
-1
1 27 33
-1
1 27 32
-1
1 27 31
-1
-1
1 27 30
-1
1 27 29
-1
-1
1 27 28
-1
1 27 27
-1
-1
1 27 26
-1
1 27 25
-1
-1
1 27 24
-1
1 27 23
-1
1 27 22
-1
-1
1 27 21
-1
1 27 20
-1
-1
1 27 19
-1
1 27 18
-1
-1
1 27 17
-1
1 27 16
-1
1 27 15
-1
-1
1 27 14
-1
1 27 13
-1
-1
1 27 12
-1
1 27 11
-1
-1
1 27 10
-1
1 27 9
-1
-1
5 27 8
-1
2 26 8
-1
-1
-1
-1
-1
-1
-1
-1
-1
-1
-1
-1
-1
-1
-1
-1
-1
-1
-1
-1
-1
-1
-1
-1
-1
-1
-1
-1
-1
-1
-1
-1
-1
-1
-1
-1
-1
-1
-1
-1
-1
-1
-1
-1
-1
-1
-1
-1
-1
-1
-1
-1
-1
-1
-1
-1
-1
-1
-1
-1
-1
-1
-1
-1
-1
-1
-1
-1
-1
-1
-1
-1
-1
-1
-1
-1
-1
-1
-1
-1
-1
-1
-1
-1
-1
-1
-1
-1
-1
-1
-1
-1
-1
-1
-1
-1
-1
-1
-1
-1
-1
-1
-1
-1
-1
-1
-1
-1
-1
-1
-1
-1
-1
-1
-1
-1
-1
-1
-1
-1
-1
0 25 8
-1
-1
-1
-1
-1
-1
-1
-1
-1
-1
-1
-1
-1
-1
-1
-1
-1
-1
-1
-1
-1
-1
-1
-1
-1
-1
-1
-1
-1
-1
-1
-1
-1
-1
-1
-1
-1
-1
-1
-1
-1
-1
-1
-1
-1
-1
-1
-1
-1
-1
-1
-1
-1
-1
-1
-1
-1
-1
-1
-1
-1
-1
0 34 34
2 26 41
6 25 41
1 25 42
1 25 43
4 25 44
2 24 44
2 23 44
2 22 44
2 21 44
2 20 44
2 19 44
-1
-1
-1
-1
-1
-1
-1
-1
-1
-1
-1
-1
-1
-1
-1
-1
-1
-1
-1
-1
-1
-1
-1
-1
-1
-1
-1
-1
-1
-1
-1
-1
-1
-1
-1
-1
-1
-1
-1
-1
-1
0 18 44
1 25 9
1 25 10
1 25 11
4 25 12
6 24 12
4 24 13
2 23 13
2 22 13
2 21 13
2 20 13
2 19 13
2 18 13
-1
-1
-1
-1
-1
-1
-1
-1
-1
-1
-1
-1
-1
-1
-1
-1
-1
-1
-1
-1
-1
-1
-1
-1
-1
-1
-1
-1
-1
-1
0 17 13
5 38 33
1 38 34
3 38 35
2 39 35
2 40 35
2 41 35
2 42 35
2 43 35
2 44 35
2 45 35
-1
-1
-1
-1
-1
-1
-1
-1
-1
-1
-1
-1
-1
-1
-1
-1
-1
-1
0 46 35
1 17 14
1 17 15
1 17 16
1 17 17
4 17 18
2 16 18
2 15 18
2 14 18
6 13 18
1 13 19
1 13 20
1 13 21
1 13 22
1 13 23
1 13 24
1 13 25
1 13 26
1 13 27
-1
-1
-1
0 13 28
1 46 34
1 46 33
1 46 32
1 46 31
1 46 30
1 46 29
1 46 28
1 46 27
1 46 26
1 46 25
1 46 24
1 46 23
1 46 22
5 46 21
-1
-1
-1
0 45 21
1 18 45
1 18 46
3 18 47
2 19 47
2 20 47
2 21 47
2 22 47
2 23 47
-1
-1
-1
-1
-1
0 24 47
-1
-1
-1
-1
-1
-1
-1
-1
-1
-1
0 27 10
1 18 43
1 18 42
1 18 41
1 18 40
1 18 39
1 18 38
1 18 37
-1
-1
0 18 36
5 17 12
2 16 12
2 15 12
-1
-1
-1
-1
-1
-1
0 14 12
4 14 28
1 14 27
1 14 26
6 14 25
2 15 25
2 16 25
2 17 25
-1
0 18 25
2 25 47
2 26 47
2 27 47
2 28 47
2 29 47
2 30 47
2 31 47
-1
-1
0 32 47
2 44 21
2 43 21
2 42 21
2 41 21
2 40 21
2 39 21
2 38 21
2 37 21
2 36 21
2 35 21
0 34 21
-1
-1
-1
-1
0 18 47
3 12 28
1 12 27
1 12 26
1 12 25
5 12 24
-1
0 11 24
-1
-1
-1
-1
-1
-1
0 34 39
2 28 10
2 29 10
2 30 10
2 31 10
2 32 10
2 33 10
2 34 10
0 35 10
1 34 33
5 34 32
2 33 32
2 32 32
-1
0 31 32
4 35 39
6 35 38
2 36 38
2 37 38
2 38 38
0 39 38
1 46 36
1 46 37
1 46 38
1 46 39
1 46 40
1 46 41
1 46 42
0 46 43
1 34 22
1 34 23
1 34 24
1 34 25
3 34 26
2 35 26
0 36 26
1 25 7
1 25 6
1 25 5
1 25 4
1 25 3
5 25 2
2 24 2
2 23 2
0 22 2
1 35 9
1 35 8
1 35 7
1 35 6
6 35 5
2 36 5
2 37 5
2 38 5
2 39 5
2 40 5
2 41 5
4 42 5
1 42 4
6 42 3
0 43 3
-1
-1
-1
-1
-1
-1
-1
-1
-1
-1
-1
-1
-1
-1
-1
-1
-1
-1
-1
-1
-1
-1
-1
-1
-1
-1
-1
-1
-1
-1
-1
-1
-1
-1
-1
-1
-1
-1
-1
-1
-1
-1
-1
-1
-1
-1
-1
-1
-1
-1
-1
-1
-1
-1
-1
-1
-1
-1
-1
-1
-1
-1
-1
-1
-1
-1
-1
-1
-1
-1
-1
-1
-1
-1
-1
-1
-1
-1
-1
-1
-1
-1
-1
-1
-1
-1
-1
-1
-1
-1
-1
-1
-1
-1
-1
-1
-1
-1
-1
-1
-1
-1
-1
-1
-1
-1
-1
-1
-1
-1
-1
-1
-1
-1
-1
-1
-1
-1
-1
-1
-1
-1
-1
-1
-1
-1
-1
-1
-1
-1
-1
-1
-1
-1
-1
-1
-1
-1
-1
-1
-1
-1
-1
-1
-1
-1
-1
-1
-1
-1
-1
-1
-1
-1
-1
-1
-1
-1
-1
-1
-1
-1
-1
-1
-1
-1
-1
-1
-1
-1
-1
-1
-1
-1
-1
-1
-1
-1
-1
-1
-1
-1
-1
-1
-1
-1
-1
-1
-1
-1
-1
-1
-1
-1
-1
-1
-1
-1
-1
-1
-1
-1
-1
-1
