0 13 11
1 13 12
1 13 13
1 13 14
1 13 15
3 13 16
2 14 16
2 15 16
5 16 16
1 16 17
1 16 18
1 16 19
1 16 20
1 16 21
1 16 22
1 16 23
3 16 24
5 17 24
1 17 25
1 17 26
3 17 27
2 18 27
5 19 27
1 19 28
3 19 29
2 20 29
2 21 29
2 22 29
2 23 29
2 24 29
2 25 29
2 26 29
2 27 29
2 28 29
2 29 29
2 30 29
2 31 29
2 32 29
2 33 29
2 34 29
2 35 29
2 36 29
2 37 29
0 38 29
1 38 30
1 38 31
1 38 32
3 38 33
2 39 33
2 40 33
2 41 33
-1
-1
-1
-1
-1
-1
-1
-1
-1
-1
-1
-1
-1
-1
-1
-1
-1
-1
-1
-1
-1
-1
-1
-1
-1
-1
-1
-1
-1
-1
-1
-1
-1
-1
-1
-1
-1
-1
-1
-1
-1
-1
-1
-1
-1
-1
-1
-1
-1
-1
-1
-1
-1
-1
0 42 33
6 12 11
4 12 12
2 11 12
2 10 12
2 9 12
2 8 12
-1
-1
-1
-1
-1
-1
-1
-1
-1
-1
-1
-1
-1
-1
-1
-1
-1
-1
-1
-1
-1
-1
-1
-1
-1
-1
-1
-1
-1
-1
-1
-1
-1
-1
-1
0 7 12
2 43 33
2 44 33
2 45 33
2 46 33
-1
-1
-1
-1
-1
-1
-1
-1
-1
-1
-1
-1
-1
-1
-1
-1
-1
-1
-1
-1
-1
-1
-1
0 47 33
1 47 34
1 47 35
1 47 36
1 47 37
1 47 38
1 47 39
1 47 40
1 47 41
1 47 42
1 47 43
1 47 44
-1
-1
-1
-1
-1
-1
-1
-1
0 47 45
2 6 12
2 5 12
2 4 12
-1
-1
-1
-1
-1
-1
-1
-1
-1
0 3 12
1 13 10
1 13 9
1 13 8
1 13 7
5 13 6
-1
-1
-1
-1
-1
-1
0 12 6
3 46 45
5 46 44
2 45 44
2 44 44
2 43 44
2 42 44
2 41 44
2 40 44
2 39 44
2 38 44
2 37 44
2 36 44
2 35 44
2 34 44
2 33 44
0 32 44
1 7 11
1 7 10
1 7 9
6 7 8
-1
0 8 8
1 47 32
1 47 31
1 47 30
1 47 29
1 47 28
-1
-1
-1
0 47 27
1 47 26
5 47 25
2 46 25
-1
-1
-1
0 45 25
1 7 13
1 7 14
3 7 15
2 8 15
2 9 15
2 10 15
-1
0 11 15
-1
-1
-1
-1
-1
0 42 44
1 8 7
1 8 6
1 8 5
-1
-1
0 8 4
1 32 43
5 32 42
2 31 42
2 30 42
-1
0 29 42
1 45 24
1 45 23
5 45 22
2 44 22
3 43 22
1 43 21
1 43 20
1 43 19
0 43 18
-1
0 16 16
2 14 11
2 15 11
2 16 11
2 17 11
2 18 11
2 19 11
2 20 11
2 21 11
2 22 11
0 23 11
0 17 24
1 11 16
1 11 17
1 11 18
1 11 19
1 11 20
4 11 21
2 10 21
6 9 21
1 9 22
1 9 23
4 9 24
0 8 24
0 43 22
0 32 43
2 7 24
2 6 24
2 5 24
2 4 24
2 3 24
0 2 24
1 2 25
1 2 26
1 2 27
0 2 28
0 19 27
1 43 17
1 43 16
1 43 15
0 43 14
1 2 29
1 2 30
1 2 31
1 2 32
1 2 33
1 2 34
1 2 35
1 2 36
1 2 37
1 2 38
3 2 39
2 3 39
2 4 39
0 5 39
0 47 35
0 16 22
1 5 40
1 5 41
1 5 42
1 5 43
1 5 44
1 5 45
0 5 46
0 9 21
2 6 39
2 7 39
2 8 39
2 9 39
0 10 39
1 10 40
3 10 41
2 11 41
2 12 41
0 13 41
0 10 15
1 13 42
1 13 43
1 13 44
1 13 45
1 13 46
1 13 47
3 13 48
0 14 48
2 24 11
2 25 11
2 26 11
2 27 11
0 28 11
2 29 11
2 30 11
2 31 11
0 32 11
1 29 41
1 29 40
1 29 39
0 29 38
2 44 14
2 45 14
2 46 14
0 47 14
6 29 37
2 30 37
0 31 37
1 28 12
1 28 13
1 28 14
1 28 15
0 28 16
4 42 34
2 41 34
2 40 34
0 39 34
1 32 10
1 32 9
1 32 8
1 32 7
6 32 6
2 33 6
2 34 6
2 35 6
0 36 6
-1
-1
-1
-1
-1
-1
-1
-1
-1
-1
-1
-1
-1
-1
-1
-1
-1
-1
-1
-1
-1
-1
-1
-1
-1
-1
-1
-1
-1
-1
-1
-1
-1
-1
-1
-1
-1
-1
-1
-1
-1
-1
-1
-1
-1
-1
-1
-1
-1
-1
-1
-1
-1
-1
-1
-1
-1
-1
-1
-1
-1
-1
-1
-1
-1
-1
-1
-1
-1
-1
-1
-1
-1
-1
-1
-1
-1
-1
-1
-1
-1
-1
-1
-1
-1
-1
-1
-1
-1
-1
-1
-1
-1
-1
-1
-1
-1
-1
-1
-1
-1
-1
-1
-1
-1
-1
-1
-1
-1
-1
-1
-1
-1
-1
-1
-1
-1
-1
-1
-1
-1
-1
-1
-1
-1
-1
-1
-1
-1
-1
-1
-1
-1
-1
-1
-1
-1
-1
-1
-1
-1
-1
-1
-1
-1
-1
-1
-1
-1
-1
-1
-1
-1
-1
-1
-1
-1
-1
-1
-1
-1
-1
-1
-1
-1
-1
-1
-1
-1
-1
-1
-1
-1
-1
-1
-1
-1
-1
-1
-1
-1
-1
-1
-1
-1
-1
-1
-1
-1
-1
-1
-1
-1
-1
-1
-1
-1
-1
-1
-1
-1
-1
-1
-1
-1
-1
-1
-1
-1
-1
-1
-1
-1
-1
-1
-1
-1
-1
-1
-1
-1
-1
-1
-1
-1
-1
-1
-1
-1
-1
-1
-1
-1
-1
-1
-1
-1
-1
-1
-1
-1
-1
-1
-1
-1
-1
-1
-1
-1
-1
-1
-1
-1
-1
-1
-1
-1
-1
-1
-1
-1
-1
-1
-1
-1
-1
-1
-1
-1
-1
-1
-1
-1
-1
-1
-1
-1
-1
-1
-1
-1
-1
-1
-1
-1
-1
-1
-1
-1
-1
-1
-1
-1
-1
-1
-1
-1
-1
-1
-1
-1
-1
-1
-1
-1
-1
-1
-1
-1
-1
-1
-1
-1
-1
-1
-1
-1
-1
-1
-1
-1
-1
-1
-1
-1
-1
-1
-1
-1
-1
-1
-1
-1
-1
-1
-1
-1
-1
-1
-1
-1
-1
-1
-1
-1
-1
-1
-1
-1
-1
-1
-1
-1
-1
-1
-1
-1
-1
-1
-1
-1
-1
-1
-1
-1
-1
-1
-1
-1
-1
-1
-1
-1
-1
-1
-1
-1
-1
-1
-1
-1
-1
-1
