0 9 43
6 9 42
2 10 42
2 11 42
4 12 42
1 12 41
6 12 40
2 13 40
2 14 40
2 15 40
2 16 40
2 17 40
2 18 40
4 19 40
6 19 39
2 20 39
2 21 39
2 22 39
2 23 39
2 24 39
2 25 39
2 26 39
2 27 39
2 28 39
2 29 39
2 30 39
2 31 39
2 32 39
2 33 39
2 34 39
2 35 39
0 36 39
6 36 38
4 37 38
1 37 37
-1
-1
-1
-1
0 37 36
3 8 43
5 8 42
2 7 42
2 6 42
2 5 42
2 4 42
-1
-1
-1
-1
-1
-1
-1
-1
-1
-1
0 3 42
1 9 44
1 9 45
1 9 46
4 9 47
2 8 47
6 7 47
4 7 48
-1
-1
0 6 48
2 36 36
-1
-1
-1
-1
-1
0 35 36
1 6 47
1 6 46
-1
-1
0 6 45
2 34 36
2 33 36
2 32 36
6 31 36
1 31 37
0 31 38
1 3 41
6 3 40
2 4 40
2 5 40
2 6 40
2 7 40
0 8 40
1 3 43
4 3 44
0 2 44
1 35 35
1 35 34
5 35 33
2 34 33
0 33 33
0 27 39
2 32 33
2 31 33
2 30 33
2 29 33
0 28 33
1 28 32
1 28 31
1 28 30
1 28 29
1 28 28
1 28 27
0 28 26
2 27 26
2 26 26
2 25 26
0 24 26
0 9 47
1 24 25
1 24 24
1 24 23
1 24 22
1 24 21
1 24 20
1 24 19
1 24 18
1 24 17
5 24 16
3 23 16
1 23 15
1 23 14
1 23 13
5 23 12
2 22 12
2 21 12
0 20 12
1 20 13
1 20 14
1 20 15
0 20 16
0 8 39
0 24 22
1 20 11
0 20 10
0 23 14
2 19 10
2 18 10
0 17 10
0 12 42
0 38 36
1 12 43
0 12 44
1 17 9
0 17 8
3 2 42
0 2 41
1 2 45
1 2 46
0 2 47
0 24 39
3 19 16
5 19 15
0 18 15
1 27 40
1 27 41
0 27 42
0 2 40
0 39 36
0 1 44
0 23 12
4 27 43
2 26 43
0 25 43
0 25 22
0 12 40
0 23 26
6 23 11
0 24 11
0 35 33
1 24 10
0 24 9
0 35 39
0 5 42
2 13 44
2 14 44
0 15 44
1 24 38
0 24 37
0 24 17
0 17 40
0 19 40
4 17 11
0 16 11
1 35 40
0 35 41
1 20 17
1 20 18
0 20 19
0 17 41
0 40 36
2 29 26
2 30 26
0 31 26
0 31 25
1 15 45
1 15 46
1 15 47
0 15 48
2 32 25
2 33 25
0 34 25
1 34 24
6 34 23
2 35 23
2 36 23
2 37 23
2 38 23
2 39 23
2 40 23
2 41 23
2 42 23
2 43 23
0 44 23
1 44 22
1 44 21
0 44 20
2 45 20
2 46 20
0 47 20
0 40 23
0 34 23
2 17 15
0 16 15
1 34 22
1 34 21
1 34 20
1 34 19
0 34 18
0 33 18
1 12 39
0 12 38
0 2 39
2 32 18
2 31 18
2 30 18
0 29 18
1 20 9
1 20 8
0 20 7
0 28 18
2 25 11
2 26 11
2 27 11
2 28 11
0 29 11
2 30 11
2 31 11
2 32 11
0 33 11
1 33 10
0 33 9
0 10 47
1 17 39
0 17 38
1 8 38
1 8 37
1 8 36
0 8 35
2 9 35
0 10 35
0 40 35
0 33 12
2 22 26
2 21 26
0 20 26
5 20 25
2 19 25
2 18 25
0 17 25
1 17 24
5 17 23
2 16 23
2 15 23
0 14 23
5 14 22
2 13 22
0 12 22
0 12 21
0 31 36
0 47 19
0 12 20
1 31 27
3 31 28
0 32 28
1 44 24
0 44 25
2 16 48
2 17 48
2 18 48
2 19 48
0 20 48
0 20 47
0 32 29
1 40 34
0 40 33
2 21 47
0 22 47
1 10 34
1 10 33
1 10 32
1 10 31
0 10 30
2 23 47
2 24 47
0 25 47
2 11 35
2 12 35
2 13 35
0 14 35
6 14 34
2 15 34
0 16 34
1 16 33
0 16 32
2 9 30
2 8 30
0 7 30
2 6 30
2 5 30
2 4 30
0 3 30
1 3 31
4 3 32
0 2 32
2 28 42
0 29 42
2 41 35
2 42 35
2 43 35
0 44 35
0 1 32
0 32 30
6 44 34
4 45 34
1 45 33
0 45 32
0 45 31
1 20 27
0 20 28
0 30 42
0 15 15
5 35 18
3 35 19
0 36 19
0 21 39
2 45 25
0 46 25
0 26 22
2 7 35
0 6 35
2 11 30
0 12 30
2 26 47
2 27 47
0 28 47
0 40 32
2 27 33
0 26 33
1 26 32
0 26 31
0 25 33
2 24 43
0 23 43
1 47 18
0 47 17
1 40 24
0 40 25
1 40 26
1 40 27
0 40 28
1 17 7
1 17 6
0 17 5
1 17 4
1 17 3
0 17 2
0 37 19
0 27 38
0 48 17
0 10 48
0 29 47
2 34 12
2 35 12
2 36 12
0 37 12
1 47 16
5 47 15
2 46 15
0 45 15
0 17 23
5 24 36
2 23 36
0 22 36
1 37 13
3 37 14
2 38 14
0 39 14
6 17 37
0 18 37
2 16 8
2 15 8
2 14 8
0 13 8
1 13 7
5 13 6
2 12 6
2 11 6
0 10 6
0 2 38
0 3 38
0 20 20
2 36 41
2 37 41
2 38 41
0 39 41
1 45 14
6 45 13
0 46 13
0 40 37
5 46 12
2 45 12
3 44 12
0 44 11
1 10 29
0 10 28
2 19 28
0 18 28
1 10 27
0 10 26
5 23 42
0 22 42
0 1 31
0 26 30
0 40 41
0 41 41
2 24 33
2 23 33
0 22 33
2 47 25
2 48 25
0 49 25
0 33 13
4 2 48
2 1 48
0 0 48
1 16 16
0 16 17
2 42 41
2 43 41
0 44 41
1 20 46
5 20 45
0 19 45
1 33 8
6 33 7
0 34 7
1 34 6
1 34 5
0 34 4
5 10 25
2 9 25
2 8 25
3 7 25
1 7 24
0 7 23
2 6 23
2 5 23
2 4 23
2 3 23
0 2 23
1 2 22
0 2 21
0 2 20
1 49 26
1 49 27
1 49 28
1 49 29
0 49 30
1 24 8
1 24 7
1 24 6
0 24 5
0 1 23
5 2 19
0 1 19
3 34 26
2 35 26
0 36 26
1 10 7
1 10 8
4 10 9
0 9 9
0 29 10
0 23 15
0 1 38
1 29 17
1 29 16
0 29 15
0 9 40
2 11 26
2 12 26
0 13 26
6 35 32
0 36 32
4 9 10
6 8 10
1 8 11
1 8 12
0 8 13
1 44 10
1 44 9
1 44 8
0 44 7
0 26 29
1 35 42
1 35 43
1 35 44
3 35 45
0 36 45
0 37 45
1 8 14
0 8 15
5 44 6
2 43 6
2 42 6
2 41 6
0 40 6
1 2 24
3 2 25
2 3 25
2 4 25
0 5 25
0 18 48
5 45 7
3 45 8
2 46 8
2 47 8
0 48 8
1 48 7
1 48 6
0 48 5
1 34 3
6 34 2
2 35 2
2 36 2
2 37 2
0 38 2
1 29 9
1 29 8
0 29 7
2 8 9
2 7 9
0 6 9
2 38 19
2 39 19
0 40 19
0 43 25
1 37 46
1 37 47
0 37 48
0 45 34
1 6 10
4 6 11
2 5 11
0 4 11
1 15 14
5 15 13
2 14 13
0 13 13
2 39 2
2 40 2
2 41 2
2 42 2
0 43 2
2 31 42
2 32 42
0 33 42
1 17 1
6 17 0
2 18 0
2 19 0
0 20 0
1 29 46
0 29 45
3 33 4
1 33 3
1 33 2
6 33 1
0 34 1
5 38 48
3 38 49
2 39 49
2 40 49
2 41 49
0 42 49
0 33 19
1 44 42
1 44 43
3 44 44
2 45 44
0 46 44
1 6 8
1 6 7
1 6 6
1 6 5
5 6 4
2 5 4
2 4 4
2 3 4
2 2 4
2 1 4
0 0 4
-1
-1
-1
-1
-1
-1
-1
-1
-1
-1
-1
-1
-1
-1
-1
-1
-1
-1
-1
-1
-1
-1
-1
-1
-1
-1
-1
-1
-1
-1
-1
-1
-1
-1
-1
-1
-1
-1
-1
-1
-1
-1
-1
-1
-1
-1
-1
-1
-1
-1
-1
-1
-1
-1
-1
-1
-1
-1
-1
-1
-1
-1
-1
-1
-1
-1
-1
-1
-1
-1
-1
-1
-1
-1
-1
-1
-1
-1
-1
-1
-1
-1
-1
-1
-1
-1
-1
-1
-1
-1
-1
-1
-1
-1
-1
-1
-1
-1
-1
-1
-1
-1
-1
-1
-1
-1
-1
-1
-1
-1
-1
-1
-1
-1
-1
-1
-1
-1
-1
-1
-1
-1
-1
-1
-1
-1
-1
-1
-1
-1
-1
-1
-1
-1
-1
-1
-1
-1
-1
-1
-1
-1
-1
-1
-1
-1
-1
-1
-1
-1
-1
-1
-1
-1
-1
-1
-1
-1
-1
-1
-1
-1
-1
-1
-1
-1
-1
-1
-1
-1
-1
-1
-1
-1
-1
-1
-1
-1
