0 23 35
6 23 34
2 24 34
4 25 34
1 25 33
1 25 32
6 25 31
2 26 31
4 27 31
1 27 30
6 27 29
4 28 29
1 28 28
1 28 27
1 28 26
1 28 25
1 28 24
6 28 23
2 29 23
2 30 23
2 31 23
2 32 23
2 33 23
4 34 23
1 34 22
1 34 21
6 34 20
4 35 20
1 35 19
1 35 18
1 35 17
1 35 16
1 35 15
1 35 14
1 35 13
1 35 12
1 35 11
6 35 10
4 36 10
1 36 9
1 36 8
1 36 7
1 36 6
0 36 5
3 22 35
5 22 34
2 21 34
2 20 34
2 19 34
2 18 34
2 17 34
2 16 34
2 15 34
2 14 34
2 13 34
2 12 34
2 11 34
2 10 34
2 9 34
2 8 34
2 7 34
2 6 34
2 5 34
2 4 34
2 3 34
2 2 34
0 1 34
1 23 36
1 23 37
1 23 38
1 23 39
3 23 40
5 24 40
1 24 41
3 24 42
2 25 42
2 26 42
5 27 42
1 27 43
1 27 44
1 27 45
1 27 46
3 27 47
2 28 47
2 29 47
-1
-1
-1
-1
-1
-1
-1
-1
-1
-1
0 30 47
1 1 33
1 1 32
6 1 31
2 2 31
2 3 31
2 4 31
2 5 31
2 6 31
2 7 31
2 8 31
4 9 31
1 9 30
6 9 29
4 10 29
1 10 28
1 10 27
1 10 26
1 10 25
1 10 24
1 10 23
-1
-1
0 10 22
1 36 4
1 36 3
6 36 2
2 37 2
2 38 2
2 39 2
-1
-1
-1
-1
-1
-1
-1
0 40 2
-1
-1
-1
-1
-1
-1
-1
-1
-1
0 27 44
-1
-1
-1
-1
-1
-1
-1
0 36 2
1 1 35
1 1 36
3 1 37
2 2 37
-1
-1
0 3 37
-1
-1
-1
-1
-1
-1
0 35 12
1 3 38
1 3 39
1 3 40
1 3 41
1 3 42
1 3 43
3 3 44
5 4 44
3 4 45
2 5 45
0 6 45
0 10 29
2 31 47
2 32 47
2 33 47
2 34 47
2 35 47
2 36 47
2 37 47
2 38 47
2 39 47
2 40 47
2 41 47
2 42 47
2 43 47
4 44 47
1 44 46
6 44 45
2 45 45
4 46 45
1 46 44
6 46 43
2 47 43
0 48 43
0 24 40
0 35 20
2 35 2
2 34 2
2 33 2
0 32 2
0 4 44
0 8 31
2 37 5
5 38 5
1 38 6
1 38 7
1 38 8
3 38 9
0 39 9
0 4 34
1 10 21
6 10 20
2 11 20
0 12 20
2 31 2
2 30 2
0 29 2
3 26 44
5 26 43
2 25 43
2 24 43
2 23 43
2 22 43
2 21 43
2 20 43
0 19 43
4 29 3
2 28 3
2 27 3
2 26 3
0 25 3
2 4 37
2 5 37
0 6 37
0 27 46
0 35 14
0 10 23
0 27 31
0 25 34
1 40 3
3 40 4
2 41 4
2 42 4
0 43 4
6 9 23
4 9 24
2 8 24
2 7 24
2 6 24
0 5 24
0 36 7
0 39 47
0 10 34
0 44 47
0 33 47
5 40 1
0 39 1
0 7 24
1 12 19
5 12 18
2 11 18
0 10 18
1 10 17
1 10 16
0 10 15
0 18 34
1 10 14
0 10 13
0 28 25
0 13 20
0 25 4
0 49 43
0 26 46
1 43 5
1 43 6
0 43 7
1 5 23
0 5 22
1 13 21
3 13 22
2 14 22
2 15 22
0 16 22
2 4 22
2 3 22
2 2 22
0 1 22
0 38 5
3 27 25
1 27 24
5 27 23
0 26 23
1 5 25
0 5 26
1 43 8
1 43 9
1 43 10
0 43 11
0 14 34
2 4 26
2 3 26
0 2 26
0 6 36
0 26 47
1 18 33
6 18 32
4 19 32
1 19 31
0 19 30
1 26 22
0 26 21
0 34 23
2 44 11
2 45 11
0 46 11
0 46 45
2 25 21
2 24 21
0 23 21
1 23 20
1 23 19
0 23 18
5 48 42
2 47 42
2 46 42
2 45 42
0 44 42
2 22 18
2 21 18
0 20 18
0 43 42
0 42 42
0 27 42
6 9 15
4 9 16
2 8 16
2 7 16
0 6 16
2 35 7
2 34 7
2 33 7
2 32 7
0 31 7
0 2 31
2 11 13
2 12 13
2 13 13
0 14 13
1 14 14
1 14 15
0 14 16
0 46 10
5 8 30
2 7 30
0 6 30
3 10 30
2 11 30
0 12 30
1 46 9
6 46 8
0 47 8
0 5 16
2 36 14
2 37 14
2 38 14
0 39 14
6 23 17
0 24 17
6 12 29
2 13 29
0 14 29
2 20 30
0 21 30
1 31 8
0 31 9
0 28 28
1 19 44
1 19 45
1 19 46
4 19 47
2 18 47
2 17 47
0 16 47
3 25 35
2 26 35
0 27 35
4 31 10
0 30 10
0 14 12
2 25 46
2 24 46
0 23 46
1 43 3
6 43 2
2 44 2
2 45 2
0 46 2
2 15 12
2 16 12
4 17 12
1 17 11
0 17 10
5 46 1
0 45 1
1 30 11
1 30 12
0 30 13
0 3 43
2 4 16
2 3 16
0 2 16
2 24 3
2 23 3
0 22 3
3 27 28
5 27 27
2 26 27
2 25 27
0 24 27
5 29 28
0 29 29
2 29 13
2 28 13
0 27 13
1 5 15
1 5 14
1 5 13
0 5 12
1 19 29
1 19 28
1 19 27
1 19 26
0 19 25
1 22 4
4 22 5
0 21 5
1 5 11
1 5 10
1 5 9
5 5 8
0 4 8
0 22 46
0 18 10
0 35 18
1 18 35
1 18 36
1 18 37
3 18 38
0 19 38
3 27 32
2 28 32
2 29 32
2 30 32
2 31 32
2 32 32
0 33 32
2 34 32
2 35 32
2 36 32
2 37 32
2 38 32
0 39 32
2 7 45
0 8 45
5 24 16
3 23 16
0 23 15
0 14 28
5 22 2
2 21 2
2 20 2
2 19 2
2 18 2
0 17 2
2 34 18
2 33 18
0 32 18
2 40 32
2 41 32
2 42 32
2 43 32
2 44 32
2 45 32
2 46 32
0 47 32
1 47 33
1 47 34
0 47 35
3 34 24
2 35 24
2 36 24
2 37 24
2 38 24
0 39 24
2 40 24
2 41 24
2 42 24
2 43 24
0 44 24
0 20 17
1 14 35
0 14 36
1 44 25
1 44 26
1 44 27
0 44 28
1 44 23
1 44 22
1 44 21
1 44 20
5 44 19
2 43 19
0 42 19
1 49 44
1 49 45
1 49 46
0 49 47
1 14 37
1 14 38
4 14 39
0 13 39
1 39 33
3 39 34
0 40 34
1 33 33
3 33 34
0 34 34
1 34 35
1 34 36
1 34 37
1 34 38
1 34 39
0 34 40
1 21 6
3 21 7
0 22 7
6 4 7
2 5 7
2 6 7
2 7 7
2 8 7
0 9 7
-1
-1
-1
-1
-1
-1
-1
-1
-1
-1
-1
-1
-1
-1
-1
-1
-1
-1
-1
-1
-1
-1
-1
-1
-1
-1
-1
-1
-1
-1
-1
-1
-1
-1
-1
-1
-1
-1
-1
-1
-1
-1
-1
-1
-1
-1
-1
-1
-1
-1
-1
-1
-1
-1
-1
-1
-1
-1
-1
-1
-1
-1
-1
-1
-1
-1
-1
-1
-1
-1
-1
-1
-1
-1
-1
-1
-1
-1
-1
-1
-1
-1
-1
-1
-1
-1
-1
-1
-1
-1
-1
-1
-1
-1
-1
-1
-1
-1
-1
-1
-1
-1
-1
-1
-1
-1
-1
-1
-1
-1
-1
-1
-1
-1
-1
-1
-1
-1
-1
-1
-1
-1
-1
-1
-1
-1
-1
-1
-1
-1
-1
-1
-1
-1
-1
-1
-1
-1
-1
-1
-1
-1
-1
-1
-1
-1
-1
-1
-1
-1
-1
-1
-1
-1
-1
-1
-1
-1
-1
-1
-1
-1
-1
-1
-1
-1
-1
-1
-1
-1
-1
-1
-1
-1
-1
-1
-1
-1
-1
-1
-1
-1
-1
-1
-1
-1
-1
-1
-1
-1
-1
-1
-1
-1
-1
-1
-1
-1
-1
-1
-1
-1
-1
-1
-1
-1
-1
-1
-1
-1
-1
-1
-1
-1
-1
-1
-1
-1
-1
-1
-1
-1
-1
-1
-1
-1
-1
-1
-1
-1
-1
-1
-1
-1
-1
-1
-1
-1
-1
-1
-1
-1
-1
-1
-1
-1
-1
-1
-1
-1
-1
-1
-1
