0 24 28
5 24 27
3 23 27
1 23 26
1 23 25
5 23 24
3 22 24
1 22 23
1 22 22
1 22 21
1 22 20
1 22 19
1 22 18
1 22 17
1 22 16
1 22 15
1 22 14
1 22 13
1 22 12
1 22 11
1 22 10
0 22 9
2 25 28
2 26 28
5 27 28
1 27 29
1 27 30
1 27 31
1 27 32
1 27 33
1 27 34
1 27 35
3 27 36
2 28 36
2 29 36
5 30 36
1 30 37
1 30 38
1 30 39
3 30 40
2 31 40
2 32 40
2 33 40
5 34 40
1 34 41
1 34 42
1 34 43
1 34 44
1 34 45
1 34 46
1 34 47
-1
-1
-1
-1
-1
-1
-1
-1
0 34 48
3 33 48
5 33 47
2 32 47
2 31 47
2 30 47
-1
-1
-1
-1
-1
-1
-1
-1
-1
-1
-1
-1
0 29 47
1 24 29
4 24 30
2 23 30
2 22 30
2 21 30
6 20 30
1 20 31
1 20 32
4 20 33
2 19 33
2 18 33
2 17 33
2 16 33
2 15 33
6 14 33
4 14 34
2 13 34
2 12 34
6 11 34
1 11 35
1 11 36
4 11 37
2 10 37
6 9 37
1 9 38
4 9 39
2 8 39
0 7 39
5 23 9
1 23 10
3 23 11
2 24 11
0 25 11
2 35 48
2 36 48
4 37 48
6 37 47
2 38 47
2 39 47
4 40 47
1 40 46
0 40 45
6 21 9
4 21 10
2 20 10
2 19 10
0 18 10
1 18 9
1 18 8
1 18 7
1 18 6
5 18 5
2 17 5
2 16 5
2 15 5
0 14 5
2 13 5
2 12 5
2 11 5
0 10 5
1 40 44
1 40 43
5 40 42
2 39 42
3 38 42
1 38 41
0 38 40
1 18 11
1 18 12
0 18 13
0 28 47
1 38 39
1 38 38
6 38 37
0 39 37
0 23 24
0 27 30
1 25 10
1 25 9
1 25 8
0 25 7
2 19 13
0 20 13
1 22 8
1 22 7
1 22 6
0 22 5
0 34 43
1 20 14
0 20 15
0 11 34
0 18 33
2 41 45
4 42 45
1 42 44
1 42 43
0 42 42
1 14 4
0 14 3
0 20 30
0 22 4
0 9 37
2 6 39
2 5 39
0 4 39
0 20 32
2 24 24
2 25 24
0 26 24
0 38 42
0 30 40
2 27 47
0 26 47
0 22 21
1 26 23
1 26 22
0 26 21
1 26 20
1 26 19
1 26 18
0 26 17
0 18 8
0 37 47
0 15 33
0 32 47
0 17 5
0 34 44
0 30 36
1 39 36
0 39 35
5 4 38
2 3 38
0 2 38
1 10 6
1 10 7
0 10 8
0 27 36
1 26 46
1 26 45
1 26 44
0 26 43
0 4 40
2 25 17
0 24 17
1 42 41
1 42 40
0 42 39
1 4 41
1 4 42
0 4 43
0 9 39
5 43 39
3 43 40
2 44 40
2 45 40
0 46 40
3 4 44
2 5 44
0 6 44
0 42 45
0 24 18
1 46 39
1 46 38
0 46 37
1 25 12
3 25 13
2 26 13
0 27 13
0 34 40
2 7 44
2 8 44
0 9 44
0 27 28
2 27 24
0 28 24
0 10 44
0 22 24
0 17 10
1 18 34
0 18 35
2 38 35
0 37 35
0 17 13
0 37 34
0 30 38
1 11 33
1 11 32
0 11 31
0 13 5
1 22 3
1 22 2
0 22 1
6 21 21
4 21 22
2 20 22
2 19 22
0 18 22
1 37 33
0 37 32
0 2 37
0 22 13
2 27 21
2 28 21
2 29 21
0 30 21
5 26 7
3 26 8
0 27 8
6 46 36
0 47 36
1 37 31
1 37 30
1 37 29
6 37 28
0 38 28
1 30 20
0 30 19
2 28 13
2 29 13
2 30 13
2 31 13
2 32 13
0 33 13
2 39 28
2 40 28
0 41 28
0 25 43
1 15 34
1 15 35
1 15 36
0 15 37
1 15 38
1 15 39
3 15 40
2 16 40
0 17 40
2 21 1
2 20 1
0 19 1
1 2 36
1 2 35
0 2 34
0 40 47
0 17 22
0 23 26
3 28 25
2 29 25
2 30 25
0 31 25
1 33 14
1 33 15
0 33 16
2 21 5
0 20 5
1 15 32
1 15 31
0 15 30
2 32 25
2 33 25
2 34 25
0 35 25
1 41 29
0 41 30
2 9 5
0 8 5
1 10 45
0 10 46
1 17 23
1 17 24
0 17 25
1 11 30
1 11 29
1 11 28
0 11 27
1 27 7
1 27 6
1 27 5
0 27 4
1 35 24
1 35 23
0 35 22
0 30 18
1 2 33
0 2 32
4 34 16
6 34 15
2 35 15
0 36 15
0 14 33
0 18 1
0 35 21
0 33 12
1 17 41
0 17 42
2 25 47
2 24 47
0 23 47
2 18 42
0 19 42
3 18 36
2 19 36
2 20 36
0 21 36
2 28 8
2 29 8
2 30 8
0 31 8
2 3 32
0 4 32
2 42 30
2 43 30
0 44 30
1 44 29
1 44 28
0 44 27
2 32 8
2 33 8
2 34 8
2 35 8
0 36 8
2 21 32
2 22 32
0 23 32
3 42 46
2 43 46
0 44 46
2 45 46
0 46 46
1 36 7
1 36 6
1 36 5
1 36 4
0 36 3
0 37 3
6 37 2
2 38 2
2 39 2
2 40 2
2 41 2
0 42 2
1 36 14
6 36 13
2 37 13
2 38 13
2 39 13
0 40 13
6 46 45
0 47 45
1 31 26
0 31 27
1 10 43
0 10 42
0 40 2
0 41 13
2 42 13
2 43 13
2 44 13
0 45 13
0 27 14
2 46 13
0 47 13
2 10 31
0 9 31
1 27 3
0 27 2
1 47 12
1 47 11
0 47 10
0 31 9
1 30 41
0 30 42
0 15 29
1 41 12
1 41 11
0 41 10
1 26 42
0 26 41
2 28 2
2 29 2
0 30 2
1 21 37
1 21 38
0 21 39
1 34 39
0 34 38
2 22 47
2 21 47
0 20 47
1 36 16
0 36 17
0 27 35
1 36 2
0 36 1
0 30 43
0 47 14
2 43 2
2 44 2
2 45 2
0 46 2
1 46 3
1 46 4
4 46 5
0 45 5
0 18 25
0 9 30
0 37 40
2 40 35
0 41 35
1 18 21
0 18 20
1 18 19
0 18 18
1 31 28
0 31 29
1 31 7
0 31 6
2 32 29
0 33 29
2 19 47
0 18 47
1 2 31
1 2 30
0 2 29
0 27 1
1 9 29
5 9 28
2 8 28
0 7 28
0 24 32
2 16 10
0 15 10
6 14 37
4 14 38
0 13 38
0 29 13
2 11 44
2 12 44
0 13 44
1 44 26
1 44 25
0 44 24
0 44 23
2 43 23
2 42 23
2 41 23
0 40 23
2 7 5
0 6 5
1 14 2
0 14 1
1 41 14
1 41 15
1 41 16
0 41 17
1 47 35
1 47 34
0 47 33
0 3 29
0 15 28
1 44 47
0 44 48
0 35 1
1 26 40
0 26 39
1 8 4
1 8 3
6 8 2
0 9 2
5 22 36
3 22 37
0 23 37
0 23 11
1 30 35
1 30 34
0 30 33
1 36 9
1 36 10
3 36 11
0 37 11
1 6 45
1 6 46
4 6 47
0 5 47
2 35 3
0 34 3
1 47 44
0 47 43
0 47 9
1 47 15
1 47 16
0 47 17
0 46 9
2 16 22
2 15 22
2 14 22
2 13 22
0 12 22
1 47 18
3 47 19
0 48 19
0 37 48
0 33 17
2 3 43
2 2 43
0 1 43
2 14 10
0 13 10
2 4 47
2 3 47
2 2 47
0 1 47
0 13 43
2 3 34
2 4 34
5 5 34
3 5 35
0 6 35
0 47 42
0 19 43
2 9 8
2 8 8
0 7 8
4 41 18
2 40 18
0 39 18
1 33 30
1 33 31
0 33 32
2 41 39
0 40 39
2 11 22
0 10 22
4 2 39
2 1 39
0 0 39
5 6 4
2 5 4
3 4 4
5 4 3
3 3 3
5 3 2
0 2 2
1 12 21
1 12 20
0 12 19
1 12 18
1 12 17
0 12 16
0 23 46
0 36 47
2 45 24
2 46 24
2 47 24
0 48 24
0 47 19
1 12 15
0 12 14
3 45 6
2 46 6
0 47 6
2 11 16
2 10 16
2 9 16
2 8 16
0 7 16
3 40 10
1 40 9
0 40 8
0 17 14
0 36 7
1 29 48
0 29 49
2 9 22
2 8 22
2 7 22
2 6 22
2 5 22
0 4 22
0 31 2
0 27 17
2 17 18
0 16 18
0 20 6
4 18 48
2 17 48
2 16 48
2 15 48
0 14 48
-1
-1
-1
-1
-1
-1
-1
-1
-1
-1
-1
-1
-1
-1
-1
-1
-1
-1
-1
-1
-1
-1
-1
-1
-1
-1
-1
-1
-1
-1
-1
-1
-1
-1
-1
-1
-1
-1
-1
-1
-1
-1
-1
-1
-1
-1
-1
-1
-1
-1
-1
-1
-1
-1
-1
-1
-1
-1
-1
-1
-1
-1
-1
-1
-1
-1
-1
-1
-1
-1
-1
-1
-1
-1
-1
-1
-1
-1
-1
-1
-1
-1
-1
-1
-1
-1
-1
-1
-1
-1
-1
-1
-1
-1
-1
-1
-1
-1
-1
-1
-1
-1
-1
-1
-1
-1
-1
-1
-1
-1
-1
-1
-1
-1
-1
-1
-1
-1
-1
-1
-1
-1
-1
-1
-1
-1
-1
-1
-1
-1
-1
-1
-1
-1
