0 27 31
2 28 31
2 29 31
2 30 31
2 31 31
2 32 31
2 33 31
2 34 31
2 35 31
2 36 31
2 37 31
2 38 31
5 39 31
1 39 32
1 39 33
1 39 34
1 39 35
1 39 36
1 39 37
1 39 38
1 39 39
1 39 40
1 39 41
1 39 42
1 39 43
1 39 44
0 39 45
2 26 31
2 25 31
2 24 31
2 23 31
2 22 31
2 21 31
2 20 31
2 19 31
0 18 31
1 18 30
1 18 29
1 18 28
1 18 27
1 18 26
1 18 25
1 18 24
1 18 23
1 18 22
1 18 21
1 18 20
1 18 19
5 18 18
2 17 18
3 16 18
1 16 17
1 16 16
1 16 15
1 16 14
5 16 13
3 15 13
-1
-1
-1
-1
-1
-1
-1
-1
-1
-1
-1
-1
-1
-1
-1
-1
-1
-1
-1
-1
-1
-1
-1
0 15 12
6 14 12
4 14 13
2 13 13
2 12 13
2 11 13
2 10 13
2 9 13
2 8 13
2 7 13
2 6 13
2 5 13
-1
-1
-1
-1
-1
-1
-1
-1
-1
-1
-1
-1
-1
-1
-1
-1
-1
0 4 13
3 38 45
5 38 44
2 37 44
2 36 44
2 35 44
-1
-1
-1
-1
-1
-1
-1
-1
-1
-1
-1
0 34 44
1 15 11
1 15 10
5 15 9
2 14 9
2 13 9
3 12 9
1 12 8
1 12 7
1 12 6
1 12 5
5 12 4
3 11 4
1 11 3
0 11 2
1 39 46
3 39 47
5 40 47
1 40 48
3 40 49
2 41 49
-1
-1
0 42 49
2 17 31
3 16 31
1 16 30
5 16 29
2 15 29
2 14 29
-1
-1
0 13 29
1 18 32
1 18 33
1 18 34
1 18 35
3 18 36
2 19 36
0 20 36
-1
-1
-1
-1
-1
0 12 9
1 27 30
1 27 29
1 27 28
-1
0 27 27
4 12 10
2 11 10
2 10 10
2 9 10
0 8 10
2 40 45
4 41 45
1 41 44
1 41 43
6 41 42
0 42 42
1 42 41
6 42 40
0 43 40
1 43 39
1 43 38
1 43 37
6 43 36
2 44 36
2 45 36
2 46 36
2 47 36
0 48 36
1 13 30
1 13 31
1 13 32
0 13 33
0 39 42
1 4 12
1 4 11
1 4 10
0 4 9
0 20 31
4 16 12
1 16 11
6 16 10
2 17 10
2 18 10
2 19 10
0 20 10
1 34 43
1 34 42
0 34 41
0 39 39
2 28 27
2 29 27
0 30 27
0 36 44
2 12 2
2 13 2
2 14 2
2 15 2
0 16 2
0 18 21
1 4 8
1 4 7
1 4 6
1 4 5
0 4 4
0 12 29
0 18 25
0 39 32
2 11 29
2 10 29
2 9 29
2 8 29
0 7 29
1 36 45
1 36 46
1 36 47
1 36 48
0 36 49
2 38 39
0 37 39
0 18 28
0 16 31
0 11 4
4 40 32
6 40 31
0 41 31
0 43 36
1 8 9
1 8 8
0 8 7
0 20 37
0 11 10
2 17 25
2 16 25
0 15 25
1 12 28
5 12 27
2 11 27
0 10 27
1 15 24
0 15 23
1 27 26
1 27 25
1 27 24
0 27 23
0 16 16
0 15 9
3 30 28
2 31 28
2 32 28
0 33 28
2 3 9
0 2 9
2 21 10
0 22 10
0 22 9
6 33 41
4 33 42
2 32 42
2 31 42
0 30 42
1 16 3
1 16 4
3 16 5
2 17 5
0 18 5
2 34 28
2 35 28
0 36 28
0 5 13
0 30 43
3 6 29
5 6 28
2 5 28
2 4 28
0 3 28
1 27 22
0 27 21
2 19 25
2 20 25
0 21 25
6 27 20
2 28 20
2 29 20
2 30 20
2 31 20
2 32 20
0 33 20
0 17 5
1 13 34
1 13 35
0 13 36
0 26 23
0 25 31
2 10 2
0 9 2
1 16 32
0 16 33
1 30 44
1 30 45
0 30 46
0 3 27
1 33 19
1 33 18
1 33 17
1 33 16
0 33 15
3 5 14
0 6 14
6 33 14
2 34 14
2 35 14
2 36 14
2 37 14
2 38 14
0 39 14
1 39 13
1 39 12
0 39 11
1 39 10
1 39 9
1 39 8
1 39 7
0 39 6
1 39 5
1 39 4
0 39 3
1 6 15
1 6 16
1 6 17
0 6 18
2 40 3
0 41 3
0 5 18
0 41 45
3 41 4
2 42 4
2 43 4
2 44 4
2 45 4
0 46 4
1 5 19
0 5 20
1 46 3
1 46 2
0 46 1
2 3 13
2 2 13
0 1 13
1 46 5
1 46 6
3 46 7
2 47 7
0 48 7
6 42 48
2 43 48
2 44 48
2 45 48
0 46 48
2 40 14
0 41 14
1 2 8
0 2 7
2 17 16
2 18 16
0 19 16
0 31 31
4 30 47
2 29 47
0 28 47
0 27 47
0 19 36
0 39 2
0 25 32
1 13 37
1 13 38
1 13 39
1 13 40
1 13 41
0 13 42
0 16 18
6 30 26
0 31 26
2 42 31
2 43 31
0 44 31
2 12 33
2 11 33
2 10 33
0 9 33
4 9 34
0 8 34
1 1 14
3 1 15
0 2 15
2 32 15
2 31 15
0 30 15
2 4 20
2 3 20
2 2 20
2 1 20
0 0 20
5 25 30
0 24 30
3 42 43
2 43 43
2 44 43
0 45 43
3 33 21
2 34 21
0 35 21
0 46 36
1 5 21
0 5 22
1 34 40
1 34 39
1 34 38
0 34 37
1 48 8
4 48 9
2 47 9
0 46 9
1 22 8
6 22 7
2 23 7
2 24 7
4 25 7
1 25 6
0 25 5
2 26 5
0 27 5
2 17 2
2 18 2
2 19 2
0 20 2
1 25 4
0 25 3
6 20 35
0 21 35
1 15 22
0 15 21
2 14 23
2 13 23
2 12 23
0 11 23
0 27 29
1 41 30
1 41 29
1 41 28
1 41 27
1 41 26
0 41 25
0 41 24
2 7 34
2 6 34
2 5 34
0 4 34
2 15 16
2 14 16
2 13 16
2 12 16
0 11 16
5 40 6
3 40 7
2 41 7
0 42 7
3 19 17
2 20 17
2 21 17
2 22 17
0 23 17
4 4 35
2 3 35
0 2 35
1 41 15
3 41 16
0 42 16
0 43 16
1 48 37
1 48 38
1 48 39
1 48 40
0 48 41
2 26 21
0 25 21
1 2 36
0 2 37
2 29 43
2 28 43
2 27 43
0 26 43
1 2 38
1 2 39
1 2 40
1 2 41
4 2 42
2 1 42
0 0 42
6 46 47
2 47 47
0 48 47
1 26 42
1 26 41
1 26 40
1 26 39
0 26 38
1 20 38
1 20 39
1 20 40
1 20 41
4 20 42
0 19 42
1 27 6
1 27 7
3 27 8
2 28 8
0 29 8
2 38 3
2 37 3
0 36 3
6 41 23
2 42 23
4 43 23
1 43 22
6 43 21
0 44 21
1 4 3
1 4 2
1 4 1
5 4 0
2 3 0
0 2 0
1 13 43
1 13 44
1 13 45
1 13 46
3 13 47
0 14 47
6 38 32
1 38 33
0 38 34
1 19 43
1 19 44
1 19 45
3 19 46
2 20 46
0 21 46
-1
-1
-1
-1
-1
-1
-1
-1
-1
-1
-1
-1
-1
-1
-1
-1
-1
-1
-1
-1
-1
-1
-1
-1
-1
-1
-1
-1
-1
-1
-1
-1
-1
-1
-1
-1
-1
-1
-1
-1
-1
-1
-1
-1
-1
-1
-1
-1
-1
-1
-1
-1
-1
-1
-1
-1
-1
-1
-1
-1
-1
-1
-1
-1
-1
-1
-1
-1
-1
-1
-1
-1
-1
-1
-1
-1
-1
-1
-1
-1
-1
-1
-1
-1
-1
-1
-1
-1
-1
-1
-1
-1
-1
-1
-1
-1
-1
-1
-1
-1
-1
-1
-1
-1
-1
-1
-1
-1
-1
-1
-1
-1
-1
-1
-1
-1
-1
-1
-1
-1
-1
-1
-1
-1
-1
-1
-1
-1
-1
-1
-1
-1
-1
-1
-1
-1
-1
-1
-1
-1
-1
-1
-1
-1
-1
-1
-1
-1
-1
-1
-1
-1
-1
-1
-1
-1
-1
-1
-1
-1
-1
-1
-1
-1
-1
-1
-1
-1
-1
-1
-1
-1
-1
-1
-1
-1
-1
-1
-1
-1
-1
-1
-1
-1
-1
-1
-1
-1
-1
-1
-1
-1
-1
-1
-1
-1
-1
-1
-1
-1
-1
-1
-1
-1
-1
-1
-1
-1
-1
-1
-1
-1
-1
-1
-1
-1
-1
-1
-1
-1
-1
