0 26 35
2 27 35
2 28 35
2 29 35
4 30 35
1 30 34
1 30 33
1 30 32
1 30 31
1 30 30
6 30 29
2 31 29
2 32 29
4 33 29
6 33 28
2 34 28
0 35 28
1 26 36
1 26 37
1 26 38
1 26 39
1 26 40
1 26 41
1 26 42
1 26 43
1 26 44
4 26 45
2 25 45
0 24 45
1 35 27
1 35 26
1 35 25
1 35 24
1 35 23
1 35 22
1 35 21
1 35 20
1 35 19
1 35 18
1 35 17
1 35 16
1 35 15
1 35 14
1 35 13
1 35 12
1 35 11
1 35 10
1 35 9
1 35 8
1 35 7
1 35 6
1 35 5
1 35 4
5 35 3
2 34 3
2 33 3
-1
-1
-1
-1
-1
-1
-1
-1
-1
-1
-1
-1
-1
0 32 3
1 24 44
1 24 43
5 24 42
2 23 42
2 22 42
2 21 42
2 20 42
2 19 42
2 18 42
2 17 42
2 16 42
2 15 42
-1
-1
-1
-1
-1
0 14 42
1 14 43
4 14 44
2 13 44
2 12 44
2 11 44
2 10 44
2 9 44
2 8 44
2 7 44
2 6 44
2 5 44
2 4 44
2 3 44
0 2 44
1 32 4
1 32 5
1 32 6
1 32 7
1 32 8
3 32 9
-1
-1
-1
0 33 9
1 26 34
1 26 33
1 26 32
1 26 31
6 26 30
2 27 30
4 28 30
1 28 29
1 28 28
1 28 27
1 28 26
6 28 25
2 29 25
2 30 25
2 31 25
0 32 25
2 25 35
2 24 35
2 23 35
2 22 35
3 21 35
1 21 34
0 21 33
0 33 29
2 36 28
2 37 28
4 38 28
1 38 27
1 38 26
1 38 25
1 38 24
1 38 23
1 38 22
0 38 21
2 31 3
2 30 3
0 29 3
0 35 3
3 2 45
2 3 45
2 4 45
2 5 45
2 6 45
0 7 45
0 38 25
1 29 4
4 29 5
6 28 5
4 28 6
0 27 6
1 2 43
1 2 42
0 2 41
1 24 46
4 24 47
2 23 47
2 22 47
6 21 47
4 21 48
0 20 48
1 27 7
1 27 8
4 27 9
2 26 9
2 25 9
0 24 9
0 12 44
0 35 25
0 17 42
5 24 8
2 23 8
3 22 8
5 22 7
2 21 7
0 20 7
1 20 6
1 20 5
0 20 4
0 28 27
0 30 33
1 12 45
1 12 46
1 12 47
0 12 48
4 20 8
2 19 8
2 18 8
2 17 8
2 16 8
2 15 8
0 14 8
0 24 47
0 21 35
1 33 30
3 33 31
0 34 31
0 35 6
0 26 39
2 13 8
2 12 8
2 11 8
2 10 8
0 9 8
1 9 7
0 9 6
1 20 47
0 20 46
2 8 6
2 7 6
0 6 6
2 35 31
0 36 31
0 26 44
1 9 9
1 9 10
1 9 11
3 9 12
2 10 12
5 11 12
1 11 13
1 11 14
0 11 15
0 31 29
0 9 12
1 32 24
0 32 23
1 36 32
1 36 33
1 36 34
1 36 35
1 36 36
1 36 37
1 36 38
0 36 39
0 26 31
0 20 3
1 11 16
0 11 17
2 37 39
2 38 39
2 39 39
2 40 39
0 41 39
0 22 42
2 8 12
2 7 12
2 6 12
0 5 12
2 42 39
2 43 39
2 44 39
2 45 39
2 46 39
0 47 39
1 47 40
0 47 41
1 41 40
1 41 41
1 41 42
1 41 43
0 41 44
0 26 41
1 5 13
1 5 14
1 5 15
1 5 16
1 5 17
1 5 18
0 5 19
1 41 45
0 41 46
0 38 28
0 27 9
2 4 19
0 3 19
2 12 15
2 13 15
2 14 15
2 15 15
0 16 15
1 47 38
1 47 37
1 47 36
1 47 35
0 47 34
2 28 3
2 27 3
0 26 3
3 27 27
1 27 26
1 27 25
1 27 24
0 27 23
1 47 42
1 47 43
1 47 44
0 47 45
2 39 25
0 40 25
0 48 34
2 26 23
2 25 23
2 24 23
0 23 23
0 23 22
1 23 24
0 23 25
2 40 44
2 39 44
0 38 44
3 41 47
5 42 47
0 42 48
1 23 21
1 23 20
1 23 19
0 23 18
2 13 48
0 14 48
2 20 33
2 19 33
2 18 33
0 17 33
0 20 35
0 48 45
4 33 10
2 32 10
0 31 10
1 34 32
1 34 33
0 34 34
0 17 32
1 20 2
5 20 1
0 19 1
0 35 12
1 16 16
1 16 17
1 16 18
0 16 19
1 16 20
0 16 21
0 17 21
0 26 38
1 5 20
0 5 21
0 38 43
2 17 15
2 18 15
0 19 15
2 37 21
6 36 21
0 36 22
2 25 47
2 26 47
2 27 47
0 28 47
0 32 7
1 27 22
1 27 21
0 27 20
1 24 10
1 24 11
0 24 12
5 22 41
0 21 41
0 36 37
0 30 35
1 5 22
1 5 23
1 5 24
0 5 25
2 6 25
2 7 25
2 8 25
2 9 25
2 10 25
0 11 25
0 22 18
2 42 44
0 43 44
1 11 26
1 11 27
0 11 28
2 36 12
0 37 12
0 10 28
5 37 31
3 37 32
0 38 32
2 6 21
0 7 21
2 22 23
2 21 23
0 20 23
2 38 12
0 39 12
2 36 6
0 37 6
2 19 46
0 18 46
2 28 20
2 29 20
4 30 20
0 30 19
1 21 32
0 21 31
0 19 8
0 20 45
1 32 2
0 32 1
1 17 31
1 17 30
0 17 29
4 42 49
2 41 49
2 40 49
0 39 49
0 19 9
1 10 29
1 10 30
1 10 31
1 10 32
0 10 33
4 38 45
2 37 45
2 36 45
0 35 45
0 11 12
0 24 18
0 31 19
1 10 34
4 10 35
2 9 35
0 8 35
1 38 20
6 38 19
0 39 19
3 28 48
2 29 48
2 30 48
0 31 48
0 47 38
0 40 19
1 41 38
1 41 37
0 41 36
5 8 34
2 7 34
0 6 34
6 39 11
2 40 11
2 41 11
2 42 11
2 43 11
2 44 11
0 45 11
2 46 11
2 47 11
0 48 11
0 23 26
1 45 10
1 45 9
0 45 8
0 14 49
4 36 40
2 35 40
0 34 40
3 34 45
5 34 44
0 33 44
5 6 5
2 5 5
2 4 5
0 3 5
1 45 12
0 45 13
0 15 19
1 20 24
4 20 25
0 19 25
6 45 7
2 46 7
4 47 7
1 47 6
0 47 5
0 47 7
2 43 48
0 44 48
1 16 14
1 16 13
0 16 12
2 2 5
0 1 5
4 45 14
2 44 14
2 43 14
0 42 14
2 3 41
2 4 41
0 5 41
2 18 25
2 17 25
0 16 25
1 2 40
1 2 39
1 2 38
5 2 37
0 1 37
1 8 36
1 8 37
0 8 38
3 44 49
2 45 49
2 46 49
0 47 49
2 46 34
3 45 34
1 45 33
0 45 32
2 41 19
2 42 19
2 43 19
2 44 19
2 45 19
0 46 19
1 46 18
6 46 17
0 47 17
1 35 2
6 35 1
2 36 1
2 37 1
0 38 1
0 39 1
0 10 31
3 23 12
0 23 11
1 27 19
1 27 18
1 27 17
0 27 16
1 21 40
6 21 39
0 22 39
1 1 4
1 1 3
0 1 2
2 46 5
2 45 5
0 44 5
1 14 41
1 14 40
1 14 39
1 14 38
6 14 37
0 15 37
3 9 31
0 9 30
1 45 31
1 45 30
1 45 29
5 45 28
0 44 28
1 3 6
1 3 7
1 3 8
0 3 9
6 1 44
1 1 45
1 1 46
3 1 47
0 2 47
2 46 41
0 45 41
1 37 13
1 37 14
4 37 15
0 36 15
1 46 20
1 46 21
3 46 22
2 47 22
2 48 22
0 49 22
0 45 34
1 9 5
1 9 4
1 9 3
6 9 2
0 10 2
1 49 23
1 49 24
1 49 25
0 49 26
2 25 31
0 24 31
1 10 3
3 10 4
0 11 4
1 9 13
4 9 14
2 8 14
0 7 14
1 6 33
1 6 32
5 6 31
0 5 31
-1
-1
-1
-1
-1
-1
-1
-1
-1
-1
-1
-1
-1
-1
-1
-1
-1
-1
-1
-1
-1
-1
-1
-1
-1
-1
-1
-1
-1
-1
-1
-1
-1
-1
-1
-1
-1
-1
-1
-1
-1
-1
-1
-1
-1
-1
-1
-1
-1
-1
-1
-1
-1
-1
-1
-1
-1
-1
-1
-1
-1
-1
-1
-1
-1
-1
-1
-1
-1
-1
-1
-1
-1
-1
-1
-1
-1
-1
-1
-1
-1
-1
-1
-1
-1
-1
-1
-1
-1
-1
-1
-1
-1
-1
-1
-1
-1
-1
-1
-1
-1
-1
-1
-1
-1
-1
-1
-1
-1
-1
-1
-1
-1
-1
-1
-1
-1
-1
-1
-1
-1
-1
-1
-1
-1
-1
-1
-1
-1
-1
-1
-1
-1
-1
-1
-1
-1
-1
-1
-1
-1
-1
-1
-1
-1
-1
-1
-1
-1
-1
-1
-1
-1
-1
-1
-1
-1
-1
-1
-1
-1
-1
-1
-1
-1
-1
-1
-1
-1
-1
-1
-1
-1
-1
-1
-1
-1
-1
-1
-1
