0 3 19
2 4 19
2 5 19
2 6 19
2 7 19
2 8 19
2 9 19
2 10 19
2 11 19
2 12 19
2 13 19
2 14 19
2 15 19
2 16 19
2 17 19
2 18 19
2 19 19
2 20 19
2 21 19
2 22 19
2 23 19
2 24 19
2 25 19
2 26 19
2 27 19
2 28 19
2 29 19
2 30 19
2 31 19
2 32 19
2 33 19
2 34 19
2 35 19
2 36 19
2 37 19
2 38 19
2 39 19
2 40 19
0 41 19
1 41 20
1 41 21
1 41 22
1 41 23
1 41 24
1 41 25
1 41 26
4 41 27
6 40 27
1 40 28
1 40 29
1 40 30
-1
-1
-1
-1
-1
-1
-1
-1
-1
-1
-1
-1
-1
-1
-1
-1
-1
-1
-1
-1
-1
-1
-1
-1
-1
-1
-1
-1
-1
-1
-1
-1
-1
-1
-1
-1
-1
-1
-1
-1
0 40 31
1 3 18
1 3 17
1 3 16
1 3 15
5 3 14
-1
-1
-1
-1
-1
-1
-1
-1
-1
-1
-1
-1
0 2 14
2 41 31
2 42 31
2 43 31
2 44 31
2 45 31
2 46 31
4 47 31
1 47 30
1 47 29
-1
-1
-1
0 47 28
1 2 13
1 2 12
6 2 11
2 3 11
2 4 11
-1
-1
0 5 11
2 39 31
2 38 31
2 37 31
2 36 31
2 35 31
2 34 31
2 33 31
2 32 31
3 31 31
1 31 30
5 31 29
2 30 29
2 29 29
0 28 29
0 40 27
2 2 19
6 1 19
1 1 20
1 1 21
0 1 22
1 40 26
5 40 25
3 39 25
5 39 24
2 38 24
2 37 24
2 36 24
0 35 24
1 5 10
1 5 9
0 5 8
3 40 32
2 41 32
2 42 32
0 43 32
0 3 14
2 6 8
2 7 8
0 8 8
2 9 8
2 10 8
2 11 8
2 12 8
2 13 8
2 14 8
2 15 8
2 16 8
2 17 8
2 18 8
0 19 8
4 20 8
1 20 7
6 20 6
2 21 6
2 22 6
0 23 6
0 38 19
0 47 31
0 22 19
1 23 5
6 23 4
2 24 4
2 25 4
0 26 4
0 31 31
0 31 19
0 1 19
1 26 5
3 26 6
2 27 6
2 28 6
2 29 6
0 30 6
1 30 7
1 30 8
0 30 9
1 47 32
1 47 33
0 47 34
0 25 19
5 4 14
3 4 15
2 5 15
0 6 15
0 6 16
0 37 31
0 28 28
0 13 8
0 2 11
1 47 35
0 47 36
1 37 32
1 37 33
1 37 34
1 37 35
0 37 36
1 13 7
0 13 6
0 14 6
2 7 15
2 8 15
0 9 15
0 38 36
1 26 3
0 26 2
0 8 9
0 21 19
1 1 18
0 1 17
1 37 30
0 37 29
0 30 10
0 41 24
6 25 18
4 26 18
0 26 17
1 26 16
1 26 15
0 26 14
0 37 24
0 8 19
1 13 9
3 13 10
0 14 10
1 14 5
0 14 4
0 48 36
2 27 29
0 26 29
1 38 37
1 38 38
0 38 39
0 13 19
0 35 19
2 42 19
0 43 19
0 36 36
0 14 11
2 31 6
0 32 6
0 4 19
1 1 23
3 1 24
0 2 24
1 19 9
1 19 10
3 19 11
0 20 11
1 5 7
1 5 6
5 5 5
0 4 5
1 20 12
0 20 13
2 31 9
2 32 9
2 33 9
2 34 9
0 35 9
0 34 24
1 48 37
1 48 38
0 48 39
0 38 18
0 27 14
2 25 29
2 24 29
0 23 29
1 35 10
1 35 11
0 35 12
1 48 40
1 48 41
0 48 42
1 35 13
0 35 14
0 20 6
1 43 18
1 43 17
1 43 16
0 43 15
1 23 28
1 23 27
0 23 26
1 23 25
0 23 24
1 20 5
1 20 4
1 20 3
0 20 2
0 15 4
0 1 14
1 13 18
1 13 17
0 13 16
0 43 33
2 42 15
2 41 15
0 40 15
0 1 11
2 36 9
0 37 9
1 1 10
1 1 9
0 1 8
2 3 24
2 4 24
2 5 24
0 6 24
1 6 25
1 6 26
3 6 27
0 7 27
0 47 27
0 32 31
6 37 8
4 38 8
6 38 7
2 39 7
0 40 7
1 40 6
1 40 5
6 40 4
0 41 4
1 7 28
1 7 29
1 7 30
0 7 31
2 8 31
2 9 31
2 10 31
0 11 31
2 33 24
0 32 24
2 12 31
2 13 31
0 14 31
1 9 14
0 9 13
1 41 3
0 41 2
0 15 31
2 16 31
0 17 31
0 38 8
1 2 25
1 2 26
0 2 27
6 47 39
4 47 40
2 46 40
2 45 40
0 44 40
1 44 41
1 44 42
1 44 43
1 44 44
1 44 45
1 44 46
0 44 47
2 40 2
0 39 2
5 42 24
3 42 25
0 43 25
0 13 20
1 26 30
1 26 31
1 26 32
0 26 33
2 25 33
2 24 33
2 23 33
0 22 33
2 45 47
0 46 47
4 39 3
0 38 3
1 13 21
4 13 22
0 12 22
1 12 23
1 12 24
0 12 25
0 13 25
6 43 14
2 44 14
2 45 14
0 46 14
0 3 27
4 20 14
0 19 14
2 13 4
2 12 4
0 11 4
1 44 39
0 44 38
2 35 36
2 34 36
0 33 36
2 22 29
0 21 29
0 11 25
3 25 20
2 26 20
5 27 20
0 27 21
1 23 23
0 23 22
0 35 18
6 46 28
4 46 29
2 45 29
0 44 29
1 28 27
6 28 26
0 29 26
1 11 3
0 11 2
2 14 16
0 15 16
5 39 36
0 39 37
1 23 7
1 23 8
3 23 9
0 24 9
1 6 23
0 6 22
4 44 25
6 44 24
0 45 24
2 3 5
2 2 5
0 1 5
0 44 44
1 35 23
0 35 22
3 26 34
5 27 34
1 27 35
3 27 36
0 28 36
1 28 37
1 28 38
1 28 39
0 28 40
1 28 41
4 28 42
0 27 42
0 9 12
1 11 32
0 11 33
2 41 7
2 42 7
0 43 7
3 13 26
2 14 26
2 15 26
2 16 26
0 17 26
5 21 13
3 21 14
0 22 14
1 11 34
1 11 35
0 11 36
0 43 8
0 16 8
0 18 31
5 29 40
3 29 41
0 30 41
1 40 14
1 40 13
0 40 12
1 7 32
1 7 33
0 7 34
1 17 25
1 17 24
1 17 23
6 17 22
0 18 22
2 29 10
2 28 10
0 27 10
1 32 25
3 32 26
5 33 26
0 33 27
1 46 13
0 46 12
1 38 40
1 38 41
1 38 42
3 38 43
0 39 43
0 28 42
4 22 34
0 21 34
2 11 22
0 10 22
0 39 44
1 15 17
0 15 18
3 11 37
2 12 37
0 13 37
2 31 10
0 32 10
2 6 34
2 5 34
2 4 34
0 3 34
1 3 35
4 3 36
0 2 36
1 2 37
1 2 38
1 2 39
0 2 40
6 32 5
2 33 5
2 34 5
0 35 5
4 21 35
2 20 35
2 19 35
0 18 35
1 18 36
1 18 37
1 18 38
0 18 39
0 7 28
2 42 2
2 43 2
2 44 2
2 45 2
2 46 2
0 47 2
1 31 18
1 31 17
0 31 16
1 13 38
1 13 39
1 13 40
4 13 41
2 12 41
0 11 41
1 45 23
6 45 22
2 46 22
2 47 22
2 48 22
4 49 22
0 49 21
2 27 40
2 26 40
2 25 40
0 24 40
1 18 40
3 18 41
0 19 41
2 27 2
2 28 2
2 29 2
4 30 2
0 30 1
1 2 41
4 2 42
0 1 42
1 1 43
1 1 44
1 1 45
3 1 46
2 2 46
2 3 46
2 4 46
2 5 46
0 6 46
1 30 42
1 30 43
1 30 44
3 30 45
2 31 45
0 32 45
4 6 47
0 5 47
1 8 7
6 8 6
0 9 6
1 43 6
6 43 5
2 44 5
0 45 5
-1
-1
-1
-1
-1
-1
-1
-1
-1
-1
-1
-1
-1
-1
-1
-1
-1
-1
-1
-1
-1
-1
-1
-1
-1
-1
-1
-1
-1
-1
-1
-1
-1
-1
-1
-1
-1
-1
-1
-1
-1
-1
-1
-1
-1
-1
-1
-1
-1
-1
-1
-1
-1
-1
-1
-1
-1
-1
-1
-1
-1
-1
-1
-1
-1
-1
-1
-1
-1
-1
-1
-1
-1
-1
-1
-1
-1
-1
-1
-1
-1
-1
-1
-1
-1
-1
-1
-1
-1
-1
-1
-1
-1
-1
-1
-1
-1
-1
-1
-1
-1
-1
-1
-1
-1
-1
-1
-1
-1
-1
-1
-1
-1
-1
-1
-1
-1
-1
-1
-1
-1
-1
-1
-1
-1
-1
-1
-1
-1
-1
-1
-1
-1
-1
-1
-1
-1
-1
-1
-1
-1
-1
-1
-1
-1
-1
-1
-1
-1
-1
-1
-1
-1
-1
-1
-1
-1
-1
-1
-1
-1
-1
-1
-1
-1
-1
-1
-1
-1
-1
-1
-1
-1
