0 46 21
2 45 21
2 44 21
2 43 21
2 42 21
2 41 21
2 40 21
2 39 21
2 38 21
2 37 21
2 36 21
2 35 21
2 34 21
2 33 21
2 32 21
2 31 21
2 30 21
2 29 21
2 28 21
2 27 21
2 26 21
2 25 21
2 24 21
2 23 21
2 22 21
2 21 21
2 20 21
2 19 21
2 18 21
2 17 21
2 16 21
2 15 21
2 14 21
2 13 21
2 12 21
6 11 21
1 11 22
1 11 23
1 11 24
4 11 25
6 10 25
0 10 26
-1
-1
-1
-1
-1
-1
-1
-1
-1
-1
-1
-1
0 11 21
1 46 20
1 46 19
1 46 18
1 46 17
1 46 16
5 46 15
-1
-1
-1
-1
-1
-1
-1
-1
-1
-1
-1
-1
-1
-1
-1
-1
-1
-1
-1
-1
-1
-1
0 45 15
1 46 22
1 46 23
1 46 24
1 46 25
1 46 26
1 46 27
-1
-1
-1
-1
-1
-1
-1
-1
-1
-1
-1
-1
-1
0 46 28
1 46 29
1 46 30
1 46 31
1 46 32
1 46 33
4 46 34
2 45 34
2 44 34
2 43 34
2 42 34
2 41 34
-1
-1
-1
-1
-1
0 40 34
1 40 35
1 40 36
1 40 37
1 40 38
4 40 39
2 39 39
2 38 39
2 37 39
2 36 39
2 35 39
2 34 39
-1
-1
-1
0 33 39
-1
-1
-1
-1
-1
-1
-1
-1
-1
-1
0 16 21
-1
-1
-1
-1
-1
-1
-1
-1
0 40 37
1 10 27
1 10 28
4 10 29
-1
-1
-1
-1
0 9 29
5 41 37
3 41 38
5 42 38
1 42 39
1 42 40
1 42 41
3 42 42
2 43 42
2 44 42
0 45 42
5 11 26
1 11 27
1 11 28
3 11 29
2 12 29
2 13 29
2 14 29
0 15 29
1 33 38
1 33 37
1 33 36
5 33 35
0 32 35
1 9 30
1 9 31
1 9 32
1 9 33
1 9 34
1 9 35
4 9 36
2 8 36
0 7 36
1 45 14
1 45 13
6 45 12
2 46 12
0 47 12
3 9 26
5 9 25
3 8 25
5 8 24
0 7 24
1 32 34
6 32 33
4 33 33
0 33 32
1 45 43
1 45 44
1 45 45
4 45 46
0 44 46
1 15 30
1 15 31
3 15 32
2 16 32
5 17 32
1 17 33
1 17 34
0 17 35
2 32 39
6 31 39
4 31 40
0 30 40
-1
0 46 23
1 15 28
5 15 27
3 14 27
1 14 26
0 14 25
2 44 15
2 43 15
0 42 15
1 17 36
1 17 37
0 17 38
3 17 39
5 18 39
1 18 40
3 18 41
2 19 41
0 20 41
0 9 32
2 32 32
2 31 32
2 30 32
0 29 32
1 20 42
1 20 43
3 20 44
5 21 44
1 21 45
0 21 46
0 26 21
1 21 47
3 21 48
2 22 48
2 23 48
2 24 48
2 25 48
0 26 48
0 46 34
0 35 21
2 10 21
0 9 21
1 7 37
1 7 38
0 7 39
1 26 20
1 26 19
0 26 18
0 18 40
5 30 39
2 29 39
2 28 39
0 27 39
0 10 32
1 27 40
1 27 41
1 27 42
0 27 43
0 7 40
2 45 23
2 44 23
0 43 23
2 17 40
0 16 40
2 21 41
0 22 41
2 27 18
0 28 18
0 42 40
1 28 17
1 28 16
1 28 15
0 28 14
3 28 19
2 29 19
2 30 19
0 31 19
3 7 41
2 8 41
2 9 41
0 10 41
0 38 39
0 12 29
0 17 32
1 28 13
1 28 12
1 28 11
5 28 10
0 27 10
1 27 9
1 27 8
0 27 7
6 14 24
2 15 24
2 16 24
2 17 24
0 18 24
2 29 14
2 30 14
0 31 14
0 10 25
1 46 35
1 46 36
3 46 37
0 47 37
0 46 27
6 27 6
2 28 6
2 29 6
0 30 6
1 33 40
1 33 41
3 33 42
0 34 42
1 29 31
1 29 30
0 29 29
2 26 10
2 25 10
2 24 10
2 23 10
0 22 10
3 34 43
0 35 43
1 43 24
4 43 25
0 42 25
1 35 44
1 35 45
1 35 46
1 35 47
0 35 48
4 7 25
2 6 25
0 5 25
1 22 40
1 22 39
1 22 38
1 22 37
0 22 36
0 22 11
4 47 21
1 47 20
0 47 19
1 35 22
1 35 23
0 35 24
0 42 34
1 27 38
6 27 37
0 28 37
1 26 22
4 26 23
2 25 23
0 24 23
2 45 28
0 44 28
2 39 34
2 38 34
0 37 34
1 9 20
0 9 19
1 9 18
1 9 17
1 9 16
1 9 15
1 9 14
1 9 13
0 9 12
2 8 12
0 7 12
1 22 35
1 22 34
0 22 33
1 22 9
1 22 8
1 22 7
1 22 6
1 22 5
1 22 4
0 22 3
3 34 48
5 34 47
2 33 47
0 32 47
1 35 20
6 35 19
2 36 19
0 37 19
1 22 12
1 22 13
4 22 14
2 21 14
2 20 14
2 19 14
0 18 14
0 21 44
2 8 19
2 7 19
2 6 19
0 5 19
0 14 27
1 10 42
1 10 43
1 10 44
3 10 45
2 11 45
0 12 45
0 44 29
6 8 29
4 8 30
2 7 30
2 6 30
2 5 30
0 4 30
1 37 33
1 37 32
1 37 31
1 37 30
0 37 29
3 24 24
2 25 24
0 26 24
2 36 43
2 37 43
2 38 43
0 39 43
2 28 29
2 27 29
6 26 29
0 26 30
6 21 3
1 21 4
4 21 5
6 20 5
4 20 6
2 19 6
2 18 6
2 17 6
2 16 6
0 15 6
1 31 13
6 31 12
2 32 12
4 33 12
6 33 11
0 34 11
0 35 11
2 21 10
0 20 10
3 18 25
2 19 25
0 20 25
0 46 37
2 20 46
2 19 46
2 18 46
6 17 46
0 17 47
1 35 25
1 35 26
4 35 27
2 34 27
0 33 27
2 36 24
2 37 24
0 38 24
1 30 7
1 30 8
1 30 9
1 30 10
0 30 11
4 12 46
2 11 46
2 10 46
2 9 46
0 8 46
1 4 31
1 4 32
1 4 33
4 4 34
2 3 34
0 2 34
-1
-1
-1
-1
-1
-1
-1
-1
-1
-1
-1
-1
-1
-1
-1
-1
-1
-1
-1
-1
-1
-1
-1
-1
-1
-1
-1
-1
-1
-1
-1
-1
-1
-1
-1
-1
-1
-1
-1
-1
-1
-1
-1
-1
-1
-1
-1
-1
-1
-1
-1
-1
-1
-1
-1
-1
-1
-1
-1
-1
-1
-1
-1
-1
-1
-1
-1
-1
-1
-1
-1
-1
-1
-1
-1
-1
-1
-1
-1
-1
-1
-1
-1
-1
-1
-1
-1
-1
-1
-1
-1
-1
-1
-1
-1
-1
-1
-1
-1
-1
-1
-1
-1
-1
-1
-1
-1
-1
-1
-1
-1
-1
-1
-1
-1
-1
-1
-1
-1
-1
-1
-1
-1
-1
-1
-1
-1
-1
-1
-1
-1
-1
-1
-1
-1
-1
-1
-1
-1
-1
-1
-1
-1
-1
-1
-1
-1
-1
-1
-1
-1
-1
-1
-1
-1
-1
-1
-1
-1
-1
-1
-1
-1
-1
-1
-1
-1
-1
-1
-1
-1
-1
-1
-1
-1
-1
-1
-1
-1
-1
-1
-1
-1
-1
-1
-1
-1
-1
-1
-1
-1
-1
-1
-1
-1
-1
-1
-1
-1
-1
-1
-1
-1
-1
-1
-1
-1
-1
-1
-1
-1
-1
-1
-1
-1
-1
-1
-1
-1
-1
-1
-1
-1
-1
-1
-1
-1
-1
-1
-1
-1
-1
-1
-1
-1
-1
-1
-1
-1
-1
-1
-1
-1
-1
-1
-1
-1
-1
-1
-1
-1
-1
-1
-1
-1
-1
-1
-1
-1
-1
-1
-1
-1
-1
-1
-1
-1
-1
-1
-1
-1
-1
-1
-1
-1
-1
-1
-1
-1
-1
-1
-1
-1
-1
-1
-1
-1
-1
-1
-1
