0 39 28
2 38 28
2 37 28
2 36 28
2 35 28
2 34 28
2 33 28
2 32 28
2 31 28
2 30 28
2 29 28
2 28 28
2 27 28
2 26 28
2 25 28
2 24 28
2 23 28
2 22 28
3 21 28
5 21 27
2 20 27
2 19 27
2 18 27
2 17 27
2 16 27
2 15 27
2 14 27
2 13 27
2 12 27
3 11 27
5 11 26
2 10 26
2 9 26
2 8 26
3 7 26
1 7 25
0 7 24
1 39 27
5 39 26
3 38 26
5 38 25
3 37 25
1 37 24
1 37 23
1 37 22
5 37 21
0 36 21
1 7 23
1 7 22
1 7 21
1 7 20
1 7 19
1 7 18
1 7 17
1 7 16
1 7 15
1 7 14
1 7 13
1 7 12
1 7 11
1 7 10
1 7 9
1 7 8
1 7 7
1 7 6
5 7 5
2 6 5
-1
-1
-1
-1
-1
-1
-1
-1
-1
-1
-1
-1
-1
-1
-1
-1
-1
-1
0 5 5
1 39 29
4 39 30
2 38 30
2 37 30
6 36 30
1 36 31
1 36 32
1 36 33
4 36 34
2 35 34
2 34 34
6 33 34
4 33 35
2 32 35
6 31 35
1 31 36
1 31 37
1 31 38
4 31 39
2 30 39
2 29 39
2 28 39
2 27 39
2 26 39
6 25 39
1 25 40
1 25 41
1 25 42
1 25 43
1 25 44
1 25 45
1 25 46
1 25 47
0 25 48
3 35 21
1 35 20
5 35 19
2 34 19
2 33 19
3 32 19
1 32 18
1 32 17
1 32 16
1 32 15
1 32 14
1 32 13
1 32 12
1 32 11
1 32 10
1 32 9
0 32 8
5 40 28
1 40 29
1 40 30
3 40 31
2 41 31
5 42 31
1 42 32
-1
0 42 33
1 36 22
1 36 23
1 36 24
4 36 25
2 35 25
2 34 25
2 33 25
-1
0 32 25
6 5 4
2 6 4
2 7 4
5 8 4
1 8 5
1 8 6
1 8 7
0 8 8
6 36 20
2 37 20
2 38 20
5 39 20
1 39 21
1 39 22
3 39 23
2 40 23
5 41 23
1 41 24
0 41 25
3 4 5
1 4 4
1 4 3
6 4 2
2 5 2
2 6 2
0 7 2
0 31 35
1 42 34
3 42 35
2 43 35
2 44 35
2 45 35
2 46 35
0 47 35
1 31 34
5 31 33
2 30 33
2 29 33
0 28 33
0 7 12
2 8 12
2 9 12
5 10 12
1 10 13
1 10 14
1 10 15
0 10 16
0 32 19
2 33 8
0 34 8
2 35 8
2 36 8
2 37 8
2 38 8
2 39 8
2 40 8
0 41 8
0 25 39
0 36 28
1 34 7
1 34 6
0 34 5
1 41 7
1 41 6
6 41 5
2 42 5
0 43 5
0 7 15
1 43 4
1 43 3
0 43 2
0 32 13
1 47 36
0 47 37
2 27 33
2 26 33
2 25 33
0 24 33
0 4 2
0 11 26
0 9 8
1 10 17
3 10 18
2 11 18
0 12 18
1 12 19
0 12 20
0 42 31
0 7 23
0 31 28
2 44 5
2 45 5
2 46 5
0 47 5
2 8 23
0 9 23
0 31 29
0 32 17
0 7 22
1 47 4
6 47 3
0 48 3
0 41 23
0 34 34
0 25 28
0 37 25
1 25 27
1 25 26
1 25 25
0 25 24
0 3 2
0 38 20
1 47 38
4 47 39
2 46 39
2 45 39
0 44 39
0 21 28
0 8 4
0 17 27
6 43 39
1 43 40
1 43 41
4 43 42
2 42 42
0 41 42
0 31 8
2 6 23
2 5 23
0 4 23
0 39 8
1 4 24
1 4 25
1 4 26
4 4 27
2 3 27
0 2 27
1 2 28
1 2 29
0 2 30
0 41 9
1 2 31
1 2 32
0 2 33
2 30 8
2 29 8
0 28 8
1 28 32
0 28 31
1 41 43
0 41 44
0 11 27
0 27 31
0 30 39
0 25 42
2 42 23
2 43 23
0 44 23
1 44 22
1 44 21
6 44 20
0 45 20
0 42 34
1 45 19
1 45 18
1 45 17
0 45 16
1 17 28
1 17 29
1 17 30
0 17 31
1 28 7
1 28 6
0 28 5
4 17 32
0 16 32
2 15 32
2 14 32
0 13 32
1 43 1
5 43 0
2 42 0
2 41 0
0 40 0
1 34 4
0 34 3
0 7 7
2 27 8
2 26 8
2 25 8
0 24 8
2 24 48
2 23 48
2 22 48
0 21 48
0 24 7
2 8 2
0 9 2
1 41 10
1 41 11
0 41 12
0 40 12
0 24 6
1 2 34
3 2 35
2 3 35
0 4 35
1 28 9
0 28 10
1 47 34
1 47 33
1 47 32
1 47 31
0 47 30
4 5 6
6 4 6
1 4 7
1 4 8
4 4 9
2 3 9
0 2 9
1 12 21
3 12 22
0 13 22
1 4 36
1 4 37
1 4 38
3 4 39
2 5 39
0 6 39
2 35 3
2 36 3
0 37 3
2 13 18
2 14 18
2 15 18
0 16 18
2 7 39
2 8 39
2 9 39
2 10 39
2 11 39
0 12 39
5 21 47
0 20 47
0 44 16
2 17 18
2 18 18
0 19 18
0 10 12
5 24 32
0 23 32
0 38 19
1 45 15
0 45 14
4 13 33
2 12 33
2 11 33
2 10 33
0 9 33
5 38 18
3 37 18
0 37 17
1 24 34
1 24 35
4 24 36
0 23 36
2 22 36
2 21 36
0 20 36
1 9 32
5 9 31
0 8 31
2 24 24
0 23 24
0 45 35
0 40 30
1 28 4
1 28 3
0 28 2
2 11 12
2 12 12
0 13 12
1 20 37
1 20 38
1 20 39
1 20 40
0 20 41
2 33 13
2 34 13
0 35 13
2 40 44
2 39 44
0 38 44
2 38 3
0 39 3
5 13 39
1 13 40
3 13 41
2 14 41
0 15 41
1 40 13
1 40 14
0 40 15
3 41 45
2 42 45
2 43 45
2 44 45
2 45 45
0 46 45
0 3 3
0 45 13
6 41 34
1 41 35
1 41 36
4 41 37
0 40 37
0 39 22
0 25 27
0 4 6
1 46 46
1 46 47
1 46 48
3 46 49
0 47 49
2 22 24
2 21 24
0 20 24
0 35 21
5 31 27
2 30 27
0 29 27
0 37 44
6 28 1
2 29 1
0 30 1
2 6 15
2 5 15
2 4 15
2 3 15
2 2 15
0 1 15
0 40 8
1 34 35
1 34 36
0 34 37
0 36 30
1 24 5
5 24 4
2 23 4
2 22 4
2 21 4
2 20 4
0 19 4
1 47 29
0 47 28
4 12 40
2 11 40
0 10 40
1 10 41
1 10 42
1 10 43
1 10 44
0 10 45
2 39 12
0 38 12
1 30 40
1 30 41
3 30 42
2 31 42
0 32 42
1 47 27
1 47 26
6 47 25
2 48 25
0 49 25
2 19 36
2 18 36
0 17 36
1 32 43
1 32 44
1 32 45
0 32 46
1 47 6
1 47 7
0 47 8
2 46 20
0 47 20
1 28 11
0 28 12
1 32 24
5 32 23
0 31 23
1 47 9
0 47 10
4 2 10
2 1 10
0 0 10
0 43 31
4 19 5
2 18 5
2 17 5
2 16 5
2 15 5
0 14 5
6 31 17
4 31 18
2 30 18
2 29 18
2 28 18
0 27 18
4 27 19
2 26 19
2 25 19
0 24 19
3 44 40
2 45 40
2 46 40
0 47 40
2 14 12
2 15 12
2 16 12
2 17 12
2 18 12
0 19 12
5 27 17
3 26 17
1 26 16
0 26 15
1 10 46
1 10 47
3 10 48
5 11 48
3 11 49
2 12 49
0 13 49
2 9 45
3 8 45
5 8 44
2 7 44
2 6 44
2 5 44
2 4 44
2 3 44
0 2 44
1 2 45
1 2 46
1 2 47
3 2 48
0 3 48
0 6 2
1 1 16
3 1 17
2 2 17
0 3 17
6 1 33
1 1 34
1 1 35
1 1 36
3 1 37
2 2 37
0 3 37
-1
-1
-1
-1
-1
-1
-1
-1
-1
-1
-1
-1
-1
-1
-1
-1
-1
-1
-1
-1
-1
-1
-1
-1
-1
-1
-1
-1
-1
-1
-1
-1
-1
-1
-1
-1
-1
-1
-1
-1
-1
-1
-1
-1
-1
-1
-1
-1
-1
-1
-1
-1
-1
-1
-1
-1
-1
-1
-1
-1
-1
-1
-1
-1
-1
-1
-1
-1
-1
-1
-1
-1
-1
-1
-1
-1
-1
-1
-1
-1
-1
-1
-1
-1
-1
-1
-1
-1
-1
-1
-1
-1
-1
-1
-1
-1
-1
-1
-1
-1
-1
-1
-1
-1
-1
-1
-1
-1
-1
-1
-1
-1
-1
-1
-1
-1
-1
-1
-1
-1
-1
-1
-1
-1
-1
-1
-1
-1
-1
-1
-1
-1
-1
-1
-1
-1
-1
-1
-1
-1
-1
-1
-1
-1
-1
-1
-1
-1
-1
-1
-1
-1
-1
-1
-1
-1
-1
-1
-1
-1
-1
-1
-1
-1
-1
-1
-1
-1
-1
-1
-1
-1
-1
-1
-1
-1
-1
-1
-1
-1
-1
-1
-1
