0 29 41
2 30 41
2 31 41
2 32 41
2 33 41
4 34 41
1 34 40
1 34 39
1 34 38
6 34 37
2 35 37
2 36 37
4 37 37
1 37 36
1 37 35
1 37 34
1 37 33
1 37 32
6 37 31
2 38 31
4 39 31
1 39 30
1 39 29
1 39 28
1 39 27
1 39 26
1 39 25
1 39 24
6 39 23
2 40 23
4 41 23
1 41 22
6 41 21
2 42 21
2 43 21
2 44 21
0 45 21
6 45 20
4 46 20
1 46 19
1 46 18
1 46 17
6 46 16
-1
-1
-1
-1
-1
-1
-1
-1
-1
-1
-1
-1
-1
-1
-1
-1
-1
-1
-1
-1
-1
-1
-1
-1
-1
-1
-1
-1
-1
-1
-1
-1
-1
-1
-1
-1
-1
-1
-1
-1
-1
-1
-1
-1
-1
-1
-1
-1
-1
-1
-1
-1
-1
-1
-1
-1
-1
-1
-1
-1
-1
-1
-1
-1
-1
-1
-1
-1
-1
-1
-1
-1
-1
-1
-1
-1
-1
-1
-1
-1
-1
-1
-1
-1
-1
-1
-1
-1
-1
-1
-1
-1
-1
-1
-1
-1
-1
-1
-1
-1
-1
-1
-1
-1
-1
-1
-1
-1
-1
-1
-1
-1
-1
-1
-1
-1
-1
-1
-1
-1
-1
-1
0 47 16
2 28 41
-1
2 27 41
2 26 41
2 25 41
2 24 41
2 23 41
2 22 41
-1
2 21 41
2 20 41
2 19 41
2 18 41
2 17 41
-1
2 16 41
2 15 41
2 14 41
2 13 41
2 12 41
2 11 41
-1
2 10 41
3 9 41
1 9 40
5 9 39
2 8 39
2 7 39
-1
3 6 39
1 6 38
1 6 37
1 6 36
1 6 35
-1
1 6 34
-1
-1
-1
-1
-1
-1
-1
-1
-1
-1
-1
-1
-1
-1
-1
-1
-1
-1
-1
-1
-1
-1
-1
-1
-1
-1
-1
-1
-1
-1
-1
-1
-1
-1
-1
-1
-1
-1
-1
-1
-1
-1
-1
-1
-1
-1
-1
-1
-1
-1
-1
-1
-1
-1
-1
-1
-1
0 6 33
1 6 32
1 6 31
1 6 30
6 6 29
2 7 29
2 8 29
2 9 29
-1
-1
-1
-1
-1
-1
-1
-1
-1
-1
-1
-1
-1
-1
-1
-1
-1
-1
-1
-1
-1
0 10 29
1 47 15
1 47 14
1 47 13
1 47 12
1 47 11
1 47 10
5 47 9
2 46 9
2 45 9
2 44 9
2 43 9
2 42 9
2 41 9
2 40 9
3 39 9
1 39 8
1 39 7
5 39 6
2 38 6
2 37 6
2 36 6
2 35 6
3 34 6
1 34 5
5 34 4
2 33 4
2 32 4
2 31 4
2 30 4
2 29 4
2 28 4
0 27 4
1 29 42
1 29 43
1 29 44
1 29 45
3 29 46
2 30 46
2 31 46
2 32 46
2 33 46
2 34 46
2 35 46
-1
-1
-1
0 36 46
-1
-1
-1
-1
-1
-1
-1
-1
-1
-1
-1
0 9 40
6 27 3
2 28 3
2 29 3
2 30 3
2 31 3
2 32 3
2 33 3
2 34 3
2 35 3
2 36 3
2 37 3
2 38 3
2 39 3
0 40 3
-1
-1
-1
-1
-1
-1
-1
-1
0 37 37
1 10 28
1 10 27
1 10 26
1 10 25
1 10 24
1 10 23
1 10 22
1 10 21
1 10 20
1 10 19
1 10 18
6 10 17
0 11 17
1 36 45
6 36 44
2 37 44
2 38 44
0 39 44
2 5 33
3 4 33
1 4 32
1 4 31
1 4 30
1 4 29
5 4 28
2 3 28
0 2 28
1 11 16
1 11 15
1 11 14
1 11 13
1 11 12
1 11 11
1 11 10
1 11 9
1 11 8
1 11 7
1 11 6
1 11 5
0 11 4
1 11 3
6 11 2
2 12 2
2 13 2
2 14 2
2 15 2
2 16 2
0 17 2
1 2 27
1 2 26
1 2 25
6 2 24
0 3 24
0 45 9
0 39 9
1 39 45
1 39 46
1 39 47
3 39 48
2 40 48
0 41 48
4 10 40
1 10 39
1 10 38
1 10 37
0 10 36
-1
0 29 46
1 39 10
1 39 11
1 39 12
1 39 13
1 39 14
1 39 15
1 39 16
4 39 17
0 38 17
0 41 23
0 8 29
2 37 17
2 36 17
2 35 17
2 34 17
2 33 17
0 32 17
0 6 39
3 26 4
1 26 3
1 26 2
0 26 1
-1
0 6 37
1 27 5
1 27 6
4 27 7
0 26 7
2 12 17
2 13 17
0 14 17
1 26 8
1 26 9
1 26 10
1 26 11
1 26 12
0 26 13
6 10 35
2 11 35
2 12 35
2 13 35
2 14 35
0 15 35
0 47 9
0 4 33
1 15 34
1 15 33
6 15 32
2 16 32
0 17 32
0 38 6
0 34 41
5 3 23
2 2 23
2 1 23
0 0 23
2 5 37
2 4 37
2 3 37
0 2 37
2 25 13
2 24 13
2 23 13
2 22 13
0 21 13
6 39 43
2 40 43
0 41 43
2 27 1
2 28 1
2 29 1
2 30 1
2 31 1
0 32 1
1 45 22
3 45 23
2 46 23
0 47 23
1 21 14
0 21 15
1 26 14
1 26 15
1 26 16
1 26 17
1 26 18
1 26 19
0 26 20
2 25 7
2 24 7
2 23 7
2 22 7
0 21 7
0 40 9
1 26 21
1 26 22
1 26 23
1 26 24
1 26 25
0 26 26
2 25 26
2 24 26
0 23 26
1 34 42
4 34 43
0 33 43
1 26 27
1 26 28
1 26 29
1 26 30
1 26 31
0 26 32
0 26 33
1 0 22
1 0 21
1 0 20
6 0 19
0 1 19
0 29 43
0 39 31
3 38 18
2 39 18
2 40 18
0 41 18
6 1 18
2 2 18
2 3 18
2 4 18
2 5 18
0 6 18
1 41 42
1 41 41
6 41 40
2 42 40
0 43 40
2 27 32
2 28 32
2 29 32
2 30 32
0 31 32
1 21 8
4 21 9
2 20 9
2 19 9
2 18 9
2 17 9
0 16 9
1 41 19
4 41 20
2 40 20
2 39 20
2 38 20
0 37 20
1 6 17
1 6 16
1 6 15
0 6 14
-1
-1
-1
-1
-1
-1
-1
-1
-1
-1
-1
-1
-1
-1
-1
-1
-1
-1
-1
-1
-1
-1
-1
-1
-1
-1
-1
-1
-1
-1
-1
-1
-1
-1
-1
-1
-1
-1
-1
-1
-1
-1
-1
-1
-1
-1
-1
-1
-1
-1
-1
-1
-1
-1
-1
-1
-1
-1
-1
-1
-1
-1
-1
-1
-1
-1
-1
-1
-1
-1
-1
-1
-1
-1
-1
-1
-1
-1
-1
-1
-1
-1
-1
-1
-1
-1
-1
-1
-1
-1
-1
-1
-1
-1
-1
-1
-1
-1
-1
-1
-1
-1
-1
-1
-1
-1
-1
-1
-1
-1
-1
-1
-1
-1
-1
-1
-1
-1
-1
-1
-1
-1
-1
-1
-1
-1
-1
-1
-1
-1
-1
-1
-1
-1
-1
-1
-1
-1
-1
-1
-1
-1
-1
-1
-1
-1
-1
-1
-1
-1
-1
-1
-1
-1
-1
-1
-1
-1
-1
-1
-1
-1
-1
-1
-1
-1
-1
-1
-1
-1
-1
-1
-1
-1
-1
-1
-1
-1
-1
-1
-1
-1
-1
-1
-1
-1
-1
-1
-1
-1
-1
-1
-1
-1
-1
-1
-1
-1
-1
-1
-1
-1
-1
-1
-1
