0 6 15
1 6 16
1 6 17
1 6 18
1 6 19
1 6 20
1 6 21
1 6 22
1 6 23
1 6 24
1 6 25
1 6 26
1 6 27
3 6 28
5 7 28
1 7 29
1 7 30
1 7 31
1 7 32
1 7 33
1 7 34
1 7 35
1 7 36
1 7 37
1 7 38
1 7 39
0 7 40
1 6 14
1 6 13
5 6 12
2 5 12
3 4 12
0 4 11
2 8 40
4 9 40
1 9 39
6 9 38
2 10 38
2 11 38
2 12 38
4 13 38
1 13 37
6 13 36
2 14 36
2 15 36
2 16 36
2 17 36
4 18 36
1 18 35
6 18 34
2 19 34
2 20 34
2 21 34
2 22 34
2 23 34
-1
-1
-1
-1
-1
-1
-1
-1
-1
-1
-1
-1
-1
-1
-1
-1
-1
-1
-1
-1
0 24 34
6 5 15
4 5 16
2 4 16
6 3 16
-1
-1
-1
-1
-1
-1
-1
-1
-1
-1
-1
-1
-1
-1
-1
-1
-1
-1
-1
-1
-1
-1
-1
0 3 17
1 24 35
3 24 36
2 25 36
2 26 36
2 27 36
2 28 36
2 29 36
2 30 36
2 31 36
2 32 36
2 33 36
2 34 36
2 35 36
2 36 36
2 37 36
2 38 36
2 39 36
2 40 36
-1
-1
-1
-1
-1
-1
0 41 36
1 41 35
6 41 34
2 42 34
2 43 34
2 44 34
2 45 34
4 46 34
6 46 33
4 47 33
1 47 32
1 47 31
1 47 30
1 47 29
1 47 28
1 47 27
1 47 26
1 47 25
1 47 24
1 47 23
1 47 22
1 47 21
1 47 20
1 47 19
0 47 18
1 41 37
3 41 38
2 42 38
5 43 38
1 43 39
1 43 40
1 43 41
1 43 42
0 43 43
1 24 33
1 24 32
1 24 31
1 24 30
1 24 29
1 24 28
1 24 27
1 24 26
1 24 25
1 24 24
1 24 23
1 24 22
1 24 21
0 24 20
3 7 41
2 8 41
2 9 41
2 10 41
2 11 41
0 12 41
1 3 18
1 3 19
1 3 20
4 3 21
0 2 21
1 12 42
1 12 43
1 12 44
4 12 45
2 11 45
2 10 45
2 9 45
6 8 45
0 8 46
1 24 19
1 24 18
1 24 17
1 24 16
1 24 15
1 24 14
1 24 13
1 24 12
1 24 11
0 24 10
0 23 34
4 43 44
2 42 44
2 41 44
2 40 44
6 39 44
1 39 45
1 39 46
1 39 47
0 39 48
0 27 36
1 24 9
1 24 8
0 24 7
2 25 10
2 26 10
2 27 10
0 28 10
2 5 11
2 6 11
4 7 11
1 7 10
6 7 9
0 8 9
6 8 8
2 9 8
2 10 8
2 11 8
4 12 8
1 12 7
1 12 6
0 12 5
2 38 48
2 37 48
2 36 48
2 35 48
0 34 48
0 7 15
0 7 37
0 24 28
0 47 23
3 7 16
2 8 16
2 9 16
0 10 16
1 10 15
1 10 14
6 10 13
2 11 13
0 12 13
0 24 13
0 28 9
1 10 17
1 10 18
1 10 19
0 10 20
1 23 35
1 23 36
0 23 37
0 46 34
6 47 17
2 48 17
0 49 17
0 34 36
2 7 46
2 6 46
0 5 46
5 25 13
3 25 14
0 26 14
0 2 22
2 25 28
0 26 28
0 7 28
1 34 35
1 34 34
5 34 33
0 33 33
0 14 36
0 13 38
0 3 20
1 33 32
1 33 31
6 33 30
2 34 30
0 35 30
0 18 36
2 36 30
2 37 30
0 38 30
2 23 28
2 22 28
0 21 28
1 24 6
5 24 5
2 23 5
3 22 5
1 22 4
1 22 3
0 22 2
0 18 34
0 12 8
0 39 44
0 43 38
0 22 1
0 3 16
5 12 4
2 11 4
2 10 4
0 9 4
1 26 15
3 26 16
2 27 16
2 28 16
0 29 16
6 46 23
4 46 24
2 45 24
2 44 24
0 43 24
1 23 38
4 23 39
2 22 39
0 21 39
2 33 48
0 32 48
0 6 23
0 30 36
4 13 5
1 13 4
6 13 3
0 14 3
0 7 33
6 29 15
2 30 15
0 31 15
0 12 43
2 32 15
2 33 15
2 34 15
0 35 15
0 2 16
5 43 23
2 42 23
2 41 23
3 40 23
0 40 22
0 7 41
1 35 14
1 35 13
0 35 12
5 21 27
2 20 27
2 19 27
2 18 27
0 17 27
0 24 18
1 5 45
5 5 44
0 4 44
0 4 12
2 39 30
0 40 30
1 21 40
1 21 41
0 21 42
3 23 13
5 23 12
2 22 12
0 21 12
1 4 10
0 4 9
5 30 35
3 29 35
1 29 34
0 29 33
5 4 8
2 3 8
2 2 8
2 1 8
0 0 8
1 29 32
0 29 31
2 44 43
0 45 43
1 2 23
0 2 24
1 2 25
1 2 26
0 2 27
1 35 11
1 35 10
1 35 9
1 35 8
0 35 7
5 13 43
1 13 44
1 13 45
1 13 46
3 13 47
2 14 47
2 15 47
0 16 47
1 35 29
1 35 28
1 35 27
0 35 26
4 10 21
0 9 21
1 35 6
1 35 5
5 35 4
2 34 4
2 33 4
0 32 4
2 34 26
0 33 26
0 18 33
2 44 38
2 45 38
0 46 38
0 19 27
2 13 8
0 14 8
0 47 26
1 45 44
1 45 45
1 45 46
1 45 47
0 45 48
2 13 13
2 14 13
2 15 13
0 16 13
1 34 37
0 34 38
1 32 3
1 32 2
6 32 1
2 33 1
0 34 1
0 9 40
2 39 22
0 38 22
6 6 37
4 6 38
2 5 38
2 4 38
0 3 38
4 36 12
6 36 11
2 37 11
0 38 11
5 48 26
1 48 27
1 48 28
0 48 29
0 23 18
1 16 14
1 16 15
0 16 16
0 22 18
6 15 16
4 15 17
0 14 17
1 27 37
1 27 38
1 27 39
1 27 40
0 27 41
2 46 48
2 47 48
0 48 48
5 25 20
3 25 21
0 26 21
2 38 44
0 37 44
0 14 2
1 26 22
1 26 23
0 26 24
0 2 15
2 19 33
2 20 33
0 21 33
1 29 30
6 29 29
0 30 29
2 36 7
4 37 7
1 37 6
6 37 5
0 38 5
2 39 5
2 40 5
0 41 5
0 47 33
1 31 16
1 31 17
3 31 18
0 32 18
1 28 8
6 28 7
0 29 7
0 23 28
5 8 33
3 8 34
2 9 34
0 10 34
2 27 21
2 28 21
0 29 21
0 8 45
2 2 20
0 1 20
2 25 7
2 26 7
0 27 7
1 16 17
1 16 18
1 16 19
0 16 20
6 23 20
1 23 21
1 23 22
4 23 23
0 22 23
2 32 26
0 31 26
1 34 39
0 34 40
2 39 11
2 40 11
2 41 11
2 42 11
0 43 11
2 15 8
0 16 8
3 8 10
0 9 10
1 5 47
1 5 48
0 5 49
3 13 39
0 14 39
6 10 33
4 11 33
0 11 32
6 38 21
0 39 21
6 26 41
1 26 42
1 26 43
1 26 44
1 26 45
4 26 46
0 25 46
1 3 37
5 3 36
0 2 36
2 46 18
0 45 18
2 8 4
2 7 4
2 6 4
3 5 4
1 5 3
5 5 2
2 4 2
0 3 2
2 23 1
2 24 1
0 25 1
6 45 42
2 46 42
2 47 42
0 48 42
1 27 42
1 27 43
3 27 44
0 28 44
-1
-1
-1
-1
-1
-1
-1
-1
-1
-1
-1
-1
-1
-1
-1
-1
-1
-1
-1
-1
-1
-1
-1
-1
-1
-1
-1
-1
-1
-1
-1
-1
-1
-1
-1
-1
-1
-1
-1
-1
-1
-1
-1
-1
-1
-1
-1
-1
-1
-1
-1
-1
-1
-1
-1
-1
-1
-1
-1
-1
-1
-1
-1
-1
-1
-1
-1
-1
-1
-1
-1
-1
-1
-1
-1
-1
-1
-1
-1
-1
-1
-1
-1
-1
-1
-1
-1
-1
-1
-1
-1
-1
-1
-1
-1
-1
-1
-1
-1
-1
-1
-1
-1
-1
-1
-1
-1
-1
-1
-1
-1
-1
-1
-1
-1
-1
-1
-1
-1
-1
-1
-1
-1
-1
-1
-1
-1
-1
-1
-1
-1
-1
-1
-1
-1
-1
-1
-1
-1
-1
-1
-1
-1
-1
-1
-1
-1
-1
-1
-1
-1
-1
-1
-1
-1
-1
-1
-1
-1
-1
-1
-1
-1
-1
-1
-1
-1
-1
-1
-1
-1
-1
-1
-1
-1
-1
-1
-1
-1
-1
-1
-1
-1
-1
-1
-1
-1
-1
-1
-1
-1
-1
-1
-1
-1
-1
-1
-1
-1
-1
-1
-1
-1
-1
-1
-1
-1
-1
-1
-1
-1
-1
