0 28 22
5 29 22
1 29 23
1 29 24
1 29 25
1 29 26
3 29 27
5 30 27
1 30 28
1 30 29
1 30 30
1 30 31
1 30 32
0 30 33
1 28 21
1 28 20
6 28 19
2 29 19
2 30 19
2 31 19
2 32 19
4 33 19
6 33 18
2 34 18
4 35 18
1 35 17
1 35 16
6 35 15
2 36 15
2 37 15
4 38 15
1 38 14
1 38 13
1 38 12
6 38 11
2 39 11
2 40 11
2 41 11
2 42 11
2 43 11
2 44 11
4 45 11
1 45 10
1 45 9
1 45 8
6 45 7
0 46 7
1 46 6
1 46 5
1 46 4
1 46 3
1 46 2
-1
-1
-1
-1
0 46 1
-1
-1
-1
-1
-1
-1
-1
0 33 19
6 45 1
1 45 2
1 45 3
1 45 4
1 45 5
4 45 6
2 44 6
0 43 6
2 27 22
2 26 22
3 25 22
1 25 21
1 25 20
1 25 19
0 25 18
1 46 8
1 46 9
1 46 10
3 46 11
0 47 11
2 29 33
0 28 33
2 47 7
2 48 7
0 49 7
1 28 32
1 28 31
0 28 30
2 42 6
2 41 6
3 40 6
1 40 5
1 40 4
0 40 3
2 47 1
0 48 1
0 31 33
1 33 20
1 33 21
1 33 22
0 33 23
0 35 18
0 41 11
1 28 34
0 28 35
2 32 23
0 31 23
0 30 28
1 49 6
0 49 5
2 34 23
2 35 23
0 36 23
0 45 3
0 35 15
0 39 11
0 30 19
0 25 22
0 32 19
2 32 33
2 33 33
0 34 33
0 34 32
0 38 14
2 27 33
2 26 33
0 25 33
0 39 3
0 39 10
0 31 34
1 25 17
0 25 16
1 25 15
0 25 14
3 24 14
5 24 13
2 23 13
2 22 13
0 21 13
0 20 13
0 45 11
1 25 13
1 25 12
1 25 11
1 25 10
0 25 9
0 40 6
1 25 23
0 25 24
1 20 12
1 20 11
5 20 10
0 19 10
2 18 10
2 17 10
2 16 10
0 15 10
1 15 9
5 15 8
2 14 8
2 13 8
2 12 8
2 11 8
3 10 8
5 10 7
2 9 7
2 8 7
2 7 7
0 6 7
1 6 8
1 6 9
1 6 10
1 6 11
0 6 12
2 7 12
0 8 12
1 8 13
1 8 14
1 8 15
1 8 16
0 8 17
3 8 18
2 9 18
0 10 18
2 5 12
2 4 12
0 3 12
1 31 35
1 31 36
0 31 37
4 37 23
1 37 22
0 37 21
0 29 22
2 38 21
2 39 21
0 40 21
6 6 6
4 7 6
0 7 5
1 7 4
0 7 3
2 31 28
0 32 28
0 36 24
0 33 28
0 24 9
0 9 12
2 34 15
2 33 15
0 32 15
0 2 12
0 15 8
1 25 25
0 25 26
2 8 5
2 9 5
2 10 5
0 11 5
0 11 18
0 11 4
2 7 17
0 6 17
0 6 9
1 43 7
0 43 8
0 10 8
1 6 18
1 6 19
1 6 20
0 6 21
1 6 22
1 6 23
0 6 24
0 30 27
1 6 25
0 6 26
0 6 27
1 45 12
0 45 13
1 40 20
1 40 19
0 40 18
2 24 22
2 23 22
0 22 22
2 21 22
2 20 22
0 19 22
1 32 14
1 32 13
0 32 12
1 25 27
4 25 28
0 24 28
0 24 29
1 45 14
0 45 15
0 11 6
0 15 11
0 19 21
1 19 23
1 19 24
0 19 25
0 18 25
0 17 25
2 16 25
2 15 25
0 14 25
2 31 12
0 30 12
2 46 15
0 47 15
2 34 28
0 35 28
2 24 18
0 23 18
2 18 21
0 17 21
2 12 18
0 13 18
1 25 34
0 25 35
2 5 7
0 4 7
0 16 21
2 26 14
0 27 14
2 41 18
0 42 18
2 36 28
2 37 28
0 38 28
0 40 22
1 10 19
0 10 20
1 24 8
1 24 7
1 24 6
1 24 5
0 24 4
1 25 36
0 25 37
1 24 3
0 24 2
0 25 2
1 15 12
1 15 13
0 15 14
1 10 21
0 10 22
1 20 14
0 20 15
0 24 14
1 14 26
1 14 27
0 14 28
1 19 9
1 19 8
1 19 7
0 19 6
0 20 6
0 19 5
0 16 14
1 14 29
1 14 30
0 14 31
0 14 32
3 14 33
2 15 33
0 16 33
1 16 34
1 16 35
0 16 36
2 39 6
2 38 6
2 37 6
2 36 6
0 35 6
0 35 7
2 26 16
2 27 16
0 28 16
0 26 2
2 27 2
0 28 2
0 31 38
0 6 13
0 48 11
1 38 29
0 38 30
0 38 15
0 2 13
0 17 33
1 40 2
6 40 1
0 41 1
1 38 31
1 38 32
0 38 33
2 39 33
0 40 33
2 3 7
2 2 7
0 1 7
2 32 38
2 33 38
2 34 38
2 35 38
0 36 38
0 30 31
5 37 38
1 37 39
0 37 40
0 15 7
1 40 23
0 40 24
0 42 17
1 35 8
0 35 9
2 13 31
2 12 31
0 11 31
2 10 31
0 9 31
1 9 32
1 9 33
4 9 34
2 8 34
2 7 34
0 6 34
1 6 35
0 6 36
0 7 36
2 6 3
3 5 3
0 5 2
2 5 17
2 4 17
2 3 17
0 2 17
0 38 11
3 17 34
2 18 34
0 19 34
0 2 18
0 2 19
0 2 20
1 40 34
1 40 35
0 40 36
2 26 9
0 27 9
1 47 16
1 47 17
1 47 18
0 47 19
1 16 37
1 16 38
0 16 39
0 14 18
0 47 20
2 5 27
2 4 27
2 3 27
0 2 27
0 47 21
0 47 22
2 46 21
0 45 21
1 37 41
1 37 42
1 37 43
0 37 44
0 15 28
4 47 23
0 46 23
2 29 2
2 30 2
0 31 2
1 11 3
6 11 2
2 12 2
0 13 2
0 4 2
1 19 20
0 19 19
2 41 33
0 42 33
2 24 35
0 23 35
0 24 10
1 42 32
1 42 31
0 42 30
2 43 30
2 44 30
0 45 30
0 14 14
0 23 29
2 28 9
4 29 9
1 29 8
6 29 7
0 30 7
1 19 26
0 19 27
2 8 36
2 9 36
0 10 36
0 13 28
0 34 23
2 14 2
0 15 2
2 3 2
0 2 2
6 15 1
0 16 1
5 24 1
2 23 1
2 22 1
0 21 1
1 25 38
1 25 39
0 25 40
2 26 40
0 27 40
1 45 29
1 45 28
0 45 27
2 46 30
2 47 30
0 48 30
1 2 26
1 2 25
5 2 24
0 1 24
4 38 44
0 38 43
3 10 9
0 11 9
0 38 27
1 7 2
0 7 1
0 35 14
1 48 29
0 48 28
4 23 30
2 22 30
0 21 30
1 25 41
0 25 42
5 41 0
2 40 0
2 39 0
0 38 0
0 20 25
2 24 42
2 23 42
0 22 42
2 21 42
0 20 42
0 25 20
1 20 41
0 20 40
1 31 39
3 31 40
0 32 40
0 2 1
2 48 15
0 49 15
0 35 5
1 2 28
1 2 29
1 2 30
1 2 31
0 2 32
4 16 40
0 15 40
0 14 40
2 26 42
5 27 42
3 27 43
2 28 43
0 29 43
1 6 37
1 6 38
1 6 39
1 6 40
1 6 41
4 6 42
6 5 42
4 5 43
6 4 43
4 4 44
0 3 44
0 6 42
2 43 33
0 44 33
1 10 23
0 10 24
0 7 42
1 44 34
1 44 35
3 44 36
0 45 36
1 45 37
1 45 38
1 45 39
1 45 40
1 45 41
1 45 42
0 45 43
2 46 36
2 47 36
0 48 36
1 40 37
0 40 38
1 3 45
1 3 46
1 3 47
3 3 48
2 4 48
0 5 48
0 29 28
0 29 9
1 20 43
3 20 44
5 21 44
0 21 45
1 15 41
1 15 42
1 15 43
1 15 44
0 15 45
3 15 29
0 16 29
1 45 44
1 45 45
1 45 46
1 45 47
3 45 48
0 46 48
0 45 39
2 5 36
2 4 36
2 3 36
0 2 36
1 25 43
1 25 44
1 25 45
1 25 46
1 25 47
1 25 48
3 25 49
0 26 49
-1
-1
-1
-1
-1
-1
-1
-1
-1
-1
-1
-1
-1
-1
-1
-1
-1
-1
-1
-1
-1
-1
-1
-1
-1
-1
-1
-1
-1
-1
-1
-1
-1
-1
-1
-1
-1
-1
-1
-1
-1
-1
-1
-1
-1
-1
-1
-1
-1
-1
-1
-1
-1
-1
-1
-1
-1
-1
-1
-1
-1
-1
-1
-1
-1
-1
-1
-1
-1
-1
-1
-1
-1
-1
-1
-1
-1
-1
-1
-1
-1
-1
-1
-1
-1
-1
-1
-1
-1
-1
-1
-1
-1
-1
-1
-1
-1
-1
-1
-1
-1
-1
-1
-1
-1
-1
-1
-1
-1
-1
-1
-1
-1
-1
-1
-1
-1
-1
-1
-1
-1
-1
-1
-1
-1
-1
-1
-1
-1
-1
-1
-1
-1
-1
-1
-1
-1
-1
-1
-1
-1
-1
-1
-1
-1
-1
-1
-1
-1
-1
-1
-1
-1
-1
-1
-1
-1
-1
-1
-1
-1
-1
-1
-1
-1
-1
-1
-1
-1
-1
-1
-1
-1
-1
-1
-1
-1
-1
-1
