0 18 13
1 18 12
6 18 11
2 19 11
2 20 11
2 21 11
2 22 11
2 23 11
2 24 11
4 25 11
6 25 10
2 26 10
2 27 10
2 28 10
2 29 10
2 30 10
2 31 10
2 32 10
4 33 10
1 33 9
6 33 8
2 34 8
2 35 8
2 36 8
2 37 8
2 38 8
2 39 8
2 40 8
2 41 8
4 42 8
6 42 7
2 43 7
4 44 7
1 44 6
1 44 5
0 44 4
3 18 14
2 19 14
5 20 14
1 20 15
1 20 16
1 20 17
1 20 18
1 20 19
1 20 20
1 20 21
1 20 22
1 20 23
1 20 24
3 20 25
5 21 25
1 21 26
1 21 27
1 21 28
3 21 29
2 22 29
2 23 29
2 24 29
5 25 29
1 25 30
1 25 31
1 25 32
3 25 33
2 26 33
5 27 33
1 27 34
1 27 35
1 27 36
1 27 37
1 27 38
1 27 39
1 27 40
-1
-1
-1
-1
-1
-1
-1
-1
-1
-1
-1
-1
-1
-1
-1
-1
-1
-1
-1
-1
-1
-1
-1
-1
-1
-1
-1
-1
-1
-1
-1
-1
-1
-1
-1
-1
-1
-1
0 27 41
2 26 41
2 25 41
2 24 41
2 23 41
2 22 41
2 21 41
2 20 41
2 19 41
2 18 41
2 17 41
2 16 41
3 15 41
5 15 40
2 14 40
2 13 40
2 12 40
2 11 40
3 10 40
1 10 39
1 10 38
5 10 37
2 9 37
2 8 37
2 7 37
2 6 37
3 5 37
5 5 36
2 4 36
2 3 36
0 2 36
1 27 42
1 27 43
1 27 44
3 27 45
2 28 45
2 29 45
2 30 45
5 31 45
1 31 46
1 31 47
3 31 48
2 32 48
2 33 48
2 34 48
0 35 48
3 17 13
5 17 12
2 16 12
2 15 12
2 14 12
2 13 12
3 12 12
5 12 11
2 11 11
2 10 11
0 9 11
1 44 3
5 44 2
3 43 2
0 43 1
1 9 10
1 9 9
5 9 8
0 8 8
2 8 11
2 7 11
2 6 11
2 5 11
0 4 11
2 44 1
2 45 1
2 46 1
0 47 1
6 8 7
2 9 7
2 10 7
2 11 7
2 12 7
0 13 7
0 27 45
1 9 12
1 9 13
1 9 14
1 9 15
3 9 16
0 10 16
0 25 30
1 10 17
4 10 18
2 9 18
2 8 18
0 7 18
0 5 37
0 31 45
0 16 12
0 27 36
1 5 38
1 5 39
1 5 40
4 5 41
0 4 41
0 27 33
1 4 42
1 4 43
1 4 44
0 4 45
0 21 29
2 26 36
2 25 36
0 24 36
2 28 33
0 29 33
0 10 40
0 25 29
0 31 48
0 20 14
6 31 44
0 32 44
1 4 10
1 4 9
0 4 8
0 23 41
0 18 41
6 42 1
4 42 2
0 41 2
0 10 18
2 36 48
0 37 48
4 7 19
2 6 19
6 5 19
4 5 20
2 4 20
0 3 20
0 25 11
2 20 29
2 19 29
0 18 29
0 44 7
1 13 6
1 13 5
1 13 4
1 13 3
0 13 2
2 30 33
2 31 33
2 32 33
2 33 33
2 34 33
2 35 33
2 36 33
0 37 33
1 37 34
1 37 35
1 37 36
0 37 37
2 38 37
2 39 37
2 40 37
2 41 37
0 42 37
1 4 46
0 4 47
0 34 48
0 3 47
2 40 2
0 39 2
2 5 47
0 6 47
0 10 37
2 11 18
2 12 18
0 13 18
1 10 36
1 10 35
1 10 34
1 10 33
1 10 32
0 10 31
3 7 8
1 7 7
1 7 6
1 7 5
0 7 4
1 10 30
0 10 29
1 47 2
0 47 3
0 2 35
0 41 8
1 37 32
0 37 31
0 15 41
2 43 37
2 44 37
2 45 37
2 46 37
4 47 37
1 47 36
0 47 35
0 6 4
2 12 2
0 11 2
0 21 26
1 42 38
4 42 39
2 41 39
0 40 39
1 15 42
1 15 43
0 15 44
1 3 21
1 3 22
0 3 23
1 4 12
3 4 13
0 5 13
4 15 45
2 14 45
2 13 45
2 12 45
0 11 45
1 6 3
1 6 2
0 6 1
0 12 40
1 11 46
1 11 47
1 11 48
0 11 49
1 47 34
1 47 33
1 47 32
5 47 31
0 46 31
1 2 37
0 2 38
0 32 33
0 14 12
1 46 30
1 46 29
1 46 28
1 46 27
1 46 26
0 46 25
0 9 40
0 27 39
0 12 7
1 40 40
1 40 41
0 40 42
2 26 45
0 25 45
2 41 42
2 42 42
2 43 42
2 44 42
0 45 42
2 46 42
5 47 42
3 47 43
0 48 43
0 6 0
0 21 30
1 18 40
1 18 39
1 18 38
0 18 37
1 48 44
4 48 45
0 47 45
0 10 49
0 13 5
1 18 36
0 18 35
2 47 25
0 48 25
0 9 13
0 18 34
0 5 19
0 33 10
2 5 4
2 4 4
2 3 4
0 2 4
0 28 41
0 47 4
1 32 43
0 32 42
0 47 37
0 48 24
3 40 43
0 41 43
1 27 46
1 27 47
0 27 48
0 5 36
1 37 30
1 37 29
0 37 28
0 42 36
2 38 48
0 39 48
6 2 34
2 3 34
4 4 34
0 4 33
1 37 27
1 37 26
0 37 25
1 47 46
0 47 47
1 10 19
1 10 20
1 10 21
0 10 22
0 20 17
0 18 11
0 24 45
2 36 25
2 35 25
0 34 25
1 3 24
1 3 25
0 3 26
0 10 2
2 19 17
0 18 17
2 11 31
2 12 31
0 13 31
0 4 7
0 10 35
2 33 25
0 32 25
0 31 25
5 18 16
2 17 16
0 16 16
2 30 25
2 29 25
0 28 25
2 16 44
2 17 44
0 18 44
0 47 0
2 40 48
2 41 48
2 42 48
0 43 48
1 39 3
1 39 4
0 39 5
0 15 40
1 42 35
0 42 34
2 45 25
0 44 25
1 18 45
1 18 46
0 18 47
1 37 47
0 37 46
2 26 29
0 27 29
5 39 1
2 38 1
0 37 1
5 44 24
2 43 24
0 42 24
2 2 26
0 1 26
5 42 23
2 41 23
0 40 23
1 15 39
0 15 38
1 10 28
0 10 27
0 9 10
0 24 35
2 38 28
2 39 28
0 40 28
6 3 11
0 3 12
2 9 31
0 8 31
2 9 27
0 8 27
1 18 10
1 18 9
1 18 8
0 18 7
1 32 32
0 32 31
5 18 28
2 17 28
2 16 28
0 15 28
1 18 6
0 18 5
0 13 19
1 18 4
1 18 3
0 18 2
0 10 34
0 41 34
4 23 42
0 22 42
1 48 23
1 48 22
0 48 21
1 32 34
3 32 35
0 33 35
1 15 27
1 15 26
1 15 25
0 15 24
0 24 37
2 2 47
0 1 47
0 1 38
1 32 41
6 32 40
0 33 40
1 3 13
1 3 14
0 3 15
0 18 1
0 11 22
0 25 33
0 33 36
5 23 40
2 22 40
0 21 40
1 25 12
0 25 13
1 31 24
1 31 23
1 31 22
1 31 21
1 31 20
0 31 19
0 12 12
0 47 38
0 5 1
1 15 23
1 15 22
6 15 21
0 16 21
0 41 28
4 33 44
6 33 43
2 34 43
0 35 43
1 12 13
0 12 14
2 17 21
2 18 21
0 19 21
0 10 36
1 31 18
6 31 17
2 32 17
2 33 17
0 34 17
5 19 7
3 19 8
0 20 8
2 36 28
0 35 28
1 1 27
1 1 28
1 1 29
0 1 30
1 25 14
0 25 15
2 4 23
0 5 23
0 4 9
4 5 45
1 5 44
6 5 43
2 6 43
0 7 43
0 33 44
1 40 22
6 40 21
0 41 21
3 34 18
2 35 18
0 36 18
1 41 20
1 41 19
1 41 18
1 41 17
1 41 16
0 41 15
5 28 36
0 28 37
2 22 26
0 23 26
1 28 24
1 28 23
6 28 22
0 29 22
4 12 49
6 12 48
2 13 48
0 14 48
4 2 30
6 2 29
2 3 29
2 4 29
0 5 29
2 17 34
3 16 34
0 16 33
2 36 1
6 35 1
4 35 2
2 34 2
2 33 2
0 32 2
4 48 35
1 48 34
1 48 33
0 48 32
0 48 31
1 32 3
4 32 4
0 31 4
2 19 47
5 20 47
3 20 48
0 21 48
2 30 4
2 29 4
0 28 4
1 33 11
0 33 12
2 2 20
6 1 20
0 1 21
1 45 41
5 45 40
2 44 40
2 43 40
2 42 40
0 41 40
-1
-1
-1
-1
-1
-1
-1
-1
-1
-1
-1
-1
-1
-1
-1
-1
-1
-1
-1
-1
-1
-1
-1
-1
-1
-1
-1
-1
-1
-1
-1
-1
-1
-1
-1
-1
-1
-1
-1
-1
-1
-1
-1
-1
-1
-1
-1
-1
-1
-1
-1
-1
-1
-1
-1
-1
-1
-1
-1
-1
-1
-1
-1
-1
-1
-1
-1
-1
-1
-1
-1
-1
-1
-1
-1
-1
-1
-1
-1
-1
-1
-1
-1
-1
-1
-1
-1
-1
-1
-1
-1
-1
-1
-1
-1
-1
-1
-1
-1
-1
-1
-1
-1
-1
-1
-1
-1
-1
-1
-1
-1
-1
-1
-1
-1
-1
-1
-1
-1
-1
-1
-1
-1
-1
-1
-1
-1
-1
-1
-1
-1
-1
-1
-1
-1
