0 15 38
1 15 37
1 15 36
1 15 35
1 15 34
1 15 33
1 15 32
6 15 31
2 16 31
2 17 31
0 18 31
1 15 39
1 15 40
-1
-1
4 15 41
-1
-1
-1
6 14 41
-1
-1
-1
1 14 42
-1
-1
-1
-1
-1
-1
-1
-1
-1
-1
-1
-1
-1
-1
-1
-1
-1
-1
-1
-1
-1
-1
-1
-1
-1
-1
-1
-1
-1
-1
-1
-1
-1
-1
-1
-1
-1
-1
-1
-1
-1
-1
-1
-1
-1
-1
-1
-1
-1
-1
-1
-1
-1
-1
-1
-1
-1
-1
-1
-1
-1
-1
-1
-1
-1
-1
-1
-1
-1
-1
-1
-1
-1
-1
-1
-1
-1
-1
-1
-1
-1
-1
-1
-1
-1
-1
-1
-1
-1
-1
-1
-1
-1
-1
-1
-1
-1
-1
-1
-1
-1
-1
-1
-1
-1
-1
-1
-1
-1
-1
-1
-1
-1
-1
-1
-1
-1
-1
-1
-1
-1
-1
-1
-1
-1
-1
-1
-1
-1
-1
-1
-1
-1
-1
-1
-1
-1
-1
-1
-1
-1
-1
-1
-1
-1
-1
-1
-1
-1
-1
-1
-1
-1
-1
-1
-1
-1
-1
-1
-1
-1
-1
-1
-1
-1
-1
-1
-1
-1
-1
-1
-1
-1
-1
-1
-1
-1
-1
-1
-1
-1
-1
-1
-1
-1
-1
-1
-1
-1
-1
-1
-1
-1
-1
-1
-1
-1
-1
-1
0 14 43
-1
1 18 30
1 18 29
-1
1 18 28
-1
1 18 27
1 18 26
-1
6 18 25
2 19 25
-1
2 20 25
2 21 25
-1
2 22 25
2 23 25
-1
2 24 25
2 25 25
-1
4 26 25
1 26 24
-1
1 26 23
-1
1 26 22
1 26 21
-1
1 26 20
1 26 19
-1
1 26 18
6 26 17
-1
2 27 17
2 28 17
-1
4 29 17
1 29 16
-1
6 29 15
2 30 15
-1
2 31 15
-1
2 32 15
2 33 15
-1
2 34 15
2 35 15
-1
2 36 15
2 37 15
-1
2 38 15
2 39 15
-1
2 40 15
-1
-1
-1
-1
-1
-1
-1
-1
-1
-1
-1
-1
-1
-1
-1
-1
-1
-1
-1
-1
-1
-1
-1
-1
-1
-1
-1
-1
-1
-1
-1
-1
-1
-1
-1
-1
-1
-1
-1
-1
-1
-1
-1
-1
-1
-1
-1
-1
-1
-1
-1
-1
-1
-1
-1
-1
-1
-1
-1
-1
-1
-1
-1
-1
-1
-1
-1
-1
-1
-1
-1
-1
-1
-1
-1
-1
0 41 15
3 41 16
2 42 16
2 43 16
2 44 16
-1
-1
-1
-1
-1
-1
-1
-1
-1
-1
-1
-1
-1
-1
-1
-1
-1
-1
-1
0 45 16
3 14 38
5 14 37
2 13 37
2 12 37
2 11 37
2 10 37
2 9 37
2 8 37
2 7 37
2 6 37
2 5 37
2 4 37
2 3 37
-1
-1
-1
-1
-1
0 2 37
1 45 17
1 45 18
1 45 19
1 45 20
1 45 21
1 45 22
1 45 23
4 45 24
2 44 24
2 43 24
2 42 24
-1
-1
0 41 24
4 15 43
6 15 42
2 16 42
2 17 42
-1
-1
-1
-1
-1
-1
0 18 42
1 45 15
1 45 14
6 45 13
2 46 13
4 47 13
1 47 12
1 47 11
1 47 10
1 47 9
0 47 8
-1
-1
-1
-1
-1
-1
0 29 17
3 18 32
2 19 32
2 20 32
2 21 32
5 22 32
1 22 33
1 22 34
1 22 35
0 22 36
-1
-1
-1
0 31 15
1 31 14
1 31 13
1 31 12
1 31 11
5 31 10
2 30 10
2 29 10
2 28 10
2 27 10
2 26 10
2 25 10
2 24 10
2 23 10
2 22 10
2 21 10
0 20 10
0 47 13
0 26 25
2 19 42
2 20 42
2 21 42
2 22 42
0 23 42
1 41 14
1 41 13
1 41 12
5 41 11
0 40 11
1 23 43
1 23 44
3 23 45
2 24 45
2 25 45
2 26 45
2 27 45
2 28 45
2 29 45
2 30 45
0 31 45
0 48 13
3 26 26
2 27 26
2 28 26
2 29 26
0 30 26
2 31 26
2 32 26
0 33 26
2 13 43
2 12 43
0 11 43
1 14 44
1 14 45
0 14 46
1 33 25
1 33 24
1 33 23
1 33 22
0 33 21
0 12 37
0 22 32
1 12 36
6 12 35
0 13 35
1 11 42
1 11 41
5 11 40
0 10 40
1 40 10
6 40 9
2 41 9
0 42 9
0 26 18
2 32 45
2 33 45
2 34 45
2 35 45
2 36 45
0 37 45
0 18 25
2 19 10
2 18 10
2 17 10
0 16 10
2 15 46
2 16 46
2 17 46
0 18 46
1 30 27
1 30 28
0 30 29
1 30 25
0 30 24
2 23 32
2 24 32
2 25 32
0 26 32
1 16 11
1 16 12
1 16 13
1 16 14
0 16 15
3 15 15
5 15 14
2 14 14
2 13 14
3 12 14
5 12 13
2 11 13
2 10 13
2 9 13
2 8 13
2 7 13
2 6 13
0 5 13
1 5 14
4 5 15
2 4 15
2 3 15
2 2 15
0 1 15
0 14 41
1 1 16
1 1 17
3 1 18
2 2 18
0 3 18
0 26 10
5 46 16
1 46 17
1 46 18
1 46 19
1 46 20
1 46 21
3 46 22
0 47 22
1 3 19
1 3 20
1 3 21
1 3 22
1 3 23
3 3 24
2 4 24
0 5 24
2 6 24
2 7 24
2 8 24
0 9 24
1 37 44
1 37 43
1 37 42
6 37 41
2 38 41
2 39 41
0 40 41
3 40 42
2 41 42
2 42 42
2 43 42
2 44 42
0 45 42
6 25 18
1 25 19
1 25 20
0 25 21
2 10 43
0 9 43
3 37 46
2 38 46
2 39 46
2 40 46
0 41 46
1 30 30
1 30 31
1 30 32
3 30 33
2 31 33
2 32 33
0 33 33
0 12 14
3 39 11
1 39 10
0 39 9
3 45 43
2 46 43
0 47 43
1 9 44
1 9 45
1 9 46
1 9 47
4 9 48
2 8 48
2 7 48
0 6 48
1 26 9
1 26 8
0 26 7
1 18 24
1 18 23
6 18 22
0 19 22
1 1 14
1 1 13
1 1 12
5 1 11
0 0 11
1 9 25
1 9 26
1 9 27
1 9 28
1 9 29
0 9 30
4 31 46
2 30 46
2 29 46
2 28 46
2 27 46
0 26 46
1 42 8
1 42 7
1 42 6
1 42 5
1 42 4
1 42 3
6 42 2
0 43 2
-1
-1
-1
-1
-1
-1
-1
-1
-1
-1
-1
-1
-1
-1
-1
-1
-1
-1
-1
-1
-1
-1
-1
-1
-1
-1
-1
-1
-1
-1
-1
-1
-1
-1
-1
-1
-1
-1
-1
-1
-1
-1
-1
-1
-1
-1
-1
-1
-1
-1
-1
-1
-1
-1
-1
-1
-1
-1
-1
-1
-1
-1
-1
-1
-1
-1
-1
-1
-1
-1
-1
-1
-1
-1
-1
-1
-1
-1
-1
-1
-1
-1
-1
-1
-1
-1
-1
-1
-1
-1
-1
-1
-1
-1
-1
-1
-1
-1
-1
-1
-1
-1
-1
-1
-1
-1
-1
-1
-1
-1
-1
-1
-1
-1
-1
-1
