0 16 10
1 16 11
1 16 12
1 16 13
1 16 14
3 16 15
2 17 15
2 18 15
5 19 15
1 19 16
3 19 17
2 20 17
2 21 17
2 22 17
2 23 17
2 24 17
2 25 17
2 26 17
2 27 17
2 28 17
2 29 17
2 30 17
5 31 17
1 31 18
1 31 19
1 31 20
1 31 21
1 31 22
1 31 23
1 31 24
1 31 25
1 31 26
1 31 27
1 31 28
1 31 29
1 31 30
1 31 31
1 31 32
1 31 33
3 31 34
5 32 34
0 32 35
3 32 36
2 33 36
2 34 36
2 35 36
2 36 36
2 37 36
5 38 36
1 38 37
3 38 38
2 39 38
2 40 38
5 41 38
3 41 39
5 42 39
1 42 40
1 42 41
1 42 42
1 42 43
1 42 44
-1
-1
-1
-1
-1
0 42 45
2 15 10
2 14 10
6 13 10
4 13 11
2 12 11
2 11 11
2 10 11
2 9 11
2 8 11
2 7 11
2 6 11
2 5 11
2 4 11
6 3 11
4 3 12
6 2 12
1 2 13
1 2 14
1 2 15
4 2 16
-1
-1
-1
-1
-1
-1
-1
-1
-1
-1
-1
-1
-1
0 1 16
3 42 46
2 43 46
2 44 46
2 45 46
2 46 46
2 47 46
5 48 46
-1
-1
-1
-1
-1
-1
-1
-1
-1
-1
-1
-1
-1
0 48 47
1 16 9
1 16 8
6 16 7
2 17 7
2 18 7
2 19 7
2 20 7
2 21 7
-1
-1
-1
-1
-1
-1
-1
0 22 7
6 31 35
1 31 36
1 31 37
1 31 38
1 31 39
1 31 40
1 31 41
1 31 42
1 31 43
4 31 44
-1
-1
0 30 44
2 23 7
2 24 7
4 25 7
6 25 6
2 26 6
-1
-1
-1
-1
0 27 6
1 30 43
5 30 42
2 29 42
2 28 42
2 27 42
2 26 42
2 25 42
-1
0 24 42
1 27 5
1 27 4
1 27 3
1 27 2
-1
-1
0 27 1
1 24 41
1 24 40
6 24 39
2 25 39
2 26 39
2 27 39
0 28 39
-1
-1
-1
-1
0 16 15
4 48 48
2 47 48
2 46 48
2 45 48
2 44 48
0 43 48
2 28 6
2 29 6
2 30 6
2 31 6
2 32 6
0 33 6
1 33 7
1 33 8
1 33 9
4 33 10
2 32 10
0 31 10
1 16 16
4 16 17
0 15 17
1 22 6
1 22 5
-1
0 22 4
3 23 42
1 23 41
1 23 40
1 23 39
5 23 38
2 22 38
3 21 38
1 21 37
1 21 36
5 21 35
2 20 35
2 19 35
2 18 35
2 17 35
0 16 35
0 31 19
0 31 31
2 14 17
2 13 17
0 12 17
0 21 38
5 17 10
3 17 11
0 18 11
1 12 18
1 12 19
4 12 20
6 11 20
4 11 21
2 10 21
2 9 21
6 8 21
0 8 22
0 42 39
1 8 23
1 8 24
1 8 25
0 8 26
1 31 11
0 31 12
1 1 17
0 1 18
0 20 17
0 16 13
1 8 27
1 8 28
1 8 29
1 8 30
1 8 31
0 8 32
0 17 7
2 32 19
0 33 19
1 33 20
1 33 21
0 33 22
0 7 32
2 9 26
0 10 26
0 17 6
0 21 35
2 16 6
6 15 6
4 15 7
0 14 7
0 26 42
0 31 30
5 14 6
2 13 6
2 12 6
0 11 6
0 31 39
0 4 11
0 13 11
1 21 34
1 21 33
6 21 32
2 22 32
0 23 32
0 25 7
1 11 5
1 11 4
1 11 3
6 11 2
0 12 2
0 27 17
0 7 26
5 28 1
3 28 2
2 29 2
2 30 2
0 31 2
0 38 36
6 33 18
2 34 18
2 35 18
0 36 18
0 31 23
3 30 23
5 30 22
0 29 22
3 10 6
1 10 5
5 10 4
2 9 4
0 8 4
0 20 18
0 42 46
0 48 46
0 24 17
0 46 48
2 24 32
2 25 32
0 26 32
2 6 26
2 5 26
0 4 26
1 15 18
1 15 19
0 15 20
1 16 36
1 16 37
0 16 38
2 30 12
2 29 12
2 28 12
0 27 12
1 16 39
0 16 40
2 32 31
2 33 31
2 34 31
2 35 31
0 36 31
1 8 3
0 8 2
0 4 27
0 26 12
2 13 2
2 14 2
0 15 2
0 11 26
2 37 31
2 38 31
2 39 31
2 40 31
2 41 31
2 42 31
0 43 31
5 43 39
1 43 40
0 43 41
0 43 30
6 43 29
2 44 29
2 45 29
2 46 29
0 47 29
2 16 2
2 17 2
0 18 2
1 36 30
1 36 29
0 36 28
0 12 20
2 12 26
2 13 26
0 14 26
3 31 13
2 32 13
0 33 13
0 19 15
2 34 13
0 35 13
0 31 3
1 14 27
1 14 28
1 14 29
0 14 30
4 4 28
2 3 28
2 2 28
0 1 28
1 7 33
1 7 34
0 7 35
0 28 6
1 7 36
1 7 37
1 7 38
0 7 39
0 3 11
0 34 36
3 30 45
2 31 45
0 32 45
0 23 40
2 28 22
2 27 22
0 26 22
6 32 44
2 33 44
2 34 44
0 35 44
1 22 8
0 22 9
3 33 23
2 34 23
2 35 23
2 36 23
0 37 23
1 16 41
3 16 42
0 17 42
1 24 43
1 24 44
1 24 45
1 24 46
0 24 47
2 25 22
2 24 22
2 23 22
0 22 22
0 32 34
0 23 31
2 34 6
2 35 6
2 36 6
2 37 6
0 38 6
1 22 10
1 22 11
0 22 12
1 38 7
1 38 8
1 38 9
0 38 10
6 37 22
4 38 22
0 38 21
0 0 28
0 38 11
2 22 31
2 21 31
0 20 31
3 28 7
0 29 7
0 36 32
1 20 30
0 20 29
1 38 12
1 38 13
1 38 14
0 38 15
3 4 12
2 5 12
2 6 12
2 7 12
0 8 12
3 17 43
2 18 43
2 19 43
0 20 43
2 32 2
2 33 2
0 34 2
2 6 35
2 5 35
2 4 35
2 3 35
0 2 35
2 39 15
2 40 15
2 41 15
0 42 15
1 22 23
1 22 24
3 22 25
0 23 25
0 28 17
1 28 38
0 28 37
1 20 28
1 20 27
5 20 26
0 19 26
1 42 16
3 42 17
0 43 17
2 16 20
2 17 20
0 18 20
4 8 39
6 8 38
2 9 38
2 10 38
0 11 38
3 23 26
0 24 26
1 48 45
0 48 44
0 47 44
2 7 2
2 6 2
2 5 2
2 4 2
2 3 2
2 2 2
0 1 2
1 37 24
3 37 25
0 38 25
1 38 5
1 38 4
1 38 3
1 38 2
1 38 1
6 38 0
0 39 0
6 29 44
1 29 45
1 29 46
0 29 47
6 35 43
2 36 43
0 37 43
1 1 3
1 1 4
1 1 5
0 1 6
4 39 6
6 39 5
4 40 5
6 40 4
2 41 4
0 42 4
2 43 4
2 44 4
2 45 4
2 46 4
2 47 4
0 48 4
1 26 31
6 26 30
0 27 30
1 48 5
1 48 6
1 48 7
1 48 8
0 48 9
1 7 40
1 7 41
1 7 42
4 7 43
2 6 43
2 5 43
0 4 43
1 11 39
1 11 40
1 11 41
1 11 42
1 11 43
1 11 44
1 11 45
1 11 46
0 11 47
1 8 13
4 8 14
6 7 14
1 7 15
4 7 16
0 6 16
2 8 35
2 9 35
0 10 35
-1
-1
-1
-1
-1
-1
-1
-1
-1
-1
-1
-1
-1
-1
-1
-1
-1
-1
-1
-1
-1
-1
-1
-1
-1
-1
-1
-1
-1
-1
-1
-1
-1
-1
-1
-1
-1
-1
-1
-1
-1
-1
-1
-1
-1
-1
-1
-1
-1
-1
-1
-1
-1
-1
-1
-1
-1
-1
-1
-1
-1
-1
-1
-1
-1
-1
-1
-1
-1
-1
-1
-1
-1
-1
-1
-1
-1
-1
-1
-1
-1
-1
-1
-1
-1
-1
-1
-1
-1
-1
-1
-1
-1
-1
-1
-1
-1
-1
-1
-1
-1
-1
-1
-1
-1
-1
-1
-1
-1
-1
-1
-1
-1
-1
-1
-1
-1
-1
-1
-1
-1
-1
-1
-1
-1
-1
-1
-1
-1
-1
-1
-1
-1
-1
-1
-1
-1
-1
-1
-1
-1
-1
-1
-1
-1
-1
-1
-1
-1
-1
-1
-1
-1
-1
-1
-1
-1
-1
-1
-1
-1
-1
-1
-1
-1
-1
-1
-1
-1
-1
-1
-1
-1
-1
-1
-1
-1
-1
-1
-1
-1
-1
-1
-1
-1
-1
-1
-1
-1
-1
-1
-1
-1
-1
-1
-1
-1
-1
-1
-1
-1
-1
-1
-1
-1
-1
-1
-1
-1
-1
-1
