0 24 45
1 24 44
1 24 43
1 24 42
1 24 41
1 24 40
1 24 39
1 24 38
1 24 37
1 24 36
1 24 35
1 24 34
1 24 33
1 24 32
5 24 31
2 23 31
2 22 31
2 21 31
3 20 31
1 20 30
1 20 29
1 20 28
5 20 27
2 19 27
2 18 27
3 17 27
1 17 26
1 17 25
1 17 24
1 17 23
1 17 22
1 17 21
1 17 20
1 17 19
1 17 18
1 17 17
1 17 16
1 17 15
1 17 14
1 17 13
1 17 12
0 17 11
1 17 10
1 17 9
6 17 8
2 18 8
2 19 8
2 20 8
2 21 8
2 22 8
2 23 8
2 24 8
2 25 8
2 26 8
2 27 8
2 28 8
2 29 8
2 30 8
2 31 8
2 32 8
2 33 8
2 34 8
2 35 8
2 36 8
2 37 8
2 38 8
2 39 8
2 40 8
2 41 8
2 42 8
2 43 8
2 44 8
2 45 8
4 46 8
1 46 7
1 46 6
1 46 5
6 46 4
2 47 4
2 48 4
-1
-1
-1
-1
-1
-1
-1
-1
-1
-1
-1
-1
-1
-1
-1
-1
-1
-1
-1
-1
-1
-1
-1
-1
-1
-1
-1
-1
-1
-1
-1
-1
-1
-1
-1
-1
-1
0 49 4
1 49 3
1 49 2
1 49 1
5 49 0
2 48 0
2 47 0
2 46 0
2 45 0
-1
-1
-1
-1
-1
-1
-1
-1
-1
-1
-1
-1
-1
-1
-1
-1
-1
-1
0 44 0
3 23 45
1 23 44
5 23 43
3 22 43
1 22 42
5 22 41
2 21 41
2 20 41
2 19 41
2 18 41
2 17 41
-1
-1
-1
-1
-1
-1
-1
-1
-1
-1
0 16 41
-1
-1
-1
-1
-1
-1
-1
-1
-1
-1
-1
0 20 31
2 25 45
2 26 45
5 27 45
3 27 46
2 28 46
2 29 46
2 30 46
5 31 46
3 31 47
2 32 47
2 33 47
2 34 47
0 35 47
6 16 11
1 16 12
4 16 13
2 15 13
2 14 13
2 13 13
2 12 13
-1
-1
0 11 13
1 11 12
5 11 11
2 10 11
2 9 11
3 8 11
5 8 10
2 7 10
2 6 10
0 5 10
2 15 41
2 14 41
2 13 41
2 12 41
-1
-1
-1
0 11 41
-1
-1
-1
-1
-1
0 46 8
1 24 46
1 24 47
4 24 48
2 23 48
-1
0 22 48
1 16 40
1 16 39
1 16 38
-1
0 16 37
2 10 41
2 9 41
2 8 41
2 7 41
0 6 41
1 5 9
1 5 8
1 5 7
1 5 6
0 5 5
1 5 4
1 5 3
1 5 2
5 5 1
0 4 1
2 21 48
2 20 48
2 19 48
2 18 48
0 17 48
2 5 41
2 4 41
3 3 41
1 3 40
1 3 39
1 3 38
1 3 37
1 3 36
1 3 35
1 3 34
1 3 33
0 3 32
0 38 8
0 17 8
0 31 46
1 31 45
1 31 44
1 31 43
5 31 42
2 30 42
2 29 42
2 28 42
0 27 42
0 21 8
1 11 42
1 11 43
0 11 44
0 46 4
2 12 44
2 13 44
0 14 44
2 45 4
2 44 4
0 43 4
2 16 8
2 15 8
0 14 8
1 14 7
1 14 6
1 14 5
5 14 4
0 13 4
0 18 41
0 24 36
1 46 9
4 46 10
2 45 10
2 44 10
0 43 10
0 22 41
0 3 35
2 19 31
2 18 31
2 17 31
0 16 31
0 17 15
1 11 40
6 11 39
2 12 39
0 13 39
2 13 8
2 12 8
0 11 8
0 37 8
2 16 15
0 15 15
0 24 31
5 25 36
3 25 37
2 26 37
0 27 37
0 17 24
1 37 7
1 37 6
1 37 5
1 37 4
1 37 3
0 37 2
0 24 48
0 8 11
2 28 37
2 29 37
2 30 37
0 31 37
0 26 8
1 21 7
1 21 6
1 21 5
1 21 4
0 21 3
0 3 41
0 31 44
0 17 27
1 31 36
1 31 35
0 31 34
2 32 34
0 33 34
1 5 11
1 5 12
0 5 13
1 35 46
1 35 45
1 35 44
6 35 43
2 36 43
0 37 43
2 38 43
2 39 43
0 40 43
6 4 0
2 5 0
2 6 0
2 7 0
0 8 0
1 13 38
1 13 37
1 13 36
1 13 35
0 13 34
5 25 31
3 25 32
0 26 32
1 5 14
1 5 15
0 5 16
0 11 45
3 31 38
0 32 38
0 24 35
1 5 17
4 5 18
2 4 18
2 3 18
0 2 18
5 47 8
1 47 9
1 47 10
1 47 11
1 47 12
1 47 13
0 47 14
0 27 38
1 20 32
1 20 33
4 20 34
0 19 34
0 27 45
1 47 15
1 47 16
1 47 17
1 47 18
1 47 19
1 47 20
4 47 21
2 46 21
0 45 21
1 17 47
6 17 46
0 18 46
1 45 22
1 45 23
4 45 24
2 44 24
0 43 24
2 42 24
2 41 24
0 40 24
1 26 9
1 26 10
1 26 11
3 26 12
2 27 12
0 28 12
1 28 13
1 28 14
1 28 15
1 28 16
1 28 17
1 28 18
1 28 19
1 28 20
0 28 21
2 39 24
0 38 24
0 12 41
2 29 21
0 30 21
1 11 14
1 11 15
0 11 16
3 10 44
0 10 43
0 3 37
1 43 11
4 43 12
0 42 12
1 37 9
1 37 10
1 37 11
1 37 12
4 37 13
0 36 13
2 33 38
2 34 38
2 35 38
2 36 38
0 37 38
1 36 14
1 36 15
3 36 16
2 37 16
0 38 16
4 15 16
0 14 16
0 28 16
2 36 2
0 35 2
1 11 17
1 11 18
0 11 19
2 34 2
2 33 2
2 32 2
2 31 2
2 30 2
0 29 2
1 3 31
1 3 30
1 3 29
1 3 28
5 3 27
2 2 27
2 1 27
0 0 27
2 16 24
2 15 24
2 14 24
0 13 24
2 27 16
2 26 16
2 25 16
2 24 16
0 23 16
1 6 40
6 6 39
0 7 39
1 3 42
1 3 43
1 3 44
1 3 45
1 3 46
1 3 47
0 3 48
1 29 3
1 29 4
3 29 5
2 30 5
2 31 5
0 32 5
2 12 24
2 11 24
2 10 24
2 9 24
0 8 24
1 43 25
1 43 26
1 43 27
1 43 28
0 43 29
2 38 38
2 39 38
2 40 38
2 41 38
0 42 38
1 38 25
1 38 26
1 38 27
4 38 28
2 37 28
0 36 28
1 40 44
1 40 45
1 40 46
1 40 47
3 40 48
2 41 48
0 42 48
1 42 39
1 42 40
3 42 41
2 43 41
2 44 41
2 45 41
2 46 41
0 47 41
1 21 2
1 21 1
5 21 0
2 20 0
2 19 0
2 18 0
0 17 0
-1
-1
-1
-1
-1
-1
-1
-1
-1
-1
-1
-1
-1
-1
-1
-1
-1
-1
-1
-1
-1
-1
-1
-1
-1
-1
-1
-1
-1
-1
-1
-1
-1
-1
-1
-1
-1
-1
-1
-1
-1
-1
-1
-1
-1
-1
-1
-1
-1
-1
-1
-1
-1
-1
-1
-1
-1
-1
-1
-1
-1
-1
-1
-1
-1
-1
-1
-1
-1
-1
-1
-1
-1
-1
-1
-1
-1
-1
-1
-1
-1
-1
-1
-1
-1
-1
-1
-1
-1
-1
-1
-1
-1
-1
-1
-1
-1
-1
-1
-1
-1
-1
-1
-1
-1
-1
-1
-1
-1
-1
-1
-1
-1
-1
-1
-1
-1
-1
-1
-1
-1
-1
-1
-1
-1
-1
-1
-1
-1
-1
-1
-1
-1
-1
-1
-1
-1
-1
-1
-1
-1
-1
-1
-1
-1
-1
-1
-1
-1
-1
-1
-1
-1
-1
-1
-1
-1
-1
-1
-1
-1
-1
-1
-1
-1
-1
-1
-1
-1
-1
-1
-1
-1
-1
-1
-1
-1
-1
-1
-1
-1
-1
-1
-1
-1
-1
-1
-1
-1
-1
-1
-1
-1
-1
-1
-1
-1
-1
-1
-1
-1
-1
-1
-1
-1
-1
-1
-1
-1
-1
-1
-1
-1
-1
-1
-1
-1
-1
-1
-1
-1
-1
-1
-1
-1
-1
-1
-1
-1
-1
-1
-1
-1
-1
-1
-1
-1
-1
-1
-1
-1
