0 14 37
3 14 38
2 15 38
5 16 38
1 16 39
1 16 40
3 16 41
5 17 41
1 17 42
1 17 43
1 17 44
0 17 45
1 14 36
1 14 35
1 14 34
1 14 33
6 14 32
2 15 32
2 16 32
2 17 32
2 18 32
2 19 32
0 20 32
2 21 32
2 22 32
2 23 32
2 24 32
2 25 32
2 26 32
2 27 32
-1
-1
-1
-1
-1
-1
-1
-1
-1
0 28 32
3 13 37
1 13 36
5 13 35
3 12 35
1 12 34
1 12 33
1 12 32
1 12 31
1 12 30
1 12 29
5 12 28
3 11 28
1 11 27
1 11 26
1 11 25
1 11 24
1 11 23
1 11 22
1 11 21
1 11 20
1 11 19
5 11 18
2 10 18
3 9 18
1 9 17
1 9 16
5 9 15
2 8 15
0 7 15
2 16 45
2 15 45
-1
-1
-1
-1
-1
-1
-1
-1
0 14 45
1 7 14
1 7 13
5 7 12
3 6 12
1 6 11
1 6 10
1 6 9
1 6 8
0 6 7
1 6 6
1 6 5
1 6 4
5 6 3
2 5 3
2 4 3
-1
0 3 3
2 7 7
2 8 7
2 9 7
2 10 7
2 11 7
5 12 7
1 12 8
1 12 9
1 12 10
1 12 11
0 12 12
1 20 33
3 20 34
2 21 34
5 22 34
0 22 35
1 22 36
1 22 37
1 22 38
1 22 39
0 22 40
0 16 38
2 5 7
6 4 7
1 4 8
1 4 9
4 4 10
2 3 10
0 2 10
0 16 32
0 12 32
6 11 32
4 11 33
2 10 33
2 9 33
0 8 33
1 12 13
1 12 14
1 12 15
0 12 16
2 13 16
2 14 16
0 15 16
0 12 10
1 14 46
0 14 47
0 16 41
2 21 35
2 20 35
2 19 35
0 18 35
0 12 28
2 6 15
2 5 15
0 4 15
2 23 40
0 24 40
1 16 31
5 16 30
0 15 30
0 11 25
0 9 18
0 6 4
0 9 7
2 23 35
2 24 35
0 25 35
4 7 4
1 7 3
0 7 2
1 17 46
0 17 47
2 18 47
2 19 47
0 20 47
2 2 3
0 1 3
0 21 40
6 15 15
0 16 15
0 6 12
2 21 47
0 22 47
1 24 41
1 24 42
3 24 43
2 25 43
0 26 43
1 28 31
1 28 30
1 28 29
1 28 28
1 28 27
0 28 26
0 11 22
2 29 26
2 30 26
0 31 26
0 11 21
0 20 40
2 13 10
2 14 10
0 15 10
1 31 27
1 31 28
0 31 29
2 13 47
0 12 47
0 22 46
0 12 35
2 7 33
2 6 33
0 5 33
2 11 47
2 10 47
0 9 47
2 17 15
2 18 15
0 19 15
1 5 32
0 5 31
0 7 1
2 20 15
2 21 15
2 22 15
0 23 15
1 23 16
1 23 17
1 23 18
0 23 19
0 16 14
0 4 7
1 20 31
0 20 30
1 5 34
1 5 35
4 5 36
2 4 36
0 3 36
6 2 36
1 2 37
1 2 38
1 2 39
0 2 40
1 2 41
1 2 42
0 2 43
1 23 14
1 23 13
0 23 12
2 24 12
2 25 12
2 26 12
2 27 12
0 28 12
1 15 17
0 15 18
0 14 44
2 27 43
2 28 43
0 29 43
2 4 31
2 3 31
0 2 31
1 20 41
0 20 42
1 2 30
1 2 29
1 2 28
0 2 27
0 25 32
2 30 43
2 31 43
2 32 43
2 33 43
2 34 43
0 35 43
2 24 19
0 25 19
2 36 43
2 37 43
4 38 43
6 38 42
0 39 42
2 40 42
2 41 42
2 42 42
2 43 42
2 44 42
2 45 42
2 46 42
0 47 42
1 47 43
1 47 44
1 47 45
0 47 46
1 47 47
0 47 48
1 25 31
0 25 30
0 43 42
2 46 48
0 45 48
0 23 16
1 12 36
4 12 37
2 11 37
0 10 37
0 40 42
1 19 16
1 19 17
0 19 18
1 19 19
0 19 20
0 10 38
3 28 13
2 29 13
2 30 13
2 31 13
0 32 13
2 33 13
2 34 13
0 35 13
2 36 13
2 37 13
2 38 13
2 39 13
2 40 13
0 41 13
1 15 9
1 15 8
0 15 7
0 22 36
2 16 10
2 17 10
0 18 10
2 42 13
2 43 13
4 44 13
1 44 12
1 44 11
1 44 10
0 44 9
4 4 16
2 3 16
2 2 16
0 1 16
2 45 9
2 46 9
0 47 9
1 47 8
1 47 7
1 47 6
1 47 5
0 47 4
0 32 14
1 47 3
0 47 2
1 35 12
0 35 11
1 1 17
0 1 18
2 46 2
0 45 2
0 1 27
2 8 1
0 9 1
0 12 7
0 19 10
2 10 1
2 11 1
0 12 1
1 1 15
1 1 14
0 1 13
2 3 40
0 4 40
1 10 39
0 10 40
0 2 18
5 11 40
1 11 41
0 11 42
6 31 25
2 32 25
0 33 25
1 19 21
1 19 22
1 19 23
0 19 24
0 14 48
1 29 42
1 29 41
0 29 40
1 1 19
1 1 20
0 1 21
2 36 11
2 37 11
0 38 11
0 21 42
2 34 25
2 35 25
2 36 25
0 37 25
1 38 10
1 38 9
1 38 8
0 38 7
2 1 40
0 0 40
0 44 13
0 14 38
2 45 13
2 46 13
0 47 13
1 43 41
1 43 40
1 43 39
1 43 38
1 43 37
1 43 36
0 43 35
0 43 34
2 42 35
2 41 35
2 40 35
2 39 35
0 38 35
0 37 35
2 2 21
2 3 21
0 4 21
0 47 14
1 12 6
6 12 5
0 13 5
1 24 39
0 24 38
2 39 7
2 40 7
0 41 7
0 29 39
1 19 9
1 19 8
1 19 7
0 19 6
2 5 21
0 6 21
2 44 48
0 43 48
1 9 46
5 9 45
0 8 45
0 8 44
2 37 7
2 36 7
0 35 7
0 27 26
1 38 34
0 38 33
0 37 24
2 44 35
2 45 35
2 46 35
2 47 35
0 48 35
0 7 44
1 29 38
0 29 37
1 32 15
1 32 16
0 32 17
0 42 48
1 33 24
1 33 23
0 33 22
2 18 24
2 17 24
0 16 24
1 16 23
0 16 22
2 36 35
2 35 35
0 34 35
0 6 44
1 22 48
0 22 49
0 32 29
0 6 1
0 18 45
0 41 48
0 43 40
0 17 38
2 38 24
2 39 24
2 40 24
2 41 24
0 42 24
1 42 25
1 42 26
1 42 27
0 42 28
1 17 48
0 17 49
2 43 28
0 44 28
2 20 24
0 21 24
0 44 2
1 42 23
1 42 22
6 42 21
0 43 21
0 26 26
2 13 1
2 14 1
0 15 1
5 20 29
2 19 29
0 18 29
1 2 44
1 2 45
1 2 46
0 2 47
0 2 48
1 8 32
1 8 31
0 8 30
1 35 14
0 35 15
1 29 44
1 29 45
0 29 46
0 7 13
1 5 30
0 5 29
0 14 35
0 29 47
1 35 6
0 35 5
1 48 34
0 48 33
1 48 32
0 48 31
0 33 43
6 43 20
4 44 20
6 44 19
2 45 19
0 46 19
0 47 19
2 30 47
0 31 47
0 28 25
6 21 23
0 22 23
1 32 12
1 32 11
1 32 10
0 32 9
0 23 46
2 33 29
2 34 29
0 35 29
4 26 19
0 26 18
1 2 26
0 2 25
0 2 24
1 44 3
0 44 4
1 41 14
1 41 15
0 41 16
1 41 17
0 41 18
0 3 10
2 36 29
0 37 29
0 43 43
2 40 18
2 39 18
0 38 18
1 35 44
3 35 45
0 36 45
2 43 24
0 44 24
0 43 44
2 32 22
2 31 22
0 30 22
2 22 12
0 21 12
0 34 5
2 33 5
2 32 5
2 31 5
0 30 5
0 17 24
1 23 11
1 23 10
0 23 9
1 19 5
1 19 4
1 19 3
0 19 2
0 23 23
2 30 39
2 31 39
0 32 39
3 48 36
0 49 36
1 36 46
0 36 47
1 25 20
3 25 21
0 26 21
2 20 2
2 21 2
2 22 2
0 23 2
1 19 1
0 19 0
2 9 37
2 8 37
0 7 37
0 41 47
4 2 32
2 1 32
0 0 32
0 30 4
0 2 36
0 46 9
1 9 6
6 9 5
0 10 5
6 1 43
0 1 44
0 29 4
0 38 32
4 13 28
0 13 27
5 25 29
2 24 29
3 23 29
0 23 28
0 29 36
0 12 13
2 24 2
0 25 2
1 41 12
0 41 11
2 33 35
0 32 35
1 44 29
0 44 30
1 1 2
0 1 1
5 42 16
0 42 17
0 15 2
1 6 22
3 6 23
0 7 23
0 47 10
1 4 20
6 4 19
0 5 19
3 44 25
2 45 25
2 46 25
2 47 25
0 48 25
0 26 44
2 31 17
2 30 17
0 29 17
1 47 41
0 47 40
0 11 28
2 3 47
0 4 47
0 5 40
1 38 6
1 38 5
0 38 4
1 39 41
0 39 40
0 11 47
0 39 39
1 30 6
4 30 7
0 29 7
0 28 7
6 37 23
0 38 23
-1
-1
-1
-1
-1
-1
-1
-1
-1
-1
-1
-1
-1
-1
-1
-1
-1
-1
-1
-1
-1
-1
-1
-1
-1
-1
-1
-1
-1
-1
-1
-1
-1
-1
-1
-1
-1
-1
-1
-1
-1
-1
-1
-1
-1
-1
-1
-1
-1
-1
-1
-1
-1
-1
-1
-1
-1
-1
-1
-1
-1
-1
-1
-1
-1
-1
-1
-1
-1
-1
-1
-1
-1
-1
-1
-1
-1
-1
-1
-1
-1
-1
-1
-1
-1
-1
-1
-1
-1
-1
-1
-1
-1
-1
-1
-1
-1
-1
-1
-1
-1
-1
-1
-1
-1
