0 33 3
1 33 4
1 33 5
1 33 6
1 33 7
1 33 8
1 33 9
1 33 10
1 33 11
1 33 12
1 33 13
1 33 14
1 33 15
1 33 16
1 33 17
1 33 18
1 33 19
1 33 20
1 33 21
1 33 22
1 33 23
1 33 24
1 33 25
1 33 26
1 33 27
1 33 28
1 33 29
1 33 30
0 33 31
2 32 3
2 31 3
2 30 3
2 29 3
-1
2 28 3
2 27 3
2 26 3
2 25 3
2 24 3
2 23 3
2 22 3
2 21 3
-1
2 20 3
2 19 3
6 18 3
4 18 4
2 17 4
2 16 4
-1
-1
-1
-1
-1
-1
-1
-1
-1
-1
-1
-1
-1
-1
-1
-1
-1
-1
-1
-1
-1
-1
-1
-1
-1
-1
-1
-1
-1
-1
-1
-1
-1
-1
-1
-1
-1
-1
-1
-1
-1
-1
-1
-1
-1
-1
-1
-1
-1
-1
-1
-1
-1
-1
-1
0 15 4
2 32 31
2 31 31
2 30 31
2 29 31
6 28 31
1 28 32
4 28 33
2 27 33
2 26 33
2 25 33
2 24 33
2 23 33
2 22 33
2 21 33
2 20 33
2 19 33
2 18 33
2 17 33
2 16 33
2 15 33
2 14 33
2 13 33
2 12 33
2 11 33
2 10 33
2 9 33
2 8 33
2 7 33
2 6 33
2 5 33
2 4 33
-1
-1
-1
-1
-1
-1
-1
-1
-1
-1
-1
-1
-1
-1
-1
-1
-1
-1
-1
-1
-1
-1
-1
-1
-1
-1
-1
-1
-1
-1
-1
0 3 33
1 3 32
1 3 31
1 3 30
1 3 29
6 3 28
2 4 28
2 5 28
2 6 28
2 7 28
2 8 28
2 9 28
2 10 28
2 11 28
2 12 28
2 13 28
2 14 28
2 15 28
2 16 28
2 17 28
2 18 28
2 19 28
2 20 28
2 21 28
2 22 28
2 23 28
2 24 28
2 25 28
2 26 28
2 27 28
-1
0 28 28
1 3 34
1 3 35
1 3 36
1 3 37
3 3 38
2 4 38
-1
-1
-1
-1
-1
-1
-1
-1
-1
-1
0 5 38
1 15 5
1 15 6
1 15 7
1 15 8
1 15 9
1 15 10
1 15 11
4 15 12
2 14 12
2 13 12
2 12 12
2 11 12
2 10 12
-1
0 9 12
2 6 38
2 7 38
2 8 38
2 9 38
2 10 38
2 11 38
2 12 38
2 13 38
2 14 38
4 15 38
6 15 37
2 16 37
2 17 37
2 18 37
0 19 37
-1
-1
-1
-1
-1
-1
-1
0 20 3
1 9 13
1 9 14
1 9 15
3 9 16
2 10 16
-1
-1
-1
0 11 16
1 5 39
1 5 40
1 5 41
4 5 42
6 4 42
1 4 43
1 4 44
1 4 45
4 4 46
2 3 46
2 2 46
2 1 46
0 0 46
6 33 2
2 34 2
2 35 2
2 36 2
2 37 2
2 38 2
2 39 2
2 40 2
2 41 2
0 42 2
1 19 38
1 19 39
0 19 40
2 29 28
2 30 28
0 31 28
-1
-1
0 15 10
2 20 40
2 21 40
2 22 40
2 23 40
0 24 40
6 14 4
4 14 5
2 13 5
2 12 5
6 11 5
0 11 6
1 11 17
4 11 18
2 10 18
2 9 18
2 8 18
2 7 18
2 6 18
2 5 18
0 4 18
2 8 12
2 7 12
2 6 12
2 5 12
2 4 12
0 3 12
0 4 46
0 35 2
0 26 3
1 19 36
5 19 35
0 18 35
1 19 41
4 19 42
2 18 42
0 17 42
1 24 41
1 24 42
1 24 43
1 24 44
1 24 45
0 24 46
0 15 7
1 17 43
1 17 44
4 17 45
2 16 45
2 15 45
2 14 45
6 13 45
0 13 46
0 8 18
0 28 32
0 33 7
3 20 4
0 21 4
0 15 11
1 24 39
1 24 38
6 24 37
2 25 37
0 26 37
0 28 3
0 19 28
1 21 5
1 21 6
1 21 7
3 21 8
0 22 8
0 33 23
0 11 5
2 25 40
2 26 40
2 27 40
2 28 40
2 29 40
2 30 40
0 31 40
0 12 38
0 3 30
0 13 45
0 24 33
2 43 2
2 44 2
2 45 2
2 46 2
0 47 2
0 8 38
0 18 3
0 4 42
0 19 29
2 16 7
0 17 7
0 7 28
0 33 14
0 4 38
0 18 34
2 32 14
0 31 14
0 2 33
0 32 7
1 33 32
0 33 33
0 10 28
1 47 3
1 47 4
1 47 5
1 47 6
0 47 7
2 25 46
2 26 46
0 27 46
6 11 15
2 12 15
0 13 15
0 18 2
1 8 39
3 8 40
0 9 40
1 9 11
1 9 10
5 9 9
2 8 9
0 7 9
0 34 23
1 22 9
0 22 10
0 31 39
1 9 41
1 9 42
0 9 43
0 29 40
2 28 46
0 29 46
1 4 19
1 4 20
1 4 21
0 4 22
0 15 38
1 31 15
1 31 16
4 31 17
0 30 17
1 30 18
0 30 19
2 34 31
2 35 31
5 36 31
3 36 32
2 37 32
2 38 32
2 39 32
2 40 32
2 41 32
0 42 32
0 10 33
1 11 4
1 11 3
1 11 2
6 11 1
0 12 1
6 42 31
2 43 31
0 44 31
1 13 16
1 13 17
1 13 18
1 13 19
0 13 20
2 14 20
0 15 20
5 16 11
0 16 12
5 30 16
2 29 16
2 28 16
0 27 16
2 46 7
2 45 7
2 44 7
0 43 7
0 24 28
1 24 27
1 24 26
0 24 25
0 22 11
1 43 8
1 43 9
1 43 10
3 43 11
0 44 11
2 23 25
0 22 25
6 28 2
0 29 2
0 19 42
3 6 9
1 6 8
1 6 7
0 6 6
1 15 19
1 15 18
6 15 17
0 16 17
6 16 16
2 17 16
0 18 16
2 25 25
0 26 25
4 34 14
6 34 13
2 35 13
2 36 13
0 37 13
1 37 12
1 37 11
0 37 10
2 30 46
2 31 46
2 32 46
0 33 46
3 10 5
1 10 4
1 10 3
5 10 2
0 9 2
0 24 42
2 5 22
2 6 22
0 7 22
1 44 12
3 44 13
2 45 13
2 46 13
0 47 13
1 47 14
1 47 15
1 47 16
1 47 17
1 47 18
1 47 19
0 47 20
5 43 6
2 42 6
2 41 6
0 40 6
0 33 47
1 22 24
1 22 23
5 22 22
2 21 22
0 20 22
1 12 37
6 12 36
0 13 36
1 26 4
1 26 5
0 26 6
1 34 24
1 34 25
3 34 26
2 35 26
0 36 26
1 4 17
1 4 16
6 4 15
0 5 15
1 37 14
1 37 15
0 37 16
1 47 21
4 47 22
0 46 22
4 19 30
2 18 30
2 17 30
2 16 30
0 15 30
3 2 30
1 2 29
5 2 28
3 1 28
0 1 27
0 9 33
2 32 23
6 31 23
0 31 24
6 36 25
2 37 25
2 38 25
4 39 25
6 39 24
0 40 24
1 31 13
1 31 12
5 31 11
0 30 11
2 3 42
2 2 42
0 1 42
1 33 45
1 33 44
6 33 43
2 34 43
2 35 43
2 36 43
2 37 43
2 38 43
0 39 43
1 18 17
3 18 18
2 19 18
2 20 18
2 21 18
0 22 18
2 32 39
2 33 39
2 34 39
2 35 39
0 36 39
-1
-1
-1
-1
-1
-1
-1
-1
-1
-1
-1
-1
-1
-1
-1
-1
-1
-1
-1
-1
-1
-1
-1
-1
-1
-1
-1
-1
-1
-1
-1
-1
-1
-1
-1
-1
-1
-1
-1
-1
-1
-1
-1
-1
-1
-1
-1
-1
-1
-1
-1
-1
-1
-1
-1
-1
-1
-1
-1
-1
-1
-1
-1
-1
-1
-1
-1
-1
-1
-1
-1
-1
-1
-1
-1
-1
-1
-1
-1
-1
-1
-1
-1
-1
-1
-1
-1
-1
-1
-1
-1
-1
-1
-1
-1
-1
-1
-1
-1
-1
-1
-1
-1
-1
-1
-1
-1
-1
-1
-1
-1
-1
-1
-1
-1
-1
-1
-1
-1
-1
-1
-1
-1
-1
-1
-1
-1
-1
-1
-1
-1
-1
-1
-1
-1
-1
-1
-1
-1
-1
-1
-1
-1
-1
-1
-1
-1
-1
-1
-1
-1
-1
-1
-1
-1
-1
-1
-1
-1
-1
-1
-1
-1
-1
-1
-1
-1
-1
-1
-1
-1
-1
-1
-1
-1
-1
-1
-1
-1
-1
-1
-1
-1
-1
-1
