0 5 26
1 5 25
6 5 24
2 6 24
2 7 24
2 8 24
2 9 24
2 10 24
2 11 24
2 12 24
2 13 24
2 14 24
2 15 24
2 16 24
2 17 24
2 18 24
2 19 24
2 20 24
2 21 24
2 22 24
2 23 24
2 24 24
2 25 24
2 26 24
2 27 24
2 28 24
2 29 24
2 30 24
2 31 24
2 32 24
2 33 24
2 34 24
2 35 24
2 36 24
2 37 24
0 38 24
1 5 27
4 5 28
2 4 28
2 3 28
2 2 28
6 1 28
1 1 29
1 1 30
1 1 31
1 1 32
1 1 33
-1
-1
-1
-1
-1
-1
-1
-1
-1
-1
-1
-1
-1
-1
-1
-1
-1
-1
-1
-1
-1
-1
-1
-1
-1
-1
-1
-1
-1
-1
-1
-1
-1
0 1 34
1 38 23
1 38 22
1 38 21
1 38 20
5 38 19
2 37 19
2 36 19
3 35 19
1 35 18
1 35 17
1 35 16
1 35 15
1 35 14
1 35 13
1 35 12
1 35 11
1 35 10
1 35 9
-1
-1
-1
-1
-1
-1
-1
-1
-1
-1
-1
-1
-1
-1
-1
-1
-1
-1
-1
-1
-1
0 35 8
2 39 24
2 40 24
2 41 24
2 42 24
2 43 24
5 44 24
1 44 25
3 44 26
-1
-1
-1
-1
-1
-1
-1
-1
-1
-1
-1
-1
0 45 26
-1
-1
-1
-1
-1
-1
-1
-1
-1
-1
-1
-1
-1
-1
-1
0 1 28
3 4 26
1 4 25
1 4 24
1 4 23
1 4 22
1 4 21
1 4 20
1 4 19
6 4 18
2 5 18
2 6 18
-1
-1
-1
-1
0 7 18
1 45 27
4 45 28
2 44 28
2 43 28
2 42 28
6 41 28
1 41 29
1 41 30
1 41 31
1 41 32
1 41 33
1 41 34
-1
-1
-1
0 41 35
1 41 36
4 41 37
2 40 37
2 39 37
2 38 37
-1
-1
-1
-1
-1
0 37 37
-1
-1
-1
-1
-1
-1
-1
0 4 21
1 7 19
3 7 20
2 8 20
2 9 20
2 10 20
2 11 20
-1
0 12 20
1 37 38
1 37 39
1 37 40
1 37 41
1 37 42
1 37 43
1 37 44
0 37 45
2 38 45
2 39 45
2 40 45
2 41 45
2 42 45
0 43 45
6 43 44
2 44 44
2 45 44
2 46 44
2 47 44
0 48 44
1 45 25
1 45 24
1 45 23
1 45 22
5 45 21
2 44 21
0 43 21
1 7 17
1 7 16
1 7 15
1 7 14
1 7 13
1 7 12
1 7 11
1 7 10
6 7 9
0 8 9
0 35 11
2 3 21
3 2 21
1 2 20
1 2 19
1 2 18
0 2 17
0 9 24
2 2 34
2 3 34
2 4 34
0 5 34
1 12 19
1 12 18
1 12 17
6 12 16
2 13 16
0 14 16
1 9 25
1 9 26
0 9 27
1 37 46
1 37 47
0 37 48
1 48 45
1 48 46
4 48 47
0 47 47
0 2 21
2 42 21
0 41 21
6 8 8
2 9 8
0 10 8
2 6 34
2 7 34
2 8 34
2 9 34
2 10 34
2 11 34
0 12 34
0 41 28
1 14 15
5 14 14
0 13 14
1 12 35
0 12 36
0 35 19
1 41 20
1 41 19
1 41 18
0 41 17
0 41 32
1 12 37
1 12 38
1 12 39
1 12 40
0 12 41
1 5 33
1 5 32
1 5 31
5 5 30
0 4 30
1 41 16
5 41 15
0 40 15
1 12 33
1 12 32
0 12 31
0 44 24
5 13 31
3 13 32
2 14 32
2 15 32
2 16 32
0 17 32
0 36 48
2 15 16
2 16 16
0 17 16
0 42 35
2 36 8
2 37 8
2 38 8
0 39 8
1 12 42
1 12 43
0 12 44
1 17 31
1 17 30
6 17 29
2 18 29
2 19 29
0 20 29
0 38 20
0 12 14
0 41 30
2 13 44
2 14 44
0 15 44
1 2 16
6 2 15
0 3 15
2 16 44
2 17 44
2 18 44
2 19 44
2 20 44
2 21 44
0 22 44
2 23 44
2 24 44
2 25 44
0 26 44
6 34 11
4 34 12
0 33 12
0 20 28
2 40 32
0 39 32
0 39 45
1 3 14
6 3 13
0 4 13
2 40 8
2 41 8
2 42 8
2 43 8
0 44 8
1 4 12
0 4 11
0 45 8
2 42 17
2 43 17
2 44 17
2 45 17
0 46 17
2 43 35
2 44 35
2 45 35
2 46 35
0 47 35
0 47 34
0 33 24
0 10 27
2 1 21
0 0 21
0 31 24
1 12 21
3 12 22
0 13 22
1 31 25
1 31 26
0 31 27
6 40 14
2 41 14
0 42 14
2 36 37
2 35 37
2 34 37
2 33 37
0 32 37
0 37 39
1 5 35
1 5 36
3 5 37
0 6 37
2 14 22
2 15 22
0 16 22
2 17 22
2 18 22
2 19 22
2 20 22
0 21 22
0 45 21
1 6 38
1 6 39
0 6 40
3 22 45
2 23 45
0 24 45
2 40 28
2 39 28
2 38 28
2 37 28
0 36 28
1 17 15
1 17 14
6 17 13
2 18 13
4 19 13
1 19 12
6 19 11
2 20 11
0 21 11
2 21 29
2 22 29
0 23 29
6 21 10
2 22 10
2 23 10
0 24 10
1 45 7
1 45 6
1 45 5
1 45 4
1 45 3
0 45 2
1 10 7
1 10 6
1 10 5
1 10 4
5 10 3
3 9 3
0 9 2
6 8 2
1 8 3
4 8 4
2 7 4
2 6 4
2 5 4
2 4 4
2 3 4
2 2 4
0 1 4
2 10 2
2 11 2
2 12 2
2 13 2
2 14 2
2 15 2
2 16 2
2 17 2
0 18 2
1 26 43
6 26 42
2 27 42
2 28 42
2 29 42
0 30 42
-1
-1
-1
-1
-1
-1
-1
-1
-1
-1
-1
-1
-1
-1
-1
-1
-1
-1
-1
-1
-1
-1
-1
-1
-1
-1
-1
-1
-1
-1
-1
-1
-1
-1
-1
-1
-1
-1
-1
-1
-1
-1
-1
-1
-1
-1
-1
-1
-1
-1
-1
-1
-1
-1
-1
-1
-1
-1
-1
-1
-1
-1
-1
-1
-1
-1
-1
-1
-1
-1
-1
-1
-1
-1
-1
-1
-1
-1
-1
-1
-1
-1
-1
-1
-1
-1
-1
-1
-1
-1
-1
-1
-1
-1
-1
-1
-1
-1
-1
-1
-1
-1
-1
-1
-1
-1
-1
-1
-1
-1
-1
-1
-1
-1
-1
-1
-1
-1
-1
-1
-1
-1
-1
-1
-1
-1
-1
-1
-1
-1
-1
-1
-1
-1
-1
-1
-1
-1
-1
-1
-1
-1
-1
-1
-1
-1
-1
-1
-1
-1
-1
-1
-1
-1
-1
-1
-1
-1
-1
-1
-1
-1
-1
-1
-1
-1
-1
-1
-1
-1
-1
-1
-1
-1
-1
-1
-1
-1
-1
-1
-1
-1
-1
-1
-1
-1
-1
-1
-1
-1
-1
-1
-1
-1
-1
-1
-1
-1
-1
-1
-1
-1
-1
-1
-1
-1
-1
-1
-1
-1
-1
-1
-1
-1
-1
-1
-1
-1
-1
-1
-1
-1
-1
-1
-1
-1
-1
-1
-1
-1
-1
-1
-1
-1
-1
-1
-1
-1
-1
-1
-1
-1
-1
-1
-1
-1
-1
-1
-1
-1
-1
-1
-1
-1
-1
-1
-1
-1
-1
-1
-1
-1
-1
-1
-1
-1
-1
-1
-1
-1
-1
-1
-1
-1
-1
-1
-1
-1
-1
-1
-1
-1
-1
-1
-1
-1
-1
-1
-1
-1
-1
-1
-1
-1
-1
-1
-1
-1
-1
-1
-1
-1
-1
-1
-1
