0 43 38
1 43 37
1 43 36
1 43 35
1 43 34
5 43 33
2 42 33
2 41 33
2 40 33
2 39 33
2 38 33
2 37 33
2 36 33
2 35 33
2 34 33
2 33 33
2 32 33
2 31 33
2 30 33
2 29 33
3 28 33
1 28 32
1 28 31
1 28 30
1 28 29
1 28 28
1 28 27
1 28 26
5 28 25
3 27 25
1 27 24
0 27 23
1 27 22
1 27 21
1 27 20
1 27 19
1 27 18
1 27 17
1 27 16
1 27 15
1 27 14
1 27 13
1 27 12
-1
-1
-1
-1
-1
-1
-1
-1
-1
-1
-1
-1
-1
-1
0 27 11
-1
2 26 11
3 25 11
1 25 10
-1
5 25 9
2 24 9
2 23 9
-1
2 22 9
2 21 9
2 20 9
-1
3 19 9
5 19 8
2 18 8
-1
2 17 8
2 16 8
-1
-1
-1
-1
-1
-1
-1
-1
-1
-1
-1
-1
-1
-1
-1
-1
-1
-1
-1
-1
-1
-1
-1
-1
-1
-1
-1
-1
-1
-1
-1
-1
-1
-1
-1
-1
-1
-1
-1
-1
-1
-1
-1
-1
-1
-1
-1
-1
-1
-1
-1
-1
-1
-1
-1
-1
-1
-1
-1
-1
-1
-1
-1
-1
-1
-1
0 15 8
1 15 9
1 15 10
1 15 11
-1
-1
-1
-1
-1
-1
-1
-1
-1
-1
-1
-1
-1
-1
-1
-1
-1
-1
-1
-1
-1
-1
-1
-1
-1
-1
-1
-1
-1
-1
-1
-1
-1
-1
-1
-1
0 15 12
3 43 39
2 44 39
2 45 39
2 46 39
-1
-1
-1
-1
-1
-1
-1
-1
-1
-1
-1
-1
-1
-1
-1
-1
-1
-1
-1
-1
-1
-1
-1
-1
-1
-1
-1
-1
-1
0 47 39
3 26 23
1 26 22
1 26 21
1 26 20
5 26 19
2 25 19
2 24 19
2 23 19
-1
-1
-1
-1
-1
-1
-1
-1
-1
-1
-1
-1
-1
-1
-1
-1
-1
-1
0 22 19
5 15 7
2 14 7
2 13 7
2 12 7
2 11 7
2 10 7
2 9 7
2 8 7
2 7 7
2 6 7
2 5 7
-1
-1
-1
-1
-1
-1
-1
-1
-1
-1
-1
0 4 7
1 47 40
1 47 41
1 47 42
1 47 43
1 47 44
1 47 45
1 47 46
-1
-1
-1
-1
-1
-1
-1
-1
-1
-1
-1
0 47 47
1 4 8
1 4 9
1 4 10
1 4 11
1 4 12
1 4 13
1 4 14
4 4 15
6 3 15
1 3 16
-1
-1
-1
-1
-1
-1
-1
-1
0 3 17
1 3 18
1 3 19
1 3 20
1 3 21
1 3 22
1 3 23
1 3 24
1 3 25
1 3 26
1 3 27
1 3 28
1 3 29
1 3 30
1 3 31
1 3 32
4 3 33
6 2 33
1 2 34
1 2 35
1 2 36
1 2 37
1 2 38
1 2 39
0 2 40
1 2 41
1 2 42
1 2 43
1 2 44
-1
-1
-1
-1
0 2 45
4 28 23
1 28 22
6 28 21
2 29 21
2 30 21
-1
-1
-1
-1
-1
-1
0 31 21
1 27 10
6 27 9
2 28 9
2 29 9
2 30 9
2 31 9
2 32 9
2 33 9
2 34 9
2 35 9
-1
0 36 9
2 37 9
4 38 9
1 38 8
6 38 7
2 39 7
2 40 7
4 41 7
1 41 6
6 41 5
2 42 5
2 43 5
2 44 5
2 45 5
0 46 5
1 15 13
3 15 14
2 16 14
5 17 14
1 17 15
3 17 16
0 18 16
1 31 20
5 31 19
2 30 19
2 29 19
-1
-1
-1
0 28 19
-1
-1
-1
-1
-1
-1
-1
0 2 33
-1
-1
-1
-1
-1
-1
0 42 5
-1
-1
-1
-1
-1
-1
0 19 9
-1
-1
-1
-1
-1
0 39 33
3 14 12
5 14 11
2 13 11
2 12 11
2 11 11
2 10 11
0 9 11
1 46 6
1 46 7
1 46 8
4 46 9
-1
0 45 9
-1
-1
-1
-1
-1
0 38 9
6 42 38
1 42 39
1 42 40
-1
0 42 41
-1
-1
-1
-1
0 43 33
2 3 40
2 4 40
-1
-1
0 5 40
1 38 10
1 38 11
1 38 12
1 38 13
1 38 14
1 38 15
1 38 16
3 38 17
2 39 17
0 40 17
0 47 44
1 18 17
1 18 18
4 18 19
2 17 19
0 16 19
1 40 18
1 40 19
1 40 20
1 40 21
3 40 22
2 41 22
2 42 22
2 43 22
2 44 22
0 45 22
0 27 25
-1
0 3 15
-1
-1
-1
0 38 15
-1
-1
-1
0 5 41
-1
-1
-1
0 28 33
-1
-1
-1
0 26 23
-1
-1
0 4 17
1 31 22
1 31 23
1 31 24
3 31 25
2 32 25
2 33 25
0 34 25
0 17 14
3 47 48
-1
-1
0 48 48
2 27 33
2 26 33
2 25 33
2 24 33
2 23 33
2 22 33
2 21 33
0 20 33
0 25 11
0 41 7
1 20 34
1 20 35
1 20 36
1 20 37
1 20 38
1 20 39
1 20 40
0 20 41
-1
-1
-1
-1
-1
-1
-1
-1
-1
-1
-1
-1
-1
-1
-1
-1
-1
-1
-1
-1
-1
-1
-1
-1
-1
-1
-1
-1
-1
-1
-1
-1
-1
-1
-1
-1
-1
-1
-1
-1
-1
-1
-1
-1
-1
-1
-1
-1
-1
-1
-1
-1
-1
-1
-1
-1
-1
-1
-1
-1
-1
-1
-1
-1
-1
-1
-1
-1
-1
-1
-1
-1
-1
-1
-1
-1
-1
-1
-1
-1
-1
-1
-1
-1
-1
-1
-1
-1
-1
-1
-1
-1
-1
-1
-1
-1
-1
-1
-1
-1
-1
-1
-1
-1
-1
-1
-1
-1
-1
-1
-1
-1
-1
-1
-1
-1
-1
-1
-1
-1
-1
-1
-1
-1
-1
-1
-1
-1
-1
-1
-1
-1
-1
-1
-1
-1
-1
-1
-1
-1
-1
-1
-1
-1
-1
-1
-1
-1
-1
-1
-1
-1
-1
-1
-1
-1
-1
-1
-1
-1
-1
-1
-1
-1
-1
-1
-1
-1
-1
-1
-1
-1
-1
-1
-1
-1
-1
-1
-1
-1
-1
-1
-1
-1
-1
-1
-1
-1
-1
-1
-1
-1
-1
-1
-1
-1
-1
-1
-1
-1
-1
-1
-1
-1
-1
-1
-1
-1
-1
-1
-1
-1
-1
-1
-1
-1
-1
-1
-1
-1
-1
-1
-1
-1
-1
-1
-1
-1
-1
-1
-1
-1
-1
-1
-1
-1
-1
-1
-1
-1
-1
-1
-1
-1
-1
-1
-1
-1
-1
-1
-1
-1
-1
-1
-1
-1
-1
-1
-1
-1
-1
-1
-1
-1
-1
-1
-1
-1
