0 38 19
1 38 20
3 38 21
2 39 21
2 40 21
2 41 21
2 42 21
2 43 21
2 44 21
2 45 21
5 46 21
1 46 22
1 46 23
1 46 24
1 46 25
0 46 26
6 37 19
4 37 20
-1
2 36 20
-1
-1
-1
2 35 20
-1
-1
2 34 20
-1
-1
2 33 20
-1
-1
-1
2 32 20
-1
-1
2 31 20
-1
-1
2 30 20
-1
-1
-1
2 29 20
-1
-1
2 28 20
-1
-1
2 27 20
-1
-1
-1
2 26 20
-1
-1
2 25 20
-1
-1
2 24 20
-1
-1
-1
2 23 20
-1
-1
2 22 20
-1
-1
2 21 20
-1
-1
-1
2 20 20
-1
-1
2 19 20
-1
-1
2 18 20
-1
-1
-1
2 17 20
-1
-1
2 16 20
-1
-1
-1
-1
-1
-1
-1
-1
-1
-1
-1
-1
-1
-1
-1
-1
-1
-1
-1
-1
-1
-1
-1
-1
-1
-1
-1
-1
-1
-1
-1
-1
-1
-1
-1
-1
-1
-1
-1
-1
-1
-1
-1
-1
-1
-1
-1
-1
-1
-1
-1
-1
-1
-1
-1
-1
-1
-1
-1
-1
-1
-1
-1
-1
-1
-1
-1
-1
-1
-1
-1
-1
-1
-1
-1
-1
-1
-1
-1
-1
-1
-1
-1
-1
-1
-1
-1
-1
-1
-1
-1
-1
-1
-1
-1
-1
-1
-1
-1
-1
-1
-1
-1
-1
-1
-1
-1
-1
-1
-1
-1
-1
-1
-1
-1
-1
-1
-1
-1
-1
-1
-1
-1
-1
-1
-1
-1
-1
-1
-1
-1
-1
-1
-1
-1
-1
-1
-1
-1
-1
-1
-1
-1
-1
-1
-1
-1
-1
-1
-1
-1
-1
-1
-1
-1
-1
-1
-1
-1
-1
-1
-1
-1
-1
-1
-1
0 15 20
-1
1 46 27
1 46 28
1 46 29
-1
-1
-1
-1
-1
-1
-1
-1
-1
-1
-1
-1
-1
-1
-1
-1
-1
-1
-1
-1
-1
-1
-1
-1
-1
-1
-1
-1
-1
-1
-1
-1
-1
-1
-1
-1
-1
-1
-1
-1
-1
-1
-1
-1
-1
-1
-1
-1
-1
-1
-1
-1
-1
-1
-1
-1
-1
-1
-1
-1
-1
-1
-1
-1
-1
-1
-1
-1
-1
-1
0 46 30
1 38 18
1 38 17
1 38 16
1 38 15
1 38 14
6 38 13
2 39 13
2 40 13
2 41 13
2 42 13
2 43 13
2 44 13
-1
-1
-1
-1
-1
-1
-1
-1
-1
-1
-1
-1
-1
-1
-1
-1
-1
-1
-1
-1
-1
-1
-1
-1
-1
-1
-1
-1
-1
-1
-1
-1
-1
-1
-1
-1
-1
-1
-1
-1
-1
0 45 13
1 15 21
1 15 22
1 15 23
1 15 24
1 15 25
1 15 26
1 15 27
1 15 28
4 15 29
6 14 29
1 14 30
4 14 31
2 13 31
2 12 31
2 11 31
2 10 31
2 9 31
2 8 31
2 7 31
2 6 31
-1
-1
-1
-1
-1
-1
-1
-1
-1
-1
-1
-1
-1
-1
-1
-1
-1
-1
-1
-1
-1
-1
-1
-1
-1
-1
-1
0 5 31
1 45 12
1 45 11
1 45 10
1 45 9
1 45 8
1 45 7
1 45 6
1 45 5
1 45 4
5 45 3
2 44 3
2 43 3
-1
-1
-1
-1
-1
-1
-1
-1
-1
-1
-1
-1
-1
-1
-1
-1
-1
0 42 3
-1
-1
-1
-1
-1
-1
-1
-1
-1
-1
-1
-1
-1
-1
-1
-1
-1
0 22 20
1 42 2
6 42 1
2 43 1
2 44 1
2 45 1
2 46 1
-1
-1
-1
-1
-1
-1
-1
-1
-1
-1
-1
0 47 1
1 22 21
1 22 22
1 22 23
1 22 24
1 22 25
1 22 26
1 22 27
3 22 28
-1
-1
-1
-1
-1
-1
-1
-1
0 23 28
-1
-1
-1
-1
-1
-1
-1
-1
-1
-1
0 14 29
1 23 29
1 23 30
1 23 31
4 23 32
2 22 32
2 21 32
6 20 32
1 20 33
1 20 34
1 20 35
4 20 36
-1
0 19 36
3 5 32
5 6 32
1 6 33
1 6 34
1 6 35
3 6 36
2 7 36
-1
-1
0 8 36
-1
-1
-1
-1
-1
-1
0 42 13
1 5 30
1 5 29
5 5 28
-1
-1
-1
-1
0 4 28
-1
-1
-1
-1
-1
-1
0 6 31
4 42 4
2 41 4
2 40 4
2 39 4
2 38 4
-1
0 37 4
1 19 37
1 19 38
1 19 39
1 19 40
1 19 41
1 19 42
3 19 43
0 20 43
2 36 4
2 35 4
2 34 4
2 33 4
0 32 4
1 22 19
1 22 18
1 22 17
1 22 16
1 22 15
1 22 14
0 22 13
1 46 31
1 46 32
1 46 33
1 46 34
1 46 35
1 46 36
1 46 37
0 46 38
-1
0 46 21
4 46 13
1 46 12
1 46 11
6 46 10
2 47 10
0 48 10
1 32 3
1 32 2
5 32 1
2 31 1
2 30 1
0 29 1
1 22 12
1 22 11
1 22 10
1 22 9
1 22 8
5 22 7
2 21 7
2 20 7
2 19 7
2 18 7
2 17 7
2 16 7
0 15 7
0 20 32
0 45 14
2 45 30
0 44 30
4 23 13
6 23 12
2 24 12
2 25 12
0 26 12
1 8 37
1 8 38
1 8 39
1 8 40
0 8 41
4 44 31
2 43 31
2 42 31
2 41 31
2 40 31
0 39 31
-1
-1
-1
-1
-1
-1
-1
-1
-1
-1
-1
-1
-1
-1
-1
-1
-1
-1
-1
-1
-1
-1
-1
-1
-1
-1
-1
-1
-1
-1
-1
-1
-1
-1
-1
-1
-1
-1
-1
-1
-1
-1
-1
-1
-1
-1
-1
-1
-1
-1
-1
-1
-1
-1
-1
-1
-1
-1
-1
-1
-1
-1
-1
-1
-1
-1
-1
-1
-1
-1
-1
-1
-1
-1
-1
-1
-1
-1
-1
-1
-1
-1
-1
-1
-1
-1
-1
-1
-1
-1
-1
-1
-1
-1
-1
-1
-1
-1
-1
-1
-1
-1
-1
-1
-1
-1
-1
-1
-1
-1
-1
-1
-1
-1
-1
-1
-1
-1
-1
-1
-1
-1
-1
-1
-1
-1
-1
-1
-1
-1
-1
-1
-1
-1
-1
-1
-1
-1
-1
-1
-1
-1
-1
-1
-1
-1
-1
-1
