0 34 19
4 34 20
2 33 20
2 32 20
2 31 20
6 30 20
1 30 21
1 30 22
4 30 23
2 29 23
2 28 23
2 27 23
6 26 23
1 26 24
1 26 25
1 26 26
1 26 27
1 26 28
1 26 29
1 26 30
1 26 31
1 26 32
1 26 33
1 26 34
4 26 35
2 25 35
2 24 35
2 23 35
2 22 35
2 21 35
2 20 35
0 19 35
-1
3 19 36
2 20 36
-1
2 21 36
-1
5 22 36
1 22 37
-1
1 22 38
1 22 39
-1
1 22 40
-1
-1
-1
-1
-1
-1
-1
-1
-1
-1
-1
-1
-1
-1
-1
-1
-1
-1
-1
-1
-1
-1
-1
-1
-1
-1
-1
-1
-1
-1
-1
-1
-1
-1
-1
-1
-1
-1
-1
-1
-1
-1
-1
-1
-1
-1
-1
-1
-1
-1
-1
-1
-1
-1
-1
-1
-1
-1
-1
-1
-1
-1
-1
-1
-1
-1
-1
-1
-1
-1
-1
-1
-1
-1
-1
-1
-1
0 22 41
6 34 18
2 35 18
2 36 18
2 37 18
4 38 18
6 38 17
2 39 17
-1
-1
-1
-1
-1
-1
-1
-1
-1
-1
-1
-1
-1
-1
-1
-1
-1
-1
-1
-1
-1
-1
-1
-1
-1
-1
-1
0 40 17
-1
-1
-1
-1
-1
-1
-1
-1
-1
-1
-1
-1
-1
-1
-1
-1
-1
-1
-1
-1
-1
-1
-1
-1
0 26 35
3 33 19
1 33 18
1 33 17
1 33 16
1 33 15
1 33 14
1 33 13
1 33 12
1 33 11
1 33 10
1 33 9
1 33 8
1 33 7
1 33 6
1 33 5
1 33 4
5 33 3
-1
-1
-1
-1
-1
-1
-1
0 32 3
2 31 3
2 30 3
2 29 3
6 28 3
4 28 4
6 27 4
4 27 5
2 26 5
2 25 5
2 24 5
2 23 5
2 22 5
2 21 5
2 20 5
2 19 5
2 18 5
2 17 5
2 16 5
2 15 5
2 14 5
2 13 5
2 12 5
0 11 5
1 40 18
1 40 19
1 40 20
1 40 21
1 40 22
1 40 23
1 40 24
1 40 25
3 40 26
2 41 26
2 42 26
2 43 26
2 44 26
5 45 26
1 45 27
0 45 28
-1
-1
-1
-1
-1
-1
-1
0 22 36
1 11 4
1 11 3
1 11 2
6 11 1
2 12 1
2 13 1
2 14 1
2 15 1
0 16 1
1 11 6
1 11 7
3 11 8
2 12 8
2 13 8
5 14 8
-1
0 14 9
1 45 29
1 45 30
1 45 31
1 45 32
1 45 33
3 45 34
2 46 34
2 47 34
2 48 34
0 49 34
6 44 28
1 44 29
1 44 30
4 44 31
0 43 31
1 32 4
1 32 5
1 32 6
4 32 7
0 31 7
1 14 10
4 14 11
2 13 11
2 12 11
0 11 11
2 15 9
2 16 9
2 17 9
2 18 9
0 19 9
1 32 2
1 32 1
6 32 0
2 33 0
2 34 0
2 35 0
2 36 0
2 37 0
2 38 0
2 39 0
0 40 0
0 33 15
6 10 5
1 10 6
4 10 7
2 9 7
0 8 7
5 41 17
1 41 18
3 41 19
0 42 19
1 22 42
1 22 43
0 22 44
1 40 16
1 40 15
1 40 14
1 40 13
6 40 12
0 41 12
1 41 11
0 41 10
0 11 1
1 19 10
3 19 11
2 20 11
0 21 11
2 21 41
2 20 41
2 19 41
2 18 41
2 17 41
2 16 41
0 15 41
0 38 18
1 8 6
5 8 5
0 7 5
1 22 45
0 22 46
1 8 8
0 8 9
1 40 1
3 40 2
2 41 2
2 42 2
0 43 2
0 26 31
2 23 36
5 24 36
1 24 37
0 24 38
0 33 7
1 43 3
1 43 4
1 43 5
0 43 6
2 34 15
2 35 15
0 36 15
5 15 40
2 14 40
2 13 40
2 12 40
2 11 40
2 10 40
2 9 40
0 8 40
0 26 23
0 30 20
0 40 26
0 27 4
2 32 15
2 31 15
2 30 15
0 29 15
1 8 39
1 8 38
1 8 37
0 8 36
4 21 12
2 20 12
2 19 12
2 18 12
0 17 12
2 7 36
0 6 36
0 14 8
5 22 11
1 22 12
0 22 13
1 29 14
1 29 13
6 29 12
2 30 12
0 31 12
0 18 41
0 20 5
0 18 5
0 40 24
2 7 7
2 6 7
0 5 7
4 23 13
6 23 12
0 24 12
0 34 20
1 11 12
0 11 13
4 27 35
6 27 34
2 28 34
0 29 34
1 15 42
4 15 43
2 14 43
0 13 43
2 42 12
2 43 12
2 44 12
2 45 12
2 46 12
0 47 12
0 27 23
4 43 32
2 42 32
2 41 32
2 40 32
2 39 32
2 38 32
0 37 32
1 47 11
0 47 10
0 12 5
1 16 2
0 16 3
2 12 13
0 13 13
5 34 7
3 34 8
0 35 8
0 43 4
4 22 14
2 21 14
6 20 14
0 20 15
1 29 35
1 29 36
0 29 37
1 13 14
1 13 15
1 13 16
1 13 17
1 13 18
1 13 19
1 13 20
0 13 21
1 37 31
1 37 30
5 37 29
0 36 29
2 35 29
0 34 29
2 14 21
2 15 21
0 16 21
0 32 1
1 47 13
1 47 14
0 47 15
1 8 41
1 8 42
0 8 43
1 8 44
1 8 45
1 8 46
1 8 47
4 8 48
2 7 48
2 6 48
2 5 48
0 4 48
0 47 16
6 8 35
2 9 35
0 10 35
1 24 11
1 24 10
1 24 9
0 24 8
3 16 22
2 17 22
0 18 22
0 45 26
1 22 47
0 22 48
2 21 48
2 20 48
0 19 48
1 11 14
1 11 15
4 11 16
2 10 16
2 9 16
2 8 16
2 7 16
2 6 16
0 5 16
1 18 23
1 18 24
0 18 25
1 18 26
3 18 27
0 19 27
2 30 37
2 31 37
0 32 37
1 32 38
1 32 39
1 32 40
1 32 41
1 32 42
3 32 43
2 33 43
0 34 43
2 35 43
2 36 43
2 37 43
0 38 43
2 39 43
2 40 43
2 41 43
0 42 43
1 26 22
1 26 21
1 26 20
1 26 19
0 26 18
1 6 35
5 6 34
0 5 34
0 18 42
2 23 46
2 24 46
2 25 46
0 26 46
4 6 37
2 5 37
2 4 37
2 3 37
2 2 37
2 1 37
0 0 37
1 35 7
6 35 6
2 36 6
2 37 6
0 38 6
2 27 46
2 28 46
0 29 46
1 38 44
1 38 45
0 38 46
1 43 1
6 43 0
2 44 0
2 45 0
2 46 0
0 47 0
1 13 44
4 13 45
2 12 45
6 11 45
1 11 46
1 11 47
0 11 48
2 4 16
2 3 16
2 2 16
0 1 16
1 42 44
1 42 45
1 42 46
1 42 47
1 42 48
3 42 49
2 43 49
2 44 49
2 45 49
2 46 49
0 47 49
-1
-1
-1
-1
-1
-1
-1
-1
-1
-1
-1
-1
-1
-1
-1
-1
-1
-1
-1
-1
-1
-1
-1
-1
-1
-1
-1
-1
-1
-1
-1
-1
-1
-1
-1
-1
-1
-1
-1
-1
-1
-1
-1
-1
-1
-1
-1
-1
-1
-1
-1
-1
-1
-1
-1
-1
-1
-1
-1
-1
-1
-1
-1
-1
-1
-1
-1
-1
-1
-1
-1
-1
-1
-1
-1
-1
-1
-1
-1
-1
-1
-1
-1
-1
-1
-1
-1
-1
-1
-1
-1
-1
-1
-1
-1
-1
-1
-1
-1
-1
-1
-1
-1
-1
-1
-1
-1
-1
-1
-1
-1
-1
-1
-1
-1
-1
-1
-1
-1
-1
-1
-1
-1
-1
-1
-1
-1
-1
-1
-1
-1
-1
-1
-1
-1
-1
-1
-1
-1
-1
-1
-1
-1
-1
-1
-1
-1
-1
-1
-1
-1
-1
-1
-1
-1
-1
-1
-1
-1
-1
-1
-1
-1
-1
-1
-1
-1
-1
-1
-1
-1
-1
-1
-1
-1
-1
-1
-1
-1
-1
-1
-1
-1
-1
-1
-1
-1
-1
-1
-1
-1
-1
-1
-1
-1
-1
