0 6 38
1 6 37
1 6 36
1 6 35
1 6 34
6 6 33
2 7 33
2 8 33
4 9 33
1 9 32
6 9 31
2 10 31
2 11 31
2 12 31
2 13 31
2 14 31
2 15 31
2 16 31
4 17 31
6 17 30
4 18 30
1 18 29
1 18 28
1 18 27
1 18 26
1 18 25
1 18 24
1 18 23
1 18 22
1 18 21
1 18 20
1 18 19
1 18 18
6 18 17
2 19 17
2 20 17
2 21 17
4 22 17
6 22 16
2 23 16
2 24 16
2 25 16
4 26 16
1 26 15
6 26 14
0 27 14
1 6 39
1 6 40
1 6 41
3 6 42
2 7 42
5 8 42
3 8 43
2 9 43
2 10 43
2 11 43
5 12 43
1 12 44
1 12 45
1 12 46
3 12 47
2 13 47
-1
-1
-1
-1
-1
-1
-1
-1
-1
-1
-1
-1
-1
-1
-1
-1
-1
-1
-1
-1
-1
-1
-1
-1
-1
-1
-1
-1
-1
-1
-1
-1
-1
-1
-1
-1
-1
-1
-1
-1
0 14 47
1 27 13
1 27 12
1 27 11
1 27 10
5 27 9
2 26 9
2 25 9
-1
-1
-1
-1
-1
-1
-1
-1
-1
-1
-1
-1
-1
-1
-1
-1
-1
-1
-1
-1
-1
-1
-1
-1
-1
-1
-1
-1
-1
-1
-1
-1
0 24 9
-1
-1
-1
-1
-1
-1
-1
-1
-1
-1
-1
-1
-1
-1
-1
-1
-1
-1
-1
-1
-1
-1
-1
-1
0 8 42
2 23 9
2 22 9
2 21 9
3 20 9
1 20 8
1 20 7
5 20 6
2 19 6
2 18 6
2 17 6
3 16 6
1 16 5
1 16 4
-1
-1
-1
-1
-1
-1
-1
-1
-1
-1
-1
-1
0 16 3
2 15 47
2 16 47
2 17 47
2 18 47
4 19 47
1 19 46
1 19 45
1 19 44
6 19 43
2 20 43
2 21 43
2 22 43
2 23 43
2 24 43
2 25 43
-1
-1
-1
-1
-1
-1
-1
0 26 43
4 24 10
2 23 10
2 22 10
2 21 10
6 20 10
4 20 11
2 19 11
2 18 11
2 17 11
-1
-1
-1
-1
-1
0 16 11
-1
-1
-1
-1
-1
-1
-1
-1
-1
-1
-1
0 20 43
1 26 42
1 26 41
6 26 40
2 27 40
2 28 40
4 29 40
1 29 39
1 29 38
1 29 37
-1
-1
0 29 36
6 29 35
2 30 35
2 31 35
4 32 35
6 32 34
2 33 34
2 34 34
2 35 34
2 36 34
2 37 34
0 38 34
-1
-1
-1
-1
-1
-1
-1
0 18 23
2 39 34
2 40 34
2 41 34
4 42 34
1 42 33
1 42 32
1 42 31
1 42 30
1 42 29
1 42 28
0 42 27
1 42 26
1 42 25
1 42 24
1 42 23
1 42 22
5 42 21
2 41 21
2 40 21
0 39 21
-1
-1
0 18 17
1 26 44
1 26 45
1 26 46
3 26 47
2 27 47
2 28 47
0 29 47
-1
-1
-1
-1
-1
0 18 30
-1
-1
-1
-1
0 22 17
6 5 38
4 5 39
6 4 39
1 4 40
4 4 41
2 3 41
0 2 41
1 20 42
1 20 41
6 20 40
2 21 40
0 22 40
1 24 8
1 24 7
1 24 6
1 24 5
6 24 4
2 25 4
0 26 4
0 20 10
2 30 47
2 31 47
2 32 47
2 33 47
2 34 47
2 35 47
2 36 47
0 37 47
0 32 35
5 19 23
1 19 24
3 19 25
2 20 25
2 21 25
2 22 25
0 23 25
0 20 6
1 38 33
1 38 32
5 38 31
2 37 31
0 36 31
-1
0 12 43
2 27 4
2 28 4
2 29 4
2 30 4
2 31 4
2 32 4
2 33 4
2 34 4
2 35 4
0 36 4
0 19 47
0 42 30
6 17 23
4 17 24
2 16 24
0 15 24
0 42 34
3 28 36
5 28 35
2 27 35
2 26 35
0 25 35
0 9 31
6 14 46
2 15 46
0 16 46
1 25 34
1 25 33
0 25 32
2 38 47
2 39 47
2 40 47
2 41 47
2 42 47
2 43 47
2 44 47
2 45 47
2 46 47
0 47 47
0 16 12
1 23 26
0 23 27
0 18 21
2 28 14
2 29 14
2 30 14
0 31 14
0 29 40
2 26 32
0 27 32
1 39 20
1 39 19
6 39 18
2 40 18
2 41 18
2 42 18
0 43 18
0 27 11
0 20 9
0 9 33
0 26 16
5 24 25
3 24 26
2 25 26
2 26 26
2 27 26
2 28 26
2 29 26
0 30 26
0 16 6
6 43 17
2 44 17
0 45 17
1 42 35
1 42 36
1 42 37
1 42 38
4 42 39
0 41 39
0 4 39
2 14 24
2 13 24
2 12 24
2 11 24
2 10 24
0 9 24
0 22 39
1 31 15
1 31 16
1 31 17
1 31 18
0 31 19
2 43 27
2 44 27
2 45 27
0 46 27
1 37 46
1 37 45
1 37 44
5 37 43
2 36 43
0 35 43
1 9 23
5 9 22
2 8 22
2 7 22
2 6 22
0 5 22
2 15 6
2 14 6
2 13 6
2 12 6
2 11 6
2 10 6
2 9 6
2 8 6
2 7 6
2 6 6
2 5 6
2 4 6
6 3 6
1 3 7
4 3 8
2 2 8
0 1 8
-1
-1
-1
-1
-1
-1
-1
-1
-1
-1
-1
-1
-1
-1
-1
-1
-1
-1
-1
-1
-1
-1
-1
-1
-1
-1
-1
-1
-1
-1
-1
-1
-1
-1
-1
-1
-1
-1
-1
-1
-1
-1
-1
-1
-1
-1
-1
-1
-1
-1
-1
-1
-1
-1
-1
-1
-1
-1
-1
-1
-1
-1
-1
-1
-1
-1
-1
-1
-1
-1
-1
-1
-1
-1
-1
-1
-1
-1
-1
-1
-1
-1
-1
-1
-1
-1
-1
-1
-1
-1
-1
-1
-1
-1
-1
-1
-1
-1
-1
-1
-1
-1
-1
-1
-1
-1
-1
-1
-1
-1
-1
-1
-1
-1
-1
-1
-1
-1
-1
-1
-1
-1
-1
-1
-1
-1
-1
-1
-1
-1
-1
-1
-1
-1
-1
-1
-1
-1
-1
-1
-1
-1
-1
-1
-1
-1
-1
-1
-1
-1
-1
-1
-1
-1
-1
-1
-1
-1
-1
-1
-1
-1
-1
-1
-1
-1
-1
-1
-1
-1
-1
-1
-1
-1
-1
-1
-1
-1
-1
-1
-1
-1
-1
-1
-1
-1
-1
-1
-1
-1
-1
-1
-1
-1
-1
-1
-1
-1
-1
-1
-1
-1
-1
-1
-1
-1
-1
-1
-1
-1
-1
-1
-1
-1
-1
-1
-1
-1
-1
-1
-1
-1
-1
-1
-1
-1
-1
-1
-1
-1
-1
-1
-1
-1
-1
-1
-1
-1
-1
-1
-1
-1
-1
-1
-1
-1
-1
-1
-1
-1
-1
-1
-1
-1
-1
-1
-1
-1
-1
-1
-1
-1
-1
-1
-1
-1
-1
-1
-1
-1
-1
-1
-1
-1
-1
-1
-1
-1
-1
-1
-1
-1
-1
-1
-1
-1
-1
-1
-1
-1
-1
-1
-1
-1
-1
-1
-1
-1
-1
-1
-1
-1
-1
-1
-1
-1
-1
-1
-1
-1
-1
-1
-1
-1
-1
