0 30 25
2 31 25
2 32 25
2 33 25
2 34 25
2 35 25
5 36 25
1 36 26
1 36 27
3 36 28
5 37 28
1 37 29
1 37 30
1 37 31
1 37 32
1 37 33
1 37 34
1 37 35
3 37 36
5 38 36
1 38 37
3 38 38
2 39 38
2 40 38
5 41 38
1 41 39
1 41 40
1 41 41
3 41 42
0 42 42
2 29 25
2 28 25
2 27 25
2 26 25
3 25 25
1 25 24
1 25 23
1 25 22
1 25 21
1 25 20
1 25 19
1 25 18
-1
-1
-1
-1
-1
-1
-1
-1
-1
0 25 17
1 42 41
6 42 40
-1
-1
-1
-1
-1
-1
-1
-1
-1
-1
-1
-1
-1
0 43 40
1 30 26
1 30 27
1 30 28
1 30 29
1 30 30
1 30 31
4 30 32
6 29 32
1 29 33
-1
-1
0 29 34
1 25 16
1 25 15
5 25 14
3 24 14
1 24 13
1 24 12
-1
-1
-1
0 24 11
5 30 24
3 29 24
1 29 23
1 29 22
5 29 21
-1
0 28 21
3 24 17
5 24 16
2 23 16
2 22 16
2 21 16
2 20 16
2 19 16
2 18 16
2 17 16
2 16 16
2 15 16
3 14 16
0 14 15
0 21 16
-1
-1
-1
0 36 25
1 29 35
1 29 36
1 29 37
4 29 38
2 28 38
0 27 38
4 26 17
1 26 16
6 26 15
2 27 15
2 28 15
0 29 15
4 42 43
2 41 43
0 40 43
0 30 28
2 31 28
2 32 28
-1
0 33 28
2 39 43
2 38 43
2 37 43
0 36 43
2 29 28
2 28 28
0 27 28
0 18 16
2 28 34
2 27 34
2 26 34
0 25 34
0 38 36
1 36 44
1 36 45
1 36 46
0 36 47
2 24 34
2 23 34
2 22 34
2 21 34
2 20 34
0 19 34
0 25 15
0 25 20
2 35 47
2 34 47
2 33 47
2 32 47
0 31 47
2 18 34
6 17 34
1 17 35
1 17 36
1 17 37
1 17 38
0 17 39
1 17 40
4 17 41
2 16 41
2 15 41
0 14 41
1 14 40
1 14 39
1 14 38
1 14 37
0 14 36
1 33 29
4 33 30
0 32 30
2 13 41
0 12 41
1 14 42
1 14 43
1 14 44
0 14 45
0 37 28
0 25 25
1 14 46
1 14 47
0 14 48
2 30 34
0 31 34
1 14 35
1 14 34
1 14 33
1 14 32
0 14 31
0 40 38
0 27 25
2 32 34
2 33 34
0 34 34
1 27 29
4 27 30
0 26 30
2 13 31
2 12 31
2 11 31
0 10 31
2 9 31
2 8 31
3 7 31
1 7 30
1 7 29
5 7 28
3 6 28
0 6 27
1 6 26
0 6 25
0 7 31
1 6 24
0 6 23
2 37 25
2 38 25
0 39 25
1 36 42
1 36 41
0 36 40
0 31 48
1 6 22
5 6 21
2 5 21
2 4 21
0 3 21
2 5 27
2 4 27
0 3 27
0 28 38
2 40 25
0 41 25
1 41 24
1 41 23
0 41 22
2 42 22
2 43 22
2 44 22
0 45 22
4 15 45
6 15 44
2 16 44
0 17 44
0 32 25
0 37 30
1 21 17
1 21 18
0 21 19
5 43 42
3 43 43
0 44 43
1 32 24
1 32 23
0 32 22
0 13 36
1 32 21
0 32 20
0 32 19
1 18 15
1 18 14
1 18 13
0 18 12
0 29 33
1 24 10
0 24 9
1 18 11
5 18 10
0 17 10
0 2 27
6 35 40
4 35 41
2 34 41
0 33 41
1 2 28
0 2 29
2 11 41
0 10 41
2 44 40
0 45 40
0 17 38
6 32 18
0 33 18
2 40 22
2 39 22
0 38 22
1 14 14
1 14 13
5 14 12
0 13 12
1 41 21
1 41 20
0 41 19
1 41 18
1 41 17
1 41 16
0 41 15
1 41 14
1 41 13
1 41 12
1 41 11
0 41 10
2 42 10
2 43 10
2 44 10
0 45 10
0 37 47
1 41 26
0 41 27
0 18 17
2 30 48
2 29 48
0 28 48
0 10 40
0 25 22
1 3 20
1 3 19
6 3 18
0 4 18
0 35 25
0 36 44
2 34 18
0 35 18
0 12 12
2 13 45
0 12 45
0 17 43
1 35 17
1 35 16
0 35 15
2 5 18
0 6 18
2 25 9
2 26 9
2 27 9
0 28 9
2 7 18
2 8 18
0 9 18
1 24 8
0 24 7
0 18 14
2 18 43
2 19 43
2 20 43
0 21 43
0 31 46
0 20 34
1 21 42
0 21 41
1 24 6
0 24 5
0 29 32
0 29 38
0 17 34
0 28 20
1 24 4
6 24 3
0 25 3
0 37 31
1 20 35
0 20 36
0 20 41
2 40 10
2 39 10
0 38 10
2 9 40
0 8 40
1 38 9
0 38 8
0 29 9
2 15 48
0 16 48
0 14 32
0 8 31
0 30 38
1 41 28
0 41 29
0 35 34
1 9 19
1 9 20
0 9 21
0 41 12
0 16 10
1 17 9
1 17 8
1 17 7
1 17 6
0 17 5
2 30 9
2 31 9
0 32 9
0 36 45
6 38 7
0 39 7
4 26 31
2 25 31
2 24 31
0 23 31
0 3 20
0 24 25
0 45 9
0 31 45
1 6 17
0 6 16
1 45 8
1 45 7
0 45 6
2 22 41
2 23 41
0 24 41
4 8 41
2 7 41
0 6 41
0 12 36
2 26 3
0 27 3
2 28 3
0 29 3
2 30 3
0 31 3
0 11 45
2 32 3
0 33 3
2 34 3
0 35 3
2 36 3
0 37 3
0 38 3
0 33 2
2 16 5
2 15 5
0 14 5
1 14 4
5 14 3
0 13 3
0 36 15
0 35 47
1 40 44
1 40 45
3 40 46
0 41 46
2 10 21
0 11 21
1 6 40
1 6 39
1 6 38
0 6 37
1 45 5
6 45 4
2 46 4
4 47 4
0 47 3
0 24 12
1 14 30
1 14 29
1 14 28
0 14 27
2 46 3
2 45 3
2 44 3
0 43 3
1 14 26
0 14 25
2 32 41
2 31 41
0 30 41
0 45 11
0 21 40
2 15 27
2 16 27
0 17 27
0 18 27
0 38 37
0 19 27
0 27 48
0 47 4
2 23 9
2 22 9
0 21 9
0 18 10
4 18 5
1 18 4
6 18 3
0 19 3
0 26 38
0 13 48
0 20 27
2 42 46
2 43 46
2 44 46
2 45 46
0 46 46
1 13 2
0 13 1
6 40 37
4 41 37
0 41 36
0 41 14
2 11 12
2 10 12
0 9 12
2 12 48
2 11 48
2 10 48
2 9 48
2 8 48
2 7 48
0 6 48
0 6 49
4 14 6
0 13 6
0 11 22
1 24 42
1 24 43
1 24 44
0 24 45
0 32 10
2 12 6
2 11 6
2 10 6
0 9 6
1 9 5
0 9 4
2 8 4
3 7 4
1 7 3
0 7 2
0 29 2
2 46 11
2 47 11
0 48 11
2 7 27
2 8 27
0 9 27
1 32 8
0 32 7
2 5 41
2 4 41
0 3 41
2 17 48
2 18 48
2 19 48
2 20 48
0 21 48
5 6 47
0 5 47
1 14 24
6 14 23
2 15 23
4 16 23
0 16 22
0 3 42
1 27 4
0 27 5
2 47 46
0 48 46
1 45 21
1 45 20
6 45 19
4 46 19
6 46 18
0 47 18
0 22 19
0 45 23
0 45 24
1 32 11
0 32 12
0 36 18
0 37 18
1 5 46
0 5 45
5 37 40
0 37 41
2 8 12
2 7 12
0 6 12
1 27 2
0 27 1
0 7 32
2 6 32
6 5 32
0 5 33
1 34 35
1 34 36
4 34 37
0 33 37
4 6 13
2 5 13
0 4 13
0 45 25
1 4 12
1 4 11
1 4 10
0 4 9
1 23 30
0 23 29
2 46 40
0 47 40
1 41 35
1 41 34
0 41 33
1 28 47
0 28 46
3 8 6
5 8 5
2 7 5
0 6 5
5 25 41
0 25 42
1 20 26
1 20 25
0 20 24
2 42 33
2 43 33
2 44 33
0 45 33
2 40 7
0 41 7
1 45 32
6 45 31
0 46 31
3 46 32
0 47 32
2 4 33
2 3 33
2 2 33
6 1 33
1 1 34
0 1 35
2 34 15
3 33 15
0 33 14
2 14 1
4 15 1
6 15 0
0 16 0
0 12 40
2 3 13
2 2 13
2 1 13
0 0 13
0 34 47
6 1 29
1 1 30
1 1 31
0 1 32
4 25 35
2 24 35
0 23 35
1 21 15
0 21 14
-1
-1
-1
-1
-1
-1
-1
-1
-1
-1
-1
-1
-1
-1
-1
-1
-1
-1
-1
-1
-1
-1
-1
-1
-1
-1
-1
-1
-1
-1
-1
-1
-1
-1
-1
-1
-1
-1
-1
-1
-1
-1
-1
-1
-1
-1
-1
-1
-1
-1
-1
-1
-1
-1
-1
-1
-1
-1
-1
-1
-1
-1
-1
-1
-1
-1
-1
-1
-1
-1
-1
-1
-1
-1
-1
-1
-1
-1
-1
-1
-1
-1
-1
-1
-1
-1
-1
-1
-1
-1
-1
-1
-1
-1
-1
-1
-1
-1
-1
-1
-1
-1
-1
-1
-1
-1
-1
-1
-1
-1
-1
-1
-1
-1
-1
-1
-1
-1
-1
-1
-1
-1
-1
-1
-1
-1
-1
-1
-1
-1
-1
-1
-1
-1
-1
