0 16 19
2 17 19
2 18 19
5 19 19
1 19 20
3 19 21
2 20 21
2 21 21
2 22 21
2 23 21
2 24 21
2 25 21
2 26 21
2 27 21
5 28 21
1 28 22
3 28 23
2 29 23
2 30 23
2 31 23
2 32 23
2 33 23
2 34 23
2 35 23
5 36 23
1 36 24
0 36 25
5 16 18
2 15 18
2 14 18
2 13 18
3 12 18
1 12 17
1 12 16
1 12 15
1 12 14
5 12 13
2 11 13
-1
-1
-1
-1
-1
-1
-1
-1
-1
-1
-1
-1
-1
-1
-1
-1
-1
-1
-1
-1
-1
-1
-1
-1
-1
-1
-1
-1
-1
-1
-1
-1
-1
-1
0 10 13
3 36 26
5 37 26
1 37 27
1 37 28
1 37 29
1 37 30
3 37 31
2 38 31
5 39 31
1 39 32
3 39 33
2 40 33
2 41 33
2 42 33
5 43 33
1 43 34
1 43 35
1 43 36
1 43 37
3 43 38
2 44 38
-1
-1
-1
-1
-1
-1
-1
-1
-1
-1
-1
-1
0 45 38
-1
-1
-1
-1
-1
-1
-1
-1
-1
-1
-1
-1
-1
-1
0 12 18
2 37 25
5 38 25
1 38 26
1 38 27
-1
-1
-1
-1
-1
0 38 28
1 12 19
1 12 20
1 12 21
1 12 22
1 12 23
1 12 24
1 12 25
1 12 26
1 12 27
1 12 28
1 12 29
1 12 30
1 12 31
1 12 32
1 12 33
1 12 34
0 12 35
1 12 36
1 12 37
1 12 38
0 12 39
2 11 35
2 10 35
2 9 35
2 8 35
2 7 35
2 6 35
0 5 35
6 35 25
4 35 26
0 34 26
4 39 28
6 39 27
2 40 27
2 41 27
0 42 27
1 10 12
1 10 11
1 10 10
1 10 9
1 10 8
1 10 7
1 10 6
0 10 5
0 39 33
2 38 33
2 37 33
2 36 33
0 35 33
0 10 10
0 12 32
1 42 26
1 42 25
5 42 24
2 41 24
0 40 24
1 5 34
0 5 33
0 43 33
0 36 23
0 43 35
1 5 36
0 5 37
2 11 10
2 12 10
2 13 10
2 14 10
5 15 10
0 15 11
2 4 37
2 3 37
2 2 37
0 1 37
0 34 23
3 15 12
2 16 12
0 17 12
0 28 21
5 13 35
3 13 36
2 14 36
2 15 36
0 16 36
0 31 23
0 25 21
2 43 27
0 44 27
1 17 13
0 17 14
0 37 30
0 12 14
2 13 32
0 14 32
2 18 12
2 19 12
0 20 12
2 11 5
0 12 5
1 31 22
1 31 21
1 31 20
0 31 19
1 10 4
0 10 3
1 40 23
1 40 22
0 40 21
0 9 35
2 9 13
0 8 13
1 25 22
0 25 23
1 40 20
1 40 19
0 40 18
1 5 38
1 5 39
0 5 40
1 45 39
1 45 40
0 45 41
2 13 5
2 14 5
0 15 5
0 16 18
1 31 18
1 31 17
5 31 16
3 30 16
0 30 15
1 5 41
3 5 42
0 6 42
2 33 26
2 32 26
0 31 26
2 29 15
0 28 15
2 9 3
2 8 3
0 7 3
2 21 12
2 22 12
0 23 12
0 17 36
0 25 24
2 30 26
0 29 26
2 11 18
2 10 18
2 9 18
2 8 18
0 7 18
1 7 4
1 7 5
4 7 6
2 6 6
0 5 6
1 45 42
0 45 43
1 6 43
1 6 44
4 6 45
0 5 45
2 6 18
2 5 18
0 4 18
0 4 6
1 4 19
1 4 20
1 4 21
1 4 22
0 4 23
1 4 24
0 4 25
6 44 43
1 44 44
1 44 45
4 44 46
0 43 46
2 31 15
2 32 15
0 33 15
0 39 34
2 42 46
2 41 46
2 40 46
0 39 46
0 19 19
0 28 26
0 12 37
3 33 16
2 34 16
0 35 16
0 22 21
2 36 30
2 35 30
2 34 30
0 33 30
1 23 13
1 23 14
1 23 15
0 23 16
2 7 42
2 8 42
0 9 42
1 34 22
0 34 21
1 39 35
4 39 36
0 38 36
0 43 38
1 5 7
1 5 8
1 5 9
0 5 10
1 14 31
0 14 30
1 9 34
0 9 33
1 28 16
0 28 17
2 3 6
2 2 6
0 1 6
1 5 32
6 5 31
0 6 31
1 15 4
0 15 3
0 10 42
2 41 21
2 42 21
0 43 21
1 42 28
0 42 29
1 28 27
1 28 28
1 28 29
1 28 30
0 28 31
1 5 11
4 5 12
0 4 12
1 10 43
1 10 44
1 10 45
0 10 46
1 10 47
3 10 48
2 11 48
0 12 48
0 24 16
1 16 37
0 16 38
1 16 39
0 16 40
2 17 40
0 18 40
0 12 16
0 37 26
0 42 24
0 15 10
2 4 45
0 3 45
1 3 44
0 3 43
2 22 16
0 21 16
0 15 9
1 30 14
1 30 13
1 30 12
0 30 11
2 38 46
0 37 46
1 1 5
1 1 4
0 1 3
2 3 18
0 2 18
0 12 26
1 28 32
1 28 33
1 28 34
3 28 35
0 29 35
2 5 25
0 6 25
2 44 21
2 45 21
2 46 21
0 47 21
1 7 19
3 7 20
2 8 20
5 9 20
1 9 21
0 9 22
0 28 28
0 47 22
2 46 43
0 47 43
0 16 20
1 47 44
1 47 45
1 47 46
3 47 47
2 48 47
0 49 47
0 1 36
0 10 9
1 47 23
0 47 24
1 1 35
0 1 34
2 29 11
0 28 11
2 44 33
2 45 33
0 46 33
1 46 32
6 46 31
0 47 31
2 30 35
5 31 35
1 31 36
1 31 37
0 31 38
2 32 38
0 33 38
2 31 11
2 32 11
0 33 11
1 16 21
1 16 22
0 16 23
2 34 11
2 35 11
0 36 11
2 36 46
2 35 46
0 34 46
2 33 46
0 32 46
2 46 38
2 47 38
0 48 38
0 39 47
0 2 17
0 4 13
0 8 14
1 43 39
4 43 40
2 42 40
0 41 40
0 31 35
0 4 40
1 17 35
6 17 34
0 18 34
0 40 17
2 3 12
2 2 12
0 1 12
2 6 40
0 7 40
6 11 26
4 11 27
2 10 27
0 9 27
1 43 20
6 43 19
0 44 19
4 29 36
2 28 36
2 27 36
0 26 36
1 20 11
1 20 10
0 20 9
0 15 2
0 39 31
2 27 31
0 26 31
0 12 19
0 20 8
0 22 16
1 38 37
0 38 38
2 25 36
2 24 36
0 23 36
5 7 2
2 6 2
0 5 2
4 1 7
0 0 7
2 37 11
2 38 11
2 39 11
2 40 11
2 41 11
0 42 11
1 5 46
1 5 47
1 5 48
0 5 49
0 18 33
1 20 7
1 20 6
0 20 5
1 6 30
0 6 29
2 5 29
2 4 29
2 3 29
0 2 29
1 16 41
1 16 42
1 16 43
0 16 44
1 37 45
1 37 44
0 37 43
1 37 42
0 37 41
6 14 29
2 15 29
2 16 29
0 17 29
2 1 17
0 0 17
3 19 8
5 19 7
0 18 7
2 18 29
2 19 29
0 20 29
1 20 28
0 20 27
0 20 26
0 20 30
1 23 37
0 23 38
1 23 39
1 23 40
0 23 41
1 23 42
1 23 43
0 23 44
0 37 23
1 16 24
0 16 25
0 24 44
0 27 11
6 24 43
2 25 43
2 26 43
0 27 43
3 15 44
5 15 43
0 14 43
1 25 25
1 25 26
0 25 27
2 2 43
2 1 43
0 0 43
0 28 43
1 27 10
1 27 9
1 27 8
0 27 7
5 15 1
2 14 1
0 13 1
1 32 47
1 32 48
0 32 49
1 27 6
1 27 5
1 27 4
1 27 3
0 27 2
3 33 39
0 34 39
0 9 20
4 4 7
0 3 7
1 20 4
1 20 3
1 20 2
0 20 1
0 26 11
2 15 23
0 14 23
1 19 18
0 19 17
0 44 43
1 44 18
0 44 17
1 1 2
5 1 1
0 0 1
0 10 47
2 3 23
0 2 23
1 36 12
3 36 13
0 37 13
2 26 7
0 25 7
1 48 37
1 48 36
0 48 35
0 43 17
2 45 17
0 46 17
0 1 29
2 6 49
0 7 49
1 32 45
1 32 44
0 32 43
2 28 2
2 29 2
5 30 2
0 30 3
1 43 47
0 43 48
0 33 10
1 47 30
0 47 29
-1
-1
-1
-1
-1
-1
-1
-1
-1
-1
-1
-1
-1
-1
-1
-1
-1
-1
-1
-1
-1
-1
-1
-1
-1
-1
-1
-1
-1
-1
-1
-1
-1
-1
-1
-1
-1
-1
-1
-1
-1
-1
-1
-1
-1
-1
-1
-1
-1
-1
-1
-1
-1
-1
-1
-1
-1
-1
-1
-1
-1
-1
-1
-1
-1
-1
-1
-1
-1
-1
-1
-1
-1
-1
-1
-1
-1
-1
-1
-1
-1
-1
-1
-1
-1
-1
-1
-1
-1
-1
-1
-1
-1
-1
-1
-1
-1
-1
-1
-1
-1
-1
-1
-1
-1
-1
-1
-1
-1
-1
-1
-1
-1
-1
-1
-1
-1
-1
-1
-1
-1
-1
-1
-1
-1
-1
-1
-1
-1
-1
-1
-1
-1
-1
