0 13 2
1 13 3
1 13 4
1 13 5
1 13 6
3 13 7
5 14 7
1 14 8
1 14 9
1 14 10
1 14 11
1 14 12
1 14 13
1 14 14
1 14 15
1 14 16
1 14 17
1 14 18
1 14 19
1 14 20
1 14 21
1 14 22
1 14 23
1 14 24
1 14 25
1 14 26
1 14 27
1 14 28
1 14 29
1 14 30
1 14 31
1 14 32
1 14 33
1 14 34
1 14 35
1 14 36
1 14 37
1 14 38
1 14 39
1 14 40
1 14 41
1 14 42
1 14 43
1 14 44
1 14 45
0 14 46
4 15 46
1 15 45
6 15 44
2 16 44
2 17 44
-1
-1
-1
-1
-1
-1
-1
-1
-1
-1
-1
-1
-1
-1
-1
-1
-1
-1
-1
-1
-1
-1
-1
-1
-1
-1
-1
0 18 44
2 14 2
2 15 2
2 16 2
2 17 2
2 18 2
2 19 2
2 20 2
2 21 2
2 22 2
2 23 2
5 24 2
1 24 3
1 24 4
3 24 5
2 25 5
2 26 5
2 27 5
2 28 5
2 29 5
2 30 5
2 31 5
2 32 5
2 33 5
2 34 5
5 35 5
3 35 6
2 36 6
-1
-1
-1
-1
-1
0 37 6
4 14 47
2 13 47
2 12 47
2 11 47
2 10 47
2 9 47
2 8 47
2 7 47
-1
-1
-1
-1
-1
0 6 47
2 38 6
5 39 6
1 39 7
1 39 8
1 39 9
3 39 10
-1
-1
-1
-1
-1
0 40 10
3 18 45
2 19 45
2 20 45
2 21 45
5 22 45
1 22 46
1 22 47
-1
0 22 48
2 12 2
2 11 2
2 10 2
2 9 2
2 8 2
-1
-1
0 7 2
1 18 43
6 18 42
2 19 42
2 20 42
2 21 42
4 22 42
6 22 41
2 23 41
4 24 41
1 24 40
1 24 39
1 24 38
1 24 37
6 24 36
4 25 36
1 25 35
1 25 34
0 25 33
0 13 4
1 25 32
1 25 31
1 25 30
1 25 29
6 25 28
4 26 28
1 26 27
1 26 26
1 26 25
0 26 24
0 19 2
0 10 47
0 22 42
1 40 11
1 40 12
1 40 13
0 40 14
2 25 24
2 24 24
2 23 24
2 22 24
0 21 24
1 21 25
3 21 26
0 22 26
0 25 36
1 37 5
1 37 4
6 37 3
0 38 3
0 22 45
1 19 3
1 19 4
1 19 5
0 19 6
0 24 41
3 38 4
2 39 4
2 40 4
2 41 4
2 42 4
2 43 4
2 44 4
0 45 4
0 13 1
0 25 30
0 22 41
0 21 23
0 9 2
2 5 47
0 4 47
1 4 46
1 4 45
0 4 44
1 40 15
1 40 16
1 40 17
1 40 18
0 40 19
0 43 4
0 21 2
5 41 19
1 41 20
1 41 21
1 41 22
1 41 23
0 41 24
0 14 40
2 3 47
0 2 47
0 24 5
2 25 41
2 26 41
0 27 41
1 41 25
1 41 26
1 41 27
0 41 28
2 24 33
0 23 33
1 45 3
6 45 2
2 46 2
2 47 2
0 48 2
0 6 2
0 16 2
2 40 28
2 39 28
2 38 28
0 37 28
0 14 23
0 24 2
1 24 6
0 24 7
2 39 14
2 38 14
0 37 14
2 39 19
0 38 19
0 26 25
0 15 46
1 27 42
0 27 43
1 24 8
0 24 9
2 28 43
2 29 43
2 30 43
2 31 43
2 32 43
2 33 43
0 34 43
0 14 31
0 14 28
1 34 42
6 34 41
2 35 41
0 36 41
0 14 7
1 36 40
1 36 39
0 36 38
2 13 23
2 12 23
2 11 23
0 10 23
1 21 22
1 21 21
0 21 20
2 9 23
6 8 23
1 8 24
1 8 25
1 8 26
0 8 27
2 7 27
0 6 27
5 36 37
0 35 37
2 37 41
0 38 41
0 21 19
0 36 14
4 42 24
6 42 23
0 43 23
2 44 23
2 45 23
2 46 23
0 47 23
0 18 6
1 45 5
1 45 6
3 45 7
2 46 7
0 47 7
2 22 19
0 23 19
2 13 31
0 12 31
2 3 44
2 2 44
0 1 44
2 26 30
2 27 30
2 28 30
2 29 30
0 30 30
6 30 29
2 31 29
0 32 29
0 22 27
1 30 31
0 30 32
1 38 42
1 38 43
1 38 44
0 38 45
2 39 45
2 40 45
2 41 45
0 42 45
0 12 32
0 26 28
1 47 8
0 47 9
1 7 3
1 7 4
0 7 5
0 47 24
0 25 7
0 35 14
1 47 10
1 47 11
0 47 12
0 41 19
0 35 5
3 13 28
0 13 27
1 8 28
1 8 29
0 8 30
0 42 19
0 42 28
0 38 46
0 2 48
1 32 28
0 32 27
1 38 20
1 38 21
0 38 22
1 38 47
0 38 48
2 15 40
0 16 40
0 17 40
0 8 23
3 5 27
1 5 26
1 5 25
5 5 24
0 4 24
1 24 10
1 24 11
0 24 12
2 41 14
0 42 14
0 42 13
1 22 40
1 22 39
0 22 38
4 24 13
0 23 13
1 42 44
0 42 43
2 21 38
0 20 38
1 10 46
1 10 45
1 10 44
0 10 43
2 37 19
2 36 19
0 35 19
2 7 30
2 6 30
2 5 30
2 4 30
2 3 30
0 2 30
1 47 13
0 47 14
0 39 10
2 34 37
0 33 37
0 39 6
1 32 26
6 32 25
0 33 25
0 32 5
1 33 38
0 33 39
0 11 2
1 41 29
1 41 30
0 41 31
0 3 24
1 16 39
1 16 38
0 16 37
1 12 33
1 12 34
4 12 35
0 11 35
1 19 7
1 19 8
0 19 9
4 11 36
2 10 36
2 9 36
0 8 36
1 41 32
0 41 33
2 7 36
2 6 36
0 5 36
1 5 35
1 5 34
0 5 33
0 6 48
0 29 5
2 21 48
2 20 48
0 19 48
0 2 29
0 5 32
0 10 48
2 15 28
2 16 28
0 17 28
0 9 1
0 11 43
1 43 3
0 43 2
0 29 6
0 32 43
2 37 48
2 36 48
0 35 48
0 13 40
3 17 29
2 18 29
0 19 29
2 20 24
2 19 24
0 18 24
1 7 6
1 7 7
1 7 8
0 7 9
1 33 24
1 33 23
0 33 22
2 32 22
2 31 22
0 30 22
0 26 36
2 5 44
0 6 44
2 34 14
2 33 14
0 32 14
1 32 13
5 32 12
0 31 12
0 16 36
0 42 2
6 16 35
2 17 35
0 18 35
1 5 37
0 5 38
2 43 19
0 44 19
2 2 24
0 1 24
0 29 43
2 8 9
0 9 9
2 4 36
2 3 36
2 2 36
2 1 36
0 0 36
0 41 34
1 10 22
1 10 21
0 10 20
4 6 3
2 5 3
0 4 3
1 18 23
0 18 22
1 10 19
1 10 18
0 10 17
2 43 45
2 44 45
2 45 45
0 46 45
0 48 9
1 42 42
1 42 41
1 42 40
6 42 39
0 43 39
2 22 13
0 21 13
0 27 36
6 24 1
2 25 1
2 26 1
0 27 1
0 21 12
1 16 41
0 16 42
1 29 44
1 29 45
1 29 46
1 29 47
0 29 48
2 9 17
0 8 17
3 0 24
1 0 23
1 0 22
0 0 21
1 5 39
4 5 40
0 4 40
0 38 42
1 44 18
0 44 17
6 40 31
4 40 32
2 39 32
0 38 32
0 15 2
0 40 17
1 8 18
4 8 19
2 7 19
0 6 19
4 47 25
0 46 25
1 4 2
5 4 1
2 3 1
2 2 1
0 1 1
0 10 49
2 24 19
5 25 19
0 25 20
3 47 15
0 48 15
4 23 48
6 23 47
2 24 47
0 25 47
1 9 10
0 9 11
0 13 26
2 34 48
0 33 48
3 23 14
2 24 14
0 25 14
2 32 39
2 31 39
0 30 39
2 42 31
2 43 31
2 44 31
0 45 31
1 46 44
1 46 43
0 46 42
1 37 7
4 37 8
0 36 8
0 12 40
1 32 15
0 32 16
2 20 6
2 21 6
0 22 6
5 21 18
2 20 18
2 19 18
2 18 18
0 17 18
0 48 12
6 9 8
2 10 8
2 11 8
2 12 8
0 13 8
6 43 38
2 44 38
2 45 38
0 46 38
1 19 30
1 19 31
0 19 32
6 40 24
4 40 25
0 39 25
2 46 31
2 47 31
4 48 31
1 48 30
0 48 29
4 26 20
6 26 19
4 27 19
0 27 18
6 32 4
0 33 4
3 45 32
2 46 32
2 47 32
0 48 32
0 16 18
-1
-1
-1
-1
-1
-1
-1
-1
-1
-1
-1
-1
-1
-1
-1
-1
-1
-1
-1
-1
-1
-1
-1
-1
-1
-1
-1
-1
-1
-1
-1
-1
-1
-1
-1
-1
-1
-1
-1
-1
-1
-1
-1
-1
-1
-1
-1
-1
-1
-1
-1
-1
-1
-1
-1
-1
-1
-1
-1
-1
-1
-1
-1
-1
-1
-1
-1
-1
-1
-1
-1
-1
-1
-1
-1
-1
-1
-1
-1
-1
-1
-1
-1
-1
-1
-1
-1
-1
-1
-1
-1
-1
-1
-1
-1
-1
-1
-1
-1
-1
-1
-1
-1
-1
-1
-1
-1
-1
-1
-1
-1
-1
-1
-1
-1
-1
-1
-1
-1
-1
-1
-1
-1
-1
-1
-1
-1
-1
-1
-1
-1
