0 9 25
1 9 26
1 9 27
1 9 28
3 9 29
2 10 29
5 11 29
3 11 30
2 12 30
2 13 30
2 14 30
2 15 30
5 16 30
1 16 31
1 16 32
3 16 33
2 17 33
2 18 33
2 19 33
2 20 33
2 21 33
2 22 33
2 23 33
2 24 33
2 25 33
2 26 33
2 27 33
2 28 33
2 29 33
2 30 33
2 31 33
2 32 33
2 33 33
2 34 33
2 35 33
2 36 33
5 37 33
1 37 34
1 37 35
1 37 36
1 37 37
0 37 38
5 9 24
2 8 24
2 7 24
-1
-1
-1
0 6 24
4 10 25
6 10 24
2 11 24
4 12 24
6 12 23
2 13 23
2 14 23
2 15 23
4 16 23
6 16 22
4 17 22
6 17 21
2 18 21
4 19 21
-1
-1
-1
-1
-1
-1
-1
-1
-1
-1
-1
-1
-1
-1
0 19 20
1 19 19
1 19 18
1 19 17
1 19 16
1 19 15
6 19 14
2 20 14
2 21 14
2 22 14
4 23 14
1 23 13
6 23 12
4 24 12
1 24 11
6 24 10
2 25 10
2 26 10
2 27 10
2 28 10
2 29 10
2 30 10
2 31 10
2 32 10
4 33 10
1 33 9
1 33 8
6 33 7
2 34 7
4 35 7
1 35 6
1 35 5
6 35 4
2 36 4
2 37 4
2 38 4
2 39 4
2 40 4
0 41 4
6 8 25
1 8 26
1 8 27
1 8 28
1 8 29
1 8 30
1 8 31
1 8 32
1 8 33
1 8 34
3 8 35
2 9 35
2 10 35
5 11 35
3 11 36
2 12 36
2 13 36
2 14 36
0 15 36
1 41 5
1 41 6
1 41 7
3 41 8
2 42 8
2 43 8
0 44 8
-1
-1
0 11 35
1 44 9
1 44 10
1 44 11
1 44 12
1 44 13
1 44 14
4 44 15
2 43 15
0 42 15
-1
-1
0 19 17
2 41 15
2 40 15
2 39 15
2 38 15
2 37 15
6 36 15
4 36 16
2 35 16
6 34 16
1 34 17
1 34 18
0 34 19
0 18 33
-1
0 37 35
1 42 16
1 42 17
3 42 18
2 43 18
2 44 18
5 45 18
1 45 19
1 45 20
1 45 21
1 45 22
1 45 23
1 45 24
1 45 25
3 45 26
2 46 26
0 47 26
0 34 16
1 37 39
0 37 40
1 37 41
1 37 42
1 37 43
4 37 44
0 36 44
0 32 33
1 6 23
6 6 22
0 7 22
1 18 34
0 18 35
0 36 4
0 19 14
2 35 44
2 34 44
0 33 44
1 6 25
1 6 26
0 6 27
2 33 19
2 32 19
0 31 19
0 34 33
2 18 17
2 17 17
0 16 17
0 21 33
0 8 35
4 16 36
1 16 35
0 16 34
0 23 14
3 36 38
5 36 37
0 35 37
2 24 14
2 25 14
2 26 14
0 27 14
0 28 10
1 8 36
4 8 37
0 7 37
0 14 30
2 6 37
2 5 37
2 4 37
6 3 37
1 3 38
1 3 39
1 3 40
1 3 41
0 3 42
4 38 35
1 38 34
6 38 33
2 39 33
0 40 33
0 12 23
0 24 12
0 36 15
0 37 15
0 45 26
0 33 16
0 33 10
0 45 18
1 3 43
1 3 44
1 3 45
0 3 46
0 38 4
0 33 7
3 3 47
2 4 47
0 5 47
0 24 10
1 36 3
5 36 2
2 35 2
2 34 2
0 33 2
0 7 21
2 30 19
0 29 19
0 3 37
0 23 33
1 27 15
0 27 16
5 20 20
1 20 21
1 20 22
1 20 23
3 20 24
0 21 24
0 41 8
0 11 29
0 42 4
2 34 37
2 33 37
2 32 37
0 31 37
2 6 21
2 5 21
2 4 21
0 3 21
1 3 20
1 3 19
1 3 18
0 3 17
0 46 18
0 7 20
0 42 18
0 31 38
3 21 25
2 22 25
0 23 25
0 7 19
1 38 5
0 38 6
1 40 32
0 40 31
1 15 37
4 15 38
0 14 38
0 12 24
1 29 20
1 29 21
0 29 22
1 14 39
0 14 40
1 14 41
1 14 42
1 14 43
1 14 44
1 14 45
0 14 46
2 28 22
2 27 22
0 26 22
2 15 46
2 16 46
2 17 46
4 18 46
6 18 45
2 19 45
0 20 45
1 14 47
0 14 48
0 35 7
1 20 44
1 20 43
1 20 42
6 20 41
2 21 41
2 22 41
0 23 41
1 23 40
1 23 39
0 23 38
0 14 43
1 23 26
0 23 27
0 32 44
2 31 44
2 30 44
0 29 44
1 34 32
1 34 31
0 34 30
2 41 31
2 42 31
0 43 31
2 38 38
2 39 38
2 40 38
0 41 38
2 28 14
2 29 14
0 30 14
1 29 23
1 29 24
1 29 25
1 29 26
0 29 27
2 44 31
2 45 31
0 46 31
0 16 23
1 32 45
1 32 46
0 32 47
0 41 37
1 42 3
1 42 2
6 42 1
0 43 1
5 45 8
3 45 9
0 46 9
0 26 21
6 32 2
0 32 3
2 13 40
2 12 40
0 11 40
2 15 40
2 16 40
0 17 40
1 46 32
0 46 33
0 16 30
0 38 3
0 41 9
0 23 15
0 24 38
1 23 16
1 23 17
0 23 18
2 22 27
2 21 27
2 20 27
0 19 27
0 8 30
0 41 18
1 33 11
1 33 12
0 33 13
0 2 21
0 30 27
0 37 33
1 7 18
6 7 17
2 8 17
2 9 17
0 10 17
1 3 16
1 3 15
0 3 14
0 18 46
1 34 20
1 34 21
0 34 22
3 10 18
2 11 18
0 12 18
2 35 22
2 36 22
2 37 22
5 38 22
0 38 23
1 3 13
6 3 12
2 4 12
2 5 12
0 6 12
1 38 24
1 38 25
0 38 26
2 31 27
0 32 27
2 42 37
2 43 37
0 44 37
2 35 19
0 36 19
0 39 26
1 21 32
1 21 31
0 21 30
0 21 41
0 28 9
2 23 10
2 22 10
0 21 10
1 44 38
1 44 39
3 44 40
0 45 40
1 21 9
1 21 8
5 21 7
2 20 7
2 19 7
0 18 7
2 6 47
2 7 47
2 8 47
2 9 47
0 10 47
2 30 38
0 29 38
1 32 26
0 32 25
0 21 7
2 17 7
2 16 7
0 15 7
1 15 6
1 15 5
0 15 4
0 6 11
2 14 4
0 13 4
6 46 30
2 47 30
0 48 30
2 34 10
2 35 10
2 36 10
0 37 10
1 15 8
1 15 9
0 15 10
1 15 11
0 15 12
1 7 38
4 7 39
0 6 39
2 12 4
2 11 4
2 10 4
0 9 4
2 31 47
2 30 47
2 29 47
2 28 47
0 27 47
1 29 37
0 29 36
1 15 3
1 15 2
0 15 1
0 36 2
2 16 1
2 17 1
2 18 1
2 19 1
0 20 1
0 16 36
2 24 41
2 25 41
0 26 41
1 28 8
0 28 7
2 22 30
2 23 30
2 24 30
2 25 30
0 26 30
2 25 21
2 24 21
0 23 21
3 44 26
5 44 25
0 43 25
0 35 4
5 9 3
2 8 3
2 7 3
2 6 3
0 5 3
0 37 36
1 5 4
1 5 5
0 5 6
0 27 41
0 15 13
2 7 30
2 6 30
0 5 30
0 4 30
1 14 29
1 14 28
0 14 27
1 10 16
1 10 15
0 10 14
2 2 37
0 1 37
0 36 45
1 13 3
5 13 2
0 12 2
5 6 10
2 5 10
2 4 10
2 3 10
0 2 10
1 28 6
0 28 5
6 45 39
2 46 39
0 47 39
4 47 9
1 47 8
1 47 7
6 47 6
0 48 6
4 38 27
2 37 27
0 36 27
1 32 48
3 32 49
2 33 49
0 34 49
1 32 28
0 32 29
1 21 6
1 21 5
0 21 4
1 29 35
5 29 34
0 28 34
2 26 47
0 25 47
1 46 17
6 46 16
0 47 16
4 11 41
6 10 41
0 10 42
0 24 47
4 7 11
1 7 10
0 7 9
0 27 5
1 37 11
3 37 12
0 38 12
1 20 46
1 20 47
1 20 48
0 20 49
5 27 4
2 26 4
0 25 4
6 7 8
2 8 8
2 9 8
0 10 8
0 19 21
0 46 10
2 1 10
0 0 10
-1
-1
-1
-1
-1
-1
-1
-1
-1
-1
-1
-1
-1
-1
-1
-1
-1
-1
-1
-1
-1
-1
-1
-1
-1
-1
-1
-1
-1
-1
-1
-1
-1
-1
-1
-1
-1
-1
-1
-1
-1
-1
-1
-1
-1
-1
-1
-1
-1
-1
-1
-1
-1
-1
-1
-1
-1
-1
-1
-1
-1
-1
-1
-1
-1
-1
-1
-1
-1
-1
-1
-1
-1
-1
-1
-1
-1
-1
-1
-1
-1
-1
-1
-1
-1
-1
-1
-1
-1
-1
-1
-1
-1
-1
-1
-1
-1
-1
-1
-1
-1
-1
-1
-1
-1
-1
-1
-1
-1
-1
-1
-1
-1
-1
-1
-1
-1
-1
-1
-1
-1
-1
-1
-1
-1
-1
-1
-1
-1
-1
-1
-1
-1
-1
-1
-1
-1
-1
-1
-1
-1
-1
-1
-1
-1
-1
-1
-1
-1
-1
-1
-1
-1
-1
-1
-1
-1
-1
-1
-1
-1
-1
-1
-1
-1
