0 11 8
1 11 9
1 11 10
1 11 11
1 11 12
1 11 13
1 11 14
1 11 15
1 11 16
1 11 17
1 11 18
1 11 19
1 11 20
1 11 21
1 11 22
1 11 23
3 11 24
5 12 24
1 12 25
1 12 26
1 12 27
1 12 28
1 12 29
1 12 30
1 12 31
1 12 32
1 12 33
1 12 34
1 12 35
1 12 36
1 12 37
1 12 38
1 12 39
1 12 40
3 12 41
0 13 41
1 11 7
5 11 6
2 10 6
2 9 6
0 8 6
6 13 40
2 14 40
2 15 40
4 16 40
6 16 39
2 17 39
2 18 39
2 19 39
2 20 39
2 21 39
4 22 39
1 22 38
1 22 37
6 22 36
2 23 36
2 24 36
2 25 36
2 26 36
2 27 36
2 28 36
4 29 36
1 29 35
1 29 34
1 29 33
1 29 32
1 29 31
1 29 30
6 29 29
2 30 29
2 31 29
2 32 29
2 33 29
2 34 29
4 35 29
1 35 28
1 35 27
6 35 26
2 36 26
-1
-1
-1
-1
-1
-1
-1
-1
-1
-1
-1
-1
-1
-1
-1
-1
-1
-1
-1
-1
-1
-1
-1
-1
-1
-1
-1
-1
-1
-1
-1
0 37 26
1 37 27
3 37 28
-1
-1
-1
-1
-1
-1
-1
-1
-1
-1
-1
-1
-1
-1
-1
-1
-1
-1
-1
-1
-1
-1
-1
0 38 28
-1
-1
-1
-1
-1
-1
-1
-1
-1
-1
-1
-1
-1
-1
-1
-1
-1
-1
-1
-1
-1
0 29 36
4 13 42
2 12 42
2 11 42
2 10 42
2 9 42
-1
-1
-1
-1
-1
-1
-1
-1
-1
-1
-1
-1
-1
-1
0 8 42
1 37 25
1 37 24
1 37 23
1 37 22
1 37 21
1 37 20
1 37 19
1 37 18
1 37 17
1 37 16
1 37 15
1 37 14
1 37 13
6 37 12
2 38 12
2 39 12
4 40 12
1 40 11
1 40 10
1 40 9
6 40 8
2 41 8
2 42 8
0 43 8
5 43 7
2 42 7
2 41 7
2 40 7
2 39 7
2 38 7
2 37 7
2 36 7
-1
-1
0 35 7
1 35 6
1 35 5
6 35 4
2 36 4
2 37 4
2 38 4
-1
-1
-1
-1
-1
0 39 4
1 29 37
1 29 38
1 29 39
3 29 40
5 30 40
-1
-1
-1
-1
0 30 41
4 8 7
2 7 7
2 6 7
6 5 7
1 5 8
1 5 9
-1
-1
-1
0 5 10
1 8 41
1 8 40
1 8 39
1 8 38
1 8 37
1 8 36
1 8 35
1 8 34
1 8 33
5 8 32
0 7 32
2 6 32
2 5 32
2 4 32
2 3 32
2 2 32
-1
0 1 32
1 30 42
1 30 43
3 30 44
2 31 44
-1
-1
0 32 44
-1
-1
-1
-1
-1
0 29 29
2 39 28
2 40 28
2 41 28
2 42 28
-1
-1
0 43 28
1 8 43
1 8 44
4 8 45
2 7 45
-1
0 6 45
2 28 29
2 27 29
2 26 29
2 25 29
6 24 29
1 24 30
4 24 31
2 23 31
2 22 31
2 21 31
2 20 31
6 19 31
4 19 32
2 18 32
2 17 32
2 16 32
0 15 32
0 11 13
0 30 40
-1
-1
-1
0 40 12
2 4 10
2 3 10
-1
-1
0 2 10
1 43 29
1 43 30
1 43 31
1 43 32
3 43 33
0 44 33
1 6 46
1 6 47
0 6 48
1 1 31
1 1 30
6 1 29
-1
0 2 29
2 12 8
2 13 8
2 14 8
2 15 8
2 16 8
0 17 8
1 2 11
1 2 12
3 2 13
0 3 13
-1
0 22 39
1 39 3
5 39 2
-1
0 38 2
1 43 27
1 43 26
1 43 25
1 43 24
1 43 23
0 43 22
2 37 2
2 36 2
2 35 2
0 34 2
0 12 38
1 8 5
1 8 4
6 8 3
2 9 3
2 10 3
2 11 3
0 12 3
2 44 8
2 45 8
0 46 8
0 5 7
1 44 34
1 44 35
0 44 36
-1
0 12 35
4 44 22
1 44 21
1 44 20
1 44 19
6 44 18
0 45 18
1 45 17
1 45 16
6 45 15
2 46 15
0 47 15
0 29 32
0 35 29
0 11 16
1 7 33
1 7 34
1 7 35
4 7 36
2 6 36
0 5 36
0 3 29
3 5 11
0 6 11
5 14 41
1 14 42
1 14 43
3 14 44
0 15 44
0 19 31
2 16 44
2 17 44
0 18 44
1 44 37
0 44 38
2 45 36
2 46 36
0 47 36
2 18 8
2 19 8
2 20 8
2 21 8
0 22 8
4 6 49
2 5 49
0 4 49
0 24 29
0 12 24
2 7 42
2 6 42
2 5 42
2 4 42
2 3 42
0 2 42
0 8 45
3 22 9
2 23 9
2 24 9
2 25 9
0 26 9
0 16 40
1 47 37
1 47 38
1 47 39
1 47 40
0 47 41
0 43 31
1 35 8
1 35 9
1 35 10
1 35 11
0 35 12
2 34 12
2 33 12
2 32 12
0 31 12
2 31 40
2 32 40
2 33 40
0 34 40
1 35 13
1 35 14
1 35 15
1 35 16
1 35 17
1 35 18
0 35 19
6 12 2
2 13 2
2 14 2
2 15 2
2 16 2
2 17 2
2 18 2
0 19 2
4 35 20
2 34 20
2 33 20
2 32 20
2 31 20
2 30 20
2 29 20
2 28 20
0 27 20
1 47 42
1 47 43
1 47 44
1 47 45
1 47 46
1 47 47
1 47 48
0 47 49
-1
-1
-1
-1
-1
-1
-1
-1
-1
-1
-1
-1
-1
-1
-1
-1
-1
-1
-1
-1
-1
-1
-1
-1
-1
-1
-1
-1
-1
-1
-1
-1
-1
-1
-1
-1
-1
-1
-1
-1
-1
-1
-1
-1
-1
-1
-1
-1
-1
-1
-1
-1
-1
-1
-1
-1
-1
-1
-1
-1
-1
-1
-1
-1
-1
-1
-1
-1
-1
-1
-1
-1
-1
-1
-1
-1
-1
-1
-1
-1
-1
-1
-1
-1
-1
-1
-1
-1
-1
-1
-1
-1
-1
-1
-1
-1
-1
-1
-1
-1
-1
-1
-1
-1
-1
-1
-1
-1
-1
-1
-1
-1
-1
-1
-1
-1
-1
-1
-1
-1
-1
-1
-1
-1
-1
-1
-1
-1
-1
-1
-1
-1
-1
-1
-1
-1
-1
-1
-1
-1
-1
-1
-1
-1
-1
-1
-1
-1
-1
-1
-1
-1
-1
-1
-1
-1
-1
-1
-1
-1
-1
-1
-1
-1
-1
-1
-1
-1
-1
-1
-1
-1
-1
-1
-1
-1
-1
-1
-1
-1
-1
-1
-1
-1
-1
-1
-1
-1
-1
-1
-1
-1
-1
-1
-1
-1
-1
-1
-1
-1
-1
-1
-1
-1
-1
-1
-1
-1
-1
-1
-1
-1
-1
-1
-1
-1
-1
-1
-1
-1
-1
-1
-1
-1
-1
-1
-1
-1
-1
-1
-1
-1
-1
-1
-1
-1
-1
-1
-1
-1
-1
-1
-1
-1
-1
-1
-1
-1
-1
-1
-1
-1
-1
-1
-1
-1
-1
-1
-1
-1
-1
-1
-1
-1
-1
-1
-1
-1
-1
-1
-1
-1
-1
-1
-1
-1
-1
-1
-1
-1
-1
-1
-1
-1
-1
-1
-1
-1
-1
-1
-1
-1
-1
-1
-1
-1
-1
-1
-1
-1
-1
-1
-1
-1
-1
-1
-1
-1
-1
-1
-1
-1
-1
-1
