0 25 18
6 24 18
1 24 19
1 24 20
1 24 21
4 24 22
6 23 22
1 23 23
1 23 24
1 23 25
1 23 26
1 23 27
1 23 28
1 23 29
1 23 30
1 23 31
1 23 32
1 23 33
1 23 34
1 23 35
1 23 36
1 23 37
1 23 38
1 23 39
1 23 40
1 23 41
1 23 42
0 23 43
1 25 17
1 25 16
1 25 15
1 25 14
1 25 13
1 25 12
1 25 11
1 25 10
1 25 9
1 25 8
1 25 7
5 25 6
2 24 6
2 23 6
-1
-1
-1
-1
-1
-1
-1
0 22 6
6 22 5
2 23 5
2 24 5
2 25 5
2 26 5
2 27 5
2 28 5
2 29 5
4 30 5
6 30 4
2 31 4
2 32 4
-1
-1
-1
-1
-1
-1
-1
-1
-1
-1
-1
0 33 4
1 22 7
4 22 8
6 21 8
1 21 9
1 21 10
1 21 11
1 21 12
1 21 13
1 21 14
1 21 15
1 21 16
1 21 17
1 21 18
1 21 19
1 21 20
4 21 21
0 20 21
2 34 4
5 35 4
3 35 5
2 36 5
-1
-1
-1
-1
-1
0 37 5
4 24 43
1 24 42
6 24 41
2 25 41
2 26 41
-1
-1
0 27 41
1 33 5
1 33 6
4 33 7
2 32 7
2 31 7
2 30 7
2 29 7
0 28 7
3 22 43
5 22 42
2 21 42
2 20 42
0 19 42
3 25 19
2 26 19
2 27 19
2 28 19
2 29 19
0 30 19
2 31 19
2 32 19
2 33 19
2 34 19
0 35 19
2 18 42
2 17 42
0 16 42
1 37 6
1 37 7
3 37 8
2 38 8
0 39 8
0 21 8
1 20 22
1 20 23
0 20 24
1 23 44
3 23 45
2 24 45
0 25 45
0 23 22
1 30 20
1 30 21
1 30 22
1 30 23
0 30 24
2 29 24
2 28 24
2 27 24
0 26 24
0 36 19
2 15 42
2 14 42
2 13 42
2 12 42
2 11 42
0 10 42
2 9 42
2 8 42
0 7 42
0 25 5
1 25 46
0 25 47
0 21 18
2 6 42
2 5 42
0 4 42
1 37 4
1 37 3
1 37 2
0 37 1
1 36 18
6 36 17
2 37 17
0 38 17
0 23 26
0 21 12
2 24 47
2 23 47
0 22 47
2 39 17
2 40 17
2 41 17
0 42 17
2 43 17
2 44 17
2 45 17
0 46 17
0 30 5
1 33 3
0 33 2
0 25 8
1 46 18
3 46 19
0 47 19
4 4 43
2 3 43
2 2 43
0 1 43
0 22 5
0 33 7
0 24 18
1 4 41
1 4 40
1 4 39
0 4 38
1 4 37
1 4 36
1 4 35
0 4 34
0 25 14
2 3 34
0 2 34
0 23 38
0 38 16
1 1 42
0 1 41
1 38 15
1 38 14
0 38 13
2 21 5
2 20 5
0 19 5
1 47 20
1 47 21
1 47 22
0 47 23
1 42 18
1 42 19
0 42 20
1 39 9
0 39 10
1 26 23
1 26 22
6 26 21
0 27 21
2 19 24
0 18 24
1 1 44
1 1 45
0 1 46
2 31 24
2 32 24
0 33 24
5 38 1
3 38 2
0 39 2
0 43 20
2 18 5
2 17 5
2 16 5
0 15 5
2 14 5
2 13 5
0 12 5
1 30 18
1 30 17
0 30 16
6 30 15
2 31 15
0 32 15
5 26 45
3 26 46
0 27 46
2 29 16
0 28 16
2 37 13
2 36 13
0 35 13
0 47 24
1 46 16
1 46 15
1 46 14
0 46 13
1 18 25
0 18 26
0 1 34
2 32 2
2 31 2
2 30 2
2 29 2
0 28 2
2 5 38
2 6 38
2 7 38
0 8 38
2 17 24
2 16 24
0 15 24
1 33 23
0 33 22
2 9 38
2 10 38
0 11 38
2 12 38
0 13 38
1 22 4
0 22 3
1 12 6
0 12 7
0 45 13
2 38 10
2 37 10
0 36 10
1 30 25
4 30 26
0 29 26
2 11 7
2 10 7
2 9 7
0 8 7
0 25 12
1 19 41
6 19 40
0 20 40
1 32 14
1 32 13
1 32 12
0 32 11
0 31 19
6 39 7
0 40 7
2 41 20
0 40 20
0 23 29
0 40 21
0 27 2
0 43 17
2 31 11
2 30 11
0 29 11
0 1 40
1 16 43
1 16 44
0 16 45
0 14 38
0 24 42
1 8 8
0 8 9
0 21 16
0 47 21
2 15 38
2 16 38
0 17 38
4 47 17
6 47 16
2 48 16
0 49 16
1 8 6
1 8 5
0 8 4
0 12 42
6 14 24
1 14 25
1 14 26
1 14 27
0 14 28
0 13 28
1 12 8
1 12 9
1 12 10
0 12 11
2 13 11
2 14 11
0 15 11
1 19 4
0 19 3
2 5 34
0 6 34
2 16 11
0 17 11
0 33 1
1 12 12
1 12 13
0 12 14
6 6 33
0 7 33
0 24 12
1 7 32
0 7 31
1 13 29
1 13 30
1 13 31
0 13 32
0 38 15
0 2 46
0 33 0
2 12 28
0 11 28
3 32 16
0 33 16
1 43 21
0 43 22
1 7 43
0 7 44
1 29 12
0 29 13
1 8 3
0 8 2
2 22 29
2 21 29
0 20 29
0 18 11
2 19 21
0 18 21
0 29 27
0 8 31
2 17 21
0 16 21
0 28 41
1 15 4
1 15 3
1 15 2
0 15 1
1 2 47
0 2 48
0 8 10
0 7 2
1 2 33
1 2 32
0 2 31
2 41 7
0 42 7
1 17 10
1 17 9
0 17 8
2 34 24
2 35 24
0 36 24
1 17 37
0 17 36
0 17 35
1 27 40
1 27 39
0 27 38
1 1 35
0 1 36
0 22 48
2 24 29
0 25 29
2 21 48
2 20 48
0 19 48
2 7 7
2 6 7
0 5 7
0 19 43
0 26 29
1 47 25
1 47 26
0 47 27
0 15 21
2 40 2
2 41 2
0 42 2
0 28 21
2 4 7
2 3 7
2 2 7
0 1 7
0 8 39
0 12 15
0 33 8
5 37 24
1 37 25
0 37 26
2 38 26
0 39 26
0 32 10
0 29 41
0 30 41
2 19 29
2 18 29
6 17 29
0 17 30
2 3 48
0 4 48
1 7 45
0 7 46
2 20 16
2 19 16
0 18 16
2 14 21
2 13 21
2 12 21
0 11 21
1 45 12
0 45 11
2 46 11
0 47 11
0 22 2
2 43 2
0 44 2
1 2 30
1 2 29
0 2 28
6 44 1
2 45 1
2 46 1
0 47 1
0 23 35
1 20 30
1 20 31
1 20 32
0 20 33
1 1 6
1 1 5
0 1 4
0 8 37
0 22 1
0 35 4
1 11 22
0 11 23
0 11 24
2 6 2
0 5 2
1 30 42
1 30 43
3 30 44
0 31 44
2 44 11
0 43 11
1 42 16
1 42 15
0 42 14
2 46 27
2 45 27
0 44 27
2 8 46
0 9 46
2 10 46
0 11 46
2 28 11
0 27 11
3 11 47
0 12 47
4 8 11
0 7 11
0 17 16
2 6 11
2 5 11
0 4 11
1 4 12
4 4 13
2 3 13
2 2 13
6 1 13
0 1 14
2 28 38
2 29 38
0 30 38
2 30 27
0 31 27
1 12 4
5 12 3
0 11 3
1 2 27
1 2 26
0 2 25
1 1 15
3 1 16
0 2 16
1 7 12
0 7 13
1 47 2
1 47 3
0 47 4
1 40 22
0 40 23
1 26 30
1 26 31
1 26 32
0 26 33
0 1 48
0 2 17
1 37 27
1 37 28
1 37 29
4 37 30
0 36 30
2 31 38
0 32 38
2 33 38
2 34 38
2 35 38
0 36 38
2 37 38
2 38 38
0 39 38
1 39 39
1 39 40
1 39 41
0 39 42
2 40 42
2 41 42
2 42 42
2 43 42
2 44 42
0 45 42
0 45 43
0 45 44
1 45 45
1 45 46
1 45 47
4 45 48
0 44 48
1 47 28
1 47 29
1 47 30
1 47 31
0 47 32
0 32 39
2 46 43
0 47 43
2 38 42
0 37 42
0 12 16
2 10 21
2 9 21
2 8 21
2 7 21
2 6 21
0 5 21
1 39 43
1 39 44
0 39 45
1 1 3
1 1 2
6 1 1
0 2 1
0 38 45
4 38 46
0 37 46
0 4 10
6 42 6
0 43 6
-1
-1
-1
-1
-1
-1
-1
-1
-1
-1
-1
-1
-1
-1
-1
-1
-1
-1
-1
-1
-1
-1
-1
-1
-1
-1
-1
-1
-1
-1
-1
-1
-1
-1
-1
-1
-1
-1
-1
-1
-1
-1
-1
-1
-1
-1
-1
-1
-1
-1
-1
-1
-1
-1
-1
-1
-1
-1
-1
-1
-1
-1
-1
-1
-1
-1
-1
-1
-1
-1
-1
-1
-1
-1
-1
-1
-1
-1
-1
-1
-1
-1
-1
-1
-1
-1
-1
-1
-1
-1
-1
-1
-1
-1
-1
-1
-1
-1
-1
-1
-1
-1
-1
-1
-1
-1
-1
-1
-1
-1
-1
-1
-1
-1
-1
-1
-1
-1
-1
-1
-1
-1
-1
-1
-1
-1
-1
-1
-1
-1
-1
-1
-1
-1
-1
-1
-1
-1
-1
-1
-1
-1
-1
-1
-1
-1
-1
-1
-1
-1
-1
-1
-1
-1
-1
