0 10 28
1 10 29
1 10 30
1 10 31
1 10 32
1 10 33
3 10 34
2 11 34
2 12 34
2 13 34
2 14 34
5 15 34
1 15 35
1 15 36
3 15 37
2 16 37
2 17 37
2 18 37
5 19 37
3 19 38
2 20 38
5 21 38
3 21 39
2 22 39
2 23 39
2 24 39
2 25 39
2 26 39
2 27 39
2 28 39
2 29 39
2 30 39
2 31 39
2 32 39
2 33 39
2 34 39
2 35 39
2 36 39
5 37 39
1 37 40
3 37 41
2 38 41
2 39 41
2 40 41
5 41 41
3 41 42
2 42 42
0 43 42
1 10 27
1 10 26
1 10 25
1 10 24
1 10 23
1 10 22
1 10 21
6 10 20
2 11 20
4 12 20
1 12 19
1 12 18
1 12 17
1 12 16
6 12 15
4 13 15
1 13 14
-1
-1
-1
-1
-1
-1
-1
-1
-1
-1
-1
-1
-1
-1
-1
-1
-1
-1
-1
-1
-1
-1
-1
-1
0 13 13
2 12 13
2 11 13
3 10 13
1 10 12
1 10 11
1 10 10
1 10 9
1 10 8
1 10 7
1 10 6
-1
-1
-1
-1
-1
-1
-1
-1
-1
-1
-1
-1
-1
-1
-1
-1
-1
-1
0 10 5
1 43 43
4 43 44
2 42 44
2 41 44
6 40 44
1 40 45
1 40 46
4 40 47
2 39 47
2 38 47
2 37 47
-1
-1
-1
-1
-1
-1
-1
-1
-1
-1
0 36 47
5 36 46
2 35 46
2 34 46
2 33 46
2 32 46
2 31 46
2 30 46
2 29 46
2 28 46
2 27 46
2 26 46
2 25 46
2 24 46
2 23 46
-1
0 22 46
1 43 41
1 43 40
1 43 39
1 43 38
5 43 37
2 42 37
3 41 37
1 41 36
1 41 35
1 41 34
-1
0 41 33
6 13 12
2 14 12
2 15 12
2 16 12
2 17 12
2 18 12
2 19 12
2 20 12
4 21 12
1 21 11
1 21 10
1 21 9
6 21 8
2 22 8
2 23 8
2 24 8
2 25 8
0 26 8
2 27 8
2 28 8
4 29 8
1 29 7
1 29 6
1 29 5
6 29 4
0 30 4
4 44 42
1 44 41
6 44 40
0 45 40
1 26 7
1 26 6
5 26 5
2 25 5
3 24 5
1 24 4
5 24 3
0 23 3
-1
0 10 33
2 31 4
2 32 4
5 33 4
3 33 5
2 34 5
2 35 5
2 36 5
2 37 5
5 38 5
1 38 6
1 38 7
3 38 8
2 39 8
2 40 8
0 41 8
5 11 28
3 11 29
2 12 29
0 13 29
1 22 45
6 22 44
2 23 44
0 24 44
0 16 12
0 29 8
0 41 44
1 45 41
1 45 42
1 45 43
0 45 44
5 24 43
2 23 43
2 22 43
2 21 43
2 20 43
2 19 43
0 18 43
6 9 33
1 9 34
1 9 35
1 9 36
0 9 37
0 10 13
1 16 11
1 16 10
0 16 9
1 18 44
4 18 45
2 17 45
2 16 45
0 15 45
0 33 4
2 8 37
0 7 37
0 32 39
2 22 3
0 21 3
0 31 46
0 15 34
5 21 2
2 20 2
2 19 2
2 18 2
2 17 2
0 16 2
0 29 39
1 31 45
0 31 44
1 41 32
0 41 31
0 13 15
0 37 39
0 20 38
1 41 30
1 41 29
1 41 28
0 41 27
0 12 20
0 41 37
0 21 12
0 9 33
0 21 11
0 45 39
0 24 39
2 14 45
0 13 45
0 10 25
0 21 10
0 38 5
2 12 45
2 11 45
0 10 45
0 10 31
0 17 37
1 10 46
0 10 47
2 9 45
2 8 45
2 7 45
2 6 45
0 5 45
1 13 44
1 13 43
1 13 42
0 13 41
2 13 20
2 14 20
0 15 20
1 22 47
3 22 48
2 23 48
0 24 48
2 9 28
0 8 28
0 26 6
1 5 46
4 5 47
0 4 47
1 21 13
4 21 14
0 20 14
1 41 26
1 41 25
1 41 24
1 41 23
1 41 22
1 41 21
1 41 20
0 41 19
5 42 19
3 42 20
0 43 20
0 40 37
1 43 21
3 43 22
0 44 22
0 24 5
0 40 31
2 7 28
2 6 28
2 5 28
2 4 28
2 3 28
0 2 28
0 15 9
1 38 4
1 38 3
0 38 2
1 20 15
1 20 16
1 20 17
1 20 18
0 20 19
3 20 20
0 21 20
1 2 29
1 2 30
1 2 31
1 2 32
0 2 33
1 21 21
1 21 22
0 21 23
0 21 24
2 14 15
0 15 15
0 21 25
2 25 48
2 26 48
0 27 48
2 45 22
2 46 22
0 47 22
1 45 45
0 45 46
0 10 21
2 22 25
2 23 25
2 24 25
2 25 25
2 26 25
0 27 25
2 42 8
0 43 8
0 41 28
1 2 27
0 2 26
5 5 44
2 4 44
2 3 44
0 2 44
5 42 33
3 42 34
0 43 34
1 27 26
1 27 27
1 27 28
0 27 29
2 9 21
2 8 21
2 7 21
2 6 21
0 5 21
1 37 38
1 37 37
1 37 36
0 37 35
1 20 37
1 20 36
6 20 35
0 21 35
1 27 30
0 27 31
2 11 47
0 12 47
2 40 28
2 39 28
2 38 28
0 37 28
0 38 7
0 21 26
6 43 7
2 44 7
0 45 7
6 13 28
2 14 28
2 15 28
0 16 28
1 16 29
0 16 30
6 27 24
2 28 24
2 29 24
4 30 24
0 30 23
1 16 1
5 16 0
0 15 0
1 13 40
1 13 39
0 13 38
0 41 41
5 38 1
2 37 1
0 36 1
1 2 43
1 2 42
5 2 41
0 1 41
1 37 27
1 37 26
1 37 25
0 37 24
1 5 20
5 5 19
2 4 19
2 3 19
0 2 19
2 36 35
2 35 35
2 34 35
0 33 35
3 36 24
5 36 23
0 35 23
2 9 31
0 8 31
1 17 38
0 17 39
1 10 14
1 10 15
4 10 16
0 9 16
6 37 7
1 37 8
1 37 9
1 37 10
1 37 11
0 37 12
2 38 12
2 39 12
0 40 12
2 21 19
2 22 19
2 23 19
2 24 19
0 25 19
2 36 12
2 35 12
2 34 12
0 33 12
1 24 40
0 24 41
2 42 28
2 43 28
2 44 28
0 45 28
1 25 18
1 25 17
0 25 16
5 46 40
3 46 41
2 47 41
2 48 41
0 49 41
2 9 13
2 8 13
3 7 13
1 7 12
1 7 11
5 7 10
2 6 10
0 5 10
1 33 13
1 33 14
1 33 15
1 33 16
1 33 17
4 33 18
0 32 18
2 44 34
0 45 34
0 33 16
2 25 44
0 26 44
0 36 24
0 7 12
2 46 7
2 47 7
0 48 7
0 2 41
1 48 8
1 48 9
1 48 10
1 48 11
3 48 12
0 49 12
2 17 28
0 18 28
2 20 24
2 19 24
0 18 24
3 36 48
0 37 48
1 23 2
6 23 1
2 24 1
0 25 1
2 11 25
2 12 25
2 13 25
0 14 25
3 45 47
2 46 47
0 47 47
1 15 46
1 15 47
1 15 48
3 15 49
0 16 49
0 7 28
2 32 12
2 31 12
2 30 12
0 29 12
5 10 4
0 9 4
6 1 33
1 1 34
1 1 35
0 1 36
0 15 35
2 22 35
2 23 35
0 24 35
4 39 5
0 39 4
-1
-1
-1
-1
-1
-1
-1
-1
-1
-1
-1
-1
-1
-1
-1
-1
-1
-1
-1
-1
-1
-1
-1
-1
-1
-1
-1
-1
-1
-1
-1
-1
-1
-1
-1
-1
-1
-1
-1
-1
-1
-1
-1
-1
-1
-1
-1
-1
-1
-1
-1
-1
-1
-1
-1
-1
-1
-1
-1
-1
-1
-1
-1
-1
-1
-1
-1
-1
-1
-1
-1
-1
-1
-1
-1
-1
-1
-1
-1
-1
-1
-1
-1
-1
-1
-1
-1
-1
-1
-1
-1
-1
-1
-1
-1
-1
-1
-1
-1
-1
-1
-1
-1
-1
-1
-1
-1
-1
-1
-1
-1
-1
-1
-1
-1
-1
-1
-1
-1
-1
-1
-1
-1
-1
-1
-1
-1
-1
-1
-1
-1
-1
-1
-1
-1
-1
-1
-1
-1
-1
-1
-1
-1
-1
-1
-1
-1
-1
-1
-1
-1
-1
-1
-1
-1
-1
-1
-1
-1
-1
-1
-1
-1
-1
-1
-1
-1
-1
-1
-1
-1
-1
-1
-1
-1
-1
-1
-1
-1
-1
-1
-1
-1
-1
-1
-1
-1
-1
-1
-1
-1
-1
-1
-1
-1
-1
-1
-1
-1
-1
-1
-1
-1
-1
-1
-1
-1
-1
-1
-1
-1
-1
-1
-1
