0 14 32
1 14 33
1 14 34
1 14 35
3 14 36
2 15 36
5 16 36
1 16 37
1 16 38
1 16 39
1 16 40
3 16 41
2 17 41
2 18 41
5 19 41
1 19 42
1 19 43
1 19 44
1 19 45
3 19 46
5 20 46
3 20 47
2 21 47
0 22 47
1 14 31
1 14 30
5 14 29
3 13 29
1 13 28
1 13 27
1 13 26
5 13 25
2 12 25
-1
-1
-1
-1
-1
-1
-1
-1
-1
-1
0 11 25
1 11 24
1 11 23
1 11 22
-1
-1
-1
-1
-1
-1
-1
-1
-1
-1
-1
-1
-1
-1
-1
-1
-1
-1
-1
-1
-1
-1
-1
-1
-1
-1
-1
-1
-1
-1
-1
-1
-1
-1
-1
-1
-1
-1
-1
0 11 21
-1
-1
-1
-1
-1
-1
-1
-1
-1
-1
-1
-1
-1
-1
-1
-1
-1
-1
-1
-1
-1
-1
-1
-1
-1
-1
-1
-1
-1
-1
0 19 41
6 13 32
1 13 33
1 13 34
4 13 35
6 12 35
1 12 36
4 12 37
2 11 37
2 10 37
2 9 37
2 8 37
2 7 37
2 6 37
6 5 37
-1
-1
-1
-1
-1
-1
-1
-1
-1
-1
-1
-1
0 5 38
5 12 21
3 12 22
2 13 22
2 14 22
2 15 22
2 16 22
2 17 22
2 18 22
2 19 22
2 20 22
2 21 22
2 22 22
2 23 22
5 24 22
1 24 23
1 24 24
3 24 25
-1
-1
-1
-1
-1
-1
0 25 25
2 4 38
2 3 38
2 2 38
2 1 38
3 0 38
1 0 37
1 0 36
-1
-1
-1
-1
-1
-1
-1
-1
0 0 35
1 25 26
1 25 27
1 25 28
3 25 29
2 26 29
2 27 29
2 28 29
2 29 29
2 30 29
5 31 29
1 31 30
1 31 31
1 31 32
3 31 33
-1
0 32 33
1 32 32
6 32 31
2 33 31
2 34 31
4 35 31
6 35 30
2 36 30
2 37 30
-1
-1
0 38 30
-1
-1
-1
-1
-1
-1
-1
-1
0 16 39
6 10 21
4 10 22
2 9 22
2 8 22
2 7 22
-1
-1
0 6 22
4 32 34
2 31 34
2 30 34
2 29 34
2 28 34
3 27 34
-1
0 27 33
1 6 23
1 6 24
1 6 25
1 6 26
3 6 27
-1
0 7 27
5 33 33
1 33 34
1 33 35
1 33 36
4 33 37
2 32 37
0 31 37
1 31 38
1 31 39
3 31 40
5 32 40
1 32 41
1 32 42
3 32 43
2 33 43
0 34 43
1 7 28
-1
0 7 29
1 0 34
6 0 33
2 1 33
2 2 33
0 3 33
1 34 44
1 34 45
1 34 46
1 34 47
1 34 48
3 34 49
2 35 49
0 36 49
-1
0 31 29
2 15 32
2 16 32
2 17 32
2 18 32
0 19 32
-1
-1
0 12 37
2 35 43
2 36 43
4 37 43
6 37 42
2 38 42
2 39 42
2 40 42
2 41 42
2 42 42
2 43 42
0 44 42
0 20 47
2 6 29
0 5 29
1 12 38
1 12 39
0 12 40
2 20 41
0 21 41
1 6 21
1 6 20
1 6 19
1 6 18
1 6 17
0 6 16
0 33 37
1 7 30
1 7 31
1 7 32
1 7 33
0 7 34
0 13 28
2 34 37
2 35 37
2 36 37
2 37 37
0 38 37
0 16 36
0 21 22
2 17 36
2 18 36
2 19 36
0 20 36
0 9 37
1 12 41
1 12 42
0 12 43
0 37 43
1 12 44
1 12 45
3 12 46
0 13 46
0 6 24
1 38 29
1 38 28
1 38 27
5 38 26
0 37 26
0 28 29
1 5 39
1 5 40
1 5 41
3 5 42
0 6 42
0 17 22
0 24 22
0 34 48
0 20 46
0 32 40
6 37 25
2 38 25
0 39 25
0 13 26
1 24 21
1 24 20
1 24 19
1 24 18
1 24 17
1 24 16
0 24 15
1 24 14
1 24 13
0 24 12
1 24 11
1 24 10
1 24 9
0 24 8
2 23 8
2 22 8
2 21 8
2 20 8
0 19 8
0 35 31
0 16 41
2 18 8
2 17 8
3 16 8
1 16 7
1 16 6
1 16 5
1 16 4
0 16 3
5 16 2
2 15 2
0 14 2
2 25 12
2 26 12
0 27 12
2 22 41
2 23 41
0 24 41
0 31 28
1 31 27
0 31 26
1 9 38
0 9 39
0 16 8
0 0 38
1 24 7
1 24 6
0 24 5
0 20 37
0 2 33
0 5 37
1 24 4
6 24 3
2 25 3
2 26 3
0 27 3
2 28 3
2 29 3
0 30 3
2 7 16
2 8 16
2 9 16
0 10 16
1 13 47
4 13 48
2 12 48
2 11 48
0 10 48
2 20 32
0 21 32
1 21 31
1 21 30
0 21 29
1 24 40
1 24 39
0 24 38
1 17 21
5 17 20
0 16 20
1 6 43
1 6 44
4 6 45
2 5 45
2 4 45
0 3 45
2 11 16
0 12 16
6 16 35
0 17 35
2 5 16
2 4 16
0 3 16
2 28 12
2 29 12
2 30 12
0 31 12
3 31 13
2 32 13
2 33 13
2 34 13
2 35 13
2 36 13
2 37 13
2 38 13
0 39 13
6 39 12
2 40 12
2 41 12
2 42 12
2 43 12
2 44 12
0 45 12
0 12 35
1 45 11
1 45 10
1 45 9
1 45 8
1 45 7
0 45 6
1 45 5
1 45 4
6 45 3
0 46 3
0 47 3
2 8 29
2 9 29
0 10 29
5 25 38
3 25 39
0 26 39
2 27 39
0 28 39
6 26 33
0 26 34
3 44 6
5 44 5
2 43 5
0 42 5
2 5 24
2 4 24
0 3 24
2 41 5
0 40 5
2 23 47
2 24 47
2 25 47
2 26 47
0 27 47
1 3 23
5 3 22
2 2 22
0 1 22
1 30 2
6 30 1
2 31 1
2 32 1
0 33 1
2 40 25
2 41 25
2 42 25
2 43 25
2 44 25
2 45 25
2 46 25
0 47 25
1 21 28
5 21 27
2 20 27
0 19 27
0 41 42
1 44 41
1 44 40
1 44 39
0 44 38
1 41 43
4 41 44
0 40 44
0 12 42
2 14 28
5 15 28
1 15 29
0 15 30
1 14 3
4 14 4
2 13 4
2 12 4
2 11 4
2 10 4
2 9 4
2 8 4
0 7 4
2 6 4
2 5 4
2 4 4
2 3 4
0 2 4
1 2 3
1 2 2
5 2 1
2 1 1
0 0 1
2 23 15
2 22 15
2 21 15
0 20 15
1 44 37
1 44 36
1 44 35
1 44 34
0 44 33
-1
-1
-1
-1
-1
-1
-1
-1
-1
-1
-1
-1
-1
-1
-1
-1
-1
-1
-1
-1
-1
-1
-1
-1
-1
-1
-1
-1
-1
-1
-1
-1
-1
-1
-1
-1
-1
-1
-1
-1
-1
-1
-1
-1
-1
-1
-1
-1
-1
-1
-1
-1
-1
-1
-1
-1
-1
-1
-1
-1
-1
-1
-1
-1
-1
-1
-1
-1
-1
-1
-1
-1
-1
-1
-1
-1
-1
-1
-1
-1
-1
-1
-1
-1
-1
-1
-1
-1
-1
-1
-1
-1
-1
-1
-1
-1
-1
-1
-1
-1
-1
-1
-1
-1
-1
-1
-1
-1
-1
-1
-1
-1
-1
-1
-1
-1
-1
-1
-1
-1
-1
-1
-1
-1
-1
-1
-1
-1
-1
-1
-1
-1
-1
-1
-1
-1
-1
-1
-1
-1
-1
-1
-1
-1
-1
-1
-1
-1
-1
-1
-1
-1
-1
-1
-1
-1
-1
-1
-1
-1
-1
-1
-1
-1
-1
-1
-1
-1
-1
-1
-1
-1
-1
-1
-1
-1
-1
-1
-1
-1
-1
-1
-1
-1
-1
-1
-1
-1
-1
-1
-1
-1
-1
-1
-1
-1
-1
-1
-1
-1
-1
-1
-1
-1
-1
-1
-1
-1
-1
-1
-1
-1
-1
-1
-1
-1
-1
-1
-1
-1
-1
-1
-1
-1
-1
-1
-1
-1
-1
-1
-1
