0 36 14
4 36 15
2 35 15
2 34 15
6 33 15
1 33 16
1 33 17
1 33 18
1 33 19
1 33 20
1 33 21
1 33 22
1 33 23
1 33 24
1 33 25
1 33 26
1 33 27
1 33 28
1 33 29
1 33 30
1 33 31
1 33 32
1 33 33
1 33 34
1 33 35
1 33 36
1 33 37
1 33 38
1 33 39
1 33 40
1 33 41
4 33 42
2 32 42
2 31 42
2 30 42
2 29 42
2 28 42
2 27 42
2 26 42
2 25 42
2 24 42
2 23 42
0 22 42
1 36 13
1 36 12
1 36 11
1 36 10
5 36 9
2 35 9
2 34 9
2 33 9
2 32 9
2 31 9
2 30 9
2 29 9
2 28 9
2 27 9
2 26 9
2 25 9
2 24 9
2 23 9
2 22 9
2 21 9
2 20 9
2 19 9
2 18 9
2 17 9
2 16 9
2 15 9
2 14 9
2 13 9
-1
-1
-1
-1
-1
-1
-1
-1
-1
-1
-1
-1
-1
-1
-1
-1
-1
-1
-1
0 12 9
-1
-1
-1
-1
-1
-1
-1
-1
-1
-1
-1
-1
-1
-1
-1
-1
-1
-1
-1
-1
-1
-1
-1
-1
-1
-1
-1
-1
-1
-1
-1
-1
-1
-1
-1
-1
-1
0 33 41
1 12 10
1 12 11
4 12 12
2 11 12
2 10 12
2 9 12
2 8 12
6 7 12
1 7 13
4 7 14
6 6 14
1 6 15
1 6 16
4 6 17
2 5 17
6 4 17
1 4 18
1 4 19
-1
-1
-1
-1
-1
-1
-1
-1
-1
-1
-1
-1
-1
-1
-1
-1
-1
0 4 20
5 34 41
1 34 42
1 34 43
3 34 44
2 35 44
-1
-1
-1
-1
-1
-1
-1
-1
-1
-1
-1
-1
-1
-1
-1
-1
-1
-1
-1
0 36 44
1 4 21
1 4 22
1 4 23
1 4 24
1 4 25
1 4 26
1 4 27
-1
-1
-1
-1
-1
-1
-1
-1
-1
-1
-1
-1
0 4 28
2 37 44
2 38 44
2 39 44
2 40 44
2 41 44
5 42 44
1 42 45
1 42 46
1 42 47
3 42 48
2 43 48
2 44 48
-1
-1
-1
-1
-1
-1
-1
0 45 48
3 4 29
2 5 29
2 6 29
2 7 29
5 8 29
3 8 30
2 9 30
2 10 30
2 11 30
-1
-1
-1
-1
-1
0 12 30
4 37 14
1 37 13
1 37 12
1 37 11
6 37 10
2 38 10
2 39 10
2 40 10
2 41 10
2 42 10
2 43 10
2 44 10
-1
-1
0 45 10
1 22 43
1 22 44
4 22 45
2 21 45
2 20 45
2 19 45
2 18 45
2 17 45
2 16 45
2 15 45
2 14 45
2 13 45
2 12 45
0 11 45
-1
-1
-1
-1
-1
-1
-1
0 33 15
4 5 20
1 5 19
6 5 18
2 6 18
4 7 18
1 7 17
1 7 16
6 7 15
2 8 15
2 9 15
0 10 15
2 10 45
2 9 45
2 8 45
2 7 45
3 6 45
1 6 44
-1
-1
0 6 43
1 36 43
6 36 42
2 37 42
2 38 42
2 39 42
-1
-1
0 40 42
1 40 41
5 40 40
3 39 40
1 39 39
1 39 38
1 39 37
1 39 36
1 39 35
1 39 34
1 39 33
1 39 32
1 39 31
1 39 30
5 39 29
0 38 29
0 6 14
-1
-1
-1
0 33 29
3 32 41
1 32 40
1 32 39
5 32 38
2 31 38
2 30 38
0 29 38
6 3 20
1 3 21
1 3 22
4 3 23
0 2 23
1 6 13
5 6 12
2 5 12
2 4 12
2 3 12
2 2 12
0 1 12
1 12 8
1 12 7
6 12 6
2 13 6
2 14 6
2 15 6
0 16 6
0 33 9
1 11 46
3 11 47
2 12 47
2 13 47
2 14 47
2 15 47
0 16 47
1 16 5
1 16 4
6 16 3
0 17 3
3 16 48
2 17 48
2 18 48
2 19 48
2 20 48
2 21 48
2 22 48
2 23 48
0 24 48
0 37 14
1 45 11
1 45 12
1 45 13
3 45 14
2 46 14
0 47 14
0 7 12
4 41 42
6 41 41
2 42 41
0 43 41
0 8 29
1 43 40
1 43 39
1 43 38
1 43 37
1 43 36
1 43 35
1 43 34
0 43 33
2 44 33
2 45 33
0 46 33
0 28 9
0 39 40
6 24 47
2 25 47
2 26 47
0 27 47
2 13 30
2 14 30
2 15 30
0 16 30
2 17 30
0 18 30
-1
0 6 45
1 6 46
1 6 47
4 6 48
2 5 48
2 4 48
0 3 48
1 18 29
6 18 28
0 19 28
0 10 12
1 47 15
1 47 16
1 47 17
0 47 18
0 39 29
1 8 28
0 8 27
3 10 13
2 11 13
2 12 13
2 13 13
2 14 13
2 15 13
0 16 13
1 46 32
1 46 31
1 46 30
1 46 29
1 46 28
0 46 27
0 43 38
1 12 31
1 12 32
1 12 33
0 12 34
0 4 17
1 7 11
1 7 10
5 7 9
0 6 9
1 6 8
1 6 7
0 6 6
1 6 5
1 6 4
5 6 3
0 5 3
0 16 48
1 8 26
1 8 25
0 8 24
0 3 21
1 33 8
1 33 7
1 33 6
1 33 5
6 33 4
2 34 4
2 35 4
0 36 4
1 6 42
0 6 41
1 6 40
1 6 39
0 6 38
2 5 38
2 4 38
2 3 38
0 2 38
0 2 39
1 45 47
6 45 46
0 46 46
2 3 28
0 2 28
0 33 40
4 16 49
2 15 49
2 14 49
2 13 49
2 12 49
0 11 49
1 2 29
1 2 30
1 2 31
3 2 32
2 3 32
0 4 32
4 34 40
1 34 39
1 34 38
1 34 37
1 34 36
0 34 35
1 19 27
1 19 26
1 19 25
6 19 24
2 20 24
0 21 24
1 29 37
1 29 36
1 29 35
1 29 34
1 29 33
0 29 32
1 36 45
4 36 46
2 35 46
2 34 46
0 33 46
3 37 29
1 37 28
1 37 27
1 37 26
0 37 25
0 42 44
1 21 23
6 21 22
2 22 22
2 23 22
2 24 22
0 25 22
1 18 31
1 18 32
1 18 33
1 18 34
1 18 35
1 18 36
1 18 37
4 18 38
0 17 38
5 19 30
1 19 31
1 19 32
1 19 33
3 19 34
2 20 34
2 21 34
0 22 34
2 46 18
2 45 18
2 44 18
2 43 18
2 42 18
0 41 18
1 28 8
1 28 7
1 28 6
5 28 5
2 27 5
2 26 5
0 25 5
-1
-1
-1
-1
-1
-1
-1
-1
-1
-1
-1
-1
-1
-1
-1
-1
-1
-1
-1
-1
-1
-1
-1
-1
-1
-1
-1
-1
-1
-1
-1
-1
-1
-1
-1
-1
-1
-1
-1
-1
-1
-1
-1
-1
-1
-1
-1
-1
-1
-1
-1
-1
-1
-1
-1
-1
-1
-1
-1
-1
-1
-1
-1
-1
-1
-1
-1
-1
-1
-1
-1
-1
-1
-1
-1
-1
-1
-1
-1
-1
-1
-1
-1
-1
-1
-1
-1
-1
-1
-1
-1
-1
-1
-1
-1
-1
-1
-1
-1
-1
-1
-1
-1
-1
-1
-1
-1
-1
-1
-1
-1
-1
-1
-1
-1
-1
-1
-1
-1
-1
-1
-1
-1
-1
-1
-1
-1
-1
-1
-1
-1
-1
-1
-1
-1
-1
-1
-1
-1
-1
-1
-1
-1
-1
-1
-1
-1
-1
-1
-1
-1
-1
-1
-1
-1
-1
-1
-1
-1
-1
-1
-1
-1
-1
-1
-1
-1
-1
-1
-1
-1
-1
-1
-1
-1
-1
-1
-1
-1
-1
-1
-1
-1
-1
-1
-1
-1
-1
-1
-1
-1
-1
-1
-1
-1
-1
-1
-1
-1
-1
-1
-1
-1
-1
-1
-1
-1
-1
-1
-1
-1
-1
-1
-1
-1
-1
-1
-1
-1
-1
-1
-1
-1
-1
-1
-1
-1
-1
-1
-1
-1
-1
