0 10 14
1 10 15
3 10 16
2 11 16
2 12 16
5 13 16
1 13 17
1 13 18
1 13 19
1 13 20
1 13 21
1 13 22
1 13 23
1 13 24
1 13 25
3 13 26
2 14 26
5 15 26
1 15 27
1 15 28
3 15 29
2 16 29
2 17 29
5 18 29
1 18 30
1 18 31
1 18 32
1 18 33
1 18 34
1 18 35
1 18 36
0 18 37
1 18 38
1 18 39
1 18 40
1 18 41
1 18 42
4 18 43
2 17 43
6 16 43
-1
-1
-1
-1
-1
-1
-1
-1
-1
0 16 44
1 10 13
1 10 12
1 10 11
1 10 10
6 10 9
2 11 9
2 12 9
2 13 9
2 14 9
2 15 9
2 16 9
2 17 9
2 18 9
2 19 9
2 20 9
2 21 9
2 22 9
2 23 9
2 24 9
2 25 9
2 26 9
2 27 9
2 28 9
2 29 9
4 30 9
1 30 8
6 30 7
2 31 7
2 32 7
4 33 7
6 33 6
2 34 6
2 35 6
2 36 6
0 37 6
1 37 5
5 37 4
2 36 4
2 35 4
-1
-1
-1
-1
0 34 4
2 17 44
2 18 44
2 19 44
2 20 44
2 21 44
2 22 44
2 23 44
0 24 44
2 9 14
3 8 14
5 8 13
2 7 13
2 6 13
0 5 13
1 24 43
6 24 42
2 25 42
2 26 42
4 27 42
1 27 41
6 27 40
2 28 40
2 29 40
2 30 40
4 31 40
0 31 39
2 15 44
2 14 44
2 13 44
0 12 44
0 30 7
0 10 11
4 12 45
2 11 45
0 10 45
1 30 6
5 30 5
2 29 5
2 28 5
0 27 5
2 26 5
2 25 5
2 24 5
0 23 5
0 17 9
1 5 14
1 5 15
1 5 16
0 5 17
0 16 43
0 18 29
2 9 45
2 8 45
3 7 45
1 7 44
0 7 43
0 22 44
0 13 16
1 10 46
0 10 47
1 17 8
1 17 7
1 17 6
1 17 5
0 17 4
2 16 4
2 15 4
0 14 4
0 13 26
0 27 42
0 18 33
1 31 38
1 31 37
5 31 36
2 30 36
2 29 36
2 28 36
0 27 36
0 34 3
1 27 35
1 27 34
5 27 33
0 26 33
1 26 32
1 26 31
1 26 30
1 26 29
0 26 28
0 10 9
0 18 40
2 19 29
2 20 29
0 21 29
0 30 9
0 6 17
0 25 33
1 14 3
1 14 2
0 14 1
0 7 45
0 6 13
0 10 48
1 22 43
1 22 42
0 22 41
1 7 42
0 7 41
2 17 37
2 16 37
2 15 37
0 14 37
0 16 9
1 27 4
1 27 3
0 27 2
1 12 43
0 12 42
2 13 1
0 12 1
0 13 17
0 25 28
0 14 36
0 33 7
0 20 44
2 27 28
2 28 28
0 29 28
2 30 28
2 31 28
2 32 28
0 33 28
2 34 28
0 35 28
0 4 13
2 11 11
0 12 11
0 3 13
2 28 2
0 29 2
0 27 33
1 17 3
6 17 2
2 18 2
2 19 2
0 20 2
1 35 27
1 35 26
1 35 25
6 35 24
0 36 24
2 13 4
0 12 4
2 19 33
0 20 33
2 37 24
2 38 24
0 39 24
0 25 9
2 38 6
2 39 6
0 40 6
2 11 4
2 10 4
0 9 4
2 36 28
2 37 28
0 38 28
2 9 9
2 8 9
0 7 9
1 12 5
0 12 6
0 16 45
0 30 10
2 6 9
0 5 9
2 8 4
2 7 4
2 6 4
0 5 4
0 15 27
1 5 3
1 5 2
0 5 1
2 19 37
2 20 37
0 21 37
0 13 23
6 29 1
2 30 1
0 31 1
1 23 4
0 23 3
3 10 49
2 11 49
2 12 49
2 13 49
0 14 49
1 12 41
0 12 40
1 37 7
1 37 8
0 37 9
0 30 5
2 13 36
2 12 36
2 11 36
0 10 36
0 17 2
2 39 28
2 40 28
0 41 28
2 4 9
2 3 9
0 2 9
0 8 14
0 31 36
0 36 23
0 15 9
2 9 36
2 8 36
0 7 36
2 35 23
2 34 23
0 33 23
0 9 5
1 2 8
6 2 7
0 3 7
2 4 17
2 3 17
2 2 17
0 1 17
2 15 49
2 16 49
2 17 49
0 18 49
0 39 23
0 25 10
0 29 29
0 13 22
0 31 40
1 21 28
0 21 27
1 33 22
1 33 21
0 33 20
2 32 20
2 31 20
0 30 20
1 30 19
0 30 18
1 21 26
0 21 25
0 7 40
6 41 27
2 42 27
0 43 27
0 12 22
0 27 40
2 22 5
0 21 5
1 35 29
1 35 30
0 35 31
0 16 46
1 17 10
1 17 11
1 17 12
0 17 13
2 18 13
0 19 13
0 13 40
2 6 36
0 5 36
0 19 14
0 5 0
2 44 27
0 45 27
0 46 27
2 12 23
2 11 23
0 10 23
0 46 28
1 1 18
0 1 19
1 5 35
1 5 34
1 5 33
0 5 32
0 35 32
0 35 33
1 33 19
1 33 18
0 33 17
1 24 45
1 24 46
0 24 47
1 24 48
0 24 49
1 40 5
1 40 4
6 40 3
0 41 3
1 41 2
0 41 1
0 11 1
2 4 4
2 3 4
2 2 4
0 1 4
0 29 30
1 26 27
0 26 26
0 26 25
0 10 16
2 34 17
0 35 17
1 35 16
1 35 15
1 35 14
0 35 13
0 24 10
0 18 9
2 6 32
2 7 32
0 8 32
0 9 32
1 33 27
0 33 26
1 25 11
1 25 12
3 25 13
2 26 13
0 27 13
2 10 32
2 11 32
0 12 32
0 35 34
1 27 14
0 27 15
2 40 1
2 39 1
0 38 1
2 36 17
2 37 17
0 38 17
0 26 15
0 14 35
0 23 10
0 6 0
0 22 10
0 26 24
0 13 6
2 4 32
2 3 32
0 2 32
0 26 23
1 21 24
0 21 23
1 21 22
1 21 21
0 21 20
0 24 33
1 21 19
0 21 18
0 9 23
0 30 21
2 9 48
2 8 48
0 7 48
2 25 15
0 24 15
0 2 13
0 23 15
2 4 36
0 3 36
2 16 13
0 15 13
0 15 26
1 23 2
6 23 1
0 24 1
0 30 17
2 36 34
2 37 34
0 38 34
0 39 34
0 22 40
0 40 34
0 13 18
0 31 35
2 25 47
2 26 47
0 27 47
3 27 48
0 28 48
2 29 48
2 30 48
0 31 48
0 33 16
0 24 32
0 1 20
1 1 21
0 1 22
1 3 37
0 3 38
0 2 22
1 27 12
6 27 11
0 28 11
1 6 18
1 6 19
0 6 20
1 2 23
0 2 24
0 35 12
0 2 12
2 32 26
0 31 26
4 9 24
2 8 24
0 7 24
0 23 49
1 5 31
0 5 30
2 32 40
2 33 40
0 34 40
0 21 30
0 34 31
0 34 12
5 7 47
2 6 47
2 5 47
0 4 47
1 7 25
0 7 26
0 18 8
0 19 33
0 35 40
2 36 40
0 37 40
1 35 41
0 35 42
1 35 43
3 35 44
2 36 44
0 37 44
6 12 26
4 12 27
0 11 27
2 7 20
0 8 20
1 37 45
1 37 46
1 37 47
0 37 48
1 4 46
0 4 45
0 38 48
0 38 40
1 17 14
0 17 15
2 20 20
2 19 20
2 18 20
0 17 20
0 23 6
0 1 3
2 36 13
2 37 13
2 38 13
0 39 13
1 7 37
0 7 38
1 34 2
0 34 1
2 2 36
0 1 36
4 3 39
0 2 39
1 31 47
1 31 46
1 31 45
0 31 44
5 26 22
0 25 22
5 1 2
0 0 2
1 2 40
1 2 41
0 2 42
2 26 36
0 25 36
0 40 13
1 2 31
5 2 30
3 1 30
0 1 29
6 40 12
2 41 12
0 42 12
0 0 29
1 42 13
1 42 14
3 42 15
2 43 15
0 44 15
0 14 6
1 40 33
0 40 32
2 13 32
2 14 32
0 15 32
1 44 16
1 44 17
1 44 18
4 44 19
0 43 19
1 25 21
1 25 20
0 25 19
0 21 10
0 44 19
3 40 35
2 41 35
5 42 35
1 42 36
0 42 37
5 43 37
1 43 38
1 43 39
1 43 40
1 43 41
3 43 42
2 44 42
2 45 42
0 46 42
0 39 22
2 34 20
0 35 20
0 43 42
3 44 20
2 45 20
2 46 20
0 47 20
4 46 43
6 45 43
1 45 44
0 45 45
1 45 46
3 45 47
0 46 47
0 9 20
2 41 6
2 42 6
2 43 6
5 44 6
1 44 7
0 44 8
0 44 6
-1
-1
-1
-1
-1
-1
-1
-1
-1
-1
-1
-1
-1
-1
-1
-1
-1
-1
-1
-1
-1
-1
-1
-1
-1
-1
-1
-1
-1
-1
-1
-1
-1
-1
-1
-1
-1
-1
-1
-1
-1
-1
-1
-1
-1
-1
-1
-1
-1
-1
-1
-1
-1
-1
-1
-1
-1
-1
-1
-1
-1
-1
-1
-1
-1
-1
-1
-1
-1
-1
-1
-1
-1
-1
-1
-1
-1
-1
-1
-1
-1
-1
-1
-1
-1
-1
-1
-1
-1
-1
-1
-1
-1
-1
-1
-1
-1
-1
-1
-1
-1
-1
-1
-1
-1
-1
-1
-1
-1
-1
-1
-1
-1
-1
-1
-1
-1
-1
-1
-1
-1
-1
-1
-1
-1
-1
-1
-1
-1
-1
-1
-1
-1
-1
-1
-1
-1
-1
-1
-1
-1
-1
-1
-1
