0 27 12
1 27 13
1 27 14
1 27 15
1 27 16
1 27 17
3 27 18
2 28 18
2 29 18
2 30 18
2 31 18
2 32 18
5 33 18
3 33 19
2 34 19
2 35 19
0 36 19
1 27 11
5 27 10
2 26 10
2 25 10
2 24 10
2 23 10
-1
2 22 10
-1
-1
-1
-1
-1
-1
-1
-1
-1
-1
-1
-1
-1
-1
-1
-1
-1
-1
-1
-1
-1
-1
-1
-1
-1
-1
-1
-1
-1
-1
-1
-1
-1
-1
-1
-1
-1
-1
-1
-1
-1
-1
-1
-1
-1
-1
-1
-1
-1
-1
-1
-1
-1
-1
-1
-1
-1
-1
-1
-1
-1
-1
-1
-1
-1
-1
-1
-1
-1
-1
-1
-1
-1
-1
-1
-1
-1
-1
-1
-1
-1
-1
-1
-1
-1
-1
-1
0 21 10
1 36 20
3 36 21
2 37 21
2 38 21
5 39 21
1 39 22
1 39 23
1 39 24
1 39 25
1 39 26
1 39 27
1 39 28
1 39 29
1 39 30
1 39 31
1 39 32
1 39 33
1 39 34
1 39 35
1 39 36
1 39 37
1 39 38
-1
-1
-1
-1
-1
-1
-1
-1
-1
-1
-1
-1
-1
-1
-1
-1
-1
-1
-1
-1
-1
-1
-1
-1
-1
-1
-1
-1
-1
-1
-1
-1
-1
-1
-1
-1
-1
-1
-1
-1
-1
-1
-1
-1
-1
0 39 39
1 39 40
1 39 41
3 39 42
2 40 42
2 41 42
2 42 42
5 43 42
1 43 43
1 43 44
1 43 45
1 43 46
1 43 47
-1
-1
-1
-1
-1
-1
-1
-1
-1
-1
0 43 48
1 21 9
1 21 8
1 21 7
5 21 6
2 20 6
2 19 6
3 18 6
1 18 5
5 18 4
2 17 4
2 16 4
-1
-1
-1
-1
0 15 4
6 36 18
2 37 18
2 38 18
2 39 18
2 40 18
-1
-1
-1
-1
0 41 18
1 21 11
1 21 12
1 21 13
1 21 14
1 21 15
1 21 16
1 21 17
4 21 18
2 20 18
6 19 18
1 19 19
1 19 20
1 19 21
1 19 22
1 19 23
1 19 24
1 19 25
1 19 26
0 19 27
0 42 42
4 44 48
1 44 47
0 44 46
1 15 5
1 15 6
4 15 7
6 14 7
1 14 8
1 14 9
4 14 10
2 13 10
0 12 10
0 21 18
6 38 39
4 38 40
2 37 40
0 36 40
3 41 19
2 42 19
2 43 19
2 44 19
0 45 19
1 36 41
1 36 42
1 36 43
1 36 44
3 36 45
0 37 45
0 18 5
1 45 18
1 45 17
1 45 16
0 45 15
6 20 10
1 20 11
4 20 12
2 19 12
0 18 12
0 19 21
0 39 21
2 40 39
2 41 39
2 42 39
2 43 39
2 44 39
0 45 39
0 27 18
0 21 8
4 28 12
1 28 11
1 28 10
0 28 9
0 33 18
1 28 8
1 28 7
0 28 6
3 19 28
2 20 28
2 21 28
0 22 28
0 21 13
0 28 5
0 14 7
0 36 43
2 35 40
2 34 40
2 33 40
2 32 40
0 31 40
2 46 19
0 47 19
1 22 29
0 22 30
0 39 35
0 41 17
0 31 39
0 24 10
1 18 13
0 18 14
2 40 21
0 41 21
0 43 42
1 12 11
1 12 12
1 12 13
1 12 14
0 12 15
5 41 16
2 40 16
2 39 16
0 38 16
2 11 15
2 10 15
0 9 15
0 27 16
0 48 19
1 9 16
1 9 17
1 9 18
0 9 19
2 46 39
0 47 39
0 47 38
4 29 9
6 29 8
2 30 8
0 31 8
1 28 4
1 28 3
0 28 2
0 8 19
2 23 28
2 24 28
2 25 28
0 26 28
2 14 4
0 13 4
0 19 18
1 13 3
1 13 2
0 13 1
1 47 37
1 47 36
1 47 35
1 47 34
0 47 33
1 36 39
0 36 38
1 47 32
1 47 31
0 47 30
1 47 29
1 47 28
1 47 27
0 47 26
1 8 20
1 8 21
4 8 22
0 7 22
1 22 31
1 22 32
1 22 33
0 22 34
1 7 23
1 7 24
1 7 25
1 7 26
4 7 27
2 6 27
2 5 27
2 4 27
6 3 27
1 3 28
1 3 29
1 3 30
0 3 31
0 7 27
2 27 2
2 26 2
2 25 2
0 24 2
1 38 15
1 38 14
0 38 13
1 3 32
1 3 33
1 3 34
1 3 35
1 3 36
1 3 37
1 3 38
1 3 39
0 3 40
1 3 41
1 3 42
1 3 43
3 3 44
5 4 44
3 4 45
0 5 45
2 6 45
2 7 45
2 8 45
0 9 45
0 3 27
0 45 14
2 10 45
2 11 45
2 12 45
2 13 45
0 14 45
1 14 46
1 14 47
0 14 48
2 21 34
2 20 34
0 19 34
0 45 13
1 45 12
1 45 11
0 45 10
1 9 46
1 9 47
0 9 48
1 5 46
1 5 47
4 5 48
0 4 48
0 15 48
2 2 27
0 1 27
1 31 41
1 31 42
0 31 43
5 38 12
2 37 12
2 36 12
0 35 12
2 18 34
2 17 34
2 16 34
0 15 34
6 46 30
0 46 31
0 15 33
2 30 43
0 29 43
0 18 6
2 18 18
2 17 18
0 16 18
2 23 34
2 24 34
0 25 34
2 45 31
2 44 31
2 43 31
0 42 31
6 2 40
4 2 41
0 1 41
6 31 7
2 32 7
2 33 7
0 34 7
1 34 6
1 34 5
1 34 4
1 34 3
1 34 2
0 34 1
2 35 1
2 36 1
0 37 1
0 9 44
4 24 3
2 23 3
0 22 3
0 21 3
4 39 13
6 39 12
0 40 12
1 42 32
0 42 33
4 15 35
2 14 35
2 13 35
0 12 35
1 12 36
1 12 37
3 12 38
2 13 38
0 14 38
4 28 16
6 28 15
2 29 15
0 30 15
0 39 25
0 40 25
2 11 35
2 10 35
2 9 35
2 8 35
2 7 35
0 6 35
1 40 11
0 40 10
2 12 1
0 11 1
2 28 43
2 27 43
2 26 43
2 25 43
0 24 43
1 27 19
4 27 20
2 26 20
0 25 20
1 24 1
0 24 0
2 11 10
2 10 10
2 9 10
2 8 10
2 7 10
2 6 10
0 5 10
1 5 9
0 5 8
1 12 34
1 12 33
1 12 32
1 12 31
0 12 30
1 22 27
1 22 26
1 22 25
0 22 24
2 17 12
2 16 12
0 15 12
2 39 10
0 38 10
1 12 29
1 12 28
1 12 27
0 12 26
2 27 28
2 28 28
2 29 28
0 30 28
1 30 29
3 30 30
0 31 30
2 41 25
2 42 25
0 43 25
6 14 44
2 15 44
2 16 44
2 17 44
0 18 44
2 13 26
0 14 26
3 47 40
2 48 40
0 49 40
1 38 9
0 38 8
6 31 29
2 32 29
2 33 29
0 34 29
1 34 30
3 34 31
2 35 31
2 36 31
0 37 31
5 45 46
0 45 47
1 31 38
1 31 37
0 31 36
1 49 41
1 49 42
0 49 43
1 9 43
1 9 42
1 9 41
1 9 40
0 9 39
2 46 13
2 47 13
0 48 13
0 8 39
1 25 33
6 25 32
2 26 32
2 27 32
0 28 32
1 34 28
1 34 27
1 34 26
1 34 25
0 34 24
0 34 23
2 34 12
0 33 12
1 31 35
6 31 34
2 32 34
2 33 34
0 34 34
1 18 45
1 18 46
3 18 47
2 19 47
0 20 47
1 19 35
1 19 36
1 19 37
3 19 38
0 20 38
1 45 9
1 45 8
6 45 7
0 46 7
1 14 25
1 14 24
1 14 23
0 14 22
6 18 27
4 18 28
0 17 28
1 5 7
1 5 6
1 5 5
1 5 4
0 5 3
1 14 39
3 14 40
2 15 40
0 16 40
1 1 40
1 1 39
1 1 38
0 1 37
6 4 3
4 4 4
2 3 4
2 2 4
0 1 4
1 45 38
5 45 37
0 44 37
1 30 27
1 30 26
0 30 25
1 30 24
1 30 23
1 30 22
6 30 21
0 31 21
-1
-1
-1
-1
-1
-1
-1
-1
-1
-1
-1
-1
-1
-1
-1
-1
-1
-1
-1
-1
-1
-1
-1
-1
-1
-1
-1
-1
-1
-1
-1
-1
-1
-1
-1
-1
-1
-1
-1
-1
-1
-1
-1
-1
-1
-1
-1
-1
-1
-1
-1
-1
-1
-1
-1
-1
-1
-1
-1
-1
-1
-1
-1
-1
-1
-1
-1
-1
-1
-1
-1
-1
-1
-1
-1
-1
-1
-1
-1
-1
-1
-1
-1
-1
-1
-1
-1
-1
-1
-1
-1
-1
-1
-1
-1
-1
-1
-1
-1
-1
-1
-1
-1
-1
-1
-1
-1
