0 4 23
1 4 24
1 4 25
1 4 26
3 4 27
2 5 27
2 6 27
2 7 27
5 8 27
1 8 28
3 8 29
5 9 29
1 9 30
1 9 31
3 9 32
2 10 32
2 11 32
5 12 32
3 12 33
2 13 33
2 14 33
0 15 33
-1
2 16 33
2 17 33
-1
2 18 33
5 19 33
-1
1 19 34
1 19 35
1 19 36
-1
1 19 37
1 19 38
-1
1 19 39
1 19 40
-1
1 19 41
1 19 42
1 19 43
-1
-1
-1
-1
-1
-1
-1
-1
-1
-1
-1
-1
-1
-1
-1
-1
-1
-1
-1
-1
-1
-1
-1
-1
-1
-1
-1
-1
-1
-1
-1
-1
-1
-1
-1
-1
-1
-1
-1
-1
-1
-1
-1
-1
-1
-1
-1
-1
-1
-1
-1
-1
-1
-1
-1
-1
-1
-1
-1
-1
-1
-1
-1
-1
-1
-1
-1
-1
-1
-1
-1
0 19 44
2 20 44
2 21 44
2 22 44
2 23 44
2 24 44
2 25 44
2 26 44
2 27 44
2 28 44
2 29 44
2 30 44
2 31 44
2 32 44
2 33 44
5 34 44
1 34 45
3 34 46
2 35 46
2 36 46
5 37 46
1 37 47
1 37 48
3 37 49
-1
-1
-1
-1
-1
-1
-1
-1
-1
-1
-1
-1
-1
-1
-1
-1
-1
-1
-1
-1
-1
-1
-1
-1
-1
-1
0 38 49
1 38 48
1 38 47
1 38 46
1 38 45
1 38 44
6 38 43
2 39 43
4 40 43
1 40 42
1 40 41
1 40 40
1 40 39
1 40 38
1 40 37
1 40 36
1 40 35
1 40 34
1 40 33
1 40 32
1 40 31
1 40 30
1 40 29
1 40 28
1 40 27
1 40 26
1 40 25
1 40 24
1 40 23
1 40 22
1 40 21
1 40 20
6 40 19
4 41 19
1 41 18
1 41 17
1 41 16
6 41 15
2 42 15
0 43 15
-1
-1
-1
-1
-1
-1
-1
-1
-1
-1
0 9 29
1 43 14
1 43 13
1 43 12
1 43 11
1 43 10
-1
-1
-1
-1
-1
0 43 9
6 3 23
1 3 24
1 3 25
1 3 26
4 3 27
2 2 27
6 1 27
1 1 28
1 1 29
1 1 30
1 1 31
1 1 32
1 1 33
0 1 34
6 42 9
1 42 10
4 42 11
2 41 11
6 40 11
1 40 12
1 40 13
4 40 14
6 39 14
1 39 15
1 39 16
1 39 17
4 39 18
0 38 18
0 40 43
0 10 32
2 18 44
2 17 44
6 16 44
1 16 45
1 16 46
0 16 47
1 4 22
1 4 21
1 4 20
1 4 19
1 4 18
0 4 17
0 29 44
3 43 16
2 44 16
2 45 16
2 46 16
0 47 16
0 1 27
0 40 38
1 4 16
1 4 15
1 4 14
6 4 13
0 5 13
0 41 19
1 47 17
1 47 18
0 47 19
0 43 13
2 2 34
2 3 34
2 4 34
0 5 34
0 40 25
1 5 35
1 5 36
3 5 37
0 6 37
0 39 14
0 4 26
0 34 44
2 39 38
2 38 38
0 37 38
0 8 27
2 9 27
2 10 27
2 11 27
0 12 27
0 16 44
1 6 38
1 6 39
0 6 40
2 36 38
2 35 38
2 34 38
0 33 38
3 12 28
2 13 28
0 14 28
0 40 11
0 19 33
0 19 39
1 33 37
1 33 36
1 33 35
0 33 34
1 47 20
0 47 21
1 29 43
1 29 42
5 29 41
0 28 41
0 36 46
0 33 39
2 15 28
0 16 28
0 1 30
2 2 30
2 3 30
0 4 30
1 47 15
1 47 14
6 47 13
0 48 13
1 10 33
1 10 34
0 10 35
6 43 8
2 44 8
0 45 8
1 47 22
1 47 23
4 47 24
2 46 24
0 45 24
2 34 34
0 35 34
2 17 28
2 18 28
0 19 28
4 5 23
6 5 22
0 6 22
1 45 25
1 45 26
0 45 27
2 18 39
0 17 39
0 39 16
0 12 32
1 6 41
1 6 42
1 6 43
0 6 44
0 40 33
5 40 10
2 39 10
0 38 10
0 23 44
2 5 44
2 4 44
2 3 44
0 2 44
1 2 43
0 2 42
3 39 25
1 39 24
1 39 23
0 39 22
2 7 44
2 8 44
2 9 44
0 10 44
0 45 28
2 7 40
2 8 40
0 9 40
4 20 39
1 20 38
6 20 37
0 21 37
0 12 31
2 38 14
0 37 14
2 38 22
2 37 22
0 36 22
2 35 22
2 34 22
2 33 22
0 32 22
0 19 27
1 36 23
0 36 24
2 17 47
0 18 47
2 20 33
0 21 33
0 38 43
2 16 39
2 15 39
2 14 39
0 13 39
2 36 14
2 35 14
0 34 14
6 21 32
2 22 32
2 23 32
2 24 32
0 25 32
3 18 48
2 19 48
0 20 48
5 45 23
2 44 23
0 43 23
1 29 45
1 29 46
1 29 47
0 29 48
2 46 8
2 47 8
0 48 8
0 23 45
5 34 13
2 33 13
2 32 13
0 31 13
4 36 25
2 35 25
0 34 25
1 34 26
1 34 27
0 34 28
2 7 22
0 8 22
0 16 33
2 3 17
0 2 17
1 10 45
0 10 46
1 13 40
3 13 41
0 14 41
1 1 35
1 1 36
0 1 37
1 25 31
1 25 30
0 25 29
1 16 27
1 16 26
1 16 25
0 16 24
1 32 23
4 32 24
2 31 24
2 30 24
0 29 24
0 9 35
5 5 12
2 4 12
0 3 12
1 31 14
1 31 15
0 31 16
2 30 16
2 29 16
0 28 16
0 1 17
2 6 13
2 7 13
0 8 13
1 28 17
0 28 18
1 3 11
1 3 10
1 3 9
1 3 8
1 3 7
1 3 6
0 3 5
2 41 38
2 42 38
0 43 38
0 40 27
0 8 29
0 4 5
0 34 29
2 28 24
0 27 24
0 2 5
1 21 38
1 21 39
1 21 40
0 21 41
5 34 43
2 33 43
0 32 43
1 43 37
1 43 36
0 43 35
1 8 12
1 8 11
1 8 10
1 8 9
0 8 8
2 9 8
2 10 8
0 11 8
2 33 28
2 32 28
0 31 28
2 46 28
0 47 28
1 34 15
1 34 16
0 34 17
5 38 42
0 37 42
0 4 27
5 38 9
2 37 9
0 36 9
1 31 12
1 31 11
1 31 10
0 31 9
2 42 19
2 43 19
0 44 19
2 27 16
2 26 16
0 25 16
1 28 40
1 28 39
0 28 38
1 43 34
1 43 33
0 43 32
0 2 4
2 27 38
0 26 38
0 43 31
1 15 34
1 15 35
0 15 36
1 4 4
1 4 3
6 4 2
0 5 2
0 25 28
1 25 15
0 25 14
2 5 17
2 6 17
0 7 17
3 39 33
5 39 32
0 38 32
0 29 25
2 17 24
2 18 24
2 19 24
2 20 24
0 21 24
4 39 49
6 39 48
2 40 48
0 41 48
2 42 48
2 43 48
0 44 48
1 21 23
0 21 22
1 45 7
1 45 6
5 45 5
0 44 5
0 15 47
6 44 4
2 45 4
0 46 4
6 8 21
2 9 21
0 10 21
2 12 8
0 13 8
2 24 14
2 23 14
0 22 14
2 14 8
0 15 8
2 30 48
2 31 48
0 32 48
0 40 35
2 14 47
0 13 47
1 44 47
1 44 46
6 44 45
0 45 45
2 46 45
2 47 45
0 48 45
0 16 36
1 2 45
1 2 46
1 2 47
0 2 48
1 48 46
0 48 47
0 32 34
2 3 48
0 4 48
1 43 39
1 43 40
0 43 41
1 26 39
4 26 40
0 25 40
2 11 21
0 12 21
1 28 37
0 28 36
2 26 32
2 27 32
2 28 32
0 29 32
2 44 32
2 45 32
2 46 32
0 47 32
1 21 21
1 21 20
6 21 19
2 22 19
0 23 19
1 8 7
1 8 6
6 8 5
0 9 5
1 25 33
0 25 34
1 1 18
1 1 19
1 1 20
1 1 21
4 1 22
0 0 22
1 48 44
0 48 43
1 48 42
1 48 41
1 48 40
0 48 39
2 28 48
2 27 48
2 26 48
0 25 48
1 38 31
0 38 30
-1
-1
-1
-1
-1
-1
-1
-1
-1
-1
-1
-1
-1
-1
-1
-1
-1
-1
-1
-1
-1
-1
-1
-1
-1
-1
-1
-1
-1
-1
-1
-1
-1
-1
-1
-1
-1
-1
-1
-1
-1
-1
-1
-1
-1
-1
-1
-1
-1
-1
-1
-1
-1
-1
-1
-1
-1
-1
-1
-1
-1
-1
-1
-1
-1
-1
-1
-1
-1
-1
-1
-1
-1
-1
-1
-1
-1
-1
-1
-1
-1
-1
-1
-1
-1
-1
-1
-1
-1
-1
-1
-1
-1
-1
-1
-1
-1
-1
-1
-1
-1
-1
-1
-1
-1
-1
-1
-1
-1
-1
-1
-1
-1
-1
-1
-1
-1
-1
-1
