0 17 46
6 17 45
2 18 45
2 19 45
4 20 45
1 20 44
1 20 43
6 20 42
2 21 42
2 22 42
2 23 42
4 24 42
1 24 41
1 24 40
1 24 39
1 24 38
1 24 37
1 24 36
1 24 35
1 24 34
1 24 33
1 24 32
1 24 31
1 24 30
6 24 29
2 25 29
0 26 29
1 26 28
1 26 27
1 26 26
1 26 25
6 26 24
2 27 24
2 28 24
2 29 24
4 30 24
1 30 23
6 30 22
2 31 22
2 32 22
2 33 22
2 34 22
2 35 22
2 36 22
2 37 22
2 38 22
2 39 22
2 40 22
2 41 22
4 42 22
1 42 21
1 42 20
6 42 19
2 43 19
2 44 19
-1
-1
-1
-1
-1
-1
-1
-1
-1
-1
-1
-1
-1
-1
-1
-1
-1
-1
-1
-1
-1
-1
-1
-1
-1
-1
-1
-1
-1
-1
-1
-1
-1
-1
-1
-1
-1
-1
-1
-1
-1
-1
-1
-1
-1
-1
-1
-1
-1
-1
-1
-1
-1
-1
-1
-1
-1
-1
-1
-1
-1
-1
-1
-1
0 45 19
3 16 46
5 16 45
-1
-1
-1
-1
-1
-1
-1
-1
-1
-1
-1
-1
-1
-1
-1
-1
-1
-1
-1
0 15 45
1 45 18
1 45 17
1 45 16
1 45 15
1 45 14
5 45 13
2 44 13
2 43 13
3 42 13
1 42 12
5 42 11
2 41 11
2 40 11
2 39 11
2 38 11
2 37 11
2 36 11
2 35 11
2 34 11
2 33 11
2 32 11
2 31 11
2 30 11
2 29 11
2 28 11
0 27 11
2 26 11
2 25 11
3 24 11
1 24 10
1 24 9
1 24 8
1 24 7
1 24 6
5 24 5
0 23 5
1 15 44
5 15 43
2 14 43
2 13 43
3 12 43
1 12 42
5 12 41
2 11 41
2 10 41
2 9 41
-1
0 8 41
-1
-1
-1
-1
-1
-1
-1
0 45 13
1 45 12
1 45 11
1 45 10
1 45 9
5 45 8
2 44 8
2 43 8
2 42 8
2 41 8
0 40 8
1 8 42
1 8 43
4 8 44
-1
0 7 44
-1
-1
-1
-1
-1
0 34 22
1 17 47
3 17 48
2 18 48
2 19 48
0 20 48
1 27 12
1 27 13
3 27 14
2 28 14
0 29 14
4 46 19
6 46 18
2 47 18
0 48 18
2 22 5
2 21 5
2 20 5
2 19 5
2 18 5
0 17 5
1 29 15
1 29 16
1 29 17
3 29 18
0 30 18
1 26 30
3 26 31
5 27 31
1 27 32
3 27 33
0 28 33
2 31 18
4 32 18
1 32 17
6 32 16
2 33 16
0 34 16
0 15 43
1 17 4
1 17 3
5 17 2
0 16 2
0 20 42
0 43 8
1 15 46
4 15 47
0 14 47
2 15 2
2 14 2
2 13 2
0 12 2
1 12 3
1 12 4
4 12 5
2 11 5
2 10 5
2 9 5
0 8 5
0 38 11
0 24 34
0 27 24
1 8 6
1 8 7
1 8 8
1 8 9
3 8 10
0 9 10
0 32 18
0 30 24
0 32 11
1 23 4
1 23 3
1 23 2
0 23 1
0 12 43
1 30 25
1 30 26
3 30 27
0 31 27
0 29 33
1 8 40
5 8 39
0 7 39
0 24 11
0 42 13
0 24 5
0 42 14
0 24 42
0 20 45
1 15 42
1 15 41
1 15 40
0 15 39
2 30 33
2 31 33
0 32 33
0 42 22
2 24 1
2 25 1
2 26 1
0 27 1
3 24 43
2 25 43
0 26 43
3 7 45
2 8 45
0 9 45
0 24 38
2 32 27
0 33 27
2 7 5
2 6 5
2 5 5
2 4 5
0 3 5
1 3 6
4 3 7
2 2 7
0 1 7
2 34 27
0 35 27
1 48 17
1 48 16
0 48 15
1 9 11
1 9 12
1 9 13
1 9 14
0 9 15
0 21 5
1 9 16
1 9 17
0 9 18
0 27 2
1 27 23
0 27 22
0 16 39
2 23 11
0 22 11
0 16 38
2 8 15
2 7 15
2 6 15
2 5 15
0 4 15
5 32 10
0 31 10
1 9 19
3 9 20
2 10 20
2 11 20
0 12 20
0 26 44
6 12 19
2 13 19
2 14 19
2 15 19
2 16 19
2 17 19
0 18 19
1 32 34
1 32 35
0 32 36
0 26 28
0 39 22
2 25 28
0 24 28
0 23 28
6 9 9
4 10 9
6 10 8
2 11 8
0 12 8
1 16 37
1 16 36
1 16 35
0 16 34
1 27 21
0 27 20
3 35 28
2 36 28
2 37 28
2 38 28
0 39 28
1 18 20
1 18 21
0 18 22
2 17 34
2 18 34
0 19 34
1 39 29
1 39 30
1 39 31
0 39 32
6 8 18
1 8 19
1 8 20
4 8 21
0 7 21
1 16 33
5 16 32
3 15 32
0 15 31
1 7 22
1 7 23
4 7 24
2 6 24
0 5 24
0 24 32
5 40 28
3 40 29
2 41 29
2 42 29
0 43 29
0 17 4
0 13 47
2 7 41
2 6 41
2 5 41
2 4 41
0 3 41
2 21 48
2 22 48
0 23 48
2 22 1
0 21 1
0 30 27
1 48 14
1 48 13
0 48 12
1 17 6
1 17 7
1 17 8
1 17 9
0 17 10
2 3 15
2 2 15
0 1 15
1 39 33
4 39 34
0 38 34
2 28 2
2 29 2
2 30 2
2 31 2
2 32 2
2 33 2
0 34 2
1 34 3
0 34 4
1 43 30
1 43 31
1 43 32
1 43 33
3 43 34
2 44 34
0 45 34
3 32 37
5 33 37
0 33 38
3 22 28
5 22 27
2 21 27
0 20 27
1 22 12
1 22 13
1 22 14
0 22 15
0 19 33
2 21 15
0 20 15
1 43 7
1 43 6
6 43 5
2 44 5
2 45 5
0 46 5
1 33 39
1 33 40
0 33 41
1 9 46
1 9 47
4 9 48
0 8 48
0 33 16
1 5 23
5 5 22
0 4 22
1 3 42
1 3 43
1 3 44
0 3 45
1 17 11
1 17 12
4 17 13
2 16 13
2 15 13
0 14 13
0 14 14
1 42 23
1 42 24
4 42 25
0 41 25
1 3 40
1 3 39
1 3 38
1 3 37
5 3 36
0 2 36
6 14 31
1 14 32
4 14 33
2 13 33
0 12 33
6 32 38
4 32 39
2 31 39
2 30 39
0 29 39
1 2 35
6 2 34
2 3 34
4 4 34
6 4 33
0 5 33
0 27 0
3 1 8
2 2 8
0 3 8
1 5 32
1 5 31
1 5 30
0 5 29
1 5 25
4 5 26
2 4 26
2 3 26
2 2 26
2 1 26
0 0 26
-1
-1
-1
-1
-1
-1
-1
-1
-1
-1
-1
-1
-1
-1
-1
-1
-1
-1
-1
-1
-1
-1
-1
-1
-1
-1
-1
-1
-1
-1
-1
-1
-1
-1
-1
-1
-1
-1
-1
-1
-1
-1
-1
-1
-1
-1
-1
-1
-1
-1
-1
-1
-1
-1
-1
-1
-1
-1
-1
-1
-1
-1
-1
-1
-1
-1
-1
-1
-1
-1
-1
-1
-1
-1
-1
-1
-1
-1
-1
-1
-1
-1
-1
-1
-1
-1
-1
-1
-1
-1
-1
-1
-1
-1
-1
-1
-1
-1
-1
-1
-1
-1
-1
-1
-1
-1
-1
-1
-1
-1
-1
-1
-1
-1
-1
-1
-1
-1
-1
-1
-1
-1
-1
-1
-1
-1
-1
-1
-1
-1
-1
-1
-1
-1
-1
-1
-1
-1
-1
-1
-1
-1
-1
-1
-1
-1
-1
-1
-1
-1
-1
-1
-1
-1
-1
-1
-1
-1
-1
-1
-1
-1
-1
-1
-1
-1
-1
-1
-1
-1
-1
-1
-1
-1
-1
-1
-1
-1
-1
-1
-1
-1
-1
-1
-1
-1
-1
-1
-1
-1
-1
-1
-1
-1
-1
-1
-1
-1
-1
-1
-1
-1
-1
-1
-1
-1
-1
-1
-1
-1
-1
-1
-1
-1
-1
-1
-1
-1
-1
-1
-1
-1
-1
-1
-1
-1
-1
-1
-1
-1
-1
-1
-1
-1
-1
-1
-1
-1
-1
-1
-1
