0 7 25
2 8 25
5 9 25
1 9 26
1 9 27
1 9 28
1 9 29
3 9 30
2 10 30
2 11 30
2 12 30
2 13 30
2 14 30
2 15 30
5 16 30
1 16 31
1 16 32
1 16 33
1 16 34
1 16 35
1 16 36
1 16 37
1 16 38
1 16 39
1 16 40
1 16 41
3 16 42
2 17 42
0 18 42
1 7 24
1 7 23
1 7 22
1 7 21
6 7 20
2 8 20
2 9 20
2 10 20
2 11 20
2 12 20
4 13 20
1 13 19
1 13 18
1 13 17
1 13 16
1 13 15
1 13 14
1 13 13
6 13 12
2 14 12
2 15 12
2 16 12
4 17 12
1 17 11
1 17 10
1 17 9
1 17 8
6 17 7
2 18 7
2 19 7
2 20 7
-1
2 21 7
-1
2 22 7
2 23 7
-1
2 24 7
-1
4 25 7
6 25 6
-1
2 26 6
-1
2 27 6
2 28 6
-1
2 29 6
-1
2 30 6
2 31 6
-1
2 32 6
-1
2 33 6
2 34 6
-1
2 35 6
-1
4 36 6
1 36 5
-1
6 36 4
-1
2 37 4
2 38 4
-1
2 39 4
-1
2 40 4
2 41 4
-1
2 42 4
-1
2 43 4
2 44 4
-1
2 45 4
-1
-1
-1
-1
-1
-1
-1
-1
-1
-1
-1
-1
-1
-1
-1
-1
-1
-1
-1
-1
-1
-1
-1
-1
-1
-1
-1
-1
-1
-1
-1
-1
-1
-1
-1
-1
-1
-1
-1
-1
-1
-1
-1
-1
-1
-1
-1
-1
-1
-1
-1
-1
-1
-1
-1
-1
-1
-1
-1
-1
-1
-1
-1
-1
-1
-1
-1
-1
-1
-1
-1
-1
-1
-1
-1
-1
-1
-1
-1
-1
-1
-1
0 46 4
2 19 42
2 20 42
2 21 42
2 22 42
2 23 42
2 24 42
2 25 42
2 26 42
2 27 42
2 28 42
2 29 42
2 30 42
2 31 42
2 32 42
2 33 42
2 34 42
2 35 42
2 36 42
2 37 42
2 38 42
5 39 42
3 39 43
5 40 43
1 40 44
1 40 45
1 40 46
1 40 47
3 40 48
2 41 48
-1
-1
-1
-1
-1
-1
-1
-1
-1
-1
-1
-1
-1
0 42 48
3 6 25
5 6 24
2 5 24
2 4 24
3 3 24
1 3 23
1 3 22
1 3 21
1 3 20
1 3 19
1 3 18
1 3 17
1 3 16
1 3 15
1 3 14
1 3 13
1 3 12
1 3 11
1 3 10
5 3 9
3 2 9
1 2 8
1 2 7
1 2 6
1 2 5
-1
-1
-1
-1
-1
-1
0 2 4
1 18 43
1 18 44
4 18 45
2 17 45
2 16 45
2 15 45
2 14 45
2 13 45
6 12 45
1 12 46
4 12 47
2 11 47
2 10 47
-1
-1
-1
-1
-1
-1
0 9 47
1 18 41
1 18 40
6 18 39
2 19 39
2 20 39
4 21 39
1 21 38
1 21 37
1 21 36
6 21 35
2 22 35
2 23 35
2 24 35
2 25 35
4 26 35
1 26 34
1 26 33
6 26 32
2 27 32
4 28 32
1 28 31
6 28 30
2 29 30
0 30 30
4 42 49
2 41 49
2 40 49
2 39 49
-1
0 38 49
1 7 26
1 7 27
1 7 28
4 7 29
2 6 29
2 5 29
2 4 29
-1
-1
-1
0 3 29
1 38 48
1 38 47
5 38 46
2 37 46
2 36 46
2 35 46
2 34 46
2 33 46
2 32 46
0 31 46
1 46 3
1 46 2
5 46 1
2 45 1
2 44 1
-1
-1
0 43 1
-1
-1
-1
-1
-1
0 36 46
2 3 4
2 4 4
-1
-1
-1
0 5 4
1 30 29
1 30 28
5 30 27
2 29 27
2 28 27
2 27 27
3 26 27
1 26 26
0 26 25
-1
-1
0 35 42
1 26 24
1 26 23
6 26 22
2 27 22
2 28 22
2 29 22
2 30 22
4 31 22
1 31 21
0 31 20
0 3 21
2 25 25
2 24 25
2 23 25
6 22 25
1 22 26
1 22 27
1 22 28
4 22 29
2 21 29
6 20 29
1 20 30
0 20 31
0 39 42
-1
0 16 34
1 3 30
4 3 31
2 2 31
2 1 31
0 0 31
-1
0 20 29
1 46 5
1 46 6
4 46 7
0 45 7
1 9 46
1 9 45
5 9 44
3 8 44
0 8 43
1 5 5
0 5 6
6 15 34
4 15 35
2 14 35
2 13 35
2 12 35
0 11 35
0 11 30
1 45 8
1 45 9
1 45 10
1 45 11
1 45 12
1 45 13
1 45 14
3 45 15
2 46 15
0 47 15
0 16 30
0 2 9
0 21 36
4 43 2
2 42 2
0 41 2
0 22 25
1 2 3
1 2 2
0 2 1
6 7 43
4 7 44
2 6 44
2 5 44
0 4 44
0 36 6
0 24 7
1 24 6
1 24 5
1 24 4
1 24 3
1 24 2
0 24 1
0 10 20
0 17 8
2 3 44
3 2 44
1 2 43
1 2 42
0 2 41
0 45 12
0 26 35
0 26 27
0 25 7
3 26 36
2 27 36
2 28 36
0 29 36
1 29 37
1 29 38
0 29 39
0 17 45
0 36 4
0 13 20
0 40 43
2 30 36
0 31 36
0 2 44
2 23 1
2 22 1
0 21 1
0 28 32
2 10 35
2 9 35
0 8 35
0 3 19
0 17 12
0 3 13
0 3 24
1 31 47
4 31 48
0 30 48
0 31 22
0 21 39
1 21 2
0 21 3
2 44 7
0 43 7
0 12 45
0 17 30
0 40 45
1 8 36
4 8 37
6 7 37
0 7 38
0 9 30
0 9 28
0 26 22
0 29 6
3 30 31
2 31 31
2 32 31
0 33 31
1 24 8
1 24 9
4 24 10
0 23 10
6 42 47
2 43 47
2 44 47
0 45 47
1 39 41
1 39 40
1 39 39
6 39 38
4 40 38
1 40 37
0 40 36
1 45 46
1 45 45
0 45 44
1 26 21
1 26 20
0 26 19
0 30 20
1 4 45
1 4 46
1 4 47
1 4 48
0 4 49
5 41 36
3 41 37
0 42 37
1 30 19
1 30 18
0 30 17
1 31 23
3 31 24
2 32 24
0 33 24
0 45 15
2 34 24
2 35 24
2 36 24
2 37 24
2 38 24
2 39 24
2 40 24
2 41 24
5 42 24
1 42 25
3 42 26
0 43 26
0 26 32
1 35 41
1 35 40
0 35 39
0 42 24
6 42 23
0 43 23
0 19 42
4 4 19
6 4 18
2 5 18
2 6 18
0 7 18
2 44 23
2 45 23
2 46 23
0 47 23
2 6 4
2 7 4
2 8 4
0 9 4
1 47 24
1 47 25
1 47 26
1 47 27
1 47 28
0 47 29
1 42 38
3 42 39
2 43 39
2 44 39
2 45 39
2 46 39
2 47 39
0 48 39
1 9 3
1 9 2
1 9 1
6 9 0
0 10 0
1 12 44
1 12 43
1 12 42
6 12 41
2 13 41
0 14 41
2 30 46
2 29 46
2 28 46
2 27 46
2 26 46
2 25 46
0 24 46
-1
-1
-1
-1
-1
-1
-1
-1
-1
-1
-1
-1
-1
-1
-1
-1
-1
-1
-1
-1
-1
-1
-1
-1
-1
-1
-1
-1
-1
-1
-1
-1
-1
-1
-1
-1
-1
-1
-1
-1
-1
-1
-1
-1
-1
-1
-1
-1
-1
-1
-1
-1
-1
-1
-1
-1
-1
-1
-1
-1
-1
-1
-1
-1
-1
-1
-1
-1
-1
-1
-1
-1
-1
-1
-1
-1
-1
-1
-1
-1
-1
-1
-1
-1
-1
-1
-1
-1
-1
-1
-1
-1
-1
-1
-1
-1
-1
-1
-1
-1
-1
-1
-1
-1
-1
-1
-1
-1
-1
-1
-1
-1
-1
-1
-1
-1
-1
-1
-1
-1
-1
-1
-1
-1
-1
-1
-1
-1
-1
-1
-1
-1
-1
-1
-1
-1
-1
-1
-1
-1
-1
-1
-1
-1
-1
-1
-1
-1
-1
-1
-1
-1
-1
-1
-1
-1
-1
-1
-1
-1
-1
-1
-1
-1
-1
-1
-1
-1
-1
-1
-1
-1
-1
-1
-1
-1
-1
-1
-1
-1
-1
-1
-1
-1
-1
