0 19 4
1 19 5
1 19 6
1 19 7
1 19 8
1 19 9
1 19 10
1 19 11
1 19 12
1 19 13
1 19 14
1 19 15
1 19 16
1 19 17
1 19 18
1 19 19
1 19 20
1 19 21
1 19 22
3 19 23
2 20 23
2 21 23
2 22 23
2 23 23
2 24 23
5 25 23
1 25 24
1 25 25
1 25 26
1 25 27
1 25 28
1 25 29
1 25 30
3 25 31
2 26 31
2 27 31
0 28 31
1 28 32
4 28 33
2 27 33
2 26 33
2 25 33
2 24 33
2 23 33
2 22 33
2 21 33
2 20 33
2 19 33
2 18 33
6 17 33
4 17 34
-1
-1
-1
-1
-1
-1
-1
-1
-1
-1
-1
-1
-1
-1
-1
-1
-1
-1
-1
-1
-1
-1
-1
-1
-1
-1
-1
-1
-1
-1
-1
-1
-1
-1
-1
-1
-1
-1
-1
-1
-1
-1
-1
-1
-1
-1
-1
-1
-1
-1
-1
-1
-1
-1
0 16 34
5 19 3
2 18 3
2 17 3
2 16 3
2 15 3
3 14 3
5 14 2
2 13 2
2 12 2
2 11 2
2 10 2
2 9 2
2 8 2
2 7 2
2 6 2
2 5 2
-1
-1
-1
-1
-1
-1
-1
-1
-1
-1
-1
-1
-1
-1
-1
-1
-1
-1
-1
-1
-1
-1
-1
-1
-1
-1
-1
-1
-1
-1
-1
-1
-1
-1
-1
-1
-1
-1
-1
-1
-1
-1
-1
0 4 2
5 29 31
1 29 32
1 29 33
3 29 34
2 30 34
-1
-1
-1
-1
-1
-1
-1
-1
-1
-1
-1
-1
-1
-1
-1
-1
-1
-1
-1
-1
-1
-1
-1
-1
-1
-1
-1
-1
-1
-1
0 31 34
1 4 3
1 4 4
4 4 5
2 3 5
-1
-1
-1
-1
-1
-1
-1
-1
-1
-1
-1
-1
-1
-1
-1
-1
-1
-1
-1
-1
0 2 5
4 31 35
2 30 35
2 29 35
2 28 35
-1
-1
-1
-1
-1
-1
-1
-1
-1
-1
-1
-1
-1
-1
-1
0 27 35
1 16 33
1 16 32
1 16 31
1 16 30
5 16 29
2 15 29
2 14 29
2 13 29
3 12 29
1 12 28
5 12 27
2 11 27
2 10 27
2 9 27
2 8 27
2 7 27
2 6 27
2 5 27
-1
0 4 27
2 20 4
2 21 4
2 22 4
2 23 4
2 24 4
2 25 4
2 26 4
2 27 4
2 28 4
5 29 4
3 29 5
2 30 5
2 31 5
2 32 5
2 33 5
2 34 5
2 35 5
2 36 5
0 37 5
2 3 27
2 2 27
6 1 27
1 1 28
1 1 29
1 1 30
1 1 31
1 1 32
4 1 33
6 0 33
1 0 34
1 0 35
1 0 36
1 0 37
1 0 38
1 0 39
1 0 40
0 0 41
2 38 5
2 39 5
2 40 5
5 41 5
1 41 6
1 41 7
1 41 8
1 41 9
3 41 10
2 42 10
2 43 10
2 44 10
2 45 10
2 46 10
0 47 10
-1
-1
-1
-1
0 19 22
1 27 36
4 27 37
2 26 37
2 25 37
6 24 37
1 24 38
1 24 39
1 24 40
1 24 41
1 24 42
1 24 43
4 24 44
2 23 44
0 22 44
1 47 11
1 47 12
1 47 13
1 47 14
1 47 15
1 47 16
1 47 17
1 47 18
1 47 19
1 47 20
1 47 21
1 47 22
1 47 23
1 47 24
1 47 25
1 47 26
0 47 27
0 1 27
-1
-1
0 4 5
1 37 6
1 37 7
1 37 8
1 37 9
1 37 10
1 37 11
1 37 12
1 37 13
0 37 14
1 37 15
4 37 16
2 36 16
2 35 16
0 34 16
4 1 41
1 1 40
1 1 39
1 1 38
6 1 37
2 2 37
0 3 37
3 3 38
2 4 38
2 5 38
0 6 38
-1
-1
-1
0 18 22
2 5 5
2 6 5
2 7 5
-1
0 8 5
1 47 28
1 47 29
1 47 30
1 47 31
0 47 32
3 22 45
2 23 45
2 24 45
2 25 45
2 26 45
2 27 45
2 28 45
2 29 45
0 30 45
0 24 23
1 47 33
1 47 34
1 47 35
1 47 36
0 47 37
1 37 4
6 37 3
2 38 3
2 39 3
2 40 3
0 41 3
-1
0 11 27
-1
-1
0 24 37
1 4 26
1 4 25
1 4 24
1 4 23
1 4 22
0 4 21
4 16 35
2 15 35
2 14 35
0 13 35
-1
0 47 16
2 42 3
2 43 3
2 44 3
0 45 3
2 46 32
2 45 32
3 44 32
5 44 31
0 43 31
0 16 29
1 4 20
6 4 19
2 5 19
2 6 19
0 7 19
0 25 31
2 24 31
2 23 31
2 22 31
0 21 31
6 18 4
1 18 5
1 18 6
1 18 7
1 18 8
4 18 9
0 17 9
0 35 5
0 12 29
1 13 36
-1
0 13 37
6 24 22
2 25 22
2 26 22
0 27 22
0 29 4
2 21 44
2 20 44
0 19 44
1 34 17
1 34 18
1 34 19
1 34 20
1 34 21
1 34 22
0 34 23
0 47 22
0 24 40
0 0 33
2 25 40
2 26 40
4 27 40
6 27 39
2 28 39
0 29 39
1 24 24
1 24 25
4 24 26
0 23 26
0 4 19
1 4 18
1 4 17
1 4 16
5 4 15
0 3 15
1 30 44
6 30 43
2 31 43
2 32 43
2 33 43
2 34 43
2 35 43
2 36 43
0 37 43
0 1 29
2 18 44
2 17 44
2 16 44
0 15 44
-1
-1
-1
-1
-1
-1
-1
-1
-1
-1
-1
-1
-1
-1
-1
-1
-1
-1
-1
-1
-1
-1
-1
-1
-1
-1
-1
-1
-1
-1
-1
-1
-1
-1
-1
-1
-1
-1
-1
-1
-1
-1
-1
-1
-1
-1
-1
-1
-1
-1
-1
-1
-1
-1
-1
-1
-1
-1
-1
-1
-1
-1
-1
-1
-1
-1
-1
-1
-1
-1
-1
-1
-1
-1
-1
-1
-1
-1
-1
-1
-1
-1
-1
-1
-1
-1
-1
-1
-1
-1
-1
-1
-1
-1
-1
-1
-1
-1
-1
-1
-1
-1
-1
-1
-1
-1
-1
-1
-1
-1
-1
-1
-1
-1
-1
-1
-1
-1
-1
-1
-1
-1
-1
-1
-1
-1
-1
-1
-1
-1
-1
-1
-1
-1
-1
-1
-1
-1
-1
-1
-1
-1
-1
-1
-1
-1
-1
-1
-1
-1
-1
-1
-1
-1
-1
-1
-1
-1
-1
-1
-1
-1
-1
-1
-1
-1
-1
-1
-1
-1
-1
-1
-1
-1
-1
-1
-1
-1
-1
-1
-1
-1
-1
-1
-1
-1
-1
-1
-1
-1
-1
-1
-1
-1
-1
-1
-1
-1
-1
-1
-1
-1
-1
-1
-1
-1
-1
-1
-1
-1
-1
-1
-1
-1
-1
-1
-1
-1
-1
-1
-1
-1
-1
-1
-1
-1
-1
-1
-1
-1
-1
-1
-1
-1
-1
-1
-1
-1
-1
-1
-1
-1
-1
-1
-1
-1
-1
-1
-1
-1
-1
-1
-1
-1
-1
-1
-1
-1
-1
-1
-1
-1
-1
-1
-1
-1
-1
-1
-1
-1
-1
-1
-1
-1
-1
-1
-1
-1
-1
-1
-1
-1
-1
-1
