0 6 7
1 6 8
1 6 9
1 6 10
1 6 11
1 6 12
1 6 13
1 6 14
1 6 15
1 6 16
1 6 17
3 6 18
2 7 18
2 8 18
2 9 18
2 10 18
5 11 18
1 11 19
1 11 20
1 11 21
1 11 22
1 11 23
1 11 24
1 11 25
1 11 26
1 11 27
1 11 28
1 11 29
1 11 30
1 11 31
3 11 32
2 12 32
2 13 32
2 14 32
2 15 32
2 16 32
2 17 32
5 18 32
3 18 33
2 19 33
2 20 33
2 21 33
2 22 33
2 23 33
2 24 33
2 25 33
2 26 33
5 27 33
1 27 34
3 27 35
2 28 35
2 29 35
2 30 35
2 31 35
2 32 35
5 33 35
3 33 36
2 34 36
2 35 36
5 36 36
0 36 37
2 37 37
2 38 37
2 39 37
2 40 37
-1
-1
-1
-1
-1
-1
-1
-1
-1
-1
-1
-1
-1
-1
-1
-1
-1
-1
-1
-1
-1
-1
-1
-1
-1
-1
-1
-1
-1
-1
-1
-1
-1
-1
-1
-1
-1
-1
0 41 37
6 6 6
2 7 6
2 8 6
2 9 6
2 10 6
2 11 6
2 12 6
2 13 6
2 14 6
2 15 6
2 16 6
4 17 6
6 17 5
2 18 5
2 19 5
4 20 5
1 20 4
6 20 3
-1
-1
-1
-1
-1
-1
-1
-1
-1
-1
-1
-1
-1
-1
-1
-1
-1
0 21 3
2 22 3
2 23 3
5 24 3
1 24 4
3 24 5
2 25 5
2 26 5
2 27 5
2 28 5
2 29 5
2 30 5
2 31 5
2 32 5
5 33 5
1 33 6
3 33 7
2 34 7
-1
-1
0 35 7
2 35 37
2 34 37
2 33 37
2 32 37
2 31 37
2 30 37
2 29 37
2 28 37
2 27 37
6 26 37
1 26 38
1 26 39
4 26 40
2 25 40
2 24 40
2 23 40
2 22 40
2 21 40
2 20 40
2 19 40
2 18 40
2 17 40
2 16 40
2 15 40
2 14 40
2 13 40
2 12 40
0 11 40
-1
-1
0 29 5
1 11 41
1 11 42
1 11 43
1 11 44
1 11 45
1 11 46
1 11 47
4 11 48
2 10 48
2 9 48
2 8 48
2 7 48
2 6 48
2 5 48
2 4 48
2 3 48
2 2 48
0 1 48
1 35 8
1 35 9
3 35 10
2 36 10
2 37 10
2 38 10
0 39 10
3 39 11
2 40 11
5 41 11
1 41 12
1 41 13
1 41 14
1 41 15
3 41 16
2 42 16
0 43 16
1 41 36
5 41 35
3 40 35
1 40 34
5 40 33
0 39 33
2 38 33
3 37 33
5 37 32
2 36 32
2 35 32
2 34 32
2 33 32
0 32 32
5 7 7
1 7 8
3 7 9
2 8 9
0 9 9
-1
-1
0 6 18
1 36 38
1 36 39
3 36 40
2 37 40
0 38 40
4 42 37
6 42 36
4 43 36
1 43 35
6 43 34
0 44 34
-1
-1
0 30 35
3 5 18
5 5 17
2 4 17
2 3 17
0 2 17
1 38 41
4 38 42
2 37 42
2 36 42
2 35 42
0 34 42
0 20 5
1 39 9
6 39 8
2 40 8
2 41 8
0 42 8
-1
0 40 33
1 20 6
1 20 7
3 20 8
2 21 8
0 22 8
1 41 38
3 41 39
2 42 39
0 43 39
0 41 13
1 22 9
1 22 10
1 22 11
1 22 12
3 22 13
2 23 13
0 24 13
0 6 48
1 34 43
1 34 44
1 34 45
1 34 46
1 34 47
0 34 48
0 17 6
0 11 32
0 14 32
2 23 8
2 24 8
0 25 8
0 17 40
1 24 14
3 24 15
2 25 15
0 26 15
0 19 33
1 11 39
5 11 38
2 10 38
0 9 38
0 15 6
1 15 7
1 15 8
0 15 9
0 35 9
3 34 49
2 35 49
2 36 49
0 37 49
0 26 37
1 43 17
1 43 18
1 43 19
0 43 20
0 40 35
0 33 5
0 36 36
0 24 3
5 34 41
2 33 41
2 32 41
0 31 41
0 11 24
0 11 27
4 36 7
6 36 6
0 37 6
0 6 11
0 18 32
1 2 18
0 2 19
0 44 39
1 42 9
3 42 10
2 43 10
0 44 10
0 1 47
0 22 40
1 40 32
1 40 31
0 40 30
2 10 32
2 9 32
0 8 32
2 5 7
2 4 7
2 3 7
0 2 7
0 27 33
6 34 9
4 34 10
0 33 10
1 37 5
1 37 4
6 37 3
0 38 3
1 1 46
1 1 45
5 1 44
0 0 44
1 14 33
0 14 34
6 33 48
4 33 49
0 32 49
2 40 13
2 39 13
6 38 13
1 38 14
1 38 15
4 38 16
0 37 16
0 11 18
6 26 14
2 27 14
4 28 14
6 28 13
0 29 13
2 31 49
2 30 49
2 29 49
2 28 49
0 27 49
0 33 35
0 37 33
2 39 40
5 40 40
0 40 41
0 12 24
6 40 29
2 41 29
2 42 29
0 43 29
6 42 7
2 43 7
2 44 7
0 45 7
1 29 14
1 29 15
1 29 16
1 29 17
3 29 18
0 30 18
2 44 16
2 45 16
2 46 16
2 47 16
0 48 16
0 48 15
3 43 30
0 44 30
1 32 31
6 32 30
2 33 30
4 34 30
1 34 29
1 34 28
1 34 27
1 34 26
0 34 25
6 12 23
2 13 23
2 14 23
2 15 23
2 16 23
2 17 23
2 18 23
2 19 23
2 20 23
0 21 23
2 33 25
2 32 25
2 31 25
2 30 25
0 29 25
1 2 6
1 2 5
6 2 4
2 3 4
2 4 4
2 5 4
2 6 4
2 7 4
0 8 4
3 1 7
1 1 6
1 1 5
1 1 4
1 1 3
1 1 2
0 1 1
1 6 19
1 6 20
1 6 21
4 6 22
0 5 22
5 12 18
1 12 19
3 12 20
0 13 20
-1
-1
-1
-1
-1
-1
-1
-1
-1
-1
-1
-1
-1
-1
-1
-1
-1
-1
-1
-1
-1
-1
-1
-1
-1
-1
-1
-1
-1
-1
-1
-1
-1
-1
-1
-1
-1
-1
-1
-1
-1
-1
-1
-1
-1
-1
-1
-1
-1
-1
-1
-1
-1
-1
-1
-1
-1
-1
-1
-1
-1
-1
-1
-1
-1
-1
-1
-1
-1
-1
-1
-1
-1
-1
-1
-1
-1
-1
-1
-1
-1
-1
-1
-1
-1
-1
-1
-1
-1
-1
-1
-1
-1
-1
-1
-1
-1
-1
-1
-1
-1
-1
-1
-1
-1
-1
-1
-1
-1
-1
-1
-1
-1
-1
-1
-1
-1
-1
-1
-1
-1
-1
-1
-1
-1
-1
-1
-1
-1
-1
-1
-1
-1
-1
-1
-1
-1
-1
-1
-1
-1
-1
-1
-1
-1
-1
-1
-1
-1
-1
-1
-1
-1
-1
-1
-1
-1
-1
-1
-1
-1
-1
-1
-1
-1
-1
-1
-1
-1
-1
-1
-1
-1
-1
-1
-1
-1
-1
-1
-1
-1
-1
-1
-1
-1
-1
-1
-1
-1
-1
-1
-1
-1
-1
-1
-1
-1
-1
-1
-1
-1
-1
-1
-1
-1
-1
-1
-1
-1
-1
-1
-1
-1
-1
-1
-1
-1
-1
-1
-1
-1
-1
-1
-1
-1
-1
-1
-1
-1
-1
-1
-1
-1
-1
-1
-1
-1
-1
-1
-1
-1
-1
-1
-1
-1
-1
-1
-1
-1
-1
-1
-1
-1
-1
-1
-1
-1
-1
-1
-1
-1
-1
-1
-1
-1
-1
-1
-1
-1
-1
-1
-1
-1
-1
-1
-1
-1
-1
-1
-1
-1
-1
-1
-1
-1
-1
-1
-1
-1
-1
-1
-1
-1
-1
-1
-1
-1
-1
-1
-1
-1
-1
-1
-1
-1
-1
-1
-1
-1
-1
-1
-1
-1
-1
-1
-1
-1
-1
-1
