0 12 17
2 13 17
2 14 17
2 15 17
2 16 17
2 17 17
5 18 17
1 18 18
3 18 19
5 19 19
1 19 20
1 19 21
1 19 22
3 19 23
2 20 23
2 21 23
2 22 23
5 23 23
1 23 24
1 23 25
1 23 26
1 23 27
1 23 28
1 23 29
1 23 30
1 23 31
1 23 32
1 23 33
1 23 34
1 23 35
1 23 36
1 23 37
3 23 38
2 24 38
2 25 38
5 26 38
1 26 39
1 26 40
1 26 41
1 26 42
1 26 43
3 26 44
5 27 44
3 27 45
2 28 45
5 29 45
3 29 46
2 30 46
2 31 46
2 32 46
2 33 46
0 34 46
5 12 16
2 11 16
2 10 16
2 9 16
3 8 16
1 8 15
1 8 14
1 8 13
1 8 12
1 8 11
5 8 10
2 7 10
3 6 10
1 6 9
1 6 8
5 6 7
2 5 7
2 4 7
2 3 7
-1
-1
-1
-1
-1
-1
-1
-1
-1
-1
0 2 7
1 34 45
1 34 44
1 34 43
1 34 42
1 34 41
6 34 40
2 35 40
-1
-1
-1
-1
-1
-1
0 36 40
6 2 6
2 3 6
2 4 6
2 5 6
2 6 6
2 7 6
2 8 6
2 9 6
5 10 6
1 10 7
3 10 8
5 11 8
1 11 9
1 11 10
1 11 11
1 11 12
0 11 13
-1
0 8 16
5 36 39
2 35 39
2 34 39
6 33 39
1 33 40
4 33 41
2 32 41
2 31 41
0 30 41
1 30 40
1 30 39
1 30 38
6 30 37
2 31 37
4 32 37
1 32 36
1 32 35
6 32 34
0 33 34
0 27 44
1 36 41
3 36 42
2 37 42
0 38 42
2 7 16
2 6 16
0 5 16
4 37 40
6 37 39
2 38 39
2 39 39
2 40 39
0 41 39
1 34 47
3 34 48
0 35 48
1 12 18
1 12 19
1 12 20
0 12 21
0 8 11
0 18 17
1 38 43
0 38 44
0 11 9
0 4 7
2 39 44
2 40 44
2 41 44
0 42 44
0 19 19
0 11 21
0 26 38
0 23 38
1 23 39
1 23 40
4 23 41
2 22 41
6 21 41
1 21 42
0 21 43
0 18 16
0 8 14
0 32 37
0 10 6
0 21 41
0 23 35
0 30 46
0 34 43
0 23 32
0 41 44
0 19 23
1 2 8
0 2 9
0 26 41
0 23 23
0 12 13
1 5 15
0 5 14
2 19 16
2 20 16
0 21 16
1 21 44
1 21 45
3 21 46
5 22 46
0 22 47
2 21 47
0 20 47
2 20 41
2 19 41
0 18 41
0 23 26
0 6 7
0 19 20
2 34 34
2 35 34
2 36 34
0 37 34
0 24 32
6 12 12
2 13 12
2 14 12
0 15 12
1 2 10
0 2 11
0 16 12
1 8 17
0 8 18
0 14 17
2 22 16
2 23 16
2 24 16
2 25 16
0 26 16
2 4 16
2 3 16
0 2 16
0 26 17
2 27 16
2 28 16
2 29 16
0 30 16
1 30 15
0 30 14
1 30 13
1 30 12
1 30 11
1 30 10
1 30 9
1 30 8
0 30 7
2 31 7
2 32 7
0 33 7
0 11 8
2 31 14
2 32 14
2 33 14
0 34 14
2 34 7
2 35 7
2 36 7
2 37 7
4 38 7
1 38 6
0 38 5
2 39 5
2 40 5
2 41 5
2 42 5
2 43 5
2 44 5
2 45 5
2 46 5
0 47 5
5 48 5
1 48 6
1 48 7
1 48 8
0 48 9
6 47 9
1 47 10
4 47 11
2 46 11
0 45 11
0 43 5
1 43 6
1 43 7
1 43 8
4 43 9
0 42 9
0 38 7
1 19 24
1 19 25
1 19 26
1 19 27
0 19 28
2 18 28
2 17 28
0 16 28
2 17 41
2 16 41
0 15 41
0 6 10
2 23 47
0 24 47
0 30 37
0 29 7
0 18 23
0 22 26
1 16 29
0 16 30
2 15 30
0 14 30
2 22 35
2 21 35
0 20 35
0 45 5
1 30 6
1 30 5
1 30 4
0 30 3
1 43 4
1 43 3
0 43 2
0 14 16
1 2 17
1 2 18
0 2 19
1 24 31
0 24 30
1 26 15
1 26 14
5 26 13
2 25 13
0 24 13
1 24 12
0 24 11
0 17 12
0 40 39
0 14 18
2 24 26
0 25 26
0 10 21
1 2 20
3 2 21
2 3 21
5 4 21
0 4 22
3 34 15
0 35 15
2 42 2
0 41 2
2 42 39
2 43 39
0 44 39
1 15 40
0 15 39
3 35 16
2 36 16
2 37 16
0 38 16
1 40 38
0 40 37
1 38 17
1 38 18
0 38 19
0 20 34
3 38 20
2 39 20
0 40 20
1 37 33
1 37 32
0 37 31
2 41 20
0 42 20
0 30 12
2 31 3
0 32 3
0 10 22
1 48 10
1 48 11
1 48 12
0 48 13
0 24 46
1 30 47
0 30 48
0 21 15
0 17 23
0 8 6
1 15 38
1 15 37
0 15 36
0 33 39
1 30 2
0 30 1
1 38 8
1 38 9
0 38 10
0 13 30
0 13 29
2 14 36
2 13 36
0 12 36
0 44 38
1 48 14
0 48 15
2 11 6
2 12 6
2 13 6
2 14 6
2 15 6
0 16 6
0 13 28
2 47 15
2 46 15
2 45 15
0 44 15
0 23 22
1 17 11
6 17 10
2 18 10
0 19 10
0 2 6
0 14 6
1 24 10
1 24 9
0 24 8
2 33 3
0 34 3
0 2 12
1 15 42
0 15 43
2 25 30
2 26 30
2 27 30
0 28 30
1 4 23
3 4 24
0 5 24
3 38 45
0 39 45
0 30 17
0 38 11
1 20 46
5 20 45
0 19 45
1 20 36
0 20 37
1 28 29
0 28 28
2 43 20
2 44 20
0 45 20
0 39 11
0 16 31
6 34 2
2 35 2
0 36 2
2 13 21
0 14 21
0 1 12
2 17 6
2 18 6
0 19 6
0 37 19
1 2 5
1 2 4
1 2 3
0 2 2
6 37 30
0 38 30
0 20 10
1 30 36
0 30 35
1 10 5
1 10 4
0 10 3
1 37 20
1 37 21
1 37 22
1 37 23
0 37 24
1 10 23
1 10 24
0 10 25
1 30 18
1 30 19
0 30 20
1 12 35
0 12 34
2 31 20
2 32 20
0 33 20
1 30 21
1 30 22
1 30 23
0 30 24
0 33 21
2 9 3
2 8 3
2 7 3
0 6 3
1 14 5
0 14 4
0 36 7
1 14 22
1 14 23
0 14 24
0 19 16
2 29 24
0 28 24
0 25 32
1 34 13
0 34 12
1 19 5
1 19 4
0 19 3
0 39 30
2 11 36
2 10 36
2 9 36
0 8 36
2 40 30
2 41 30
0 42 30
0 43 6
1 8 35
1 8 34
0 8 33
1 8 37
1 8 38
0 8 39
1 8 32
5 8 31
2 7 31
2 6 31
0 5 31
1 8 40
1 8 41
1 8 42
4 8 43
0 7 43
2 7 39
2 6 39
2 5 39
0 4 39
0 4 38
1 42 29
1 42 28
0 42 27
2 25 11
0 26 11
1 6 2
0 6 1
0 39 7
2 29 30
2 30 30
0 31 30
1 5 30
1 5 29
0 5 28
6 23 21
0 24 21
2 29 20
0 28 20
2 36 24
0 35 24
0 36 34
2 29 1
2 28 1
0 27 1
1 27 2
1 27 3
0 27 4
2 9 21
0 8 21
1 24 7
1 24 6
5 24 5
0 23 5
2 43 30
2 44 30
0 45 30
1 24 20
5 24 19
0 23 19
0 37 10
0 39 37
2 14 43
2 13 43
0 12 43
6 42 26
2 43 26
2 44 26
2 45 26
0 46 26
0 7 31
0 29 37
2 4 31
2 3 31
2 2 31
0 1 31
0 25 41
2 45 38
2 46 38
4 47 38
6 47 37
0 48 37
1 19 2
6 19 1
2 20 1
4 21 1
0 21 0
2 33 43
0 32 43
1 18 24
0 18 25
3 44 16
0 45 16
6 30 0
0 31 0
2 3 39
2 2 39
2 1 39
0 0 39
0 7 44
1 10 26
0 10 27
2 12 9
0 13 9
4 7 45
2 6 45
2 5 45
2 4 45
0 3 45
1 0 38
1 0 37
1 0 36
0 0 35
0 48 5
6 45 19
2 46 19
0 47 19
1 12 44
1 12 45
1 12 46
0 12 47
1 48 4
1 48 3
0 48 2
0 25 33
1 42 45
1 42 46
3 42 47
2 43 47
2 44 47
2 45 47
0 46 47
4 7 1
6 7 0
0 8 0
1 42 31
1 42 32
3 42 33
0 43 33
-1
-1
-1
-1
-1
-1
-1
-1
-1
-1
-1
-1
-1
-1
-1
-1
-1
-1
-1
-1
-1
-1
-1
-1
-1
-1
-1
-1
-1
-1
-1
-1
-1
-1
-1
-1
-1
-1
-1
-1
-1
-1
-1
-1
-1
-1
-1
-1
-1
-1
-1
-1
-1
-1
-1
-1
-1
-1
-1
-1
-1
-1
-1
-1
-1
-1
-1
-1
-1
-1
-1
-1
-1
-1
-1
-1
-1
-1
-1
-1
-1
-1
-1
-1
-1
-1
-1
-1
-1
-1
-1
-1
-1
-1
-1
-1
-1
-1
-1
-1
-1
-1
-1
-1
-1
-1
-1
-1
-1
-1
-1
-1
-1
-1
-1
-1
-1
-1
-1
-1
-1
-1
-1
-1
-1
-1
-1
-1
-1
-1
-1
-1
-1
-1
-1
-1
-1
-1
