0 9 5
1 9 6
1 9 7
3 9 8
5 10 8
3 10 9
2 11 9
2 12 9
5 13 9
3 13 10
5 14 10
1 14 11
1 14 12
3 14 13
2 15 13
2 16 13
2 17 13
2 18 13
2 19 13
2 20 13
2 21 13
2 22 13
2 23 13
2 24 13
5 25 13
3 25 14
2 26 14
2 27 14
5 28 14
1 28 15
1 28 16
1 28 17
1 28 18
3 28 19
2 29 19
2 30 19
2 31 19
2 32 19
5 33 19
1 33 20
3 33 21
2 34 21
0 35 21
1 9 4
1 9 3
5 9 2
2 8 2
2 7 2
0 6 2
1 35 20
6 35 19
4 36 19
1 36 18
1 36 17
6 36 16
2 37 16
2 38 16
-1
-1
0 39 16
1 35 22
1 35 23
3 35 24
5 36 24
1 36 25
1 36 26
-1
0 36 27
5 36 21
1 36 22
3 36 23
2 37 23
-1
0 38 23
4 10 5
1 10 4
6 10 3
0 11 3
2 35 27
2 34 27
3 33 27
1 33 26
1 33 25
1 33 24
0 33 23
3 38 24
2 39 24
0 40 24
2 5 2
2 4 2
6 3 2
1 3 3
0 3 4
2 40 16
2 41 16
0 42 16
6 8 5
4 8 6
0 7 6
0 41 24
0 36 19
0 31 19
0 42 24
1 6 1
0 6 0
0 2 4
1 42 17
0 42 18
0 36 18
1 11 2
1 11 1
0 11 0
0 14 13
0 33 24
0 42 19
0 24 13
2 37 27
0 38 27
1 2 5
0 2 6
1 42 25
1 42 26
1 42 27
1 42 28
3 42 29
2 43 29
0 44 29
2 45 29
0 46 29
1 46 30
1 46 31
1 46 32
1 46 33
1 46 34
1 46 35
0 46 36
0 46 28
0 47 36
1 47 37
1 47 38
1 47 39
1 47 40
1 47 41
0 47 42
0 46 42
1 46 43
1 46 44
4 46 45
2 45 45
2 44 45
2 43 45
2 42 45
2 41 45
0 40 45
1 40 44
5 40 43
3 39 43
0 39 42
1 39 41
0 39 40
0 38 40
1 39 15
0 39 14
0 30 19
0 13 9
0 10 8
2 38 42
2 37 42
0 36 42
0 36 43
0 42 20
0 3 2
0 33 27
1 36 44
1 36 45
0 36 46
2 35 46
2 34 46
2 33 46
2 32 46
0 31 46
0 46 45
4 31 47
2 30 47
2 29 47
2 28 47
2 27 47
2 26 47
0 25 47
2 24 47
2 23 47
2 22 47
0 21 47
2 20 47
2 19 47
2 18 47
2 17 47
3 16 47
0 16 46
2 15 46
2 14 46
2 13 46
2 12 46
2 11 46
2 10 46
2 9 46
2 8 46
2 7 46
0 6 46
2 5 46
2 4 46
3 3 46
1 3 45
1 3 44
1 3 43
0 3 42
1 3 41
0 3 40
0 2 2
2 2 42
2 1 42
0 0 42
0 3 46
2 41 20
0 40 20
2 4 40
2 5 40
0 6 40
0 36 16
0 42 29
3 6 41
2 7 41
0 8 41
1 42 15
0 42 14
2 9 41
2 10 41
0 11 41
1 16 45
1 16 44
0 16 43
1 16 42
6 16 41
2 17 41
2 18 41
0 19 41
1 19 40
1 19 39
1 19 38
0 19 37
1 33 28
0 33 29
0 10 46
1 33 30
1 33 31
4 33 32
0 32 32
1 11 40
6 11 39
0 12 39
0 12 38
0 35 16
1 32 33
0 32 34
0 25 13
2 31 34
2 30 34
2 29 34
2 28 34
0 27 34
1 3 39
0 3 38
0 27 35
0 36 24
0 19 36
4 2 7
0 1 7
1 19 35
1 19 34
0 19 33
0 8 2
0 27 33
2 32 24
0 31 24
1 27 32
1 27 31
1 27 30
0 27 29
0 26 29
2 2 38
0 1 38
1 7 7
4 7 8
0 6 8
0 43 20
0 30 20
1 35 15
1 35 14
0 35 13
0 42 45
0 25 48
0 25 49
0 42 26
2 25 29
0 24 29
1 27 36
0 27 37
0 6 9
0 47 38
1 19 32
0 19 31
1 24 28
1 24 27
0 24 26
3 23 26
1 23 25
1 23 24
0 23 23
1 23 22
1 23 21
5 23 20
0 22 20
0 22 19
0 8 46
0 28 16
1 27 38
0 27 39
0 27 40
0 28 14
1 11 42
0 11 43
5 12 0
3 12 1
2 13 1
0 14 1
2 15 1
2 16 1
0 17 1
0 18 1
0 31 32
0 16 47
0 3 37
0 42 13
2 15 47
0 14 47
1 42 30
4 42 31
0 41 31
1 10 47
1 10 48
0 10 49
1 39 39
6 39 38
0 40 38
0 38 28
0 19 47
2 20 37
0 21 37
2 21 20
2 20 20
2 19 20
2 18 20
0 17 20
0 43 16
0 3 44
0 48 38
0 16 20
2 18 33
0 17 33
0 15 20
2 14 20
2 13 20
2 12 20
0 11 20
1 11 21
1 11 22
0 11 23
1 11 24
1 11 25
0 11 26
2 10 26
0 9 26
0 8 26
0 28 29
0 33 19
1 9 27
0 9 28
2 10 20
2 9 20
2 8 20
0 7 20
2 6 20
0 5 20
1 46 46
0 46 47
0 4 20
2 12 26
0 13 26
2 26 40
2 25 40
0 24 40
2 14 26
2 15 26
0 16 26
0 13 38
1 16 25
0 16 24
1 13 27
0 13 28
0 46 48
0 7 19
2 16 33
2 15 33
0 14 33
0 13 33
1 21 46
1 21 45
0 21 44
2 45 48
0 44 48
2 41 38
0 42 38
0 3 20
1 19 30
0 19 29
0 22 37
0 9 29
1 41 32
0 41 33
0 41 34
1 22 18
1 22 17
0 22 16
1 8 40
0 8 39
0 17 26
1 39 13
0 39 12
1 6 10
1 6 11
3 6 12
2 7 12
0 8 12
0 8 13
2 29 20
2 28 20
0 27 20
1 47 35
0 47 34
0 8 14
1 36 47
0 36 48
1 35 12
0 35 11
0 44 20
1 8 38
1 8 37
0 8 36
0 14 14
0 43 26
0 16 41
0 42 34
1 11 19
1 11 18
1 11 17
0 11 16
1 3 47
1 3 48
0 3 49
2 34 13
2 33 13
0 32 13
2 35 43
0 34 43
0 6 47
0 32 35
2 2 20
0 1 20
2 5 9
0 4 9
0 23 26
1 32 36
0 32 37
0 7 36
2 17 24
0 18 24
1 40 46
4 40 47
0 39 47
0 1 19
0 26 37
1 1 21
1 1 22
3 1 23
0 2 23
1 2 24
1 2 25
1 2 26
4 2 27
0 1 27
2 18 36
0 17 36
1 1 28
1 1 29
0 1 30
2 2 30
2 3 30
0 4 30
2 7 26
2 6 26
0 5 26
0 1 31
0 23 22
0 43 24
0 18 47
0 47 28
0 47 27
3 4 31
5 5 31
1 5 32
0 5 33
5 1 37
0 0 37
1 31 45
5 31 44
0 30 44
2 19 1
2 20 1
0 21 1
1 28 28
0 28 27
2 20 31
2 21 31
0 22 31
3 33 43
1 33 42
5 33 41
0 32 41
1 38 39
0 38 38
1 4 10
4 4 11
2 3 11
0 2 11
0 22 44
2 35 48
2 34 48
2 33 48
2 32 48
0 31 48
1 42 39
0 42 40
0 2 12
1 36 28
1 36 29
1 36 30
0 36 31
6 47 33
0 48 33
0 11 44
1 42 12
6 42 11
0 43 11
2 26 35
2 25 35
0 24 35
2 21 16
2 20 16
0 19 16
0 19 15
1 13 8
6 13 7
0 14 7
3 18 2
5 19 2
1 19 3
1 19 4
0 19 5
5 20 5
3 20 6
5 21 6
1 21 7
1 21 8
0 21 9
0 20 47
0 14 38
4 23 19
0 23 18
1 2 13
0 2 14
0 0 43
0 11 49
3 44 21
2 45 21
0 46 21
0 23 25
1 14 6
0 14 5
0 25 26
0 2 46
1 46 22
3 46 23
0 47 23
1 27 21
1 27 22
3 27 23
0 28 23
2 22 1
2 23 1
2 24 1
2 25 1
2 26 1
2 27 1
2 28 1
2 29 1
2 30 1
0 31 1
0 20 9
3 21 2
2 22 2
0 23 2
0 21 6
1 32 12
1 32 11
1 32 10
1 32 9
5 32 8
2 31 8
0 30 8
0 12 23
1 30 7
1 30 6
0 30 5
3 13 13
1 13 12
0 13 11
3 29 5
5 29 4
0 28 4
3 46 49
0 47 49
2 29 8
2 28 8
2 27 8
0 26 8
-1
-1
-1
-1
-1
-1
-1
-1
-1
-1
-1
-1
-1
-1
-1
-1
-1
-1
-1
-1
-1
-1
-1
-1
-1
-1
-1
-1
-1
-1
-1
-1
-1
-1
-1
-1
-1
-1
-1
-1
-1
-1
-1
-1
-1
-1
-1
-1
-1
-1
-1
-1
-1
-1
-1
-1
-1
-1
-1
-1
-1
-1
-1
-1
-1
-1
-1
-1
-1
-1
-1
-1
-1
-1
-1
-1
-1
-1
-1
-1
-1
-1
-1
-1
-1
-1
-1
-1
-1
-1
-1
-1
-1
-1
-1
-1
-1
-1
-1
-1
-1
-1
-1
-1
-1
-1
-1
-1
-1
-1
-1
-1
-1
-1
-1
-1
-1
-1
-1
-1
-1
-1
-1
-1
-1
-1
-1
-1
-1
-1
-1
-1
-1
-1
-1
-1
-1
-1
-1
-1
-1
-1
-1
-1
-1
-1
-1
-1
-1
-1
-1
-1
-1
-1
-1
