0 33 43
1 33 42
1 33 41
1 33 40
6 33 39
4 34 39
1 34 38
1 34 37
1 34 36
1 34 35
6 34 34
2 35 34
2 36 34
2 37 34
4 38 34
1 38 33
1 38 32
1 38 31
1 38 30
1 38 29
1 38 28
1 38 27
1 38 26
1 38 25
1 38 24
1 38 23
1 38 22
1 38 21
1 38 20
1 38 19
1 38 18
1 38 17
0 38 16
2 37 16
2 36 16
2 35 16
2 34 16
2 33 16
2 32 16
2 31 16
2 30 16
2 29 16
3 28 16
5 28 15
2 27 15
2 26 15
3 25 15
5 25 14
2 24 14
2 23 14
2 22 14
3 21 14
1 21 13
1 21 12
5 21 11
2 20 11
2 19 11
2 18 11
2 17 11
2 16 11
2 15 11
2 14 11
-1
3 13 11
-1
1 13 10
1 13 9
-1
5 13 8
-1
3 12 8
1 12 7
-1
1 12 6
-1
-1
-1
-1
-1
-1
-1
-1
-1
-1
-1
-1
-1
-1
-1
-1
-1
-1
-1
-1
-1
-1
-1
-1
-1
-1
-1
-1
-1
-1
-1
-1
-1
-1
-1
-1
-1
-1
-1
-1
-1
-1
-1
-1
-1
-1
-1
-1
-1
-1
-1
-1
-1
-1
-1
-1
-1
-1
-1
-1
-1
-1
-1
-1
-1
-1
-1
-1
-1
-1
-1
-1
-1
-1
-1
-1
-1
-1
-1
-1
-1
-1
0 12 5
1 12 4
1 12 3
5 12 2
2 11 2
2 10 2
-1
-1
-1
-1
-1
-1
-1
-1
-1
-1
-1
-1
-1
-1
-1
-1
-1
-1
-1
-1
-1
-1
-1
-1
-1
-1
-1
-1
-1
0 9 2
4 33 44
2 32 44
2 31 44
-1
-1
-1
-1
-1
-1
-1
-1
-1
-1
-1
-1
-1
-1
-1
-1
-1
-1
-1
-1
0 30 44
2 39 16
2 40 16
2 41 16
4 42 16
6 42 15
2 43 15
4 44 15
1 44 14
6 44 13
4 45 13
1 45 12
1 45 11
1 45 10
1 45 9
6 45 8
4 46 8
-1
-1
-1
-1
-1
-1
-1
-1
-1
-1
-1
-1
0 46 7
2 29 44
2 28 44
2 27 44
2 26 44
2 25 44
2 24 44
3 23 44
5 23 43
2 22 43
2 21 43
2 20 43
2 19 43
2 18 43
2 17 43
2 16 43
2 15 43
2 14 43
-1
-1
0 13 43
1 13 42
1 13 41
5 13 40
2 12 40
2 11 40
2 10 40
2 9 40
2 8 40
2 7 40
2 6 40
2 5 40
3 4 40
1 4 39
5 4 38
2 3 38
2 2 38
0 1 38
2 45 7
6 44 7
4 44 8
2 43 8
2 42 8
2 41 8
2 40 8
-1
-1
0 39 8
1 1 37
1 1 36
1 1 35
1 1 34
1 1 33
1 1 32
1 1 31
1 1 30
1 1 29
0 1 28
1 13 44
1 13 45
1 13 46
1 13 47
1 13 48
4 13 49
2 12 49
2 11 49
2 10 49
2 9 49
0 8 49
6 46 6
4 47 6
1 47 5
1 47 4
1 47 3
0 47 2
2 13 5
2 14 5
2 15 5
4 16 5
6 16 4
2 17 4
2 18 4
4 19 4
1 19 3
1 19 2
0 19 1
0 35 34
2 34 43
2 35 43
2 36 43
2 37 43
2 38 43
5 39 43
1 39 44
3 39 45
5 40 45
0 40 46
0 4 40
-1
-1
-1
0 42 16
1 4 41
1 4 42
4 4 43
0 3 43
3 35 35
2 36 35
2 37 35
2 38 35
4 39 35
6 39 34
2 40 34
2 41 34
2 42 34
2 43 34
2 44 34
2 45 34
0 46 34
0 12 8
0 21 43
0 19 4
1 46 33
1 46 32
1 46 31
1 46 30
6 46 29
0 47 29
1 30 45
1 30 46
1 30 47
3 30 48
0 31 48
0 25 15
1 8 48
1 8 47
5 8 46
0 7 46
0 31 16
5 35 33
2 34 33
6 33 33
4 33 34
2 32 34
2 31 34
0 30 34
0 21 14
0 8 40
4 9 3
2 8 3
0 7 3
1 30 35
1 30 36
1 30 37
1 30 38
4 30 39
0 29 39
0 13 11
0 44 15
0 39 43
1 8 39
6 8 38
2 9 38
2 10 38
0 11 38
0 28 16
1 42 17
0 42 18
0 38 18
3 19 5
2 20 5
2 21 5
2 22 5
2 23 5
0 24 5
0 16 11
4 13 12
0 12 12
0 34 39
1 24 6
1 24 7
1 24 8
0 24 9
1 31 15
1 31 14
1 31 13
0 31 12
1 16 10
1 16 9
0 16 8
0 11 49
0 47 6
0 23 44
2 11 12
2 10 12
2 9 12
0 8 12
1 31 11
6 31 10
0 32 10
5 2 28
1 2 29
1 2 30
1 2 31
1 2 32
3 2 33
0 3 33
0 38 34
1 12 13
1 12 14
1 12 15
1 12 16
1 12 17
3 12 18
0 13 18
1 21 15
1 21 16
1 21 17
1 21 18
0 21 19
0 20 11
1 21 20
1 21 21
0 21 22
4 31 49
0 30 49
1 13 19
1 13 20
1 13 21
1 13 22
0 13 23
1 47 28
1 47 27
1 47 26
0 47 25
1 47 24
1 47 23
0 47 22
1 46 35
1 46 36
4 46 37
2 45 37
2 44 37
0 43 37
0 13 24
1 43 38
1 43 39
0 43 40
2 33 10
0 34 10
1 8 13
1 8 14
1 8 15
1 8 16
0 8 17
1 32 9
1 32 8
1 32 7
1 32 6
0 32 5
2 46 22
0 45 22
2 31 5
2 30 5
0 29 5
2 48 2
0 49 2
2 12 23
2 11 23
0 10 23
0 20 1
0 38 29
0 40 45
2 7 17
2 6 17
2 5 17
2 4 17
0 3 17
6 32 4
2 33 4
0 34 4
0 42 8
1 31 17
1 31 18
1 31 19
0 31 20
1 29 38
5 29 37
2 28 37
0 27 37
1 29 4
0 29 3
2 20 22
0 19 22
1 21 42
1 21 41
1 21 40
1 21 39
5 21 38
0 20 38
5 8 11
2 7 11
2 6 11
2 5 11
2 4 11
2 3 11
0 2 11
3 40 47
2 41 47
2 42 47
2 43 47
2 44 47
0 45 47
1 31 21
1 31 22
1 31 23
1 31 24
4 31 25
0 30 25
1 20 37
1 20 36
1 20 35
1 20 34
0 20 33
1 20 32
1 20 31
5 20 30
2 19 30
0 18 30
6 1 27
2 2 27
5 3 27
3 3 28
2 4 28
0 5 28
0 39 29
1 24 4
1 24 3
6 24 2
0 25 2
0 16 5
0 4 17
1 42 7
1 42 6
1 42 5
1 42 4
0 42 3
2 20 14
2 19 14
6 18 14
4 18 15
0 17 15
2 17 30
2 16 30
0 15 30
6 30 20
4 30 21
2 29 21
2 28 21
0 27 21
-1
-1
-1
-1
-1
-1
-1
-1
-1
-1
-1
-1
-1
-1
-1
-1
-1
-1
-1
-1
-1
-1
-1
-1
-1
-1
-1
-1
-1
-1
-1
-1
-1
-1
-1
-1
-1
-1
-1
-1
-1
-1
-1
-1
-1
-1
-1
-1
-1
-1
-1
-1
-1
-1
-1
-1
-1
-1
-1
-1
-1
-1
-1
-1
-1
-1
-1
-1
-1
-1
-1
-1
-1
-1
-1
-1
-1
-1
-1
-1
-1
-1
-1
-1
-1
-1
-1
-1
-1
-1
-1
-1
-1
-1
-1
-1
-1
-1
-1
-1
-1
-1
-1
-1
-1
-1
-1
-1
-1
-1
-1
-1
-1
-1
-1
-1
-1
-1
-1
-1
-1
-1
-1
-1
-1
-1
-1
-1
-1
-1
-1
-1
-1
-1
-1
-1
-1
-1
-1
-1
-1
-1
-1
-1
-1
-1
-1
-1
-1
-1
-1
-1
-1
-1
-1
-1
-1
-1
-1
-1
-1
-1
-1
-1
-1
-1
-1
-1
-1
-1
-1
-1
-1
-1
-1
-1
-1
-1
-1
-1
-1
-1
-1
-1
-1
-1
-1
-1
-1
-1
-1
-1
-1
-1
-1
-1
