0 26 40
1 26 39
6 26 38
4 27 38
1 27 37
1 27 36
1 27 35
6 27 34
2 28 34
4 29 34
1 29 33
1 29 32
1 29 31
1 29 30
1 29 29
1 29 28
1 29 27
1 29 26
1 29 25
1 29 24
6 29 23
2 30 23
2 31 23
2 32 23
4 33 23
1 33 22
1 33 21
6 33 20
2 34 20
4 35 20
1 35 19
1 35 18
1 35 17
1 35 16
1 35 15
1 35 14
1 35 13
1 35 12
0 35 11
1 26 41
1 26 42
4 26 43
2 25 43
2 24 43
2 23 43
2 22 43
6 21 43
0 21 44
4 36 11
1 36 10
6 36 9
2 37 9
4 38 9
1 38 8
1 38 7
1 38 6
6 38 5
2 39 5
2 40 5
2 41 5
2 42 5
2 43 5
-1
-1
-1
-1
-1
-1
-1
-1
-1
-1
-1
-1
-1
-1
-1
-1
-1
-1
-1
-1
-1
-1
-1
-1
-1
-1
-1
-1
-1
-1
-1
-1
0 44 5
3 20 44
1 20 43
1 20 42
1 20 41
1 20 40
1 20 39
1 20 38
5 20 37
2 19 37
-1
-1
-1
-1
-1
-1
-1
-1
-1
-1
-1
-1
-1
-1
-1
-1
-1
-1
-1
-1
-1
-1
0 18 37
4 21 45
2 20 45
3 19 45
5 19 44
2 18 44
2 17 44
2 16 44
-1
-1
-1
-1
-1
-1
-1
-1
-1
-1
-1
-1
0 15 44
1 44 4
6 44 3
2 45 3
2 46 3
4 47 3
1 47 2
-1
-1
-1
-1
-1
-1
-1
-1
0 47 1
1 18 36
1 18 35
1 18 34
1 18 33
1 18 32
1 18 31
1 18 30
1 18 29
5 18 28
3 17 28
5 17 27
-1
-1
0 16 27
2 15 27
2 14 27
2 13 27
2 12 27
2 11 27
2 10 27
2 9 27
2 8 27
3 7 27
1 7 26
5 7 25
2 6 25
0 5 25
3 25 40
1 25 39
1 25 38
5 25 37
-1
-1
-1
0 24 37
2 45 5
2 46 5
2 47 5
-1
-1
-1
-1
0 48 5
5 27 40
1 27 41
1 27 42
1 27 43
3 27 44
2 28 44
2 29 44
-1
0 30 44
2 31 44
2 32 44
2 33 44
2 34 44
2 35 44
2 36 44
2 37 44
2 38 44
0 39 44
4 16 28
2 15 28
2 14 28
2 13 28
0 12 28
1 5 26
1 5 27
1 5 28
1 5 29
1 5 30
1 5 31
1 5 32
1 5 33
1 5 34
1 5 35
4 5 36
2 4 36
0 3 36
0 38 9
1 39 45
1 39 46
1 39 47
1 39 48
4 39 49
0 38 49
1 3 37
3 3 38
2 4 38
2 5 38
2 6 38
0 7 38
1 44 6
1 44 7
1 44 8
3 44 9
0 45 9
2 8 38
2 9 38
0 10 38
-1
-1
-1
0 29 32
3 28 32
1 28 31
5 28 30
2 27 30
0 26 30
5 30 32
3 30 33
2 31 33
2 32 33
0 33 33
5 26 29
2 25 29
2 24 29
0 23 29
1 45 10
4 45 11
2 44 11
2 43 11
0 42 11
2 46 9
0 47 9
1 5 24
1 5 23
1 5 22
5 5 21
2 4 21
0 3 21
4 34 33
1 34 32
6 34 31
2 35 31
2 36 31
0 37 31
0 20 38
0 35 20
1 33 34
1 33 35
3 33 36
0 34 36
1 3 20
1 3 19
0 3 18
0 38 5
5 22 44
1 22 45
0 22 46
2 38 31
2 39 31
2 40 31
0 41 31
-1
0 18 31
2 42 31
2 43 31
2 44 31
2 45 31
0 46 31
6 3 17
2 4 17
2 5 17
2 6 17
2 7 17
0 8 17
0 37 30
0 29 34
2 36 20
2 37 20
2 38 20
0 39 20
0 27 38
0 47 3
2 34 11
0 33 11
1 7 39
0 7 40
0 24 43
6 8 16
2 9 16
2 10 16
2 11 16
2 12 16
2 13 16
2 14 16
2 15 16
2 16 16
2 17 16
2 18 16
0 19 16
0 30 23
1 19 15
1 19 14
1 19 13
1 19 12
1 19 11
1 19 10
1 19 9
0 19 8
0 19 7
0 21 43
2 20 16
2 21 16
2 22 16
0 23 16
3 23 17
2 24 17
2 25 17
0 26 17
0 7 27
1 7 28
0 7 29
0 40 20
1 23 15
1 23 14
1 23 13
0 23 12
2 37 5
2 36 5
0 35 5
1 35 4
1 35 3
0 35 2
0 17 37
0 33 23
1 46 30
1 46 29
1 46 28
0 46 27
1 33 24
0 33 25
2 24 12
0 25 12
1 10 39
1 10 40
0 10 41
1 39 43
1 39 42
1 39 41
1 39 40
5 39 39
0 38 39
1 40 19
6 40 18
2 41 18
2 42 18
2 43 18
0 44 18
0 17 28
2 16 37
2 15 37
0 14 37
1 7 41
1 7 42
1 7 43
1 7 44
0 7 45
1 46 32
1 46 33
1 46 34
1 46 35
1 46 36
3 46 37
2 47 37
0 48 37
4 42 12
0 41 12
1 14 38
1 14 39
0 14 40
3 30 45
2 31 45
0 32 45
6 18 8
1 18 9
1 18 10
1 18 11
4 18 12
2 17 12
2 16 12
2 15 12
2 14 12
2 13 12
0 12 12
2 11 12
2 10 12
2 9 12
2 8 12
2 7 12
0 6 12
1 6 11
1 6 10
1 6 9
1 6 8
0 6 7
1 46 26
1 46 25
6 46 24
2 47 24
2 48 24
0 49 24
1 44 17
6 44 16
2 45 16
0 46 16
4 40 44
1 40 43
1 40 42
6 40 41
2 41 41
2 42 41
0 43 41
2 6 40
2 5 40
2 4 40
0 3 40
1 41 32
1 41 33
1 41 34
4 41 35
0 40 35
1 43 42
1 43 43
3 43 44
5 44 44
1 44 45
1 44 46
1 44 47
1 44 48
3 44 49
0 45 49
1 25 11
1 25 10
1 25 9
1 25 8
1 25 7
1 25 6
1 25 5
1 25 4
0 25 3
0 5 34
1 12 29
1 12 30
3 12 31
0 13 31
1 16 26
1 16 25
1 16 24
1 16 23
1 16 22
0 16 21
5 17 21
1 17 22
3 17 23
0 18 23
-1
-1
-1
-1
-1
-1
-1
-1
-1
-1
-1
-1
-1
-1
-1
-1
-1
-1
-1
-1
-1
-1
-1
-1
-1
-1
-1
-1
-1
-1
-1
-1
-1
-1
-1
-1
-1
-1
-1
-1
-1
-1
-1
-1
-1
-1
-1
-1
-1
-1
-1
-1
-1
-1
-1
-1
-1
-1
-1
-1
-1
-1
-1
-1
-1
-1
-1
-1
-1
-1
-1
-1
-1
-1
-1
-1
-1
-1
-1
-1
-1
-1
-1
-1
-1
-1
-1
-1
-1
-1
-1
-1
-1
-1
-1
-1
-1
-1
-1
-1
-1
-1
-1
-1
-1
-1
-1
-1
-1
-1
-1
-1
-1
-1
-1
-1
-1
-1
-1
-1
-1
-1
-1
-1
-1
-1
-1
-1
-1
-1
-1
-1
-1
-1
-1
-1
-1
-1
-1
-1
-1
-1
-1
-1
-1
-1
-1
-1
-1
-1
-1
-1
-1
-1
-1
-1
-1
-1
-1
-1
-1
-1
-1
-1
-1
-1
-1
-1
-1
-1
-1
-1
-1
-1
-1
-1
-1
-1
-1
-1
-1
-1
-1
-1
-1
-1
-1
-1
-1
-1
-1
-1
-1
-1
-1
-1
-1
-1
-1
-1
-1
-1
-1
-1
-1
-1
-1
-1
-1
-1
-1
-1
-1
-1
-1
-1
-1
-1
-1
-1
-1
-1
-1
-1
-1
-1
-1
-1
-1
-1
-1
-1
-1
-1
-1
-1
-1
-1
-1
-1
-1
-1
-1
-1
-1
-1
-1
-1
-1
-1
-1
-1
-1
-1
-1
-1
-1
-1
-1
-1
-1
-1
-1
-1
-1
-1
-1
-1
-1
-1
-1
-1
-1
-1
-1
-1
-1
-1
-1
-1
-1
