0 10 25
2 11 25
2 12 25
2 13 25
5 14 25
1 14 26
1 14 27
1 14 28
3 14 29
2 15 29
2 16 29
2 17 29
2 18 29
5 19 29
1 19 30
1 19 31
1 19 32
1 19 33
1 19 34
3 19 35
0 20 35
2 21 35
2 22 35
5 23 35
1 23 36
1 23 37
3 23 38
2 24 38
-1
-1
-1
-1
-1
-1
-1
-1
-1
-1
-1
-1
-1
-1
-1
-1
-1
-1
-1
-1
-1
-1
-1
-1
-1
-1
-1
-1
-1
-1
-1
-1
-1
-1
-1
-1
-1
-1
-1
-1
-1
-1
-1
-1
-1
-1
-1
-1
-1
-1
-1
-1
0 25 38
1 25 37
1 25 36
1 25 35
6 25 34
4 26 34
1 26 33
6 26 32
2 27 32
2 28 32
4 29 32
1 29 31
1 29 30
6 29 29
2 30 29
2 31 29
2 32 29
2 33 29
2 34 29
2 35 29
2 36 29
4 37 29
6 37 28
2 38 28
2 39 28
4 40 28
1 40 27
1 40 26
1 40 25
1 40 24
1 40 23
1 40 22
1 40 21
6 40 20
2 41 20
2 42 20
2 43 20
2 44 20
2 45 20
-1
-1
-1
-1
0 46 20
1 10 24
6 10 23
4 11 23
1 11 22
6 11 21
4 12 21
1 12 20
1 12 19
1 12 18
1 12 17
1 12 16
1 12 15
1 12 14
1 12 13
1 12 12
1 12 11
1 12 10
6 12 9
2 13 9
0 14 9
1 46 19
1 46 18
5 46 17
2 45 17
2 44 17
2 43 17
2 42 17
2 41 17
3 40 17
0 40 16
4 20 36
2 19 36
2 18 36
2 17 36
6 16 36
-1
0 16 37
2 9 25
2 8 25
6 7 25
1 7 26
1 7 27
-1
0 7 28
5 14 8
2 13 8
2 12 8
2 11 8
0 10 8
4 25 39
2 24 39
6 23 39
1 23 40
1 23 41
0 23 42
1 10 7
6 10 6
4 11 6
1 11 5
6 11 4
0 12 4
1 16 38
1 16 39
0 16 40
0 40 21
2 15 37
2 14 37
2 13 37
2 12 37
2 11 37
0 10 37
0 37 29
0 26 34
2 9 8
2 8 8
6 7 8
4 7 9
0 6 9
0 23 43
0 23 36
1 6 8
1 6 7
0 6 6
2 17 40
2 18 40
0 19 40
0 19 32
0 46 17
2 5 9
2 4 9
2 3 9
2 2 9
0 1 9
0 19 29
0 14 8
0 7 25
1 12 3
5 12 2
2 11 2
0 10 2
0 29 32
0 12 21
0 42 17
0 12 13
2 5 6
3 4 6
1 4 5
1 4 4
0 4 3
1 23 44
0 23 45
5 26 38
1 26 39
0 26 40
0 31 29
0 16 36
0 27 40
1 19 41
0 19 42
0 12 10
2 39 21
0 38 21
0 22 45
0 40 23
0 40 17
0 23 39
1 22 46
0 22 47
2 3 3
0 2 3
2 39 17
2 38 17
0 37 17
2 15 9
2 16 9
0 17 9
2 15 40
0 14 40
0 17 29
0 11 6
0 6 10
2 6 28
2 5 28
0 4 28
0 4 29
0 14 25
0 12 17
0 43 20
2 13 4
2 14 4
0 15 4
1 19 39
0 19 38
2 28 40
2 29 40
2 30 40
2 31 40
2 32 40
0 33 40
1 46 16
0 46 15
1 1 10
1 1 11
0 1 12
5 20 29
3 20 30
2 21 30
0 22 30
1 6 11
1 6 12
1 6 13
1 6 14
0 6 15
1 7 24
1 7 23
0 7 22
2 36 17
2 35 17
0 34 17
1 1 13
1 1 14
1 1 15
0 1 16
2 16 4
2 17 4
0 18 4
2 34 40
5 35 40
3 35 41
0 36 41
0 4 6
1 10 36
0 10 35
6 4 2
2 5 2
0 6 2
2 37 41
0 38 41
1 34 18
1 34 19
4 34 20
0 33 20
1 33 41
4 33 42
0 32 42
2 21 47
2 20 47
0 19 47
1 32 43
1 32 44
0 32 45
2 18 9
2 19 9
2 20 9
0 21 9
2 11 35
0 12 35
2 31 42
0 30 42
1 18 5
0 18 6
1 32 46
0 32 47
0 12 15
5 34 16
2 33 16
0 32 16
2 13 13
2 14 13
0 15 13
0 40 28
0 26 32
1 33 21
1 33 22
0 33 23
2 6 22
2 5 22
0 4 22
0 22 9
0 34 23
2 18 47
0 17 47
0 33 47
1 37 30
0 37 31
4 17 30
2 16 30
0 15 30
1 4 23
0 4 24
6 6 5
0 7 5
1 42 16
1 42 15
0 42 14
1 19 28
1 19 27
0 19 26
0 13 40
1 4 30
0 4 31
0 6 1
0 46 14
0 18 32
2 16 47
2 15 47
2 14 47
0 13 47
0 20 26
0 11 23
0 3 22
0 12 47
5 12 46
2 11 46
0 10 46
0 9 46
2 31 16
2 30 16
0 29 16
1 31 28
1 31 27
5 31 26
2 30 26
0 29 26
1 12 34
1 12 33
0 12 32
2 28 26
0 27 26
0 27 25
1 29 33
3 29 34
0 30 34
2 31 47
2 30 47
0 29 47
0 30 35
1 37 16
0 37 15
2 28 16
0 27 16
0 17 10
1 38 40
1 38 39
0 38 38
1 27 27
0 27 28
2 31 35
2 32 35
0 33 35
0 46 21
1 14 41
0 14 42
0 47 21
2 28 47
0 27 47
2 9 37
2 8 37
0 7 37
2 39 38
2 40 38
2 41 38
0 42 38
0 2 4
0 27 24
2 47 17
0 48 17
0 32 20
2 34 47
2 35 47
2 36 47
0 37 47
1 12 31
1 12 30
5 12 29
0 11 29
2 38 47
2 39 47
0 40 47
0 41 47
0 38 28
1 1 17
0 1 18
1 27 23
1 27 22
0 27 21
1 47 22
1 47 23
1 47 24
0 47 25
1 37 14
0 37 13
0 12 36
1 42 13
1 42 12
0 42 11
6 25 32
4 25 33
0 24 33
2 2 12
0 3 12
0 47 14
2 41 11
0 40 11
5 7 15
0 7 16
2 19 4
4 20 4
1 20 3
0 20 2
0 30 36
3 17 11
2 18 11
0 19 11
0 10 9
1 19 12
1 19 13
1 19 14
0 19 15
1 15 3
1 15 2
0 15 1
0 24 43
0 0 18
1 29 15
1 29 14
1 29 13
0 29 12
1 20 25
1 20 24
0 20 23
1 17 46
1 17 45
0 17 44
0 10 26
1 42 39
3 42 40
2 43 40
2 44 40
2 45 40
0 46 40
3 30 37
0 31 37
0 19 6
0 33 16
0 29 46
1 46 39
1 46 38
1 46 37
1 46 36
0 46 35
0 20 22
1 46 34
6 46 33
0 47 33
2 11 13
2 10 13
2 9 13
0 8 13
3 20 27
2 21 27
0 22 27
3 36 31
5 36 30
0 35 30
1 4 32
1 4 33
1 4 34
4 4 35
0 3 35
1 34 24
1 34 25
0 34 26
1 40 10
1 40 9
1 40 8
1 40 7
1 40 6
0 40 5
1 47 32
5 47 31
2 46 31
2 45 31
0 44 31
3 38 42
2 39 42
2 40 42
0 41 42
3 19 16
5 20 16
0 20 17
0 2 35
2 3 28
2 2 28
0 1 28
2 42 47
2 43 47
2 44 47
0 45 47
0 35 40
0 3 36
5 40 4
2 39 4
2 38 4
2 37 4
2 36 4
2 35 4
0 34 4
6 45 46
2 46 46
2 47 46
0 48 46
6 29 11
0 30 11
1 30 10
1 30 9
1 30 8
5 30 7
0 29 7
1 3 37
1 3 38
1 3 39
1 3 40
0 3 41
3 19 22
1 19 21
5 19 20
2 18 20
0 17 20
2 46 25
0 45 25
1 3 42
4 3 43
0 2 43
-1
-1
-1
-1
-1
-1
-1
-1
-1
-1
-1
-1
-1
-1
-1
-1
-1
-1
-1
-1
-1
-1
-1
-1
-1
-1
-1
-1
-1
-1
-1
-1
-1
-1
-1
-1
-1
-1
-1
-1
-1
-1
-1
-1
-1
-1
-1
-1
-1
-1
-1
-1
-1
-1
-1
-1
-1
-1
-1
-1
-1
-1
-1
-1
-1
-1
-1
-1
-1
-1
-1
-1
-1
-1
-1
-1
-1
-1
-1
-1
-1
-1
-1
-1
-1
-1
-1
-1
-1
-1
-1
-1
-1
-1
-1
-1
-1
-1
-1
-1
-1
-1
-1
-1
-1
-1
-1
-1
-1
-1
-1
-1
-1
-1
-1
-1
-1
-1
-1
-1
-1
-1
-1
-1
-1
-1
-1
-1
-1
-1
-1
-1
-1
-1
-1
-1
-1
-1
-1
-1
-1
-1
-1
-1
-1
-1
-1
-1
-1
-1
-1
-1
-1
-1
-1
-1
-1
-1
-1
-1
-1
-1
-1
-1
-1
-1
-1
-1
-1
-1
-1
-1
-1
-1
-1
-1
-1
-1
-1
-1
-1
-1
