0 24 40
1 24 39
1 24 38
1 24 37
1 24 36
1 24 35
1 24 34
5 24 33
2 23 33
3 22 33
1 22 32
1 22 31
1 22 30
1 22 29
1 22 28
1 22 27
1 22 26
1 22 25
1 22 24
1 22 23
1 22 22
1 22 21
1 22 20
1 22 19
1 22 18
1 22 17
1 22 16
1 22 15
1 22 14
1 22 13
1 22 12
1 22 11
1 22 10
1 22 9
1 22 8
1 22 7
1 22 6
5 22 5
3 21 5
5 21 4
2 20 4
2 19 4
2 18 4
0 17 4
4 25 40
6 25 39
2 26 39
2 27 39
2 28 39
2 29 39
2 30 39
2 31 39
2 32 39
2 33 39
2 34 39
2 35 39
2 36 39
2 37 39
2 38 39
2 39 39
2 40 39
-1
-1
-1
-1
-1
-1
-1
-1
-1
-1
-1
-1
-1
-1
-1
-1
-1
-1
-1
-1
-1
-1
-1
-1
-1
-1
-1
-1
-1
-1
-1
-1
-1
-1
-1
-1
-1
-1
0 41 39
-1
-1
-1
-1
-1
-1
-1
-1
-1
-1
-1
-1
-1
-1
-1
-1
-1
-1
-1
-1
-1
-1
-1
-1
-1
-1
-1
-1
-1
-1
-1
-1
0 22 20
3 21 20
1 21 19
5 21 18
2 20 18
2 19 18
2 18 18
2 17 18
-1
-1
-1
-1
-1
-1
-1
-1
-1
-1
-1
-1
-1
-1
-1
-1
-1
-1
-1
-1
-1
-1
0 16 18
1 24 41
1 24 42
1 24 43
1 24 44
1 24 45
1 24 46
3 24 47
2 25 47
-1
-1
-1
-1
-1
-1
-1
-1
-1
-1
-1
-1
-1
-1
-1
-1
0 26 47
2 23 40
2 22 40
2 21 40
2 20 40
2 19 40
2 18 40
3 17 40
1 17 39
5 17 38
3 16 38
5 16 37
2 15 37
2 14 37
2 13 37
2 12 37
2 11 37
2 10 37
2 9 37
2 8 37
2 7 37
2 6 37
-1
-1
-1
-1
0 5 37
1 41 38
1 41 37
6 41 36
4 42 36
1 42 35
1 42 34
1 42 33
1 42 32
1 42 31
1 42 30
1 42 29
1 42 28
1 42 27
1 42 26
6 42 25
2 43 25
2 44 25
-1
-1
-1
-1
0 45 25
1 5 36
1 5 35
1 5 34
5 5 33
2 4 33
3 3 33
1 3 32
1 3 31
1 3 30
5 3 29
3 2 29
1 2 28
1 2 27
1 2 26
1 2 25
1 2 24
0 2 23
1 41 40
1 41 41
1 41 42
1 41 43
3 41 44
2 42 44
2 43 44
5 44 44
1 44 45
-1
-1
-1
-1
-1
-1
0 44 46
5 23 20
3 23 21
2 24 21
2 25 21
5 26 21
1 26 22
1 26 23
3 26 24
2 27 24
-1
-1
-1
0 28 24
1 28 25
1 28 26
1 28 27
1 28 28
1 28 29
3 28 30
2 29 30
2 30 30
2 31 30
2 32 30
-1
0 33 30
1 2 22
1 2 21
1 2 20
1 2 19
5 2 18
-1
-1
-1
-1
0 1 18
6 28 23
2 29 23
2 30 23
2 31 23
4 32 23
1 32 22
1 32 21
1 32 20
6 32 19
2 33 19
0 34 19
-1
-1
-1
-1
-1
-1
-1
0 17 3
1 34 18
1 34 17
6 34 16
2 35 16
2 36 16
2 37 16
2 38 16
2 39 16
0 40 16
1 40 15
1 40 14
1 40 13
1 40 12
1 40 11
1 40 10
1 40 9
0 40 8
2 3 23
2 4 23
2 5 23
2 6 23
2 7 23
2 8 23
2 9 23
2 10 23
0 11 23
-1
-1
-1
-1
-1
0 20 40
-1
-1
-1
-1
-1
0 21 5
-1
-1
-1
-1
-1
0 17 40
6 39 8
1 39 9
4 39 10
2 38 10
2 37 10
2 36 10
2 35 10
0 34 10
-1
-1
-1
-1
0 22 33
2 43 46
2 42 46
2 41 46
2 40 46
3 39 46
1 39 45
1 39 44
1 39 43
1 39 42
5 39 41
2 38 41
2 37 41
0 36 41
1 16 17
1 16 16
1 16 15
1 16 14
0 16 13
0 42 32
4 11 24
-1
0 10 24
1 10 25
1 10 26
4 10 27
2 9 27
0 8 27
3 21 33
1 21 32
1 21 31
1 21 30
1 21 29
1 21 28
1 21 27
5 21 26
0 20 26
0 39 46
1 40 7
1 40 6
1 40 5
1 40 4
5 40 3
2 39 3
0 38 3
-1
0 3 31
1 1 17
1 1 16
1 1 15
1 1 14
1 1 13
6 1 12
2 2 12
0 3 12
0 44 44
4 33 31
2 32 31
-1
0 31 31
-1
-1
0 32 23
1 3 11
6 3 10
-1
0 4 10
-1
-1
-1
0 2 29
-1
-1
0 3 33
-1
-1
-1
0 36 10
-1
-1
0 42 36
-1
-1
0 34 17
1 5 38
1 5 39
1 5 40
1 5 41
3 5 42
2 6 42
0 7 42
0 26 21
-1
0 22 27
1 26 20
1 26 19
1 26 18
1 26 17
1 26 16
0 26 15
0 24 43
1 40 17
1 40 18
1 40 19
4 40 20
0 39 20
0 11 22
2 41 8
-1
0 42 8
1 17 5
1 17 6
1 17 7
0 17 8
1 7 43
1 7 44
1 7 45
1 7 46
0 7 47
6 15 13
4 15 14
2 14 14
2 13 14
0 12 14
-1
-1
-1
-1
-1
-1
-1
-1
-1
-1
-1
-1
-1
-1
-1
-1
-1
-1
-1
-1
-1
-1
-1
-1
-1
-1
-1
-1
-1
-1
-1
-1
-1
-1
-1
-1
-1
-1
-1
-1
-1
-1
-1
-1
-1
-1
-1
-1
-1
-1
-1
-1
-1
-1
-1
-1
-1
-1
-1
-1
-1
-1
-1
-1
-1
-1
-1
-1
-1
-1
-1
-1
-1
-1
-1
-1
-1
-1
-1
-1
-1
-1
-1
-1
-1
-1
-1
-1
-1
-1
-1
-1
-1
-1
-1
-1
-1
-1
-1
-1
-1
-1
-1
-1
-1
-1
-1
-1
-1
-1
-1
-1
-1
-1
-1
-1
-1
-1
-1
-1
-1
-1
-1
-1
-1
-1
-1
-1
-1
-1
-1
-1
-1
-1
-1
-1
-1
-1
-1
-1
-1
-1
-1
-1
-1
-1
-1
-1
-1
-1
-1
-1
-1
-1
-1
-1
-1
-1
-1
-1
-1
-1
-1
-1
-1
-1
-1
-1
-1
-1
-1
-1
-1
-1
-1
-1
-1
-1
-1
-1
-1
-1
-1
-1
-1
-1
-1
-1
-1
-1
-1
-1
-1
-1
-1
-1
-1
-1
-1
-1
-1
-1
-1
-1
-1
-1
-1
-1
-1
-1
-1
-1
-1
-1
-1
-1
-1
-1
-1
-1
-1
-1
-1
-1
-1
-1
-1
-1
-1
-1
-1
-1
-1
-1
-1
-1
-1
-1
-1
-1
-1
-1
-1
-1
-1
-1
-1
-1
-1
-1
-1
-1
-1
-1
-1
-1
-1
-1
-1
-1
-1
-1
-1
-1
-1
-1
-1
-1
-1
-1
-1
-1
-1
-1
-1
-1
-1
-1
-1
-1
-1
-1
-1
-1
-1
-1
-1
-1
-1
-1
-1
-1
-1
-1
-1
-1
-1
