0 18 11
1 18 12
1 18 13
1 18 14
1 18 15
1 18 16
1 18 17
1 18 18
1 18 19
1 18 20
1 18 21
1 18 22
1 18 23
1 18 24
1 18 25
1 18 26
1 18 27
1 18 28
1 18 29
1 18 30
1 18 31
1 18 32
1 18 33
1 18 34
1 18 35
1 18 36
1 18 37
4 18 38
6 17 38
1 17 39
4 17 40
6 16 40
4 16 41
2 15 41
2 14 41
2 13 41
0 12 41
2 19 11
2 20 11
2 21 11
-1
-1
2 22 11
-1
-1
2 23 11
-1
-1
2 24 11
-1
2 25 11
-1
-1
2 26 11
-1
-1
2 27 11
-1
-1
2 28 11
-1
-1
2 29 11
-1
2 30 11
-1
-1
2 31 11
-1
-1
2 32 11
-1
-1
2 33 11
-1
-1
-1
-1
-1
-1
-1
-1
-1
-1
-1
-1
-1
-1
-1
-1
-1
-1
-1
-1
-1
-1
-1
-1
-1
-1
-1
-1
-1
-1
-1
-1
-1
-1
-1
-1
-1
-1
-1
-1
-1
-1
-1
-1
-1
-1
-1
-1
-1
-1
-1
-1
-1
-1
-1
-1
-1
-1
-1
-1
-1
-1
-1
-1
-1
-1
-1
-1
-1
-1
-1
-1
-1
-1
-1
-1
-1
-1
-1
-1
-1
-1
-1
-1
-1
-1
-1
-1
-1
-1
-1
-1
-1
-1
-1
-1
-1
-1
-1
-1
-1
-1
-1
-1
-1
-1
-1
-1
-1
-1
-1
-1
-1
-1
-1
-1
-1
-1
-1
-1
-1
-1
-1
-1
-1
-1
-1
-1
-1
-1
-1
-1
-1
-1
-1
-1
-1
-1
0 34 11
5 34 10
2 33 10
3 32 10
-1
1 32 9
1 32 8
1 32 7
1 32 6
1 32 5
1 32 4
-1
-1
-1
-1
-1
-1
-1
-1
-1
-1
-1
-1
-1
-1
-1
-1
-1
-1
-1
-1
-1
-1
-1
-1
-1
-1
-1
-1
-1
-1
-1
-1
-1
-1
-1
-1
-1
-1
-1
-1
-1
-1
-1
-1
-1
-1
-1
-1
-1
-1
-1
-1
-1
-1
-1
0 32 3
1 12 42
1 12 43
1 12 44
1 12 45
3 12 46
2 13 46
2 14 46
2 15 46
2 16 46
2 17 46
2 18 46
2 19 46
2 20 46
2 21 46
2 22 46
2 23 46
2 24 46
2 25 46
2 26 46
2 27 46
2 28 46
2 29 46
2 30 46
2 31 46
2 32 46
-1
-1
-1
-1
-1
-1
-1
-1
-1
-1
-1
-1
-1
-1
-1
-1
-1
-1
-1
-1
-1
-1
-1
-1
-1
0 33 46
1 33 45
1 33 44
1 33 43
6 33 42
2 34 42
4 35 42
-1
-1
-1
-1
-1
-1
-1
-1
-1
-1
-1
-1
-1
-1
-1
-1
-1
-1
-1
-1
-1
-1
0 35 41
-1
-1
-1
-1
-1
-1
-1
-1
-1
-1
-1
-1
-1
-1
-1
-1
-1
-1
-1
-1
0 13 46
2 35 11
2 36 11
2 37 11
2 38 11
2 39 11
2 40 11
2 41 11
2 42 11
2 43 11
-1
-1
-1
-1
-1
-1
-1
-1
-1
-1
-1
-1
-1
-1
-1
0 44 11
1 18 10
6 18 9
2 19 9
2 20 9
2 21 9
2 22 9
-1
-1
-1
-1
-1
-1
-1
-1
-1
-1
-1
0 23 9
4 13 47
2 12 47
2 11 47
2 10 47
2 9 47
2 8 47
2 7 47
2 6 47
2 5 47
2 4 47
-1
-1
-1
-1
-1
-1
0 3 47
5 12 40
2 11 40
2 10 40
2 9 40
-1
-1
-1
-1
-1
-1
-1
-1
0 8 40
1 8 39
1 8 38
1 8 37
1 8 36
1 8 35
1 8 34
1 8 33
1 8 32
1 8 31
1 8 30
1 8 29
1 8 28
-1
0 8 27
1 35 40
1 35 39
1 35 38
1 35 37
-1
-1
-1
-1
-1
0 35 36
1 35 35
1 35 34
1 35 33
1 35 32
1 35 31
6 35 30
2 36 30
2 37 30
2 38 30
-1
0 39 30
3 17 11
1 17 10
1 17 9
1 17 8
1 17 7
1 17 6
5 17 5
2 16 5
2 15 5
2 14 5
2 13 5
2 12 5
2 11 5
2 10 5
0 9 5
-1
-1
-1
0 17 38
1 23 8
6 23 7
2 24 7
2 25 7
2 26 7
-1
-1
-1
0 27 7
6 7 27
4 7 28
2 6 28
2 5 28
-1
-1
0 4 28
1 34 12
1 34 13
1 34 14
1 34 15
3 34 16
2 35 16
2 36 16
0 37 16
2 34 36
2 33 36
2 32 36
2 31 36
2 30 36
2 29 36
0 28 36
1 9 4
5 9 3
2 8 3
2 7 3
2 6 3
2 5 3
0 4 3
6 13 45
2 14 45
2 15 45
2 16 45
-1
0 17 45
-1
-1
-1
-1
-1
0 17 6
2 18 6
-1
-1
-1
-1
0 19 6
1 8 26
1 8 25
1 8 24
1 8 23
1 8 22
0 8 21
-1
-1
-1
-1
-1
-1
-1
-1
-1
-1
-1
-1
-1
-1
-1
-1
-1
-1
-1
-1
-1
-1
-1
-1
-1
-1
-1
-1
-1
-1
-1
-1
-1
-1
-1
-1
-1
-1
-1
-1
-1
-1
-1
-1
-1
-1
-1
-1
-1
-1
-1
-1
-1
-1
-1
-1
-1
-1
-1
-1
-1
-1
-1
-1
-1
-1
-1
-1
-1
-1
-1
-1
-1
-1
-1
-1
-1
-1
-1
-1
-1
-1
-1
-1
-1
-1
-1
-1
-1
-1
-1
-1
-1
-1
-1
-1
-1
-1
-1
-1
-1
-1
-1
-1
-1
-1
-1
-1
-1
-1
-1
-1
-1
-1
-1
-1
-1
-1
-1
-1
-1
-1
-1
-1
-1
-1
-1
-1
-1
-1
-1
-1
-1
-1
-1
-1
-1
-1
-1
-1
-1
-1
-1
-1
-1
-1
-1
-1
-1
-1
-1
-1
-1
-1
-1
-1
-1
-1
-1
-1
-1
-1
-1
-1
-1
-1
-1
-1
-1
-1
-1
-1
-1
-1
-1
-1
-1
-1
-1
-1
-1
-1
-1
-1
-1
-1
-1
-1
-1
-1
-1
-1
-1
-1
-1
-1
-1
-1
-1
-1
-1
-1
-1
-1
-1
-1
-1
-1
-1
-1
-1
-1
-1
-1
-1
-1
-1
-1
-1
-1
-1
-1
-1
-1
-1
-1
-1
-1
-1
-1
-1
