0 18 34
1 18 35
1 18 36
1 18 37
3 18 38
2 19 38
2 20 38
2 21 38
2 22 38
2 23 38
2 24 38
2 25 38
2 26 38
2 27 38
2 28 38
2 29 38
2 30 38
2 31 38
2 32 38
2 33 38
2 34 38
2 35 38
2 36 38
2 37 38
2 38 38
2 39 38
5 40 38
3 40 39
0 41 39
1 18 33
1 18 32
1 18 31
1 18 30
1 18 29
5 18 28
2 17 28
2 16 28
2 15 28
3 14 28
1 14 27
1 14 26
1 14 25
5 14 24
2 13 24
2 12 24
2 11 24
2 10 24
3 9 24
1 9 23
1 9 22
1 9 21
1 9 20
1 9 19
5 9 18
2 8 18
2 7 18
2 6 18
2 5 18
2 4 18
2 3 18
-1
-1
-1
-1
-1
-1
-1
-1
-1
-1
-1
-1
-1
-1
-1
-1
-1
-1
-1
-1
-1
-1
-1
-1
-1
-1
-1
-1
-1
-1
-1
-1
-1
-1
-1
-1
-1
-1
-1
-1
-1
-1
-1
-1
-1
-1
-1
-1
-1
-1
-1
-1
-1
-1
-1
-1
-1
-1
-1
-1
-1
-1
-1
-1
-1
-1
-1
-1
-1
-1
-1
-1
0 2 18
6 41 38
2 42 38
4 43 38
1 43 37
1 43 36
1 43 35
1 43 34
6 43 33
2 44 33
-1
-1
-1
-1
-1
-1
-1
-1
-1
-1
-1
-1
-1
-1
-1
-1
-1
-1
-1
-1
-1
-1
-1
-1
-1
-1
-1
-1
-1
-1
-1
-1
-1
-1
-1
-1
-1
-1
-1
0 45 33
1 2 17
1 2 16
1 2 15
1 2 14
1 2 13
1 2 12
1 2 11
1 2 10
1 2 9
1 2 8
-1
-1
-1
-1
-1
-1
-1
-1
-1
-1
-1
-1
-1
-1
-1
-1
-1
-1
0 2 7
1 2 6
6 2 5
2 3 5
2 4 5
2 5 5
2 6 5
2 7 5
2 8 5
2 9 5
2 10 5
2 11 5
2 12 5
2 13 5
2 14 5
2 15 5
2 16 5
2 17 5
2 18 5
2 19 5
2 20 5
2 21 5
2 22 5
2 23 5
2 24 5
2 25 5
2 26 5
2 27 5
2 28 5
2 29 5
2 30 5
0 31 5
1 2 19
1 2 20
1 2 21
1 2 22
4 2 23
6 1 23
1 1 24
1 1 25
1 1 26
1 1 27
1 1 28
1 1 29
1 1 30
1 1 31
-1
-1
-1
0 1 32
2 32 5
2 33 5
2 34 5
2 35 5
2 36 5
2 37 5
2 38 5
2 39 5
2 40 5
2 41 5
2 42 5
2 43 5
2 44 5
2 45 5
2 46 5
-1
-1
0 47 5
-1
-1
-1
-1
-1
-1
-1
-1
-1
-1
0 9 18
1 47 4
5 47 3
2 46 3
2 45 3
2 44 3
2 43 3
-1
-1
-1
-1
0 42 3
-1
-1
-1
-1
-1
-1
-1
-1
0 1 27
1 31 6
1 31 7
1 31 8
3 31 9
2 32 9
2 33 9
-1
-1
0 34 9
3 1 7
1 1 6
1 1 5
6 1 4
2 2 4
2 3 4
2 4 4
2 5 4
0 6 4
-1
-1
-1
-1
-1
0 26 38
-1
-1
-1
-1
-1
0 1 4
1 1 33
1 1 34
1 1 35
3 1 36
2 2 36
2 3 36
0 4 36
-1
-1
-1
-1
0 31 9
4 2 27
1 2 26
6 2 25
4 3 25
1 3 24
6 3 23
2 4 23
0 5 23
-1
-1
0 31 38
1 31 37
1 31 36
1 31 35
1 31 34
1 31 33
0 31 32
1 31 31
1 31 30
1 31 29
6 31 28
4 32 28
1 32 27
0 32 26
-1
0 39 38
1 9 17
5 9 16
2 8 16
2 7 16
2 6 16
0 5 16
1 31 4
-1
0 31 3
4 10 18
6 10 17
2 11 17
2 12 17
2 13 17
2 14 17
0 15 17
0 18 29
6 42 2
2 43 2
2 44 2
0 45 2
2 35 9
2 36 9
2 37 9
2 38 9
2 39 9
0 40 9
0 19 29
1 34 10
1 34 11
1 34 12
1 34 13
1 34 14
1 34 15
1 34 16
1 34 17
0 34 18
0 22 38
0 1 23
1 45 32
1 45 31
0 45 30
1 39 39
1 39 40
4 39 41
2 38 41
0 37 41
0 2 12
1 34 19
1 34 20
3 34 21
2 35 21
2 36 21
0 37 21
0 35 38
6 17 34
1 17 35
4 17 36
0 16 36
0 14 28
5 3 7
1 3 8
3 3 9
2 4 9
0 5 9
0 3 25
1 37 22
0 37 23
1 19 28
1 19 27
1 19 26
1 19 25
1 19 24
0 19 23
0 9 24
0 12 5
6 19 22
0 20 22
1 16 37
1 16 38
1 16 39
1 16 40
1 16 41
4 16 42
0 15 42
0 32 28
0 42 38
1 40 10
1 40 11
1 40 12
1 40 13
1 40 14
0 40 15
0 41 15
1 15 43
1 15 44
3 15 45
2 16 45
2 17 45
0 18 45
1 32 25
5 32 24
0 31 24
1 47 6
4 47 7
2 46 7
0 45 7
6 33 18
4 33 19
2 32 19
2 31 19
0 30 19
3 37 24
2 38 24
2 39 24
2 40 24
2 41 24
0 42 24
3 41 16
2 42 16
2 43 16
2 44 16
2 45 16
2 46 16
0 47 16
4 19 34
0 19 33
1 4 37
1 4 38
1 4 39
1 4 40
1 4 41
1 4 42
4 4 43
0 3 43
1 26 39
1 26 40
1 26 41
1 26 42
1 26 43
3 26 44
2 27 44
0 28 44
1 15 16
1 15 15
1 15 14
1 15 13
1 15 12
6 15 11
2 16 11
0 17 11
-1
-1
-1
-1
-1
-1
-1
-1
-1
-1
-1
-1
-1
-1
-1
-1
-1
-1
-1
-1
-1
-1
-1
-1
-1
-1
-1
-1
-1
-1
-1
-1
-1
-1
-1
-1
-1
-1
-1
-1
-1
-1
-1
-1
-1
-1
-1
-1
-1
-1
-1
-1
-1
-1
-1
-1
-1
-1
-1
-1
-1
-1
-1
-1
-1
-1
-1
-1
-1
-1
-1
-1
-1
-1
-1
-1
-1
-1
-1
-1
-1
-1
-1
-1
-1
-1
-1
-1
-1
-1
-1
-1
-1
-1
-1
-1
-1
-1
-1
-1
-1
-1
-1
-1
-1
-1
-1
-1
-1
-1
-1
-1
-1
-1
-1
-1
-1
-1
-1
-1
-1
-1
-1
-1
-1
-1
-1
-1
-1
-1
-1
-1
-1
-1
-1
-1
-1
-1
-1
-1
-1
-1
-1
-1
-1
-1
-1
-1
-1
-1
-1
-1
-1
-1
-1
-1
-1
-1
-1
-1
-1
-1
-1
-1
-1
-1
-1
-1
-1
-1
-1
-1
-1
-1
-1
-1
-1
-1
-1
-1
-1
-1
-1
-1
-1
-1
-1
-1
-1
-1
-1
-1
-1
-1
-1
-1
-1
-1
-1
-1
-1
-1
-1
-1
-1
-1
-1
-1
-1
-1
-1
-1
-1
-1
-1
-1
-1
-1
-1
-1
-1
-1
-1
-1
-1
-1
-1
-1
-1
-1
-1
-1
-1
-1
-1
-1
-1
-1
-1
-1
-1
-1
-1
-1
-1
-1
-1
-1
-1
-1
-1
-1
-1
-1
-1
-1
-1
-1
-1
-1
-1
-1
-1
-1
-1
-1
-1
-1
-1
-1
-1
-1
