0 40 1
2 39 1
2 38 1
6 37 1
1 37 2
1 37 3
4 37 4
6 36 4
1 36 5
1 36 6
1 36 7
1 36 8
1 36 9
1 36 10
1 36 11
4 36 12
2 35 12
2 34 12
2 33 12
2 32 12
2 31 12
2 30 12
2 29 12
6 28 12
1 28 13
1 28 14
1 28 15
1 28 16
1 28 17
1 28 18
1 28 19
1 28 20
1 28 21
1 28 22
1 28 23
1 28 24
4 28 25
6 27 25
1 27 26
4 27 27
2 26 27
2 25 27
2 24 27
2 23 27
2 22 27
2 21 27
2 20 27
2 19 27
0 18 27
2 17 27
2 16 27
2 15 27
2 14 27
2 13 27
2 12 27
2 11 27
-1
-1
-1
-1
-1
-1
-1
-1
-1
-1
-1
-1
-1
-1
-1
-1
-1
-1
-1
-1
-1
-1
-1
-1
-1
-1
-1
-1
-1
-1
-1
-1
-1
-1
-1
-1
0 10 27
-1
-1
-1
-1
-1
-1
-1
-1
-1
-1
-1
-1
-1
-1
-1
-1
-1
-1
-1
-1
-1
-1
-1
0 37 1
1 10 28
1 10 29
1 10 30
1 10 31
1 10 32
1 10 33
1 10 34
1 10 35
1 10 36
1 10 37
1 10 38
1 10 39
3 10 40
-1
-1
-1
-1
-1
-1
-1
-1
-1
-1
-1
0 11 40
2 12 40
2 13 40
2 14 40
2 15 40
2 16 40
2 17 40
2 18 40
2 19 40
2 20 40
2 21 40
2 22 40
2 23 40
2 24 40
2 25 40
2 26 40
2 27 40
2 28 40
2 29 40
2 30 40
5 31 40
3 31 41
-1
0 32 41
1 18 26
1 18 25
1 18 24
1 18 23
1 18 22
1 18 21
1 18 20
1 18 19
1 18 18
1 18 17
-1
-1
-1
-1
-1
0 18 16
3 17 16
1 17 15
5 17 14
2 16 14
2 15 14
3 14 14
1 14 13
1 14 12
1 14 11
5 14 10
2 13 10
2 12 10
3 11 10
1 11 9
1 11 8
1 11 7
1 11 6
0 11 5
-1
-1
-1
-1
-1
0 28 17
-1
-1
-1
-1
-1
-1
0 18 22
5 29 17
1 29 18
3 29 19
2 30 19
2 31 19
2 32 19
2 33 19
2 34 19
2 35 19
2 36 19
2 37 19
2 38 19
2 39 19
2 40 19
2 41 19
2 42 19
0 43 19
2 10 5
2 9 5
2 8 5
2 7 5
0 6 5
1 43 20
1 43 21
1 43 22
4 43 23
2 42 23
2 41 23
6 40 23
0 40 24
1 32 40
1 32 39
1 32 38
6 32 37
2 33 37
0 34 37
0 28 21
-1
0 28 25
3 11 41
2 12 41
2 13 41
5 14 41
0 14 42
1 11 39
1 11 38
6 11 37
2 12 37
4 13 37
1 13 36
1 13 35
1 13 34
1 13 33
0 13 32
3 17 22
1 17 21
0 17 20
1 32 42
3 32 43
0 33 43
0 24 27
4 6 6
2 5 6
2 4 6
6 3 6
1 3 7
1 3 8
0 3 9
2 33 41
2 34 41
2 35 41
2 36 41
2 37 41
2 38 41
2 39 41
2 40 41
2 41 41
0 42 41
2 19 22
0 20 22
0 40 23
0 41 1
0 13 10
2 39 24
2 38 24
2 37 24
2 36 24
2 35 24
0 34 24
0 28 12
0 32 12
5 28 11
2 27 11
2 26 11
0 25 11
1 34 25
0 34 26
1 34 27
1 34 28
4 34 29
0 33 29
0 3 6
1 43 18
1 43 17
1 43 16
1 43 15
5 43 14
0 42 14
0 19 40
0 20 40
1 18 28
3 18 29
2 19 29
5 20 29
1 20 30
1 20 31
0 20 32
0 41 19
1 41 2
0 41 3
0 34 36
0 36 9
1 24 28
3 24 29
0 25 29
2 33 36
2 32 36
2 31 36
2 30 36
0 29 36
0 36 19
0 36 4
1 25 10
1 25 9
0 25 8
1 3 10
1 3 11
1 3 12
1 3 13
1 3 14
0 3 15
0 29 35
0 14 14
0 11 10
1 42 13
1 42 12
1 42 11
0 42 10
0 31 40
1 3 16
1 3 17
1 3 18
1 3 19
1 3 20
0 3 21
2 43 41
2 44 41
0 45 41
0 32 19
0 14 41
2 43 10
2 44 10
0 45 10
0 36 41
0 3 17
3 3 22
2 4 22
2 5 22
0 6 22
0 33 24
3 45 11
2 46 11
0 47 11
0 27 25
1 33 44
1 33 45
4 33 46
0 32 46
2 10 10
2 9 10
2 8 10
0 7 10
1 47 12
1 47 13
1 47 14
0 47 15
1 20 41
1 20 42
3 20 43
2 21 43
2 22 43
5 23 43
1 23 44
0 23 45
2 41 14
2 40 14
0 39 14
0 38 14
1 7 11
0 7 12
5 33 28
2 32 28
0 31 28
6 9 27
1 9 28
1 9 29
1 9 30
1 9 31
1 9 32
4 9 33
0 8 33
2 35 4
0 34 4
2 26 29
0 27 29
1 10 26
6 10 25
2 11 25
2 12 25
2 13 25
0 14 25
2 7 22
2 8 22
0 9 22
1 32 13
0 32 14
4 8 34
2 7 34
2 6 34
2 5 34
2 4 34
0 3 34
0 41 10
3 24 11
5 24 10
2 23 10
2 22 10
0 21 10
3 27 17
5 27 16
0 26 16
1 40 25
1 40 26
1 40 27
1 40 28
1 40 29
1 40 30
3 40 31
0 41 31
0 21 27
1 14 15
1 14 16
0 14 17
1 45 42
1 45 43
3 45 44
2 46 44
0 47 44
5 34 43
0 34 44
5 34 3
2 33 3
2 32 3
2 31 3
2 30 3
0 29 3
2 42 31
2 43 31
0 44 31
6 2 9
1 2 10
0 2 11
2 42 1
2 43 1
2 44 1
2 45 1
0 46 1
0 27 40
1 26 17
1 26 18
0 26 19
1 6 23
0 6 24
0 18 19
0 13 37
1 42 42
1 42 43
1 42 44
0 42 45
2 45 31
0 46 31
1 41 9
1 41 8
0 41 7
1 9 21
1 9 20
0 9 19
2 31 46
2 30 46
0 29 46
1 14 43
1 14 44
3 14 45
0 15 45
0 6 34
0 43 16
0 9 18
6 36 40
2 37 40
0 38 40
1 23 46
1 23 47
0 23 48
1 42 46
0 42 47
0 13 31
1 15 46
4 15 47
0 14 47
1 46 2
1 46 3
1 46 4
3 46 5
0 47 5
1 32 18
6 32 17
0 33 17
1 47 45
3 47 46
0 48 46
1 25 7
5 25 6
2 24 6
0 23 6
1 44 30
1 44 29
1 44 28
0 44 27
2 41 47
2 40 47
2 39 47
0 38 47
5 35 26
3 35 27
2 36 27
0 37 27
0 38 19
1 11 4
5 11 3
0 10 3
2 42 7
2 43 7
0 44 7
2 25 16
2 24 16
2 23 16
0 22 16
3 7 13
2 8 13
0 9 13
2 13 42
2 12 42
2 11 42
2 10 42
2 9 42
0 8 42
2 35 36
0 36 36
2 12 5
2 13 5
2 14 5
2 15 5
2 16 5
0 17 5
6 29 34
2 30 34
0 31 34
1 3 5
1 3 4
1 3 3
5 3 2
2 2 2
0 1 2
1 8 43
4 8 44
2 7 44
2 6 44
2 5 44
2 4 44
0 3 44
1 29 4
0 29 5
1 20 39
1 20 38
1 20 37
6 20 36
0 21 36
-1
-1
-1
-1
-1
-1
-1
-1
-1
-1
-1
-1
-1
-1
-1
-1
-1
-1
-1
-1
-1
-1
-1
-1
-1
-1
-1
-1
-1
-1
-1
-1
-1
-1
-1
-1
-1
-1
-1
-1
-1
-1
-1
-1
-1
-1
-1
-1
-1
-1
-1
-1
-1
-1
-1
-1
-1
-1
-1
-1
-1
-1
-1
-1
-1
-1
-1
-1
-1
-1
-1
-1
-1
-1
-1
-1
-1
-1
-1
-1
-1
-1
-1
-1
-1
-1
-1
-1
-1
-1
-1
-1
-1
-1
-1
-1
-1
-1
-1
-1
-1
-1
-1
-1
-1
-1
-1
-1
-1
-1
-1
-1
-1
-1
-1
-1
-1
-1
-1
-1
-1
-1
-1
-1
-1
-1
-1
-1
-1
-1
-1
-1
-1
-1
-1
-1
-1
-1
-1
-1
-1
-1
-1
-1
-1
-1
-1
-1
-1
-1
-1
-1
-1
-1
-1
-1
-1
-1
-1
-1
-1
-1
-1
-1
-1
-1
-1
-1
-1
-1
-1
-1
-1
-1
-1
-1
-1
-1
-1
-1
-1
-1
-1
-1
-1
-1
-1
-1
-1
-1
-1
