0 26 8
1 26 9
1 26 10
3 26 11
5 27 11
3 27 12
5 28 12
1 28 13
1 28 14
1 28 15
1 28 16
1 28 17
1 28 18
1 28 19
1 28 20
1 28 21
1 28 22
1 28 23
1 28 24
3 28 25
2 29 25
2 30 25
2 31 25
2 32 25
5 33 25
1 33 26
1 33 27
1 33 28
1 33 29
1 33 30
1 33 31
1 33 32
1 33 33
1 33 34
1 33 35
1 33 36
1 33 37
1 33 38
1 33 39
0 33 40
6 25 8
1 25 9
4 25 10
2 24 10
-1
-1
-1
-1
-1
-1
-1
-1
-1
-1
-1
-1
-1
-1
-1
-1
-1
-1
-1
-1
-1
-1
-1
-1
-1
-1
-1
-1
-1
-1
-1
-1
-1
0 23 10
2 34 40
5 35 40
1 35 41
3 35 42
2 36 42
-1
-1
-1
-1
-1
-1
-1
-1
-1
-1
-1
-1
-1
-1
-1
-1
-1
0 37 42
2 27 8
2 28 8
2 29 8
2 30 8
2 31 8
2 32 8
2 33 8
4 34 8
1 34 7
1 34 6
1 34 5
1 34 4
-1
-1
-1
-1
-1
-1
0 34 3
6 33 3
4 33 4
2 32 4
2 31 4
-1
-1
-1
-1
-1
-1
0 30 4
3 32 40
1 32 39
5 32 38
3 31 38
5 31 37
-1
-1
-1
-1
0 30 37
6 29 37
4 29 38
2 28 38
2 27 38
2 26 38
2 25 38
2 24 38
2 23 38
2 22 38
2 21 38
2 20 38
2 19 38
2 18 38
0 17 38
1 37 41
1 37 40
6 37 39
0 38 39
4 37 43
6 36 43
4 36 44
2 35 44
0 34 44
1 23 9
1 23 8
5 23 7
2 22 7
2 21 7
2 20 7
2 19 7
2 18 7
2 17 7
2 16 7
3 15 7
1 15 6
0 15 5
0 34 6
1 34 45
4 34 46
0 33 46
2 39 39
2 40 39
2 41 39
4 42 39
6 42 38
2 43 38
0 44 38
0 28 12
2 14 5
2 13 5
0 12 5
1 44 37
1 44 36
6 44 35
2 45 35
0 46 35
1 23 11
0 23 12
5 38 42
1 38 43
1 38 44
0 38 45
2 11 5
2 10 5
0 9 5
1 17 39
1 17 40
1 17 41
1 17 42
1 17 43
4 17 44
2 16 44
0 15 44
0 33 30
0 30 8
1 9 6
1 9 7
0 9 8
0 34 8
5 46 34
2 45 34
2 44 34
0 43 34
1 43 33
1 43 32
1 43 31
5 43 30
0 42 30
0 34 2
0 33 25
0 30 9
1 30 3
1 30 2
0 30 1
5 9 4
2 8 4
0 7 4
2 41 30
2 40 30
0 39 30
1 34 9
1 34 10
0 34 11
0 7 3
2 34 25
2 35 25
0 36 25
0 28 19
0 33 35
0 28 25
0 21 7
1 17 37
1 17 36
5 17 35
2 16 35
0 15 35
0 28 15
0 15 7
2 27 25
2 26 25
2 25 25
0 24 25
2 22 12
6 21 12
1 21 13
0 21 14
0 27 11
0 20 14
0 17 42
0 23 38
2 14 35
2 13 35
0 12 35
0 9 7
2 14 44
2 13 44
0 12 44
0 42 29
2 37 25
0 38 25
1 24 26
0 24 27
2 32 46
0 31 46
1 12 36
1 12 37
0 12 38
1 24 28
0 24 29
1 42 28
1 42 27
0 42 26
1 34 1
0 34 0
2 8 8
2 7 8
2 6 8
0 5 8
4 5 9
2 4 9
0 3 9
0 6 3
0 30 46
0 35 40
2 5 3
2 4 3
0 3 3
2 29 46
2 28 46
2 27 46
0 26 46
0 26 47
1 38 24
0 38 23
1 24 24
1 24 23
0 24 22
0 47 35
1 26 45
1 26 44
0 26 43
0 42 39
1 38 22
0 38 21
0 37 21
2 29 4
0 28 4
1 15 34
1 15 33
1 15 32
0 15 31
1 30 45
1 30 44
0 30 43
1 24 21
0 24 20
0 39 23
2 35 6
0 36 6
1 47 34
1 47 33
5 47 32
0 46 32
1 24 30
0 24 31
2 25 27
2 26 27
0 27 27
1 24 19
0 24 18
2 39 45
2 40 45
2 41 45
0 42 45
2 11 38
0 10 38
0 17 41
1 3 2
1 3 1
0 3 0
1 20 15
4 20 16
2 19 16
2 18 16
0 17 16
2 39 21
2 40 21
2 41 21
0 42 21
1 46 31
6 46 30
0 47 30
2 11 44
2 10 44
0 9 44
1 38 38
1 38 37
0 38 36
0 29 37
1 34 12
3 34 13
0 35 13
1 44 39
0 44 40
1 9 45
1 9 46
4 9 47
0 8 47
2 25 31
2 26 31
2 27 31
0 28 31
2 43 45
2 44 45
2 45 45
2 46 45
0 47 45
0 39 36
2 23 31
2 22 31
2 21 31
0 20 31
1 15 30
0 15 29
0 33 31
5 29 19
3 29 20
0 30 20
1 15 28
1 15 27
5 15 26
0 14 26
1 30 19
1 30 18
6 30 17
0 31 17
1 42 20
1 42 19
6 42 18
2 43 18
2 44 18
0 45 18
1 37 20
1 37 19
0 37 18
1 3 10
1 3 11
1 3 12
1 3 13
4 3 14
0 2 14
3 20 32
0 21 32
2 7 47
2 6 47
2 5 47
0 4 47
6 37 45
1 37 46
0 37 47
0 15 8
1 24 17
0 24 16
6 42 25
2 43 25
2 44 25
2 45 25
0 46 25
1 37 17
0 37 16
0 32 25
1 21 6
1 21 5
1 21 4
1 21 3
0 21 2
2 11 35
2 10 35
2 9 35
2 8 35
2 7 35
0 6 35
1 9 9
1 9 10
3 9 11
2 10 11
0 11 11
1 17 15
1 17 14
0 17 13
6 21 1
2 22 1
2 23 1
0 24 1
3 15 45
2 16 45
0 17 45
0 30 42
1 45 17
1 45 16
0 45 15
1 45 14
6 45 13
2 46 13
0 47 13
0 29 36
1 47 12
0 47 11
4 26 48
2 25 48
2 24 48
0 23 48
1 46 24
0 46 23
6 33 11
4 33 12
0 32 12
2 46 11
2 45 11
2 44 11
0 43 11
1 17 17
1 17 18
1 17 19
1 17 20
3 17 21
0 18 21
2 25 22
0 26 22
2 13 26
3 12 26
5 12 25
2 11 25
2 10 25
0 9 25
5 35 0
0 35 1
0 32 26
2 23 22
0 22 22
1 14 25
1 14 24
1 14 23
1 14 22
1 14 21
5 14 20
0 13 20
1 3 4
4 3 5
0 2 5
1 2 15
1 2 16
1 2 17
0 2 18
3 19 31
1 19 30
0 19 29
1 15 4
1 15 3
6 15 2
0 16 2
2 22 48
2 21 48
2 20 48
0 19 48
1 4 46
1 4 45
1 4 44
1 4 43
5 4 42
2 3 42
2 2 42
2 1 42
0 0 42
0 38 18
2 22 10
2 21 10
2 20 10
0 19 10
1 6 34
1 6 33
6 6 32
0 7 32
5 18 42
3 18 43
2 19 43
0 20 43
-1
-1
-1
-1
-1
-1
-1
-1
-1
-1
-1
-1
-1
-1
-1
-1
-1
-1
-1
-1
-1
-1
-1
-1
-1
-1
-1
-1
-1
-1
-1
-1
-1
-1
-1
-1
-1
-1
-1
-1
-1
-1
-1
-1
-1
-1
-1
-1
-1
-1
-1
-1
-1
-1
-1
-1
-1
-1
-1
-1
-1
-1
-1
-1
-1
-1
-1
-1
-1
-1
-1
-1
-1
-1
-1
-1
-1
-1
-1
-1
-1
-1
-1
-1
-1
-1
-1
-1
-1
-1
-1
-1
-1
-1
-1
-1
-1
-1
-1
-1
-1
-1
-1
-1
-1
-1
-1
-1
-1
-1
-1
-1
-1
-1
-1
-1
-1
-1
-1
-1
-1
-1
-1
-1
-1
-1
-1
-1
-1
-1
-1
-1
-1
-1
-1
-1
-1
-1
-1
-1
-1
-1
-1
-1
-1
-1
-1
-1
-1
-1
-1
-1
-1
-1
-1
-1
-1
-1
-1
-1
-1
-1
-1
-1
-1
-1
-1
-1
-1
-1
-1
-1
-1
-1
-1
-1
-1
-1
-1
-1
-1
-1
-1
-1
-1
-1
-1
-1
-1
-1
-1
-1
-1
-1
-1
-1
-1
-1
-1
-1
-1
-1
-1
-1
-1
-1
-1
-1
-1
-1
-1
-1
-1
-1
-1
-1
-1
-1
-1
-1
-1
-1
-1
-1
-1
-1
-1
-1
-1
-1
-1
-1
