0 15 34
4 16 34
1 16 33
1 16 32
1 16 31
1 16 30
1 16 29
1 16 28
1 16 27
1 16 26
1 16 25
1 16 24
1 16 23
1 16 22
1 16 21
1 16 20
1 16 19
1 16 18
6 16 17
2 17 17
2 18 17
2 19 17
4 20 17
1 20 16
1 20 15
6 20 14
0 21 14
5 21 13
2 20 13
2 19 13
3 18 13
1 18 12
1 18 11
5 18 10
2 17 10
2 16 10
2 15 10
2 14 10
2 13 10
2 12 10
2 11 10
3 10 10
5 10 9
2 9 9
2 8 9
2 7 9
2 6 9
2 5 9
3 4 9
1 4 8
1 4 7
1 4 6
5 4 5
2 3 5
-1
-1
-1
-1
0 2 5
6 2 4
2 3 4
2 4 4
4 5 4
1 5 3
6 5 2
4 6 2
-1
-1
-1
-1
-1
-1
-1
-1
-1
-1
-1
-1
-1
-1
-1
-1
-1
0 6 1
2 22 14
2 23 14
2 24 14
2 25 14
2 26 14
2 27 14
2 28 14
2 29 14
2 30 14
2 31 14
2 32 14
2 33 14
2 34 14
2 35 14
2 36 14
-1
-1
-1
-1
-1
0 37 14
1 15 35
4 15 36
2 14 36
2 13 36
2 12 36
-1
-1
-1
-1
-1
-1
-1
-1
0 11 36
-1
-1
-1
-1
-1
-1
-1
-1
-1
-1
0 4 6
1 37 13
1 37 12
1 37 11
5 37 10
2 36 10
2 35 10
2 34 10
2 33 10
-1
0 32 10
3 37 15
2 38 15
2 39 15
2 40 15
5 41 15
1 41 16
3 41 17
5 42 17
3 42 18
2 43 18
2 44 18
2 45 18
0 46 18
3 11 37
2 12 37
5 13 37
1 13 38
1 13 39
1 13 40
1 13 41
1 13 42
1 13 43
0 13 44
0 20 17
6 32 9
2 33 9
4 34 9
1 34 8
-1
0 34 7
1 46 19
1 46 20
1 46 21
1 46 22
1 46 23
1 46 24
1 46 25
1 46 26
1 46 27
3 46 28
0 47 28
4 13 45
2 12 45
0 11 45
0 16 17
1 15 33
1 15 32
5 15 31
2 14 31
0 13 31
1 34 6
6 34 5
2 35 5
2 36 5
2 37 5
2 38 5
0 39 5
0 35 14
5 16 16
2 15 16
2 14 16
0 13 16
3 1 5
1 1 4
1 1 3
1 1 2
0 1 1
0 37 10
1 35 15
1 35 16
4 35 17
0 34 17
0 41 15
4 14 44
6 14 43
2 15 43
0 16 43
1 16 44
1 16 45
0 16 46
0 43 18
1 39 4
1 39 3
0 39 2
0 34 6
3 16 47
2 17 47
2 18 47
2 19 47
0 20 47
2 40 2
2 41 2
2 42 2
0 43 2
0 13 41
0 4 9
0 13 37
3 43 3
2 44 3
0 45 3
0 46 24
0 26 14
0 16 22
0 37 11
1 45 4
1 45 5
3 45 6
0 46 6
0 16 29
0 18 13
0 16 16
0 16 42
0 30 14
1 46 7
4 46 8
0 45 8
0 10 10
0 6 2
0 6 0
0 18 10
3 15 29
0 15 28
6 37 9
2 38 9
2 39 9
0 40 9
4 47 29
0 46 29
1 46 30
1 46 31
1 46 32
1 46 33
1 46 34
1 46 35
0 46 36
0 39 15
1 46 37
1 46 38
0 46 39
3 20 18
2 21 18
2 22 18
0 23 18
0 45 39
0 15 10
1 23 19
0 23 20
6 15 46
1 15 47
0 15 48
2 47 36
0 48 36
2 7 2
2 8 2
2 9 2
2 10 2
0 11 2
0 12 31
0 16 33
1 45 40
4 45 41
0 44 41
0 1 3
0 34 10
2 45 29
2 44 29
2 43 29
2 42 29
2 41 29
0 40 29
1 40 30
4 40 31
2 39 31
0 38 31
2 15 22
2 14 22
2 13 22
2 12 22
2 11 22
0 10 22
0 9 22
1 26 13
1 26 12
1 26 11
1 26 10
0 26 9
1 9 23
1 9 24
1 9 25
1 9 26
4 9 27
0 8 27
1 4 10
1 4 11
1 4 12
4 4 13
0 3 13
2 25 9
0 24 9
4 24 10
2 23 10
0 22 10
4 38 32
2 37 32
2 36 32
2 35 32
2 34 32
0 33 32
2 22 20
2 21 20
0 20 20
1 33 33
1 33 34
0 33 35
2 32 35
2 31 35
2 30 35
0 29 35
0 32 14
1 29 36
4 29 37
2 28 37
2 27 37
2 26 37
0 25 37
1 40 28
1 40 27
1 40 26
1 40 25
0 40 24
1 13 15
5 13 14
0 12 14
3 11 3
2 12 3
2 13 3
0 14 3
0 47 6
1 29 34
1 29 33
1 29 32
1 29 31
5 29 30
0 28 30
0 26 37
2 15 3
2 16 3
0 17 3
1 33 36
0 33 37
1 34 18
3 34 19
0 35 19
2 7 27
2 6 27
2 5 27
2 4 27
2 3 27
2 2 27
2 1 27
0 0 27
6 45 2
2 46 2
0 47 2
1 48 35
0 48 34
3 3 14
2 4 14
5 5 14
1 5 15
1 5 16
1 5 17
0 5 18
2 18 3
2 19 3
2 20 3
2 21 3
0 22 3
2 23 3
0 24 3
0 42 17
6 12 13
0 13 13
2 10 36
2 9 36
2 8 36
0 7 36
4 7 37
2 6 37
2 5 37
2 4 37
0 3 37
2 39 24
2 38 24
0 37 24
1 6 3
3 6 4
2 7 4
2 8 4
0 9 4
5 37 23
2 36 23
2 35 23
2 34 23
0 33 23
4 44 42
2 43 42
2 42 42
2 41 42
2 40 42
0 39 42
1 3 38
1 3 39
1 3 40
4 3 41
0 2 41
6 15 17
1 15 18
0 15 19
2 17 29
0 18 29
3 33 6
1 33 5
5 33 4
0 32 4
1 32 3
1 32 2
1 32 1
5 32 0
2 31 0
0 30 0
2 44 8
0 43 8
3 45 36
5 45 35
2 44 35
0 43 35
1 39 43
1 39 44
1 39 45
1 39 46
4 39 47
0 38 47
2 33 7
2 32 7
2 31 7
0 30 7
1 45 9
1 45 10
0 45 11
3 23 21
2 24 21
2 25 21
2 26 21
0 27 21
1 27 22
0 27 23
1 0 28
1 0 29
1 0 30
1 0 31
0 0 32
1 26 38
1 26 39
1 26 40
1 26 41
1 26 42
1 26 43
0 26 44
1 18 28
1 18 27
6 18 26
2 19 26
0 20 26
-1
-1
-1
-1
-1
-1
-1
-1
-1
-1
-1
-1
-1
-1
-1
-1
-1
-1
-1
-1
-1
-1
-1
-1
-1
-1
-1
-1
-1
-1
-1
-1
-1
-1
-1
-1
-1
-1
-1
-1
-1
-1
-1
-1
-1
-1
-1
-1
-1
-1
-1
-1
-1
-1
-1
-1
-1
-1
-1
-1
-1
-1
-1
-1
-1
-1
-1
-1
-1
-1
-1
-1
-1
-1
-1
-1
-1
-1
-1
-1
-1
-1
-1
-1
-1
-1
-1
-1
-1
-1
-1
-1
-1
-1
-1
-1
-1
-1
-1
-1
-1
-1
-1
-1
-1
-1
-1
-1
-1
-1
-1
-1
-1
-1
-1
-1
-1
-1
-1
-1
-1
-1
-1
-1
-1
-1
-1
-1
-1
-1
-1
-1
-1
-1
-1
-1
-1
-1
-1
-1
-1
-1
-1
-1
-1
-1
-1
-1
-1
-1
-1
-1
-1
-1
-1
-1
-1
-1
-1
-1
-1
-1
-1
-1
-1
-1
-1
-1
-1
-1
-1
-1
-1
-1
-1
-1
-1
-1
-1
-1
-1
-1
-1
-1
-1
-1
-1
-1
-1
-1
-1
-1
-1
-1
-1
-1
-1
-1
-1
-1
-1
-1
-1
-1
-1
-1
-1
-1
-1
-1
-1
-1
-1
-1
-1
-1
-1
-1
-1
-1
-1
-1
-1
-1
-1
-1
-1
-1
-1
-1
-1
-1
-1
-1
-1
-1
-1
-1
-1
-1
-1
-1
-1
-1
-1
-1
-1
-1
-1
-1
-1
-1
-1
-1
-1
-1
-1
-1
-1
-1
-1
-1
-1
-1
-1
-1
-1
-1
-1
-1
-1
-1
-1
-1
-1
-1
-1
-1
-1
-1
-1
-1
-1
-1
-1
-1
