0 14 4
2 15 4
2 16 4
5 17 4
1 17 5
1 17 6
1 17 7
1 17 8
1 17 9
1 17 10
1 17 11
1 17 12
3 17 13
2 18 13
2 19 13
5 20 13
1 20 14
1 20 15
1 20 16
1 20 17
1 20 18
1 20 19
1 20 20
1 20 21
1 20 22
3 20 23
5 21 23
3 21 24
2 22 24
5 23 24
3 23 25
5 24 25
1 24 26
3 24 27
2 25 27
2 26 27
5 27 27
1 27 28
1 27 29
1 27 30
1 27 31
1 27 32
3 27 33
2 28 33
2 29 33
2 30 33
0 31 33
1 31 34
1 31 35
1 31 36
1 31 37
3 31 38
-1
-1
-1
-1
-1
-1
-1
-1
-1
-1
-1
-1
-1
-1
-1
-1
-1
-1
-1
-1
0 32 38
2 13 4
6 12 4
1 12 5
1 12 6
1 12 7
4 12 8
2 11 8
6 10 8
1 10 9
1 10 10
1 10 11
1 10 12
4 10 13
2 9 13
6 8 13
1 8 14
1 8 15
1 8 16
-1
-1
-1
-1
-1
0 8 17
3 32 39
2 33 39
2 34 39
2 35 39
2 36 39
5 37 39
1 37 40
1 37 41
1 37 42
3 37 43
2 38 43
2 39 43
2 40 43
-1
-1
0 41 43
1 41 42
1 41 41
6 41 40
4 42 40
1 42 39
1 42 38
1 42 37
1 42 36
1 42 35
0 42 34
-1
-1
-1
-1
-1
-1
0 10 13
-1
-1
-1
-1
-1
0 35 39
3 7 17
1 7 16
5 7 15
2 6 15
0 5 15
3 8 18
2 9 18
5 10 18
1 10 19
3 10 20
0 11 20
1 42 33
1 42 32
1 42 31
1 42 30
5 42 29
0 41 29
1 35 40
1 35 41
1 35 42
1 35 43
0 35 44
0 17 6
3 34 44
5 34 43
2 33 43
2 32 43
0 31 43
0 27 33
1 41 44
4 41 45
0 40 45
6 31 32
2 32 32
0 33 32
2 34 32
2 35 32
0 36 32
0 8 13
0 12 7
1 41 28
1 41 27
1 41 26
1 41 25
0 41 24
0 27 27
0 42 37
1 41 23
1 41 22
1 41 21
1 41 20
1 41 19
1 41 18
1 41 17
1 41 16
0 41 15
6 40 15
4 40 16
2 39 16
2 38 16
0 37 16
0 27 30
0 24 26
1 14 3
1 14 2
0 14 1
0 20 13
0 30 43
2 29 43
2 28 43
0 27 43
0 28 33
0 43 37
0 4 15
2 26 43
2 25 43
0 24 43
1 41 14
1 41 13
0 41 12
1 5 16
1 5 17
1 5 18
0 5 19
4 5 20
2 4 20
0 3 20
0 42 24
0 37 42
0 10 8
0 11 21
1 33 33
0 33 34
1 28 34
1 28 35
1 28 36
0 28 37
0 37 17
0 17 4
6 40 24
4 40 25
2 39 25
0 38 25
1 37 18
0 37 19
1 24 42
0 24 41
0 17 9
2 28 27
2 29 27
2 30 27
0 31 27
0 37 39
0 10 18
0 12 4
1 31 26
1 31 25
0 31 24
0 20 18
3 10 14
2 11 14
0 12 14
1 41 11
1 41 10
5 41 9
0 40 9
1 37 15
1 37 14
0 37 13
0 17 13
1 31 44
1 31 45
1 31 46
0 31 47
1 4 14
5 4 13
2 3 13
2 2 13
0 1 13
1 5 14
1 5 13
1 5 12
0 5 11
0 11 4
2 42 43
2 43 43
2 44 43
0 45 43
1 11 22
1 11 23
0 11 24
2 40 29
2 39 29
0 38 29
1 11 25
1 11 26
1 11 27
1 11 28
1 11 29
1 11 30
0 11 31
0 41 19
0 42 40
0 5 10
2 36 19
2 35 19
0 34 19
0 23 24
0 20 22
2 10 31
2 9 31
2 8 31
2 7 31
2 6 31
2 5 31
0 4 31
1 4 32
1 4 33
0 4 34
2 5 34
2 6 34
5 7 34
1 7 35
1 7 36
0 7 37
1 35 45
0 35 46
2 2 20
0 1 20
1 7 38
1 7 39
0 7 40
5 34 18
2 33 18
0 32 18
0 8 37
0 19 22
2 46 43
0 47 43
0 36 13
1 1 21
1 1 22
1 1 23
0 1 24
1 1 25
0 1 26
2 2 26
2 3 26
0 4 26
1 28 38
0 28 39
2 35 13
2 34 13
3 33 13
0 33 12
1 34 20
1 34 21
0 34 22
2 9 37
2 10 37
2 11 37
0 12 37
1 12 38
3 12 39
2 13 39
2 14 39
0 15 39
6 15 38
2 16 38
0 17 38
1 17 37
0 17 36
2 38 39
0 39 39
6 42 23
2 43 23
0 44 23
2 5 26
0 6 26
2 32 12
2 31 12
2 30 12
0 29 12
1 36 12
0 36 11
1 29 13
0 29 14
1 17 35
1 17 34
0 17 33
0 35 22
2 43 34
0 44 34
1 40 8
0 40 7
2 30 47
2 29 47
0 28 47
2 3 31
0 2 31
2 12 20
0 13 20
0 14 20
0 42 31
3 10 24
0 10 23
4 42 12
6 42 11
2 43 11
2 44 11
0 45 11
0 46 11
0 11 28
0 40 6
1 40 5
1 40 4
5 40 3
3 39 3
0 39 2
4 24 44
0 23 44
2 40 2
2 41 2
2 42 2
2 43 2
0 44 2
1 1 19
1 1 18
0 1 17
1 6 25
1 6 24
0 6 23
0 39 3
0 32 27
2 38 19
0 39 19
2 12 24
2 13 24
2 14 24
0 15 24
2 45 23
2 46 23
4 47 23
1 47 22
1 47 21
0 47 20
0 47 19
1 17 32
1 17 31
5 17 30
0 16 30
1 15 25
0 15 26
0 6 22
0 31 18
1 40 46
4 40 47
2 39 47
0 38 47
2 41 34
2 40 34
0 39 34
0 47 23
2 27 37
2 26 37
0 25 37
2 15 20
2 16 20
0 17 20
0 7 34
5 10 7
0 9 7
2 30 18
0 29 18
1 47 18
1 47 17
0 47 16
2 42 15
0 43 15
0 14 0
0 18 4
1 12 36
6 12 35
0 13 35
1 7 41
1 7 42
1 7 43
0 7 44
1 45 44
1 45 45
1 45 46
0 45 47
5 11 3
2 10 3
2 9 3
0 8 3
0 45 48
0 28 46
2 7 3
0 6 3
0 42 19
2 18 36
0 19 36
2 8 40
2 9 40
0 10 40
6 16 29
2 17 29
2 18 29
4 19 29
0 19 28
0 21 13
0 23 41
2 46 48
2 47 48
0 48 48
1 33 11
1 33 10
1 33 9
0 33 8
1 33 7
1 33 6
0 33 5
1 14 19
1 14 18
0 14 17
0 33 13
2 13 0
2 12 0
0 11 0
1 47 24
0 47 25
4 4 35
2 3 35
0 2 35
1 47 26
1 47 27
0 47 28
2 18 33
2 19 33
0 20 33
4 47 11
1 47 10
6 47 9
2 48 9
0 49 9
4 43 31
1 43 30
0 43 29
4 29 19
2 28 19
2 27 19
0 26 19
2 18 6
2 19 6
2 20 6
2 21 6
2 22 6
0 23 6
2 6 44
0 5 44
0 39 9
0 25 19
4 2 36
2 1 36
0 0 36
1 38 24
0 38 23
2 22 44
2 21 44
2 20 44
0 19 44
2 6 40
2 5 40
0 4 40
1 33 4
0 33 3
3 32 8
5 32 7
2 31 7
0 30 7
1 26 20
1 26 21
0 26 22
2 33 27
2 34 27
0 35 27
2 5 3
2 4 3
0 3 3
3 44 3
2 45 3
2 46 3
0 47 3
2 41 7
2 42 7
0 43 7
5 44 29
3 44 30
0 45 30
1 19 43
1 19 42
0 19 41
1 3 4
1 3 5
0 3 6
0 2 6
2 27 47
2 26 47
0 25 47
1 35 28
4 35 29
0 34 29
2 7 26
0 8 26
0 25 36
4 19 45
6 18 45
1 18 46
4 18 47
0 17 47
1 23 7
3 23 8
5 24 8
3 24 9
0 25 9
1 47 42
6 47 41
0 48 41
1 7 45
1 7 46
1 7 47
1 7 48
3 7 49
0 8 49
5 39 1
0 38 1
6 7 33
0 8 33
0 47 4
1 23 5
1 23 4
5 23 3
0 22 3
1 22 2
0 22 1
2 23 1
2 24 1
2 25 1
2 26 1
0 27 1
1 36 33
1 36 34
1 36 35
0 36 36
1 46 12
0 46 13
0 32 43
6 23 26
1 23 27
3 23 28
0 24 28
-1
-1
-1
-1
-1
-1
-1
-1
-1
-1
-1
-1
-1
-1
-1
-1
-1
-1
-1
-1
-1
-1
-1
-1
-1
-1
-1
-1
-1
-1
-1
-1
-1
-1
-1
-1
-1
-1
-1
-1
-1
-1
-1
-1
-1
-1
-1
-1
-1
-1
-1
-1
-1
-1
-1
-1
-1
-1
-1
-1
-1
-1
-1
-1
-1
-1
-1
-1
-1
-1
-1
-1
-1
-1
-1
-1
-1
-1
-1
-1
-1
-1
-1
-1
-1
-1
-1
-1
-1
-1
-1
-1
-1
-1
-1
-1
-1
-1
-1
-1
-1
-1
-1
-1
-1
-1
-1
-1
-1
-1
-1
-1
-1
-1
-1
-1
-1
-1
-1
-1
-1
-1
-1
-1
-1
-1
-1
-1
-1
-1
-1
-1
-1
-1
-1
-1
-1
-1
-1
-1
-1
-1
