0 15 14
1 15 15
1 15 16
1 15 17
1 15 18
1 15 19
1 15 20
1 15 21
1 15 22
1 15 23
1 15 24
1 15 25
1 15 26
1 15 27
1 15 28
1 15 29
1 15 30
1 15 31
1 15 32
1 15 33
1 15 34
3 15 35
2 16 35
5 17 35
1 17 36
1 17 37
1 17 38
1 17 39
1 17 40
1 17 41
1 17 42
1 17 43
1 17 44
1 17 45
1 17 46
1 17 47
0 17 48
2 16 14
2 17 14
2 18 14
2 19 14
2 20 14
2 21 14
2 22 14
2 23 14
2 24 14
2 25 14
2 26 14
2 27 14
2 28 14
2 29 14
2 30 14
2 31 14
2 32 14
2 33 14
4 34 14
6 34 13
2 35 13
2 36 13
2 37 13
2 38 13
-1
-1
-1
0 39 13
2 40 13
2 41 13
2 42 13
2 43 13
2 44 13
2 45 13
5 46 13
1 46 14
1 46 15
3 46 16
2 47 16
-1
-1
-1
-1
-1
-1
-1
-1
-1
-1
-1
-1
-1
-1
-1
-1
-1
-1
-1
-1
-1
-1
-1
-1
0 48 16
3 16 48
1 16 47
1 16 46
5 16 45
2 15 45
3 14 45
1 14 44
5 14 43
2 13 43
3 12 43
1 12 42
1 12 41
1 12 40
5 12 39
2 11 39
-1
-1
-1
-1
-1
-1
-1
-1
-1
-1
0 10 39
1 48 17
1 48 18
4 48 19
2 47 19
6 46 19
1 46 20
1 46 21
1 46 22
1 46 23
1 46 24
1 46 25
1 46 26
1 46 27
1 46 28
4 46 29
-1
-1
-1
-1
-1
-1
0 45 29
1 15 13
1 15 12
1 15 11
1 15 10
1 15 9
1 15 8
1 15 7
1 15 6
1 15 5
1 15 4
1 15 3
5 15 2
-1
-1
-1
0 14 2
1 45 30
1 45 31
1 45 32
1 45 33
1 45 34
1 45 35
1 45 36
1 45 37
1 45 38
1 45 39
1 45 40
3 45 41
2 46 41
0 47 41
1 39 14
1 39 15
1 39 16
1 39 17
3 39 18
2 40 18
2 41 18
-1
0 42 18
4 18 48
1 18 47
6 18 46
2 19 46
2 20 46
2 21 46
2 22 46
2 23 46
2 24 46
2 25 46
2 26 46
0 27 46
1 14 3
1 14 4
1 14 5
4 14 6
2 13 6
0 12 6
4 47 42
2 46 42
2 45 42
2 44 42
2 43 42
2 42 42
2 41 42
2 40 42
0 39 42
6 14 1
2 15 1
5 16 1
3 16 2
2 17 2
2 18 2
2 19 2
2 20 2
2 21 2
2 22 2
2 23 2
0 24 2
0 19 14
2 9 39
6 8 39
1 8 40
1 8 41
1 8 42
1 8 43
1 8 44
1 8 45
4 8 46
2 7 46
2 6 46
0 5 46
1 39 41
1 39 40
0 39 39
4 42 19
2 41 19
0 40 19
-1
0 20 2
3 5 47
2 6 47
2 7 47
2 8 47
4 9 47
6 9 46
2 10 46
0 11 46
0 46 19
5 48 41
1 48 42
1 48 43
1 48 44
1 48 45
1 48 46
4 48 47
2 47 47
0 46 47
0 46 23
1 10 38
1 10 37
1 10 36
1 10 35
0 10 34
0 34 14
1 39 43
1 39 44
4 39 45
2 38 45
2 37 45
0 36 45
0 12 43
2 11 34
2 12 34
0 13 34
1 39 38
6 39 37
2 40 37
2 41 37
0 42 37
2 38 39
0 37 39
1 37 38
1 37 37
0 37 36
0 24 3
5 39 12
2 38 12
0 37 12
1 40 20
1 40 21
3 40 22
2 41 22
0 42 22
0 17 35
2 44 29
2 43 29
2 42 29
0 41 29
0 14 45
0 15 10
1 41 30
1 41 31
0 41 32
2 9 34
2 8 34
2 7 34
2 6 34
2 5 34
0 4 34
0 30 14
0 37 45
0 8 39
1 37 11
1 37 10
1 37 9
5 37 8
2 36 8
0 35 8
0 48 47
0 42 13
0 45 42
1 4 33
1 4 32
6 4 31
0 5 31
1 37 46
0 37 47
4 37 40
2 36 40
2 35 40
0 34 40
2 35 45
2 34 45
0 33 45
1 5 30
1 5 29
5 5 28
0 4 28
0 46 13
6 14 14
4 14 15
2 13 15
2 12 15
2 11 15
2 10 15
0 9 15
6 39 19
1 39 20
1 39 21
4 39 22
2 38 22
2 37 22
0 36 22
1 4 27
1 4 26
1 4 25
6 4 24
2 5 24
0 6 24
1 13 35
0 13 36
2 25 3
2 26 3
0 27 3
1 20 3
1 20 4
1 20 5
1 20 6
0 20 7
2 8 15
2 7 15
2 6 15
2 5 15
0 4 15
2 7 39
2 6 39
2 5 39
0 4 39
1 4 14
1 4 13
1 4 12
5 4 11
2 3 11
0 2 11
1 13 37
1 13 38
3 13 39
2 14 39
0 15 39
1 36 23
1 36 24
1 36 25
4 36 26
2 35 26
0 34 26
2 33 26
2 32 26
6 31 26
4 31 27
2 30 27
2 29 27
2 28 27
6 27 27
1 27 28
0 27 29
2 26 29
2 25 29
0 24 29
1 24 28
5 24 27
2 23 27
0 22 27
3 4 35
2 5 35
0 6 35
1 27 45
5 27 44
2 26 44
2 25 44
0 24 44
1 24 1
5 24 0
0 23 0
1 46 12
1 46 11
1 46 10
1 46 9
1 46 8
0 46 7
1 34 15
1 34 16
4 34 17
0 33 17
1 27 30
1 27 31
1 27 32
3 27 33
5 28 33
0 28 34
5 35 7
0 34 7
0 27 31
2 33 40
2 32 40
0 31 40
6 4 46
1 4 47
4 4 48
2 3 48
0 2 48
1 34 6
1 34 5
1 34 4
1 34 3
0 34 2
5 41 28
0 40 28
5 24 43
2 23 43
2 22 43
2 21 43
2 20 43
0 19 43
2 38 47
2 39 47
0 40 47
-1
-1
-1
-1
-1
-1
-1
-1
-1
-1
-1
-1
-1
-1
-1
-1
-1
-1
-1
-1
-1
-1
-1
-1
-1
-1
-1
-1
-1
-1
-1
-1
-1
-1
-1
-1
-1
-1
-1
-1
-1
-1
-1
-1
-1
-1
-1
-1
-1
-1
-1
-1
-1
-1
-1
-1
-1
-1
-1
-1
-1
-1
-1
-1
-1
-1
-1
-1
-1
-1
-1
-1
-1
-1
-1
-1
-1
-1
-1
-1
-1
-1
-1
-1
-1
-1
-1
-1
-1
-1
-1
-1
-1
-1
-1
-1
-1
-1
-1
-1
-1
-1
-1
-1
-1
-1
-1
-1
-1
-1
-1
-1
-1
-1
-1
-1
-1
-1
-1
-1
-1
-1
-1
-1
-1
-1
-1
-1
-1
-1
-1
-1
-1
-1
-1
-1
-1
-1
-1
-1
-1
-1
-1
-1
-1
-1
-1
-1
-1
-1
-1
-1
-1
-1
-1
-1
-1
-1
-1
-1
-1
-1
-1
-1
-1
-1
-1
-1
-1
-1
-1
-1
-1
-1
-1
-1
-1
-1
-1
-1
-1
-1
-1
-1
-1
-1
-1
-1
-1
-1
-1
-1
-1
-1
-1
-1
-1
-1
-1
-1
-1
-1
-1
-1
-1
-1
-1
-1
-1
-1
-1
-1
-1
-1
-1
-1
-1
-1
-1
-1
-1
-1
-1
-1
-1
-1
-1
-1
-1
-1
-1
-1
-1
-1
-1
-1
-1
-1
-1
-1
-1
-1
-1
-1
-1
-1
-1
-1
-1
-1
-1
-1
-1
-1
-1
-1
-1
-1
-1
-1
-1
-1
-1
-1
-1
-1
-1
-1
-1
-1
-1
-1
-1
-1
-1
-1
-1
-1
-1
-1
-1
-1
-1
-1
-1
-1
-1
-1
-1
-1
-1
-1
-1
-1
-1
-1
-1
-1
-1
-1
-1
-1
-1
-1
-1
-1
-1
-1
-1
-1
-1
-1
-1
-1
-1
-1
-1
-1
-1
-1
-1
-1
-1
-1
-1
