0 23 3
1 23 4
1 23 5
1 23 6
1 23 7
1 23 8
1 23 9
1 23 10
1 23 11
1 23 12
1 23 13
1 23 14
1 23 15
1 23 16
1 23 17
1 23 18
1 23 19
1 23 20
1 23 21
1 23 22
1 23 23
1 23 24
1 23 25
1 23 26
1 23 27
1 23 28
1 23 29
1 23 30
1 23 31
1 23 32
1 23 33
1 23 34
1 23 35
1 23 36
1 23 37
1 23 38
3 23 39
2 24 39
5 25 39
1 25 40
3 25 41
5 26 41
1 26 42
1 26 43
0 26 44
2 22 3
2 21 3
6 20 3
1 20 4
4 20 5
2 19 5
2 18 5
2 17 5
2 16 5
2 15 5
2 14 5
2 13 5
2 12 5
2 11 5
-1
0 10 5
1 26 45
4 26 46
6 25 46
-1
-1
-1
-1
-1
0 25 47
1 23 2
1 23 1
5 23 0
2 22 0
2 21 0
-1
0 20 0
4 20 1
2 19 1
2 18 1
2 17 1
0 16 1
1 10 6
1 10 7
1 10 8
0 10 9
2 26 47
2 27 47
2 28 47
2 29 47
0 30 47
-1
0 13 5
2 27 44
2 28 44
0 29 44
1 10 4
5 10 3
0 9 3
4 24 3
1 24 2
0 24 1
0 26 41
2 25 44
2 24 44
0 23 44
0 23 5
2 8 3
2 7 3
2 6 3
0 5 3
0 19 5
0 28 47
0 23 34
4 5 4
2 4 4
2 3 4
0 2 4
2 22 44
2 21 44
0 20 44
0 2 5
1 29 43
6 29 42
0 30 42
2 31 47
0 32 47
0 19 44
0 9 9
0 23 26
0 20 3
0 23 21
1 2 3
1 2 2
0 2 1
0 2 6
2 22 34
2 21 34
0 20 34
1 20 33
1 20 32
1 20 31
0 20 30
1 13 4
0 13 3
0 33 47
2 22 26
2 21 26
2 20 26
0 19 26
1 19 25
1 19 24
1 19 23
0 19 22
0 23 8
0 21 26
0 25 48
2 24 26
2 25 26
0 26 26
2 8 9
0 7 9
1 7 10
0 7 11
0 6 11
2 11 9
0 12 9
0 11 9
0 23 32
2 13 9
0 14 9
0 30 41
1 33 46
0 33 45
0 2 7
0 18 44
1 30 40
1 30 39
1 30 38
0 30 37
1 19 21
0 19 20
5 27 26
1 27 27
0 27 28
2 18 20
2 17 20
0 16 20
0 23 13
2 19 34
3 18 34
0 18 33
0 7 8
2 17 33
0 16 33
0 5 4
0 27 29
1 27 30
3 27 31
0 28 31
1 19 6
1 19 7
0 19 8
0 24 21
0 25 39
2 17 44
2 16 44
0 15 44
0 19 23
1 15 43
1 15 42
0 15 41
1 12 10
1 12 11
0 12 12
2 15 20
0 14 20
2 13 20
2 12 20
0 11 20
0 10 20
2 25 1
2 26 1
0 27 1
1 10 19
5 10 18
0 9 18
2 29 31
0 30 31
0 17 5
2 15 33
0 14 33
2 34 47
2 35 47
0 36 47
2 37 47
2 38 47
2 39 47
2 40 47
0 41 47
2 42 47
2 43 47
0 44 47
1 26 25
0 26 24
1 15 45
0 15 46
6 22 13
4 22 14
0 21 14
1 41 46
0 41 45
5 41 44
2 40 44
0 39 44
6 24 20
2 25 20
2 26 20
0 27 20
1 14 21
1 14 22
0 14 23
1 27 19
0 27 18
2 45 47
0 46 47
1 46 46
6 46 45
0 47 45
0 20 29
1 5 2
0 5 1
2 28 20
2 29 20
2 30 20
0 31 20
1 44 46
1 44 45
1 44 44
1 44 43
0 44 42
2 32 20
0 33 20
1 21 15
1 21 16
0 21 17
2 26 29
0 25 29
1 31 21
1 31 22
1 31 23
1 31 24
0 31 25
1 2 8
1 2 9
0 2 10
1 14 24
1 14 25
0 14 26
5 30 36
2 29 36
0 28 36
1 15 47
1 15 48
0 15 49
0 47 44
2 14 44
2 13 44
2 12 44
2 11 44
0 10 44
5 10 43
0 9 43
1 9 42
1 9 41
1 9 40
1 9 39
1 9 38
0 9 37
0 9 36
0 18 34
1 10 45
1 10 46
1 10 47
0 10 48
2 9 48
2 8 48
0 7 48
0 6 48
0 23 39
0 28 48
6 9 2
2 10 2
0 11 2
2 8 37
0 7 37
1 7 36
1 7 35
0 7 34
1 33 21
3 33 22
2 34 22
0 35 22
1 14 19
1 14 18
0 14 17
1 19 9
1 19 10
0 19 11
2 22 39
0 21 39
2 18 11
0 17 11
4 19 27
2 18 27
0 17 27
6 14 16
0 15 16
2 24 48
2 23 48
2 22 48
0 21 48
1 39 43
1 39 42
1 39 41
0 39 40
0 39 39
1 39 38
0 39 37
2 31 31
0 32 31
1 16 34
1 16 35
1 16 36
0 16 37
0 7 38
1 32 32
0 32 33
1 33 19
1 33 18
1 33 17
0 33 16
2 34 16
2 35 16
2 36 16
2 37 16
4 38 16
6 38 15
0 39 15
1 39 14
0 39 13
2 6 38
0 5 38
2 31 42
2 32 42
0 33 42
2 40 39
0 41 39
5 9 17
2 8 17
2 7 17
0 6 17
0 5 17
2 28 1
2 29 1
0 30 1
1 2 11
4 2 12
0 1 12
2 13 26
2 12 26
2 11 26
0 10 26
2 4 17
2 3 17
0 2 17
0 1 17
2 4 38
2 3 38
0 2 38
1 1 18
1 1 19
0 1 20
1 39 12
5 39 11
0 38 11
2 37 11
2 36 11
0 35 11
2 34 11
2 33 11
0 32 11
2 31 11
0 30 11
0 13 33
0 11 12
0 30 12
0 12 33
1 7 12
0 7 13
1 12 32
1 12 31
5 12 30
0 11 30
0 38 47
0 24 8
2 33 31
2 34 31
0 35 31
0 35 30
2 24 5
2 25 5
2 26 5
2 27 5
0 28 5
0 16 32
1 6 47
1 6 46
5 6 45
2 5 45
2 4 45
0 3 45
0 2 39
6 35 29
2 36 29
2 37 29
0 38 29
1 2 37
1 2 36
1 2 35
1 2 34
1 2 33
0 2 32
0 33 41
4 31 37
6 31 36
0 32 36
6 38 28
2 39 28
2 40 28
0 41 28
2 9 26
2 8 26
0 7 26
0 6 26
5 42 28
1 42 29
3 42 30
5 43 30
0 43 31
2 5 26
2 4 26
2 3 26
2 2 26
0 1 26
5 24 13
0 24 14
6 5 0
0 6 0
1 43 32
0 43 33
1 47 43
1 47 42
1 47 41
1 47 40
1 47 39
0 47 38
0 6 4
1 38 10
1 38 9
5 38 8
3 37 8
0 37 7
0 42 28
1 35 23
1 35 24
3 35 25
2 36 25
0 37 25
0 23 35
0 2 45
1 37 24
6 37 23
2 38 23
0 39 23
1 39 22
1 39 21
6 39 20
0 40 20
6 1 25
4 2 25
0 2 24
6 37 6
0 38 6
2 40 23
2 41 23
2 42 23
2 43 23
2 44 23
2 45 23
0 46 23
1 6 27
1 6 28
4 6 29
0 5 29
2 16 41
0 17 41
6 27 17
0 28 17
2 38 7
2 39 7
5 40 7
3 40 8
0 41 8
1 46 22
0 46 21
2 42 8
2 43 8
2 44 8
0 45 8
6 45 7
2 46 7
0 47 7
1 24 9
1 24 10
0 24 11
-1
-1
-1
-1
-1
-1
-1
-1
-1
-1
-1
-1
-1
-1
-1
-1
-1
-1
-1
-1
-1
-1
-1
-1
-1
-1
-1
-1
-1
-1
-1
-1
-1
-1
-1
-1
-1
-1
-1
-1
-1
-1
-1
-1
-1
-1
-1
-1
-1
-1
-1
-1
-1
-1
-1
-1
-1
-1
-1
-1
-1
-1
-1
-1
-1
-1
-1
-1
-1
-1
-1
-1
-1
-1
-1
-1
-1
-1
-1
-1
-1
-1
-1
-1
-1
-1
-1
-1
-1
-1
-1
-1
-1
-1
-1
-1
-1
-1
-1
-1
-1
-1
-1
-1
-1
-1
-1
-1
-1
-1
-1
-1
-1
-1
-1
-1
-1
-1
-1
-1
-1
-1
-1
-1
-1
-1
-1
-1
-1
-1
-1
-1
-1
-1
-1
-1
-1
-1
-1
-1
-1
-1
-1
-1
-1
-1
-1
-1
-1
-1
-1
-1
-1
-1
-1
-1
-1
-1
-1
-1
-1
-1
-1
-1
-1
-1
-1
-1
-1
-1
-1
-1
-1
-1
-1
-1
-1
-1
-1
-1
-1
-1
-1
-1
-1
-1
-1
-1
-1
-1
-1
-1
-1
-1
-1
-1
-1
-1
-1
-1
-1
-1
-1
-1
-1
-1
-1
-1
-1
-1
-1
-1
-1
-1
-1
-1
-1
-1
-1
-1
-1
-1
-1
-1
-1
-1
-1
-1
-1
-1
-1
-1
-1
-1
