0 22 18
1 22 19
1 22 20
1 22 21
3 22 22
5 23 22
3 23 23
2 24 23
2 25 23
2 26 23
2 27 23
2 28 23
2 29 23
5 30 23
1 30 24
1 30 25
3 30 26
2 31 26
2 32 26
2 33 26
2 34 26
2 35 26
5 36 26
1 36 27
1 36 28
1 36 29
1 36 30
1 36 31
3 36 32
2 37 32
2 38 32
0 39 32
2 40 32
2 41 32
2 42 32
5 43 32
1 43 33
1 43 34
1 43 35
1 43 36
3 43 37
2 44 37
0 45 37
1 45 38
1 45 39
1 45 40
1 45 41
1 45 42
1 45 43
1 45 44
1 45 45
1 45 46
-1
-1
-1
-1
-1
-1
-1
-1
-1
-1
-1
-1
-1
-1
-1
-1
-1
-1
0 45 47
2 21 18
2 20 18
2 19 18
2 18 18
2 17 18
2 16 18
2 15 18
2 14 18
2 13 18
2 12 18
2 11 18
3 10 18
1 10 17
1 10 16
5 10 15
2 9 15
2 8 15
2 7 15
2 6 15
-1
-1
-1
-1
-1
-1
-1
0 5 15
1 5 16
1 5 17
1 5 18
1 5 19
1 5 20
4 5 21
2 4 21
2 3 21
2 2 21
6 1 21
1 1 22
-1
-1
-1
-1
0 1 23
2 44 47
2 43 47
3 42 47
1 42 46
-1
-1
-1
-1
-1
-1
-1
0 42 45
1 22 17
1 22 16
1 22 15
6 22 14
2 23 14
-1
-1
-1
-1
-1
0 24 14
1 42 44
1 42 43
1 42 42
1 42 41
5 42 40
2 41 40
2 40 40
2 39 40
2 38 40
0 37 40
1 1 24
1 1 25
1 1 26
3 1 27
2 2 27
2 3 27
2 4 27
5 5 27
1 5 28
1 5 29
1 5 30
1 5 31
1 5 32
0 5 33
-1
0 43 37
4 2 23
6 2 22
2 3 22
2 4 22
2 5 22
0 6 22
3 6 23
2 7 23
2 8 23
2 9 23
-1
0 10 23
5 23 18
3 23 19
2 24 19
2 25 19
0 26 19
2 46 37
5 47 37
1 47 38
3 47 39
0 48 39
1 37 41
1 37 42
1 37 43
4 37 44
2 36 44
2 35 44
2 34 44
2 33 44
2 32 44
2 31 44
2 30 44
2 29 44
2 28 44
2 27 44
2 26 44
2 25 44
0 24 44
0 41 40
2 11 23
2 12 23
2 13 23
0 14 23
0 23 22
0 20 18
0 45 43
3 4 33
5 4 32
2 3 32
2 2 32
0 1 32
2 25 14
0 26 14
1 37 39
5 37 38
2 36 38
2 35 38
0 34 38
1 5 14
6 5 13
0 6 13
0 32 26
1 6 12
1 6 11
1 6 10
1 6 9
1 6 8
0 6 7
2 7 13
2 8 13
0 9 13
0 43 34
2 33 38
2 32 38
2 31 38
2 30 38
2 29 38
2 28 38
0 27 38
0 30 23
0 5 27
0 47 37
2 5 7
2 4 7
2 3 7
0 2 7
0 28 44
2 27 14
0 28 14
0 23 44
5 23 43
2 22 43
2 21 43
0 20 43
0 36 31
3 28 15
0 29 15
0 1 21
1 28 13
6 28 12
2 29 12
2 30 12
2 31 12
0 32 12
1 20 19
0 20 20
0 36 44
0 37 38
0 5 20
1 27 37
1 27 36
1 27 35
0 27 34
1 27 33
1 27 32
1 27 31
1 27 30
0 27 29
0 45 40
0 26 29
0 30 26
2 26 34
2 25 34
2 24 34
2 23 34
0 22 34
1 22 33
0 22 32
6 2 6
4 3 6
1 3 5
1 3 4
1 3 3
0 3 2
0 10 24
5 22 31
2 21 31
2 20 31
0 19 31
2 28 34
2 29 34
2 30 34
0 31 34
0 31 35
2 2 2
2 1 2
0 0 2
0 45 42
0 10 18
5 24 13
2 23 13
0 22 13
1 28 45
0 28 46
2 29 46
2 30 46
0 31 46
1 20 44
1 20 45
1 20 46
1 20 47
4 20 48
0 19 48
2 29 26
0 28 26
1 19 32
4 19 33
2 18 33
2 17 33
0 16 33
0 42 47
0 36 26
4 44 34
1 44 33
1 44 32
1 44 31
0 44 30
2 41 47
0 40 47
2 19 43
2 18 43
2 17 43
2 16 43
2 15 43
0 14 43
2 13 43
0 12 43
3 10 25
2 11 25
0 12 25
1 14 42
1 14 41
1 14 40
1 14 39
0 14 38
1 32 11
6 32 10
2 33 10
2 34 10
2 35 10
2 36 10
2 37 10
0 38 10
1 20 21
4 20 22
0 19 22
0 18 22
6 14 37
2 15 37
2 16 37
2 17 37
0 18 37
1 36 25
1 36 24
6 36 23
0 37 23
1 38 11
3 38 12
2 39 12
2 40 12
0 41 12
0 38 23
1 5 34
1 5 35
4 5 36
0 4 36
3 29 16
2 30 16
2 31 16
2 32 16
0 33 16
6 6 6
2 7 6
2 8 6
2 9 6
0 10 6
1 22 12
1 22 11
5 22 10
2 21 10
2 20 10
2 19 10
2 18 10
2 17 10
0 16 10
1 4 37
1 4 38
1 4 39
1 4 40
1 4 41
0 4 42
1 41 13
1 41 14
3 41 15
2 42 15
2 43 15
2 44 15
2 45 15
2 46 15
0 47 15
1 10 5
6 10 4
2 11 4
2 12 4
0 13 4
5 45 30
1 45 31
3 45 32
2 46 32
0 47 32
2 14 4
2 15 4
2 16 4
2 17 4
2 18 4
0 19 4
2 20 4
2 21 4
2 22 4
2 23 4
2 24 4
2 25 4
2 26 4
2 27 4
0 28 4
4 12 44
2 11 44
2 10 44
2 9 44
0 8 44
-1
-1
-1
-1
-1
-1
-1
-1
-1
-1
-1
-1
-1
-1
-1
-1
-1
-1
-1
-1
-1
-1
-1
-1
-1
-1
-1
-1
-1
-1
-1
-1
-1
-1
-1
-1
-1
-1
-1
-1
-1
-1
-1
-1
-1
-1
-1
-1
-1
-1
-1
-1
-1
-1
-1
-1
-1
-1
-1
-1
-1
-1
-1
-1
-1
-1
-1
-1
-1
-1
-1
-1
-1
-1
-1
-1
-1
-1
-1
-1
-1
-1
-1
-1
-1
-1
-1
-1
-1
-1
-1
-1
-1
-1
-1
-1
-1
-1
-1
-1
-1
-1
-1
-1
-1
-1
-1
-1
-1
-1
-1
-1
-1
-1
-1
-1
-1
-1
-1
-1
-1
-1
-1
-1
-1
-1
-1
-1
-1
-1
-1
-1
-1
-1
-1
-1
-1
-1
-1
-1
-1
-1
-1
-1
-1
-1
-1
-1
-1
-1
-1
-1
-1
-1
-1
-1
-1
-1
-1
-1
-1
-1
-1
-1
-1
-1
-1
-1
-1
-1
-1
-1
-1
-1
-1
-1
-1
-1
-1
-1
-1
-1
-1
-1
-1
-1
-1
-1
-1
-1
-1
-1
-1
-1
-1
-1
-1
-1
-1
-1
-1
-1
-1
-1
-1
-1
-1
-1
-1
-1
-1
-1
-1
-1
-1
-1
-1
-1
-1
-1
-1
-1
-1
-1
-1
-1
-1
-1
-1
-1
-1
-1
-1
-1
-1
-1
-1
-1
-1
-1
-1
-1
-1
-1
-1
-1
-1
-1
-1
-1
-1
-1
-1
-1
-1
-1
-1
-1
-1
-1
-1
-1
-1
-1
-1
-1
-1
-1
-1
-1
-1
-1
-1
-1
-1
-1
-1
-1
-1
-1
-1
-1
-1
-1
-1
-1
-1
-1
-1
-1
-1
-1
-1
-1
-1
-1
-1
-1
-1
-1
-1
-1
-1
-1
-1
-1
-1
-1
-1
-1
-1
-1
-1
-1
-1
-1
-1
-1
-1
-1
-1
-1
-1
-1
-1
-1
-1
-1
-1
-1
-1
-1
-1
-1
-1
-1
-1
-1
-1
-1
-1
-1
-1
-1
-1
-1
