0 34 14
1 34 15
1 34 16
1 34 17
1 34 18
1 34 19
3 34 20
2 35 20
2 36 20
2 37 20
2 38 20
5 39 20
1 39 21
1 39 22
1 39 23
3 39 24
2 40 24
5 41 24
1 41 25
1 41 26
1 41 27
1 41 28
1 41 29
1 41 30
1 41 31
1 41 32
1 41 33
0 41 34
2 33 14
2 32 14
2 31 14
2 30 14
2 29 14
2 28 14
2 27 14
2 26 14
-1
3 25 14
-1
1 25 13
-1
1 25 12
1 25 11
-1
5 25 10
-1
2 24 10
-1
-1
-1
-1
-1
-1
-1
-1
-1
-1
-1
-1
-1
-1
-1
-1
-1
-1
-1
-1
-1
-1
-1
-1
-1
-1
-1
-1
-1
-1
-1
-1
-1
-1
-1
-1
-1
-1
-1
-1
-1
-1
-1
-1
-1
-1
-1
-1
-1
-1
-1
-1
-1
-1
-1
-1
-1
-1
-1
-1
-1
-1
-1
-1
-1
-1
-1
-1
-1
-1
-1
-1
-1
-1
-1
-1
-1
-1
-1
-1
-1
-1
-1
-1
-1
-1
-1
0 23 10
6 40 34
1 40 35
1 40 36
1 40 37
4 40 38
2 39 38
-1
-1
-1
-1
-1
-1
-1
-1
-1
-1
-1
-1
-1
-1
-1
-1
-1
-1
-1
-1
-1
-1
-1
-1
-1
-1
-1
-1
-1
-1
-1
-1
-1
-1
-1
-1
-1
-1
-1
-1
-1
0 38 38
1 38 39
1 38 40
1 38 41
3 38 42
5 39 42
1 39 43
3 39 44
2 40 44
2 41 44
2 42 44
2 43 44
-1
-1
-1
-1
-1
-1
-1
-1
-1
-1
-1
-1
-1
-1
-1
-1
-1
-1
-1
-1
-1
-1
-1
-1
-1
-1
0 44 44
1 34 13
1 34 12
1 34 11
1 34 10
6 34 9
2 35 9
2 36 9
4 37 9
1 37 8
6 37 7
2 38 7
2 39 7
-1
-1
-1
-1
-1
-1
-1
-1
-1
-1
-1
-1
-1
-1
-1
-1
-1
0 40 7
2 22 10
2 21 10
2 20 10
2 19 10
2 18 10
2 17 10
2 16 10
2 15 10
6 14 10
1 14 11
4 14 12
2 13 12
6 12 12
4 12 13
2 11 13
2 10 13
2 9 13
2 8 13
6 7 13
1 7 14
1 7 15
1 7 16
1 7 17
1 7 18
1 7 19
1 7 20
0 7 21
1 7 22
1 7 23
1 7 24
1 7 25
1 7 26
1 7 27
1 7 28
1 7 29
1 7 30
1 7 31
1 7 32
1 7 33
1 7 34
1 7 35
1 7 36
1 7 37
1 7 38
1 7 39
1 7 40
1 7 41
1 7 42
1 7 43
1 7 44
4 7 45
0 6 45
-1
-1
-1
-1
-1
-1
-1
-1
-1
0 36 20
-1
-1
-1
-1
-1
-1
-1
-1
-1
0 40 24
1 23 9
1 23 8
1 23 7
1 23 6
1 23 5
1 23 4
1 23 3
5 23 2
2 22 2
3 21 2
5 21 1
0 20 1
1 41 35
1 41 36
1 41 37
3 41 38
-1
-1
-1
0 42 38
-1
-1
-1
-1
-1
-1
0 37 9
-1
-1
-1
-1
-1
-1
0 7 40
-1
-1
-1
-1
-1
0 7 13
5 6 44
2 5 44
2 4 44
2 3 44
3 2 44
0 2 43
2 19 1
2 18 1
2 17 1
2 16 1
2 15 1
2 14 1
2 13 1
2 12 1
2 11 1
0 10 1
-1
0 30 14
3 6 40
1 6 39
1 6 38
1 6 37
1 6 36
1 6 35
1 6 34
1 6 33
5 6 32
0 5 32
0 41 28
1 7 12
1 7 11
1 7 10
0 7 9
4 42 34
6 42 33
2 43 33
2 44 33
4 45 33
1 45 32
6 45 31
2 46 31
2 47 31
0 48 31
0 12 12
2 40 28
2 39 28
2 38 28
0 37 28
1 5 31
1 5 30
5 5 29
0 4 29
4 37 29
2 36 29
0 35 29
0 25 14
1 2 42
1 2 41
6 2 40
0 3 40
1 40 6
5 40 5
2 39 5
2 38 5
0 37 5
0 34 16
4 37 6
2 36 6
2 35 6
2 34 6
0 33 6
0 44 45
1 25 15
3 25 16
0 26 16
1 37 4
5 37 3
2 36 3
0 35 3
0 7 44
0 39 20
4 42 28
1 42 27
6 42 26
2 43 26
2 44 26
0 45 26
0 39 42
0 14 10
6 37 38
4 37 39
0 36 39
5 33 5
2 32 5
2 31 5
2 30 5
2 29 5
0 28 5
0 45 33
0 9 1
0 40 34
0 17 1
1 39 19
5 39 18
0 38 18
3 6 21
1 6 20
5 6 19
0 5 19
1 17 2
1 17 3
0 17 4
2 45 45
2 46 45
2 47 45
0 48 45
1 37 10
1 37 11
3 37 12
0 38 12
2 8 44
2 9 44
2 10 44
2 11 44
2 12 44
0 13 44
4 40 20
6 40 19
2 41 19
2 42 19
0 43 19
4 17 5
2 16 5
2 15 5
2 14 5
0 13 5
2 34 29
2 33 29
2 32 29
0 31 29
1 31 28
1 31 27
0 31 26
5 5 18
2 4 18
2 3 18
2 2 18
2 1 18
0 0 18
1 35 2
6 35 1
2 36 1
2 37 1
0 38 1
1 48 44
1 48 43
1 48 42
1 48 41
1 48 40
0 48 39
2 6 9
2 5 9
2 4 9
2 3 9
0 2 9
0 2 44
1 31 25
1 31 24
0 31 23
3 40 8
2 41 8
2 42 8
0 43 8
4 26 17
2 25 17
2 24 17
0 23 17
4 41 7
1 41 6
1 41 5
0 41 4
1 13 43
1 13 42
1 13 41
1 13 40
1 13 39
1 13 38
1 13 37
0 13 36
1 13 35
1 13 34
0 13 33
3 43 9
2 44 9
2 45 9
2 46 9
0 47 9
2 27 5
2 26 5
0 25 5
5 14 36
1 14 37
3 14 38
2 15 38
2 16 38
0 17 38
1 7 8
1 7 7
0 7 6
1 30 13
1 30 12
0 30 11
1 45 25
1 45 24
1 45 23
6 45 22
2 46 22
0 47 22
1 2 8
1 2 7
1 2 6
1 2 5
0 2 4
1 31 30
1 31 31
1 31 32
4 31 33
2 30 33
2 29 33
2 28 33
2 27 33
2 26 33
0 25 33
-1
-1
-1
-1
-1
-1
-1
-1
-1
-1
-1
-1
-1
-1
-1
-1
-1
-1
-1
-1
-1
-1
-1
-1
-1
-1
-1
-1
-1
-1
-1
-1
-1
-1
-1
-1
-1
-1
-1
-1
-1
-1
-1
-1
-1
-1
-1
-1
-1
-1
-1
-1
-1
-1
-1
-1
-1
-1
-1
-1
-1
-1
-1
-1
-1
-1
-1
-1
-1
-1
-1
-1
-1
-1
-1
-1
-1
-1
-1
-1
-1
-1
-1
-1
-1
-1
-1
-1
-1
-1
-1
-1
-1
-1
-1
-1
-1
-1
-1
-1
-1
-1
-1
-1
-1
-1
-1
-1
-1
-1
-1
-1
-1
-1
-1
-1
-1
-1
-1
-1
-1
-1
-1
-1
-1
-1
-1
-1
-1
-1
-1
-1
-1
-1
-1
-1
-1
-1
-1
-1
-1
-1
-1
-1
-1
-1
-1
-1
-1
-1
-1
-1
-1
-1
-1
-1
-1
-1
-1
-1
-1
-1
-1
-1
-1
-1
-1
-1
-1
-1
-1
-1
-1
-1
-1
-1
-1
-1
-1
-1
-1
-1
-1
-1
-1
-1
-1
-1
-1
-1
-1
-1
-1
-1
-1
-1
-1
-1
-1
-1
-1
-1
-1
-1
