0 27 15
2 26 15
2 25 15
2 24 15
2 23 15
2 22 15
2 21 15
2 20 15
6 19 15
4 19 16
2 18 16
2 17 16
2 16 16
0 15 16
1 27 16
-1
-1
-1
-1
1 27 17
-1
-1
-1
-1
-1
1 27 18
-1
-1
-1
-1
-1
1 27 19
-1
-1
-1
-1
-1
1 27 20
-1
-1
-1
-1
-1
1 27 21
-1
-1
-1
-1
-1
1 27 22
-1
-1
-1
-1
-1
1 27 23
-1
-1
-1
-1
-1
1 27 24
-1
-1
-1
-1
1 27 25
-1
-1
-1
-1
-1
1 27 26
-1
-1
-1
-1
-1
1 27 27
-1
-1
-1
-1
-1
1 27 28
-1
-1
-1
-1
-1
1 27 29
-1
-1
-1
-1
-1
1 27 30
-1
-1
-1
-1
-1
1 27 31
-1
-1
-1
-1
-1
1 27 32
-1
-1
-1
-1
-1
1 27 33
-1
-1
-1
-1
1 27 34
-1
-1
-1
-1
-1
3 27 35
-1
-1
-1
-1
-1
5 28 35
-1
-1
-1
-1
-1
3 28 36
-1
-1
-1
-1
-1
2 29 36
-1
-1
-1
-1
-1
2 30 36
-1
-1
-1
-1
-1
2 31 36
-1
-1
-1
-1
-1
2 32 36
-1
-1
-1
-1
2 33 36
-1
-1
-1
-1
-1
-1
-1
-1
-1
-1
-1
-1
-1
-1
-1
-1
-1
-1
-1
-1
-1
-1
-1
-1
-1
-1
-1
-1
-1
-1
-1
-1
-1
-1
-1
-1
-1
-1
-1
-1
-1
-1
-1
-1
-1
-1
-1
-1
-1
-1
-1
-1
-1
-1
-1
-1
-1
-1
-1
-1
-1
-1
-1
-1
-1
-1
-1
-1
-1
-1
-1
-1
-1
-1
-1
-1
-1
-1
-1
-1
-1
-1
-1
-1
-1
-1
-1
-1
-1
-1
-1
-1
-1
-1
-1
-1
-1
-1
-1
-1
-1
-1
-1
-1
-1
-1
-1
-1
-1
-1
-1
-1
-1
-1
-1
-1
-1
-1
-1
-1
-1
-1
-1
-1
-1
-1
-1
-1
-1
-1
-1
-1
-1
-1
-1
-1
-1
-1
-1
-1
-1
-1
-1
-1
-1
-1
-1
-1
-1
-1
-1
-1
-1
-1
-1
-1
-1
-1
-1
-1
-1
-1
-1
-1
-1
-1
-1
-1
-1
-1
-1
-1
-1
-1
-1
-1
-1
-1
-1
-1
-1
-1
-1
-1
-1
-1
-1
-1
-1
-1
-1
-1
-1
-1
-1
-1
-1
-1
-1
-1
-1
-1
-1
-1
-1
-1
-1
-1
-1
-1
-1
-1
-1
-1
-1
-1
-1
-1
-1
-1
-1
-1
-1
-1
-1
-1
-1
-1
-1
-1
-1
-1
-1
-1
-1
-1
-1
-1
-1
-1
-1
-1
-1
-1
-1
-1
-1
-1
-1
-1
-1
-1
-1
-1
-1
-1
-1
-1
-1
-1
-1
-1
-1
-1
-1
-1
-1
-1
-1
-1
-1
-1
-1
-1
-1
-1
-1
-1
-1
-1
-1
-1
-1
-1
-1
-1
-1
-1
-1
-1
-1
-1
-1
-1
0 34 36
1 27 14
-1
1 27 13
1 27 12
1 27 11
1 27 10
1 27 9
1 27 8
1 27 7
1 27 6
6 27 5
2 28 5
2 29 5
2 30 5
-1
2 31 5
2 32 5
2 33 5
2 34 5
2 35 5
2 36 5
2 37 5
2 38 5
2 39 5
2 40 5
2 41 5
-1
2 42 5
2 43 5
4 44 5
6 44 4
2 45 4
2 46 4
2 47 4
-1
-1
-1
-1
-1
-1
-1
-1
-1
-1
-1
-1
-1
-1
-1
-1
-1
-1
-1
-1
-1
-1
-1
-1
-1
-1
-1
-1
-1
-1
-1
-1
-1
-1
-1
-1
-1
-1
-1
-1
-1
-1
-1
-1
-1
-1
-1
-1
-1
-1
-1
-1
-1
0 48 4
1 34 37
1 34 38
1 34 39
1 34 40
1 34 41
1 34 42
1 34 43
4 34 44
2 33 44
2 32 44
2 31 44
2 30 44
2 29 44
2 28 44
-1
-1
-1
-1
-1
-1
-1
-1
-1
-1
-1
-1
-1
-1
-1
-1
-1
-1
-1
-1
-1
0 27 44
1 27 43
1 27 42
1 27 41
5 27 40
2 26 40
-1
-1
-1
-1
-1
-1
-1
-1
-1
-1
-1
-1
0 25 40
1 48 3
1 48 2
5 48 1
2 47 1
2 46 1
-1
-1
-1
-1
-1
-1
-1
-1
-1
0 45 1
3 27 45
2 28 45
2 29 45
2 30 45
2 31 45
2 32 45
2 33 45
2 34 45
2 35 45
2 36 45
2 37 45
2 38 45
2 39 45
2 40 45
2 41 45
0 42 45
1 15 17
4 15 18
2 14 18
-1
-1
-1
-1
-1
0 13 18
-1
-1
-1
-1
-1
-1
0 44 5
1 42 46
3 42 47
2 43 47
2 44 47
2 45 47
-1
0 46 47
-1
-1
-1
-1
-1
0 19 15
1 46 46
1 46 45
1 46 44
1 46 43
1 46 42
6 46 41
0 47 41
1 19 14
1 19 13
6 19 12
2 20 12
2 21 12
2 22 12
0 23 12
-1
0 34 44
1 44 6
1 44 7
3 44 8
2 45 8
0 46 8
1 15 15
1 15 14
0 15 13
5 25 39
2 24 39
0 23 39
1 15 12
1 15 11
1 15 10
1 15 9
1 15 8
1 15 7
0 15 6
0 28 35
5 16 6
3 16 7
2 17 7
2 18 7
0 19 7
0 42 46
1 47 40
1 47 39
1 47 38
1 47 37
5 47 36
2 46 36
2 45 36
0 44 36
2 41 46
2 40 46
2 39 46
2 38 46
2 37 46
2 36 46
2 35 46
2 34 46
0 33 46
-1
-1
-1
-1
-1
-1
-1
-1
-1
-1
-1
-1
-1
-1
-1
-1
-1
-1
-1
-1
-1
-1
-1
-1
-1
-1
-1
-1
-1
-1
-1
-1
-1
-1
-1
-1
-1
-1
-1
-1
-1
-1
-1
-1
-1
-1
-1
-1
-1
-1
-1
-1
-1
-1
-1
-1
-1
-1
-1
-1
-1
-1
-1
-1
-1
-1
-1
-1
-1
-1
-1
-1
-1
-1
-1
-1
-1
-1
