0 33 43
3 33 44
2 34 44
2 35 44
5 36 44
3 36 45
2 37 45
2 38 45
2 39 45
2 40 45
2 41 45
2 42 45
2 43 45
2 44 45
2 45 45
0 46 45
1 33 42
5 33 41
-1
-1
-1
-1
2 32 41
-1
-1
-1
-1
2 31 41
-1
-1
-1
-1
-1
2 30 41
-1
-1
-1
-1
2 29 41
-1
-1
-1
-1
-1
2 28 41
-1
-1
-1
-1
2 27 41
-1
-1
-1
-1
-1
2 26 41
-1
-1
-1
-1
-1
2 25 41
-1
-1
-1
-1
2 24 41
-1
-1
-1
-1
-1
2 23 41
-1
-1
-1
-1
2 22 41
-1
-1
-1
-1
-1
2 21 41
-1
-1
-1
-1
-1
-1
-1
-1
-1
-1
-1
-1
-1
-1
-1
-1
-1
-1
-1
-1
-1
-1
-1
-1
-1
-1
-1
-1
-1
-1
-1
-1
-1
-1
-1
-1
-1
-1
-1
-1
-1
-1
-1
-1
-1
-1
-1
-1
-1
-1
-1
-1
-1
-1
-1
-1
-1
-1
-1
-1
-1
-1
-1
-1
-1
-1
-1
-1
-1
-1
-1
-1
-1
-1
-1
-1
-1
-1
-1
-1
-1
-1
-1
-1
-1
-1
-1
-1
-1
-1
-1
-1
-1
-1
-1
-1
-1
-1
-1
-1
-1
-1
-1
-1
-1
-1
-1
-1
-1
-1
-1
-1
-1
-1
-1
-1
-1
-1
-1
-1
-1
-1
-1
-1
-1
-1
-1
-1
-1
-1
-1
-1
-1
-1
-1
-1
-1
-1
-1
-1
-1
-1
-1
-1
-1
-1
-1
-1
-1
-1
-1
-1
-1
-1
-1
-1
-1
-1
-1
-1
-1
-1
-1
-1
-1
-1
-1
-1
-1
-1
-1
-1
-1
-1
-1
-1
-1
-1
-1
-1
-1
-1
-1
-1
-1
-1
-1
-1
-1
-1
-1
-1
-1
-1
-1
-1
-1
-1
-1
-1
-1
-1
-1
-1
-1
-1
-1
-1
-1
-1
-1
-1
-1
-1
-1
-1
-1
-1
-1
-1
-1
-1
-1
-1
-1
-1
-1
-1
-1
-1
-1
-1
-1
-1
-1
-1
-1
-1
-1
-1
-1
-1
-1
-1
-1
-1
-1
-1
-1
-1
-1
-1
-1
-1
-1
-1
-1
-1
-1
-1
-1
-1
-1
-1
-1
-1
-1
-1
-1
-1
-1
-1
-1
-1
-1
-1
-1
0 20 41
-1
1 20 40
1 20 39
-1
1 20 38
1 20 37
-1
1 20 36
-1
1 20 35
1 20 34
-1
1 20 33
1 20 32
-1
1 20 31
1 20 30
-1
1 20 29
-1
5 20 28
2 19 28
-1
2 18 28
3 17 28
-1
1 17 27
1 17 26
-1
1 17 25
1 17 24
-1
1 17 23
-1
1 17 22
1 17 21
-1
1 17 20
1 17 19
-1
1 17 18
1 17 17
-1
1 17 16
-1
1 17 15
1 17 14
-1
1 17 13
1 17 12
-1
1 17 11
1 17 10
-1
1 17 9
1 17 8
-1
1 17 7
-1
1 17 6
-1
-1
-1
-1
-1
-1
-1
-1
-1
-1
-1
-1
-1
-1
-1
-1
-1
-1
-1
-1
-1
-1
-1
-1
-1
-1
-1
-1
-1
-1
-1
-1
-1
-1
-1
-1
-1
-1
-1
-1
-1
-1
-1
-1
-1
-1
-1
-1
-1
-1
-1
-1
-1
-1
-1
-1
-1
-1
-1
-1
-1
-1
-1
-1
-1
-1
-1
-1
-1
-1
-1
-1
-1
-1
-1
-1
-1
0 17 5
5 18 5
1 18 6
3 18 7
2 19 7
2 20 7
2 21 7
2 22 7
2 23 7
2 24 7
2 25 7
2 26 7
2 27 7
2 28 7
-1
-1
-1
-1
-1
-1
-1
-1
-1
-1
-1
-1
-1
-1
-1
-1
-1
-1
-1
-1
-1
-1
-1
0 29 7
6 16 5
1 16 6
1 16 7
1 16 8
1 16 9
1 16 10
4 16 11
2 15 11
2 14 11
2 13 11
2 12 11
-1
-1
-1
-1
-1
-1
-1
-1
-1
-1
-1
-1
-1
0 11 11
1 29 8
1 29 9
1 29 10
3 29 11
2 30 11
2 31 11
2 32 11
2 33 11
2 34 11
2 35 11
2 36 11
5 37 11
3 37 12
2 38 12
2 39 12
2 40 12
-1
-1
-1
-1
0 41 12
1 20 42
1 20 43
1 20 44
1 20 45
1 20 46
1 20 47
4 20 48
2 19 48
2 18 48
2 17 48
-1
-1
-1
0 16 48
5 16 47
2 15 47
3 14 47
1 14 46
5 14 45
2 13 45
2 12 45
2 11 45
2 10 45
2 9 45
2 8 45
2 7 45
2 6 45
2 5 45
2 4 45
2 3 45
0 2 45
6 17 4
2 18 4
2 19 4
2 20 4
-1
0 21 4
1 11 12
1 11 13
1 11 14
1 11 15
1 11 16
1 11 17
1 11 18
1 11 19
1 11 20
1 11 21
1 11 22
4 11 23
0 10 23
-1
-1
-1
0 37 11
1 46 44
1 46 43
1 46 42
1 46 41
5 46 40
2 45 40
0 44 40
1 11 10
1 11 9
1 11 8
1 11 7
5 11 6
2 10 6
2 9 6
2 8 6
2 7 6
0 6 6
0 17 28
2 19 41
2 18 41
2 17 41
2 16 41
2 15 41
2 14 41
0 13 41
4 13 42
2 12 42
2 11 42
2 10 42
2 9 42
0 8 42
0 26 7
1 26 8
1 26 9
1 26 10
4 26 11
2 25 11
2 24 11
0 23 11
0 11 19
1 44 41
4 44 42
0 43 42
1 23 12
1 23 13
1 23 14
3 23 15
2 24 15
2 25 15
0 26 15
0 36 44
1 26 16
1 26 17
1 26 18
3 26 19
2 27 19
0 28 19
0 20 45
0 14 47
1 10 24
1 10 25
1 10 26
4 10 27
2 9 27
0 8 27
1 29 6
1 29 5
1 29 4
1 29 3
6 29 2
2 30 2
2 31 2
2 32 2
2 33 2
2 34 2
0 35 2
4 28 20
2 27 20
2 26 20
3 25 20
5 25 19
2 24 19
0 23 19
1 23 20
1 23 21
1 23 22
1 23 23
1 23 24
1 23 25
1 23 26
1 23 27
4 23 28
0 22 28
-1
-1
-1
-1
-1
-1
-1
-1
-1
-1
-1
-1
-1
-1
-1
-1
-1
-1
-1
-1
-1
-1
-1
-1
-1
-1
-1
-1
-1
-1
-1
-1
-1
-1
-1
-1
-1
-1
-1
-1
-1
-1
-1
-1
-1
-1
-1
-1
-1
-1
-1
-1
-1
-1
-1
-1
-1
-1
-1
-1
-1
-1
-1
-1
-1
-1
-1
-1
-1
-1
