0 11 32
1 11 31
1 11 30
6 11 29
2 12 29
2 13 29
4 14 29
1 14 28
1 14 27
1 14 26
6 14 25
4 15 25
1 15 24
1 15 23
1 15 22
1 15 21
1 15 20
1 15 19
1 15 18
1 15 17
6 15 16
4 16 16
0 16 15
1 11 33
-1
-1
1 11 34
-1
1 11 35
-1
1 11 36
-1
1 11 37
-1
-1
1 11 38
-1
4 11 39
-1
2 10 39
-1
-1
2 9 39
-1
6 8 39
-1
1 8 40
-1
1 8 41
-1
-1
1 8 42
-1
1 8 43
-1
1 8 44
-1
1 8 45
-1
-1
4 8 46
-1
2 7 46
-1
-1
-1
-1
-1
-1
-1
-1
-1
-1
-1
-1
-1
-1
-1
-1
-1
-1
-1
-1
-1
-1
-1
-1
-1
-1
-1
-1
-1
-1
-1
-1
-1
-1
-1
-1
-1
-1
-1
-1
-1
-1
-1
-1
-1
-1
-1
-1
-1
-1
-1
-1
-1
-1
-1
-1
-1
-1
-1
-1
-1
-1
-1
-1
-1
-1
-1
-1
-1
-1
-1
-1
-1
-1
-1
-1
-1
-1
-1
-1
-1
-1
-1
-1
-1
-1
-1
-1
-1
-1
-1
-1
-1
-1
-1
-1
-1
-1
-1
-1
-1
-1
-1
-1
-1
-1
-1
-1
-1
-1
-1
-1
-1
0 6 46
2 5 46
-1
2 4 46
2 3 46
2 2 46
-1
-1
-1
-1
-1
-1
-1
-1
-1
-1
-1
-1
-1
-1
-1
-1
-1
-1
-1
-1
-1
-1
-1
-1
-1
-1
-1
-1
-1
-1
-1
-1
-1
-1
-1
-1
-1
-1
-1
-1
-1
-1
-1
-1
-1
-1
-1
-1
-1
-1
-1
-1
-1
-1
-1
-1
-1
-1
-1
-1
-1
0 1 46
2 17 15
4 18 15
1 18 14
1 18 13
1 18 12
6 18 11
2 19 11
4 20 11
1 20 10
1 20 9
6 20 8
2 21 8
2 22 8
2 23 8
2 24 8
2 25 8
2 26 8
2 27 8
2 28 8
2 29 8
2 30 8
-1
-1
-1
-1
-1
-1
-1
-1
-1
-1
-1
-1
-1
-1
-1
-1
-1
-1
-1
-1
-1
-1
-1
-1
-1
-1
-1
-1
-1
-1
-1
-1
-1
0 31 8
2 12 32
2 13 32
2 14 32
2 15 32
2 16 32
2 17 32
2 18 32
2 19 32
2 20 32
2 21 32
2 22 32
2 23 32
2 24 32
5 25 32
1 25 33
3 25 34
2 26 34
2 27 34
2 28 34
2 29 34
2 30 34
2 31 34
2 32 34
2 33 34
5 34 34
1 34 35
1 34 36
1 34 37
1 34 38
3 34 39
2 35 39
2 36 39
2 37 39
2 38 39
2 39 39
2 40 39
0 41 39
3 41 40
2 42 40
2 43 40
2 44 40
2 45 40
2 46 40
2 47 40
2 48 40
-1
-1
-1
-1
-1
0 49 40
3 15 15
1 15 14
1 15 13
1 15 12
1 15 11
5 15 10
3 14 10
1 14 9
1 14 8
1 14 7
1 14 6
5 14 5
2 13 5
2 12 5
3 11 5
1 11 4
1 11 3
5 11 2
2 10 2
2 9 2
2 8 2
0 7 2
1 6 45
1 6 44
5 6 43
3 5 43
1 5 42
1 5 41
0 5 40
1 31 9
1 31 10
1 31 11
1 31 12
1 31 13
1 31 14
3 31 15
-1
-1
0 32 15
-1
-1
-1
-1
-1
-1
0 5 43
3 6 47
2 7 47
2 8 47
2 9 47
2 10 47
2 11 47
2 12 47
2 13 47
4 14 47
1 14 46
6 14 45
0 15 45
-1
0 20 11
2 6 2
2 5 2
2 4 2
-1
-1
0 3 2
1 31 7
1 31 6
1 31 5
-1
0 31 4
6 15 44
2 16 44
2 17 44
2 18 44
2 19 44
2 20 44
2 21 44
0 22 44
0 11 38
1 20 12
1 20 13
3 20 14
2 21 14
5 22 14
1 22 15
1 22 16
1 22 17
3 22 18
0 23 18
0 35 39
2 10 32
2 9 32
0 8 32
1 22 45
3 22 46
2 23 46
2 24 46
2 25 46
2 26 46
0 27 46
0 15 21
-1
0 18 15
1 23 19
3 23 20
2 24 20
2 25 20
2 26 20
0 27 20
3 4 43
5 4 42
2 3 42
0 2 42
2 28 46
2 29 46
0 30 46
0 14 10
0 8 41
2 7 32
2 6 32
2 5 32
3 4 32
1 4 31
5 4 30
0 3 30
0 11 47
0 20 8
0 34 34
1 27 47
4 27 48
2 26 48
0 25 48
0 15 25
1 30 45
1 30 44
6 30 43
2 31 43
4 32 43
0 32 42
0 22 8
0 25 32
0 14 29
0 5 46
4 14 11
6 13 11
1 13 12
1 13 13
4 13 14
2 12 14
2 11 14
2 10 14
0 9 14
0 15 32
0 22 14
0 14 47
0 28 20
0 37 39
0 4 32
0 28 8
1 11 46
1 11 45
0 11 44
1 28 19
0 28 18
2 32 8
0 33 8
1 37 40
1 37 41
1 37 42
1 37 43
1 37 44
3 37 45
0 38 45
0 11 5
0 39 45
1 38 46
1 38 47
0 38 48
4 9 15
2 8 15
2 7 15
2 6 15
2 5 15
2 4 15
0 3 15
1 3 16
1 3 17
3 3 18
0 4 18
2 35 34
2 36 34
2 37 34
2 38 34
0 39 34
1 2 41
1 2 40
1 2 39
1 2 38
0 2 37
1 25 31
1 25 30
5 25 29
0 24 29
1 28 21
1 28 22
1 28 23
0 28 24
1 15 26
3 15 27
0 16 27
0 9 39
2 14 21
2 13 21
0 12 21
1 32 41
1 32 40
5 32 39
2 31 39
2 30 39
0 29 39
0 28 39
1 41 38
6 41 37
0 42 37
2 30 4
0 29 4
4 4 19
2 3 19
0 2 19
1 8 31
1 8 30
1 8 29
1 8 28
1 8 27
1 8 26
0 8 25
2 12 38
0 13 38
1 28 9
4 28 10
2 27 10
0 26 10
5 12 20
0 11 20
1 22 7
1 22 6
0 22 5
2 40 34
2 41 34
2 42 34
2 43 34
2 44 34
0 45 34
1 45 33
6 45 32
2 46 32
2 47 32
2 48 32
0 49 32
2 33 15
2 34 15
2 35 15
2 36 15
2 37 15
2 38 15
2 39 15
2 40 15
2 41 15
0 42 15
1 42 16
1 42 17
1 42 18
0 42 19
2 16 21
2 17 21
5 18 21
3 18 22
2 19 22
0 20 22
1 49 41
1 49 42
1 49 43
1 49 44
0 49 45
3 15 33
5 16 33
1 16 34
1 16 35
3 16 36
2 17 36
2 18 36
2 19 36
0 20 36
1 42 14
1 42 13
6 42 12
2 43 12
2 44 12
2 45 12
2 46 12
0 47 12
-1
-1
-1
-1
-1
-1
-1
-1
-1
-1
-1
-1
-1
-1
-1
-1
-1
-1
-1
-1
-1
-1
-1
-1
-1
-1
-1
-1
-1
-1
-1
-1
-1
-1
-1
-1
-1
-1
-1
-1
-1
-1
-1
-1
-1
-1
-1
-1
-1
-1
-1
-1
-1
-1
-1
-1
-1
-1
-1
-1
-1
-1
-1
-1
-1
-1
-1
-1
-1
-1
-1
-1
-1
-1
-1
-1
-1
-1
-1
-1
-1
-1
-1
-1
-1
-1
-1
-1
-1
-1
-1
-1
-1
-1
-1
-1
-1
-1
-1
-1
-1
-1
-1
-1
-1
-1
-1
-1
-1
-1
-1
-1
-1
-1
-1
-1
-1
-1
-1
-1
-1
-1
-1
-1
-1
-1
-1
-1
-1
-1
-1
-1
-1
-1
-1
-1
-1
-1
-1
-1
-1
-1
-1
-1
-1
-1
-1
-1
