0 11 2
3 11 3
2 12 3
2 13 3
2 14 3
5 15 3
1 15 4
1 15 5
1 15 6
1 15 7
3 15 8
2 16 8
2 17 8
2 18 8
5 19 8
1 19 9
1 19 10
3 19 11
2 20 11
2 21 11
2 22 11
2 23 11
2 24 11
2 25 11
5 26 11
1 26 12
3 26 13
2 27 13
5 28 13
1 28 14
1 28 15
1 28 16
1 28 17
1 28 18
1 28 19
3 28 20
2 29 20
0 30 20
1 30 21
1 30 22
1 30 23
1 30 24
1 30 25
1 30 26
-1
-1
-1
-1
-1
-1
-1
-1
-1
-1
-1
-1
-1
-1
-1
-1
-1
-1
-1
-1
-1
-1
-1
-1
0 30 27
6 10 2
1 10 3
1 10 4
4 10 5
2 9 5
2 8 5
6 7 5
1 7 6
1 7 7
4 7 8
2 6 8
6 5 8
1 5 9
1 5 10
1 5 11
1 5 12
-1
-1
-1
-1
-1
-1
-1
-1
-1
-1
-1
-1
-1
-1
-1
-1
-1
-1
-1
-1
-1
-1
-1
-1
-1
-1
-1
-1
-1
-1
-1
-1
-1
-1
-1
-1
0 5 13
2 31 27
5 32 27
3 32 28
2 33 28
2 34 28
2 35 28
2 36 28
5 37 28
1 37 29
1 37 30
3 37 31
2 38 31
2 39 31
2 40 31
2 41 31
2 42 31
5 43 31
1 43 32
1 43 33
1 43 34
1 43 35
1 43 36
3 43 37
2 44 37
2 45 37
5 46 37
1 46 38
1 46 39
1 46 40
1 46 41
3 46 42
2 47 42
-1
-1
-1
-1
-1
-1
-1
-1
-1
-1
-1
-1
-1
-1
-1
-1
-1
-1
-1
-1
0 48 42
1 5 14
1 5 15
1 5 16
1 5 17
1 5 18
1 5 19
1 5 20
1 5 21
1 5 22
1 5 23
1 5 24
1 5 25
1 5 26
1 5 27
1 5 28
1 5 29
1 5 30
1 5 31
1 5 32
1 5 33
1 5 34
1 5 35
1 5 36
1 5 37
1 5 38
1 5 39
-1
-1
-1
-1
-1
-1
-1
0 5 40
1 30 19
1 30 18
6 30 17
2 31 17
4 32 17
1 32 16
1 32 15
1 32 14
1 32 13
1 32 12
1 32 11
1 32 10
1 32 9
1 32 8
1 32 7
1 32 6
1 32 5
1 32 4
1 32 3
1 32 2
1 32 1
6 32 0
2 33 0
2 34 0
2 35 0
2 36 0
2 37 0
2 38 0
2 39 0
2 40 0
0 41 0
1 5 41
3 5 42
2 6 42
2 7 42
2 8 42
5 9 42
1 9 43
3 9 44
2 10 44
2 11 44
2 12 44
2 13 44
0 14 44
3 29 27
1 29 26
5 29 25
2 28 25
2 27 25
2 26 25
3 25 25
1 25 24
1 25 23
1 25 22
5 25 21
2 24 21
2 23 21
2 22 21
2 21 21
2 20 21
2 19 21
2 18 21
0 17 21
2 31 20
2 32 20
2 33 20
5 34 20
3 34 21
2 35 21
2 36 21
2 37 21
-1
0 38 21
-1
-1
-1
-1
-1
-1
-1
-1
0 46 37
3 4 40
1 4 39
5 4 38
2 3 38
-1
-1
-1
-1
0 2 38
-1
-1
-1
-1
-1
-1
-1
0 27 13
-1
-1
-1
-1
-1
-1
0 37 31
-1
-1
-1
-1
-1
0 35 0
1 37 32
1 37 33
1 37 34
1 37 35
1 37 36
1 37 37
4 37 38
2 36 38
2 35 38
2 34 38
0 33 38
-1
0 9 5
1 30 28
1 30 29
1 30 30
1 30 31
-1
0 30 32
1 14 45
3 14 46
2 15 46
2 16 46
2 17 46
2 18 46
2 19 46
0 20 46
-1
0 42 31
-1
-1
-1
0 5 23
6 38 20
2 39 20
2 40 20
2 41 20
2 42 20
2 43 20
2 44 20
2 45 20
2 46 20
4 47 20
1 47 19
1 47 18
1 47 17
6 47 16
0 48 16
0 5 12
0 9 42
0 35 28
-1
-1
-1
0 34 20
1 48 15
1 48 14
1 48 13
1 48 12
5 48 11
2 47 11
3 46 11
1 46 10
0 46 9
0 27 25
0 19 11
2 32 38
2 31 38
2 30 38
2 29 38
2 28 38
0 27 38
0 15 3
1 9 41
1 9 40
0 9 39
1 9 38
1 9 37
1 9 36
1 9 35
0 9 34
0 37 28
2 21 46
2 22 46
2 23 46
2 24 46
0 25 46
0 21 21
-1
-1
0 32 9
6 15 2
2 16 2
2 17 2
2 18 2
2 19 2
2 20 2
0 21 2
0 43 31
0 28 18
1 21 20
1 21 19
1 21 18
6 21 17
0 22 17
1 35 27
1 35 26
1 35 25
5 35 24
0 34 24
0 47 20
0 35 38
0 29 32
0 5 19
1 17 20
0 17 19
2 26 38
2 25 38
2 24 38
0 23 38
0 1 38
1 35 39
3 35 40
2 36 40
2 37 40
2 38 40
0 39 40
0 32 3
4 31 32
1 31 31
1 31 30
0 31 29
0 26 11
0 46 42
0 5 42
0 32 17
1 1 37
1 1 36
0 1 35
2 22 38
2 21 38
0 20 38
0 46 11
1 43 30
1 43 29
1 43 28
0 43 27
0 25 25
2 44 27
0 45 27
0 5 8
1 25 26
1 25 27
1 25 28
4 25 29
2 24 29
2 23 29
0 22 29
1 26 10
1 26 9
0 26 8
1 46 43
1 46 44
1 46 45
4 46 46
0 45 46
2 33 17
2 34 17
0 35 17
1 33 39
1 33 40
1 33 41
3 33 42
0 34 42
2 6 12
2 7 12
2 8 12
2 9 12
2 10 12
0 11 12
4 22 30
2 21 30
2 20 30
2 19 30
0 18 30
1 46 8
1 46 7
6 46 6
2 47 6
0 48 6
2 31 3
2 30 3
0 29 3
2 17 30
2 16 30
0 15 30
1 39 39
1 39 38
1 39 37
6 39 36
0 40 36
1 30 33
1 30 34
0 30 35
4 46 12
2 45 12
2 44 12
2 43 12
0 42 12
-1
-1
-1
-1
-1
-1
-1
-1
-1
-1
-1
-1
-1
-1
-1
-1
-1
-1
-1
-1
-1
-1
-1
-1
-1
-1
-1
-1
-1
-1
-1
-1
-1
-1
-1
-1
-1
-1
-1
-1
-1
-1
-1
-1
-1
-1
-1
-1
-1
-1
-1
-1
-1
-1
-1
-1
-1
-1
-1
-1
-1
-1
-1
-1
-1
-1
-1
-1
-1
-1
-1
-1
-1
-1
-1
-1
-1
-1
-1
-1
-1
-1
-1
-1
-1
-1
-1
-1
-1
-1
-1
-1
-1
-1
-1
-1
-1
-1
-1
-1
-1
-1
-1
-1
-1
-1
-1
-1
-1
-1
-1
-1
-1
-1
-1
-1
-1
-1
-1
-1
-1
-1
-1
-1
-1
-1
-1
-1
-1
-1
-1
-1
-1
-1
-1
-1
-1
-1
-1
-1
-1
-1
-1
-1
-1
-1
-1
-1
-1
-1
-1
-1
-1
-1
-1
-1
-1
-1
-1
-1
-1
-1
-1
-1
-1
-1
-1
-1
-1
-1
-1
-1
-1
-1
-1
-1
-1
-1
-1
-1
-1
-1
-1
-1
-1
-1
-1
-1
-1
-1
-1
-1
-1
-1
-1
-1
-1
-1
-1
-1
-1
-1
-1
-1
-1
-1
-1
-1
-1
-1
-1
-1
-1
-1
-1
-1
-1
-1
-1
-1
-1
-1
-1
-1
-1
-1
-1
-1
-1
-1
-1
-1
-1
-1
-1
-1
-1
-1
-1
-1
-1
-1
-1
-1
-1
-1
-1
-1
-1
-1
-1
-1
-1
-1
-1
-1
-1
-1
-1
-1
-1
-1
-1
-1
-1
-1
-1
-1
-1
-1
