0 4 34
1 4 33
1 4 32
1 4 31
6 4 30
4 5 30
6 5 29
2 6 29
4 7 29
1 7 28
1 7 27
1 7 26
1 7 25
6 7 24
2 8 24
2 9 24
4 10 24
1 10 23
1 10 22
1 10 21
6 10 20
2 11 20
2 12 20
2 13 20
2 14 20
4 15 20
1 15 19
1 15 18
1 15 17
1 15 16
1 15 15
6 15 14
2 16 14
2 17 14
4 18 14
6 18 13
2 19 13
2 20 13
2 21 13
2 22 13
2 23 13
2 24 13
2 25 13
2 26 13
2 27 13
4 28 13
1 28 12
6 28 11
2 29 11
2 30 11
2 31 11
2 32 11
2 33 11
2 34 11
2 35 11
4 36 11
1 36 10
1 36 9
6 36 8
4 37 8
6 37 7
2 38 7
2 39 7
2 40 7
4 41 7
0 41 6
-1
-1
-1
-1
-1
-1
-1
-1
-1
-1
-1
0 37 8
-1
-1
-1
-1
-1
-1
-1
-1
-1
-1
0 5 30
1 41 5
1 41 4
5 41 3
2 40 3
-1
-1
-1
-1
-1
0 39 3
1 37 9
3 37 10
2 38 10
5 39 10
1 39 11
1 39 12
-1
0 39 13
1 5 31
3 5 32
2 6 32
2 7 32
2 8 32
0 9 32
1 39 2
6 39 1
2 40 1
2 41 1
2 42 1
0 43 1
2 3 34
-1
0 2 34
1 2 33
1 2 32
1 2 31
1 2 30
1 2 29
0 2 28
1 9 33
1 9 34
1 9 35
1 9 36
1 9 37
1 9 38
1 9 39
1 9 40
1 9 41
1 9 42
0 9 43
0 7 29
0 7 24
0 38 3
0 39 14
1 39 15
1 39 16
3 39 17
2 40 17
5 41 17
1 41 18
0 41 19
0 8 29
0 41 7
1 41 20
1 41 21
0 41 22
0 9 37
1 9 44
0 9 45
5 10 43
3 10 44
2 11 44
2 12 44
2 13 44
0 14 44
1 9 46
0 9 47
0 35 11
2 15 44
2 16 44
2 17 44
2 18 44
0 19 44
1 19 45
1 19 46
1 19 47
0 19 48
2 20 48
2 21 48
2 22 48
2 23 48
2 24 48
0 25 48
0 10 20
1 10 19
5 10 18
2 9 18
3 8 18
1 8 17
1 8 16
1 8 15
5 8 14
0 7 14
1 7 13
1 7 12
5 7 11
2 6 11
3 5 11
0 5 10
6 19 43
2 20 43
2 21 43
0 22 43
0 31 11
2 23 43
2 24 43
2 25 43
0 26 43
2 40 22
2 39 22
0 38 22
0 25 13
0 28 13
0 19 47
0 15 14
2 37 3
0 36 3
1 5 9
1 5 8
1 5 7
1 5 6
0 5 5
1 41 8
1 41 9
0 41 10
2 8 45
2 7 45
2 6 45
0 5 45
2 6 5
0 7 5
1 38 23
1 38 24
0 38 25
0 10 47
1 38 26
1 38 27
0 38 28
0 15 20
6 25 47
2 26 47
2 27 47
0 28 47
2 6 14
2 5 14
0 4 14
1 4 15
1 4 16
0 4 17
2 6 10
2 7 10
0 8 10
0 18 13
2 29 47
2 30 47
2 31 47
2 32 47
0 33 47
1 33 46
1 33 45
1 33 44
1 33 43
1 33 42
0 33 41
1 2 35
1 2 36
0 2 37
2 11 47
0 12 47
1 33 40
0 33 39
1 26 42
1 26 41
0 26 40
1 26 39
1 26 38
1 26 37
1 26 36
0 26 35
0 32 11
0 24 48
1 4 18
1 4 19
0 4 20
0 18 14
2 9 10
2 10 10
0 11 10
1 26 34
1 26 33
1 26 32
6 26 31
0 27 31
2 16 20
2 17 20
2 18 20
0 19 20
5 10 37
3 10 38
0 11 38
1 18 12
1 18 11
0 18 10
0 23 13
2 19 10
2 20 10
0 21 10
1 25 12
0 25 11
2 12 38
2 13 38
0 14 38
0 2 31
2 15 38
0 16 38
1 25 10
1 25 9
1 25 8
0 25 7
3 16 39
2 17 39
0 18 39
0 37 7
1 18 40
0 18 41
0 8 18
0 1 34
1 18 9
1 18 8
1 18 7
1 18 6
1 18 5
0 18 4
1 18 3
0 18 2
0 33 44
1 11 11
0 11 12
0 15 21
6 4 5
1 4 6
4 4 7
2 3 7
0 2 7
2 12 10
0 13 10
0 11 13
0 2 8
0 18 42
2 34 44
0 35 44
0 25 35
0 5 46
0 33 48
2 26 7
2 27 7
0 28 7
0 22 42
4 4 21
2 3 21
0 2 21
1 11 9
1 11 8
0 11 7
0 26 38
0 36 11
2 3 17
2 2 17
0 1 17
1 25 6
1 25 5
0 25 4
6 27 30
2 28 30
2 29 30
0 30 30
2 5 34
0 6 34
1 36 2
0 36 1
1 33 38
1 33 37
0 33 36
0 10 24
2 35 1
2 34 1
2 33 1
2 32 1
0 31 1
0 33 1
1 24 47
0 24 46
0 41 17
1 11 14
1 11 15
0 11 16
1 33 2
1 33 3
1 33 4
0 33 5
3 10 25
2 11 25
2 12 25
0 13 25
1 28 14
0 28 15
1 30 29
0 30 28
1 43 2
0 43 3
0 14 10
2 36 44
0 37 44
1 22 41
0 22 40
1 22 39
1 22 38
5 22 37
0 21 37
2 42 10
2 43 10
0 44 10
1 18 15
1 18 16
0 18 17
6 2 27
0 3 27
2 18 48
2 17 48
0 16 48
0 33 6
0 39 10
2 30 1
0 29 1
0 10 43
2 37 25
2 36 25
2 35 25
2 34 25
0 33 25
1 33 24
0 33 23
0 6 24
2 10 32
0 11 32
0 5 11
2 34 48
2 35 48
2 36 48
0 37 48
0 6 35
0 12 16
1 38 29
1 38 30
1 38 31
0 38 32
2 37 32
0 36 32
2 39 32
0 40 32
1 2 6
1 2 5
1 2 4
0 2 3
0 8 9
2 27 35
0 28 35
1 37 43
1 37 42
6 37 41
2 38 41
0 39 41
2 38 48
2 39 48
2 40 48
0 41 48
1 2 2
0 2 1
1 40 33
1 40 34
0 40 35
0 42 17
1 21 36
1 21 35
5 21 34
0 20 34
1 20 33
1 20 32
0 20 31
0 39 40
2 40 41
2 41 41
2 42 41
0 43 41
0 43 42
2 32 23
2 31 23
2 30 23
0 29 23
6 11 6
2 12 6
2 13 6
0 14 6
2 32 44
0 31 44
3 19 21
2 20 21
2 21 21
2 22 21
0 23 21
1 20 30
0 20 29
0 25 3
0 29 35
0 19 29
2 14 25
2 15 25
0 16 25
0 34 23
0 35 23
0 41 1
0 8 5
1 5 47
1 5 48
0 5 49
0 31 43
1 8 4
1 8 3
1 8 2
0 8 1
0 11 31
0 1 3
0 21 48
1 23 22
1 23 23
0 23 24
3 43 4
2 44 4
0 45 4
0 23 40
0 30 47
2 22 24
0 21 24
2 15 10
0 16 10
0 20 24
2 44 1
2 45 1
2 46 1
2 47 1
0 48 1
1 13 26
1 13 27
3 13 28
0 14 28
2 27 40
2 28 40
0 29 40
0 42 16
2 19 17
0 20 17
2 4 45
2 3 45
0 2 45
1 2 44
1 2 43
5 2 42
0 1 42
1 6 36
1 6 37
0 6 38
1 44 11
0 44 12
3 42 18
2 43 18
2 44 18
0 45 18
2 4 11
2 3 11
0 2 11
1 16 37
0 16 36
1 25 2
1 25 1
0 25 0
3 28 16
2 29 16
0 30 16
1 30 17
0 30 18
0 32 5
2 41 35
2 42 35
2 43 35
2 44 35
0 45 35
0 31 5
0 44 9
2 45 9
2 46 9
2 47 9
0 48 9
1 16 35
0 16 34
0 28 11
0 37 41
0 45 36
1 23 20
6 23 19
0 24 19
0 21 17
0 27 43
0 38 14
0 1 21
2 37 14
0 36 14
1 14 39
1 14 40
0 14 41
2 24 7
2 23 7
0 22 7
0 0 3
2 37 28
2 36 28
0 35 28
2 22 17
0 23 17
1 34 22
1 34 21
1 34 20
0 34 19
1 45 37
0 45 38
2 39 28
2 40 28
2 41 28
2 42 28
0 43 28
0 15 22
0 44 28
6 29 39
0 30 39
3 16 26
0 17 26
2 46 38
2 47 38
0 48 38
1 1 16
0 1 15
0 5 20
5 31 30
0 31 31
6 29 28
4 29 29
2 28 29
2 27 29
0 26 29
1 6 39
0 6 40
1 40 31
0 40 30
0 25 49
0 34 11
5 18 1
2 17 1
2 16 1
2 15 1
0 14 1
2 42 48
2 43 48
2 44 48
2 45 48
2 46 48
0 47 48
1 47 47
5 47 46
0 46 46
0 10 25
1 1 22
4 1 23
0 0 23
3 21 25
5 22 25
1 22 26
0 22 27
0 25 34
-1
-1
-1
-1
-1
-1
-1
-1
-1
-1
-1
-1
-1
-1
-1
-1
-1
-1
-1
-1
-1
-1
-1
-1
-1
-1
-1
-1
-1
-1
-1
-1
-1
-1
-1
-1
-1
-1
-1
-1
-1
-1
-1
-1
-1
-1
-1
-1
-1
-1
-1
-1
-1
-1
-1
-1
-1
-1
-1
-1
-1
-1
-1
-1
-1
-1
-1
-1
-1
-1
-1
-1
-1
-1
-1
-1
-1
-1
-1
-1
-1
-1
-1
-1
-1
-1
-1
-1
-1
-1
-1
-1
-1
-1
-1
-1
-1
-1
-1
-1
-1
-1
-1
-1
-1
-1
-1
-1
-1
-1
-1
-1
-1
-1
