0 23 37
2 24 37
2 25 37
2 26 37
2 27 37
2 28 37
2 29 37
4 30 37
1 30 36
1 30 35
6 30 34
4 31 34
1 31 33
1 31 32
1 31 31
1 31 30
1 31 29
1 31 28
1 31 27
1 31 26
1 31 25
1 31 24
6 31 23
2 32 23
2 33 23
0 34 23
2 22 37
2 21 37
2 20 37
2 19 37
6 18 37
1 18 38
1 18 39
4 18 40
6 17 40
4 17 41
2 16 41
6 15 41
4 15 42
2 14 42
2 13 42
6 12 42
1 12 43
1 12 44
1 12 45
4 12 46
2 11 46
2 10 46
2 9 46
-1
-1
-1
-1
-1
-1
-1
-1
-1
-1
-1
-1
-1
-1
-1
-1
-1
-1
-1
-1
-1
-1
-1
-1
-1
-1
-1
-1
-1
-1
-1
-1
0 8 46
1 34 22
6 34 21
2 35 21
2 36 21
2 37 21
-1
-1
-1
-1
-1
-1
-1
-1
-1
0 38 21
1 23 38
1 23 39
1 23 40
1 23 41
3 23 42
2 24 42
2 25 42
2 26 42
2 27 42
2 28 42
2 29 42
2 30 42
0 31 42
2 7 46
6 6 46
4 6 47
2 5 47
0 4 47
3 34 24
2 35 24
2 36 24
0 37 24
1 23 36
1 23 35
5 23 34
2 22 34
3 21 34
5 21 33
2 20 33
0 19 33
6 31 41
2 32 41
2 33 41
0 34 41
0 18 40
1 8 47
0 8 48
1 31 43
1 31 44
0 31 45
2 38 24
2 39 24
0 40 24
2 18 33
2 17 33
2 16 33
2 15 33
0 14 33
0 18 37
0 31 31
0 35 21
0 26 37
1 14 34
1 14 35
0 14 36
0 31 23
0 12 42
0 12 46
1 38 20
0 38 19
0 30 37
0 31 34
1 37 25
1 37 26
0 37 27
0 25 42
2 31 37
2 32 37
0 33 37
1 8 45
1 8 44
5 8 43
0 7 43
1 35 20
0 35 19
1 19 32
1 19 31
0 19 30
0 14 32
0 36 27
1 35 18
0 35 17
2 35 41
2 36 41
0 37 41
2 32 45
0 33 45
0 21 37
1 37 42
0 37 43
2 20 30
2 21 30
0 22 30
0 28 42
0 23 42
2 23 30
0 24 30
0 9 48
2 38 41
2 39 41
2 40 41
0 41 41
1 41 42
1 41 43
0 41 44
3 24 31
2 25 31
0 26 31
2 42 44
2 43 44
0 44 44
0 35 27
0 31 25
0 39 19
0 38 27
0 12 43
2 34 37
2 35 37
0 36 37
2 37 37
4 38 37
0 38 36
1 38 28
1 38 29
0 38 30
0 28 43
1 24 29
1 24 28
1 24 27
0 24 26
0 21 34
3 44 45
5 45 45
0 45 46
2 41 24
0 42 24
0 42 41
2 39 30
0 40 30
0 43 24
2 13 32
0 12 32
1 25 43
1 25 44
0 25 45
2 41 30
2 42 30
2 43 30
0 44 30
1 44 31
1 44 32
0 44 33
1 28 41
0 28 40
1 26 36
6 26 35
0 27 35
0 24 25
1 12 41
1 12 40
0 12 39
2 39 36
2 40 36
0 41 36
1 37 44
0 37 45
2 6 43
2 5 43
0 4 43
0 15 41
1 31 46
1 31 47
0 31 48
1 26 30
6 26 29
0 27 29
2 30 48
2 29 48
0 28 48
2 45 33
2 46 33
0 47 33
1 37 46
1 37 47
0 37 48
2 11 39
2 10 39
0 9 39
1 47 34
1 47 35
1 47 36
0 47 37
1 41 35
0 41 34
1 43 23
1 43 22
0 43 21
5 19 29
2 18 29
0 17 29
1 17 28
1 17 27
1 17 26
0 17 25
0 16 25
2 15 25
2 14 25
2 13 25
0 12 25
0 41 40
0 47 32
0 44 21
1 35 16
0 35 15
0 45 21
2 11 25
2 10 25
2 9 25
2 8 25
0 7 25
1 7 24
0 7 23
2 30 31
0 29 31
0 7 22
1 7 21
5 7 20
3 6 20
5 6 19
2 5 19
2 4 19
0 3 19
1 3 18
0 3 17
1 3 16
1 3 15
1 3 14
0 3 13
1 41 45
0 41 46
1 3 12
0 3 11
4 8 22
6 8 21
2 9 21
2 10 21
0 11 21
0 38 37
0 42 40
1 31 22
1 31 21
0 31 20
1 44 29
1 44 28
6 44 27
2 45 27
0 46 27
0 11 20
1 38 31
0 38 32
1 47 38
1 47 39
0 47 40
0 23 40
2 32 31
0 33 31
2 2 11
0 1 11
0 11 19
1 7 26
1 7 27
0 7 28
0 25 46
0 2 19
4 7 29
0 6 29
1 12 47
0 12 48
2 11 32
0 10 32
0 35 28
1 10 33
0 10 34
4 23 43
2 22 43
0 21 43
0 34 45
0 25 47
0 16 29
1 4 48
0 4 49
4 47 41
0 46 41
0 17 40
1 24 24
0 24 23
1 2 20
0 2 21
0 35 14
0 17 27
4 4 17
6 4 16
0 5 16
2 47 27
0 48 27
0 48 28
0 46 26
0 4 44
0 31 26
1 45 47
1 45 48
0 45 49
1 11 18
1 11 17
1 11 16
1 11 15
0 11 14
1 24 22
0 24 21
0 6 16
2 23 21
2 22 21
2 21 21
0 20 21
2 12 14
2 13 14
2 14 14
2 15 14
0 16 14
0 36 48
0 30 26
0 8 45
1 24 20
1 24 19
1 24 18
0 24 17
1 24 16
5 24 15
0 23 15
1 23 14
6 23 13
0 24 13
1 22 29
0 22 28
2 6 25
0 5 25
2 8 39
0 7 39
2 46 21
5 47 21
3 47 22
0 48 22
1 7 38
5 7 37
2 6 37
0 5 37
1 18 36
5 18 35
0 17 35
1 42 25
0 42 26
4 21 44
2 20 44
0 19 44
2 32 34
0 33 34
1 19 45
1 19 46
1 19 47
0 19 48
2 44 49
0 43 49
1 39 18
6 39 17
0 40 17
1 40 16
1 40 15
0 40 14
0 8 28
2 4 11
2 5 11
2 6 11
0 7 11
1 1 10
1 1 9
1 1 8
1 1 7
1 1 6
0 1 5
1 45 20
1 45 19
1 45 18
6 45 17
0 46 17
2 18 44
0 17 44
0 31 41
0 26 35
2 34 14
2 33 14
2 32 14
0 31 14
2 12 19
2 13 19
2 14 19
0 15 19
0 13 25
1 31 13
1 31 12
0 31 11
2 30 14
0 29 14
2 30 25
2 29 25
0 28 25
1 44 34
0 44 35
6 15 18
2 16 18
2 17 18
0 18 18
2 2 5
2 3 5
0 4 5
0 37 32
1 40 13
5 40 12
0 39 12
1 13 24
1 13 23
0 13 22
3 12 49
2 13 49
0 14 49
1 4 4
6 4 3
2 5 3
2 6 3
2 7 3
4 8 3
6 8 2
0 9 2
2 30 20
2 29 20
0 28 20
0 25 23
1 35 13
1 35 12
1 35 11
1 35 10
1 35 9
1 35 8
0 35 7
1 6 30
0 6 31
6 16 13
2 17 13
0 18 13
1 12 31
1 12 30
0 12 29
1 24 12
1 24 11
0 24 10
0 11 34
0 8 3
1 20 22
0 20 23
0 7 31
1 1 4
5 1 3
0 0 3
4 41 14
6 41 13
2 42 13
0 43 13
2 3 47
0 2 47
1 18 12
1 18 11
1 18 10
1 18 9
1 18 8
0 18 7
1 43 12
0 43 11
2 3 43
2 2 43
0 1 43
1 43 10
1 43 9
5 43 8
0 42 8
0 2 48
2 4 25
2 3 25
2 2 25
0 1 25
1 11 13
1 11 12
0 11 11
1 1 42
1 1 41
5 1 40
0 0 40
4 6 32
2 5 32
2 4 32
2 3 32
2 2 32
0 1 32
-1
-1
-1
-1
-1
-1
-1
-1
-1
-1
-1
-1
-1
-1
-1
-1
-1
-1
-1
-1
-1
-1
-1
-1
-1
-1
-1
-1
-1
-1
-1
-1
-1
-1
-1
-1
-1
-1
-1
-1
-1
-1
-1
-1
-1
-1
-1
-1
-1
-1
-1
-1
-1
-1
-1
-1
-1
-1
-1
-1
-1
-1
-1
-1
-1
-1
-1
-1
-1
-1
-1
-1
-1
-1
-1
-1
-1
-1
-1
-1
-1
-1
-1
-1
-1
-1
-1
-1
-1
-1
-1
-1
-1
-1
-1
-1
-1
-1
-1
-1
-1
-1
-1
-1
-1
-1
-1
-1
-1
-1
-1
-1
-1
-1
-1
-1
-1
-1
-1
-1
-1
-1
-1
-1
-1
-1
-1
-1
-1
-1
-1
-1
-1
-1
-1
-1
-1
-1
-1
-1
-1
-1
-1
-1
-1
-1
-1
-1
-1
-1
-1
-1
-1
-1
-1
-1
-1
-1
-1
-1
-1
-1
-1
-1
-1
-1
-1
-1
-1
-1
-1
-1
-1
-1
-1
-1
-1
-1
-1
-1
-1
-1
-1
-1
-1
-1
-1
-1
-1
-1
-1
-1
