0 4 23
5 5 23
3 5 24
2 6 24
5 7 24
1 7 25
3 7 26
2 8 26
2 9 26
2 10 26
5 11 26
1 11 27
1 11 28
1 11 29
3 11 30
2 12 30
2 13 30
2 14 30
5 15 30
1 15 31
3 15 32
2 16 32
2 17 32
5 18 32
1 18 33
1 18 34
1 18 35
1 18 36
1 18 37
1 18 38
3 18 39
2 19 39
2 20 39
2 21 39
2 22 39
2 23 39
5 24 39
3 24 40
0 25 40
6 25 39
2 26 39
4 27 39
1 27 38
1 27 37
1 27 36
1 27 35
1 27 34
1 27 33
1 27 32
1 27 31
1 27 30
1 27 29
1 27 28
1 27 27
1 27 26
1 27 25
1 27 24
1 27 23
1 27 22
1 27 21
6 27 20
2 28 20
4 29 20
1 29 19
1 29 18
1 29 17
1 29 16
1 29 15
6 29 14
2 30 14
-1
-1
-1
-1
-1
-1
-1
-1
-1
-1
-1
-1
-1
-1
-1
0 31 14
1 4 24
3 4 25
5 5 25
1 5 26
-1
-1
-1
-1
-1
-1
-1
-1
-1
-1
-1
-1
-1
-1
-1
-1
0 5 27
2 26 40
2 27 40
2 28 40
2 29 40
2 30 40
2 31 40
2 32 40
2 33 40
5 34 40
3 34 41
5 35 41
1 35 42
3 35 43
2 36 43
2 37 43
2 38 43
2 39 43
2 40 43
5 41 43
3 41 44
5 42 44
1 42 45
1 42 46
0 42 47
6 31 13
2 32 13
2 33 13
4 34 13
1 34 12
1 34 11
1 34 10
-1
0 34 9
2 35 9
2 36 9
5 37 9
1 37 10
3 37 11
2 38 11
2 39 11
2 40 11
2 41 11
2 42 11
2 43 11
0 44 11
-1
-1
-1
0 27 37
1 44 12
1 44 13
3 44 14
-1
0 45 14
1 25 41
4 25 42
6 24 42
1 24 43
1 24 44
0 24 45
-1
-1
0 29 40
1 4 22
1 4 21
1 4 20
1 4 19
0 4 18
1 45 15
1 45 16
1 45 17
0 45 18
2 4 27
2 3 27
0 2 27
2 43 47
2 44 47
2 45 47
2 46 47
4 47 47
1 47 46
0 47 45
0 3 23
1 34 8
1 34 7
1 34 6
0 34 5
0 24 39
0 28 20
1 47 44
1 47 43
0 47 42
3 45 19
2 46 19
2 47 19
0 48 19
0 27 26
0 32 40
1 32 39
1 32 38
1 32 37
0 32 36
0 41 43
0 11 26
1 44 10
1 44 9
6 44 8
0 45 8
2 46 8
2 47 8
0 48 8
0 27 34
0 24 42
0 34 40
0 4 21
0 11 30
1 45 7
1 45 6
1 45 5
1 45 4
0 45 3
2 33 5
2 32 5
2 31 5
2 30 5
0 29 5
0 7 26
0 29 14
0 37 10
2 46 3
2 47 3
0 48 3
0 15 30
0 40 43
0 45 2
6 28 14
4 28 15
2 27 15
0 26 15
0 37 43
0 18 32
6 34 39
2 35 39
0 36 39
0 27 31
2 44 18
2 43 18
0 42 18
0 31 13
1 4 17
0 4 16
2 3 16
2 2 16
0 1 16
0 29 4
2 5 16
2 6 16
2 7 16
0 8 16
0 45 15
2 2 23
0 1 23
1 29 3
1 29 2
0 29 1
1 36 38
0 36 37
1 29 6
0 29 7
1 8 15
1 8 14
1 8 13
1 8 12
0 8 11
1 32 35
0 32 34
1 48 4
0 48 5
2 26 26
2 25 26
0 24 26
0 21 39
2 25 45
2 26 45
0 27 45
0 18 36
2 37 37
2 38 37
0 39 37
2 41 18
0 40 18
0 29 18
1 40 17
1 40 16
0 40 15
2 39 18
2 38 18
0 37 18
2 17 36
0 16 36
0 35 43
1 37 19
1 37 20
1 37 21
1 37 22
1 37 23
0 37 24
1 27 44
0 27 43
2 36 24
2 35 24
2 34 24
0 33 24
1 2 28
0 2 29
0 34 13
0 1 27
0 48 20
1 27 46
1 27 47
0 27 48
2 5 21
0 6 21
0 36 18
0 46 42
1 33 23
0 33 22
1 24 27
1 24 28
0 24 29
2 7 21
2 8 21
2 9 21
2 10 21
2 11 21
2 12 21
0 13 21
6 28 5
4 28 6
2 27 6
2 26 6
0 25 6
1 13 20
1 13 19
1 13 18
0 13 17
2 14 17
2 15 17
0 16 17
2 14 21
2 15 21
2 16 21
2 17 21
2 18 21
0 19 21
2 9 16
0 10 16
0 32 22
5 8 10
2 7 10
2 6 10
0 5 10
1 24 38
0 24 37
1 36 17
0 36 16
0 16 16
0 7 24
6 34 4
2 35 4
0 36 4
1 48 21
1 48 22
0 48 23
0 4 10
5 9 11
3 9 12
0 10 12
2 28 1
2 27 1
0 26 1
1 2 30
0 2 31
0 33 40
0 10 21
1 42 19
0 42 20
1 37 25
1 37 26
0 37 27
1 46 41
1 46 40
1 46 39
0 46 38
2 25 1
0 24 1
0 42 21
0 26 16
1 46 37
1 46 36
6 46 35
0 47 35
1 47 34
0 47 33
0 47 32
1 39 36
0 39 35
1 16 15
1 16 14
0 16 13
2 25 15
0 24 15
1 10 20
0 10 19
2 28 31
0 29 31
5 47 31
2 46 31
0 45 31
2 44 31
2 43 31
0 42 31
2 17 13
2 18 13
0 19 13
1 36 3
1 36 2
0 36 1
0 20 13
6 23 42
4 23 43
2 22 43
0 21 43
2 10 30
2 9 30
0 8 30
0 42 48
2 37 1
2 38 1
0 39 1
0 33 34
0 1 15
2 20 21
2 21 21
0 22 21
1 5 9
1 5 8
0 5 7
1 19 22
1 19 23
1 19 24
4 19 25
0 18 25
0 33 33
0 24 25
2 17 25
0 16 25
0 7 16
0 39 34
2 17 17
0 18 17
0 19 17
0 31 36
0 22 20
0 37 9
1 40 42
0 40 41
1 8 31
1 8 32
3 8 33
0 9 33
0 9 34
2 45 38
0 44 38
1 33 25
1 33 26
0 33 27
0 42 11
0 21 13
0 37 11
1 37 28
0 37 29
0 40 14
4 24 2
2 23 2
2 22 2
6 21 2
0 21 3
2 20 3
2 19 3
2 18 3
2 17 3
2 16 3
0 15 3
1 15 2
0 15 1
2 20 43
0 19 43
1 15 4
0 15 5
0 43 38
2 16 5
2 17 5
0 18 5
1 25 7
1 25 8
0 25 9
0 42 44
0 2 15
2 24 9
0 23 9
0 33 5
2 8 34
2 7 34
2 6 34
0 5 34
2 28 48
2 29 48
0 30 48
0 37 20
2 30 18
0 31 18
2 34 43
2 33 43
0 32 43
1 45 30
1 45 29
1 45 28
0 45 27
3 25 10
2 26 10
2 27 10
0 28 10
2 38 9
0 39 9
1 19 44
4 19 45
2 18 45
2 17 45
0 16 45
5 16 44
2 15 44
2 14 44
2 13 44
2 12 44
0 11 44
4 19 36
6 19 35
0 20 35
2 14 5
2 13 5
2 12 5
0 11 5
1 48 9
0 48 10
0 47 47
0 10 44
0 27 27
1 16 12
1 16 11
0 16 10
1 18 6
0 18 7
2 38 27
2 39 27
0 40 27
0 46 14
0 8 29
5 24 24
2 23 24
2 22 24
0 21 24
0 45 6
1 5 35
1 5 36
0 5 37
1 21 25
1 21 26
0 21 27
0 46 27
1 39 8
1 39 7
0 39 6
0 34 14
0 30 7
2 19 7
0 20 7
2 41 48
2 40 48
0 39 48
0 38 24
1 48 18
0 48 17
1 16 46
1 16 47
3 16 48
2 17 48
2 18 48
0 19 48
0 33 28
1 5 38
4 5 39
6 4 39
1 4 40
1 4 41
1 4 42
0 4 43
1 11 43
6 11 42
4 12 42
1 12 41
0 12 40
5 16 35
2 15 35
2 14 35
0 13 35
6 1 22
0 2 22
1 15 29
0 15 28
1 10 45
1 10 46
4 10 47
0 9 47
0 37 22
1 2 32
0 2 33
3 3 43
1 3 42
1 3 41
5 3 40
2 2 40
0 1 40
0 4 39
1 1 17
0 1 18
0 30 47
4 28 26
1 28 25
6 28 24
0 29 24
-1
-1
-1
-1
-1
-1
-1
-1
-1
-1
-1
-1
-1
-1
-1
-1
-1
-1
-1
-1
-1
-1
-1
-1
-1
-1
-1
-1
-1
-1
-1
-1
-1
-1
-1
-1
-1
-1
-1
-1
-1
-1
-1
-1
-1
-1
-1
-1
-1
-1
-1
-1
-1
-1
-1
-1
-1
-1
-1
-1
-1
-1
-1
-1
-1
-1
-1
-1
-1
-1
-1
-1
-1
-1
-1
-1
-1
-1
-1
-1
-1
-1
-1
-1
-1
-1
-1
-1
-1
-1
-1
-1
-1
-1
-1
-1
-1
-1
-1
-1
-1
-1
-1
-1
-1
-1
-1
-1
-1
-1
-1
-1
-1
-1
-1
-1
-1
-1
-1
-1
-1
-1
-1
-1
-1
-1
-1
-1
-1
-1
-1
-1
-1
-1
-1
-1
-1
-1
-1
-1
-1
-1
-1
-1
-1
-1
-1
-1
-1
-1
-1
-1
