0 13 37
2 12 37
2 11 37
2 10 37
2 9 37
3 8 37
1 8 36
1 8 35
1 8 34
1 8 33
1 8 32
1 8 31
1 8 30
1 8 29
1 8 28
1 8 27
1 8 26
1 8 25
1 8 24
1 8 23
1 8 22
0 8 21
2 14 37
2 15 37
2 16 37
2 17 37
-1
2 18 37
-1
-1
2 19 37
-1
2 20 37
-1
2 21 37
-1
2 22 37
-1
-1
2 23 37
-1
2 24 37
-1
2 25 37
-1
-1
2 26 37
-1
2 27 37
-1
2 28 37
-1
2 29 37
-1
-1
2 30 37
-1
2 31 37
-1
2 32 37
-1
2 33 37
-1
-1
2 34 37
-1
2 35 37
-1
2 36 37
-1
-1
2 37 37
-1
2 38 37
-1
2 39 37
-1
-1
-1
-1
-1
-1
-1
-1
-1
-1
-1
-1
-1
-1
-1
-1
-1
-1
-1
-1
-1
-1
-1
-1
-1
-1
-1
-1
-1
-1
-1
-1
-1
-1
-1
-1
-1
-1
-1
-1
-1
-1
-1
-1
-1
-1
-1
-1
-1
-1
-1
-1
-1
-1
-1
-1
-1
-1
-1
-1
-1
-1
-1
-1
-1
-1
-1
-1
-1
-1
-1
-1
-1
-1
-1
-1
-1
-1
-1
-1
-1
-1
-1
-1
-1
-1
-1
-1
-1
-1
-1
-1
-1
-1
-1
-1
-1
-1
-1
-1
-1
-1
-1
-1
-1
-1
-1
-1
-1
-1
-1
-1
-1
0 40 37
3 40 38
2 41 38
2 42 38
2 43 38
-1
-1
-1
-1
-1
-1
-1
-1
-1
-1
-1
-1
-1
-1
-1
-1
-1
-1
-1
-1
-1
-1
-1
-1
-1
-1
-1
-1
-1
-1
-1
-1
-1
-1
0 44 38
-1
-1
-1
-1
-1
-1
-1
-1
-1
-1
-1
-1
-1
-1
-1
-1
-1
-1
-1
-1
-1
-1
-1
-1
-1
0 8 37
1 8 20
1 8 19
1 8 18
5 8 17
2 7 17
3 6 17
1 6 16
1 6 15
1 6 14
1 6 13
1 6 12
-1
-1
-1
-1
-1
-1
-1
-1
-1
-1
-1
0 6 11
1 6 10
1 6 9
1 6 8
1 6 7
1 6 6
1 6 5
1 6 4
1 6 3
1 6 2
1 6 1
-1
-1
-1
-1
-1
-1
-1
0 6 0
1 44 39
1 44 40
1 44 41
1 44 42
-1
-1
-1
-1
-1
-1
-1
-1
0 44 43
1 8 38
1 8 39
1 8 40
1 8 41
1 8 42
1 8 43
4 8 44
2 7 44
2 6 44
2 5 44
2 4 44
2 3 44
0 2 44
3 43 43
1 43 42
5 43 41
-1
-1
-1
-1
-1
-1
0 42 41
2 9 21
2 10 21
2 11 21
2 12 21
2 13 21
2 14 21
2 15 21
4 16 21
6 16 20
2 17 20
2 18 20
2 19 20
2 20 20
0 21 20
2 41 41
2 40 41
2 39 41
6 38 41
1 38 42
0 38 43
1 44 37
1 44 36
5 44 35
3 43 35
1 43 34
1 43 33
0 43 32
6 7 21
4 7 22
2 6 22
0 5 22
2 42 32
2 41 32
2 40 32
2 39 32
2 38 32
2 37 32
2 36 32
2 35 32
2 34 32
2 33 32
0 32 32
0 8 24
1 2 45
1 2 46
3 2 47
2 3 47
5 4 47
3 4 48
2 5 48
2 6 48
0 7 48
0 39 41
2 8 48
2 9 48
4 10 48
1 10 47
1 10 46
0 10 45
6 5 11
1 5 12
4 5 13
2 4 13
2 3 13
0 2 13
5 43 31
2 42 31
2 41 31
2 40 31
0 39 31
0 10 21
-1
-1
0 34 37
2 4 22
2 3 22
6 2 22
1 2 23
1 2 24
4 2 25
0 1 25
0 20 37
1 20 38
1 20 39
0 20 40
1 39 30
1 39 29
1 39 28
1 39 27
1 39 26
0 39 25
0 8 33
1 39 24
1 39 23
1 39 22
1 39 21
0 39 20
2 44 32
2 45 32
0 46 32
0 43 35
4 9 33
1 9 32
1 9 31
6 9 30
2 10 30
2 11 30
0 12 30
2 5 0
2 4 0
2 3 0
0 2 0
0 4 47
0 23 37
2 40 20
2 41 20
2 42 20
2 43 20
2 44 20
0 45 20
0 35 32
0 16 21
1 45 19
1 45 18
1 45 17
1 45 16
0 45 15
0 6 17
5 11 45
3 11 46
0 12 46
1 45 14
1 45 13
1 45 12
0 45 11
1 45 10
1 45 9
1 45 8
6 45 7
2 46 7
0 47 7
0 38 31
0 38 41
1 47 6
1 47 5
1 47 4
1 47 3
0 47 2
0 14 21
2 37 43
0 36 43
6 46 2
4 46 3
0 45 3
0 22 20
0 20 36
0 16 37
0 44 40
2 45 40
2 46 40
2 47 40
0 48 40
0 10 48
0 39 28
0 8 28
0 39 19
1 1 26
1 1 27
1 1 28
0 1 29
6 7 33
4 7 34
2 6 34
2 5 34
0 4 34
1 44 44
0 44 45
1 20 41
1 20 42
0 20 43
1 20 44
3 20 45
0 21 45
2 7 0
2 8 0
2 9 0
2 10 0
2 11 0
2 12 0
2 13 0
2 14 0
0 15 0
2 38 25
2 37 25
0 36 25
0 2 22
3 44 46
2 45 46
0 46 46
2 44 11
2 43 11
0 42 11
1 20 35
1 20 34
1 20 33
1 20 32
1 20 31
0 20 30
1 23 36
1 23 35
1 23 34
0 23 33
2 40 28
2 41 28
2 42 28
0 43 28
1 38 44
1 38 45
0 38 46
2 22 45
2 23 45
2 24 45
2 25 45
2 26 45
0 27 45
1 27 46
3 27 47
2 28 47
2 29 47
0 30 47
1 15 1
1 15 2
1 15 3
1 15 4
1 15 5
3 15 6
2 16 6
2 17 6
0 18 6
1 13 36
1 13 35
0 13 34
1 18 7
3 18 8
2 19 8
2 20 8
2 21 8
0 22 8
1 22 7
1 22 6
1 22 5
1 22 4
1 22 3
1 22 2
6 22 1
0 23 1
1 23 2
3 23 3
2 24 3
2 25 3
0 26 3
2 23 8
2 24 8
2 25 8
2 26 8
2 27 8
2 28 8
2 29 8
2 30 8
0 31 8
2 35 25
2 34 25
2 33 25
2 32 25
2 31 25
2 30 25
2 29 25
0 28 25
5 7 11
1 7 12
3 7 13
2 8 13
2 9 13
2 10 13
0 11 13
2 38 19
2 37 19
2 36 19
2 35 19
2 34 19
2 33 19
0 32 19
-1
-1
-1
-1
-1
-1
-1
-1
-1
-1
-1
-1
-1
-1
-1
-1
-1
-1
-1
-1
-1
-1
-1
-1
-1
-1
-1
-1
-1
-1
-1
-1
-1
-1
-1
-1
-1
-1
-1
-1
-1
-1
-1
-1
-1
-1
-1
-1
-1
-1
-1
-1
-1
-1
-1
-1
-1
-1
-1
-1
-1
-1
-1
-1
-1
-1
-1
-1
-1
-1
-1
-1
-1
-1
-1
-1
-1
-1
-1
-1
-1
-1
-1
-1
-1
-1
-1
-1
-1
-1
-1
-1
-1
-1
-1
-1
-1
-1
-1
-1
-1
-1
-1
-1
-1
-1
-1
-1
-1
-1
-1
-1
-1
-1
-1
-1
-1
-1
-1
-1
-1
-1
-1
-1
-1
-1
-1
-1
-1
-1
-1
-1
-1
-1
-1
-1
-1
-1
-1
-1
-1
-1
-1
-1
-1
-1
-1
-1
-1
-1
-1
-1
-1
-1
-1
-1
-1
-1
-1
-1
-1
-1
-1
-1
-1
-1
-1
-1
-1
-1
-1
-1
-1
-1
-1
-1
