0 3 46
1 3 45
1 3 44
1 3 43
1 3 42
1 3 41
1 3 40
1 3 39
1 3 38
1 3 37
1 3 36
1 3 35
1 3 34
1 3 33
1 3 32
1 3 31
1 3 30
1 3 29
1 3 28
1 3 27
1 3 26
1 3 25
1 3 24
1 3 23
1 3 22
1 3 21
6 3 20
4 4 20
1 4 19
1 4 18
1 4 17
1 4 16
1 4 15
1 4 14
1 4 13
1 4 12
1 4 11
1 4 10
1 4 9
1 4 8
1 4 7
1 4 6
1 4 5
0 4 4
2 5 4
2 6 4
2 7 4
2 8 4
5 9 4
1 9 5
3 9 6
5 10 6
1 10 7
3 10 8
2 11 8
2 12 8
-1
-1
-1
-1
-1
-1
-1
-1
-1
-1
-1
-1
-1
-1
-1
-1
-1
-1
-1
-1
-1
-1
-1
-1
-1
-1
-1
-1
-1
-1
-1
-1
-1
0 13 8
1 13 9
1 13 10
1 13 11
3 13 12
2 14 12
2 15 12
2 16 12
2 17 12
2 18 12
-1
-1
-1
-1
-1
-1
-1
-1
-1
-1
-1
-1
-1
-1
-1
0 19 12
2 20 12
2 21 12
2 22 12
2 23 12
2 24 12
2 25 12
2 26 12
2 27 12
2 28 12
5 29 12
1 29 13
1 29 14
1 29 15
3 29 16
2 30 16
2 31 16
0 32 16
2 4 46
2 5 46
2 6 46
2 7 46
2 8 46
-1
-1
-1
0 9 46
2 14 8
2 15 8
-1
-1
-1
-1
0 16 8
1 9 45
5 9 44
2 8 44
2 7 44
-1
0 6 44
1 32 15
6 32 14
2 33 14
2 34 14
4 35 14
1 35 13
1 35 12
1 35 11
1 35 10
1 35 9
1 35 8
1 35 7
1 35 6
6 35 5
2 36 5
2 37 5
2 38 5
2 39 5
2 40 5
4 41 5
1 41 4
1 41 3
0 41 2
0 10 8
0 4 20
0 3 33
0 35 14
3 4 21
2 5 21
2 6 21
0 7 21
0 35 5
0 2 46
2 42 2
2 43 2
0 44 2
1 6 43
1 6 42
0 6 41
4 10 9
2 9 9
2 8 9
0 7 9
2 17 8
2 18 8
2 19 8
0 20 8
0 26 12
0 13 12
1 9 47
4 9 48
0 8 48
2 45 2
2 46 2
0 47 2
1 4 3
0 4 2
2 10 46
2 11 46
2 12 46
2 13 46
2 14 46
0 15 46
0 10 6
0 6 9
2 4 33
0 5 33
0 19 13
0 13 11
0 41 5
0 2 45
0 35 10
0 4 15
0 12 46
0 29 15
0 3 22
0 7 4
0 43 2
3 7 22
2 8 22
0 9 22
1 5 32
0 5 31
2 7 41
2 8 41
0 9 41
1 2 44
1 2 43
0 2 42
2 10 41
2 11 41
0 12 41
0 15 45
1 12 40
6 12 39
0 13 39
2 3 4
2 2 4
0 1 4
1 9 23
1 9 24
0 9 25
1 2 41
0 2 40
1 47 3
3 47 4
0 48 4
0 29 12
2 8 25
2 7 25
0 6 25
2 6 31
2 7 31
0 8 31
2 12 12
2 11 12
2 10 12
0 9 12
0 9 13
0 4 12
1 1 5
0 1 6
1 16 7
1 16 6
0 16 5
0 5 46
0 16 4
0 48 5
1 20 7
0 20 6
1 32 17
1 32 18
1 32 19
3 32 20
0 33 20
0 3 37
0 13 38
2 14 39
2 15 39
0 16 39
1 16 38
1 16 37
0 16 36
2 21 6
2 22 6
0 23 6
1 16 40
0 16 41
0 16 35
2 24 6
2 25 6
0 26 6
1 19 14
1 19 15
0 19 16
1 7 3
1 7 2
0 7 1
2 30 12
0 31 12
2 18 16
2 17 16
2 16 16
0 15 16
2 8 1
2 9 1
0 10 1
1 19 17
1 19 18
1 19 19
3 19 20
0 20 20
1 9 42
0 9 43
0 27 6
0 9 14
1 20 21
0 20 22
1 15 17
1 15 18
4 15 19
2 14 19
0 13 19
1 16 9
0 16 10
2 21 22
2 22 22
0 23 22
0 35 13
0 47 1
1 20 23
1 20 24
1 20 25
1 20 26
0 20 27
2 15 4
0 14 4
1 16 3
1 16 2
0 16 1
4 33 21
2 32 21
2 31 21
0 30 21
1 8 32
1 8 33
1 8 34
0 8 35
2 9 35
0 10 35
0 5 25
2 21 27
0 22 27
0 4 17
2 2 22
0 1 22
1 48 6
4 48 7
2 47 7
2 46 7
0 45 7
1 1 23
1 1 24
0 1 25
2 16 46
2 17 46
2 18 46
0 19 46
2 14 16
2 13 16
0 12 16
1 19 45
1 19 44
0 19 43
1 16 34
1 16 33
0 16 32
0 30 22
1 8 30
0 8 29
1 30 23
1 30 24
1 30 25
1 30 26
1 30 27
0 30 28
2 10 25
5 11 25
3 11 26
0 12 26
1 12 25
0 12 24
1 30 29
0 30 30
0 29 30
0 5 30
2 31 30
2 32 30
0 33 30
3 33 31
2 34 31
2 35 31
2 36 31
0 37 31
0 27 12
1 37 32
1 37 33
1 37 34
1 37 35
1 37 36
3 37 37
0 38 37
2 39 37
2 40 37
0 41 37
1 12 47
1 12 48
0 12 49
2 42 37
2 43 37
2 44 37
2 45 37
0 46 37
1 46 36
0 46 35
1 46 34
6 46 33
0 47 33
2 48 33
0 49 33
5 2 39
0 1 39
2 4 37
0 5 37
1 46 38
1 46 39
1 46 40
1 46 41
1 46 42
1 46 43
0 46 44
1 46 45
4 46 46
2 45 46
2 44 46
0 43 46
1 43 47
0 43 48
2 3 15
2 2 15
0 1 15
0 47 44
1 47 45
1 47 46
0 47 47
2 2 33
6 1 33
0 1 34
0 43 37
0 18 8
1 23 5
1 23 4
1 23 3
1 23 2
1 23 1
0 23 0
0 23 23
1 41 38
1 41 39
1 41 40
0 41 41
1 20 5
0 20 4
1 12 27
1 12 28
0 12 29
2 40 41
2 39 41
2 38 41
2 37 41
0 36 41
1 36 42
1 36 43
0 36 44
2 3 17
0 2 17
2 35 44
0 34 44
1 20 28
1 20 29
0 20 30
0 20 46
3 19 22
5 19 21
2 18 21
0 17 21
0 45 8
0 0 6
0 31 11
1 31 10
1 31 9
1 31 8
6 31 7
0 32 7
0 20 3
1 34 45
1 34 46
1 34 47
1 34 48
0 34 49
0 47 43
2 37 44
0 38 44
1 47 32
1 47 31
0 47 30
0 15 1
3 3 12
5 3 11
0 2 11
1 9 15
1 9 16
0 9 17
2 36 13
2 37 13
2 38 13
0 39 13
1 39 14
1 39 15
1 39 16
1 39 17
0 39 18
0 16 21
2 48 43
0 49 43
1 39 19
1 39 20
0 39 21
3 33 49
5 33 48
2 32 48
0 31 48
0 9 4
1 1 21
0 1 20
0 36 40
1 30 20
0 30 19
2 20 16
0 21 16
2 23 27
2 24 27
0 25 27
0 3 42
1 47 29
0 47 28
1 47 27
0 47 26
2 46 26
2 45 26
0 44 26
6 10 34
0 11 34
2 22 16
2 23 16
5 24 16
0 24 17
2 1 46
0 0 46
1 41 36
1 41 35
0 41 34
2 13 26
2 14 26
0 15 26
0 12 19
1 37 30
1 37 29
1 37 28
0 37 27
0 44 1
1 9 40
0 9 39
2 36 27
0 35 27
1 44 25
0 44 24
4 17 39
6 17 38
2 18 38
0 19 38
3 20 31
5 21 31
0 21 32
3 19 39
2 20 39
2 21 39
5 22 39
0 22 40
0 3 2
2 23 40
2 24 40
2 25 40
2 26 40
0 27 40
0 35 9
2 46 8
0 47 8
0 35 26
6 15 15
2 16 15
0 17 15
1 37 26
0 37 25
0 5 29
6 19 42
0 20 42
1 27 41
1 27 42
1 27 43
1 27 44
0 27 45
0 26 45
1 29 31
1 29 32
1 29 33
4 29 34
0 28 34
1 27 5
0 27 4
3 28 35
2 29 35
5 30 35
1 30 36
3 30 37
0 31 37
0 39 12
-1
-1
-1
-1
-1
-1
-1
-1
-1
-1
-1
-1
-1
-1
-1
-1
-1
-1
-1
-1
-1
-1
-1
-1
-1
-1
-1
-1
-1
-1
-1
-1
-1
-1
-1
-1
-1
-1
-1
-1
-1
-1
-1
-1
-1
-1
-1
-1
-1
-1
-1
-1
-1
-1
-1
-1
-1
-1
-1
-1
-1
-1
-1
-1
-1
-1
-1
-1
-1
-1
-1
-1
-1
-1
-1
-1
-1
-1
-1
-1
-1
-1
-1
-1
-1
-1
-1
-1
-1
-1
-1
-1
-1
-1
-1
-1
-1
-1
-1
-1
-1
-1
-1
-1
-1
-1
-1
-1
-1
-1
-1
-1
-1
-1
-1
-1
-1
-1
-1
-1
-1
-1
-1
-1
-1
-1
-1
-1
-1
-1
-1
-1
-1
-1
-1
-1
-1
-1
-1
-1
-1
-1
-1
-1
-1
-1
-1
-1
-1
