0 20 9
1 20 10
1 20 11
1 20 12
3 20 13
2 21 13
2 22 13
2 23 13
5 24 13
1 24 14
1 24 15
1 24 16
1 24 17
1 24 18
1 24 19
1 24 20
1 24 21
1 24 22
1 24 23
3 24 24
2 25 24
5 26 24
1 26 25
1 26 26
1 26 27
1 26 28
1 26 29
1 26 30
1 26 31
1 26 32
1 26 33
3 26 34
2 27 34
2 28 34
2 29 34
2 30 34
2 31 34
5 32 34
3 32 35
2 33 35
0 34 35
2 35 35
2 36 35
2 37 35
2 38 35
2 39 35
2 40 35
2 41 35
2 42 35
2 43 35
2 44 35
2 45 35
5 46 35
1 46 36
1 46 37
1 46 38
1 46 39
1 46 40
3 46 41
5 47 41
1 47 42
-1
-1
-1
-1
-1
-1
-1
-1
-1
-1
-1
-1
0 47 43
1 20 8
1 20 7
1 20 6
1 20 5
1 20 4
5 20 3
-1
-1
-1
-1
-1
-1
-1
-1
-1
-1
-1
-1
-1
-1
-1
-1
-1
-1
-1
-1
0 19 3
-1
-1
-1
-1
-1
-1
-1
-1
-1
-1
-1
-1
-1
-1
-1
-1
-1
-1
0 46 36
1 34 36
1 34 37
4 34 38
2 33 38
2 32 38
2 31 38
2 30 38
6 29 38
-1
-1
-1
-1
-1
-1
-1
0 29 39
6 19 9
1 19 10
1 19 11
1 19 12
4 19 13
-1
-1
-1
-1
-1
-1
0 18 13
4 47 36
1 47 35
1 47 34
5 47 33
2 46 33
2 45 33
2 44 33
2 43 33
-1
-1
0 42 33
2 18 3
2 17 3
6 16 3
1 16 4
1 16 5
4 16 6
2 15 6
2 14 6
0 13 6
1 13 7
4 13 8
2 12 8
2 11 8
2 10 8
2 9 8
2 8 8
2 7 8
2 6 8
2 5 8
0 4 8
1 4 9
1 4 10
3 4 11
2 5 11
2 6 11
2 7 11
0 8 11
2 17 13
2 16 13
2 15 13
2 14 13
6 13 13
1 13 14
1 13 15
0 13 16
-1
0 21 13
1 42 32
1 42 31
1 42 30
1 42 29
0 42 28
2 21 9
2 22 9
2 23 9
2 24 9
2 25 9
2 26 9
2 27 9
2 28 9
2 29 9
0 30 9
0 24 15
1 4 7
1 4 6
1 4 5
1 4 4
0 4 3
1 47 44
0 47 45
1 13 17
1 13 18
1 13 19
1 13 20
1 13 21
1 13 22
1 13 23
3 13 24
0 14 24
6 19 2
0 20 2
1 18 12
1 18 11
1 18 10
1 18 9
0 18 8
0 30 8
0 34 37
2 46 45
2 45 45
3 44 45
5 44 44
2 43 44
2 42 44
2 41 44
0 40 44
2 21 2
2 22 2
0 23 2
0 26 34
2 24 2
2 25 2
2 26 2
0 27 2
1 8 12
1 8 13
1 8 14
0 8 15
0 28 34
0 24 9
5 24 8
2 23 8
0 22 8
0 39 35
0 32 34
1 18 14
1 18 15
1 18 16
0 18 17
0 26 30
0 29 38
2 28 38
2 27 38
2 26 38
2 25 38
2 24 38
0 23 38
0 23 37
0 47 33
0 24 21
0 4 6
1 30 7
1 30 6
6 30 5
2 31 5
2 32 5
0 33 5
0 13 15
0 16 3
1 23 39
1 23 40
1 23 41
1 23 42
1 23 43
4 23 44
2 22 44
2 21 44
2 20 44
2 19 44
2 18 44
0 17 44
1 17 45
1 17 46
4 17 47
2 16 47
0 15 47
0 13 8
0 33 4
0 35 37
0 23 42
5 9 11
3 9 12
0 10 12
0 26 24
1 27 3
0 27 4
0 44 45
1 44 46
0 44 47
0 16 2
2 15 3
2 14 3
2 13 3
2 12 3
0 11 3
0 28 4
1 40 43
1 40 42
1 40 41
0 40 40
0 24 13
2 16 44
2 15 44
2 14 44
2 13 44
2 12 44
0 11 44
0 13 14
0 20 5
0 9 8
6 33 3
2 34 3
2 35 3
2 36 3
0 37 3
0 23 3
0 29 40
0 19 9
0 29 41
6 41 28
4 41 29
2 40 29
2 39 29
2 38 29
0 37 29
0 36 29
1 29 42
1 29 43
1 29 44
0 29 45
1 40 45
1 40 46
4 40 47
2 39 47
2 38 47
2 37 47
0 36 47
1 18 18
1 18 19
0 18 20
2 14 47
0 13 47
0 17 17
2 17 8
0 16 8
1 29 46
4 29 47
0 28 47
6 25 30
4 25 31
2 24 31
2 23 31
2 22 31
0 21 31
2 15 24
0 16 24
1 21 30
1 21 29
1 21 28
1 21 27
0 21 26
2 27 30
2 28 30
0 29 30
1 29 29
6 29 28
4 30 28
6 30 27
2 31 27
0 32 27
2 10 44
2 9 44
0 8 44
1 8 43
5 8 42
2 7 42
2 6 42
0 5 42
1 5 41
5 5 40
2 4 40
2 3 40
0 2 40
0 47 41
1 2 39
1 2 38
1 2 37
1 2 36
1 2 35
1 2 34
0 2 33
2 7 15
2 6 15
2 5 15
2 4 15
2 3 15
2 2 15
0 1 15
0 2 32
5 25 15
1 25 16
3 25 17
2 26 17
0 27 17
2 28 17
2 29 17
0 30 17
1 2 41
1 2 42
0 2 43
6 42 27
0 43 27
0 2 36
1 11 43
1 11 42
0 11 41
0 8 45
3 3 6
5 3 5
0 2 5
0 42 35
1 30 10
4 30 11
0 29 11
6 20 26
4 20 27
0 19 27
1 1 14
1 1 13
1 1 12
5 1 11
0 0 11
1 27 5
1 27 6
0 27 7
2 44 27
2 45 27
2 46 27
4 47 27
1 47 26
1 47 25
1 47 24
1 47 23
1 47 22
0 47 21
3 41 33
1 41 32
5 41 31
0 40 31
1 47 20
5 47 19
0 46 19
1 2 44
1 2 45
1 2 46
4 2 47
0 1 47
1 4 2
6 4 1
0 5 1
1 2 31
1 2 30
1 2 29
1 2 28
0 2 27
2 3 27
2 4 27
2 5 27
2 6 27
0 7 27
1 8 16
1 8 17
4 8 18
2 7 18
2 6 18
0 5 18
2 3 32
2 4 32
2 5 32
2 6 32
2 7 32
2 8 32
0 9 32
2 31 17
2 32 17
2 33 17
2 34 17
2 35 17
0 36 17
5 24 42
1 24 43
1 24 44
4 24 45
0 23 45
1 9 33
3 9 34
2 10 34
2 11 34
2 12 34
2 13 34
2 14 34
0 15 34
2 38 3
2 39 3
0 40 3
-1
-1
-1
-1
-1
-1
-1
-1
-1
-1
-1
-1
-1
-1
-1
-1
-1
-1
-1
-1
-1
-1
-1
-1
-1
-1
-1
-1
-1
-1
-1
-1
-1
-1
-1
-1
-1
-1
-1
-1
-1
-1
-1
-1
-1
-1
-1
-1
-1
-1
-1
-1
-1
-1
-1
-1
-1
-1
-1
-1
-1
-1
-1
-1
-1
-1
-1
-1
-1
-1
-1
-1
-1
-1
-1
-1
-1
-1
-1
-1
-1
-1
-1
-1
-1
-1
-1
-1
-1
-1
-1
-1
-1
-1
-1
-1
-1
-1
-1
-1
-1
-1
-1
-1
-1
-1
-1
-1
-1
-1
-1
-1
-1
-1
-1
-1
-1
-1
-1
-1
-1
-1
-1
-1
-1
-1
-1
-1
-1
-1
-1
-1
-1
-1
-1
-1
-1
-1
-1
-1
-1
-1
-1
-1
-1
-1
-1
-1
-1
-1
-1
-1
-1
-1
-1
-1
-1
-1
-1
-1
-1
-1
-1
-1
-1
-1
-1
-1
-1
-1
-1
-1
-1
-1
-1
-1
-1
-1
-1
-1
-1
-1
-1
-1
-1
-1
-1
-1
-1
-1
-1
-1
-1
-1
-1
-1
-1
-1
-1
-1
-1
-1
-1
-1
-1
-1
-1
-1
-1
-1
-1
-1
-1
-1
-1
-1
-1
-1
-1
-1
-1
-1
-1
-1
-1
-1
-1
-1
-1
-1
-1
-1
-1
-1
-1
-1
-1
-1
-1
-1
-1
-1
-1
-1
-1
-1
-1
-1
-1
-1
-1
-1
-1
-1
-1
-1
-1
-1
-1
-1
-1
-1
-1
-1
-1
-1
