0 4 25
2 5 25
2 6 25
2 7 25
2 8 25
2 9 25
2 10 25
2 11 25
2 12 25
2 13 25
2 14 25
2 15 25
2 16 25
5 17 25
1 17 26
1 17 27
3 17 28
2 18 28
2 19 28
2 20 28
2 21 28
2 22 28
2 23 28
2 24 28
2 25 28
2 26 28
2 27 28
2 28 28
2 29 28
2 30 28
2 31 28
2 32 28
2 33 28
2 34 28
2 35 28
2 36 28
2 37 28
2 38 28
5 39 28
1 39 29
1 39 30
0 39 31
2 40 31
2 41 31
2 42 31
-1
0 43 31
1 4 24
1 4 23
1 4 22
1 4 21
1 4 20
6 4 19
-1
-1
-1
-1
-1
0 5 19
1 4 26
1 4 27
3 4 28
2 5 28
2 6 28
2 7 28
5 8 28
1 8 29
3 8 30
2 9 30
2 10 30
2 11 30
0 12 30
1 43 32
1 43 33
1 43 34
3 43 35
2 44 35
0 45 35
-1
0 10 25
1 12 31
1 12 32
1 12 33
1 12 34
0 12 35
1 39 32
1 39 33
3 39 34
5 40 34
0 40 35
0 4 22
1 5 18
1 5 17
1 5 16
5 5 15
2 4 15
2 3 15
0 2 15
0 13 25
1 2 14
1 2 13
1 2 12
1 2 11
5 2 10
3 1 10
1 1 9
1 1 8
1 1 7
0 1 6
0 6 28
2 2 6
2 3 6
0 4 6
0 6 25
0 43 32
1 10 24
1 10 23
1 10 22
0 10 21
0 25 28
1 40 36
3 40 37
0 41 37
2 39 35
0 38 35
1 4 5
0 4 4
0 5 16
0 46 35
0 39 28
1 10 20
1 10 19
1 10 18
0 10 17
0 16 25
1 46 36
1 46 37
0 46 38
1 1 5
0 1 4
1 43 30
0 43 29
0 6 19
0 12 29
2 44 29
0 45 29
0 32 28
0 42 37
0 9 30
1 12 36
1 12 37
1 12 38
1 12 39
0 12 40
0 9 17
1 12 41
1 12 42
3 12 43
2 13 43
0 14 43
1 14 44
1 14 45
1 14 46
0 14 47
3 14 48
2 15 48
2 16 48
0 17 48
2 13 47
2 12 47
2 11 47
0 10 47
0 8 28
1 10 46
0 10 45
0 10 44
2 9 45
0 8 45
0 36 28
0 14 46
0 17 25
1 17 24
1 17 23
1 17 22
0 17 21
2 15 43
0 16 43
0 20 28
0 1 8
1 17 20
1 17 19
0 17 18
1 17 17
1 17 16
1 17 15
0 17 14
2 18 14
2 19 14
2 20 14
2 21 14
2 22 14
2 23 14
2 24 14
2 25 14
2 26 14
2 27 14
2 28 14
0 29 14
1 29 13
6 29 12
0 30 12
1 30 11
1 30 10
1 30 9
0 30 8
2 29 8
0 28 8
2 27 8
2 26 8
0 25 8
1 30 7
1 30 6
1 30 5
0 30 4
2 31 4
4 32 4
6 32 3
0 33 3
1 30 3
1 30 2
0 30 1
2 34 3
0 35 3
0 4 19
0 2 10
0 11 21
2 13 29
0 14 29
4 31 12
6 31 11
0 32 11
1 41 38
0 41 39
1 35 4
1 35 5
0 35 6
0 7 45
0 30 7
4 6 29
0 5 29
2 16 18
0 15 18
0 12 21
0 35 7
2 36 7
2 37 7
2 38 7
0 39 7
2 40 7
2 41 7
2 42 7
0 43 7
0 43 6
0 10 48
0 14 18
0 27 14
1 5 30
0 5 31
0 3 25
1 38 36
0 38 37
2 33 11
0 34 11
2 17 43
2 18 43
0 19 43
0 22 14
0 27 15
0 24 8
1 4 3
0 4 2
1 25 7
1 25 6
0 25 5
1 41 40
1 41 41
0 41 42
2 40 42
0 39 42
2 4 29
2 3 29
0 2 29
2 20 43
2 21 43
0 22 43
6 9 21
4 9 22
0 8 22
0 42 29
0 47 38
2 11 40
2 10 40
0 9 40
1 25 4
1 25 3
0 25 2
1 9 39
0 9 38
2 3 22
2 2 22
0 1 22
0 10 49
1 34 12
0 34 13
0 26 2
2 35 11
2 36 11
0 37 11
0 37 12
4 36 3
1 36 2
0 36 1
2 37 1
2 38 1
2 39 1
0 40 1
2 38 42
2 37 42
2 36 42
0 35 42
2 41 1
0 42 1
0 34 42
2 33 42
2 32 42
0 31 42
2 30 42
0 29 42
1 46 39
0 46 40
1 22 42
0 22 41
0 27 13
0 5 32
0 5 33
0 6 45
1 29 41
1 29 40
0 29 39
0 37 37
1 46 34
0 46 33
0 40 34
0 22 40
2 24 2
2 23 2
0 22 2
1 29 15
0 29 16
0 22 1
2 46 29
0 47 29
0 2 13
0 38 31
0 16 14
1 16 42
0 16 41
0 32 29
0 18 28
2 18 48
2 19 48
0 20 48
0 10 16
0 28 39
0 14 48
1 39 43
1 39 44
0 39 45
1 39 46
0 39 47
2 38 47
0 37 47
0 36 47
2 35 47
0 34 47
1 25 9
0 25 10
1 28 38
0 28 37
1 1 3
1 1 2
0 1 1
0 28 36
0 28 35
5 5 6
3 5 7
0 6 7
1 32 30
1 32 31
0 32 32
0 32 33
1 43 28
1 43 27
0 43 26
2 30 16
0 31 16
0 13 35
0 31 17
2 30 39
0 31 39
0 5 2
0 19 14
2 5 45
0 4 45
1 43 8
3 43 9
0 44 9
0 37 13
0 47 28
0 33 47
0 32 47
2 23 43
0 24 43
1 31 18
0 31 19
0 31 47
0 28 28
0 6 2
1 31 20
1 31 21
0 31 22
2 30 22
2 29 22
0 28 22
2 27 22
0 26 22
0 25 22
2 24 22
2 23 22
0 22 22
2 38 13
2 39 13
0 40 13
0 13 36
1 6 46
1 6 47
0 6 48
0 41 13
1 25 29
0 25 30
1 6 44
1 6 43
0 6 42
1 36 27
0 36 26
0 10 15
1 41 14
1 41 15
1 41 16
1 41 17
0 41 18
1 10 14
0 10 13
3 11 35
0 11 34
0 10 12
1 39 6
0 39 5
0 30 47
0 0 22
0 32 39
1 25 31
0 25 32
0 32 4
0 15 29
2 21 48
0 22 48
2 23 8
0 22 8
1 17 47
0 17 46
0 22 7
1 43 5
0 43 4
0 29 47
2 32 19
2 33 19
0 34 19
2 42 18
2 43 18
0 44 18
2 45 9
2 46 9
2 47 9
0 48 9
0 5 48
1 37 14
0 37 15
1 22 39
0 22 38
3 5 34
0 6 34
2 21 38
2 20 38
0 19 38
0 17 22
0 32 22
1 22 37
0 22 36
0 36 25
1 19 13
1 19 12
6 19 11
0 20 11
1 39 27
0 39 26
1 20 29
1 20 30
0 20 31
1 48 10
1 48 11
0 48 12
0 20 32
2 33 33
0 34 33
0 44 17
2 18 25
0 19 25
0 43 25
1 43 24
0 43 23
0 12 28
3 24 44
0 25 44
0 18 14
3 41 43
2 42 43
0 43 43
5 43 22
2 42 22
2 41 22
0 40 22
2 9 13
2 8 13
0 7 13
1 6 8
0 6 9
0 37 35
0 27 39
2 21 1
2 20 1
0 19 1
5 20 10
2 19 10
0 18 10
2 45 17
0 46 17
1 22 15
1 22 16
0 22 17
0 2 11
0 47 17
1 47 18
0 47 19
2 19 32
2 18 32
0 17 32
1 25 23
1 25 24
0 25 25
2 1 29
0 0 29
6 13 34
0 14 34
0 0 28
0 37 16
1 34 20
0 34 21
1 19 2
1 19 3
0 19 4
0 8 38
1 43 44
3 43 45
2 44 45
2 45 45
2 46 45
0 47 45
0 35 28
2 7 2
0 8 2
0 47 46
6 48 8
4 49 8
1 49 7
1 49 6
0 49 5
2 18 4
2 17 4
0 16 4
1 49 4
1 49 3
1 49 2
0 49 1
0 15 4
1 47 47
0 47 48
0 7 9
4 22 44
0 21 44
0 16 13
6 46 32
0 47 32
2 31 29
0 30 29
0 0 23
0 47 31
0 22 23
0 34 22
0 37 38
0 47 47
5 6 41
2 5 41
2 4 41
0 3 41
0 3 40
0 27 2
2 15 13
0 14 13
2 18 38
2 17 38
0 16 38
0 24 14
0 8 30
6 48 1
0 48 2
4 27 16
0 26 16
4 2 16
0 1 16
1 47 27
0 47 26
0 10 34
0 36 16
0 34 43
2 4 33
2 3 33
0 2 33
2 40 47
0 41 47
5 47 35
0 47 36
2 14 4
6 13 4
4 13 5
0 12 5
-1
-1
-1
-1
-1
-1
-1
-1
-1
-1
-1
-1
-1
-1
-1
-1
-1
-1
-1
-1
-1
-1
-1
-1
-1
-1
-1
-1
-1
-1
-1
-1
-1
-1
-1
-1
-1
-1
-1
-1
-1
-1
-1
-1
-1
-1
-1
-1
-1
-1
-1
-1
-1
-1
-1
-1
-1
-1
-1
-1
-1
-1
-1
-1
-1
-1
-1
-1
-1
-1
-1
-1
-1
-1
-1
-1
-1
-1
-1
-1
-1
-1
-1
-1
-1
-1
-1
-1
-1
-1
-1
-1
-1
-1
-1
-1
-1
-1
-1
-1
-1
-1
-1
-1
-1
-1
-1
-1
-1
-1
-1
-1
-1
-1
-1
-1
-1
-1
-1
-1
-1
-1
-1
-1
-1
-1
-1
-1
-1
-1
-1
-1
-1
-1
-1
-1
-1
-1
-1
-1
-1
-1
-1
-1
