0 37 21
4 38 21
1 38 20
1 38 19
1 38 18
6 38 17
2 39 17
2 40 17
4 41 17
6 41 16
2 42 16
2 43 16
2 44 16
2 45 16
0 46 16
2 36 21
6 35 21
1 35 22
4 35 23
2 34 23
2 33 23
2 32 23
2 31 23
2 30 23
2 29 23
2 28 23
2 27 23
-1
-1
-1
2 26 23
-1
-1
2 25 23
-1
-1
-1
2 24 23
-1
-1
2 23 23
-1
-1
2 22 23
-1
-1
-1
2 21 23
-1
-1
2 20 23
-1
-1
-1
2 19 23
-1
-1
-1
-1
-1
-1
-1
-1
-1
-1
-1
-1
-1
-1
-1
-1
-1
-1
-1
-1
-1
-1
-1
-1
-1
-1
-1
-1
-1
-1
-1
-1
-1
-1
-1
-1
-1
-1
-1
-1
-1
-1
-1
-1
-1
-1
-1
-1
-1
-1
-1
-1
-1
-1
-1
-1
-1
-1
-1
-1
-1
-1
-1
-1
-1
-1
-1
-1
-1
-1
-1
-1
-1
-1
-1
-1
-1
-1
-1
-1
-1
-1
-1
-1
-1
-1
-1
-1
-1
-1
-1
-1
-1
-1
-1
-1
-1
-1
-1
-1
-1
-1
-1
-1
-1
-1
-1
-1
-1
-1
-1
-1
-1
-1
-1
-1
-1
-1
-1
-1
-1
-1
-1
-1
-1
-1
-1
-1
-1
-1
-1
-1
-1
-1
-1
-1
-1
-1
-1
-1
-1
-1
-1
-1
-1
-1
-1
-1
-1
-1
-1
-1
-1
-1
-1
-1
-1
-1
-1
-1
-1
-1
-1
-1
-1
-1
-1
-1
-1
-1
-1
0 18 23
-1
1 18 24
1 18 25
-1
1 18 26
-1
1 18 27
1 18 28
-1
1 18 29
4 18 30
-1
2 17 30
2 16 30
-1
2 15 30
-1
6 14 30
1 14 31
-1
1 14 32
1 14 33
-1
-1
-1
-1
-1
-1
-1
-1
-1
-1
-1
-1
-1
-1
-1
-1
-1
-1
-1
-1
-1
-1
-1
-1
-1
-1
-1
-1
-1
-1
-1
-1
-1
-1
-1
-1
-1
-1
-1
-1
-1
-1
-1
-1
-1
-1
-1
-1
-1
-1
-1
-1
-1
-1
-1
-1
-1
-1
-1
-1
-1
-1
-1
-1
-1
-1
-1
-1
-1
-1
-1
-1
-1
-1
-1
-1
-1
0 14 34
1 14 35
1 14 36
1 14 37
1 14 38
4 14 39
2 13 39
2 12 39
2 11 39
2 10 39
-1
-1
-1
-1
-1
-1
-1
-1
-1
-1
-1
-1
-1
-1
-1
-1
-1
-1
-1
-1
-1
-1
-1
-1
-1
-1
-1
-1
-1
-1
-1
-1
-1
-1
-1
-1
-1
-1
-1
-1
-1
0 9 39
1 46 15
5 46 14
2 45 14
2 44 14
3 43 14
1 43 13
1 43 12
1 43 11
1 43 10
1 43 9
-1
-1
-1
-1
-1
-1
-1
-1
-1
-1
-1
-1
-1
-1
-1
-1
-1
-1
-1
-1
-1
-1
-1
-1
-1
0 43 8
-1
-1
-1
-1
-1
-1
-1
-1
-1
-1
-1
-1
-1
-1
-1
-1
-1
-1
0 43 14
3 42 14
1 42 13
5 42 12
2 41 12
-1
-1
-1
-1
-1
-1
-1
-1
-1
-1
-1
-1
0 40 12
5 15 34
3 15 35
2 16 35
2 17 35
-1
-1
-1
-1
-1
-1
-1
-1
-1
0 18 35
1 18 22
1 18 21
1 18 20
1 18 19
6 18 18
4 19 18
1 19 17
1 19 16
1 19 15
1 19 14
1 19 13
1 19 12
1 19 11
1 19 10
1 19 9
1 19 8
1 19 7
1 19 6
1 19 5
1 19 4
1 19 3
6 19 2
2 20 2
2 21 2
0 22 2
0 41 17
5 44 8
1 44 9
1 44 10
3 44 11
2 45 11
-1
-1
-1
0 46 11
5 43 7
3 42 7
1 42 6
1 42 5
1 42 4
1 42 3
1 42 2
0 42 1
1 37 22
1 37 23
1 37 24
4 37 25
2 36 25
2 35 25
2 34 25
2 33 25
2 32 25
0 31 25
1 46 10
1 46 9
1 46 8
1 46 7
0 46 6
3 13 34
5 13 33
2 12 33
2 11 33
2 10 33
0 9 33
1 46 17
3 46 18
2 47 18
2 48 18
-1
0 49 18
1 37 20
1 37 19
1 37 18
5 37 17
2 36 17
0 35 17
1 35 16
5 35 15
2 34 15
2 33 15
0 32 15
1 41 18
1 41 19
1 41 20
1 41 21
1 41 22
0 41 23
-1
-1
-1
0 19 3
2 18 3
2 17 3
2 16 3
-1
0 15 3
2 41 1
2 40 1
2 39 1
2 38 1
2 37 1
6 36 1
1 36 2
1 36 3
1 36 4
0 36 5
0 14 30
3 41 24
2 42 24
2 43 24
0 44 24
-1
-1
0 37 24
1 31 26
1 31 27
1 31 28
1 31 29
1 31 30
3 31 31
2 32 31
2 33 31
0 34 31
0 19 35
0 28 23
1 46 5
6 46 4
-1
0 47 4
1 34 32
3 34 33
2 35 33
2 36 33
2 37 33
0 38 33
0 19 13
2 20 35
-1
0 21 35
1 15 4
1 15 5
1 15 6
4 15 7
2 14 7
2 13 7
2 12 7
2 11 7
0 10 7
0 8 39
1 21 36
1 21 37
1 21 38
1 21 39
1 21 40
1 21 41
3 21 42
2 22 42
2 23 42
2 24 42
2 25 42
0 26 42
1 38 34
1 38 35
1 38 36
1 38 37
3 38 38
2 39 38
2 40 38
2 41 38
2 42 38
0 43 38
-1
-1
-1
-1
-1
-1
-1
-1
-1
-1
-1
-1
-1
-1
-1
-1
-1
-1
-1
-1
-1
-1
-1
-1
-1
-1
-1
-1
-1
-1
-1
-1
-1
-1
-1
-1
-1
-1
-1
-1
-1
-1
-1
-1
-1
-1
-1
-1
-1
-1
-1
-1
-1
-1
-1
-1
-1
-1
-1
-1
-1
-1
-1
-1
-1
-1
-1
-1
-1
-1
-1
-1
-1
-1
-1
-1
-1
-1
-1
-1
-1
-1
-1
-1
-1
-1
-1
-1
-1
-1
-1
-1
-1
-1
-1
-1
-1
-1
-1
-1
-1
-1
-1
-1
-1
-1
-1
-1
-1
-1
-1
-1
-1
-1
-1
-1
-1
-1
-1
-1
-1
-1
-1
-1
-1
-1
-1
-1
-1
-1
-1
-1
-1
-1
-1
-1
-1
-1
-1
-1
-1
-1
-1
-1
-1
-1
-1
-1
-1
-1
-1
-1
-1
-1
-1
-1
-1
-1
-1
-1
-1
-1
-1
-1
-1
