0 33 29
2 32 29
2 31 29
2 30 29
2 29 29
2 28 29
2 27 29
2 26 29
6 25 29
1 25 30
1 25 31
1 25 32
4 25 33
2 24 33
2 23 33
6 22 33
1 22 34
1 22 35
1 22 36
1 22 37
4 22 38
2 21 38
2 20 38
2 19 38
6 18 38
1 18 39
1 18 40
1 18 41
1 18 42
1 18 43
4 18 44
2 17 44
2 16 44
2 15 44
6 14 44
1 14 45
4 14 46
2 13 46
2 12 46
2 11 46
2 10 46
2 9 46
2 8 46
0 7 46
1 33 28
1 33 27
1 33 26
0 33 25
1 33 24
1 33 23
1 33 22
1 33 21
1 33 20
1 33 19
1 33 18
1 33 17
6 33 16
4 34 16
6 34 15
2 35 15
4 36 15
1 36 14
1 36 13
6 36 12
2 37 12
2 38 12
2 39 12
2 40 12
2 41 12
-1
-1
-1
-1
-1
-1
-1
-1
-1
-1
-1
-1
-1
-1
-1
-1
-1
-1
-1
-1
-1
-1
-1
-1
-1
-1
-1
-1
-1
-1
-1
-1
-1
-1
-1
-1
-1
-1
-1
-1
-1
-1
-1
-1
-1
-1
-1
-1
-1
0 42 12
1 33 30
1 33 31
1 33 32
1 33 33
1 33 34
1 33 35
1 33 36
3 33 37
2 34 37
5 35 37
3 35 38
2 36 38
2 37 38
5 38 38
1 38 39
1 38 40
1 38 41
1 38 42
1 38 43
1 38 44
1 38 45
3 38 46
2 39 46
-1
-1
-1
-1
-1
-1
-1
-1
-1
-1
-1
-1
-1
-1
-1
-1
-1
-1
-1
0 40 46
1 42 11
1 42 10
1 42 9
5 42 8
2 41 8
2 40 8
2 39 8
2 38 8
2 37 8
2 36 8
-1
-1
-1
-1
-1
-1
-1
-1
-1
-1
-1
-1
-1
-1
-1
-1
-1
-1
-1
-1
0 35 8
3 32 25
1 32 24
1 32 23
5 32 22
2 31 22
2 30 22
2 29 22
2 28 22
2 27 22
2 26 22
-1
-1
-1
-1
-1
-1
-1
-1
-1
-1
-1
-1
-1
-1
0 25 22
2 34 8
3 33 8
5 33 7
2 32 7
2 31 7
3 30 7
1 30 6
1 30 5
5 30 4
2 29 4
2 28 4
2 27 4
2 26 4
2 25 4
2 24 4
2 23 4
2 22 4
-1
-1
-1
-1
-1
-1
-1
0 21 4
-1
-1
-1
-1
-1
-1
-1
-1
-1
-1
-1
-1
-1
-1
-1
-1
0 18 43
-1
-1
-1
-1
-1
-1
-1
-1
-1
-1
-1
-1
-1
-1
0 30 7
2 20 4
2 19 4
2 18 4
2 17 4
2 16 4
2 15 4
2 14 4
2 13 4
2 12 4
2 11 4
2 10 4
2 9 4
6 8 4
1 8 5
1 8 6
1 8 7
1 8 8
4 8 9
0 7 9
-1
-1
-1
-1
-1
-1
-1
-1
-1
-1
0 18 38
1 30 8
1 30 9
1 30 10
1 30 11
-1
-1
-1
-1
-1
-1
-1
0 30 12
1 7 10
1 7 11
1 7 12
1 7 13
3 7 14
2 8 14
2 9 14
2 10 14
2 11 14
2 12 14
2 13 14
0 14 14
4 34 29
6 34 28
2 35 28
2 36 28
-1
-1
-1
-1
-1
0 37 28
-1
-1
-1
-1
-1
-1
-1
-1
0 34 16
-1
-1
-1
-1
-1
-1
-1
0 8 4
2 19 43
2 20 43
2 21 43
2 22 43
2 23 43
2 24 43
2 25 43
2 26 43
0 27 43
-1
-1
-1
-1
-1
-1
-1
0 13 4
1 7 47
1 7 48
4 7 49
2 6 49
2 5 49
2 4 49
2 3 49
0 2 49
1 14 15
4 14 16
2 13 16
2 12 16
-1
-1
0 11 16
3 40 47
2 41 47
2 42 47
2 43 47
-1
-1
0 44 47
-1
-1
-1
-1
-1
0 38 39
-1
-1
-1
-1
-1
0 33 21
2 34 21
2 35 21
2 36 21
2 37 21
-1
0 38 21
3 38 22
2 39 22
2 40 22
2 41 22
2 42 22
2 43 22
0 44 22
-1
-1
-1
-1
0 14 44
1 11 17
1 11 18
1 11 19
3 11 20
2 12 20
0 13 20
1 14 13
6 14 12
2 15 12
-1
0 16 12
4 25 23
2 24 23
-1
-1
-1
0 23 23
-1
-1
-1
0 40 8
1 13 21
1 13 22
1 13 23
1 13 24
0 13 25
1 21 3
1 21 2
6 21 1
2 22 1
2 23 1
2 24 1
2 25 1
0 26 1
1 44 21
0 44 20
6 37 39
1 37 40
1 37 41
4 37 42
0 36 42
1 27 44
3 27 45
2 28 45
2 29 45
2 30 45
2 31 45
0 32 45
-1
0 33 8
3 13 26
2 14 26
-1
-1
0 15 26
-1
-1
-1
0 22 33
6 6 9
1 6 10
1 6 11
1 6 12
1 6 13
4 6 14
0 5 14
-1
0 35 37
4 43 12
1 43 11
6 43 10
2 44 10
0 45 10
-1
-1
0 25 29
-1
-1
-1
-1
-1
-1
-1
-1
-1
-1
-1
-1
-1
-1
-1
-1
-1
-1
-1
-1
-1
-1
-1
-1
-1
-1
-1
-1
-1
-1
-1
-1
-1
-1
-1
-1
-1
-1
-1
-1
-1
-1
-1
-1
-1
-1
-1
-1
-1
-1
-1
-1
-1
-1
-1
-1
-1
-1
-1
-1
-1
-1
-1
-1
-1
-1
-1
-1
-1
-1
-1
-1
-1
-1
-1
-1
-1
-1
-1
-1
-1
-1
-1
-1
-1
-1
-1
-1
-1
-1
-1
-1
-1
-1
-1
-1
-1
-1
-1
-1
-1
-1
-1
-1
-1
-1
-1
-1
-1
-1
-1
-1
-1
-1
-1
-1
-1
-1
-1
-1
-1
-1
-1
-1
-1
-1
-1
-1
-1
-1
-1
-1
-1
-1
-1
-1
-1
-1
-1
-1
-1
-1
-1
-1
-1
-1
-1
-1
-1
-1
-1
-1
-1
-1
-1
-1
-1
-1
-1
-1
-1
-1
-1
-1
-1
-1
-1
-1
-1
-1
-1
-1
-1
-1
-1
-1
-1
-1
-1
-1
-1
-1
-1
-1
-1
-1
-1
-1
-1
-1
-1
-1
-1
-1
-1
-1
-1
-1
-1
-1
-1
-1
-1
-1
-1
-1
-1
-1
-1
-1
-1
-1
-1
-1
-1
-1
-1
-1
-1
-1
-1
-1
-1
-1
-1
-1
-1
-1
-1
-1
-1
-1
-1
-1
-1
-1
-1
-1
-1
-1
-1
-1
-1
-1
-1
-1
-1
-1
-1
-1
-1
-1
-1
-1
-1
-1
-1
-1
-1
-1
-1
-1
-1
-1
-1
-1
-1
-1
-1
-1
-1
-1
-1
-1
-1
-1
-1
-1
-1
-1
-1
-1
-1
-1
-1
-1
-1
-1
-1
-1
-1
-1
-1
-1
-1
-1
-1
-1
-1
