0 38 36
1 38 35
1 38 34
1 38 33
1 38 32
1 38 31
1 38 30
1 38 29
1 38 28
1 38 27
1 38 26
1 38 25
1 38 24
1 38 23
1 38 22
1 38 21
1 38 20
1 38 19
1 38 18
1 38 17
1 38 16
1 38 15
1 38 14
1 38 13
1 38 12
0 38 11
1 38 10
-1
-1
1 38 9
-1
-1
-1
1 38 8
-1
-1
-1
1 38 7
-1
-1
1 38 6
-1
-1
-1
1 38 5
-1
-1
1 38 4
-1
-1
-1
6 38 3
-1
-1
2 39 3
-1
-1
-1
2 40 3
-1
-1
-1
2 41 3
-1
-1
2 42 3
-1
-1
-1
2 43 3
-1
-1
-1
-1
-1
-1
-1
-1
-1
-1
-1
-1
-1
-1
-1
-1
-1
-1
-1
-1
-1
-1
-1
-1
-1
-1
-1
-1
-1
-1
-1
-1
-1
-1
-1
-1
-1
-1
-1
-1
-1
-1
-1
-1
-1
-1
-1
-1
-1
-1
-1
-1
-1
-1
-1
-1
-1
-1
-1
-1
-1
-1
-1
-1
-1
-1
-1
-1
-1
-1
-1
-1
-1
-1
-1
-1
-1
-1
-1
-1
-1
-1
-1
-1
-1
-1
-1
-1
-1
-1
-1
-1
-1
-1
-1
-1
-1
-1
-1
-1
-1
-1
-1
-1
-1
-1
-1
-1
-1
-1
-1
-1
-1
-1
-1
-1
-1
-1
-1
-1
-1
-1
-1
-1
-1
-1
-1
-1
-1
-1
-1
-1
-1
-1
-1
-1
-1
-1
-1
-1
-1
-1
-1
-1
-1
-1
-1
-1
-1
-1
-1
-1
-1
-1
-1
-1
-1
-1
-1
-1
-1
-1
-1
-1
-1
-1
-1
-1
-1
-1
-1
-1
-1
-1
-1
-1
-1
0 44 3
-1
2 37 36
2 36 36
-1
2 35 36
2 34 36
-1
2 33 36
2 32 36
-1
2 31 36
2 30 36
-1
2 29 36
2 28 36
-1
2 27 36
2 26 36
-1
-1
-1
-1
-1
-1
-1
-1
-1
-1
-1
-1
-1
-1
-1
-1
-1
-1
-1
-1
-1
-1
-1
-1
-1
-1
-1
-1
-1
-1
-1
-1
-1
-1
-1
-1
-1
-1
-1
-1
-1
-1
-1
-1
-1
-1
-1
-1
-1
-1
-1
-1
-1
-1
-1
-1
-1
-1
-1
-1
-1
-1
-1
-1
-1
-1
-1
-1
-1
-1
-1
-1
-1
-1
0 25 36
2 24 36
2 23 36
2 22 36
2 21 36
2 20 36
2 19 36
2 18 36
6 17 36
1 17 37
1 17 38
1 17 39
1 17 40
1 17 41
-1
-1
-1
-1
-1
-1
-1
-1
-1
-1
-1
-1
-1
-1
-1
-1
-1
-1
-1
-1
-1
-1
-1
-1
-1
-1
-1
-1
-1
-1
-1
-1
-1
-1
-1
-1
-1
-1
0 17 42
1 17 43
1 17 44
1 17 45
1 17 46
-1
-1
-1
-1
-1
-1
-1
-1
-1
-1
-1
-1
-1
-1
-1
-1
-1
-1
-1
-1
-1
-1
-1
0 17 47
2 39 36
2 40 36
2 41 36
2 42 36
-1
-1
-1
-1
-1
-1
-1
-1
-1
-1
-1
-1
-1
-1
-1
-1
0 43 36
1 25 35
1 25 34
1 25 33
1 25 32
1 25 31
1 25 30
1 25 29
1 25 28
1 25 27
1 25 26
1 25 25
1 25 24
1 25 23
1 25 22
5 25 21
2 24 21
2 23 21
-1
-1
-1
-1
-1
0 22 21
2 21 21
2 20 21
2 19 21
2 18 21
2 17 21
2 16 21
2 15 21
2 14 21
2 13 21
-1
-1
-1
-1
-1
-1
-1
0 12 21
1 25 37
1 25 38
1 25 39
1 25 40
1 25 41
1 25 42
1 25 43
1 25 44
3 25 45
2 26 45
2 27 45
-1
0 28 45
5 39 11
1 39 12
1 39 13
1 39 14
1 39 15
3 39 16
2 40 16
2 41 16
-1
-1
0 42 16
3 37 11
1 37 10
1 37 9
1 37 8
1 37 7
1 37 6
1 37 5
5 37 4
2 36 4
-1
0 35 4
1 43 35
1 43 34
1 43 33
5 43 32
2 42 32
2 41 32
-1
-1
0 40 32
1 12 20
1 12 19
1 12 18
1 12 17
1 12 16
-1
-1
0 12 15
1 12 14
1 12 13
1 12 12
6 12 11
2 13 11
2 14 11
2 15 11
-1
0 16 11
2 16 47
2 15 47
2 14 47
2 13 47
3 12 47
1 12 46
5 12 45
2 11 45
0 10 45
-1
-1
-1
-1
0 42 36
5 44 2
-1
-1
-1
-1
0 43 2
-1
-1
-1
-1
0 25 43
1 35 5
4 35 6
2 34 6
2 33 6
2 32 6
0 31 6
1 12 22
1 12 23
1 12 24
1 12 25
1 12 26
1 12 27
1 12 28
1 12 29
4 12 30
0 11 30
0 25 35
1 38 37
1 38 38
1 38 39
4 38 40
2 37 40
0 36 40
1 31 7
-1
-1
0 31 8
1 11 29
5 11 28
2 10 28
2 9 28
2 8 28
0 7 28
5 7 27
2 6 27
2 5 27
2 4 27
0 3 27
1 43 37
1 43 38
3 43 39
2 44 39
2 45 39
2 46 39
2 47 39
0 48 39
2 17 11
2 18 11
2 19 11
0 20 11
0 12 47
1 3 26
1 3 25
0 3 24
3 16 42
5 16 41
2 15 41
0 14 41
5 13 15
1 13 16
3 13 17
2 14 17
0 15 17
0 17 36
1 48 38
1 48 37
1 48 36
1 48 35
1 48 34
1 48 33
0 48 32
1 16 10
1 16 9
1 16 8
0 16 7
-1
-1
-1
-1
-1
-1
-1
-1
-1
-1
-1
-1
-1
-1
-1
-1
-1
-1
-1
-1
-1
-1
-1
-1
-1
-1
-1
-1
-1
-1
-1
-1
-1
-1
-1
-1
-1
-1
-1
-1
-1
-1
-1
-1
-1
-1
-1
-1
-1
-1
-1
-1
-1
-1
-1
-1
-1
-1
-1
-1
-1
-1
-1
-1
-1
-1
-1
-1
-1
-1
-1
-1
-1
-1
-1
-1
-1
-1
-1
-1
-1
-1
-1
-1
-1
-1
-1
-1
-1
-1
-1
-1
-1
-1
-1
-1
-1
-1
-1
-1
-1
-1
-1
-1
-1
-1
-1
-1
-1
-1
-1
-1
-1
-1
-1
-1
-1
-1
-1
-1
-1
-1
-1
-1
-1
-1
-1
-1
-1
-1
-1
-1
-1
-1
-1
-1
-1
-1
-1
-1
-1
-1
-1
-1
-1
-1
-1
-1
-1
-1
-1
-1
-1
-1
-1
-1
-1
