0 46 29
2 45 29
2 44 29
2 43 29
2 42 29
2 41 29
3 40 29
1 40 28
1 40 27
1 40 26
1 40 25
1 40 24
1 40 23
1 40 22
1 40 21
1 40 20
1 40 19
1 40 18
1 40 17
1 40 16
1 40 15
1 40 14
0 40 13
-1
2 39 13
-1
2 38 13
-1
2 37 13
-1
2 36 13
-1
-1
2 35 13
-1
2 34 13
-1
2 33 13
-1
2 32 13
-1
-1
2 31 13
-1
2 30 13
-1
2 29 13
-1
2 28 13
-1
-1
-1
-1
-1
-1
-1
-1
-1
-1
-1
-1
-1
-1
-1
-1
-1
-1
-1
-1
-1
-1
-1
-1
-1
-1
-1
-1
-1
-1
-1
-1
-1
-1
-1
-1
-1
-1
-1
-1
-1
-1
-1
-1
-1
-1
-1
-1
-1
-1
-1
-1
-1
-1
-1
-1
-1
-1
-1
-1
-1
-1
-1
-1
-1
-1
-1
-1
-1
-1
-1
-1
-1
-1
-1
-1
-1
-1
-1
-1
-1
-1
-1
-1
-1
-1
-1
-1
-1
-1
-1
-1
-1
-1
-1
-1
-1
-1
-1
-1
-1
-1
-1
-1
-1
-1
-1
-1
-1
-1
0 27 13
1 46 30
1 46 31
1 46 32
1 46 33
4 46 34
6 45 34
1 45 35
1 45 36
1 45 37
-1
-1
-1
-1
-1
-1
-1
-1
-1
-1
-1
-1
-1
-1
-1
-1
-1
-1
-1
-1
-1
-1
-1
-1
-1
-1
-1
-1
-1
-1
-1
-1
-1
-1
-1
-1
-1
-1
-1
-1
-1
-1
-1
0 45 38
1 27 14
1 27 15
1 27 16
1 27 17
1 27 18
4 27 19
2 26 19
2 25 19
2 24 19
2 23 19
2 22 19
2 21 19
2 20 19
2 19 19
2 18 19
2 17 19
2 16 19
-1
-1
-1
-1
-1
-1
-1
-1
-1
-1
-1
-1
-1
-1
-1
-1
-1
-1
-1
0 15 19
1 45 39
1 45 40
1 45 41
1 45 42
1 45 43
1 45 44
1 45 45
-1
-1
-1
-1
-1
-1
-1
-1
-1
-1
-1
-1
-1
-1
0 45 46
1 15 20
1 15 21
1 15 22
1 15 23
4 15 24
2 14 24
2 13 24
2 12 24
-1
-1
-1
-1
-1
-1
-1
-1
-1
0 11 24
5 47 29
1 47 30
3 47 31
-1
-1
-1
-1
-1
-1
-1
-1
-1
0 48 31
2 44 38
2 43 38
2 42 38
6 41 38
1 41 39
4 41 40
2 40 40
2 39 40
2 38 40
2 37 40
2 36 40
2 35 40
2 34 40
2 33 40
0 32 40
-1
-1
-1
-1
-1
-1
-1
0 35 13
1 35 12
1 35 11
1 35 10
1 35 9
1 35 8
5 35 7
-1
-1
0 34 7
1 27 12
1 27 11
1 27 10
1 27 9
5 27 8
2 26 8
2 25 8
2 24 8
2 23 8
0 22 8
4 32 41
2 31 41
2 30 41
-1
0 29 41
1 35 14
4 35 15
6 34 15
1 34 16
1 34 17
1 34 18
4 34 19
2 33 19
2 32 19
6 31 19
1 31 20
1 31 21
1 31 22
4 31 23
2 30 23
2 29 23
0 28 23
0 45 42
-1
0 41 38
1 46 28
1 46 27
1 46 26
6 46 25
2 47 25
0 48 25
3 11 25
2 12 25
2 13 25
2 14 25
2 15 25
2 16 25
0 17 25
1 29 42
1 29 43
4 29 44
2 28 44
2 27 44
2 26 44
2 25 44
2 24 44
0 23 44
0 27 11
-1
0 45 35
1 34 6
6 34 5
2 35 5
2 36 5
0 37 5
5 46 38
1 46 39
3 46 40
2 47 40
0 48 40
1 28 24
1 28 25
0 28 26
6 17 24
2 18 24
2 19 24
0 20 24
1 15 18
1 15 17
5 15 16
2 14 16
0 13 16
0 34 15
5 13 15
2 12 15
2 11 15
2 10 15
2 9 15
2 8 15
2 7 15
0 6 15
0 20 19
1 6 14
0 6 13
4 46 46
0 46 45
1 41 37
5 41 36
2 40 36
2 39 36
0 38 36
0 40 16
1 37 6
3 37 7
2 38 7
2 39 7
2 40 7
2 41 7
0 42 7
0 10 24
2 46 35
2 47 35
0 48 35
0 40 29
3 33 7
5 33 6
2 32 6
2 31 6
0 30 6
0 29 44
0 40 30
1 32 39
1 32 38
0 32 37
0 31 19
-1
0 27 18
1 42 6
1 42 5
6 42 4
2 43 4
2 44 4
2 45 4
0 46 4
0 34 19
4 22 9
2 21 9
2 20 9
2 19 9
2 18 9
0 17 9
2 28 41
2 27 41
0 26 41
0 40 24
1 17 8
1 17 7
1 17 6
0 17 5
1 26 40
1 26 39
1 26 38
1 26 37
0 26 36
1 38 35
5 38 34
3 37 34
0 37 33
0 40 40
0 14 24
2 25 36
2 24 36
0 23 36
2 16 5
2 15 5
2 14 5
2 13 5
2 12 5
0 11 5
1 11 4
1 11 3
0 11 2
2 39 16
0 38 16
1 11 6
1 11 7
1 11 8
4 11 9
0 10 9
1 29 45
3 29 46
0 30 46
4 10 25
2 9 25
2 8 25
2 7 25
2 6 25
2 5 25
0 4 25
2 39 24
3 38 24
5 38 23
2 37 23
0 36 23
1 40 41
1 40 42
1 40 43
4 40 44
2 39 44
0 38 44
2 5 13
2 4 13
0 3 13
1 23 45
1 23 46
1 23 47
0 23 48
1 37 4
1 37 3
6 37 2
2 38 2
0 39 2
2 29 26
2 30 26
2 31 26
0 32 26
1 4 26
1 4 27
1 4 28
1 4 29
1 4 30
1 4 31
1 4 32
3 4 33
0 5 33
0 6 33
2 10 2
2 9 2
2 8 2
2 7 2
2 6 2
2 5 2
2 4 2
2 3 2
0 2 2
3 22 48
5 22 47
2 21 47
2 20 47
2 19 47
2 18 47
2 17 47
2 16 47
2 15 47
2 14 47
0 13 47
1 13 46
1 13 45
5 13 44
0 12 44
5 41 16
1 41 17
1 41 18
3 41 19
2 42 19
0 43 19
1 17 26
4 17 27
2 16 27
0 15 27
-1
-1
-1
-1
-1
-1
-1
-1
-1
-1
-1
-1
-1
-1
-1
-1
-1
-1
-1
-1
-1
-1
-1
-1
-1
-1
-1
-1
-1
-1
-1
-1
-1
-1
-1
-1
-1
-1
-1
-1
-1
-1
-1
-1
-1
-1
-1
-1
-1
-1
-1
-1
-1
-1
-1
-1
-1
-1
-1
-1
-1
-1
-1
-1
-1
-1
-1
-1
-1
-1
-1
-1
-1
-1
-1
-1
-1
-1
-1
-1
-1
-1
-1
-1
-1
-1
-1
-1
-1
-1
-1
-1
-1
-1
-1
-1
-1
-1
-1
-1
-1
-1
-1
-1
-1
-1
-1
-1
-1
-1
-1
-1
-1
-1
-1
-1
-1
-1
-1
-1
-1
-1
-1
-1
-1
-1
-1
-1
-1
-1
-1
-1
-1
-1
-1
-1
-1
-1
-1
-1
-1
-1
-1
-1
-1
-1
-1
-1
-1
-1
-1
-1
-1
-1
-1
-1
-1
-1
-1
-1
-1
-1
-1
-1
-1
-1
-1
-1
-1
-1
-1
-1
-1
-1
-1
-1
-1
-1
-1
-1
-1
-1
-1
-1
-1
-1
-1
-1
-1
-1
-1
-1
-1
-1
-1
-1
-1
-1
-1
-1
-1
-1
-1
-1
-1
