0 27 22
1 27 23
1 27 24
1 27 25
1 27 26
1 27 27
1 27 28
1 27 29
1 27 30
1 27 31
1 27 32
1 27 33
1 27 34
1 27 35
1 27 36
1 27 37
1 27 38
1 27 39
1 27 40
1 27 41
0 27 42
2 28 22
2 29 22
2 30 22
2 31 22
4 32 22
6 32 21
2 33 21
2 34 21
2 35 21
4 36 21
6 36 20
2 37 20
2 38 20
4 39 20
6 39 19
4 40 19
1 40 18
6 40 17
0 41 17
2 26 42
2 25 42
3 24 42
1 24 41
5 24 40
2 23 40
2 22 40
2 21 40
2 20 40
2 19 40
2 18 40
2 17 40
2 16 40
2 15 40
2 14 40
2 13 40
2 12 40
2 11 40
2 10 40
2 9 40
2 8 40
2 7 40
2 6 40
0 5 40
2 28 42
2 29 42
2 30 42
2 31 42
2 32 42
2 33 42
2 34 42
2 35 42
2 36 42
2 37 42
2 38 42
2 39 42
2 40 42
4 41 42
6 41 41
2 42 41
2 43 41
2 44 41
2 45 41
2 46 41
4 47 41
1 47 40
1 47 39
0 47 38
2 26 22
2 25 22
2 24 22
2 23 22
0 22 22
1 22 21
1 22 20
1 22 19
1 22 18
1 22 17
1 22 16
1 22 15
1 22 14
1 22 13
1 22 12
1 22 11
1 22 10
1 22 9
6 22 8
0 23 8
0 13 40
2 24 8
2 25 8
-1
0 26 8
1 13 41
1 13 42
3 13 43
2 14 43
2 15 43
2 16 43
2 17 43
2 18 43
0 19 43
0 42 41
1 42 42
1 42 43
3 42 44
0 43 44
1 26 9
1 26 10
3 26 11
2 27 11
0 28 11
0 17 43
2 44 44
0 45 44
1 17 44
1 17 45
0 17 46
0 39 20
3 17 47
2 18 47
2 19 47
2 20 47
2 21 47
0 22 47
5 47 37
2 46 37
0 45 37
0 22 13
0 21 40
0 15 40
0 36 20
0 26 11
0 22 15
2 21 22
2 20 22
0 19 22
0 27 38
0 47 41
0 30 22
0 10 40
2 28 38
2 29 38
0 30 38
1 10 39
5 10 38
0 9 38
0 31 42
0 27 27
0 36 42
1 31 43
1 31 44
0 31 45
0 24 42
1 45 36
1 45 35
1 45 34
6 45 33
0 46 33
2 32 45
0 33 45
1 19 21
1 19 20
0 19 19
2 42 17
2 43 17
4 44 17
1 44 16
6 44 15
2 45 15
2 46 15
0 47 15
0 40 42
0 28 22
2 23 47
2 24 47
0 25 47
0 27 33
2 16 46
2 15 46
0 14 46
2 13 46
2 12 46
0 11 46
3 28 12
2 29 12
0 30 12
1 5 41
0 5 42
1 31 46
1 31 47
0 31 48
0 48 15
2 31 38
2 32 38
2 33 38
2 34 38
0 35 38
1 35 37
0 35 36
0 44 17
1 22 23
1 22 24
0 22 25
1 22 26
1 22 27
1 22 28
1 22 29
0 22 30
1 22 31
1 22 32
0 22 33
0 27 30
1 40 43
0 40 44
1 22 34
1 22 35
0 22 36
1 30 23
1 30 24
3 30 25
0 31 25
6 19 18
0 20 18
1 40 45
1 40 46
0 40 47
2 32 25
0 33 25
2 39 47
0 38 47
1 30 11
1 30 10
0 30 9
2 31 12
2 32 12
0 33 12
0 19 40
1 30 8
0 30 7
2 23 15
2 24 15
2 25 15
0 26 15
1 26 16
1 26 17
0 26 18
1 33 13
0 33 14
1 9 37
0 9 36
2 36 38
0 37 38
2 21 36
2 20 36
2 19 36
2 18 36
0 17 36
2 8 36
2 7 36
0 6 36
0 22 48
1 6 35
1 6 34
1 6 33
5 6 32
2 5 32
2 4 32
2 3 32
0 2 32
1 2 31
1 2 30
1 2 29
0 2 28
5 23 7
0 22 7
0 21 7
1 35 35
0 35 34
0 26 47
2 34 25
0 35 25
2 23 36
0 24 36
0 32 22
1 33 26
1 33 27
1 33 28
0 33 29
2 38 38
2 39 38
0 40 38
3 21 13
5 21 12
0 20 12
1 40 37
1 40 36
0 40 35
1 40 34
1 40 33
0 40 32
6 40 31
2 41 31
0 42 31
1 42 30
1 42 29
1 42 28
0 42 27
2 20 7
2 19 7
2 18 7
0 17 7
0 21 30
0 6 32
1 17 6
1 17 5
0 17 4
1 45 45
1 45 46
0 45 47
1 17 3
0 17 2
2 16 7
2 15 7
0 14 7
0 31 41
1 22 46
0 22 45
2 20 30
2 19 30
2 18 30
0 17 30
6 17 1
2 18 1
0 19 1
2 23 25
0 24 25
0 7 32
0 30 37
0 39 21
1 17 29
1 17 28
0 17 27
0 36 19
0 4 40
2 8 32
2 9 32
0 10 32
1 41 16
0 41 15
0 34 29
1 10 31
1 10 30
1 10 29
1 10 28
0 10 27
2 37 47
0 36 47
0 14 8
1 46 32
1 46 31
6 46 30
2 47 30
0 48 30
0 42 26
0 26 7
0 5 36
2 18 27
0 19 27
0 17 31
0 30 6
2 26 30
0 25 30
2 16 27
0 15 27
1 47 14
1 47 13
1 47 12
0 47 11
0 36 21
2 46 11
2 45 11
0 44 11
2 43 11
3 42 11
1 42 10
1 42 9
0 42 8
1 42 7
0 42 6
1 10 26
6 10 25
0 11 25
0 40 15
0 42 11
2 30 45
0 29 45
0 32 29
1 42 5
0 42 4
1 20 13
4 20 14
2 19 14
2 18 14
0 17 14
0 22 32
1 48 16
1 48 17
0 48 18
2 16 14
2 15 14
0 14 14
0 43 41
0 13 14
1 44 18
1 44 19
1 44 20
1 44 21
0 44 22
3 16 2
5 16 1
2 15 1
2 14 1
0 13 1
2 12 1
0 11 1
1 11 2
1 11 3
0 11 4
2 1 32
0 0 32
1 14 47
1 14 48
0 14 49
0 35 33
0 9 27
2 16 36
2 15 36
0 14 36
0 14 35
1 30 13
1 30 14
1 30 15
0 30 16
1 48 19
0 48 20
2 28 33
2 29 33
0 30 33
0 30 17
1 2 27
1 2 26
1 2 25
0 2 24
1 22 6
0 22 5
0 3 32
2 31 9
2 32 9
0 33 9
1 48 29
1 48 28
5 48 27
0 47 27
0 31 40
2 43 4
2 44 4
0 45 4
0 4 42
4 48 38
1 48 37
0 48 36
0 41 47
1 10 41
0 10 42
2 46 4
0 47 4
6 25 18
4 25 19
0 24 19
0 47 42
0 47 3
1 39 22
0 39 23
0 43 31
0 11 24
0 47 26
0 34 38
2 10 46
2 9 46
0 8 46
2 34 12
2 35 12
2 36 12
2 37 12
0 38 12
2 12 14
2 11 14
2 10 14
0 9 14
2 16 30
0 15 30
0 3 24
0 34 14
2 8 27
2 7 27
0 6 27
2 41 35
0 42 35
0 10 30
1 4 43
4 4 44
0 3 44
0 26 48
0 30 32
0 36 34
0 3 40
2 35 29
2 36 29
0 37 29
0 45 48
0 8 47
0 2 40
0 42 7
0 35 24
0 47 10
0 28 27
0 14 6
0 9 13
0 45 22
1 11 23
1 11 22
0 11 21
0 10 21
2 41 27
0 40 27
2 10 1
2 9 1
0 8 1
1 15 26
1 15 25
0 15 24
0 35 14
0 10 20
1 3 45
0 3 46
0 35 42
0 20 17
0 26 49
2 35 19
2 34 19
0 33 19
4 46 47
6 46 46
2 47 46
0 48 46
0 5 27
0 30 5
2 8 13
0 7 13
6 10 19
2 11 19
0 12 19
0 31 5
0 40 19
3 18 19
5 18 18
2 17 18
0 16 18
2 21 48
2 20 48
0 19 48
1 17 35
0 17 34
6 22 4
0 23 4
0 36 33
1 23 3
6 23 2
2 24 2
2 25 2
0 26 2
0 37 19
0 24 35
0 27 2
2 41 7
2 40 7
2 39 7
0 38 7
1 2 33
1 2 34
0 2 35
1 24 26
0 24 27
3 6 13
1 6 12
5 6 11
0 5 11
0 47 9
4 27 43
0 26 43
0 13 43
1 9 12
0 9 11
0 27 35
0 10 11
1 42 3
0 42 2
2 7 1
2 6 1
2 5 1
2 4 1
0 3 1
3 14 9
2 15 9
0 16 9
2 2 1
6 1 1
1 1 2
0 1 3
1 11 5
4 11 6
0 10 6
2 9 20
2 8 20
0 7 20
0 45 23
0 9 6
0 8 6
4 8 48
2 7 48
0 6 48
1 2 23
1 2 22
1 2 21
0 2 20
5 2 3
1 2 4
3 2 5
5 3 5
0 3 6
1 2 19
0 2 18
0 2 29
0 28 28
1 28 21
0 28 20
6 30 36
0 31 36
2 32 48
0 33 48
0 48 14
3 33 10
2 34 10
0 35 10
2 10 36
0 11 36
0 1 1
-1
-1
-1
-1
-1
-1
-1
-1
-1
-1
-1
-1
-1
-1
-1
-1
-1
-1
-1
-1
-1
-1
-1
-1
-1
-1
-1
-1
-1
-1
-1
-1
-1
-1
-1
-1
-1
-1
-1
-1
-1
-1
-1
-1
-1
-1
-1
-1
-1
-1
-1
-1
-1
-1
-1
-1
-1
-1
-1
-1
-1
-1
-1
-1
-1
-1
-1
-1
-1
-1
-1
-1
-1
-1
-1
-1
-1
-1
-1
-1
-1
-1
-1
-1
-1
-1
-1
-1
-1
-1
-1
-1
-1
-1
-1
-1
-1
-1
-1
-1
-1
-1
-1
-1
-1
-1
-1
-1
-1
-1
-1
-1
-1
-1
-1
-1
-1
-1
-1
-1
-1
-1
