0 7 24
2 8 24
2 9 24
2 10 24
2 11 24
2 12 24
4 13 24
6 13 23
2 14 23
2 15 23
2 16 23
2 17 23
2 18 23
2 19 23
2 20 23
2 21 23
2 22 23
2 23 23
2 24 23
2 25 23
2 26 23
2 27 23
2 28 23
2 29 23
2 30 23
2 31 23
2 32 23
2 33 23
2 34 23
2 35 23
2 36 23
2 37 23
2 38 23
0 39 23
1 39 22
1 39 21
6 39 20
2 40 20
2 41 20
2 42 20
4 43 20
1 43 19
1 43 18
1 43 17
1 43 16
1 43 15
1 43 14
1 43 13
1 43 12
1 43 11
1 43 10
1 43 9
1 43 8
6 43 7
2 44 7
2 45 7
0 46 7
1 39 24
1 39 25
1 39 26
4 39 27
6 38 27
1 38 28
1 38 29
1 38 30
1 38 31
1 38 32
1 38 33
1 38 34
1 38 35
1 38 36
1 38 37
1 38 38
1 38 39
4 38 40
6 37 40
4 37 41
2 36 41
2 35 41
2 34 41
2 33 41
6 32 41
1 32 42
1 32 43
4 32 44
2 31 44
-1
-1
-1
-1
-1
-1
-1
-1
-1
-1
-1
-1
-1
-1
-1
-1
-1
-1
-1
-1
-1
-1
-1
-1
-1
-1
-1
-1
-1
-1
-1
-1
-1
-1
0 30 44
-1
-1
-1
-1
-1
-1
-1
-1
-1
-1
-1
-1
-1
-1
-1
-1
-1
-1
-1
-1
-1
-1
0 32 41
5 7 23
2 6 23
3 5 23
1 5 22
1 5 21
1 5 20
1 5 19
5 5 18
2 4 18
2 3 18
2 2 18
2 1 18
-1
-1
-1
-1
-1
-1
-1
-1
-1
-1
-1
0 0 18
-1
-1
-1
-1
-1
-1
-1
-1
-1
-1
-1
-1
-1
-1
0 39 20
6 0 17
2 1 17
2 2 17
2 3 17
2 4 17
2 5 17
5 6 17
1 6 18
1 6 19
3 6 20
2 7 20
-1
-1
-1
-1
-1
0 8 20
3 30 45
2 31 45
2 32 45
2 33 45
-1
-1
-1
-1
-1
-1
-1
-1
-1
0 34 45
2 31 41
2 30 41
2 29 41
2 28 41
2 27 41
2 26 41
2 25 41
2 24 41
2 23 41
2 22 41
2 21 41
2 20 41
0 19 41
2 18 41
2 17 41
2 16 41
2 15 41
2 14 41
2 13 41
2 12 41
2 11 41
2 10 41
2 9 41
2 8 41
2 7 41
2 6 41
0 5 41
5 40 23
1 40 24
1 40 25
3 40 26
2 41 26
2 42 26
2 43 26
2 44 26
2 45 26
2 46 26
0 47 26
1 47 27
1 47 28
1 47 29
1 47 30
1 47 31
1 47 32
1 47 33
1 47 34
1 47 35
1 47 36
0 47 37
1 39 19
5 39 18
3 38 18
5 38 17
2 37 17
2 36 17
2 35 17
2 34 17
2 33 17
2 32 17
2 31 17
2 30 17
0 29 17
-1
0 13 24
1 47 38
1 47 39
1 47 40
1 47 41
1 47 42
4 47 43
2 46 43
2 45 43
0 44 43
1 19 40
1 19 39
1 19 38
1 19 37
5 19 36
0 18 36
1 29 16
1 29 15
1 29 14
1 29 13
1 29 12
1 29 11
1 29 10
1 29 9
1 29 8
6 29 7
2 30 7
2 31 7
0 32 7
0 24 23
5 44 42
2 43 42
-1
0 42 42
1 13 25
4 13 26
2 12 26
-1
0 11 26
-1
-1
-1
-1
0 29 9
1 19 42
1 19 43
1 19 44
4 19 45
2 18 45
2 17 45
2 16 45
2 15 45
2 14 45
0 13 45
0 47 30
4 29 18
2 28 18
2 27 18
2 26 18
0 25 18
3 8 21
2 9 21
0 10 21
1 44 44
1 44 45
1 44 46
1 44 47
3 44 48
0 45 48
2 24 18
0 23 18
1 42 41
1 42 40
1 42 39
5 42 38
0 41 38
1 32 6
1 32 5
5 32 4
0 31 4
1 13 46
1 13 47
3 13 48
2 14 48
2 15 48
2 16 48
0 17 48
1 32 8
1 32 9
1 32 10
0 32 11
0 5 20
-1
0 38 32
4 18 37
2 17 37
2 16 37
2 15 37
0 14 37
5 14 36
2 13 36
2 12 36
2 11 36
2 10 36
0 9 36
0 38 27
0 43 20
1 31 3
1 31 2
-1
0 31 1
5 39 32
3 39 33
0 40 33
1 5 42
1 5 43
1 5 44
1 5 45
4 5 46
2 4 46
0 3 46
0 22 41
5 38 26
2 37 26
2 36 26
0 35 26
0 47 34
1 24 24
1 24 25
0 24 26
0 9 41
1 24 27
1 24 28
3 24 29
2 25 29
0 26 29
1 8 19
1 8 18
1 8 17
1 8 16
1 8 15
0 8 14
0 42 26
0 5 44
0 38 18
2 9 14
2 10 14
2 11 14
2 12 14
2 13 14
0 14 14
0 37 40
1 46 6
0 46 5
0 17 23
1 14 13
6 14 12
2 15 12
2 16 12
0 17 12
0 5 23
3 17 13
0 18 13
0 47 41
1 18 35
1 18 34
1 18 33
6 18 32
0 19 32
0 43 13
2 30 4
2 29 4
2 28 4
2 27 4
2 26 4
0 25 4
0 26 30
0 47 25
1 5 24
1 5 25
1 5 26
1 5 27
0 5 28
2 41 33
2 42 33
0 43 33
0 43 7
0 33 45
1 8 13
5 8 12
2 7 12
0 6 12
2 44 20
2 45 20
2 46 20
2 47 20
0 48 20
1 22 40
1 22 39
1 22 38
0 22 37
1 25 3
1 25 2
5 25 1
2 24 1
2 23 1
2 22 1
2 21 1
2 20 1
0 19 1
-1
-1
-1
-1
-1
-1
-1
-1
-1
-1
-1
-1
-1
-1
-1
-1
-1
-1
-1
-1
-1
-1
-1
-1
-1
-1
-1
-1
-1
-1
-1
-1
-1
-1
-1
-1
-1
-1
-1
-1
-1
-1
-1
-1
-1
-1
-1
-1
-1
-1
-1
-1
-1
-1
-1
-1
-1
-1
-1
-1
-1
-1
-1
-1
-1
-1
-1
-1
-1
-1
-1
-1
-1
-1
-1
-1
-1
-1
-1
-1
-1
-1
-1
-1
-1
-1
-1
-1
-1
-1
-1
-1
-1
-1
-1
-1
-1
-1
-1
-1
-1
-1
-1
-1
-1
-1
-1
-1
-1
-1
-1
-1
-1
-1
-1
-1
-1
-1
-1
-1
-1
-1
-1
-1
-1
-1
-1
-1
-1
-1
-1
-1
-1
-1
-1
-1
-1
-1
-1
-1
-1
-1
-1
-1
-1
-1
-1
-1
-1
-1
-1
-1
-1
-1
-1
-1
-1
-1
-1
-1
-1
-1
-1
-1
-1
-1
-1
-1
-1
-1
-1
-1
-1
-1
-1
-1
-1
-1
-1
-1
-1
-1
-1
-1
-1
-1
-1
-1
-1
-1
-1
-1
-1
-1
-1
-1
-1
-1
-1
-1
-1
-1
-1
-1
-1
-1
-1
-1
-1
-1
-1
-1
-1
-1
-1
-1
-1
-1
-1
-1
-1
-1
-1
-1
-1
-1
-1
-1
-1
-1
-1
-1
-1
-1
-1
-1
-1
-1
-1
-1
-1
-1
-1
-1
-1
-1
-1
-1
-1
-1
-1
-1
-1
-1
-1
-1
-1
-1
-1
-1
-1
-1
-1
-1
-1
-1
-1
-1
-1
-1
-1
-1
-1
-1
-1
-1
-1
-1
-1
-1
-1
-1
-1
-1
-1
-1
-1
-1
-1
-1
-1
-1
-1
-1
-1
-1
-1
-1
-1
-1
-1
-1
-1
-1
-1
-1
-1
-1
-1
-1
-1
-1
-1
