0 16 13
1 16 14
3 16 15
2 17 15
2 18 15
2 19 15
2 20 15
2 21 15
2 22 15
2 23 15
2 24 15
2 25 15
2 26 15
2 27 15
2 28 15
2 29 15
2 30 15
2 31 15
2 32 15
2 33 15
2 34 15
2 35 15
2 36 15
2 37 15
2 38 15
2 39 15
2 40 15
2 41 15
2 42 15
2 43 15
5 44 15
3 44 16
0 45 16
1 45 17
1 45 18
1 45 19
1 45 20
1 45 21
1 45 22
1 45 23
1 45 24
3 45 25
0 46 25
1 16 12
5 16 11
3 15 11
1 15 10
5 15 9
2 14 9
2 13 9
2 12 9
2 11 9
2 10 9
2 9 9
2 8 9
2 7 9
2 6 9
2 5 9
2 4 9
2 3 9
0 2 9
2 47 25
5 48 25
1 48 26
1 48 27
-1
-1
-1
-1
-1
0 48 28
1 48 29
1 48 30
1 48 31
1 48 32
1 48 33
1 48 34
4 48 35
2 47 35
2 46 35
6 45 35
1 45 36
4 45 37
2 44 37
2 43 37
0 42 37
1 2 8
1 2 7
5 2 6
3 1 6
0 1 5
6 15 13
1 15 14
1 15 15
4 15 16
0 14 16
2 41 37
2 40 37
2 39 37
6 38 37
1 38 38
1 38 39
0 38 40
-1
0 38 37
1 38 41
1 38 42
-1
0 38 43
2 37 40
2 36 40
0 35 40
-1
0 43 37
5 35 39
2 34 39
2 33 39
2 32 39
0 31 39
4 46 26
2 45 26
2 44 26
0 43 26
0 9 9
2 30 39
3 29 39
5 29 38
2 28 38
2 27 38
0 26 38
0 15 9
5 46 16
3 46 17
0 47 17
2 25 38
2 24 38
0 23 38
2 22 38
2 21 38
0 20 38
2 19 38
0 18 38
2 17 38
2 16 38
0 15 38
2 14 38
2 13 38
2 12 38
0 11 38
0 15 11
0 19 15
1 47 16
1 47 15
0 47 14
1 11 37
1 11 36
0 11 35
1 20 39
1 20 40
0 20 41
2 1 9
0 0 9
1 23 37
1 23 36
0 23 35
1 11 39
1 11 40
1 11 41
0 11 42
0 23 34
2 10 42
2 9 42
0 8 42
0 48 35
2 7 42
2 6 42
2 5 42
2 4 42
2 3 42
0 2 42
1 43 25
0 43 24
1 2 41
6 2 40
0 3 40
1 38 44
1 38 45
0 38 46
2 13 16
2 12 16
0 11 16
0 45 20
0 45 21
1 11 34
0 11 33
0 10 38
2 10 33
2 9 33
2 8 33
0 7 33
2 6 33
2 5 33
2 4 33
0 3 33
1 3 32
1 3 31
1 3 30
1 3 29
0 3 28
0 4 28
2 37 46
0 36 46
1 15 8
0 15 7
1 11 17
0 11 18
0 43 15
0 14 38
1 11 15
1 11 14
0 11 13
1 2 43
1 2 44
0 2 45
1 2 46
1 2 47
0 2 48
0 7 34
1 43 27
0 43 28
1 11 32
1 11 31
0 11 30
0 16 11
0 11 12
2 39 43
0 40 43
0 45 37
0 48 25
0 2 28
1 35 41
4 35 42
2 34 42
0 33 42
3 40 44
2 41 44
0 42 44
1 11 29
1 11 28
1 11 27
1 11 26
5 11 25
0 10 25
1 11 43
1 11 44
1 11 45
1 11 46
0 11 47
1 23 33
1 23 32
1 23 31
1 23 30
0 23 29
6 22 29
4 22 30
0 21 30
2 10 47
0 9 47
0 20 30
2 19 30
2 18 30
0 17 30
1 17 29
1 17 28
0 17 27
1 26 39
4 26 40
0 25 40
2 12 47
2 13 47
0 14 47
0 3 9
2 2 5
2 3 5
0 4 5
0 34 15
0 6 42
6 47 28
0 47 29
0 6 43
0 9 25
1 17 26
1 17 25
0 17 24
2 5 28
2 6 28
0 7 28
0 24 15
0 2 40
2 44 21
2 43 21
2 42 21
2 41 21
0 40 21
0 24 29
0 11 19
0 6 9
0 2 33
0 41 15
2 9 38
2 8 38
0 7 38
1 48 24
0 48 23
1 20 42
1 20 43
1 20 44
1 20 45
0 20 46
1 17 23
0 17 22
0 34 39
0 11 20
0 29 39
1 43 38
1 43 39
0 43 40
0 1 33
0 12 9
0 26 37
0 15 47
0 45 35
2 16 27
2 15 27
0 14 27
2 17 11
2 18 11
0 19 11
0 19 16
1 31 38
1 31 37
0 31 36
3 20 47
2 21 47
2 22 47
2 23 47
0 24 47
0 1 28
5 47 13
0 46 13
2 39 21
2 38 21
0 37 21
0 22 34
0 11 29
0 16 22
0 14 39
1 33 43
0 33 44
1 37 20
0 37 19
5 9 24
2 8 24
2 7 24
3 6 24
0 6 23
2 12 33
2 13 33
0 14 33
1 19 10
1 19 9
0 19 8
1 46 12
1 46 11
0 46 10
0 48 33
2 44 40
2 45 40
0 46 40
0 24 48
0 46 41
2 10 16
2 9 16
2 8 16
2 7 16
2 6 16
0 5 16
1 5 17
0 5 18
3 37 37
1 37 36
0 37 35
0 36 35
1 15 46
0 15 45
0 47 10
2 25 47
2 26 47
2 27 47
0 28 47
1 3 10
1 3 11
0 3 12
0 4 18
6 28 46
0 29 46
0 12 42
0 10 20
1 2 39
0 2 38
0 30 15
1 24 16
1 24 17
1 24 18
0 24 19
0 2 46
0 24 20
0 16 7
1 24 21
1 24 22
0 24 23
0 25 23
1 37 22
1 37 23
1 37 24
0 37 25
2 36 25
0 35 25
2 10 13
0 9 13
6 19 7
0 20 7
1 35 26
0 35 27
0 21 15
4 35 28
2 34 28
0 33 28
1 21 16
0 21 17
0 33 29
0 21 7
1 33 30
1 33 31
0 33 32
0 45 10
0 40 15
0 42 40
2 18 24
2 19 24
0 20 24
2 20 11
0 21 11
0 15 33
1 43 16
0 43 17
0 3 48
0 25 29
1 45 9
1 45 8
1 45 7
1 45 6
0 45 5
1 17 21
0 17 20
0 44 5
5 44 4
2 43 4
0 42 4
1 45 4
1 45 3
0 45 2
2 46 2
0 47 2
1 42 5
1 42 6
1 42 7
0 42 8
0 43 29
0 47 30
0 2 37
2 3 18
2 2 18
0 1 18
3 38 47
2 39 47
0 40 47
0 1 17
0 7 32
1 15 44
6 15 43
0 16 43
1 25 30
1 25 31
3 25 32
2 26 32
0 27 32
0 28 32
0 6 44
0 48 17
2 41 8
2 40 8
0 39 8
4 49 23
1 49 22
0 49 21
1 25 41
1 25 42
0 25 43
0 42 29
0 31 35
1 24 14
0 24 13
1 46 42
0 46 43
0 6 24
1 34 16
4 34 17
0 33 17
4 30 16
2 29 16
0 28 16
2 5 5
0 6 5
0 19 46
1 41 14
0 41 13
2 47 43
2 48 43
0 49 43
1 33 18
1 33 19
4 33 20
0 32 20
1 33 45
1 33 46
1 33 47
0 33 48
1 20 25
0 20 26
2 31 20
0 30 20
5 42 3
2 41 3
2 40 3
2 39 3
0 38 3
5 38 2
2 37 2
3 36 2
1 36 1
5 36 0
0 35 0
0 26 43
1 1 19
1 1 20
0 1 21
4 25 13
1 25 12
1 25 11
6 25 10
0 26 10
1 9 8
1 9 7
6 9 6
0 10 6
2 38 8
3 37 8
5 37 7
2 36 7
2 35 7
2 34 7
0 33 7
2 42 24
0 41 24
1 25 24
0 25 25
2 41 47
2 42 47
5 43 47
0 43 48
2 15 22
0 14 22
2 44 48
0 45 48
2 46 48
2 47 48
0 48 48
1 33 8
1 33 9
3 33 10
2 34 10
0 35 10
0 35 11
6 33 6
0 34 6
1 1 22
4 1 23
0 0 23
1 17 31
3 17 32
0 18 32
1 30 14
1 30 13
0 30 12
2 32 7
2 31 7
0 30 7
0 6 18
5 42 36
0 41 36
1 4 4
1 4 3
6 4 2
0 5 2
2 24 43
0 23 43
1 1 4
5 1 3
0 0 3
0 11 36
2 32 28
2 31 28
0 30 28
2 26 23
0 27 23
5 34 29
0 34 30
1 6 22
0 6 21
1 43 30
1 43 31
0 43 32
5 16 33
0 16 34
0 43 47
0 36 2
1 20 6
0 20 5
2 21 5
2 22 5
0 23 5
0 16 35
0 29 28
1 37 34
6 37 33
0 38 33
-1
-1
-1
-1
-1
-1
-1
-1
-1
-1
-1
-1
-1
-1
-1
-1
-1
-1
-1
-1
-1
-1
-1
-1
-1
-1
-1
-1
-1
-1
-1
-1
-1
-1
-1
-1
-1
-1
-1
-1
-1
-1
-1
-1
-1
-1
-1
-1
-1
-1
-1
-1
-1
-1
-1
-1
-1
-1
-1
-1
-1
-1
-1
-1
-1
-1
-1
-1
-1
-1
-1
-1
-1
-1
-1
-1
-1
-1
-1
-1
-1
-1
-1
-1
-1
-1
-1
-1
-1
-1
-1
-1
-1
-1
-1
-1
-1
-1
-1
-1
-1
-1
-1
-1
-1
-1
-1
-1
-1
-1
-1
-1
-1
-1
-1
-1
-1
-1
-1
-1
-1
-1
-1
-1
-1
-1
-1
-1
-1
-1
-1
-1
-1
-1
-1
-1
-1
-1
-1
-1
-1
-1
-1
-1
-1
-1
-1
-1
-1
-1
-1
-1
-1
