0 21 39
6 21 38
4 22 38
1 22 37
1 22 36
1 22 35
1 22 34
6 22 33
2 23 33
4 24 33
6 24 32
4 25 32
6 25 31
2 26 31
4 27 31
1 27 30
1 27 29
0 27 28
2 22 39
2 23 39
2 24 39
2 25 39
2 26 39
2 27 39
2 28 39
-1
2 29 39
-1
2 30 39
-1
2 31 39
-1
2 32 39
-1
2 33 39
-1
2 34 39
-1
2 35 39
-1
2 36 39
-1
5 37 39
-1
3 37 40
-1
2 38 40
-1
2 39 40
-1
2 40 40
-1
2 41 40
-1
2 42 40
-1
2 43 40
-1
2 44 40
-1
2 45 40
-1
2 46 40
-1
-1
-1
-1
-1
-1
-1
-1
-1
-1
-1
-1
-1
-1
-1
-1
-1
-1
-1
-1
-1
-1
-1
-1
-1
-1
-1
-1
-1
-1
-1
-1
-1
-1
-1
-1
-1
-1
-1
-1
-1
-1
-1
-1
-1
-1
-1
-1
-1
-1
-1
-1
-1
-1
-1
-1
-1
-1
-1
-1
-1
-1
-1
-1
-1
-1
-1
-1
-1
-1
-1
-1
-1
-1
-1
-1
-1
-1
-1
-1
-1
-1
-1
-1
-1
-1
-1
-1
-1
-1
-1
-1
-1
-1
-1
-1
-1
-1
-1
0 47 40
2 26 28
2 25 28
3 24 28
1 24 27
5 24 26
3 23 26
5 23 25
2 22 25
2 21 25
2 20 25
3 19 25
1 19 24
1 19 23
1 19 22
1 19 21
1 19 20
1 19 19
5 19 18
2 18 18
2 17 18
2 16 18
2 15 18
3 14 18
1 14 17
1 14 16
1 14 15
1 14 14
1 14 13
1 14 12
5 14 11
2 13 11
2 12 11
-1
-1
-1
-1
-1
-1
-1
-1
-1
-1
-1
-1
-1
-1
-1
-1
-1
-1
-1
-1
-1
-1
-1
-1
0 11 11
1 47 39
5 47 38
2 46 38
2 45 38
-1
-1
-1
-1
-1
-1
-1
-1
-1
-1
-1
-1
-1
-1
-1
-1
-1
-1
-1
-1
-1
0 44 38
4 11 12
2 10 12
2 9 12
2 8 12
2 7 12
2 6 12
6 5 12
1 5 13
1 5 14
1 5 15
1 5 16
1 5 17
-1
-1
-1
-1
-1
-1
0 5 18
1 5 19
1 5 20
4 5 21
6 4 21
1 4 22
1 4 23
1 4 24
1 4 25
1 4 26
1 4 27
1 4 28
1 4 29
1 4 30
4 4 31
2 3 31
6 2 31
0 2 32
1 47 41
4 47 42
2 46 42
2 45 42
2 44 42
-1
-1
-1
0 43 42
3 4 18
1 4 17
5 4 16
2 3 16
3 2 16
1 2 15
1 2 14
0 2 13
3 2 33
2 3 33
2 4 33
2 5 33
2 6 33
2 7 33
2 8 33
2 9 33
2 10 33
2 11 33
0 12 33
-1
-1
0 27 31
1 11 10
1 11 9
1 11 8
1 11 7
1 11 6
1 11 5
0 11 4
1 27 27
1 27 26
1 27 25
1 27 24
0 27 23
5 12 4
1 12 5
1 12 6
1 12 7
3 12 8
2 13 8
2 14 8
0 15 8
0 24 33
3 20 39
1 20 38
1 20 37
5 20 36
0 19 36
2 28 31
2 29 31
2 30 31
2 31 31
2 32 31
0 33 31
1 2 12
1 2 11
0 2 10
4 21 40
2 20 40
2 19 40
2 18 40
2 17 40
0 16 40
0 29 39
6 10 4
4 10 5
2 9 5
2 8 5
0 7 5
0 24 26
1 16 41
1 16 42
1 16 43
1 16 44
1 16 45
0 16 46
2 17 46
0 18 46
0 19 19
0 9 33
2 34 31
2 35 31
2 36 31
2 37 31
0 38 31
1 33 30
0 33 29
5 44 37
2 43 37
0 42 37
0 4 21
1 18 45
1 18 44
6 18 43
2 19 43
0 20 43
0 44 42
0 2 31
0 8 12
6 20 42
2 21 42
2 22 42
0 23 42
0 14 18
0 24 28
1 12 32
1 12 31
0 12 30
2 24 42
2 25 42
0 26 42
1 38 30
1 38 29
1 38 28
1 38 27
1 38 26
1 38 25
0 38 24
0 19 25
0 5 12
0 37 39
2 6 5
0 5 5
1 26 43
1 26 44
1 26 45
4 26 46
0 25 46
2 28 23
0 29 23
6 38 23
2 39 23
2 40 23
2 41 23
0 42 23
0 28 28
2 20 19
2 21 19
2 22 19
2 23 19
0 24 19
0 14 15
5 27 42
3 27 43
0 28 43
1 42 22
1 42 21
1 42 20
1 42 19
1 42 18
1 42 17
0 42 16
2 1 13
0 0 13
2 43 16
4 44 16
6 44 15
2 45 15
0 46 15
0 22 33
1 46 14
1 46 13
1 46 12
1 46 11
0 46 10
0 42 21
1 24 18
1 24 17
6 24 16
4 25 16
1 25 15
0 25 14
1 12 34
1 12 35
0 12 36
5 19 35
2 18 35
0 17 35
1 37 38
5 37 37
0 36 37
2 15 40
0 14 40
5 47 10
0 47 11
2 13 40
2 12 40
2 11 40
0 10 40
0 16 44
0 2 16
2 29 43
2 30 43
0 31 43
0 22 38
1 7 6
1 7 7
0 7 8
4 19 37
0 18 37
2 26 14
2 27 14
2 28 14
2 29 14
2 30 14
0 31 14
1 31 13
1 31 12
6 31 11
0 32 11
0 28 31
1 42 24
1 42 25
1 42 26
3 42 27
2 43 27
0 44 27
1 29 38
1 29 37
5 29 36
2 28 36
0 27 36
1 44 28
3 44 29
2 45 29
2 46 29
2 47 29
0 48 29
1 48 30
0 48 31
1 29 22
0 29 21
1 2 17
4 2 18
0 1 18
3 18 47
2 19 47
0 20 47
1 46 9
6 46 8
0 47 8
0 47 38
2 13 33
0 14 33
1 36 36
6 36 35
2 37 35
0 38 35
1 12 29
1 12 28
1 12 27
1 12 26
5 12 25
0 11 25
2 16 8
2 17 8
0 18 8
1 42 36
1 42 35
6 42 34
2 43 34
0 44 34
1 8 13
1 8 14
0 8 15
1 44 43
1 44 44
0 44 45
0 26 23
0 46 42
1 33 32
0 33 33
2 30 23
2 31 23
0 32 23
1 25 47
1 25 48
0 25 49
2 37 24
0 36 24
1 46 16
1 46 17
3 46 18
0 47 18
4 10 41
2 9 41
0 8 41
0 20 19
1 47 7
1 47 6
6 47 5
0 48 5
2 32 33
0 31 33
1 5 4
1 5 3
5 5 2
2 4 2
2 3 2
2 2 2
0 1 2
1 18 7
1 18 6
1 18 5
1 18 4
0 18 3
2 13 30
2 14 30
4 15 30
6 15 29
0 16 29
2 7 41
6 6 41
1 6 42
1 6 43
1 6 44
1 6 45
0 6 46
1 16 47
4 16 48
0 15 48
1 11 3
1 11 2
5 11 1
0 10 1
0 44 16
3 18 9
2 19 9
2 20 9
2 21 9
2 22 9
0 23 9
3 31 44
2 32 44
2 33 44
2 34 44
2 35 44
2 36 44
0 37 44
2 26 49
2 27 49
2 28 49
2 29 49
2 30 49
0 31 49
2 24 9
2 25 9
2 26 9
0 27 9
1 8 40
1 8 39
5 8 38
0 7 38
1 18 2
6 18 1
2 19 1
2 20 1
2 21 1
2 22 1
0 23 1
2 41 16
2 40 16
2 39 16
2 38 16
2 37 16
0 36 16
2 24 1
2 25 1
2 26 1
2 27 1
2 28 1
0 29 1
5 6 18
3 6 19
0 7 19
-1
-1
-1
-1
-1
-1
-1
-1
-1
-1
-1
-1
-1
-1
-1
-1
-1
-1
-1
-1
-1
-1
-1
-1
-1
-1
-1
-1
-1
-1
-1
-1
-1
-1
-1
-1
-1
-1
-1
-1
-1
-1
-1
-1
-1
-1
-1
-1
-1
-1
-1
-1
-1
-1
-1
-1
-1
-1
-1
-1
-1
-1
-1
-1
-1
-1
-1
-1
-1
-1
-1
-1
-1
-1
-1
-1
-1
-1
-1
-1
-1
-1
-1
-1
-1
-1
-1
-1
-1
-1
-1
-1
-1
-1
-1
-1
-1
-1
-1
-1
-1
-1
-1
-1
-1
-1
-1
-1
-1
-1
-1
-1
-1
-1
-1
-1
-1
-1
-1
-1
-1
-1
-1
-1
-1
-1
-1
-1
-1
-1
-1
-1
-1
-1
