0 20 20
1 20 21
3 20 22
2 21 22
2 22 22
2 23 22
5 24 22
3 24 23
2 25 23
2 26 23
2 27 23
2 28 23
5 29 23
1 29 24
1 29 25
3 29 26
0 30 26
1 30 25
1 30 24
1 30 23
-1
1 30 22
-1
6 30 21
-1
2 31 21
-1
4 32 21
-1
6 32 20
-1
2 33 20
-1
2 34 20
-1
2 35 20
-1
2 36 20
-1
2 37 20
-1
2 38 20
-1
2 39 20
-1
4 40 20
-1
1 40 19
-1
1 40 18
-1
6 40 17
-1
2 41 17
-1
2 42 17
-1
-1
-1
-1
-1
-1
-1
-1
-1
-1
-1
-1
-1
-1
-1
-1
-1
-1
-1
-1
-1
-1
-1
-1
-1
-1
-1
-1
-1
-1
-1
-1
-1
-1
-1
-1
-1
-1
-1
-1
-1
-1
-1
-1
-1
-1
-1
-1
-1
-1
-1
-1
-1
-1
-1
-1
-1
-1
-1
-1
-1
-1
-1
-1
-1
-1
-1
-1
-1
-1
-1
-1
-1
-1
-1
-1
-1
-1
-1
-1
-1
-1
-1
-1
-1
-1
-1
-1
-1
-1
-1
-1
-1
-1
-1
-1
-1
-1
-1
0 43 17
6 19 20
1 19 21
1 19 22
1 19 23
1 19 24
1 19 25
1 19 26
1 19 27
1 19 28
1 19 29
1 19 30
4 19 31
6 18 31
1 18 32
1 18 33
4 18 34
2 17 34
-1
-1
-1
-1
-1
-1
-1
-1
-1
-1
-1
-1
-1
-1
-1
-1
-1
-1
-1
-1
-1
-1
-1
-1
-1
-1
-1
-1
-1
-1
-1
-1
-1
-1
-1
0 16 34
1 43 16
1 43 15
1 43 14
1 43 13
1 43 12
5 43 11
2 42 11
2 41 11
3 40 11
1 40 10
-1
-1
-1
-1
-1
-1
-1
-1
-1
-1
-1
-1
-1
-1
-1
-1
-1
-1
-1
0 40 9
3 16 35
2 17 35
2 18 35
5 19 35
3 19 36
2 20 36
2 21 36
2 22 36
2 23 36
2 24 36
-1
-1
-1
-1
-1
-1
-1
-1
-1
-1
-1
-1
-1
-1
0 25 36
1 43 18
1 43 19
3 43 20
2 44 20
5 45 20
1 45 21
1 45 22
1 45 23
3 45 24
2 46 24
-1
-1
-1
-1
-1
-1
-1
0 47 24
1 20 19
5 20 18
2 19 18
2 18 18
2 17 18
3 16 18
1 16 17
5 16 16
2 15 16
2 14 16
2 13 16
2 12 16
2 11 16
2 10 16
2 9 16
2 8 16
3 7 16
5 7 15
2 6 15
2 5 15
2 4 15
2 3 15
3 2 15
1 2 14
1 2 13
1 2 12
1 2 11
0 2 10
1 25 35
1 25 34
1 25 33
1 25 32
5 25 31
0 24 31
4 21 20
1 21 19
1 21 18
1 21 17
1 21 16
1 21 15
1 21 14
1 21 13
1 21 12
5 21 11
0 20 11
1 47 25
1 47 26
1 47 27
1 47 28
1 47 29
1 47 30
1 47 31
1 47 32
1 47 33
3 47 34
5 48 34
1 48 35
1 48 36
3 48 37
0 49 37
0 19 24
4 49 38
2 48 38
2 47 38
2 46 38
2 45 38
2 44 38
2 43 38
0 42 38
1 25 37
3 25 38
2 26 38
2 27 38
2 28 38
0 29 38
2 39 9
2 38 9
3 37 9
1 37 8
1 37 7
0 37 6
1 2 9
1 2 8
1 2 7
1 2 6
5 2 5
2 1 5
0 0 5
2 18 24
2 17 24
2 16 24
2 15 24
2 14 24
0 13 24
0 22 36
2 15 34
2 14 34
2 13 34
2 12 34
6 11 34
1 11 35
4 11 36
0 10 36
0 9 16
1 42 39
1 42 40
3 42 41
2 43 41
2 44 41
2 45 41
0 46 41
0 29 23
-1
0 4 15
1 29 22
1 29 21
1 29 20
1 29 19
6 29 18
0 30 18
0 40 20
1 30 17
1 30 16
1 30 15
0 30 14
0 24 22
2 3 10
2 4 10
0 5 10
1 22 37
1 22 38
1 22 39
4 22 40
2 21 40
2 20 40
2 19 40
2 18 40
0 17 40
0 48 34
0 45 20
0 6 10
0 37 9
1 17 41
1 17 42
1 17 43
3 17 44
2 18 44
0 19 44
0 2 15
0 18 31
0 35 20
0 47 27
1 40 21
0 40 22
0 11 16
1 29 37
1 29 36
0 29 35
0 29 24
0 44 38
0 2 6
0 32 21
2 30 35
2 31 35
2 32 35
0 33 35
0 19 27
1 33 34
1 33 33
0 33 32
0 39 22
0 43 13
1 29 34
1 29 33
0 29 32
0 19 35
2 29 14
2 28 14
2 27 14
2 26 14
0 25 14
1 25 15
1 25 16
0 25 17
1 33 36
1 33 37
1 33 38
3 33 39
0 34 39
0 11 34
2 36 9
2 35 9
2 34 9
2 33 9
0 32 9
1 35 19
1 35 18
6 35 17
2 36 17
2 37 17
0 38 17
0 19 18
1 38 16
0 38 15
0 28 38
0 37 15
0 31 14
0 22 40
2 23 40
2 24 40
0 25 40
2 34 32
2 35 32
2 36 32
0 37 32
1 25 41
1 25 42
0 25 43
1 37 31
1 37 30
0 37 29
0 25 44
2 24 14
0 23 14
1 25 45
1 25 46
0 25 47
1 25 18
0 25 19
1 25 13
1 25 12
0 25 11
1 10 37
1 10 38
4 10 39
2 9 39
2 8 39
2 7 39
2 6 39
0 5 39
0 25 10
1 25 9
1 25 8
1 25 7
0 25 6
0 4 39
2 46 27
2 45 27
2 44 27
0 43 27
2 31 18
0 32 18
1 34 40
1 34 41
1 34 42
0 34 43
0 16 18
2 44 13
2 45 13
2 46 13
2 47 13
0 48 13
1 48 12
1 48 11
5 48 10
0 47 10
5 20 24
3 20 25
0 21 25
2 26 44
2 27 44
0 28 44
6 37 28
0 38 28
6 6 9
2 7 9
2 8 9
2 9 9
0 10 9
2 26 6
2 27 6
0 28 6
1 10 8
5 10 7
0 9 7
1 28 5
1 28 4
0 28 3
1 34 44
1 34 45
1 34 46
4 34 47
0 33 47
0 35 43
4 33 48
2 32 48
0 31 48
1 13 25
4 13 26
2 12 26
2 11 26
0 10 26
2 9 26
2 8 26
0 7 26
1 7 27
1 7 28
1 7 29
0 7 30
6 28 2
2 29 2
2 30 2
0 31 2
0 37 14
1 19 45
1 19 46
1 19 47
4 19 48
0 18 48
3 28 32
1 28 31
0 28 30
3 37 33
2 38 33
2 39 33
0 40 33
0 40 11
4 26 17
0 26 16
3 36 29
5 36 28
0 35 28
1 35 27
1 35 26
0 35 25
2 24 6
2 23 6
2 22 6
2 21 6
0 20 6
5 24 30
2 23 30
2 22 30
0 21 30
1 13 23
1 13 22
6 13 21
0 14 21
1 4 40
1 4 41
1 4 42
1 4 43
1 4 44
1 4 45
1 4 46
4 4 47
0 3 47
0 32 32
1 5 40
3 5 41
2 6 41
2 7 41
0 8 41
1 20 5
5 20 4
0 19 4
2 11 9
2 12 9
2 13 9
2 14 9
2 15 9
0 16 9
0 7 16
1 47 9
1 47 8
1 47 7
1 47 6
1 47 5
1 47 4
1 47 3
1 47 2
0 47 1
1 46 42
4 46 43
2 45 43
2 44 43
2 43 43
0 42 43
1 16 10
1 16 11
1 16 12
3 16 13
0 17 13
2 22 25
2 23 25
0 24 25
2 1 10
0 0 10
1 9 6
1 9 5
1 9 4
1 9 3
5 9 2
2 8 2
0 7 2
1 2 16
1 2 17
3 2 18
0 3 18
-1
-1
-1
-1
-1
-1
-1
-1
-1
-1
-1
-1
-1
-1
-1
-1
-1
-1
-1
-1
-1
-1
-1
-1
-1
-1
-1
-1
-1
-1
-1
-1
-1
-1
-1
-1
-1
-1
-1
-1
-1
-1
-1
-1
-1
-1
-1
-1
-1
-1
-1
-1
-1
-1
-1
-1
-1
-1
-1
-1
-1
-1
-1
-1
-1
-1
-1
-1
-1
-1
-1
-1
-1
-1
-1
-1
-1
-1
-1
-1
-1
-1
-1
-1
-1
-1
-1
-1
-1
-1
-1
-1
-1
-1
-1
-1
-1
-1
-1
-1
-1
-1
-1
-1
-1
-1
-1
-1
-1
