0 40 40
2 41 40
4 42 40
1 42 39
1 42 38
1 42 37
1 42 36
1 42 35
1 42 34
1 42 33
1 42 32
1 42 31
1 42 30
1 42 29
1 42 28
1 42 27
1 42 26
1 42 25
1 42 24
1 42 23
1 42 22
1 42 21
1 42 20
1 42 19
1 42 18
1 42 17
1 42 16
1 42 15
1 42 14
1 42 13
1 42 12
1 42 11
1 42 10
1 42 9
1 42 8
1 42 7
1 42 6
0 42 5
2 39 40
2 38 40
2 37 40
2 36 40
2 35 40
2 34 40
2 33 40
2 32 40
2 31 40
2 30 40
2 29 40
2 28 40
2 27 40
2 26 40
2 25 40
2 24 40
2 23 40
2 22 40
2 21 40
2 20 40
2 19 40
2 18 40
2 17 40
2 16 40
2 15 40
2 14 40
2 13 40
2 12 40
6 11 40
4 11 41
2 10 41
2 9 41
2 8 41
2 7 41
2 6 41
2 5 41
2 4 41
2 3 41
-1
-1
-1
-1
-1
-1
-1
-1
-1
-1
-1
-1
-1
-1
-1
-1
-1
-1
-1
-1
-1
-1
-1
-1
-1
-1
0 2 41
5 42 4
2 41 4
2 40 4
2 39 4
-1
-1
-1
-1
-1
-1
-1
-1
-1
-1
-1
-1
-1
-1
-1
-1
-1
-1
-1
-1
-1
-1
-1
-1
-1
-1
-1
-1
-1
-1
-1
0 38 4
-1
-1
-1
-1
-1
-1
-1
-1
-1
-1
-1
-1
-1
-1
-1
-1
0 6 41
4 43 5
1 43 4
-1
-1
-1
-1
-1
-1
-1
-1
-1
-1
-1
0 43 3
1 6 42
1 6 43
3 6 44
5 7 44
1 7 45
1 7 46
3 7 47
2 8 47
2 9 47
2 10 47
-1
-1
0 11 47
1 2 40
1 2 39
1 2 38
5 2 37
-1
-1
-1
-1
0 1 37
2 37 4
2 36 4
2 35 4
2 34 4
2 33 4
2 32 4
2 31 4
2 30 4
0 29 4
1 40 39
1 40 38
1 40 37
1 40 36
5 40 35
3 39 35
1 39 34
1 39 33
1 39 32
1 39 31
1 39 30
1 39 29
1 39 28
1 39 27
5 39 26
2 38 26
2 37 26
2 36 26
2 35 26
3 34 26
5 34 25
0 33 25
0 7 44
0 42 40
1 33 24
1 33 23
6 33 22
4 34 22
1 34 21
1 34 20
0 34 19
1 1 36
1 1 35
1 1 34
1 1 33
1 1 32
1 1 31
1 1 30
1 1 29
5 1 28
0 0 28
1 43 2
0 43 1
1 6 40
5 6 39
-1
0 5 39
1 0 27
6 0 26
2 1 26
2 2 26
2 3 26
2 4 26
2 5 26
2 6 26
2 7 26
2 8 26
2 9 26
0 10 26
1 10 25
1 10 24
0 10 23
0 7 45
2 11 26
2 12 26
2 13 26
2 14 26
0 15 26
1 42 41
1 42 42
1 42 43
0 42 44
1 10 22
6 10 21
0 11 21
1 42 45
4 42 46
2 41 46
0 40 46
1 11 20
1 11 19
1 11 18
1 11 17
1 11 16
0 11 15
-1
0 31 40
1 31 41
4 31 42
2 30 42
2 29 42
2 28 42
2 27 42
0 26 42
5 44 3
1 44 4
3 44 5
2 45 5
2 46 5
0 47 5
0 31 39
0 12 15
1 12 14
1 12 13
1 12 12
1 12 11
6 12 10
2 13 10
0 14 10
2 43 44
2 44 44
2 45 44
0 46 44
0 42 19
0 5 26
1 15 27
0 15 28
3 40 47
2 41 47
0 42 47
1 11 14
5 11 13
2 10 13
2 9 13
2 8 13
2 7 13
2 6 13
2 5 13
0 4 13
0 11 40
1 2 42
0 2 43
6 9 23
0 9 24
1 11 39
1 11 38
6 11 37
2 12 37
0 13 37
5 13 36
2 12 36
2 11 36
2 10 36
0 9 36
0 39 35
1 4 12
1 4 11
1 4 10
1 4 9
0 4 8
1 47 6
4 47 7
2 46 7
2 45 7
2 44 7
0 43 7
1 46 45
3 46 46
0 47 46
1 4 7
1 4 6
0 4 5
5 43 19
1 43 20
1 43 21
1 43 22
1 43 23
1 43 24
1 43 25
3 43 26
2 44 26
2 45 26
0 46 26
0 44 1
1 29 5
4 29 6
0 28 6
3 11 48
2 12 48
2 13 48
2 14 48
2 15 48
0 16 48
1 33 26
1 33 27
1 33 28
1 33 29
4 33 30
6 32 30
4 32 31
2 31 31
2 30 31
0 29 31
2 33 19
2 32 19
2 31 19
0 30 19
6 15 25
2 16 25
2 17 25
2 18 25
2 19 25
2 20 25
2 21 25
2 22 25
0 23 25
4 12 21
6 12 20
2 13 20
2 14 20
4 15 20
6 15 19
2 16 19
2 17 19
0 18 19
0 32 30
1 26 43
1 26 44
1 26 45
1 26 46
3 26 47
2 27 47
2 28 47
2 29 47
0 30 47
6 10 15
4 10 16
2 9 16
2 8 16
0 7 16
1 34 18
6 34 17
2 35 17
2 36 17
0 37 17
-1
-1
-1
-1
-1
-1
-1
-1
-1
-1
-1
-1
-1
-1
-1
-1
-1
-1
-1
-1
-1
-1
-1
-1
-1
-1
-1
-1
-1
-1
-1
-1
-1
-1
-1
-1
-1
-1
-1
-1
-1
-1
-1
-1
-1
-1
-1
-1
-1
-1
-1
-1
-1
-1
-1
-1
-1
-1
-1
-1
-1
-1
-1
-1
-1
-1
-1
-1
-1
-1
-1
-1
-1
-1
-1
-1
-1
-1
-1
-1
-1
-1
-1
-1
-1
-1
-1
-1
-1
-1
-1
-1
-1
-1
-1
-1
-1
-1
-1
-1
-1
-1
-1
-1
-1
-1
-1
-1
-1
-1
-1
-1
-1
-1
-1
-1
-1
-1
-1
-1
-1
-1
-1
-1
-1
-1
-1
-1
-1
-1
-1
-1
-1
-1
-1
-1
-1
-1
-1
-1
-1
-1
-1
-1
-1
-1
-1
-1
-1
-1
-1
-1
-1
-1
-1
-1
-1
-1
-1
-1
-1
-1
-1
-1
-1
-1
-1
-1
-1
-1
-1
-1
-1
-1
-1
-1
-1
-1
-1
-1
-1
-1
-1
-1
-1
-1
-1
-1
-1
-1
-1
-1
-1
-1
-1
-1
-1
-1
-1
-1
-1
-1
-1
-1
-1
-1
-1
-1
-1
-1
-1
-1
-1
-1
-1
-1
-1
-1
-1
-1
-1
-1
-1
-1
-1
-1
-1
-1
-1
-1
-1
-1
-1
-1
-1
-1
-1
-1
-1
-1
-1
-1
-1
-1
-1
-1
-1
-1
-1
-1
-1
-1
-1
-1
-1
-1
-1
-1
-1
-1
-1
-1
-1
-1
-1
-1
-1
-1
-1
-1
-1
-1
-1
-1
-1
-1
-1
-1
-1
-1
-1
-1
-1
-1
-1
-1
-1
-1
-1
-1
-1
-1
-1
-1
-1
-1
-1
-1
-1
-1
-1
-1
-1
-1
-1
-1
-1
-1
-1
-1
-1
-1
-1
-1
-1
-1
-1
-1
-1
-1
-1
-1
-1
-1
-1
-1
-1
-1
-1
-1
-1
-1
-1
-1
-1
-1
-1
-1
-1
-1
-1
-1
-1
-1
-1
-1
-1
-1
-1
-1
-1
-1
-1
-1
-1
-1
-1
-1
-1
-1
-1
-1
-1
-1
