0 32 15
1 32 16
1 32 17
3 32 18
2 33 18
5 34 18
3 34 19
2 35 19
2 36 19
2 37 19
5 38 19
1 38 20
1 38 21
1 38 22
1 38 23
1 38 24
3 38 25
5 39 25
1 39 26
1 39 27
3 39 28
5 40 28
1 40 29
1 40 30
1 40 31
1 40 32
1 40 33
1 40 34
1 40 35
0 40 36
1 40 37
1 40 38
4 40 39
2 39 39
2 38 39
6 37 39
1 37 40
1 37 41
1 37 42
1 37 43
1 37 44
-1
-1
-1
-1
-1
-1
-1
-1
-1
-1
-1
-1
-1
-1
-1
-1
-1
-1
-1
-1
-1
-1
-1
-1
-1
-1
-1
-1
-1
-1
-1
-1
-1
-1
0 37 45
2 39 36
2 38 36
2 37 36
2 36 36
2 35 36
2 34 36
2 33 36
2 32 36
2 31 36
3 30 36
5 30 35
2 29 35
2 28 35
2 27 35
2 26 35
2 25 35
2 24 35
2 23 35
2 22 35
2 21 35
2 20 35
2 19 35
2 18 35
2 17 35
2 16 35
2 15 35
2 14 35
2 13 35
2 12 35
2 11 35
3 10 35
5 10 34
2 9 34
2 8 34
2 7 34
2 6 34
2 5 34
2 4 34
2 3 34
0 2 34
2 31 15
2 30 15
2 29 15
2 28 15
2 27 15
2 26 15
3 25 15
1 25 14
5 25 13
2 24 13
2 23 13
3 22 13
1 22 12
5 22 11
2 21 11
2 20 11
2 19 11
2 18 11
2 17 11
2 16 11
2 15 11
2 14 11
0 13 11
4 38 45
6 38 44
2 39 44
2 40 44
2 41 44
2 42 44
2 43 44
2 44 44
4 45 44
1 45 43
6 45 42
2 46 42
0 47 42
1 47 43
1 47 44
1 47 45
1 47 46
1 47 47
3 47 48
0 48 48
-1
0 33 18
1 32 14
1 32 13
6 32 12
2 33 12
-1
0 34 12
2 36 45
2 35 45
2 34 45
0 33 45
1 2 35
1 2 36
-1
0 2 37
2 33 15
2 34 15
2 35 15
0 36 15
1 2 38
3 2 39
2 3 39
2 4 39
0 5 39
1 2 33
1 2 32
1 2 31
6 2 30
0 3 30
0 40 39
0 6 34
5 34 11
2 33 11
2 32 11
2 31 11
6 30 11
0 30 12
1 3 29
1 3 28
1 3 27
1 3 26
0 3 25
0 45 44
0 41 44
0 28 15
0 35 36
0 27 35
1 6 33
6 6 32
4 7 32
0 7 31
0 36 16
0 40 28
0 37 42
0 25 13
1 27 34
1 27 33
0 27 32
1 27 31
1 27 30
0 27 29
0 32 18
0 30 36
0 19 35
0 32 45
0 33 36
0 40 30
2 2 25
0 1 25
0 16 35
2 28 29
2 29 29
0 30 29
2 26 29
2 25 29
0 24 29
2 41 36
2 42 36
0 43 36
0 32 11
0 22 13
0 38 19
0 34 45
0 3 24
0 10 35
1 1 24
1 1 23
1 1 22
1 1 21
0 1 20
1 27 28
1 27 27
0 27 26
1 33 44
0 33 43
0 2 39
0 3 27
2 31 18
0 30 18
2 32 43
0 31 43
0 39 25
1 7 30
0 7 29
0 45 45
0 38 22
1 35 35
1 35 34
0 35 33
2 30 43
2 29 43
2 28 43
0 27 43
0 30 28
1 10 36
1 10 37
0 10 38
2 26 43
2 25 43
0 24 43
0 33 19
0 35 32
1 24 42
0 24 41
1 10 39
0 10 40
2 11 40
2 12 40
2 13 40
0 14 40
5 15 40
1 15 41
0 15 42
2 23 29
0 22 29
5 41 30
3 41 31
2 42 31
2 43 31
0 44 31
0 2 35
2 28 32
2 29 32
0 30 32
1 24 40
1 24 39
0 24 38
1 27 25
1 27 24
0 27 23
2 45 31
2 46 31
0 47 31
2 26 23
0 25 23
1 27 44
1 27 45
1 27 46
0 27 47
0 7 32
2 26 32
0 25 32
2 35 12
2 36 12
0 37 12
1 1 19
1 1 18
1 1 17
0 1 16
1 1 15
1 1 14
1 1 13
5 1 12
0 0 12
1 10 41
0 10 42
2 23 43
2 22 43
0 21 43
0 36 33
3 43 37
2 44 37
0 45 37
0 27 48
1 7 28
1 7 27
0 7 26
2 23 38
2 22 38
0 21 38
1 35 31
0 35 30
1 47 30
1 47 29
1 47 28
0 47 27
1 37 46
1 37 47
0 37 48
2 29 18
0 28 18
0 2 33
0 37 39
1 10 43
1 10 44
3 10 45
0 11 45
1 13 12
1 13 13
1 13 14
1 13 15
1 13 16
0 13 17
1 13 18
4 13 19
0 12 19
1 12 20
1 12 21
0 12 22
2 14 17
0 15 17
0 15 40
0 15 18
1 11 46
4 11 47
0 10 47
0 38 12
1 0 11
6 0 10
2 1 10
2 2 10
0 3 10
1 47 26
5 47 25
0 46 25
0 10 48
2 16 17
2 17 17
2 18 17
0 19 17
0 12 35
1 22 28
1 22 27
5 22 26
2 21 26
2 20 26
0 19 26
0 45 42
1 30 37
0 30 38
1 2 40
1 2 41
1 2 42
4 2 43
0 1 43
1 19 34
1 19 33
0 19 32
1 1 44
1 1 45
0 1 46
1 24 28
0 24 27
0 40 34
1 46 24
1 46 23
1 46 22
1 46 21
6 46 20
0 47 20
2 18 26
2 17 26
0 16 26
1 13 10
6 13 9
2 14 9
2 15 9
0 16 9
0 41 43
0 30 11
0 29 38
0 47 19
2 11 22
2 10 22
0 9 22
1 12 34
1 12 33
1 12 32
0 12 31
2 17 9
0 18 9
1 33 46
1 33 47
1 33 48
0 33 49
1 33 20
0 33 21
1 12 30
1 12 29
5 12 28
0 11 28
1 16 8
1 16 7
0 16 6
0 21 35
1 45 36
6 45 35
2 46 35
0 47 35
2 9 42
0 8 42
2 32 21
0 31 21
0 12 11
2 38 48
5 39 48
3 39 49
2 40 49
0 41 49
2 11 11
2 10 11
0 9 11
1 9 12
1 9 13
4 9 14
0 8 14
1 9 10
1 9 9
0 9 8
0 47 45
1 30 10
1 30 9
1 30 8
1 30 7
0 30 6
0 10 49
1 33 22
1 33 23
0 33 24
1 15 43
0 15 44
2 31 28
0 32 28
1 9 7
5 9 6
2 8 6
0 7 6
3 46 19
5 46 18
2 45 18
0 44 18
2 29 6
0 28 6
2 31 6
2 32 6
2 33 6
0 34 6
1 44 17
1 44 16
0 44 15
6 44 14
0 45 14
3 12 23
0 13 23
6 38 11
0 39 11
1 39 10
1 39 9
1 39 8
0 39 7
1 39 6
6 39 5
2 40 5
2 41 5
0 42 5
1 7 5
5 7 4
2 6 4
2 5 4
2 4 4
2 3 4
2 2 4
2 1 4
0 0 4
3 39 30
5 39 29
3 38 29
1 38 28
0 38 27
6 42 4
2 43 4
4 44 4
1 44 3
0 44 2
1 30 5
6 30 4
2 31 4
0 32 4
1 28 5
5 28 4
2 27 4
0 26 4
1 25 12
1 25 11
5 25 10
0 24 10
1 45 13
1 45 12
1 45 11
1 45 10
6 45 9
0 46 9
2 7 14
2 6 14
0 5 14
6 18 8
2 19 8
0 20 8
1 44 19
0 44 20
5 44 1
2 43 1
2 42 1
2 41 1
2 40 1
2 39 1
0 38 1
1 16 5
1 16 4
1 16 3
0 16 2
4 16 27
6 15 27
1 15 28
0 15 29
-1
-1
-1
-1
-1
-1
-1
-1
-1
-1
-1
-1
-1
-1
-1
-1
-1
-1
-1
-1
-1
-1
-1
-1
-1
-1
-1
-1
-1
-1
-1
-1
-1
-1
-1
-1
-1
-1
-1
-1
-1
-1
-1
-1
-1
-1
-1
-1
-1
-1
-1
-1
-1
-1
-1
-1
-1
-1
-1
-1
-1
-1
-1
-1
-1
-1
-1
-1
-1
-1
-1
-1
-1
-1
-1
-1
-1
-1
-1
-1
-1
-1
-1
-1
-1
-1
-1
-1
-1
-1
-1
-1
-1
-1
-1
-1
-1
-1
-1
-1
-1
-1
-1
-1
-1
-1
-1
-1
-1
-1
-1
-1
-1
-1
-1
-1
-1
-1
-1
-1
-1
-1
-1
-1
-1
-1
-1
-1
-1
-1
-1
-1
-1
-1
-1
-1
-1
-1
-1
-1
-1
-1
-1
-1
-1
-1
-1
-1
-1
-1
-1
-1
-1
-1
-1
-1
-1
-1
-1
-1
-1
-1
-1
-1
-1
-1
-1
-1
-1
-1
-1
-1
-1
-1
-1
-1
-1
-1
-1
-1
-1
-1
-1
-1
-1
-1
-1
-1
-1
-1
-1
-1
-1
-1
-1
-1
-1
-1
-1
-1
-1
-1
-1
-1
-1
