0 23 2
1 23 3
1 23 4
3 23 5
2 24 5
2 25 5
2 26 5
2 27 5
2 28 5
2 29 5
2 30 5
2 31 5
2 32 5
2 33 5
2 34 5
2 35 5
2 36 5
2 37 5
2 38 5
2 39 5
2 40 5
5 41 5
1 41 6
1 41 7
1 41 8
1 41 9
3 41 10
2 42 10
2 43 10
2 44 10
2 45 10
2 46 10
0 47 10
6 22 2
4 22 3
2 21 3
2 20 3
0 19 3
1 47 11
1 47 12
1 47 13
1 47 14
4 47 15
-1
-1
-1
-1
-1
-1
-1
-1
-1
-1
-1
-1
-1
-1
-1
-1
-1
-1
0 46 15
1 46 16
1 46 17
1 46 18
1 46 19
1 46 20
1 46 21
1 46 22
1 46 23
1 46 24
1 46 25
1 46 26
1 46 27
1 46 28
1 46 29
1 46 30
1 46 31
1 46 32
4 46 33
2 45 33
2 44 33
2 43 33
2 42 33
2 41 33
2 40 33
2 39 33
2 38 33
6 37 33
4 37 34
2 36 34
0 35 34
2 18 3
2 17 3
3 16 3
1 16 2
-1
-1
-1
-1
0 16 1
1 35 35
4 35 36
2 34 36
2 33 36
2 32 36
-1
-1
0 31 36
1 31 37
1 31 38
1 31 39
1 31 40
1 31 41
1 31 42
3 31 43
0 32 43
2 30 36
2 29 36
2 28 36
2 27 36
2 26 36
0 25 36
1 47 9
1 47 8
1 47 7
0 47 6
1 31 35
1 31 34
1 31 33
5 31 32
0 30 32
1 25 37
1 25 38
1 25 39
1 25 40
1 25 41
0 25 42
1 19 2
1 19 1
6 19 0
0 20 0
2 24 42
2 23 42
2 22 42
2 21 42
0 20 42
0 44 10
0 46 20
1 25 35
6 25 34
0 26 34
1 25 43
1 25 44
4 25 45
0 24 45
0 41 5
1 20 41
1 20 40
0 20 39
0 46 24
3 32 44
2 33 44
2 34 44
2 35 44
0 36 44
0 46 21
0 16 3
1 26 33
1 26 32
1 26 31
0 26 30
0 46 33
0 25 40
0 37 33
0 41 10
0 40 5
2 19 42
6 18 42
4 18 43
0 17 43
0 19 4
0 46 17
0 40 10
0 46 6
0 35 36
0 47 12
5 20 38
2 19 38
2 18 38
2 17 38
0 16 38
2 15 38
2 14 38
0 13 38
2 12 38
0 11 38
2 10 38
2 9 38
0 8 38
0 41 4
0 29 36
1 17 44
1 17 45
0 17 46
0 20 38
2 7 38
0 6 38
1 13 37
1 13 36
1 13 35
1 13 34
0 13 33
0 42 33
1 36 43
1 36 42
0 36 41
2 15 3
2 14 3
0 13 3
0 40 33
0 12 3
1 8 39
1 8 40
1 8 41
0 8 42
0 13 32
0 31 38
2 14 32
2 15 32
2 16 32
2 17 32
0 18 32
6 30 31
2 31 31
0 32 31
1 13 31
1 13 30
0 13 29
0 14 29
2 12 29
2 11 29
2 10 29
0 9 29
6 32 30
0 33 30
3 24 46
0 25 46
0 48 6
1 20 43
3 20 44
0 21 44
2 8 29
2 7 29
0 6 29
6 41 3
4 42 3
1 42 2
0 42 1
2 26 46
0 27 46
1 19 5
4 19 6
0 18 6
1 26 29
1 26 28
1 26 27
1 26 26
0 26 25
2 19 32
2 20 32
0 21 32
6 45 17
4 45 18
2 44 18
2 43 18
2 42 18
0 41 18
1 41 17
0 41 16
1 46 5
1 46 4
0 46 3
0 25 39
0 34 34
1 26 24
0 26 23
0 31 40
1 26 22
1 26 21
1 26 20
1 26 19
1 26 18
1 26 17
0 26 16
0 27 16
2 28 16
0 29 16
3 8 43
2 9 43
5 10 43
0 10 44
1 33 29
1 33 28
6 33 27
2 34 27
0 35 27
0 23 5
1 46 34
1 46 35
0 46 36
6 7 42
4 7 43
2 6 43
2 5 43
2 4 43
0 3 43
1 35 26
1 35 25
1 35 24
1 35 23
1 35 22
0 35 21
1 3 44
0 3 45
2 27 25
2 28 25
0 29 25
2 36 27
0 37 27
2 41 1
0 40 1
1 29 26
0 29 27
5 6 37
2 5 37
0 4 37
1 13 28
1 13 27
1 13 26
0 13 25
1 13 24
1 13 23
1 13 22
5 13 21
2 12 21
2 11 21
0 10 21
0 10 20
1 10 19
1 10 18
1 10 17
0 10 16
2 11 16
2 12 16
0 13 16
1 21 45
1 21 46
0 21 47
2 9 16
0 8 16
0 13 17
2 3 37
0 2 37
1 13 15
1 13 14
0 13 13
0 7 16
0 29 15
3 35 37
2 36 37
2 37 37
0 38 37
2 40 16
2 39 16
2 38 16
0 37 16
1 23 6
4 23 7
0 22 7
2 45 24
0 44 24
5 36 21
3 36 22
2 37 22
2 38 22
0 39 22
2 14 17
2 15 17
0 16 17
6 46 2
2 47 2
0 48 2
0 18 33
0 29 32
0 37 22
1 46 37
3 46 38
0 47 38
1 47 39
1 47 40
0 47 41
1 29 17
1 29 18
3 29 19
2 30 19
0 31 19
2 28 46
0 29 46
1 10 22
4 10 23
2 9 23
2 8 23
0 7 23
2 14 13
0 15 13
1 12 2
1 12 1
5 12 0
2 11 0
0 10 0
0 16 32
1 17 47
4 17 48
2 16 48
2 15 48
0 14 48
3 38 38
2 39 38
0 40 38
1 18 31
1 18 30
1 18 29
1 18 28
0 18 27
0 24 42
2 17 17
2 18 17
0 19 17
1 40 39
1 40 40
0 40 41
2 5 29
2 4 29
2 3 29
6 2 29
1 2 30
0 2 31
1 21 33
3 21 34
0 22 34
1 26 15
5 26 14
2 25 14
0 24 14
5 7 15
2 6 15
2 5 15
2 4 15
2 3 15
0 2 15
1 36 45
1 36 46
0 36 47
2 19 27
2 20 27
2 21 27
0 22 27
0 18 7
1 29 47
0 29 48
1 2 14
5 2 13
0 1 13
0 39 5
1 12 4
4 12 5
2 11 5
0 10 5
1 1 12
6 1 11
2 2 11
2 3 11
0 4 11
2 6 23
2 5 23
2 4 23
2 3 23
2 2 23
0 1 23
1 10 6
3 10 7
2 11 7
0 12 7
1 44 25
1 44 26
4 44 27
6 43 27
0 43 28
1 47 42
1 47 43
0 47 44
2 36 16
0 35 16
3 3 46
5 4 46
1 4 47
3 4 48
0 5 48
1 27 15
1 27 14
1 27 13
1 27 12
1 27 11
0 27 10
1 29 14
6 29 13
2 30 13
2 31 13
0 32 13
4 27 23
0 27 22
1 41 15
6 41 14
0 42 14
3 0 13
1 0 12
1 0 11
1 0 10
1 0 9
1 0 8
1 0 7
1 0 6
0 0 5
1 0 4
1 0 3
1 0 2
1 0 1
0 0 0
1 16 18
1 16 19
1 16 20
0 16 21
-1
-1
-1
-1
-1
-1
-1
-1
-1
-1
-1
-1
-1
-1
-1
-1
-1
-1
-1
-1
-1
-1
-1
-1
-1
-1
-1
-1
-1
-1
-1
-1
-1
-1
-1
-1
-1
-1
-1
-1
-1
-1
-1
-1
-1
-1
-1
-1
-1
-1
-1
-1
-1
-1
-1
-1
-1
-1
-1
-1
-1
-1
-1
-1
-1
-1
-1
-1
-1
-1
-1
-1
-1
-1
-1
-1
-1
-1
-1
-1
-1
-1
-1
-1
-1
-1
-1
-1
-1
-1
-1
-1
-1
-1
-1
-1
-1
-1
-1
-1
-1
-1
-1
-1
-1
-1
-1
-1
-1
-1
-1
-1
-1
-1
-1
-1
-1
-1
-1
-1
-1
-1
-1
-1
-1
-1
-1
-1
-1
-1
-1
-1
-1
-1
-1
-1
-1
-1
-1
-1
-1
-1
-1
-1
-1
-1
-1
-1
-1
-1
-1
-1
-1
-1
-1
-1
-1
-1
-1
-1
-1
-1
-1
-1
-1
-1
-1
-1
-1
-1
-1
-1
-1
-1
-1
-1
-1
-1
-1
-1
-1
-1
-1
-1
-1
-1
-1
-1
-1
-1
-1
-1
-1
-1
-1
-1
-1
-1
-1
-1
-1
-1
-1
-1
-1
-1
-1
-1
-1
-1
-1
-1
-1
-1
-1
-1
-1
-1
-1
-1
-1
-1
-1
-1
-1
-1
-1
-1
-1
-1
-1
-1
-1
-1
-1
-1
-1
-1
-1
-1
-1
-1
-1
-1
-1
-1
-1
-1
-1
-1
-1
-1
-1
-1
-1
-1
-1
