0 39 5
1 39 6
1 39 7
3 39 8
2 40 8
5 41 8
3 41 9
2 42 9
5 43 9
1 43 10
3 43 11
5 44 11
1 44 12
1 44 13
1 44 14
1 44 15
1 44 16
1 44 17
1 44 18
1 44 19
1 44 20
1 44 21
1 44 22
1 44 23
1 44 24
1 44 25
1 44 26
1 44 27
1 44 28
1 44 29
1 44 30
1 44 31
1 44 32
1 44 33
1 44 34
1 44 35
1 44 36
1 44 37
1 44 38
1 44 39
1 44 40
1 44 41
1 44 42
1 44 43
1 44 44
1 44 45
0 44 46
2 43 46
2 42 46
2 41 46
2 40 46
6 39 46
4 39 47
2 38 47
2 37 47
2 36 47
2 35 47
2 34 47
2 33 47
2 32 47
2 31 47
2 30 47
2 29 47
2 28 47
2 27 47
2 26 47
2 25 47
2 24 47
2 23 47
2 22 47
2 21 47
2 20 47
2 19 47
2 18 47
2 17 47
2 16 47
2 15 47
2 14 47
-1
-1
-1
-1
-1
-1
-1
-1
-1
-1
-1
-1
-1
-1
-1
-1
-1
-1
-1
-1
-1
0 13 47
3 38 5
5 38 4
2 37 4
-1
-1
-1
-1
-1
-1
-1
-1
-1
-1
-1
-1
-1
-1
-1
-1
-1
-1
-1
-1
-1
-1
0 36 4
2 12 47
2 11 47
2 10 47
2 9 47
2 8 47
2 7 47
2 6 47
3 5 47
5 5 46
2 4 46
3 3 46
1 3 45
1 3 44
1 3 43
5 3 42
-1
-1
-1
-1
0 2 42
2 35 4
2 34 4
2 33 4
2 32 4
2 31 4
2 30 4
2 29 4
2 28 4
2 27 4
2 26 4
2 25 4
2 24 4
2 23 4
2 22 4
2 21 4
2 20 4
2 19 4
2 18 4
2 17 4
2 16 4
2 15 4
2 14 4
6 13 4
1 13 5
1 13 6
0 13 7
0 3 46
1 36 5
4 36 6
2 35 6
2 34 6
0 33 6
1 13 8
1 13 9
4 13 10
2 12 10
2 11 10
2 10 10
2 9 10
2 8 10
0 7 10
1 13 46
1 13 45
5 13 44
2 12 44
2 11 44
0 10 44
1 33 7
3 33 8
2 34 8
2 35 8
5 36 8
0 36 9
6 2 41
2 3 41
2 4 41
2 5 41
0 6 41
0 29 4
1 36 3
1 36 2
5 36 1
0 35 1
6 10 43
2 11 43
4 12 43
0 12 42
-1
0 44 43
1 36 10
4 36 11
2 35 11
2 34 11
2 33 11
0 32 11
0 41 9
3 1 42
1 1 41
6 1 40
4 2 40
1 2 39
1 2 38
1 2 37
1 2 36
0 2 35
0 44 39
0 3 43
2 45 43
0 46 43
0 8 47
6 12 41
2 13 41
0 14 41
2 15 41
2 16 41
0 17 41
6 39 4
2 40 4
2 41 4
0 42 4
0 37 9
0 21 47
0 17 47
-1
0 41 46
2 43 4
2 44 4
0 45 4
0 44 16
1 42 3
5 42 2
0 41 2
0 17 4
0 44 31
1 17 40
6 17 39
2 18 39
0 19 39
0 41 8
2 20 39
2 21 39
2 22 39
0 23 39
1 19 38
1 19 37
1 19 36
6 19 35
4 20 35
1 20 34
0 20 33
0 44 26
0 42 46
3 44 47
2 45 47
0 46 47
5 20 32
2 19 32
2 18 32
2 17 32
2 16 32
2 15 32
0 14 32
0 2 40
6 43 16
4 43 17
2 42 17
2 41 17
2 40 17
0 39 17
0 7 47
1 32 12
3 32 13
2 33 13
0 34 13
1 14 31
1 14 30
1 14 29
0 14 28
0 45 26
0 13 4
2 12 4
0 11 4
2 45 16
2 46 16
0 47 16
0 13 10
1 13 11
1 13 12
0 13 13
0 2 34
2 14 13
2 15 13
2 16 13
0 17 13
1 47 17
0 47 18
0 20 35
1 17 3
1 17 2
0 17 1
2 47 47
0 48 47
1 7 11
1 7 12
1 7 13
1 7 14
1 7 15
1 7 16
1 7 17
0 7 18
1 45 5
3 45 6
0 46 6
1 17 46
5 17 45
0 16 45
2 13 28
0 12 28
1 7 9
1 7 8
1 7 7
0 7 6
1 13 48
0 13 49
5 41 1
2 40 1
0 39 1
1 12 27
5 12 26
0 11 26
0 19 35
1 47 15
1 47 14
0 47 13
4 39 18
2 38 18
2 37 18
2 36 18
0 35 18
2 34 18
2 33 18
0 32 18
1 14 33
4 14 34
2 13 34
2 12 34
0 11 34
0 10 34
0 44 33
0 5 47
0 38 5
1 39 16
0 39 15
1 7 19
0 7 20
0 29 5
6 6 10
1 6 11
4 6 12
0 5 12
1 2 33
1 2 32
1 2 31
1 2 30
0 2 29
1 2 28
1 2 27
1 2 26
0 2 25
0 1 25
1 47 19
0 47 20
2 4 12
2 3 12
0 2 12
0 44 23
2 3 25
2 4 25
0 5 25
2 31 18
2 30 18
0 29 18
2 1 35
0 0 35
1 32 17
0 32 16
0 43 9
1 2 11
0 2 10
0 0 36
4 13 14
2 12 14
2 11 14
0 10 14
1 6 42
0 6 43
4 15 28
6 15 27
0 16 27
0 29 3
0 44 11
2 8 20
2 9 20
2 10 20
2 11 20
0 12 20
0 21 33
2 3 29
0 4 29
1 17 14
0 17 15
1 7 5
1 7 4
1 7 3
0 7 2
2 13 20
2 14 20
0 15 20
2 46 26
0 47 26
6 31 11
1 31 12
4 31 13
0 30 13
0 3 40
2 45 31
2 46 31
0 47 31
1 45 3
1 45 2
6 45 1
2 46 1
0 47 1
2 48 13
0 49 13
2 6 20
0 5 20
0 21 32
2 24 39
2 25 39
2 26 39
2 27 39
2 28 39
2 29 39
0 30 39
6 30 38
2 31 38
2 32 38
2 33 38
0 34 38
0 18 32
0 17 0
6 43 33
4 43 34
0 42 34
2 43 39
2 42 39
2 41 39
0 40 39
0 10 4
2 43 23
2 42 23
2 41 23
2 40 23
0 39 23
2 2 43
0 1 43
2 41 34
2 40 34
2 39 34
2 38 34
0 37 34
0 32 4
1 29 19
1 29 20
1 29 21
0 29 22
0 38 23
0 6 6
0 12 49
1 38 24
1 38 25
1 38 26
1 38 27
0 38 28
5 5 19
2 4 19
2 3 19
2 2 19
0 1 19
0 43 16
0 28 47
1 29 23
1 29 24
1 29 25
3 29 26
2 30 26
0 31 26
2 45 39
2 46 39
0 47 39
1 29 2
6 29 1
0 30 1
2 18 15
2 19 15
2 20 15
2 21 15
2 22 15
0 23 15
3 17 5
5 18 5
3 18 6
2 19 6
2 20 6
2 21 6
0 22 6
1 30 40
1 30 41
4 30 42
0 29 42
1 17 16
1 17 17
3 17 18
0 18 18
1 22 7
1 22 8
3 22 9
0 23 9
2 24 9
2 25 9
0 26 9
0 2 27
3 2 13
0 3 13
3 21 34
2 22 34
2 23 34
2 24 34
2 25 34
2 26 34
0 27 34
2 5 6
2 4 6
0 3 6
1 46 7
3 46 8
0 47 8
6 39 14
0 40 14
1 10 3
0 10 2
6 9 34
4 9 35
2 8 35
0 7 35
3 28 3
5 28 2
2 27 2
2 26 2
0 25 2
1 15 21
3 15 22
2 16 22
0 17 22
2 16 15
0 15 15
2 18 22
2 19 22
2 20 22
5 21 22
1 21 23
3 21 24
0 22 24
1 10 35
1 10 36
0 10 37
3 23 16
5 24 16
1 24 17
1 24 18
0 24 19
-1
-1
-1
-1
-1
-1
-1
-1
-1
-1
-1
-1
-1
-1
-1
-1
-1
-1
-1
-1
-1
-1
-1
-1
-1
-1
-1
-1
-1
-1
-1
-1
-1
-1
-1
-1
-1
-1
-1
-1
-1
-1
-1
-1
-1
-1
-1
-1
-1
-1
-1
-1
-1
-1
-1
-1
-1
-1
-1
-1
-1
-1
-1
-1
-1
-1
-1
-1
-1
-1
-1
-1
-1
-1
-1
-1
-1
-1
-1
-1
-1
-1
-1
-1
-1
-1
-1
-1
-1
-1
-1
-1
-1
-1
-1
-1
-1
-1
-1
-1
-1
-1
-1
-1
-1
-1
-1
-1
-1
-1
-1
-1
-1
-1
-1
-1
-1
-1
-1
-1
-1
-1
-1
-1
-1
-1
-1
-1
-1
-1
-1
-1
-1
-1
-1
-1
-1
-1
-1
-1
-1
-1
-1
-1
-1
-1
-1
-1
-1
-1
-1
-1
-1
-1
-1
-1
-1
-1
-1
-1
-1
-1
-1
-1
-1
-1
-1
-1
-1
-1
-1
-1
-1
-1
-1
-1
-1
-1
-1
-1
-1
-1
-1
-1
-1
-1
-1
-1
-1
-1
-1
-1
