0 20 21
2 19 21
6 18 21
1 18 22
1 18 23
1 18 24
1 18 25
1 18 26
1 18 27
1 18 28
4 18 29
2 17 29
2 16 29
2 15 29
2 14 29
2 13 29
2 12 29
2 11 29
2 10 29
2 9 29
2 8 29
6 7 29
1 7 30
1 7 31
1 7 32
4 7 33
6 6 33
1 6 34
1 6 35
1 6 36
1 6 37
1 6 38
4 6 39
2 5 39
0 4 39
1 20 20
1 20 19
5 20 18
-1
-1
-1
-1
-1
-1
0 19 18
3 20 22
2 21 22
5 22 22
1 22 23
1 22 24
1 22 25
1 22 26
3 22 27
2 23 27
2 24 27
2 25 27
2 26 27
2 27 27
5 28 27
3 28 28
2 29 28
2 30 28
2 31 28
2 32 28
2 33 28
2 34 28
5 35 28
1 35 29
1 35 30
-1
-1
-1
-1
-1
-1
-1
-1
-1
-1
-1
-1
-1
-1
-1
-1
-1
-1
-1
-1
-1
-1
-1
-1
-1
-1
-1
-1
-1
-1
-1
-1
-1
-1
-1
-1
-1
-1
-1
-1
-1
-1
0 35 31
4 36 31
6 36 30
2 37 30
2 38 30
2 39 30
2 40 30
2 41 30
2 42 30
2 43 30
2 44 30
2 45 30
2 46 30
-1
-1
-1
-1
-1
-1
-1
-1
-1
-1
-1
-1
-1
-1
-1
-1
-1
-1
-1
-1
-1
-1
-1
-1
-1
0 47 30
6 19 17
2 20 17
2 21 17
2 22 17
2 23 17
4 24 17
1 24 16
6 24 15
2 25 15
2 26 15
2 27 15
2 28 15
2 29 15
2 30 15
2 31 15
2 32 15
2 33 15
4 34 15
1 34 14
1 34 13
1 34 12
1 34 11
1 34 10
1 34 9
6 34 8
2 35 8
2 36 8
2 37 8
4 38 8
1 38 7
1 38 6
1 38 5
1 38 4
6 38 3
0 39 3
-1
-1
-1
-1
-1
-1
-1
-1
-1
-1
-1
-1
-1
-1
-1
-1
0 7 29
1 7 28
5 7 27
2 6 27
2 5 27
2 4 27
-1
-1
-1
-1
-1
-1
-1
-1
-1
-1
-1
0 3 27
1 35 32
1 35 33
1 35 34
1 35 35
1 35 36
1 35 37
1 35 38
-1
-1
-1
-1
-1
0 35 39
1 35 40
1 35 41
3 35 42
2 36 42
5 37 42
1 37 43
1 37 44
1 37 45
3 37 46
2 38 46
2 39 46
0 40 46
3 18 18
1 18 17
1 18 16
1 18 15
1 18 14
1 18 13
1 18 12
1 18 11
1 18 10
0 18 9
1 4 40
1 4 41
1 4 42
1 4 43
1 4 44
4 4 45
-1
-1
0 3 45
6 39 2
2 40 2
2 41 2
2 42 2
2 43 2
2 44 2
2 45 2
-1
0 46 2
-1
-1
-1
-1
-1
-1
0 18 21
1 3 46
3 3 47
2 4 47
2 5 47
-1
0 6 47
2 34 39
6 33 39
1 33 40
1 33 41
4 33 42
2 32 42
2 31 42
6 30 42
1 30 43
1 30 44
0 30 45
-1
0 28 27
2 29 45
2 28 45
2 27 45
2 26 45
3 25 45
0 25 44
-1
-1
-1
-1
0 11 29
1 46 3
1 46 4
1 46 5
1 46 6
1 46 7
0 46 8
3 11 30
2 12 30
5 13 30
1 13 31
1 13 32
1 13 33
1 13 34
0 13 35
0 24 17
1 18 8
1 18 7
1 18 6
1 18 5
1 18 4
1 18 3
0 18 2
1 25 43
1 25 42
1 25 41
0 25 40
2 14 35
2 15 35
0 16 35
1 24 18
1 24 19
3 24 20
0 25 20
2 7 47
2 8 47
2 9 47
2 10 47
0 11 47
-1
0 18 28
6 17 9
4 17 10
2 16 10
2 15 10
2 14 10
2 13 10
0 12 10
0 13 30
5 12 9
2 11 9
3 10 9
1 10 8
1 10 7
5 10 6
2 9 6
0 8 6
0 33 15
0 35 34
3 24 44
5 24 43
2 23 43
2 22 43
2 21 43
2 20 43
2 19 43
0 18 43
0 38 8
0 6 33
2 7 6
2 6 6
2 5 6
2 4 6
0 3 6
1 47 31
1 47 32
4 47 33
0 46 33
0 26 15
0 22 22
1 3 7
1 3 8
1 3 9
1 3 10
1 3 11
0 3 12
0 33 39
0 25 45
6 34 31
4 34 32
2 33 32
2 32 32
0 31 32
0 22 27
2 47 8
2 48 8
0 49 8
1 25 46
4 25 47
0 24 47
0 17 21
1 22 28
1 22 29
0 22 30
0 8 47
6 17 2
1 17 3
1 17 4
0 17 5
0 35 28
1 28 26
1 28 25
6 28 24
0 29 24
0 30 42
0 34 15
4 3 13
2 2 13
2 1 13
0 0 13
1 47 29
1 47 28
1 47 27
1 47 26
1 47 25
1 47 24
0 47 23
2 16 21
2 15 21
2 14 21
2 13 21
0 12 21
1 12 20
5 12 19
2 11 19
2 10 19
0 9 19
1 3 26
1 3 25
1 3 24
6 3 23
0 4 23
3 2 27
5 2 26
0 1 26
0 37 42
1 0 14
1 0 15
1 0 16
1 0 17
0 0 18
2 17 35
2 18 35
0 19 35
1 46 34
1 46 35
1 46 36
1 46 37
1 46 38
1 46 39
0 46 40
2 36 28
2 37 28
2 38 28
2 39 28
0 40 28
3 12 35
1 12 34
1 12 33
1 12 32
5 12 31
0 11 31
-1
-1
-1
-1
-1
-1
-1
-1
-1
-1
-1
-1
-1
-1
-1
-1
-1
-1
-1
-1
-1
-1
-1
-1
-1
-1
-1
-1
-1
-1
-1
-1
-1
-1
-1
-1
-1
-1
-1
-1
-1
-1
-1
-1
-1
-1
-1
-1
-1
-1
-1
-1
-1
-1
-1
-1
-1
-1
-1
-1
-1
-1
-1
-1
-1
-1
-1
-1
-1
-1
-1
-1
-1
-1
-1
-1
-1
-1
-1
-1
-1
-1
-1
-1
-1
-1
-1
-1
-1
-1
-1
-1
-1
-1
-1
-1
-1
-1
-1
-1
-1
-1
-1
-1
-1
-1
-1
-1
-1
-1
-1
-1
-1
-1
-1
-1
-1
-1
-1
-1
-1
-1
-1
-1
-1
-1
-1
-1
-1
-1
-1
-1
-1
-1
-1
-1
-1
-1
-1
-1
-1
-1
-1
-1
-1
-1
-1
-1
-1
-1
-1
-1
-1
-1
-1
-1
-1
-1
-1
-1
-1
-1
-1
-1
-1
-1
-1
-1
-1
-1
-1
-1
-1
-1
-1
-1
-1
-1
-1
-1
-1
-1
-1
-1
-1
-1
-1
-1
-1
-1
-1
-1
-1
-1
-1
-1
-1
-1
-1
-1
-1
-1
-1
-1
-1
-1
-1
-1
-1
-1
-1
-1
-1
-1
-1
-1
-1
-1
-1
-1
-1
-1
-1
-1
-1
-1
-1
-1
-1
-1
-1
-1
-1
-1
-1
-1
-1
-1
-1
-1
-1
-1
-1
-1
-1
-1
-1
-1
-1
-1
-1
-1
-1
-1
-1
-1
-1
-1
-1
-1
-1
-1
-1
-1
-1
-1
-1
-1
-1
-1
-1
-1
-1
-1
-1
-1
-1
-1
-1
-1
-1
-1
-1
-1
-1
-1
-1
-1
-1
-1
-1
-1
-1
-1
-1
-1
-1
-1
-1
-1
-1
-1
-1
-1
-1
-1
-1
-1
-1
-1
-1
-1
-1
-1
-1
-1
-1
-1
-1
-1
