0 13 5
1 13 6
1 13 7
1 13 8
1 13 9
1 13 10
3 13 11
2 14 11
2 15 11
5 16 11
1 16 12
1 16 13
1 16 14
1 16 15
1 16 16
3 16 17
5 17 17
1 17 18
1 17 19
1 17 20
1 17 21
1 17 22
1 17 23
3 17 24
2 18 24
2 19 24
2 20 24
2 21 24
2 22 24
2 23 24
2 24 24
2 25 24
2 26 24
0 27 24
1 27 25
1 27 26
1 27 27
-1
1 27 28
-1
-1
1 27 29
-1
1 27 30
-1
-1
4 27 31
-1
-1
-1
-1
-1
-1
-1
-1
-1
-1
-1
-1
-1
-1
-1
-1
-1
-1
-1
-1
-1
-1
-1
-1
-1
-1
-1
-1
-1
-1
-1
-1
-1
-1
-1
-1
-1
-1
-1
-1
-1
-1
-1
-1
-1
-1
-1
-1
-1
-1
-1
-1
-1
-1
-1
-1
-1
-1
-1
-1
-1
-1
-1
-1
-1
-1
-1
-1
-1
-1
-1
-1
-1
-1
-1
-1
-1
-1
-1
-1
-1
-1
-1
-1
-1
-1
-1
-1
-1
-1
-1
-1
-1
-1
-1
-1
-1
-1
-1
-1
-1
-1
-1
-1
-1
-1
-1
-1
-1
-1
-1
-1
-1
-1
-1
-1
-1
-1
-1
-1
-1
-1
-1
-1
-1
-1
-1
-1
-1
-1
-1
-1
-1
-1
0 26 31
6 27 23
2 28 23
2 29 23
2 30 23
2 31 23
2 32 23
2 33 23
2 34 23
2 35 23
2 36 23
2 37 23
2 38 23
2 39 23
2 40 23
2 41 23
2 42 23
2 43 23
2 44 23
2 45 23
-1
-1
-1
-1
-1
-1
-1
-1
-1
-1
-1
-1
-1
-1
-1
-1
-1
-1
-1
-1
-1
-1
-1
-1
-1
-1
-1
-1
-1
-1
-1
-1
-1
-1
-1
-1
-1
-1
-1
0 46 23
6 12 5
4 12 6
2 11 6
-1
-1
-1
-1
-1
-1
-1
-1
-1
-1
-1
-1
-1
-1
-1
-1
-1
-1
-1
-1
-1
0 10 6
1 26 32
1 26 33
3 26 34
2 27 34
2 28 34
2 29 34
2 30 34
2 31 34
2 32 34
2 33 34
2 34 34
2 35 34
2 36 34
-1
-1
-1
-1
-1
-1
-1
-1
-1
0 37 34
1 10 5
1 10 4
1 10 3
5 10 2
2 9 2
2 8 2
-1
-1
-1
-1
-1
-1
-1
-1
-1
-1
-1
0 7 2
1 46 22
6 46 21
4 47 21
1 47 20
1 47 19
1 47 18
1 47 17
1 47 16
1 47 15
-1
-1
-1
-1
-1
-1
-1
-1
0 47 14
2 25 31
2 24 31
2 23 31
2 22 31
2 21 31
2 20 31
2 19 31
2 18 31
2 17 31
2 16 31
-1
-1
-1
-1
-1
0 15 31
2 14 31
2 13 31
2 12 31
2 11 31
2 10 31
2 9 31
2 8 31
2 7 31
2 6 31
2 5 31
2 4 31
2 3 31
2 2 31
-1
0 1 31
-1
-1
-1
-1
-1
-1
-1
-1
-1
0 16 11
6 16 10
2 17 10
2 18 10
2 19 10
2 20 10
2 21 10
2 22 10
4 23 10
1 23 9
6 23 8
2 24 8
2 25 8
0 26 8
1 1 30
1 1 29
1 1 28
1 1 27
1 1 26
1 1 25
1 1 24
-1
0 1 23
4 37 35
2 36 35
2 35 35
2 34 35
2 33 35
6 32 35
1 32 36
1 32 37
1 32 38
4 32 39
0 31 39
2 14 5
2 15 5
2 16 5
-1
-1
-1
0 17 5
1 15 32
1 15 33
1 15 34
4 15 35
-1
-1
-1
0 14 35
2 27 8
2 28 8
2 29 8
2 30 8
5 31 8
1 31 9
1 31 10
1 31 11
1 31 12
1 31 13
1 31 14
1 31 15
1 31 16
1 31 17
1 31 18
1 31 19
1 31 20
3 31 21
0 32 21
1 14 36
1 14 37
1 14 38
1 14 39
1 14 40
1 14 41
1 14 42
0 14 43
1 17 4
5 17 3
0 16 3
0 32 34
2 9 6
2 8 6
2 7 6
2 6 6
0 5 6
1 46 24
1 46 25
1 46 26
1 46 27
1 46 28
1 46 29
0 46 30
-1
-1
-1
-1
0 17 17
2 33 21
2 34 21
2 35 21
2 36 21
2 37 21
0 38 21
4 14 44
2 13 44
2 12 44
2 11 44
0 10 44
-1
-1
-1
0 47 21
6 46 14
4 46 15
2 45 15
0 44 15
2 15 43
2 16 43
2 17 43
2 18 43
2 19 43
2 20 43
2 21 43
2 22 43
0 23 43
0 13 7
1 44 14
1 44 13
1 44 12
5 44 11
0 43 11
1 10 7
1 10 8
1 10 9
1 10 10
4 10 11
0 9 11
-1
0 22 24
1 43 10
1 43 9
1 43 8
1 43 7
1 43 6
1 43 5
5 43 4
0 42 4
0 31 8
5 31 38
0 30 38
1 9 12
1 9 13
-1
0 9 14
5 2 23
-1
-1
0 2 24
5 42 3
2 41 3
2 40 3
2 39 3
2 38 3
0 37 3
0 1 29
1 26 7
1 26 6
1 26 5
1 26 4
5 26 3
2 25 3
0 24 3
2 47 30
0 48 30
-1
-1
-1
-1
-1
-1
-1
-1
-1
-1
-1
-1
-1
-1
-1
-1
-1
-1
-1
-1
-1
-1
-1
-1
-1
-1
-1
-1
-1
-1
-1
-1
-1
-1
-1
-1
-1
-1
-1
-1
-1
-1
-1
-1
-1
-1
-1
-1
-1
-1
-1
-1
-1
-1
-1
-1
-1
-1
-1
-1
-1
-1
-1
-1
-1
-1
-1
-1
-1
-1
-1
-1
-1
-1
-1
-1
-1
-1
-1
-1
-1
-1
-1
-1
-1
-1
-1
-1
-1
-1
-1
-1
-1
-1
-1
-1
-1
-1
-1
-1
-1
-1
-1
-1
-1
-1
-1
-1
-1
-1
-1
-1
-1
-1
-1
-1
-1
-1
-1
-1
-1
-1
-1
-1
-1
-1
-1
-1
-1
-1
-1
-1
-1
-1
-1
-1
-1
-1
-1
-1
-1
-1
-1
-1
-1
-1
-1
-1
-1
-1
-1
-1
-1
-1
-1
-1
-1
-1
-1
-1
-1
-1
-1
-1
-1
-1
-1
-1
-1
-1
-1
-1
-1
-1
-1
-1
-1
-1
-1
-1
-1
-1
-1
-1
-1
-1
-1
-1
-1
-1
-1
-1
-1
-1
-1
-1
-1
-1
-1
-1
-1
-1
-1
-1
-1
-1
-1
-1
-1
-1
-1
-1
-1
-1
-1
-1
-1
-1
-1
-1
-1
-1
-1
-1
-1
-1
-1
-1
-1
-1
-1
-1
-1
-1
-1
-1
-1
-1
-1
-1
-1
-1
-1
-1
-1
-1
-1
-1
-1
-1
-1
-1
-1
-1
-1
-1
-1
-1
-1
-1
-1
