0 12 39
1 12 38
6 12 37
2 13 37
2 14 37
4 15 37
1 15 36
6 15 35
2 16 35
4 17 35
6 17 34
2 18 34
2 19 34
4 20 34
1 20 33
1 20 32
1 20 31
1 20 30
1 20 29
1 20 28
1 20 27
6 20 26
2 21 26
2 22 26
2 23 26
2 24 26
2 25 26
2 26 26
2 27 26
2 28 26
2 29 26
2 30 26
2 31 26
2 32 26
2 33 26
2 34 26
4 35 26
1 35 25
1 35 24
0 35 23
1 35 22
1 35 21
1 35 20
1 35 19
1 35 18
5 35 17
3 34 17
1 34 16
5 34 15
2 33 15
2 32 15
-1
3 31 15
5 31 14
2 30 14
3 29 14
-1
1 29 13
1 29 12
5 29 11
-1
3 28 11
1 28 10
1 28 9
1 28 8
-1
1 28 7
-1
-1
-1
-1
-1
-1
-1
-1
-1
-1
-1
-1
-1
-1
-1
-1
-1
-1
-1
-1
-1
-1
-1
-1
-1
-1
-1
-1
-1
-1
-1
-1
-1
-1
-1
-1
-1
-1
-1
-1
-1
-1
-1
-1
-1
-1
-1
-1
-1
-1
-1
-1
-1
-1
-1
-1
-1
-1
-1
-1
-1
-1
0 28 6
-1
-1
-1
-1
-1
-1
-1
-1
-1
-1
-1
-1
-1
-1
-1
-1
-1
-1
-1
-1
-1
-1
-1
-1
-1
-1
-1
-1
-1
-1
-1
0 34 17
5 36 23
1 36 24
3 36 25
2 37 25
2 38 25
2 39 25
5 40 25
1 40 26
1 40 27
1 40 28
1 40 29
1 40 30
1 40 31
1 40 32
1 40 33
1 40 34
1 40 35
1 40 36
1 40 37
1 40 38
1 40 39
1 40 40
1 40 41
1 40 42
1 40 43
-1
-1
-1
-1
-1
-1
-1
-1
-1
-1
-1
0 40 44
-1
-1
-1
-1
-1
-1
-1
-1
-1
-1
-1
-1
-1
-1
-1
-1
-1
0 17 35
3 11 39
1 11 38
1 11 37
1 11 36
1 11 35
1 11 34
1 11 33
1 11 32
1 11 31
1 11 30
1 11 29
1 11 28
1 11 27
1 11 26
1 11 25
1 11 24
1 11 23
1 11 22
5 11 21
3 10 21
1 10 20
1 10 19
1 10 18
1 10 17
1 10 16
5 10 15
0 9 15
4 41 44
1 41 43
1 41 42
1 41 41
1 41 40
6 41 39
-1
0 42 39
-1
-1
-1
-1
-1
-1
-1
-1
-1
0 20 30
2 29 6
2 30 6
4 31 6
1 31 5
1 31 4
6 31 3
2 32 3
2 33 3
2 34 3
-1
0 35 3
1 40 45
1 40 46
3 40 47
2 41 47
-1
-1
-1
0 42 47
2 21 30
2 22 30
2 23 30
2 24 30
2 25 30
-1
-1
0 26 30
2 33 17
2 32 17
2 31 17
2 30 17
2 29 17
2 28 17
2 27 17
2 26 17
2 25 17
0 24 17
-1
-1
0 24 26
6 42 38
2 43 38
-1
-1
-1
0 44 38
1 28 5
1 28 4
5 28 3
2 27 3
2 26 3
2 25 3
3 24 3
1 24 2
1 24 1
0 24 0
0 11 33
1 26 31
1 26 32
1 26 33
1 26 34
0 26 35
3 19 30
1 19 29
1 19 28
5 19 27
0 18 27
5 27 35
3 27 36
2 28 36
2 29 36
2 30 36
2 31 36
2 32 36
0 33 36
1 44 37
5 44 36
3 43 36
0 43 35
0 40 25
1 24 16
1 24 15
1 24 14
1 24 13
5 24 12
0 23 12
2 22 12
2 21 12
0 20 12
1 18 26
0 18 25
1 43 34
1 43 33
1 43 32
0 43 31
0 35 26
1 33 37
3 33 38
2 34 38
0 35 38
3 25 35
1 25 34
5 25 33
2 24 33
0 23 33
0 22 26
1 35 39
1 35 40
1 35 41
0 35 42
0 11 25
2 23 17
0 22 17
1 26 36
1 26 37
1 26 38
1 26 39
0 26 40
1 26 41
1 26 42
1 26 43
0 26 44
0 11 28
2 10 33
6 9 33
1 9 34
4 9 35
2 8 35
0 7 35
0 10 21
0 40 31
1 26 45
1 26 46
1 26 47
1 26 48
0 26 49
0 40 46
0 28 8
0 10 17
0 30 26
0 31 15
2 34 42
0 33 42
5 7 34
2 6 34
2 5 34
0 4 34
0 35 17
5 4 33
2 3 33
2 2 33
0 1 33
2 32 42
0 31 42
0 43 36
0 11 34
5 30 25
2 29 25
0 28 25
0 9 33
1 22 18
1 22 19
0 22 20
0 15 37
1 33 35
5 33 34
0 32 34
0 28 11
0 21 20
6 34 23
4 34 24
0 33 24
0 11 35
2 44 35
2 45 35
2 46 35
0 47 35
1 31 43
0 31 44
2 23 0
2 22 0
2 21 0
0 20 0
1 40 24
1 40 23
1 40 22
0 40 21
2 25 49
2 24 49
2 23 49
0 22 49
2 9 21
0 8 21
5 22 48
2 21 48
2 20 48
0 19 48
0 35 19
1 32 33
0 32 32
1 1 32
0 1 31
5 12 28
3 12 29
2 13 29
0 14 29
2 41 21
0 42 21
3 44 39
2 45 39
2 46 39
0 47 39
1 47 40
1 47 41
1 47 42
0 47 43
2 36 17
2 37 17
2 38 17
0 39 17
4 27 40
6 27 39
0 28 39
3 25 40
5 25 39
2 24 39
2 23 39
0 22 39
1 39 16
1 39 15
1 39 14
1 39 13
0 39 12
1 35 2
1 35 1
5 35 0
2 34 0
0 33 0
1 23 11
0 23 10
1 43 30
1 43 29
1 43 28
0 43 27
2 36 38
2 37 38
2 38 38
0 39 38
0 20 34
0 31 6
1 20 11
5 20 10
2 19 10
2 18 10
0 17 10
1 20 1
1 20 2
1 20 3
1 20 4
0 20 5
0 24 25
2 8 15
2 7 15
2 6 15
2 5 15
0 4 15
0 3 15
1 4 35
1 4 36
1 4 37
0 4 38
0 29 14
2 15 29
0 16 29
1 22 40
4 22 41
6 21 41
1 21 42
4 21 43
0 20 43
2 43 21
2 44 21
0 45 21
2 27 49
2 28 49
2 29 49
2 30 49
2 31 49
0 32 49
1 33 23
5 33 22
0 32 22
1 18 24
1 18 23
5 18 22
0 17 22
1 39 11
1 39 10
5 39 9
0 38 9
1 1 30
1 1 29
1 1 28
1 1 27
5 1 26
0 0 26
6 32 31
2 33 31
2 34 31
0 35 31
2 19 5
2 18 5
2 17 5
2 16 5
0 15 5
1 4 39
1 4 40
3 4 41
0 5 41
1 32 21
5 32 20
2 31 20
2 30 20
0 29 20
1 5 42
1 5 43
1 5 44
1 5 45
1 5 46
3 5 47
2 6 47
2 7 47
2 8 47
0 9 47
1 17 11
1 17 12
0 17 13
1 3 14
1 3 13
1 3 12
5 3 11
0 2 11
3 10 28
5 10 27
2 9 27
2 8 27
2 7 27
0 6 27
1 45 22
1 45 23
3 45 24
2 46 24
2 47 24
2 48 24
0 49 24
-1
-1
-1
-1
-1
-1
-1
-1
-1
-1
-1
-1
-1
-1
-1
-1
-1
-1
-1
-1
-1
-1
-1
-1
-1
-1
-1
-1
-1
-1
-1
-1
-1
-1
-1
-1
-1
-1
-1
-1
-1
-1
-1
-1
-1
-1
-1
-1
-1
-1
-1
-1
-1
-1
-1
-1
-1
-1
-1
-1
-1
-1
-1
-1
-1
-1
-1
-1
-1
-1
-1
-1
-1
-1
-1
-1
-1
-1
-1
-1
-1
-1
-1
-1
-1
-1
-1
-1
-1
-1
-1
-1
-1
-1
-1
-1
-1
-1
-1
-1
-1
-1
-1
-1
-1
-1
-1
-1
-1
-1
-1
-1
-1
-1
-1
-1
-1
-1
-1
-1
-1
-1
-1
-1
-1
-1
-1
-1
-1
-1
-1
-1
-1
-1
-1
-1
-1
-1
-1
-1
-1
-1
-1
-1
-1
-1
-1
-1
-1
-1
-1
-1
-1
-1
-1
-1
-1
-1
-1
-1
-1
-1
-1
-1
-1
-1
-1
-1
-1
-1
-1
-1
-1
-1
-1
-1
-1
-1
-1
-1
-1
-1
-1
