0 3 33
1 3 32
6 3 31
2 4 31
2 5 31
2 6 31
4 7 31
1 7 30
1 7 29
1 7 28
1 7 27
1 7 26
1 7 25
1 7 24
1 7 23
1 7 22
1 7 21
1 7 20
1 7 19
6 7 18
4 8 18
1 8 17
6 8 16
2 9 16
2 10 16
2 11 16
2 12 16
2 13 16
2 14 16
2 15 16
2 16 16
2 17 16
2 18 16
2 19 16
2 20 16
2 21 16
2 22 16
4 23 16
6 23 15
2 24 15
2 25 15
2 26 15
2 27 15
2 28 15
0 29 15
1 3 34
1 3 35
1 3 36
4 3 37
6 2 37
1 2 38
1 2 39
-1
-1
-1
-1
-1
-1
-1
-1
-1
-1
-1
-1
-1
-1
-1
-1
-1
-1
-1
-1
-1
-1
-1
-1
-1
-1
-1
-1
-1
-1
-1
-1
-1
-1
-1
0 2 40
2 30 15
2 31 15
-1
2 32 15
2 33 15
2 34 15
2 35 15
2 36 15
2 37 15
2 38 15
2 39 15
-1
-1
-1
-1
-1
-1
-1
-1
-1
-1
-1
-1
-1
-1
-1
-1
-1
-1
-1
-1
-1
-1
-1
-1
-1
-1
-1
-1
-1
-1
-1
-1
-1
-1
-1
-1
-1
-1
-1
-1
-1
-1
-1
-1
-1
-1
-1
-1
-1
0 40 15
1 40 16
1 40 17
1 40 18
1 40 19
1 40 20
4 40 21
2 39 21
2 38 21
2 37 21
2 36 21
-1
-1
-1
-1
-1
-1
-1
-1
-1
-1
-1
-1
-1
-1
-1
-1
-1
-1
-1
-1
-1
-1
-1
-1
-1
-1
-1
0 35 21
-1
-1
-1
-1
-1
-1
-1
-1
-1
-1
-1
-1
-1
-1
-1
-1
-1
-1
-1
-1
-1
-1
-1
0 8 18
1 35 22
1 35 23
1 35 24
3 35 25
2 36 25
2 37 25
2 38 25
2 39 25
2 40 25
2 41 25
2 42 25
5 43 25
1 43 26
1 43 27
3 43 28
2 44 28
2 45 28
5 46 28
1 46 29
1 46 30
1 46 31
3 46 32
5 47 32
1 47 33
1 47 34
1 47 35
1 47 36
-1
-1
-1
0 47 37
1 47 38
1 47 39
4 47 40
2 46 40
2 45 40
6 44 40
1 44 41
1 44 42
1 44 43
1 44 44
1 44 45
-1
-1
-1
-1
-1
-1
-1
0 44 46
1 29 14
1 29 13
1 29 12
1 29 11
1 29 10
1 29 9
-1
-1
-1
-1
-1
0 29 8
4 41 15
1 41 14
1 41 13
1 41 12
1 41 11
1 41 10
1 41 9
1 41 8
1 41 7
1 41 6
1 41 5
6 41 4
0 42 4
2 4 33
2 5 33
2 6 33
2 7 33
2 8 33
2 9 33
2 10 33
2 11 33
2 12 33
-1
0 13 33
1 29 7
1 29 6
1 29 5
1 29 4
5 29 3
2 28 3
3 27 3
5 27 2
2 26 2
2 25 2
2 24 2
2 23 2
2 22 2
2 21 2
2 20 2
2 19 2
0 18 2
3 2 33
1 2 32
1 2 31
1 2 30
1 2 29
1 2 28
5 2 27
3 1 27
1 1 26
1 1 25
1 1 24
0 1 23
5 48 37
1 48 38
1 48 39
1 48 40
3 48 41
0 49 41
0 18 16
2 17 2
2 16 2
2 15 2
2 14 2
2 13 2
2 12 2
2 11 2
0 10 2
3 43 46
1 43 45
1 43 44
5 43 43
2 42 43
2 41 43
2 40 43
2 39 43
0 38 43
-1
0 46 28
1 42 3
5 42 2
2 41 2
2 40 2
2 39 2
2 38 2
2 37 2
2 36 2
0 35 2
-1
0 9 16
1 9 15
1 9 14
5 9 13
2 8 13
2 7 13
0 6 13
3 46 37
5 46 36
2 45 36
2 44 36
0 43 36
1 29 16
1 29 17
0 29 18
1 2 41
1 2 42
1 2 43
1 2 44
3 2 45
2 3 45
2 4 45
0 5 45
0 43 25
1 10 1
5 10 0
2 9 0
0 8 0
1 40 14
5 40 13
-1
0 39 13
1 18 3
1 18 4
1 18 5
4 18 6
2 17 6
2 16 6
6 15 6
1 15 7
0 15 8
1 1 22
6 1 21
0 2 21
0 44 40
4 35 3
2 34 3
2 33 3
2 32 3
0 31 3
0 1 27
1 13 34
1 13 35
1 13 36
1 13 37
3 13 38
0 14 38
0 23 16
1 42 5
3 42 6
2 43 6
0 44 6
0 2 37
2 45 46
2 46 46
0 47 46
1 13 32
1 13 31
1 13 30
1 13 29
6 13 28
2 14 28
2 15 28
2 16 28
0 17 28
0 41 15
1 39 12
0 39 11
0 41 5
1 41 16
1 41 17
1 41 18
3 41 19
2 42 19
0 43 19
0 25 2
1 44 7
3 44 8
2 45 8
2 46 8
2 47 8
0 48 8
1 6 12
5 6 11
2 5 11
2 4 11
0 3 11
1 43 35
1 43 34
0 43 33
0 23 2
0 7 31
0 27 3
0 17 27
1 38 44
1 38 45
1 38 46
4 38 47
2 37 47
2 36 47
2 35 47
2 34 47
0 33 47
0 15 6
4 14 39
2 13 39
3 12 39
1 12 38
0 12 37
5 33 46
2 32 46
2 31 46
2 30 46
2 29 46
0 28 46
1 18 15
1 18 14
6 18 13
0 19 13
5 28 45
2 27 45
2 26 45
2 25 45
2 24 45
0 23 45
6 34 21
1 34 22
1 34 23
1 34 24
1 34 25
1 34 26
1 34 27
1 34 28
0 34 29
2 33 29
2 32 29
2 31 29
0 30 29
1 19 12
0 19 11
1 30 30
1 30 31
1 30 32
1 30 33
0 30 34
0 47 32
4 30 35
2 29 35
0 28 35
2 29 29
2 28 29
0 27 29
-1
-1
-1
-1
-1
-1
-1
-1
-1
-1
-1
-1
-1
-1
-1
-1
-1
-1
-1
-1
-1
-1
-1
-1
-1
-1
-1
-1
-1
-1
-1
-1
-1
-1
-1
-1
-1
-1
-1
-1
-1
-1
-1
-1
-1
-1
-1
-1
-1
-1
-1
-1
-1
-1
-1
-1
-1
-1
-1
-1
-1
-1
-1
-1
-1
-1
-1
-1
-1
-1
-1
-1
-1
-1
-1
-1
-1
-1
-1
-1
-1
-1
-1
-1
-1
-1
-1
-1
-1
-1
-1
-1
-1
-1
-1
-1
-1
-1
-1
-1
-1
-1
-1
-1
-1
-1
-1
-1
-1
-1
-1
-1
-1
-1
-1
-1
-1
-1
-1
-1
-1
-1
-1
-1
-1
-1
-1
-1
-1
-1
-1
-1
-1
-1
-1
-1
-1
-1
-1
-1
-1
-1
-1
-1
-1
-1
-1
-1
-1
-1
-1
-1
-1
-1
-1
-1
-1
-1
-1
-1
-1
-1
-1
-1
-1
-1
-1
-1
-1
-1
-1
-1
-1
-1
-1
-1
-1
-1
-1
-1
-1
-1
-1
-1
-1
-1
-1
-1
-1
-1
-1
-1
-1
-1
-1
-1
-1
-1
-1
-1
-1
-1
-1
-1
-1
-1
-1
-1
-1
-1
-1
-1
-1
-1
-1
-1
-1
-1
-1
-1
-1
-1
-1
-1
-1
-1
-1
-1
-1
-1
-1
-1
-1
-1
-1
-1
-1
-1
-1
-1
-1
-1
-1
-1
-1
-1
-1
-1
-1
-1
-1
-1
-1
-1
-1
-1
-1
-1
-1
-1
-1
-1
-1
-1
-1
-1
-1
-1
-1
-1
-1
-1
-1
-1
-1
-1
