0 35 16
1 35 17
1 35 18
1 35 19
1 35 20
1 35 21
1 35 22
3 35 23
2 36 23
5 37 23
1 37 24
1 37 25
1 37 26
1 37 27
1 37 28
1 37 29
1 37 30
1 37 31
1 37 32
1 37 33
1 37 34
1 37 35
3 37 36
2 38 36
2 39 36
5 40 36
1 40 37
1 40 38
1 40 39
1 40 40
0 40 41
6 34 16
4 34 17
6 33 17
1 33 18
1 33 19
1 33 20
4 33 21
6 32 21
4 32 22
2 31 22
2 30 22
2 29 22
0 28 22
2 39 41
6 38 41
4 38 42
2 37 42
2 36 42
2 35 42
2 34 42
2 33 42
2 32 42
6 31 42
4 31 43
2 30 43
2 29 43
2 28 43
2 27 43
2 26 43
2 25 43
2 24 43
2 23 43
2 22 43
6 21 43
1 21 44
1 21 45
-1
-1
-1
-1
-1
-1
-1
-1
-1
-1
-1
-1
-1
-1
-1
-1
-1
-1
-1
0 21 46
2 27 22
2 26 22
2 25 22
2 24 22
2 23 22
2 22 22
2 21 22
2 20 22
2 19 22
2 18 22
2 17 22
2 16 22
2 15 22
2 14 22
2 13 22
2 12 22
2 11 22
2 10 22
2 9 22
2 8 22
2 7 22
2 6 22
2 5 22
2 4 22
2 3 22
-1
0 2 22
1 2 23
3 2 24
2 3 24
2 4 24
2 5 24
-1
-1
-1
-1
-1
-1
-1
0 6 24
2 41 41
5 42 41
1 42 42
3 42 43
-1
-1
-1
-1
-1
-1
0 43 43
-1
-1
-1
-1
-1
-1
-1
0 35 42
1 6 25
1 6 26
1 6 27
-1
-1
-1
0 6 28
1 2 21
6 2 20
2 3 20
2 4 20
-1
-1
0 5 20
1 35 43
1 35 44
1 35 45
-1
-1
0 35 46
2 20 46
2 19 46
2 18 46
2 17 46
0 16 46
5 36 16
3 36 17
5 37 17
3 37 18
0 38 18
1 16 45
1 16 44
-1
0 16 43
1 35 15
5 35 14
2 34 14
2 33 14
2 32 14
0 31 14
0 31 42
1 38 17
1 38 16
6 38 15
0 39 15
1 39 14
1 39 13
1 39 12
1 39 11
0 39 10
0 40 38
2 15 43
2 14 43
0 13 43
1 21 47
4 21 48
2 20 48
0 19 48
2 41 38
2 42 38
0 43 38
0 35 44
0 40 36
2 40 15
2 41 15
0 42 15
1 28 21
1 28 20
1 28 19
5 28 18
0 27 18
0 33 17
0 22 43
5 22 46
3 22 47
2 23 47
0 24 47
1 35 41
1 35 40
0 35 39
0 37 32
1 28 23
3 28 24
0 29 24
2 7 24
0 8 24
0 37 27
1 40 42
1 40 43
1 40 44
0 40 45
0 35 21
0 43 15
2 36 32
2 35 32
0 34 32
2 30 24
0 31 24
0 35 38
1 34 31
0 34 30
2 5 28
2 4 28
0 3 28
0 24 22
2 17 43
4 18 43
1 18 42
1 18 41
6 18 40
0 19 40
1 31 25
0 31 26
0 3 27
1 43 16
1 43 17
0 43 18
1 39 9
6 39 8
2 40 8
2 41 8
2 42 8
0 43 8
0 37 23
1 43 7
1 43 6
1 43 5
6 43 4
0 44 4
2 25 47
0 26 47
0 32 21
0 26 43
0 42 41
2 34 46
2 33 46
0 32 46
6 43 42
2 44 42
2 45 42
0 46 42
0 3 26
3 35 47
0 36 47
1 31 27
0 31 28
1 26 42
1 26 41
0 26 40
2 38 23
0 39 23
0 38 41
2 26 18
2 25 18
0 24 18
1 26 39
1 26 38
0 26 37
1 43 19
4 43 20
0 42 20
5 31 41
0 30 41
0 36 44
2 23 18
2 22 18
2 21 18
6 20 18
1 20 19
0 20 20
0 38 36
0 31 13
1 31 12
1 31 11
1 31 10
0 31 9
1 27 17
1 27 16
0 27 15
1 43 37
0 43 36
3 42 21
2 43 21
2 44 21
0 45 21
2 44 36
2 45 36
2 46 36
0 47 36
1 13 42
1 13 41
1 13 40
1 13 39
0 13 38
1 40 46
0 40 47
2 44 15
2 45 15
2 46 15
2 47 15
2 48 15
0 49 15
1 31 8
1 31 7
1 31 6
1 31 5
0 31 4
1 19 39
1 19 38
1 19 37
1 19 36
6 19 35
0 20 35
0 20 18
1 34 33
4 34 34
6 33 34
0 33 35
1 45 22
1 45 23
0 45 24
1 20 17
0 20 16
1 40 48
0 40 49
1 20 34
6 20 33
0 21 33
0 47 35
1 21 32
1 21 31
1 21 30
1 21 29
1 21 28
1 21 27
5 21 26
0 20 26
0 21 30
5 20 25
2 19 25
0 18 25
3 26 48
2 27 48
0 28 48
3 45 25
2 46 25
0 47 25
0 37 33
1 47 26
1 47 27
0 47 28
0 47 29
0 9 24
1 32 47
0 32 48
0 32 24
0 46 29
1 13 37
1 13 36
5 13 35
2 12 35
3 11 35
0 11 34
0 38 27
2 39 27
0 40 27
1 43 9
3 43 10
2 44 10
2 45 10
0 46 10
6 46 9
0 47 9
0 30 40
2 30 4
2 29 4
0 28 4
2 27 4
2 26 4
2 25 4
2 24 4
2 23 4
0 22 4
4 22 5
2 21 5
2 20 5
0 19 5
1 19 4
1 19 3
5 19 2
2 18 2
0 17 2
2 16 2
2 15 2
2 14 2
0 13 2
2 12 2
2 11 2
2 10 2
2 9 2
0 8 2
0 9 25
2 30 28
0 29 28
1 13 44
4 13 45
2 12 45
0 11 45
1 13 3
1 13 4
1 13 5
1 13 6
1 13 7
1 13 8
0 13 9
2 25 37
0 24 37
0 32 9
1 13 10
1 13 11
3 13 12
0 14 12
6 12 9
4 12 10
0 11 10
1 31 29
1 31 30
0 31 31
1 22 3
1 22 2
0 22 1
2 44 24
0 43 24
0 11 35
1 24 48
4 24 49
0 23 49
0 18 43
1 16 47
4 16 48
0 15 48
2 36 27
0 35 27
1 19 6
1 19 7
3 19 8
2 20 8
0 21 8
3 21 9
2 22 9
0 23 9
1 11 33
6 11 32
2 12 32
2 13 32
2 14 32
0 15 32
5 15 31
3 14 31
5 14 30
0 13 30
2 24 9
0 25 9
1 26 36
6 26 35
4 27 35
0 27 34
6 38 10
4 38 11
0 37 11
4 3 29
2 2 29
0 1 29
6 12 38
4 12 39
2 11 39
2 10 39
2 9 39
2 8 39
0 7 39
1 49 16
0 49 17
3 44 5
2 45 5
0 46 5
2 22 30
2 23 30
2 24 30
0 25 30
6 31 3
0 32 3
1 5 19
1 5 18
6 5 17
2 6 17
2 7 17
0 8 17
3 14 13
2 15 13
2 16 13
0 17 13
1 43 35
1 43 34
1 43 33
0 43 32
1 8 3
4 8 4
0 7 4
3 1 22
1 1 21
0 1 20
-1
-1
-1
-1
-1
-1
-1
-1
-1
-1
-1
-1
-1
-1
-1
-1
-1
-1
-1
-1
-1
-1
-1
-1
-1
-1
-1
-1
-1
-1
-1
-1
-1
-1
-1
-1
-1
-1
-1
-1
-1
-1
-1
-1
-1
-1
-1
-1
-1
-1
-1
-1
-1
-1
-1
-1
-1
-1
-1
-1
-1
-1
-1
-1
-1
-1
-1
-1
-1
-1
-1
-1
-1
-1
-1
-1
-1
-1
-1
-1
-1
-1
-1
-1
-1
-1
-1
-1
-1
-1
-1
-1
-1
-1
-1
-1
-1
-1
-1
-1
-1
-1
-1
-1
-1
-1
-1
-1
-1
-1
-1
-1
-1
-1
-1
-1
-1
-1
-1
-1
-1
-1
-1
-1
-1
-1
-1
-1
-1
-1
-1
-1
-1
-1
-1
-1
-1
-1
-1
-1
-1
-1
-1
-1
-1
-1
-1
-1
-1
-1
-1
-1
-1
-1
-1
-1
-1
-1
-1
-1
-1
-1
-1
-1
-1
-1
-1
-1
-1
-1
-1
-1
-1
-1
-1
-1
-1
-1
-1
-1
-1
-1
-1
-1
-1
-1
-1
-1
-1
-1
-1
-1
-1
-1
-1
-1
-1
-1
-1
-1
-1
-1
-1
-1
-1
-1
-1
-1
-1
-1
-1
-1
-1
-1
-1
-1
-1
-1
-1
-1
-1
-1
-1
-1
-1
-1
-1
-1
-1
-1
-1
-1
-1
-1
-1
-1
-1
-1
-1
-1
-1
-1
-1
