0 1 4
5 2 4
1 2 5
1 2 6
3 2 7
5 3 7
3 3 8
2 4 8
2 5 8
5 6 8
1 6 9
1 6 10
1 6 11
3 6 12
5 7 12
1 7 13
3 7 14
2 8 14
2 9 14
2 10 14
2 11 14
2 12 14
2 13 14
2 14 14
5 15 14
1 15 15
1 15 16
1 15 17
1 15 18
3 15 19
2 16 19
2 17 19
2 18 19
0 19 19
1 19 20
1 19 21
1 19 22
1 19 23
1 19 24
1 19 25
1 19 26
1 19 27
1 19 28
1 19 29
1 19 30
1 19 31
1 19 32
1 19 33
1 19 34
1 19 35
1 19 36
1 19 37
1 19 38
1 19 39
1 19 40
1 19 41
1 19 42
1 19 43
1 19 44
4 19 45
2 18 45
2 17 45
0 16 45
-1
-1
-1
-1
-1
0 3 8
5 20 19
3 20 20
2 21 20
2 22 20
0 23 20
1 16 44
1 16 43
0 16 42
1 19 18
1 19 17
0 19 16
1 16 46
0 16 47
1 19 15
1 19 14
1 19 13
1 19 12
1 19 11
1 19 10
0 19 9
0 15 19
6 19 8
2 20 8
2 21 8
2 22 8
2 23 8
0 24 8
2 25 8
2 26 8
4 27 8
1 27 7
1 27 6
1 27 5
6 27 4
2 28 4
2 29 4
2 30 4
2 31 4
2 32 4
2 33 4
2 34 4
2 35 4
2 36 4
2 37 4
2 38 4
2 39 4
2 40 4
2 41 4
2 42 4
2 43 4
2 44 4
2 45 4
0 46 4
1 46 3
1 46 2
1 46 1
0 46 0
0 21 8
0 6 12
2 47 4
2 48 4
0 49 4
0 15 14
0 19 45
0 6 8
0 47 0
0 19 40
0 27 7
0 2 4
4 20 16
1 20 15
6 20 14
0 21 14
2 18 9
2 17 9
0 16 9
0 30 4
0 19 38
0 44 4
0 32 4
2 15 42
0 14 42
4 20 38
6 20 37
2 21 37
2 22 37
0 23 37
0 27 8
0 19 21
0 7 14
1 23 38
1 23 39
1 23 40
0 23 41
1 23 42
3 23 43
2 24 43
5 25 43
0 25 44
3 25 45
2 26 45
2 27 45
2 28 45
2 29 45
2 30 45
0 31 45
0 21 13
1 6 7
1 6 6
0 6 5
2 32 45
2 33 45
0 34 45
2 35 45
2 36 45
0 37 45
0 19 23
1 37 44
1 37 43
0 37 42
2 38 42
2 39 42
2 40 42
2 41 42
0 42 42
0 15 17
1 3 9
1 3 10
0 3 11
5 43 42
1 43 43
1 43 44
1 43 45
1 43 46
0 43 47
0 43 42
1 16 8
1 16 7
5 16 6
2 15 6
0 14 6
0 43 48
0 19 36
0 10 14
1 1 3
0 1 2
1 23 19
1 23 18
0 23 17
2 44 47
2 45 47
2 46 47
0 47 47
2 2 8
2 1 8
0 0 8
1 47 46
0 47 45
1 43 41
1 43 40
1 43 39
0 43 38
0 27 4
0 16 48
1 49 5
0 49 6
1 10 13
6 10 12
0 11 12
0 20 45
2 7 5
0 8 5
1 14 5
0 14 4
4 14 43
2 13 43
0 12 43
0 19 12
0 20 46
1 24 9
0 24 10
0 44 3
1 12 42
1 12 41
0 12 40
0 19 39
1 37 46
1 37 47
0 37 48
2 24 17
0 25 17
0 38 45
0 14 3
2 15 3
2 16 3
2 17 3
0 18 3
1 6 4
0 6 3
0 24 11
0 40 42
0 36 48
3 24 12
0 25 12
0 48 0
0 19 3
0 16 14
0 18 39
2 20 3
0 21 3
1 37 41
0 37 40
0 36 40
1 31 44
0 31 43
1 10 15
1 10 16
0 10 17
0 10 18
5 9 5
3 9 6
0 10 6
5 44 38
3 44 39
2 45 39
0 46 39
2 28 8
2 29 8
2 30 8
0 31 8
2 32 8
0 33 8
1 12 39
1 12 38
0 12 37
2 13 37
2 14 37
0 15 37
1 23 21
0 23 22
0 47 44
0 24 22
2 13 3
0 12 3
0 3 7
1 24 7
1 24 6
0 24 5
1 21 2
0 21 1
1 12 44
1 12 45
0 12 46
2 22 1
2 23 1
0 24 1
0 25 16
0 34 8
0 6 10
0 3 12
0 16 19
1 3 13
1 3 14
1 3 15
0 3 16
0 2 16
0 19 27
0 35 8
2 26 16
0 27 16
2 28 16
2 29 16
0 30 16
2 31 16
0 32 16
0 38 4
0 19 43
0 33 16
0 19 24
2 18 24
0 17 24
0 47 46
2 11 46
0 10 46
4 10 47
2 9 47
2 8 47
2 7 47
0 6 47
1 14 2
0 14 1
1 6 46
0 6 45
0 6 44
0 6 43
2 43 3
0 42 3
1 31 42
0 31 41
0 6 2
0 31 40
1 42 2
0 42 1
0 31 9
1 33 17
3 33 18
5 34 18
3 34 19
0 35 19
1 35 20
3 35 21
0 36 21
1 36 22
0 36 23
1 36 24
1 36 25
1 36 26
0 36 27
2 35 27
0 34 27
2 33 27
2 32 27
2 31 27
0 30 27
1 30 26
0 30 25
0 29 25
0 37 27
0 30 28
0 29 28
0 23 40
6 11 11
4 12 11
1 12 10
0 12 9
1 31 46
4 31 47
0 30 47
2 29 47
2 28 47
0 27 47
1 46 5
1 46 6
1 46 7
1 46 8
0 46 9
3 46 40
0 47 40
0 16 24
2 15 24
2 14 24
0 13 24
1 13 23
0 13 22
2 12 24
2 11 24
0 10 24
2 37 21
2 38 21
0 39 21
2 24 37
0 25 37
0 24 44
0 20 47
1 18 4
0 18 5
2 28 28
0 27 28
0 15 1
1 27 29
4 27 30
0 26 30
0 42 4
1 30 17
1 30 18
0 30 19
1 42 5
0 42 6
2 5 47
0 4 47
1 23 23
1 23 24
0 23 25
0 35 23
0 36 8
1 46 10
4 46 11
0 45 11
4 26 44
0 26 43
0 26 42
0 19 28
1 33 15
1 33 14
0 33 13
4 42 7
6 41 7
0 41 8
1 41 9
1 41 10
0 41 11
1 41 12
1 41 13
0 41 14
0 40 14
0 6 42
0 18 28
0 17 28
2 39 14
0 38 14
3 41 15
2 42 15
0 43 15
0 43 16
4 16 37
1 16 36
1 16 35
0 16 34
1 37 28
3 37 29
0 38 29
1 6 41
0 6 40
1 6 39
1 6 38
0 6 37
2 5 37
0 4 37
2 26 12
2 27 12
0 28 12
0 38 13
3 6 48
2 7 48
0 8 48
1 18 6
3 18 7
0 19 7
0 38 30
1 38 31
1 38 32
3 38 33
0 39 33
2 11 40
0 10 40
0 39 34
0 34 28
1 31 39
0 31 38
0 39 35
0 39 36
0 43 17
0 9 5
1 16 10
4 16 11
0 15 11
2 38 34
2 37 34
2 36 34
2 35 34
0 34 34
1 34 33
5 34 32
0 33 32
0 26 31
1 39 20
0 39 19
0 32 32
1 30 20
4 30 21
0 29 21
2 9 24
3 8 24
5 8 23
0 7 23
1 6 1
6 6 0
0 7 0
0 7 22
2 6 22
2 5 22
2 4 22
2 3 22
0 2 22
0 2 23
1 2 24
0 2 25
2 38 48
0 39 48
1 43 18
3 43 19
0 44 19
2 39 30
2 40 30
2 41 30
2 42 30
2 43 30
0 44 30
1 44 31
1 44 32
0 44 33
1 26 32
3 26 33
0 27 33
0 27 17
0 0 9
0 47 9
2 45 19
2 46 19
0 47 19
2 3 25
0 4 25
2 3 37
0 2 37
1 4 26
1 4 27
1 4 28
0 4 29
1 2 17
4 2 18
2 1 18
0 0 18
6 25 31
4 25 32
0 24 32
1 2 36
0 2 35
1 44 20
4 44 21
0 43 21
3 12 47
5 13 47
0 13 48
0 43 6
0 0 2
2 23 32
3 22 32
1 22 31
0 22 30
2 3 29
2 2 29
0 1 29
5 36 39
0 35 39
2 5 44
2 4 44
0 3 44
3 14 17
1 14 16
5 14 15
0 13 15
0 7 21
1 12 36
1 12 35
1 12 34
0 12 33
3 43 22
5 44 22
3 44 23
2 45 23
0 46 23
0 7 20
0 6 20
5 40 21
1 40 22
1 40 23
1 40 24
3 40 25
0 41 25
1 46 38
6 46 37
0 47 37
2 25 1
0 26 1
2 7 37
0 8 37
2 11 33
2 10 33
2 9 33
2 8 33
0 7 33
0 15 0
0 29 12
1 46 24
1 46 25
1 46 26
0 46 27
1 47 36
1 47 35
0 47 34
0 25 1
5 3 43
2 2 43
2 1 43
0 0 43
0 44 32
0 43 30
-1
-1
-1
-1
-1
-1
-1
-1
-1
-1
-1
-1
-1
-1
-1
-1
-1
-1
-1
-1
-1
-1
-1
-1
-1
-1
-1
-1
-1
-1
-1
-1
-1
-1
-1
-1
-1
-1
-1
-1
-1
-1
-1
-1
-1
-1
-1
-1
-1
-1
-1
-1
-1
-1
-1
-1
-1
-1
-1
-1
-1
-1
-1
-1
-1
-1
-1
-1
-1
-1
-1
-1
-1
-1
-1
-1
-1
-1
-1
-1
-1
-1
-1
-1
-1
-1
-1
-1
-1
-1
-1
-1
-1
-1
-1
-1
-1
-1
-1
-1
-1
-1
-1
-1
-1
-1
-1
-1
-1
-1
-1
-1
-1
-1
-1
-1
-1
-1
-1
-1
-1
-1
-1
-1
-1
-1
-1
-1
-1
-1
-1
-1
-1
-1
