0 23 13
1 23 14
3 23 15
5 24 15
1 24 16
1 24 17
1 24 18
1 24 19
1 24 20
3 24 21
2 25 21
5 26 21
3 26 22
5 27 22
3 27 23
2 28 23
2 29 23
2 30 23
2 31 23
2 32 23
2 33 23
2 34 23
5 35 23
1 35 24
1 35 25
3 35 26
2 36 26
2 37 26
2 38 26
2 39 26
2 40 26
2 41 26
2 42 26
5 43 26
1 43 27
3 43 28
5 44 28
1 44 29
1 44 30
1 44 31
1 44 32
1 44 33
1 44 34
1 44 35
1 44 36
1 44 37
3 44 38
0 45 38
1 23 12
1 23 11
1 23 10
1 23 9
6 23 8
4 24 8
1 24 7
0 24 6
2 46 38
5 47 38
1 47 39
3 47 40
-1
-1
-1
-1
-1
-1
-1
-1
0 48 40
2 24 13
5 25 13
3 25 14
2 26 14
2 27 14
5 28 14
3 28 15
0 29 15
3 22 13
1 22 12
1 22 11
5 22 10
2 21 10
2 20 10
0 19 10
4 30 15
1 30 14
6 30 13
2 31 13
0 32 13
2 23 6
2 22 6
2 21 6
0 20 6
1 19 11
1 19 12
1 19 13
0 19 14
2 18 14
2 17 14
2 16 14
2 15 14
2 14 14
2 13 14
0 12 14
0 17 14
1 48 41
1 48 42
4 48 43
0 47 43
0 47 38
1 12 15
0 12 16
2 25 6
2 26 6
2 27 6
2 28 6
5 29 6
0 29 7
1 12 17
3 12 18
0 13 18
2 11 14
2 10 14
2 9 14
0 8 14
1 8 15
1 8 16
1 8 17
4 8 18
0 7 18
1 29 8
0 29 9
0 44 38
2 14 18
5 15 18
1 15 19
3 15 20
2 16 20
0 17 20
3 17 21
2 18 21
2 19 21
2 20 21
0 21 21
5 8 13
0 7 13
0 35 23
0 25 13
0 26 21
0 24 18
0 22 10
0 19 15
0 27 23
1 7 12
1 7 11
0 7 10
1 7 9
1 7 8
0 7 7
0 29 6
0 44 30
0 21 6
0 43 26
1 20 5
1 20 4
1 20 3
0 20 2
1 21 22
1 21 23
0 21 24
2 8 10
0 9 10
2 19 2
0 18 2
0 43 25
0 37 26
0 18 10
0 44 33
0 29 16
1 44 39
1 44 40
0 44 41
0 10 14
0 28 9
2 6 13
0 5 13
1 29 5
1 29 4
1 29 3
6 29 2
0 30 2
4 44 42
0 43 42
2 17 10
0 16 10
0 15 10
1 7 19
1 7 20
1 7 21
0 7 22
2 6 22
0 5 22
0 47 44
2 33 13
0 34 13
1 34 12
6 34 11
2 35 11
2 36 11
0 37 11
0 38 26
2 38 11
0 39 11
2 17 2
2 16 2
2 15 2
0 14 2
0 35 26
2 40 11
0 41 11
0 14 10
2 42 11
0 43 11
0 44 28
2 43 33
2 42 33
0 41 33
2 22 24
0 23 24
2 40 33
0 39 33
0 38 33
3 13 10
1 13 9
1 13 8
0 13 7
0 12 7
0 7 6
0 41 34
1 43 24
1 43 23
1 43 22
1 43 21
0 43 20
1 7 5
6 7 4
0 8 4
0 44 11
1 47 37
0 47 36
0 13 10
0 30 23
2 44 20
0 45 20
2 28 16
0 27 16
3 45 21
2 46 21
0 47 21
1 14 1
0 14 0
1 24 5
0 24 4
2 31 2
2 32 2
0 33 2
2 8 22
2 9 22
0 10 22
1 10 23
1 10 24
3 10 25
5 11 25
1 11 26
0 11 27
1 11 28
0 11 29
2 12 29
2 13 29
0 14 29
1 45 19
0 45 18
1 28 10
0 28 11
1 37 27
0 37 28
0 37 29
1 14 30
1 14 31
0 14 32
0 29 5
0 34 11
4 14 33
2 13 33
0 12 33
4 12 34
2 11 34
0 10 34
2 9 34
0 8 34
2 27 9
0 26 9
2 15 32
2 16 32
0 17 32
0 43 23
0 14 3
2 43 38
0 42 38
0 9 4
2 45 28
2 46 28
0 47 28
2 48 44
0 49 44
0 15 18
5 7 17
2 6 17
2 5 17
0 4 17
0 6 7
1 7 23
0 7 24
1 33 3
0 33 4
0 24 15
0 45 11
0 23 18
0 24 3
0 24 2
4 5 23
2 4 23
2 3 23
0 2 23
1 43 43
0 43 44
2 42 44
2 41 44
2 40 44
0 39 44
1 39 45
1 39 46
4 39 47
6 38 47
4 38 48
0 37 48
2 36 48
2 35 48
2 34 48
2 33 48
2 32 48
0 31 48
2 30 48
2 29 48
2 28 48
0 27 48
1 27 47
1 27 46
1 27 45
0 27 44
2 26 44
2 25 44
2 24 44
0 23 44
2 22 44
2 21 44
0 20 44
1 20 45
1 20 46
4 20 47
0 19 47
0 39 43
1 20 43
0 20 42
2 19 42
2 18 42
0 17 42
1 2 24
0 2 25
0 10 15
1 16 9
0 16 8
1 47 22
0 47 23
1 17 41
1 17 40
0 17 39
0 18 47
0 30 16
0 33 5
2 17 47
2 16 47
2 15 47
2 14 47
2 13 47
2 12 47
0 11 47
1 37 12
1 37 13
1 37 14
0 37 15
1 37 16
0 37 17
4 28 44
1 28 43
6 28 42
4 29 42
0 29 41
0 41 26
0 37 18
1 18 3
1 18 4
0 18 5
2 45 33
2 46 33
2 47 33
0 48 33
0 41 32
1 27 24
1 27 25
4 27 26
0 26 26
0 24 1
0 42 20
0 12 18
0 39 10
5 17 38
2 16 38
2 15 38
0 14 38
2 7 34
0 6 34
0 47 24
1 5 12
5 5 11
0 4 11
2 37 33
0 36 33
2 16 42
0 15 42
1 36 34
1 36 35
0 36 36
4 21 25
0 20 25
0 49 33
2 30 9
0 31 9
1 15 43
0 15 44
2 38 43
0 37 43
0 37 42
0 42 19
1 19 16
0 19 17
6 35 36
0 35 37
1 6 35
1 6 36
0 6 37
1 23 43
1 23 42
1 23 41
1 23 40
0 23 39
2 34 37
2 33 37
0 32 37
1 23 38
1 23 37
0 23 36
1 41 10
1 41 9
1 41 8
1 41 7
0 41 6
0 43 45
0 40 6
0 19 21
1 41 5
1 41 4
0 41 3
1 37 19
3 37 20
0 38 20
1 26 27
1 26 28
0 26 29
0 27 29
2 19 25
0 18 25
2 36 18
0 35 18
0 17 33
0 28 12
1 4 18
4 4 19
2 3 19
2 2 19
0 1 19
1 30 22
6 30 21
4 31 21
0 31 20
1 23 35
1 23 34
0 23 33
2 24 33
0 25 33
0 19 13
1 10 35
0 10 36
1 10 37
1 10 38
1 10 39
0 10 40
3 45 12
2 46 12
5 47 12
0 47 13
4 37 44
2 36 44
6 35 44
4 35 45
0 34 45
2 42 3
4 43 3
6 43 2
2 44 2
0 45 2
1 4 10
5 4 9
2 3 9
0 2 9
1 2 8
1 2 7
5 2 6
0 1 6
0 20 17
2 22 36
0 21 36
1 6 38
1 6 39
0 6 40
4 6 41
2 5 41
2 4 41
2 3 41
0 2 41
1 2 26
0 2 27
1 10 41
4 10 42
6 9 42
4 9 43
0 8 43
1 2 42
1 2 43
0 2 44
1 45 10
6 45 9
2 46 9
0 47 9
1 2 45
0 2 46
1 1 5
1 1 4
1 1 3
6 1 2
2 2 2
0 3 2
1 49 45
1 49 46
0 49 47
6 45 1
2 46 1
0 47 1
6 17 31
2 18 31
2 19 31
0 20 31
2 25 1
0 26 1
1 30 24
0 30 25
2 3 46
5 4 46
1 4 47
1 4 48
0 4 49
2 36 29
0 35 29
0 48 13
0 21 31
2 38 17
0 39 17
1 2 40
1 2 39
5 2 38
0 1 38
2 26 48
0 25 48
0 37 36
3 41 12
5 42 12
0 42 13
0 13 0
0 22 11
6 18 1
0 19 1
5 32 36
2 31 36
2 30 36
0 29 36
5 3 1
2 2 1
2 1 1
0 0 1
5 42 6
0 42 7
5 11 22
1 11 23
3 11 24
0 12 24
3 33 6
2 34 6
0 35 6
1 47 8
0 47 7
1 47 20
0 47 19
3 5 34
5 5 33
3 4 33
5 4 32
0 3 32
2 4 13
2 3 13
0 2 13
-1
-1
-1
-1
-1
-1
-1
-1
-1
-1
-1
-1
-1
-1
-1
-1
-1
-1
-1
-1
-1
-1
-1
-1
-1
-1
-1
-1
-1
-1
-1
-1
-1
-1
-1
-1
-1
-1
-1
-1
-1
-1
-1
-1
-1
-1
-1
-1
-1
-1
-1
-1
-1
-1
-1
-1
-1
-1
-1
-1
-1
-1
-1
-1
-1
-1
-1
-1
-1
-1
-1
-1
-1
-1
-1
-1
-1
-1
-1
-1
-1
-1
-1
-1
-1
-1
-1
-1
-1
-1
-1
-1
-1
-1
-1
-1
-1
-1
-1
-1
-1
-1
-1
-1
-1
-1
-1
-1
-1
-1
-1
-1
-1
-1
-1
-1
-1
-1
-1
-1
-1
-1
-1
-1
-1
-1
-1
-1
-1
-1
-1
-1
-1
-1
-1
-1
-1
-1
-1
-1
-1
-1
-1
-1
-1
-1
-1
-1
-1
-1
-1
-1
-1
-1
-1
-1
-1
-1
-1
-1
