0 32 34
1 32 33
1 32 32
1 32 31
1 32 30
6 32 29
4 33 29
1 33 28
1 33 27
1 33 26
1 33 25
6 33 24
2 34 24
4 35 24
1 35 23
1 35 22
1 35 21
1 35 20
1 35 19
1 35 18
1 35 17
1 35 16
1 35 15
1 35 14
1 35 13
1 35 12
6 35 11
2 36 11
2 37 11
2 38 11
2 39 11
2 40 11
2 41 11
2 42 11
2 43 11
2 44 11
4 45 11
1 45 10
1 45 9
1 45 8
1 45 7
1 45 6
0 45 5
1 45 4
1 45 3
5 45 2
2 44 2
-1
-1
-1
-1
-1
-1
-1
-1
-1
-1
-1
-1
-1
-1
-1
-1
-1
-1
0 43 2
2 31 34
2 30 34
3 29 34
1 29 33
1 29 32
5 29 31
2 28 31
2 27 31
2 26 31
2 25 31
2 24 31
2 23 31
2 22 31
-1
-1
-1
-1
-1
0 21 31
2 20 31
2 19 31
2 18 31
2 17 31
3 16 31
1 16 30
1 16 29
5 16 28
2 15 28
2 14 28
2 13 28
2 12 28
0 11 28
6 44 5
4 44 6
2 43 6
0 42 6
5 11 27
2 10 27
2 9 27
0 8 27
1 8 26
6 8 25
2 9 25
0 10 25
1 10 24
1 10 23
5 10 22
2 9 22
2 8 22
0 7 22
0 45 8
4 42 7
2 41 7
2 40 7
2 39 7
0 38 7
0 32 32
0 29 34
1 29 35
4 29 36
2 28 36
2 27 36
0 26 36
0 45 11
0 35 11
0 41 11
2 46 11
2 47 11
0 48 11
0 24 31
0 19 31
0 26 37
1 45 12
3 45 13
5 46 13
0 46 14
0 37 11
0 46 5
1 46 15
1 46 16
0 46 17
0 6 22
0 19 32
0 27 31
1 38 6
1 38 5
0 38 4
0 10 22
1 10 21
1 10 20
1 10 19
6 10 18
0 11 18
1 21 30
1 21 29
0 21 28
0 38 8
2 45 17
0 44 17
0 35 20
2 11 22
2 12 22
5 13 22
0 13 23
4 8 28
2 7 28
2 6 28
2 5 28
0 4 28
1 41 12
3 41 13
0 42 13
0 33 24
6 43 1
2 44 1
0 45 1
3 13 24
2 14 24
0 15 24
1 4 29
1 4 30
0 4 31
2 16 24
2 17 24
0 18 24
2 46 8
2 47 8
0 48 8
0 14 28
0 35 17
0 47 17
1 32 35
1 32 36
0 32 37
1 11 17
0 11 16
2 22 28
2 23 28
2 24 28
0 25 28
1 11 15
5 11 14
3 10 14
0 10 13
0 39 4
0 33 28
2 11 13
2 12 13
2 13 13
0 14 13
0 35 24
1 11 29
0 11 30
2 15 13
2 16 13
0 17 13
5 38 3
2 37 3
0 36 3
1 39 3
0 39 2
1 18 23
1 18 22
0 18 21
1 6 21
1 6 20
1 6 19
1 6 18
0 6 17
1 25 27
0 25 26
2 32 24
2 31 24
0 30 24
0 43 17
6 27 30
2 28 30
0 29 30
2 9 13
2 8 13
0 7 13
1 4 32
0 4 33
1 30 23
0 30 22
1 4 27
1 4 26
0 4 25
2 37 7
2 36 7
2 35 7
2 34 7
0 33 7
2 46 1
2 47 1
0 48 1
0 5 17
1 18 20
0 18 19
0 10 30
0 35 3
0 25 36
0 24 36
4 42 14
2 41 14
0 40 14
0 33 8
1 17 12
6 17 11
0 18 11
0 35 22
2 32 7
0 31 7
0 16 31
2 3 28
2 2 28
0 1 28
0 18 10
0 34 3
1 16 32
1 16 33
0 16 34
2 17 19
2 16 19
0 15 19
2 15 34
0 14 34
1 39 1
0 39 0
2 19 21
2 20 21
0 21 21
2 4 17
2 3 17
0 2 17
1 26 38
1 26 39
0 26 40
0 27 40
0 40 15
0 21 27
0 21 26
0 44 8
2 22 21
0 23 21
2 24 21
2 25 21
0 26 21
0 48 2
1 26 20
0 26 19
2 33 3
2 32 3
0 31 3
2 30 7
0 29 7
4 29 8
2 28 8
0 27 8
1 30 25
0 30 26
2 5 31
0 6 31
0 41 10
2 36 20
2 37 20
0 38 20
0 29 24
0 14 12
0 1 17
2 26 8
0 25 8
0 24 8
0 23 8
1 26 41
1 26 42
4 26 43
2 25 43
0 24 43
0 47 18
1 7 12
1 7 11
0 7 10
1 18 25
4 18 26
0 17 26
4 32 38
2 31 38
0 30 38
1 4 34
0 4 35
0 3 35
0 47 19
2 27 19
0 28 19
1 31 2
0 31 1
0 24 37
2 18 13
0 19 13
2 20 13
0 21 13
0 22 13
0 36 24
0 23 13
0 24 13
2 25 13
0 26 13
0 21 25
1 7 9
0 7 8
0 40 0
2 8 8
2 9 8
0 10 8
0 37 12
0 35 12
2 23 43
2 22 43
0 21 43
0 21 22
1 18 18
0 18 17
0 28 18
0 13 22
2 34 12
2 33 12
0 32 12
1 32 13
0 32 14
2 6 8
2 5 8
0 4 8
2 3 8
0 2 8
0 10 7
1 10 6
1 10 5
0 10 4
0 34 17
1 10 3
0 10 2
2 33 37
2 34 37
2 35 37
0 36 37
0 11 2
0 39 20
2 30 3
2 29 3
2 28 3
0 27 3
0 6 32
0 47 20
0 47 21
2 46 21
0 45 21
0 28 17
2 12 2
2 13 2
0 14 2
0 14 3
2 15 3
2 16 3
0 17 3
2 18 3
0 19 3
0 20 3
0 20 2
1 36 36
0 36 35
2 37 24
2 38 24
2 39 24
0 40 24
2 47 5
2 48 5
0 49 5
1 16 35
1 16 36
0 16 37
1 40 25
0 40 26
0 41 26
2 21 2
0 22 2
2 19 17
2 20 17
0 21 17
1 36 34
6 36 33
0 37 33
0 26 3
1 16 38
0 16 39
0 23 7
0 16 40
2 47 14
2 48 14
0 49 14
1 16 41
0 16 42
1 16 43
1 16 44
1 16 45
0 16 46
5 10 1
2 9 1
0 8 1
2 40 20
0 41 20
4 14 35
2 13 35
0 12 35
1 2 16
1 2 15
1 2 14
0 2 13
5 4 24
2 3 24
0 2 24
0 33 29
0 26 14
4 38 33
1 38 32
0 38 31
0 15 18
0 19 10
1 19 9
0 19 8
2 18 8
0 17 8
0 39 15
2 23 37
0 22 37
2 21 37
0 20 37
1 2 7
5 2 6
0 1 6
2 5 35
2 6 35
0 7 35
1 7 36
1 7 37
1 7 38
0 7 39
1 7 40
1 7 41
1 7 42
0 7 43
0 21 32
2 6 43
0 5 43
2 8 39
0 9 39
1 47 22
0 47 23
0 8 43
2 4 43
0 3 43
3 31 12
0 31 11
0 5 22
1 14 4
1 14 5
0 14 6
1 38 30
0 38 29
1 35 2
0 35 1
1 21 44
1 21 45
0 21 46
1 41 27
0 41 28
0 33 6
5 39 31
3 39 32
2 40 32
0 41 32
4 3 44
2 2 44
2 1 44
0 0 44
1 3 42
5 3 41
0 2 41
1 30 39
1 30 40
0 30 41
0 7 17
4 16 47
0 15 47
1 30 42
1 30 43
3 30 44
2 31 44
2 32 44
0 33 44
4 1 18
6 0 18
1 0 19
0 0 20
0 14 47
1 8 2
4 8 3
2 7 3
2 6 3
0 5 3
1 47 24
1 47 25
0 47 26
1 47 27
1 47 28
1 47 29
4 47 30
0 46 30
2 37 37
2 38 37
2 39 37
0 40 37
0 24 14
0 14 46
6 3 31
4 3 32
2 2 32
0 1 32
5 1 5
3 0 5
1 0 4
1 0 3
1 0 2
0 0 1
4 31 41
0 31 40
1 5 44
1 5 45
0 5 46
1 33 45
3 33 46
2 34 46
0 35 46
1 24 44
0 24 45
5 2 12
2 1 12
0 0 12
1 46 31
1 46 32
0 46 33
2 13 46
2 12 46
0 11 46
1 24 46
3 24 47
2 25 47
0 26 47
1 26 48
0 26 49
1 46 34
1 46 35
3 46 36
0 47 36
1 40 38
3 40 39
2 41 39
0 42 39
1 47 37
0 47 38
1 47 39
1 47 40
1 47 41
1 47 42
0 47 43
1 42 40
4 42 41
2 41 41
2 40 41
0 39 41
-1
-1
-1
-1
-1
-1
-1
-1
-1
-1
-1
-1
-1
-1
-1
-1
-1
-1
-1
-1
-1
-1
-1
-1
-1
-1
-1
-1
-1
-1
-1
-1
-1
-1
-1
-1
-1
-1
-1
-1
-1
-1
-1
-1
-1
-1
-1
-1
-1
-1
-1
-1
-1
-1
-1
-1
-1
-1
-1
-1
-1
-1
-1
-1
-1
-1
-1
-1
-1
-1
-1
-1
-1
-1
-1
-1
-1
-1
-1
-1
-1
-1
-1
-1
-1
-1
-1
-1
-1
-1
-1
-1
-1
-1
-1
-1
-1
-1
-1
-1
-1
-1
-1
-1
-1
-1
-1
-1
-1
-1
-1
-1
-1
-1
-1
-1
-1
-1
-1
-1
-1
-1
-1
-1
-1
-1
-1
-1
-1
-1
-1
-1
-1
-1
-1
-1
-1
-1
-1
-1
-1
-1
-1
-1
-1
-1
-1
-1
-1
-1
-1
-1
-1
-1
