0 17 25
1 17 26
1 17 27
1 17 28
3 17 29
5 18 29
1 18 30
1 18 31
3 18 32
2 19 32
2 20 32
2 21 32
2 22 32
2 23 32
5 24 32
3 24 33
2 25 33
2 26 33
2 27 33
2 28 33
2 29 33
2 30 33
2 31 33
2 32 33
5 33 33
1 33 34
1 33 35
3 33 36
2 34 36
2 35 36
5 36 36
1 36 37
1 36 38
1 36 39
1 36 40
1 36 41
0 36 42
-1
-1
-1
-1
-1
-1
-1
-1
-1
-1
-1
-1
-1
-1
-1
-1
-1
-1
-1
-1
-1
-1
-1
-1
-1
-1
-1
-1
-1
-1
-1
-1
-1
-1
-1
-1
-1
-1
-1
-1
-1
-1
-1
-1
-1
-1
-1
-1
-1
-1
-1
-1
-1
-1
-1
-1
-1
-1
-1
0 18 29
4 37 42
1 37 41
1 37 40
1 37 39
1 37 38
1 37 37
1 37 36
1 37 35
1 37 34
1 37 33
1 37 32
1 37 31
1 37 30
6 37 29
2 38 29
4 39 29
1 39 28
1 39 27
1 39 26
1 39 25
1 39 24
1 39 23
1 39 22
1 39 21
1 39 20
1 39 19
1 39 18
1 39 17
1 39 16
1 39 15
1 39 14
1 39 13
1 39 12
1 39 11
1 39 10
6 39 9
2 40 9
2 41 9
4 42 9
1 42 8
1 42 7
1 42 6
1 42 5
1 42 4
1 42 3
-1
-1
-1
-1
-1
-1
-1
-1
-1
-1
-1
-1
-1
-1
-1
-1
-1
-1
-1
-1
-1
-1
-1
-1
-1
-1
-1
-1
-1
-1
-1
-1
-1
-1
-1
-1
-1
-1
-1
-1
-1
-1
0 42 2
2 16 25
2 15 25
2 14 25
2 13 25
2 12 25
2 11 25
6 10 25
1 10 26
1 10 27
1 10 28
4 10 29
2 9 29
6 8 29
1 8 30
1 8 31
1 8 32
1 8 33
1 8 34
1 8 35
1 8 36
1 8 37
1 8 38
1 8 39
4 8 40
2 7 40
2 6 40
2 5 40
2 4 40
-1
-1
-1
-1
-1
-1
-1
-1
-1
0 3 40
-1
-1
-1
-1
-1
-1
-1
-1
-1
-1
-1
-1
-1
-1
-1
-1
0 37 37
-1
-1
-1
-1
-1
-1
-1
-1
-1
-1
-1
-1
-1
-1
-1
0 8 35
2 43 2
2 44 2
5 45 2
1 45 3
1 45 4
1 45 5
1 45 6
1 45 7
1 45 8
1 45 9
1 45 10
1 45 11
1 45 12
1 45 13
1 45 14
1 45 15
3 45 16
0 46 16
1 17 24
1 17 23
1 17 22
1 17 21
1 17 20
1 17 19
1 17 18
1 17 17
5 17 16
2 16 16
2 15 16
-1
-1
-1
0 14 16
1 14 15
1 14 14
1 14 13
6 14 12
2 15 12
2 16 12
2 17 12
2 18 12
2 19 12
2 20 12
2 21 12
-1
0 22 12
-1
-1
-1
-1
-1
-1
-1
-1
0 32 33
1 3 39
1 3 38
1 3 37
1 3 36
1 3 35
1 3 34
5 3 33
3 2 33
1 2 32
1 2 31
5 2 30
2 1 30
0 0 30
2 13 16
2 12 16
2 11 16
2 10 16
2 9 16
0 8 16
1 8 15
1 8 14
1 8 13
1 8 12
1 8 11
1 8 10
1 8 9
1 8 8
0 8 7
-1
-1
-1
-1
-1
0 24 32
6 41 2
1 41 3
4 41 4
2 40 4
6 39 4
1 39 5
4 39 6
2 38 6
2 37 6
2 36 6
2 35 6
2 34 6
0 33 6
0 41 9
2 9 7
2 10 7
4 11 7
1 11 6
6 11 5
0 12 5
5 38 37
1 38 38
1 38 39
3 38 40
0 39 40
-1
-1
0 10 25
2 9 25
2 8 25
2 7 25
2 6 25
0 5 25
1 22 13
1 22 14
1 22 15
4 22 16
2 21 16
2 20 16
0 19 16
3 19 17
2 20 17
2 21 17
2 22 17
2 23 17
2 24 17
0 25 17
0 37 31
-1
-1
0 7 40
4 38 31
6 38 30
2 39 30
2 40 30
2 41 30
2 42 30
0 43 30
0 3 36
2 9 35
2 10 35
0 11 35
-1
-1
0 45 2
1 7 41
3 7 42
2 8 42
2 9 42
2 10 42
2 11 42
5 12 42
0 12 43
0 30 33
1 30 34
1 30 35
1 30 36
1 30 37
4 30 38
0 29 38
0 14 12
2 7 16
2 6 16
2 5 16
2 4 16
0 3 16
0 8 29
1 43 31
1 43 32
0 43 33
0 39 12
1 24 31
1 24 30
6 24 29
0 25 29
0 39 4
6 10 24
0 11 24
0 27 33
1 8 6
1 8 5
5 8 4
2 7 4
0 6 4
2 5 4
0 4 4
0 18 31
1 11 23
1 11 22
0 11 21
1 5 24
1 5 23
1 5 22
1 5 21
0 5 20
1 25 28
1 25 27
1 25 26
0 25 25
0 39 29
2 24 25
2 23 25
0 22 25
2 40 40
2 41 40
2 42 40
0 43 40
0 38 12
0 19 17
2 13 43
2 14 43
2 15 43
2 16 43
2 17 43
0 18 43
0 33 33
1 18 44
0 18 45
2 32 6
2 31 6
2 30 6
0 29 6
3 43 34
2 44 34
2 45 34
0 46 34
4 29 7
2 28 7
0 27 7
3 8 17
2 9 17
0 10 17
2 37 12
0 36 12
6 17 31
4 17 32
2 16 32
0 15 32
1 43 29
6 43 28
2 44 28
2 45 28
2 46 28
0 47 28
2 4 25
0 3 25
1 47 27
5 47 26
0 46 26
2 26 25
2 27 25
2 28 25
0 29 25
1 12 44
1 12 45
1 12 46
0 12 47
0 23 32
1 11 36
1 11 37
0 11 38
0 2 33
1 29 39
1 29 40
1 29 41
0 29 42
1 29 43
0 29 44
1 12 4
6 12 3
2 13 3
2 14 3
2 15 3
0 16 3
1 22 11
1 22 10
5 22 9
2 21 9
2 20 9
0 19 9
-1
-1
-1
-1
-1
-1
-1
-1
-1
-1
-1
-1
-1
-1
-1
-1
-1
-1
-1
-1
-1
-1
-1
-1
-1
-1
-1
-1
-1
-1
-1
-1
-1
-1
-1
-1
-1
-1
-1
-1
-1
-1
-1
-1
-1
-1
-1
-1
-1
-1
-1
-1
-1
-1
-1
-1
-1
-1
-1
-1
-1
-1
-1
-1
-1
-1
-1
-1
-1
-1
-1
-1
-1
-1
-1
-1
-1
-1
-1
-1
-1
-1
-1
-1
-1
-1
-1
-1
-1
-1
-1
-1
-1
-1
-1
-1
-1
-1
-1
-1
-1
-1
-1
-1
-1
-1
-1
-1
-1
-1
-1
-1
-1
-1
-1
-1
-1
-1
-1
-1
-1
-1
-1
-1
-1
-1
-1
-1
-1
-1
-1
-1
-1
-1
-1
-1
-1
-1
-1
-1
-1
-1
-1
-1
-1
-1
-1
-1
-1
-1
-1
-1
-1
-1
-1
-1
-1
-1
-1
-1
-1
-1
-1
-1
-1
-1
-1
-1
-1
-1
-1
-1
-1
-1
-1
-1
-1
-1
-1
-1
-1
-1
-1
-1
-1
-1
-1
-1
-1
-1
-1
-1
-1
-1
-1
-1
-1
-1
-1
-1
-1
-1
-1
-1
-1
-1
-1
-1
-1
-1
-1
-1
-1
-1
-1
-1
-1
-1
-1
-1
-1
-1
-1
-1
-1
-1
-1
-1
-1
-1
-1
-1
-1
-1
-1
-1
-1
-1
-1
-1
-1
-1
-1
-1
-1
-1
-1
-1
-1
-1
-1
-1
-1
-1
-1
