0 38 18
1 38 19
1 38 20
1 38 21
1 38 22
1 38 23
1 38 24
1 38 25
1 38 26
1 38 27
1 38 28
1 38 29
1 38 30
1 38 31
1 38 32
1 38 33
1 38 34
1 38 35
1 38 36
1 38 37
1 38 38
1 38 39
0 38 40
1 38 41
1 38 42
1 38 43
4 38 44
2 37 44
2 36 44
2 35 44
2 34 44
2 33 44
2 32 44
2 31 44
2 30 44
2 29 44
2 28 44
2 27 44
2 26 44
2 25 44
2 24 44
2 23 44
6 22 44
1 22 45
1 22 46
4 22 47
2 21 47
2 20 47
2 19 47
2 18 47
2 17 47
2 16 47
-1
-1
-1
-1
-1
-1
-1
-1
-1
-1
-1
-1
-1
-1
-1
-1
-1
-1
-1
-1
-1
-1
-1
-1
-1
-1
-1
-1
-1
-1
-1
-1
-1
0 15 47
5 38 17
2 37 17
2 36 17
2 35 17
2 34 17
2 33 17
2 32 17
2 31 17
2 30 17
2 29 17
2 28 17
2 27 17
2 26 17
3 25 17
5 25 16
2 24 16
2 23 16
2 22 16
2 21 16
2 20 16
2 19 16
2 18 16
2 17 16
2 16 16
2 15 16
2 14 16
2 13 16
2 12 16
2 11 16
2 10 16
2 9 16
2 8 16
2 7 16
2 6 16
2 5 16
2 4 16
3 3 16
1 3 15
5 3 14
2 2 14
2 1 14
3 0 14
1 0 13
1 0 12
0 0 11
-1
-1
0 34 17
5 39 40
1 39 41
3 39 42
2 40 42
5 41 42
1 41 43
1 41 44
3 41 45
0 42 45
6 0 10
2 1 10
2 2 10
2 3 10
0 4 10
2 37 40
2 36 40
2 35 40
3 34 40
1 34 39
1 34 38
0 34 37
1 15 46
1 15 45
0 15 44
1 4 9
1 4 8
0 4 7
1 34 18
1 34 19
1 34 20
1 34 21
0 34 22
2 14 47
0 13 47
0 22 44
0 38 35
1 4 6
1 4 5
1 4 4
5 4 3
0 3 3
1 22 43
5 22 42
2 21 42
2 20 42
0 19 42
5 39 35
1 39 36
3 39 37
2 40 37
0 41 37
0 22 47
2 42 37
2 43 37
4 44 37
1 44 36
0 44 35
0 38 42
0 18 42
0 35 44
0 26 44
1 44 34
1 44 33
0 44 32
0 3 16
0 41 42
1 4 11
0 4 12
4 39 18
6 39 17
2 40 17
0 41 17
1 3 17
1 3 18
0 3 19
0 38 21
0 42 46
0 3 14
0 44 37
0 12 47
0 18 47
1 44 38
1 44 39
0 44 40
1 18 41
0 18 40
2 4 19
0 5 19
0 30 17
0 38 38
0 38 44
0 34 40
1 18 48
0 18 49
2 11 47
0 10 47
1 42 47
4 42 48
0 41 48
0 22 42
0 15 16
2 2 3
0 1 3
2 43 32
2 42 32
0 41 32
1 41 16
5 41 15
2 40 15
2 39 15
0 38 15
0 34 44
0 9 47
1 5 20
1 5 21
1 5 22
0 5 23
0 20 47
2 3 7
0 2 7
0 31 44
0 32 17
0 38 34
1 38 14
5 38 13
2 37 13
0 36 13
0 38 23
0 45 40
0 8 16
0 38 28
2 14 44
2 13 44
0 12 44
0 8 15
0 35 13
0 41 31
1 22 41
1 22 40
0 22 39
0 26 17
4 9 48
2 8 48
0 7 48
1 45 41
1 45 42
0 45 43
2 17 40
2 16 40
0 15 40
0 15 15
1 7 47
1 7 46
1 7 45
0 7 44
2 14 40
2 13 40
3 12 40
1 12 39
0 12 38
2 11 38
2 10 38
2 9 38
0 8 38
5 39 21
3 39 22
0 40 22
2 33 22
2 32 22
0 31 22
0 34 20
1 12 37
0 12 36
1 22 38
1 22 37
0 22 36
1 31 45
0 31 46
0 22 35
2 6 48
0 5 48
2 30 22
0 29 22
1 8 37
5 8 36
2 7 36
0 6 36
0 33 40
1 30 16
0 30 15
1 44 31
1 44 30
0 44 29
2 5 36
2 4 36
0 3 36
1 3 35
1 3 34
1 3 33
0 3 32
0 34 13
2 37 34
0 36 34
2 4 48
2 3 48
2 2 48
0 1 48
2 45 37
2 46 37
2 47 37
0 48 37
0 48 36
1 36 33
1 36 32
0 36 31
1 34 23
1 34 24
0 34 25
2 40 48
2 39 48
0 38 48
1 15 17
0 15 18
0 1 47
2 45 32
0 46 32
2 5 10
2 6 10
0 7 10
2 41 22
0 42 22
3 35 34
5 35 33
2 34 33
0 33 33
2 8 10
0 9 10
0 34 26
1 3 31
1 3 30
0 3 29
1 3 28
1 3 27
0 3 26
5 36 30
0 35 30
1 3 37
1 3 38
1 3 39
0 3 40
2 28 22
2 27 22
2 26 22
0 25 22
1 26 45
0 26 46
1 25 23
1 25 24
0 25 25
0 25 26
1 9 9
1 9 8
1 9 7
1 9 6
1 9 5
1 9 4
0 9 3
1 25 27
3 25 28
0 26 28
0 10 3
2 23 36
2 24 36
0 25 36
1 31 43
5 31 42
0 30 42
0 25 35
1 26 16
1 26 15
5 26 14
0 25 14
0 23 42
0 46 43
2 2 29
2 1 29
0 0 29
1 25 13
1 25 12
0 25 11
6 25 10
0 26 10
2 32 33
0 31 33
2 21 36
2 20 36
2 19 36
0 18 36
1 18 35
0 18 34
0 18 33
0 18 32
0 6 44
0 30 41
1 30 40
1 30 39
0 30 38
2 43 22
2 44 22
0 45 22
1 10 4
3 10 5
2 11 5
2 12 5
2 13 5
2 14 5
2 15 5
2 16 5
0 17 5
2 18 5
0 19 5
0 41 38
2 37 48
2 36 48
0 35 48
1 45 21
1 45 20
0 45 19
1 44 28
1 44 27
5 44 26
0 43 26
0 0 14
1 15 14
5 15 13
2 14 13
0 13 13
1 13 12
6 13 11
0 14 11
0 31 32
0 26 29
1 14 10
1 14 9
0 14 8
0 12 40
0 30 14
1 3 41
0 3 42
0 45 23
0 27 44
0 20 5
2 24 14
0 23 14
2 22 14
0 21 14
1 20 4
0 20 3
0 48 38
4 42 17
1 42 16
1 42 15
0 42 14
0 43 14
1 43 13
1 43 12
0 43 11
1 43 10
1 43 9
1 43 8
0 43 7
2 42 7
2 41 7
0 40 7
0 30 37
2 2 36
0 1 36
1 18 31
5 18 30
0 17 30
3 5 24
2 6 24
2 7 24
0 8 24
0 16 30
1 26 47
3 26 48
0 27 48
1 8 23
0 8 22
2 9 22
2 10 22
0 11 22
0 22 48
0 12 5
1 20 2
1 20 1
0 20 0
1 20 6
1 20 7
1 20 8
0 20 9
0 22 45
1 11 21
0 11 20
0 45 18
1 7 9
0 7 8
4 40 8
0 39 8
2 25 29
0 24 29
2 2 42
2 1 42
0 0 42
2 38 8
2 37 8
0 36 8
6 3 2
0 4 2
0 41 30
1 11 23
1 11 24
1 11 25
3 11 26
0 12 26
1 40 6
1 40 5
1 40 4
5 40 3
0 39 3
2 4 32
2 5 32
2 6 32
0 7 32
2 44 11
2 45 11
2 46 11
2 47 11
0 48 11
5 39 2
2 38 2
2 37 2
0 36 2
1 48 12
0 48 13
0 12 43
4 12 27
2 11 27
0 10 27
1 43 6
6 43 5
2 44 5
0 45 5
2 21 3
2 22 3
0 23 3
1 25 37
0 25 38
1 3 20
4 3 21
0 2 21
1 12 35
5 12 34
0 11 34
0 19 0
0 7 15
1 34 12
5 34 11
0 33 11
0 14 47
5 1 2
0 0 2
2 35 2
2 34 2
2 33 2
2 32 2
0 31 2
2 24 22
0 23 22
1 7 43
0 7 42
0 34 16
4 13 36
6 13 35
0 14 35
1 18 46
0 18 45
3 22 22
5 22 21
0 21 21
1 26 9
1 26 8
5 26 7
0 25 7
2 33 26
2 32 26
0 31 26
0 21 15
0 17 16
3 30 2
5 30 1
2 29 1
0 28 1
1 21 22
0 21 23
2 20 23
2 19 23
0 18 23
-1
-1
-1
-1
-1
-1
-1
-1
-1
-1
-1
-1
-1
-1
-1
-1
-1
-1
-1
-1
-1
-1
-1
-1
-1
-1
-1
-1
-1
-1
-1
-1
-1
-1
-1
-1
-1
-1
-1
-1
-1
-1
-1
-1
-1
-1
-1
-1
-1
-1
-1
-1
-1
-1
-1
-1
-1
-1
-1
-1
-1
-1
-1
-1
-1
-1
-1
-1
-1
-1
-1
-1
-1
-1
-1
-1
-1
-1
-1
-1
-1
-1
-1
-1
-1
-1
-1
-1
-1
-1
-1
-1
-1
-1
-1
-1
-1
-1
-1
-1
-1
-1
-1
-1
-1
-1
-1
-1
-1
-1
-1
-1
-1
-1
-1
-1
-1
-1
-1
-1
-1
-1
-1
-1
-1
-1
-1
-1
-1
-1
-1
-1
-1
-1
-1
-1
-1
-1
-1
-1
-1
-1
-1
-1
-1
-1
-1
-1
-1
-1
-1
-1
-1
-1
-1
-1
-1
