0 18 23
1 18 22
5 18 21
2 17 21
2 16 21
3 15 21
1 15 20
1 15 19
1 15 18
1 15 17
1 15 16
1 15 15
1 15 14
5 15 13
2 14 13
2 13 13
2 12 13
2 11 13
2 10 13
2 9 13
0 8 13
1 18 24
3 18 25
5 19 25
1 19 26
1 19 27
1 19 28
1 19 29
1 19 30
3 19 31
-1
-1
-1
-1
-1
-1
-1
-1
-1
-1
-1
-1
-1
-1
-1
-1
-1
-1
-1
-1
-1
-1
-1
-1
-1
-1
-1
-1
-1
-1
-1
-1
-1
-1
-1
-1
-1
-1
-1
-1
-1
-1
-1
-1
-1
-1
-1
-1
-1
-1
-1
-1
-1
-1
0 20 31
2 21 31
2 22 31
2 23 31
2 24 31
2 25 31
2 26 31
2 27 31
2 28 31
2 29 31
2 30 31
2 31 31
2 32 31
2 33 31
2 34 31
5 35 31
1 35 32
1 35 33
3 35 34
-1
-1
-1
-1
-1
-1
-1
-1
-1
-1
-1
-1
-1
-1
-1
-1
-1
-1
-1
-1
-1
-1
-1
-1
-1
-1
-1
-1
-1
-1
-1
-1
-1
-1
-1
0 36 34
1 8 12
1 8 11
6 8 10
4 9 10
6 9 9
2 10 9
-1
-1
-1
-1
-1
-1
-1
-1
-1
-1
-1
-1
-1
-1
-1
-1
-1
-1
0 11 9
2 37 34
2 38 34
2 39 34
5 40 34
1 40 35
3 40 36
-1
-1
-1
-1
-1
-1
-1
-1
-1
-1
-1
-1
-1
-1
0 41 36
-1
-1
-1
-1
-1
-1
-1
-1
-1
-1
-1
-1
0 11 13
4 36 35
2 35 35
2 34 35
2 33 35
2 32 35
2 31 35
2 30 35
2 29 35
-1
-1
-1
-1
0 28 35
3 7 13
1 7 12
5 7 11
2 6 11
3 5 11
1 5 10
-1
-1
-1
-1
0 5 9
1 5 8
1 5 7
5 5 6
-1
-1
-1
-1
0 4 6
1 4 5
1 4 4
1 4 3
1 4 2
6 4 1
-1
-1
0 5 1
1 20 32
1 20 33
4 20 34
2 19 34
2 18 34
2 17 34
2 16 34
6 15 34
4 15 35
2 14 35
2 13 35
0 12 35
2 19 23
2 20 23
0 21 23
6 41 35
2 42 35
2 43 35
2 44 35
2 45 35
0 46 35
1 36 33
1 36 32
1 36 31
1 36 30
1 36 29
1 36 28
1 36 27
0 36 26
0 15 34
3 21 24
2 22 24
5 23 24
1 23 25
1 23 26
3 23 27
2 24 27
0 25 27
5 5 0
2 4 0
6 3 0
4 3 1
2 2 1
0 1 1
1 46 36
0 46 37
0 15 21
5 37 26
1 37 27
3 37 28
2 38 28
2 39 28
2 40 28
0 41 28
0 15 13
2 11 35
2 10 35
2 9 35
2 8 35
0 7 35
1 11 8
0 11 7
0 33 31
1 46 38
1 46 39
1 46 40
1 46 41
1 46 42
1 46 43
1 46 44
3 46 45
0 47 45
0 23 24
4 15 22
6 14 22
0 14 23
0 5 6
0 40 34
0 5 11
2 3 6
0 2 6
1 36 25
1 36 24
0 36 23
2 35 23
2 34 23
2 33 23
2 32 23
0 31 23
0 9 10
0 19 25
0 44 35
1 12 36
1 12 37
1 12 38
1 12 39
4 12 40
2 11 40
0 10 40
6 31 22
0 32 22
1 10 41
0 10 42
2 11 42
2 12 42
2 13 42
2 14 42
2 15 42
2 16 42
0 17 42
1 5 5
6 5 4
2 6 4
2 7 4
0 8 4
0 46 42
2 12 7
2 13 7
2 14 7
2 15 7
0 16 7
1 7 34
1 7 33
1 7 32
5 7 31
0 6 31
2 5 31
2 4 31
2 3 31
2 2 31
2 1 31
0 0 31
2 42 28
2 43 28
2 44 28
0 45 28
1 16 6
1 16 5
1 16 4
1 16 3
0 16 2
2 17 2
2 18 2
2 19 2
0 20 2
2 21 2
2 22 2
2 23 2
0 24 2
4 47 46
2 46 46
2 45 46
2 44 46
2 43 46
0 42 46
1 23 23
1 23 22
1 23 21
1 23 20
0 23 19
0 35 31
1 10 43
1 10 44
4 10 45
2 9 45
6 8 45
1 8 46
0 8 47
0 22 19
3 7 47
1 7 46
5 7 45
2 6 45
0 5 45
2 6 35
0 5 35
0 15 17
2 17 7
0 18 7
1 8 14
0 8 15
3 28 36
5 29 36
1 29 37
1 29 38
1 29 39
3 29 40
0 30 40
1 30 41
1 30 42
3 30 43
2 31 43
0 32 43
1 45 27
1 45 26
1 45 25
6 45 24
2 46 24
2 47 24
0 48 24
0 17 21
1 6 30
1 6 29
1 6 28
1 6 27
1 6 26
0 6 25
1 12 34
1 12 33
0 12 32
1 32 44
4 32 45
2 31 45
2 30 45
0 29 45
0 28 45
1 28 34
1 28 33
0 28 32
1 6 24
1 6 23
0 6 22
4 42 47
2 41 47
2 40 47
2 39 47
0 38 47
2 25 2
2 26 2
2 27 2
2 28 2
2 29 2
2 30 2
2 31 2
0 32 2
1 32 3
1 32 4
1 32 5
3 32 6
2 33 6
0 34 6
1 41 37
1 41 38
1 41 39
0 41 40
2 27 35
2 26 35
2 25 35
0 24 35
0 35 35
1 36 22
1 36 21
1 36 20
6 36 19
2 37 19
2 38 19
2 39 19
0 40 19
1 40 18
6 40 17
2 41 17
2 42 17
0 43 17
1 43 16
1 43 15
6 43 14
0 44 14
2 45 14
2 46 14
0 47 14
6 12 31
0 13 31
1 5 12
4 5 13
0 4 13
0 18 42
4 41 29
0 40 29
3 18 43
2 19 43
2 20 43
0 21 43
1 24 3
1 24 4
1 24 5
1 24 6
0 24 7
1 22 18
1 22 17
1 22 16
1 22 15
1 22 14
0 22 13
3 24 8
2 25 8
2 26 8
0 27 8
1 6 21
0 6 20
1 48 23
0 48 22
1 28 46
4 28 47
2 27 47
2 26 47
2 25 47
0 24 47
1 27 9
1 27 10
1 27 11
1 27 12
1 27 13
0 27 14
0 15 35
4 28 14
6 28 13
2 29 13
2 30 13
0 31 13
1 24 36
1 24 37
1 24 38
1 24 39
0 24 40
-1
-1
-1
-1
-1
-1
-1
-1
-1
-1
-1
-1
-1
-1
-1
-1
-1
-1
-1
-1
-1
-1
-1
-1
-1
-1
-1
-1
-1
-1
-1
-1
-1
-1
-1
-1
-1
-1
-1
-1
-1
-1
-1
-1
-1
-1
-1
-1
-1
-1
-1
-1
-1
-1
-1
-1
-1
-1
-1
-1
-1
-1
-1
-1
-1
-1
-1
-1
-1
-1
-1
-1
-1
-1
-1
-1
-1
-1
-1
-1
-1
-1
-1
-1
-1
-1
-1
-1
-1
-1
-1
-1
-1
-1
-1
-1
-1
-1
-1
-1
-1
-1
-1
-1
-1
-1
-1
-1
-1
-1
-1
-1
-1
-1
-1
-1
-1
-1
-1
-1
-1
-1
-1
-1
-1
-1
-1
-1
-1
-1
-1
-1
-1
-1
-1
-1
-1
-1
-1
-1
-1
-1
-1
-1
-1
-1
-1
-1
-1
-1
-1
-1
-1
-1
-1
-1
-1
-1
-1
-1
-1
-1
-1
-1
-1
-1
-1
-1
-1
-1
-1
-1
-1
-1
-1
-1
-1
-1
-1
-1
-1
-1
-1
-1
-1
-1
-1
-1
-1
-1
-1
-1
-1
-1
-1
-1
-1
-1
-1
-1
-1
-1
-1
-1
-1
-1
-1
-1
-1
-1
-1
-1
-1
-1
-1
-1
-1
-1
-1
-1
-1
-1
-1
-1
-1
-1
-1
-1
-1
-1
-1
-1
-1
-1
-1
-1
-1
-1
