0 18 4
1 18 5
1 18 6
1 18 7
1 18 8
1 18 9
1 18 10
1 18 11
1 18 12
1 18 13
1 18 14
1 18 15
1 18 16
1 18 17
1 18 18
1 18 19
1 18 20
1 18 21
1 18 22
1 18 23
1 18 24
1 18 25
1 18 26
1 18 27
1 18 28
3 18 29
5 19 29
1 19 30
1 19 31
0 19 32
2 20 32
2 21 32
-1
2 22 32
-1
2 23 32
2 24 32
-1
2 25 32
-1
-1
-1
-1
-1
-1
-1
-1
-1
-1
-1
-1
-1
-1
-1
-1
-1
-1
-1
-1
-1
-1
-1
-1
-1
-1
-1
-1
-1
-1
-1
-1
-1
-1
-1
-1
-1
-1
-1
-1
-1
-1
-1
-1
-1
-1
-1
-1
-1
-1
-1
-1
-1
-1
-1
-1
-1
-1
-1
-1
-1
-1
-1
-1
-1
-1
-1
-1
-1
-1
-1
-1
-1
-1
-1
-1
-1
-1
-1
-1
-1
0 26 32
1 26 33
1 26 34
1 26 35
1 26 36
3 26 37
2 27 37
2 28 37
2 29 37
2 30 37
2 31 37
2 32 37
2 33 37
2 34 37
2 35 37
2 36 37
2 37 37
2 38 37
2 39 37
2 40 37
-1
-1
-1
-1
-1
-1
-1
-1
-1
-1
-1
-1
-1
-1
-1
-1
-1
-1
-1
-1
-1
-1
-1
-1
-1
-1
-1
-1
-1
-1
-1
-1
-1
0 41 37
1 41 38
1 41 39
1 41 40
1 41 41
3 41 42
2 42 42
5 43 42
1 43 43
1 43 44
1 43 45
3 43 46
2 44 46
2 45 46
5 46 46
-1
-1
-1
-1
-1
-1
-1
-1
-1
-1
-1
0 46 47
1 26 31
1 26 30
1 26 29
1 26 28
5 26 27
3 25 27
-1
-1
-1
-1
-1
-1
-1
-1
-1
-1
-1
0 25 26
6 17 4
1 17 5
1 17 6
1 17 7
1 17 8
1 17 9
1 17 10
4 17 11
2 16 11
2 15 11
2 14 11
2 13 11
2 12 11
2 11 11
-1
0 10 11
1 10 12
1 10 13
1 10 14
1 10 15
1 10 16
1 10 17
1 10 18
1 10 19
1 10 20
4 10 21
2 9 21
2 8 21
0 7 21
3 19 33
2 20 33
2 21 33
5 22 33
1 22 34
1 22 35
1 22 36
1 22 37
1 22 38
1 22 39
1 22 40
1 22 41
1 22 42
3 22 43
2 23 43
5 24 43
3 24 44
2 25 44
0 26 44
5 7 20
2 6 20
2 5 20
2 4 20
0 3 20
5 18 3
2 17 3
2 16 3
2 15 3
2 14 3
2 13 3
2 12 3
0 11 3
2 24 26
2 23 26
2 22 26
2 21 26
0 20 26
4 11 4
2 10 4
2 9 4
2 8 4
0 7 4
3 18 32
1 18 31
5 18 30
3 17 30
5 17 29
0 16 29
1 16 30
1 16 31
1 16 32
1 16 33
1 16 34
3 16 35
0 17 35
5 10 10
3 9 10
1 9 9
1 9 8
0 9 7
1 41 36
1 41 35
1 41 34
1 41 33
1 41 32
5 41 31
0 40 31
0 18 14
0 22 40
4 19 14
1 19 13
1 19 12
6 19 11
0 20 11
2 21 11
2 22 11
2 23 11
2 24 11
2 25 11
2 26 11
4 27 11
6 27 10
2 28 10
2 29 10
2 30 10
2 31 10
0 32 10
2 33 10
4 34 10
1 34 9
1 34 8
1 34 7
1 34 6
1 34 5
0 34 4
0 27 11
0 33 37
0 10 14
0 26 37
0 43 42
0 17 7
1 25 25
0 25 24
6 21 40
1 21 41
1 21 42
1 21 43
0 21 44
0 41 41
0 27 32
2 6 4
2 5 4
2 4 4
0 3 4
0 22 33
6 15 29
1 15 30
4 15 31
0 14 31
2 20 44
2 19 44
0 18 44
0 15 11
1 7 22
3 7 23
2 8 23
0 9 23
0 34 10
0 10 19
0 47 47
0 17 6
0 18 18
0 24 43
1 3 5
4 3 6
0 2 6
1 40 30
1 40 29
0 40 28
2 19 4
0 20 4
0 20 3
1 20 25
1 20 24
1 20 23
6 20 22
0 21 22
2 16 6
2 15 6
0 14 6
2 17 44
0 16 44
2 10 23
2 11 23
2 12 23
0 13 23
2 35 10
2 36 10
2 37 10
2 38 10
0 39 10
2 21 4
2 22 4
2 23 4
0 24 4
1 16 45
1 16 46
0 16 47
2 25 4
2 26 4
0 27 4
0 19 29
6 27 3
2 28 3
0 29 3
1 24 3
1 24 2
0 24 1
0 10 16
0 26 35
2 39 28
2 38 28
2 37 28
0 36 28
1 29 4
1 29 5
1 29 6
0 29 7
1 40 27
1 40 26
0 40 25
2 41 25
0 42 25
0 18 35
1 39 11
1 39 12
0 39 13
0 31 37
4 31 38
0 30 38
1 39 14
1 39 15
0 39 16
2 11 19
2 12 19
2 13 19
0 14 19
5 20 29
3 20 30
2 21 30
2 22 30
0 23 30
1 2 7
1 2 8
3 2 9
0 3 9
0 27 10
0 25 27
0 34 6
3 42 26
2 43 26
2 44 26
2 45 26
2 46 26
0 47 26
2 38 13
0 37 13
1 17 36
1 17 37
0 17 38
1 47 27
1 47 28
1 47 29
0 47 30
1 47 31
1 47 32
1 47 33
4 47 34
0 46 34
0 22 11
1 27 12
1 27 13
0 27 14
2 15 44
0 14 44
1 3 19
1 3 18
6 3 17
4 4 17
0 4 16
2 3 16
0 2 16
1 7 3
1 7 2
0 7 1
2 40 13
2 41 13
0 42 13
6 25 23
2 26 23
2 27 23
2 28 23
0 29 23
2 27 44
2 28 44
2 29 44
0 30 44
2 39 31
0 38 31
0 16 35
0 2 15
1 21 21
6 21 20
2 22 20
2 23 20
0 24 20
0 30 23
2 18 38
2 19 38
0 20 38
1 24 19
0 24 18
2 45 47
2 44 47
2 43 47
0 42 47
2 13 31
2 12 31
2 11 31
0 10 31
1 3 21
1 3 22
1 3 23
1 3 24
3 3 25
0 4 25
5 40 24
2 39 24
2 38 24
0 37 24
0 44 26
3 46 35
2 47 35
0 48 35
1 3 10
0 3 11
6 2 20
1 2 21
4 2 22
0 1 22
1 30 22
1 30 21
6 30 20
0 31 20
1 39 9
0 39 8
0 31 19
2 13 44
0 12 44
2 40 41
2 39 41
2 38 41
2 37 41
6 36 41
1 36 42
0 36 43
1 39 7
1 39 6
1 39 5
6 39 4
2 40 4
0 41 4
1 22 10
6 22 9
0 23 9
0 36 41
1 30 24
3 30 25
0 31 25
6 9 31
4 9 32
2 8 32
2 7 32
0 6 32
0 9 10
1 41 3
1 41 2
6 41 1
0 42 1
1 27 15
0 27 16
1 6 33
1 6 34
1 6 35
4 6 36
2 5 36
2 4 36
0 3 36
2 37 31
2 36 31
2 35 31
0 34 31
2 11 44
2 10 44
2 9 44
2 8 44
2 7 44
2 6 44
2 5 44
0 4 44
6 4 43
0 5 43
0 6 33
1 42 14
3 42 15
2 43 15
0 44 15
3 41 5
2 42 5
0 43 5
2 16 38
2 15 38
2 14 38
2 13 38
0 12 38
1 34 3
5 34 2
0 33 2
6 44 14
2 45 14
2 46 14
0 47 14
1 10 30
1 10 29
5 10 28
0 9 28
1 47 13
1 47 12
1 47 11
5 47 10
0 46 10
2 32 19
4 33 19
6 33 18
2 34 18
0 35 18
-1
-1
-1
-1
-1
-1
-1
-1
-1
-1
-1
-1
-1
-1
-1
-1
-1
-1
-1
-1
-1
-1
-1
-1
-1
-1
-1
-1
-1
-1
-1
-1
-1
-1
-1
-1
-1
-1
-1
-1
-1
-1
-1
-1
-1
-1
-1
-1
-1
-1
-1
-1
-1
-1
-1
-1
-1
-1
-1
-1
-1
-1
-1
-1
-1
-1
-1
-1
-1
-1
-1
-1
-1
-1
-1
-1
-1
-1
-1
-1
-1
-1
-1
-1
-1
-1
-1
-1
-1
-1
-1
-1
-1
-1
-1
-1
-1
-1
-1
-1
-1
-1
-1
-1
-1
-1
-1
-1
-1
-1
-1
-1
-1
-1
-1
-1
-1
-1
-1
-1
-1
-1
-1
-1
-1
-1
-1
-1
-1
-1
-1
-1
-1
-1
-1
-1
-1
-1
-1
-1
-1
-1
-1
-1
-1
-1
-1
