0 22 12
2 23 12
2 24 12
4 25 12
6 25 11
2 26 11
2 27 11
2 28 11
2 29 11
2 30 11
2 31 11
4 32 11
1 32 10
1 32 9
1 32 8
6 32 7
2 33 7
2 34 7
2 35 7
2 36 7
2 37 7
2 38 7
2 39 7
2 40 7
2 41 7
2 42 7
4 43 7
6 43 6
2 44 6
4 45 6
6 45 5
2 46 5
0 47 5
1 22 13
1 22 14
1 22 15
1 22 16
4 22 17
6 21 17
1 21 18
1 21 19
1 21 20
1 21 21
1 21 22
1 21 23
4 21 24
6 20 24
1 20 25
1 20 26
1 20 27
1 20 28
4 20 29
2 19 29
2 18 29
6 17 29
1 17 30
1 17 31
1 17 32
1 17 33
1 17 34
1 17 35
1 17 36
1 17 37
1 17 38
1 17 39
1 17 40
1 17 41
1 17 42
1 17 43
4 17 44
6 16 44
1 16 45
1 16 46
4 16 47
2 15 47
2 14 47
-1
-1
-1
-1
-1
-1
-1
-1
-1
0 13 47
1 47 6
1 47 7
1 47 8
4 47 9
6 46 9
1 46 10
1 46 11
1 46 12
4 46 13
2 45 13
6 44 13
4 44 14
2 43 14
2 42 14
2 41 14
2 40 14
2 39 14
6 38 14
1 38 15
1 38 16
4 38 17
2 37 17
2 36 17
2 35 17
2 34 17
2 33 17
2 32 17
2 31 17
2 30 17
0 29 17
1 13 46
1 13 45
1 13 44
5 13 43
2 12 43
2 11 43
2 10 43
2 9 43
2 8 43
2 7 43
0 6 43
0 16 44
1 22 11
1 22 10
1 22 9
6 22 8
2 23 8
4 24 8
1 24 7
1 24 6
1 24 5
0 24 4
-1
-1
-1
0 43 7
1 6 42
1 6 41
1 6 40
1 6 39
1 6 38
0 6 37
1 47 4
1 47 3
0 47 2
2 7 37
2 8 37
2 9 37
2 10 37
0 11 37
2 46 2
6 45 2
1 45 3
4 45 4
2 44 4
2 43 4
0 42 4
0 24 8
1 11 36
1 11 35
1 11 34
6 11 33
4 12 33
0 12 32
0 17 32
0 47 9
0 39 7
1 12 31
0 12 30
0 20 29
0 29 11
1 11 38
1 11 39
0 11 40
0 32 7
0 21 17
1 39 6
0 39 5
0 36 17
2 23 4
2 22 4
2 21 4
0 20 4
0 22 14
1 6 36
0 6 35
0 48 5
0 20 17
0 16 47
2 17 47
2 18 47
2 19 47
2 20 47
2 21 47
4 22 47
0 22 46
0 45 2
1 22 45
1 22 44
1 22 43
1 22 42
1 22 41
1 22 40
1 22 39
0 22 38
6 12 47
4 12 48
0 11 48
5 23 38
3 23 39
2 24 39
2 25 39
2 26 39
2 27 39
2 28 39
0 29 39
2 30 39
2 31 39
0 32 39
2 33 39
2 34 39
0 35 39
2 19 4
2 18 4
0 17 4
1 29 40
0 29 41
0 17 42
0 35 7
0 42 14
0 31 17
0 38 14
0 24 39
1 32 6
1 32 5
5 32 4
2 31 4
0 30 4
0 19 47
1 17 5
1 17 6
0 17 7
2 10 40
0 9 40
0 25 12
1 35 40
3 35 41
2 36 41
0 37 41
0 5 35
0 17 3
6 5 37
1 5 38
0 5 39
2 23 46
2 24 46
0 25 46
2 26 46
2 27 46
2 28 46
2 29 46
2 30 46
0 31 46
0 20 24
1 37 42
0 37 43
0 17 39
2 16 7
0 15 7
1 5 34
1 5 33
0 5 32
0 46 9
2 4 39
2 3 39
0 2 39
0 31 45
0 21 20
1 39 8
3 39 9
0 40 9
0 2 38
0 17 29
0 24 3
0 9 41
0 22 43
0 32 8
0 45 13
0 35 38
0 13 43
2 11 30
2 10 30
0 9 30
1 9 31
1 9 32
0 9 33
2 21 12
2 20 12
0 19 12
0 32 11
0 23 8
0 2 40
2 10 48
0 9 48
0 17 2
0 22 47
1 39 4
1 39 3
0 39 2
1 2 41
1 2 42
1 2 43
0 2 44
0 27 46
1 36 18
0 36 19
2 28 17
0 27 17
1 22 37
1 22 36
0 22 35
1 36 20
1 36 21
0 36 22
0 47 1
2 8 48
0 7 48
2 32 45
2 33 45
0 34 45
1 15 8
4 15 9
0 14 9
2 18 12
0 17 12
0 5 31
0 1 44
1 17 13
0 17 14
1 30 3
1 30 2
0 30 1
4 17 15
2 16 15
0 15 15
1 9 29
0 9 28
2 12 40
0 13 40
2 22 20
0 23 20
0 17 34
2 21 38
0 20 38
0 10 43
1 23 21
0 23 22
0 43 6
1 23 23
0 23 24
1 15 16
0 15 17
1 39 1
0 39 0
2 38 43
2 39 43
0 40 43
1 19 11
0 19 10
6 24 38
0 25 38
0 15 18
2 41 43
2 42 43
2 43 43
0 44 43
1 24 2
0 24 1
1 29 18
1 29 19
0 29 20
0 2 42
2 37 22
2 38 22
0 39 22
0 14 17
1 19 48
0 19 49
0 22 34
1 39 23
3 39 24
2 40 24
2 41 24
0 42 24
2 33 11
2 34 11
2 35 11
0 36 11
5 16 18
1 16 19
0 16 20
5 5 30
2 4 30
3 3 30
1 3 29
5 3 28
0 2 28
1 27 16
0 27 15
1 2 27
0 2 26
1 19 46
0 19 45
2 12 37
2 13 37
0 14 37
0 40 10
1 40 44
0 40 45
2 13 9
0 12 9
3 23 25
2 24 25
0 25 25
1 32 38
0 32 37
1 42 25
0 42 26
1 42 27
1 42 28
0 42 29
1 42 30
1 42 31
1 42 32
0 42 33
0 16 21
2 43 29
0 44 29
2 41 33
2 40 33
0 39 33
1 2 25
6 2 24
0 3 24
0 30 20
1 39 32
5 39 31
0 38 31
1 12 29
0 12 28
6 31 16
4 32 16
0 32 15
0 7 47
1 44 44
1 44 45
0 44 46
2 43 33
0 44 33
2 45 33
0 46 33
0 15 21
2 14 21
2 13 21
0 12 21
1 12 27
0 12 26
2 47 33
0 48 33
1 31 47
0 31 48
0 29 38
1 20 39
0 20 40
0 25 8
6 4 32
4 4 33
2 3 33
2 2 33
0 1 33
0 12 20
0 44 47
1 2 45
1 2 46
0 2 47
0 18 32
0 49 33
0 14 10
1 35 37
0 35 36
0 17 28
1 27 45
1 27 44
0 27 43
0 26 25
5 29 10
0 28 10
1 44 42
1 44 41
1 44 40
0 44 39
2 45 39
0 46 39
2 14 15
0 13 15
1 25 7
6 25 6
2 26 6
0 27 6
2 27 25
2 28 25
5 29 25
1 29 26
3 29 27
0 30 27
0 17 1
2 31 1
2 32 1
0 33 1
1 9 27
0 9 26
0 29 25
2 28 20
0 27 20
1 42 15
0 42 16
6 35 22
4 35 23
2 34 23
0 33 23
0 32 48
3 29 42
2 30 42
0 31 42
3 38 5
5 38 4
0 37 4
0 34 1
0 41 16
0 22 33
2 12 15
0 11 15
2 11 9
0 10 9
1 10 8
1 10 7
1 10 6
0 10 5
0 17 15
0 43 47
2 9 5
2 8 5
2 7 5
0 6 5
5 45 1
0 44 1
0 23 19
3 44 48
2 45 48
2 46 48
0 47 48
2 5 5
2 4 5
2 3 5
0 2 5
1 2 4
5 2 3
0 1 3
3 22 48
0 23 48
1 2 6
1 2 7
0 2 8
1 2 9
1 2 10
0 2 11
1 32 36
5 32 35
3 31 35
1 31 34
0 31 33
0 16 48
1 6 4
1 6 3
0 6 2
1 36 23
0 36 24
2 21 29
0 22 29
2 16 2
2 15 2
2 14 2
0 13 2
0 32 9
5 45 12
0 44 12
2 3 11
0 4 11
4 4 24
6 4 23
0 5 23
0 24 40
2 11 20
2 10 20
0 9 20
1 9 19
0 9 18
0 9 9
1 42 17
3 42 18
2 43 18
2 44 18
2 45 18
0 46 18
6 46 38
4 47 38
0 47 37
3 46 40
0 47 40
1 45 14
3 45 15
2 46 15
0 47 15
4 3 8
0 3 7
1 37 44
1 37 45
1 37 46
0 37 47
2 23 33
2 24 33
2 25 33
0 26 33
4 2 48
0 1 48
2 36 36
2 37 36
0 38 36
5 6 1
0 5 1
6 44 28
0 45 28
0 30 33
2 43 24
0 44 24
-1
-1
-1
-1
-1
-1
-1
-1
-1
-1
-1
-1
-1
-1
-1
-1
-1
-1
-1
-1
-1
-1
-1
-1
-1
-1
-1
-1
-1
-1
-1
-1
-1
-1
-1
-1
-1
-1
-1
-1
-1
-1
-1
-1
-1
-1
-1
-1
-1
-1
-1
-1
-1
-1
-1
-1
-1
-1
-1
-1
-1
-1
-1
-1
-1
-1
-1
-1
-1
-1
-1
-1
-1
-1
-1
-1
-1
-1
-1
-1
-1
-1
-1
-1
-1
-1
-1
-1
-1
-1
-1
-1
-1
-1
-1
-1
-1
-1
-1
-1
-1
-1
-1
-1
-1
-1
-1
-1
-1
-1
-1
-1
-1
-1
-1
-1
-1
-1
-1
-1
-1
-1
-1
-1
-1
-1
-1
-1
-1
-1
-1
-1
-1
-1
-1
-1
-1
-1
-1
-1
-1
-1
-1
-1
-1
-1
-1
-1
-1
