0 17 8
1 17 9
1 17 10
1 17 11
1 17 12
1 17 13
4 17 14
2 16 14
2 15 14
6 14 14
1 14 15
1 14 16
0 14 17
2 15 17
2 16 17
2 17 17
5 18 17
1 18 18
1 18 19
3 18 20
5 19 20
1 19 21
1 19 22
1 19 23
3 19 24
2 20 24
-1
2 21 24
-1
-1
2 22 24
-1
-1
2 23 24
-1
-1
2 24 24
-1
-1
2 25 24
-1
-1
-1
2 26 24
-1
-1
2 27 24
-1
-1
2 28 24
-1
-1
-1
-1
-1
-1
-1
-1
-1
-1
-1
-1
-1
-1
-1
-1
-1
-1
-1
-1
-1
-1
-1
-1
-1
-1
-1
-1
-1
-1
-1
-1
-1
-1
-1
-1
-1
-1
-1
-1
-1
-1
-1
-1
-1
-1
-1
-1
-1
-1
-1
-1
-1
-1
-1
-1
-1
-1
-1
-1
-1
-1
-1
-1
-1
-1
-1
-1
-1
-1
-1
-1
-1
-1
-1
-1
-1
-1
-1
-1
-1
-1
-1
-1
-1
-1
-1
-1
-1
-1
-1
-1
-1
-1
-1
-1
-1
-1
-1
-1
-1
-1
-1
-1
-1
-1
-1
-1
-1
-1
-1
-1
-1
-1
-1
-1
-1
-1
-1
-1
-1
-1
-1
-1
-1
-1
-1
-1
-1
-1
-1
-1
-1
-1
-1
-1
-1
-1
-1
-1
-1
-1
-1
-1
-1
-1
-1
-1
-1
-1
-1
-1
-1
-1
-1
-1
-1
-1
-1
-1
0 29 24
-1
1 29 25
1 29 26
1 29 27
-1
1 29 28
1 29 29
1 29 30
-1
1 29 31
1 29 32
1 29 33
1 29 34
-1
1 29 35
1 29 36
1 29 37
-1
1 29 38
1 29 39
1 29 40
-1
1 29 41
1 29 42
1 29 43
3 29 44
-1
2 30 44
2 31 44
-1
-1
-1
-1
-1
-1
-1
-1
-1
-1
-1
-1
-1
-1
-1
-1
-1
-1
-1
-1
-1
-1
-1
-1
-1
-1
-1
-1
-1
-1
-1
-1
-1
-1
-1
-1
-1
-1
-1
-1
-1
-1
-1
-1
-1
-1
-1
-1
-1
-1
-1
-1
-1
-1
-1
-1
-1
-1
-1
-1
-1
-1
-1
-1
0 32 44
1 32 45
3 32 46
2 33 46
5 34 46
1 34 47
3 34 48
2 35 48
2 36 48
2 37 48
2 38 48
2 39 48
-1
-1
-1
-1
-1
-1
-1
-1
-1
-1
-1
-1
-1
-1
-1
-1
-1
-1
-1
-1
-1
-1
-1
0 40 48
2 16 8
2 15 8
2 14 8
2 13 8
2 12 8
2 11 8
3 10 8
1 10 7
1 10 6
1 10 5
5 10 4
2 9 4
2 8 4
2 7 4
2 6 4
-1
-1
-1
-1
-1
-1
-1
-1
-1
-1
-1
-1
0 5 4
1 14 18
1 14 19
4 14 20
2 13 20
6 12 20
1 12 21
1 12 22
1 12 23
4 12 24
2 11 24
2 10 24
2 9 24
2 8 24
2 7 24
2 6 24
2 5 24
2 4 24
6 3 24
1 3 25
1 3 26
1 3 27
1 3 28
1 3 29
1 3 30
1 3 31
0 3 32
2 18 8
2 19 8
2 20 8
4 21 8
1 21 7
1 21 6
1 21 5
1 21 4
1 21 3
1 21 2
6 21 1
2 22 1
2 23 1
2 24 1
2 25 1
2 26 1
2 27 1
0 28 1
1 40 47
1 40 46
1 40 45
6 40 44
2 41 44
2 42 44
-1
-1
-1
-1
-1
0 43 44
6 32 43
2 33 43
2 34 43
2 35 43
-1
-1
-1
-1
-1
0 36 43
-1
-1
-1
-1
-1
-1
-1
0 18 17
3 13 17
5 13 16
2 12 16
2 11 16
2 10 16
2 9 16
2 8 16
2 7 16
0 6 16
-1
-1
-1
-1
-1
0 12 20
1 29 23
1 29 22
1 29 21
5 29 20
2 28 20
2 27 20
2 26 20
0 25 20
1 3 33
1 3 34
1 3 35
1 3 36
1 3 37
1 3 38
1 3 39
1 3 40
1 3 41
4 3 42
0 2 42
0 29 43
1 25 19
1 25 18
1 25 17
1 25 16
0 25 15
1 2 43
1 2 44
1 2 45
3 2 46
2 3 46
2 4 46
2 5 46
0 6 46
2 4 4
0 3 4
3 28 43
1 28 42
5 28 41
2 27 41
2 26 41
2 25 41
0 24 41
-1
0 19 22
4 30 43
1 30 42
1 30 41
1 30 40
1 30 39
6 30 38
0 31 38
-1
0 21 7
1 6 45
1 6 44
1 6 43
0 6 42
1 24 40
5 24 39
2 23 39
2 22 39
2 21 39
2 20 39
2 19 39
2 18 39
2 17 39
0 16 39
0 23 24
0 14 14
0 10 4
2 7 42
-1
0 8 42
1 25 14
1 25 13
1 25 12
5 25 11
0 24 11
0 22 39
6 24 15
4 24 16
0 23 16
1 14 13
1 14 12
1 14 11
1 14 10
5 14 9
0 13 9
0 7 24
0 25 1
1 6 15
1 6 14
0 6 13
0 19 24
1 23 25
1 23 26
1 23 27
4 23 28
0 22 28
0 18 8
0 3 24
1 3 23
1 3 22
1 3 21
5 3 20
2 2 20
0 1 20
0 21 8
0 17 12
0 9 16
2 29 1
0 30 1
5 26 15
3 26 16
2 27 16
2 28 16
2 29 16
2 30 16
0 31 16
2 32 16
0 33 16
0 3 29
3 13 14
5 13 13
2 12 13
0 11 13
2 5 13
2 4 13
0 3 13
0 29 38
0 10 8
1 10 3
1 10 2
1 10 1
0 10 0
5 18 12
1 18 13
3 18 14
2 19 14
0 20 14
0 7 4
0 34 46
2 30 24
2 31 24
5 32 24
3 32 25
2 33 25
2 34 25
2 35 25
0 36 25
1 36 26
1 36 27
1 36 28
1 36 29
1 36 30
0 36 31
2 37 31
2 38 31
2 39 31
0 40 31
1 30 2
3 30 3
2 31 3
2 32 3
2 33 3
2 34 3
0 35 3
0 19 20
1 16 38
1 16 37
1 16 36
0 16 35
6 15 35
4 15 36
0 14 36
5 11 0
1 11 1
3 11 2
2 12 2
0 13 2
0 41 44
1 16 34
1 16 33
5 16 32
0 15 32
1 3 12
1 3 11
1 3 10
0 3 9
1 40 32
3 40 33
2 41 33
2 42 33
2 43 33
2 44 33
2 45 33
2 46 33
2 47 33
0 48 33
2 36 3
2 37 3
2 38 3
0 39 3
-1
-1
-1
-1
-1
-1
-1
-1
-1
-1
-1
-1
-1
-1
-1
-1
-1
-1
-1
-1
-1
-1
-1
-1
-1
-1
-1
-1
-1
-1
-1
-1
-1
-1
-1
-1
-1
-1
-1
-1
-1
-1
-1
-1
-1
-1
-1
-1
-1
-1
-1
-1
-1
-1
-1
-1
-1
-1
-1
-1
-1
-1
-1
-1
-1
-1
-1
-1
-1
-1
-1
-1
-1
-1
-1
-1
-1
-1
-1
-1
-1
-1
-1
-1
-1
-1
-1
-1
-1
-1
-1
-1
-1
-1
-1
-1
-1
-1
-1
-1
-1
-1
-1
-1
-1
-1
-1
-1
-1
-1
-1
-1
-1
-1
-1
-1
-1
-1
-1
-1
-1
-1
-1
-1
-1
-1
-1
-1
-1
-1
-1
-1
-1
-1
-1
-1
-1
-1
-1
-1
