0 19 48
6 19 47
2 20 47
4 21 47
1 21 46
1 21 45
1 21 44
6 21 43
2 22 43
2 23 43
2 24 43
2 25 43
2 26 43
2 27 43
2 28 43
2 29 43
2 30 43
2 31 43
2 32 43
2 33 43
2 34 43
2 35 43
2 36 43
4 37 43
6 37 42
2 38 42
0 39 42
1 39 41
1 39 40
1 39 39
1 39 38
1 39 37
1 39 36
1 39 35
1 39 34
1 39 33
1 39 32
1 39 31
1 39 30
1 39 29
1 39 28
-1
1 39 27
1 39 26
1 39 25
1 39 24
-1
1 39 23
1 39 22
1 39 21
-1
1 39 20
1 39 19
-1
-1
-1
-1
-1
-1
-1
-1
-1
-1
-1
-1
-1
-1
-1
-1
-1
-1
-1
-1
-1
-1
-1
-1
-1
-1
-1
-1
-1
-1
-1
-1
-1
-1
-1
-1
-1
-1
-1
-1
-1
-1
-1
-1
-1
-1
-1
-1
-1
-1
-1
-1
-1
-1
-1
-1
-1
-1
-1
-1
-1
-1
-1
0 39 18
1 39 17
1 39 16
6 39 15
2 40 15
2 41 15
2 42 15
2 43 15
2 44 15
2 45 15
2 46 15
4 47 15
1 47 14
1 47 13
-1
-1
-1
-1
-1
-1
-1
-1
-1
-1
-1
-1
-1
-1
0 47 12
2 20 48
2 21 48
2 22 48
-1
-1
-1
-1
-1
-1
-1
-1
0 23 48
1 47 11
1 47 10
1 47 9
1 47 8
5 47 7
2 46 7
2 45 7
2 44 7
2 43 7
2 42 7
2 41 7
3 40 7
1 40 6
1 40 5
0 40 4
4 48 12
1 48 11
0 48 10
5 40 18
3 40 19
2 41 19
2 42 19
0 43 19
2 18 48
2 17 48
2 16 48
2 15 48
2 14 48
0 13 48
6 46 12
4 46 13
2 45 13
2 44 13
0 43 13
3 39 4
5 39 3
2 38 3
2 37 3
0 36 3
1 13 47
1 13 46
1 13 45
1 13 44
0 13 43
0 24 43
-1
0 13 46
1 36 4
1 36 5
1 36 6
1 36 7
4 36 8
2 35 8
2 34 8
2 33 8
0 32 8
2 31 8
2 30 8
2 29 8
6 28 8
1 28 9
1 28 10
4 28 11
2 27 11
2 26 11
2 25 11
0 24 11
0 46 7
1 24 12
1 24 13
1 24 14
0 24 15
0 39 28
0 47 14
0 19 47
0 21 44
3 23 11
1 23 10
1 23 9
0 23 8
1 39 43
1 39 44
1 39 45
1 39 46
0 39 47
2 22 8
2 21 8
2 20 8
2 19 8
0 18 8
5 40 42
3 40 43
2 41 43
2 42 43
0 43 43
0 40 7
0 39 15
0 33 43
0 36 8
0 39 36
1 18 7
0 18 6
0 28 8
3 23 15
5 23 14
2 22 14
0 21 14
0 47 15
1 21 15
1 21 16
1 21 17
1 21 18
0 21 19
2 20 19
0 19 19
1 46 6
6 46 5
0 47 5
2 17 6
2 16 6
0 15 6
1 32 7
0 32 6
1 15 7
4 15 8
2 14 8
2 13 8
2 12 8
0 11 8
0 39 48
1 11 9
1 11 10
1 11 11
1 11 12
0 11 13
2 10 13
2 9 13
2 8 13
2 7 13
2 6 13
0 5 13
1 24 44
3 24 45
0 25 45
1 5 12
0 5 11
1 43 20
1 43 21
1 43 22
0 43 23
0 21 47
1 43 12
1 43 11
0 43 10
2 44 23
2 45 23
2 46 23
0 47 23
1 47 24
1 47 25
0 47 26
1 13 42
1 13 41
5 13 40
0 12 40
2 11 40
2 10 40
0 9 40
6 40 3
0 41 3
0 39 22
0 25 15
0 42 23
3 25 16
0 26 16
1 43 44
0 43 45
2 12 46
2 11 46
2 10 46
0 9 46
6 38 22
4 38 23
0 37 23
0 36 9
0 39 33
5 32 5
2 31 5
0 30 5
2 38 28
0 37 28
0 45 23
0 48 5
0 16 48
2 8 40
2 7 40
0 6 40
2 27 16
2 28 16
0 29 16
2 10 8
2 9 8
0 8 8
1 37 29
0 37 30
0 26 11
2 38 47
2 37 47
0 36 47
2 36 23
0 35 23
1 29 15
1 29 14
0 29 13
0 42 13
1 8 7
1 8 6
1 8 5
1 8 4
0 8 3
0 37 43
0 48 9
1 47 16
3 47 17
0 48 17
2 38 36
2 37 36
2 36 36
0 35 36
5 5 10
2 4 10
2 3 10
2 2 10
0 1 10
0 9 3
1 43 18
0 43 17
0 48 18
1 29 17
1 29 18
0 29 19
1 6 39
1 6 38
1 6 37
1 6 36
1 6 35
0 6 34
0 30 19
0 23 7
2 40 28
0 41 28
2 7 3
2 6 3
0 5 3
1 6 33
1 6 32
0 6 31
1 47 27
0 47 28
1 43 46
1 43 47
0 43 48
0 12 48
4 29 20
2 28 20
0 27 20
0 42 28
0 12 13
1 19 20
1 19 21
1 19 22
0 19 23
0 22 19
0 35 47
0 11 10
2 5 31
2 4 31
2 3 31
0 2 31
3 23 49
0 24 49
2 34 23
2 33 23
2 32 23
0 31 23
1 32 9
1 32 10
0 32 11
0 38 15
0 36 10
1 1 9
1 1 8
0 1 7
2 13 13
2 14 13
2 15 13
0 16 13
0 1 6
1 27 21
0 27 22
3 20 44
1 20 43
1 20 42
5 20 41
0 19 41
4 5 14
2 4 14
0 3 14
1 35 22
0 35 21
1 12 39
1 12 38
0 12 37
2 7 34
2 8 34
2 9 34
0 10 34
1 10 33
1 10 32
1 10 31
1 10 30
0 10 29
2 11 29
2 12 29
0 13 29
1 13 30
1 13 31
0 13 32
0 30 16
1 3 15
0 3 16
2 40 33
2 41 33
0 42 33
1 27 23
1 27 24
1 27 25
1 27 26
0 27 27
1 23 6
0 23 5
1 23 4
1 23 3
6 23 2
0 24 2
2 36 30
2 35 30
0 34 30
1 19 40
1 19 39
0 19 38
1 16 14
1 16 15
0 16 16
0 43 9
1 19 37
1 19 36
5 19 35
0 18 35
0 23 11
4 27 28
2 26 28
0 25 28
1 25 29
1 25 30
1 25 31
1 25 32
0 25 33
0 26 33
0 16 17
1 2 30
1 2 29
1 2 28
0 2 27
2 26 22
0 25 22
2 33 30
2 32 30
0 31 30
1 1 5
0 1 4
2 31 16
2 32 16
2 33 16
0 34 16
1 48 4
1 48 3
1 48 2
0 48 1
0 30 30
2 18 23
0 17 23
2 25 2
2 26 2
0 27 2
1 47 29
0 47 30
4 44 48
6 44 47
2 45 47
0 46 47
2 3 27
2 4 27
0 5 27
0 5 26
0 34 47
2 16 23
2 15 23
0 14 23
2 13 23
2 12 23
0 11 23
0 3 31
0 27 3
0 18 34
0 31 43
2 24 28
0 23 28
2 42 3
2 43 3
0 44 3
4 35 37
2 34 37
2 33 37
2 32 37
0 31 37
3 5 40
1 5 39
5 5 38
2 4 38
0 3 38
2 24 33
2 23 33
0 22 33
3 13 33
0 14 33
0 31 42
1 31 38
4 31 39
2 30 39
2 29 39
0 28 39
0 34 17
1 3 39
1 3 40
1 3 41
1 3 42
0 3 43
1 31 24
4 31 25
0 30 25
1 2 26
1 2 25
1 2 24
1 2 23
0 2 22
2 3 22
0 4 22
0 2 43
1 2 44
1 2 45
0 2 46
1 47 31
1 47 32
1 47 33
0 47 34
0 41 27
1 15 5
1 15 4
6 15 3
0 16 3
4 20 38
6 20 37
2 21 37
0 22 37
4 48 34
6 48 33
0 49 33
1 34 15
0 34 14
1 47 35
1 47 36
0 47 37
1 44 2
0 44 1
2 14 29
2 15 29
2 16 29
5 17 29
0 17 30
1 11 22
1 11 21
1 11 20
5 11 19
0 10 19
2 27 33
0 28 33
1 5 2
0 5 1
2 44 43
2 45 43
0 46 43
4 2 47
0 1 47
3 36 11
0 37 11
1 47 38
1 47 39
0 47 40
0 19 8
1 19 24
0 19 25
6 2 38
4 2 39
0 1 39
0 9 4
2 30 42
0 29 42
0 16 29
3 22 5
1 22 4
5 22 3
0 21 3
0 4 3
0 17 24
2 4 16
2 5 16
5 6 16
0 6 17
-1
-1
-1
-1
-1
-1
-1
-1
-1
-1
-1
-1
-1
-1
-1
-1
-1
-1
-1
-1
-1
-1
-1
-1
-1
-1
-1
-1
-1
-1
-1
-1
-1
-1
-1
-1
-1
-1
-1
-1
-1
-1
-1
-1
-1
-1
-1
-1
-1
-1
-1
-1
-1
-1
-1
-1
-1
-1
-1
-1
-1
-1
-1
-1
-1
-1
-1
-1
-1
-1
-1
-1
-1
-1
-1
-1
-1
-1
-1
-1
-1
-1
-1
-1
-1
-1
-1
-1
-1
-1
-1
-1
-1
-1
-1
-1
-1
-1
-1
-1
-1
-1
-1
-1
-1
-1
-1
-1
-1
-1
-1
-1
-1
-1
