0 25 23
1 25 22
1 25 21
6 25 20
4 26 20
6 26 19
2 27 19
2 28 19
2 29 19
2 30 19
2 31 19
2 32 19
2 33 19
2 34 19
2 35 19
2 36 19
2 37 19
4 38 19
1 38 18
6 38 17
2 39 17
2 40 17
0 41 17
1 41 16
1 41 15
1 41 14
1 41 13
1 41 12
1 41 11
1 41 10
1 41 9
1 41 8
1 41 7
6 41 6
2 42 6
4 43 6
1 43 5
6 43 4
2 44 4
2 45 4
-1
-1
-1
0 46 4
1 25 24
1 25 25
1 25 26
1 25 27
1 25 28
1 25 29
1 25 30
1 25 31
1 25 32
3 25 33
2 26 33
2 27 33
2 28 33
2 29 33
-1
-1
-1
-1
-1
-1
-1
-1
-1
-1
-1
-1
-1
-1
-1
-1
-1
-1
0 30 33
-1
-1
-1
-1
-1
-1
-1
-1
-1
-1
-1
-1
-1
-1
-1
0 41 6
2 24 23
2 23 23
2 22 23
2 21 23
6 20 23
4 20 24
2 19 24
2 18 24
2 17 24
2 16 24
2 15 24
2 14 24
2 13 24
2 12 24
6 11 24
1 11 25
0 11 26
2 42 17
5 43 17
1 43 18
1 43 19
3 43 20
2 44 20
2 45 20
-1
-1
-1
-1
0 46 20
2 10 26
2 9 26
2 8 26
6 7 26
1 7 27
1 7 28
1 7 29
1 7 30
4 7 31
2 6 31
0 5 31
-1
-1
-1
-1
-1
-1
0 41 14
-1
-1
-1
-1
-1
-1
0 20 23
1 5 30
1 5 29
1 5 28
1 5 27
1 5 26
1 5 25
5 5 24
2 4 24
0 3 24
3 11 27
2 12 27
2 13 27
2 14 27
2 15 27
5 16 27
1 16 28
3 16 29
2 17 29
2 18 29
0 19 29
1 46 3
5 46 2
2 45 2
2 44 2
0 43 2
0 25 30
1 30 34
1 30 35
1 30 36
1 30 37
1 30 38
0 30 39
1 19 30
1 19 31
1 19 32
0 19 33
2 31 33
2 32 33
0 33 33
1 30 40
1 30 41
1 30 42
3 30 43
2 31 43
2 32 43
0 33 43
0 38 19
2 34 43
2 35 43
2 36 43
2 37 43
0 38 43
1 20 22
0 20 21
2 39 43
2 40 43
2 41 43
2 42 43
2 43 43
0 44 43
0 25 26
2 24 26
2 23 26
0 22 26
1 44 44
3 44 45
0 45 45
3 40 14
5 40 13
0 39 13
1 33 34
0 33 35
1 33 44
1 33 45
4 33 46
2 32 46
2 31 46
6 30 46
1 30 47
0 30 48
0 43 6
0 25 33
1 45 46
1 45 47
0 45 48
0 19 24
0 41 9
0 7 26
2 44 48
2 43 48
0 42 48
0 11 24
0 43 17
6 20 20
2 21 20
0 22 20
0 30 19
6 29 39
4 29 40
2 28 40
2 27 40
2 26 40
0 25 40
1 25 41
1 25 42
0 25 43
0 24 23
1 5 32
3 5 33
0 6 33
0 16 27
0 26 43
2 40 6
2 39 6
0 38 6
0 33 32
2 34 32
2 35 32
2 36 32
0 37 32
2 7 33
2 8 33
2 9 33
0 10 33
1 6 34
1 6 35
1 6 36
0 6 37
2 24 43
2 23 43
2 22 43
0 21 43
2 37 6
2 36 6
0 35 6
1 35 5
0 35 4
0 21 44
0 30 46
1 46 21
0 46 22
1 46 19
6 46 18
0 47 18
2 26 26
0 27 26
1 47 17
1 47 16
6 47 15
0 48 15
0 26 19
3 27 27
0 28 27
4 6 38
0 5 38
4 21 45
2 20 45
2 19 45
0 18 45
2 4 38
2 3 38
2 2 38
0 1 38
6 44 42
2 45 42
2 46 42
2 47 42
0 48 42
1 46 23
1 46 24
0 46 25
1 18 44
1 18 43
5 18 42
2 17 42
2 16 42
0 15 42
3 46 26
0 47 26
1 47 27
1 47 28
0 47 29
1 15 41
1 15 40
0 15 39
1 33 36
3 33 37
0 34 37
2 29 27
2 30 27
2 31 27
0 32 27
2 24 33
0 23 33
0 32 43
5 39 12
2 38 12
2 37 12
2 36 12
0 35 12
0 14 24
1 23 34
1 23 35
4 23 36
0 22 36
1 48 14
0 48 13
1 35 13
1 35 14
0 35 15
1 3 23
1 3 22
5 3 21
2 2 21
0 1 21
1 47 30
1 47 31
1 47 32
1 47 33
4 47 34
0 46 34
2 42 2
2 41 2
2 40 2
0 39 2
1 46 35
1 46 36
0 46 37
0 43 1
0 27 33
0 13 27
2 45 34
0 44 34
1 19 34
0 19 35
1 1 20
1 1 19
6 1 18
2 2 18
2 3 18
2 4 18
2 5 18
0 6 18
4 31 48
6 31 47
2 32 47
2 33 47
2 34 47
0 35 47
2 33 27
2 34 27
0 35 27
1 35 26
1 35 25
0 35 24
6 37 31
2 38 31
0 39 31
1 6 17
1 6 16
1 6 15
1 6 14
1 6 13
6 6 12
2 7 12
0 8 12
5 22 44
1 22 45
1 22 46
1 22 47
0 22 48
2 9 12
2 10 12
2 11 12
2 12 12
0 13 12
0 29 46
0 41 12
2 45 37
2 44 37
2 43 37
2 42 37
0 41 37
2 34 35
0 35 35
1 26 18
1 26 17
1 26 16
1 26 15
1 26 14
1 26 13
1 26 12
1 26 11
0 26 10
0 26 9
0 19 31
1 26 8
1 26 7
1 26 6
5 26 5
2 25 5
2 24 5
2 23 5
2 22 5
2 21 5
2 20 5
0 19 5
0 13 13
1 38 42
1 38 41
1 38 40
0 38 39
0 26 20
1 22 19
1 22 18
6 22 17
0 23 17
1 13 14
1 13 15
1 13 16
3 13 17
0 14 17
3 41 38
0 42 38
1 1 37
0 1 36
6 19 4
0 20 4
4 42 49
2 41 49
0 40 49
1 8 11
1 8 10
1 8 9
1 8 8
5 8 7
2 7 7
2 6 7
2 5 7
2 4 7
2 3 7
2 2 7
2 1 7
0 0 7
0 8 9
6 30 18
2 31 18
2 32 18
0 33 18
3 45 49
2 46 49
0 47 49
1 18 46
1 18 47
4 18 48
2 17 48
2 16 48
2 15 48
2 14 48
2 13 48
2 12 48
0 11 48
1 1 39
1 1 40
1 1 41
1 1 42
1 1 43
1 1 44
1 1 45
4 1 46
0 0 46
1 20 3
5 20 2
2 19 2
2 18 2
2 17 2
0 16 2
-1
-1
-1
-1
-1
-1
-1
-1
-1
-1
-1
-1
-1
-1
-1
-1
-1
-1
-1
-1
-1
-1
-1
-1
-1
-1
-1
-1
-1
-1
-1
-1
-1
-1
-1
-1
-1
-1
-1
-1
-1
-1
-1
-1
-1
-1
-1
-1
-1
-1
-1
-1
-1
-1
-1
-1
-1
-1
-1
-1
-1
-1
-1
-1
-1
-1
-1
-1
-1
-1
-1
-1
-1
-1
-1
-1
-1
-1
-1
-1
-1
-1
-1
-1
-1
-1
-1
-1
-1
-1
-1
-1
-1
-1
-1
-1
-1
-1
-1
-1
-1
-1
-1
-1
-1
-1
-1
-1
-1
-1
-1
-1
-1
-1
-1
-1
-1
-1
-1
-1
-1
-1
-1
-1
-1
-1
-1
-1
-1
-1
-1
-1
-1
-1
-1
-1
-1
-1
-1
-1
-1
-1
-1
-1
-1
-1
-1
-1
-1
-1
-1
-1
-1
-1
-1
-1
-1
-1
-1
-1
-1
-1
-1
-1
-1
-1
-1
-1
-1
-1
-1
-1
-1
-1
-1
-1
-1
-1
-1
-1
-1
-1
-1
-1
-1
-1
-1
-1
-1
-1
-1
-1
-1
-1
-1
-1
-1
-1
-1
-1
-1
-1
-1
-1
-1
-1
-1
-1
-1
-1
-1
-1
-1
-1
-1
-1
-1
-1
-1
-1
-1
-1
-1
-1
-1
-1
-1
-1
-1
-1
-1
-1
-1
-1
-1
-1
-1
-1
-1
-1
-1
-1
-1
-1
-1
-1
-1
-1
-1
-1
-1
-1
-1
-1
-1
-1
-1
-1
-1
-1
-1
-1
-1
-1
-1
-1
-1
-1
-1
-1
-1
-1
-1
-1
-1
-1
