0 32 14
2 33 14
2 34 14
2 35 14
2 36 14
2 37 14
2 38 14
2 39 14
2 40 14
0 41 14
1 41 13
6 41 12
2 42 12
2 43 12
4 44 12
0 44 11
5 32 13
2 31 13
2 30 13
2 29 13
2 28 13
2 27 13
2 26 13
2 25 13
2 24 13
2 23 13
2 22 13
2 21 13
2 20 13
2 19 13
2 18 13
2 17 13
2 16 13
2 15 13
2 14 13
2 13 13
-1
-1
-1
-1
-1
-1
-1
-1
-1
-1
-1
-1
-1
-1
-1
-1
-1
-1
-1
-1
-1
0 12 13
1 41 15
1 41 16
1 41 17
1 41 18
1 41 19
4 41 20
2 40 20
6 39 20
1 39 21
1 39 22
1 39 23
1 39 24
1 39 25
1 39 26
1 39 27
1 39 28
1 39 29
1 39 30
1 39 31
1 39 32
1 39 33
4 39 34
6 38 34
1 38 35
1 38 36
4 38 37
6 37 37
-1
-1
-1
-1
-1
0 37 38
1 44 10
1 44 9
5 44 8
2 43 8
2 42 8
2 41 8
2 40 8
2 39 8
2 38 8
3 37 8
5 37 7
2 36 7
2 35 7
3 34 7
1 34 6
1 34 5
1 34 4
0 34 3
2 38 38
2 39 38
2 40 38
2 41 38
-1
-1
-1
-1
-1
0 42 38
2 11 13
2 10 13
2 9 13
2 8 13
2 7 13
2 6 13
2 5 13
-1
0 4 13
1 32 15
4 32 16
2 31 16
2 30 16
2 29 16
2 28 16
0 27 16
1 12 12
1 12 11
1 12 10
1 12 9
6 12 8
2 13 8
0 14 8
1 42 37
1 42 36
1 42 35
1 42 34
1 42 33
6 42 32
2 43 32
2 44 32
0 45 32
0 38 34
-1
0 42 8
5 38 33
2 37 33
2 36 33
2 35 33
0 34 33
1 34 34
1 34 35
4 34 36
2 33 36
0 32 36
0 26 13
0 23 13
5 42 14
3 42 15
2 43 15
2 44 15
2 45 15
0 46 15
1 4 12
1 4 11
1 4 10
0 4 9
0 20 13
0 39 32
0 34 5
0 29 13
1 29 12
1 29 11
1 29 10
0 29 9
0 18 13
1 27 17
0 27 18
1 32 37
1 32 38
1 32 39
0 32 40
1 37 39
0 37 40
0 42 35
1 27 19
0 27 20
0 37 8
0 7 13
0 12 14
1 20 12
1 20 11
1 20 10
0 20 9
0 41 18
0 35 14
0 34 7
1 7 12
0 7 11
1 18 14
1 18 15
1 18 16
1 18 17
1 18 18
0 18 19
0 30 16
2 28 20
2 29 20
2 30 20
0 31 20
4 45 11
1 45 10
0 45 9
1 31 21
1 31 22
1 31 23
0 31 24
2 31 40
2 30 40
2 29 40
2 28 40
0 27 40
0 3 9
0 32 41
0 37 41
0 44 15
1 29 8
0 29 7
1 27 39
1 27 38
0 27 37
1 14 7
0 14 6
0 39 20
0 15 13
0 38 14
1 14 5
0 14 4
1 26 12
0 26 11
0 12 15
1 31 25
1 31 26
1 31 27
1 31 28
0 31 29
2 17 19
2 16 19
0 15 19
0 14 19
1 38 15
0 38 16
0 12 16
2 46 9
2 47 9
0 48 9
0 19 13
1 34 32
6 34 31
0 35 31
2 30 9
0 31 9
1 12 17
4 12 18
2 11 18
2 10 18
0 9 18
0 9 19
0 26 40
1 23 14
1 23 15
0 23 16
2 15 8
0 16 8
2 15 4
0 16 4
0 42 32
1 4 8
1 4 7
0 4 6
0 32 13
0 4 14
5 32 35
0 31 35
0 30 29
0 27 36
0 34 36
1 38 13
1 38 12
6 38 11
0 39 11
1 23 12
0 23 11
0 46 16
1 42 39
1 42 40
3 42 41
0 43 41
1 9 20
1 9 21
1 9 22
1 9 23
1 9 24
0 9 25
1 35 15
1 35 16
4 35 17
0 34 17
2 17 4
0 18 4
2 10 25
0 11 25
1 43 42
0 43 43
2 8 25
2 7 25
2 6 25
2 5 25
0 4 25
0 35 3
2 3 14
0 2 14
0 30 24
2 33 5
0 32 5
1 26 41
1 26 42
1 26 43
0 26 44
0 2 15
2 3 6
2 2 6
0 1 6
1 2 16
1 2 17
4 2 18
0 1 18
1 45 8
1 45 7
0 45 6
6 20 8
0 21 8
1 26 45
1 26 46
4 26 47
0 25 47
2 13 4
2 12 4
0 11 4
4 11 5
0 10 5
1 15 18
0 15 17
2 44 41
2 45 41
0 46 41
2 46 32
0 47 32
0 43 44
0 1 5
1 47 33
1 47 34
0 47 35
0 4 15
0 42 43
1 27 35
1 27 34
1 27 33
0 27 32
0 28 32
2 38 20
0 37 20
1 11 3
1 11 2
0 11 1
0 28 7
0 25 40
0 24 40
1 4 5
0 4 4
0 29 24
2 28 24
2 27 24
0 26 24
1 21 7
1 21 6
6 21 5
0 22 5
0 26 25
2 23 5
2 24 5
0 25 5
0 41 20
1 4 3
6 4 2
0 5 2
0 5 1
1 47 31
1 47 30
6 47 29
0 48 29
2 47 16
0 48 16
1 14 20
0 14 21
1 22 4
0 22 3
0 8 19
1 42 7
1 42 6
1 42 5
0 42 4
1 10 6
1 10 7
0 10 8
1 37 42
0 37 43
0 14 22
0 18 5
0 22 16
1 35 13
1 35 12
0 35 11
1 48 15
1 48 14
0 48 13
1 35 30
6 35 29
2 36 29
0 37 29
0 12 11
0 22 17
1 42 31
1 42 30
1 42 29
6 42 28
0 43 28
0 22 18
0 41 4
2 24 47
0 23 47
0 22 47
0 9 24
1 37 28
0 37 27
1 34 2
5 34 1
0 33 1
2 36 27
2 35 27
0 34 27
6 45 5
0 46 5
4 33 2
2 32 2
2 31 2
2 30 2
0 29 2
6 41 35
4 41 36
0 40 36
2 33 40
0 34 40
0 45 11
0 28 2
2 32 20
0 33 20
1 22 46
1 22 45
5 22 44
2 21 44
0 20 44
0 47 36
2 19 44
0 18 44
1 20 43
0 20 42
1 18 3
1 18 2
1 18 1
0 18 0
2 7 19
2 6 19
0 5 19
1 5 20
0 5 21
2 42 20
2 43 20
2 44 20
0 45 20
6 35 2
2 36 2
0 37 2
1 41 21
1 41 22
1 41 23
3 41 24
0 42 24
0 38 8
1 18 20
3 18 21
0 19 21
0 9 8
0 20 21
2 27 44
5 28 44
3 28 45
0 29 45
5 27 31
2 26 31
2 25 31
2 24 31
0 23 31
0 40 4
1 2 13
5 2 12
0 1 12
4 9 26
0 8 26
0 26 18
2 30 45
2 31 45
0 32 45
1 32 46
0 32 47
1 23 32
1 23 33
0 23 34
4 23 35
2 22 35
2 21 35
2 20 35
2 19 35
0 18 35
2 17 44
2 16 44
2 15 44
6 14 44
1 14 45
0 14 46
0 43 15
3 11 26
2 12 26
5 13 26
1 13 27
3 13 28
0 14 28
4 14 29
0 13 29
1 13 30
4 13 31
0 12 31
0 14 44
1 12 32
1 12 33
1 12 34
1 12 35
1 12 36
0 12 37
2 11 37
2 10 37
3 9 37
5 9 36
2 8 36
2 7 36
2 6 36
0 5 36
1 5 35
1 5 34
0 5 33
5 5 32
2 4 32
0 3 32
3 2 32
1 2 31
5 2 30
3 1 30
0 1 29
1 5 37
1 5 38
4 5 39
0 4 39
1 4 40
1 4 41
1 4 42
0 4 43
2 3 43
2 2 43
2 1 43
6 0 43
1 0 44
0 0 45
0 0 43
2 13 46
2 12 46
2 11 46
2 10 46
0 9 46
1 9 47
0 9 48
1 32 48
3 32 49
0 33 49
1 18 34
5 18 33
0 17 33
2 8 48
0 7 48
1 20 22
1 20 23
1 20 24
0 20 25
2 19 25
0 18 25
1 33 21
0 33 22
1 37 44
1 37 45
1 37 46
3 37 47
0 38 47
1 1 4
1 1 3
5 1 2
0 0 2
-1
-1
-1
-1
-1
-1
-1
-1
-1
-1
-1
-1
-1
-1
-1
-1
-1
-1
-1
-1
-1
-1
-1
-1
-1
-1
-1
-1
-1
-1
-1
-1
-1
-1
-1
-1
-1
-1
-1
-1
-1
-1
-1
-1
-1
-1
-1
-1
-1
-1
-1
-1
-1
-1
-1
-1
-1
-1
-1
-1
-1
-1
-1
-1
-1
-1
-1
-1
-1
-1
-1
-1
-1
-1
-1
-1
-1
-1
-1
-1
-1
-1
-1
-1
-1
-1
-1
-1
-1
-1
-1
-1
-1
-1
-1
-1
-1
-1
-1
-1
-1
-1
-1
-1
-1
-1
-1
-1
-1
-1
-1
-1
-1
-1
-1
-1
-1
-1
-1
-1
-1
-1
-1
-1
-1
-1
-1
-1
-1
-1
-1
-1
-1
-1
-1
-1
-1
-1
-1
-1
-1
-1
-1
-1
-1
-1
-1
-1
-1
-1
-1
-1
-1
-1
-1
-1
-1
-1
-1
-1
-1
-1
-1
-1
-1
-1
