0 17 7
1 17 8
1 17 9
1 17 10
1 17 11
1 17 12
1 17 13
1 17 14
1 17 15
1 17 16
1 17 17
1 17 18
1 17 19
1 17 20
1 17 21
1 17 22
1 17 23
1 17 24
1 17 25
1 17 26
1 17 27
1 17 28
1 17 29
1 17 30
1 17 31
1 17 32
1 17 33
1 17 34
1 17 35
1 17 36
1 17 37
3 17 38
2 18 38
5 19 38
1 19 39
3 19 40
0 20 40
1 17 6
5 17 5
2 16 5
2 15 5
2 14 5
-1
-1
-1
-1
-1
-1
-1
-1
-1
-1
-1
-1
-1
-1
-1
-1
-1
-1
-1
-1
-1
-1
-1
-1
-1
-1
-1
-1
0 13 5
1 20 41
4 20 42
2 19 42
2 18 42
2 17 42
2 16 42
2 15 42
2 14 42
2 13 42
2 12 42
2 11 42
2 10 42
2 9 42
2 8 42
2 7 42
2 6 42
2 5 42
-1
-1
-1
-1
-1
-1
-1
-1
-1
-1
-1
-1
-1
-1
-1
-1
-1
-1
-1
-1
-1
-1
-1
-1
-1
-1
-1
-1
-1
-1
-1
-1
-1
-1
-1
-1
-1
0 4 42
2 18 7
2 19 7
2 20 7
2 21 7
2 22 7
2 23 7
2 24 7
2 25 7
2 26 7
2 27 7
2 28 7
2 29 7
2 30 7
2 31 7
4 32 7
1 32 6
6 32 5
2 33 5
2 34 5
2 35 5
2 36 5
2 37 5
2 38 5
-1
-1
-1
-1
-1
-1
-1
-1
-1
-1
-1
-1
-1
-1
-1
-1
-1
-1
-1
-1
-1
-1
-1
-1
-1
-1
-1
-1
-1
0 39 5
1 4 41
1 4 40
1 4 39
1 4 38
1 4 37
1 4 36
6 4 35
2 5 35
2 6 35
2 7 35
-1
-1
-1
-1
-1
-1
-1
-1
-1
-1
-1
-1
-1
-1
-1
-1
-1
-1
0 8 35
1 39 6
1 39 7
1 39 8
1 39 9
3 39 10
2 40 10
2 41 10
2 42 10
2 43 10
2 44 10
2 45 10
5 46 10
1 46 11
1 46 12
1 46 13
1 46 14
1 46 15
3 46 16
-1
-1
-1
-1
-1
-1
0 47 16
1 39 4
5 39 3
2 38 3
2 37 3
-1
-1
-1
-1
-1
-1
-1
-1
-1
-1
-1
-1
0 36 3
1 47 17
4 47 18
2 46 18
2 45 18
2 44 18
2 43 18
2 42 18
2 41 18
2 40 18
6 39 18
1 39 19
1 39 20
4 39 21
2 38 21
-1
0 37 21
1 13 6
4 13 7
2 12 7
2 11 7
2 10 7
2 9 7
2 8 7
2 7 7
2 6 7
2 5 7
2 4 7
-1
-1
0 3 7
3 37 22
2 38 22
2 39 22
2 40 22
2 41 22
5 42 22
1 42 23
1 42 24
1 42 25
1 42 26
1 42 27
1 42 28
1 42 29
1 42 30
1 42 31
1 42 32
1 42 33
1 42 34
1 42 35
1 42 36
0 42 37
1 3 6
1 3 5
5 3 4
2 2 4
0 1 4
2 43 37
2 44 37
2 45 37
5 46 37
1 46 38
1 46 39
1 46 40
1 46 41
1 46 42
1 46 43
1 46 44
0 46 45
1 47 15
1 47 14
1 47 13
1 47 12
1 47 11
1 47 10
6 47 9
0 48 9
1 37 20
1 37 19
1 37 18
1 37 17
1 37 16
1 37 15
5 37 14
2 36 14
2 35 14
0 34 14
4 46 46
2 45 46
2 44 46
2 43 46
-1
0 42 46
1 8 34
1 8 33
1 8 32
1 8 31
1 8 30
1 8 29
1 8 28
1 8 27
1 8 26
1 8 25
5 8 24
0 7 24
-1
0 18 38
6 34 13
2 35 13
-1
-1
-1
0 36 13
2 41 37
2 40 37
2 39 37
3 38 37
1 38 36
1 38 35
5 38 34
2 37 34
2 36 34
2 35 34
0 34 34
0 39 18
5 42 45
2 41 45
2 40 45
2 39 45
2 38 45
0 37 45
-1
-1
-1
0 46 40
-1
-1
-1
-1
0 17 34
2 18 34
2 19 34
2 20 34
2 21 34
0 22 34
-1
-1
-1
0 42 25
1 4 43
1 4 44
3 4 45
-1
0 5 45
-1
-1
-1
0 38 37
-1
-1
-1
0 32 7
6 41 25
1 41 26
1 41 27
4 41 28
2 40 28
0 39 28
-1
0 42 22
-1
-1
-1
0 46 37
-1
-1
0 17 28
2 21 40
2 22 40
2 23 40
2 24 40
2 25 40
0 26 40
3 26 41
2 27 41
2 28 41
2 29 41
0 30 41
4 40 5
1 40 4
1 40 3
1 40 2
6 40 1
0 41 1
0 10 42
0 17 17
-1
-1
0 41 45
2 43 22
2 44 22
2 45 22
2 46 22
0 47 22
6 7 23
2 8 23
2 9 23
0 10 23
0 46 10
1 34 35
4 34 36
0 33 36
-1
-1
-1
-1
-1
-1
-1
-1
-1
-1
-1
-1
-1
-1
-1
-1
-1
-1
-1
-1
-1
-1
-1
-1
-1
-1
-1
-1
-1
-1
-1
-1
-1
-1
-1
-1
-1
-1
-1
-1
-1
-1
-1
-1
-1
-1
-1
-1
-1
-1
-1
-1
-1
-1
-1
-1
-1
-1
-1
-1
-1
-1
-1
-1
-1
-1
-1
-1
-1
-1
-1
-1
-1
-1
-1
-1
-1
-1
-1
-1
-1
-1
-1
-1
-1
-1
-1
-1
-1
-1
-1
-1
-1
-1
-1
-1
-1
-1
-1
-1
-1
-1
-1
-1
-1
-1
-1
-1
-1
-1
-1
-1
-1
-1
-1
-1
-1
-1
-1
-1
-1
-1
-1
-1
-1
-1
-1
-1
-1
-1
-1
-1
-1
-1
-1
-1
-1
-1
-1
-1
-1
-1
-1
-1
-1
-1
-1
-1
-1
-1
-1
-1
-1
-1
-1
-1
-1
-1
-1
-1
-1
-1
-1
-1
-1
-1
-1
-1
-1
-1
-1
-1
-1
-1
-1
-1
-1
-1
-1
-1
-1
-1
-1
-1
-1
-1
-1
-1
-1
-1
-1
-1
-1
-1
-1
-1
-1
-1
-1
-1
-1
-1
-1
-1
-1
-1
-1
-1
-1
-1
-1
-1
-1
-1
-1
-1
-1
-1
-1
-1
-1
-1
-1
-1
-1
-1
-1
-1
-1
-1
-1
-1
-1
-1
-1
-1
-1
-1
-1
-1
-1
-1
-1
-1
-1
-1
-1
-1
-1
-1
-1
-1
-1
-1
-1
-1
-1
-1
-1
-1
-1
-1
-1
-1
-1
-1
-1
-1
-1
-1
-1
-1
-1
-1
-1
-1
-1
-1
-1
-1
-1
-1
-1
-1
-1
-1
-1
-1
-1
-1
-1
-1
-1
-1
-1
-1
-1
-1
-1
-1
-1
-1
-1
-1
-1
-1
-1
-1
-1
-1
-1
-1
-1
-1
-1
-1
-1
-1
-1
-1
-1
-1
-1
-1
-1
-1
-1
-1
-1
-1
-1
-1
-1
-1
-1
-1
-1
-1
-1
