0 28 29
1 28 28
1 28 27
1 28 26
6 28 25
2 29 25
2 30 25
2 31 25
4 32 25
1 32 24
1 32 23
1 32 22
1 32 21
1 32 20
1 32 19
1 32 18
1 32 17
1 32 16
1 32 15
0 32 14
4 28 30
2 27 30
2 26 30
2 25 30
2 24 30
2 23 30
2 22 30
6 21 30
4 21 31
2 20 31
2 19 31
2 18 31
6 17 31
4 17 32
2 16 32
2 15 32
6 14 32
4 14 33
2 13 33
2 12 33
2 11 33
2 10 33
2 9 33
6 8 33
4 8 34
2 7 34
6 6 34
1 6 35
4 6 36
2 5 36
2 4 36
0 3 36
2 33 14
2 34 14
2 35 14
5 36 14
3 36 15
2 37 15
2 38 15
2 39 15
2 40 15
2 41 15
5 42 15
1 42 16
1 42 17
3 42 18
2 43 18
5 44 18
-1
-1
-1
-1
-1
-1
-1
-1
0 44 19
1 3 37
1 3 38
3 3 39
2 4 39
2 5 39
2 6 39
2 7 39
2 8 39
2 9 39
-1
-1
-1
-1
-1
-1
0 10 39
1 32 13
5 32 12
2 31 12
2 30 12
3 29 12
1 29 11
1 29 10
1 29 9
5 29 8
-1
-1
0 28 8
1 10 40
1 10 41
1 10 42
1 10 43
-1
-1
-1
0 10 44
1 44 20
4 44 21
6 43 21
1 43 22
1 43 23
4 43 24
2 42 24
2 41 24
0 40 24
4 11 44
6 11 43
2 12 43
2 13 43
0 14 43
2 39 24
6 38 24
4 38 25
2 37 25
0 36 25
1 28 9
4 28 10
2 27 10
0 26 10
1 28 7
1 28 6
0 28 5
6 28 4
2 29 4
2 30 4
2 31 4
0 32 4
0 43 24
1 3 35
1 3 34
1 3 33
1 3 32
0 3 31
0 32 25
0 24 30
2 33 4
2 34 4
0 35 4
0 32 16
3 35 5
5 36 5
1 36 6
1 36 7
0 36 8
0 38 24
2 9 44
3 8 44
5 8 43
2 7 43
0 6 43
1 10 45
1 10 46
0 10 47
0 7 39
1 14 44
0 14 45
3 36 9
2 37 9
2 38 9
0 39 9
1 39 10
0 39 11
1 3 30
1 3 29
0 3 28
0 21 30
0 8 34
0 4 28
0 40 15
0 35 14
0 5 43
2 11 39
0 12 39
0 17 31
0 32 19
1 26 11
0 26 12
0 29 12
2 40 9
2 41 9
0 42 9
1 21 29
1 21 28
1 21 27
5 21 26
0 20 26
1 42 8
1 42 7
1 42 6
6 42 5
0 43 5
2 2 36
0 1 36
1 20 25
1 20 24
1 20 23
0 20 22
2 44 24
2 45 24
2 46 24
0 47 24
1 47 25
1 47 26
1 47 27
0 47 28
0 44 18
1 39 8
1 39 7
0 39 6
2 2 31
0 1 31
0 10 42
1 20 21
1 20 20
0 20 19
0 28 27
5 33 19
0 33 20
0 35 3
0 47 23
0 6 34
2 46 28
2 45 28
0 44 28
1 44 29
4 44 30
2 43 30
0 42 30
0 29 8
0 28 30
0 14 33
1 39 5
0 39 4
2 31 19
2 30 19
0 29 19
3 27 27
1 27 26
5 27 25
0 26 25
1 26 13
1 26 14
1 26 15
0 26 16
1 28 31
0 28 32
2 25 12
2 24 12
2 23 12
0 22 12
2 19 26
2 18 26
0 17 26
2 34 20
2 35 20
0 36 20
2 44 5
2 45 5
0 46 5
1 46 4
0 46 3
0 14 42
2 15 42
0 16 42
2 19 19
2 18 19
2 17 19
2 16 19
2 15 19
2 14 19
0 13 19
1 13 18
0 13 17
1 40 25
1 40 26
0 40 27
1 13 20
4 13 21
2 12 21
2 11 21
2 10 21
6 9 21
0 9 22
1 42 31
3 42 32
5 43 32
3 43 33
0 44 33
0 8 44
2 43 9
0 44 9
2 21 12
2 20 12
0 19 12
0 44 34
1 9 23
3 9 24
0 10 24
1 40 23
0 40 22
0 42 15
0 21 28
1 10 25
1 10 26
0 10 27
1 22 11
0 22 10
1 39 3
0 39 2
0 26 24
2 17 42
0 18 42
2 8 22
2 7 22
0 6 22
0 22 9
0 47 22
1 14 46
1 14 47
0 14 48
1 19 13
1 19 14
0 19 15
2 41 30
2 40 30
0 39 30
2 43 34
0 42 34
2 38 30
0 37 30
1 24 29
0 24 28
1 24 31
1 24 32
0 24 33
2 36 30
2 35 30
0 34 30
1 14 34
0 14 35
0 23 33
0 31 25
1 46 2
6 46 1
0 47 1
0 37 29
0 22 8
2 11 24
2 12 24
0 13 24
1 18 43
0 18 44
0 22 7
1 3 27
1 3 26
0 3 25
1 26 23
5 26 22
0 25 22
0 2 25
2 1 25
0 0 25
2 4 43
2 3 43
2 2 43
2 1 43
0 0 43
2 45 9
2 46 9
0 47 9
1 6 21
1 6 20
1 6 19
0 6 18
1 36 19
6 36 18
2 37 18
0 38 18
0 35 25
1 32 5
0 32 6
0 36 9
1 47 10
0 47 11
0 3 38
0 28 4
0 4 43
0 27 16
0 11 47
0 22 6
1 32 7
1 32 8
1 32 9
0 32 10
0 22 13
0 47 12
0 17 25
4 42 35
2 41 35
2 40 35
0 39 35
1 39 36
1 39 37
0 39 38
3 14 36
0 15 36
2 47 5
0 48 5
0 34 29
1 43 4
0 43 3
0 40 21
2 38 38
2 37 38
0 36 38
0 25 10
2 25 16
0 24 16
0 13 20
0 9 21
0 48 28
0 19 22
1 5 44
1 5 45
1 5 46
0 5 47
0 31 24
1 28 3
0 28 2
2 27 2
2 26 2
0 25 2
3 5 18
1 5 17
0 5 16
1 23 34
4 23 35
0 22 35
2 4 16
2 3 16
0 2 16
2 14 20
0 15 20
0 16 20
2 45 18
2 46 18
0 47 18
0 22 36
2 35 38
0 34 38
2 9 27
0 8 27
2 29 32
0 30 32
1 22 37
0 22 38
1 42 14
6 42 13
0 43 13
1 22 39
1 22 40
0 22 41
0 36 14
2 21 38
2 20 38
0 19 38
1 35 15
0 35 16
0 10 28
0 48 1
1 22 42
0 22 43
1 22 44
0 22 45
0 48 18
1 22 46
0 22 47
0 43 21
1 2 15
5 2 14
0 1 14
1 36 39
0 36 40
0 34 37
0 43 25
1 22 5
0 22 4
0 4 31
0 5 31
1 39 39
1 39 40
1 39 41
1 39 42
0 39 43
0 8 35
4 27 24
1 27 23
0 27 22
2 45 34
2 46 34
0 47 34
2 21 19
0 22 19
2 15 48
0 16 48
2 23 47
2 24 47
0 25 47
1 32 3
1 32 2
0 32 1
1 37 31
0 37 32
1 24 34
3 24 35
2 25 35
0 26 35
1 44 35
1 44 36
0 44 37
1 44 38
1 44 39
0 44 40
1 47 35
0 47 36
3 5 22
0 5 21
1 17 30
0 17 29
2 6 16
2 7 16
0 8 16
1 1 32
0 1 33
0 43 32
1 8 15
1 8 14
0 8 13
2 11 27
2 12 27
0 13 27
0 28 16
0 20 18
1 36 37
0 36 36
5 23 38
3 23 39
2 24 39
0 25 39
0 33 10
2 26 47
2 27 47
2 28 47
0 29 47
2 33 37
2 32 37
2 31 37
0 30 37
1 13 16
1 13 15
0 13 14
1 13 13
0 13 12
1 29 48
0 29 49
1 47 13
0 47 14
2 9 35
0 10 35
2 25 25
2 24 25
2 23 25
0 22 25
2 18 12
0 17 12
1 13 11
1 13 10
0 13 9
1 47 29
1 47 30
0 47 31
1 17 11
1 17 10
0 17 9
0 14 32
5 22 3
2 21 3
3 20 3
0 20 2
2 13 32
0 12 32
4 10 48
2 9 48
0 8 48
1 13 8
1 13 7
1 13 6
1 13 5
0 13 4
1 8 12
1 8 11
1 8 10
5 8 9
0 7 9
1 0 44
1 0 45
1 0 46
1 0 47
1 0 48
0 0 49
2 30 47
2 31 47
2 32 47
0 33 47
1 44 41
1 44 42
1 44 43
1 44 44
1 44 45
1 44 46
1 44 47
3 44 48
2 45 48
2 46 48
0 47 48
0 40 20
1 0 24
1 0 23
1 0 22
0 0 21
6 33 38
1 33 39
0 33 40
3 33 21
0 34 21
2 6 9
3 5 9
1 5 8
1 5 7
1 5 6
1 5 5
1 5 4
1 5 3
5 5 2
2 4 2
2 3 2
0 2 2
0 33 11
0 17 10
6 19 2
1 19 3
0 19 4
0 5 9
2 2 38
2 1 38
0 0 38
-1
-1
-1
-1
-1
-1
-1
-1
-1
-1
-1
-1
-1
-1
-1
-1
-1
-1
-1
-1
-1
-1
-1
-1
-1
-1
-1
-1
-1
-1
-1
-1
-1
-1
-1
-1
-1
-1
-1
-1
-1
-1
-1
-1
-1
-1
-1
-1
-1
-1
-1
-1
-1
-1
-1
-1
-1
-1
-1
-1
-1
-1
-1
-1
-1
-1
-1
-1
-1
-1
-1
-1
-1
-1
-1
-1
-1
-1
-1
-1
-1
-1
-1
-1
-1
-1
-1
-1
-1
-1
-1
-1
-1
-1
-1
-1
-1
-1
-1
-1
-1
-1
-1
-1
-1
-1
-1
-1
-1
-1
-1
-1
-1
-1
-1
-1
-1
-1
-1
-1
-1
-1
-1
-1
-1
-1
-1
