0 12 22
2 13 22
2 14 22
2 15 22
2 16 22
2 17 22
2 18 22
0 19 22
1 19 21
6 19 20
2 20 20
2 21 20
2 22 20
2 23 20
2 24 20
0 25 20
1 19 23
1 19 24
1 19 25
1 19 26
1 19 27
1 19 28
1 19 29
1 19 30
1 19 31
1 19 32
1 19 33
1 19 34
4 19 35
2 18 35
2 17 35
-1
-1
-1
-1
-1
-1
-1
-1
-1
0 16 35
1 16 36
1 16 37
1 16 38
1 16 39
1 16 40
1 16 41
4 16 42
2 15 42
2 14 42
2 13 42
6 12 42
4 12 43
2 11 43
6 10 43
1 10 44
1 10 45
1 10 46
4 10 47
2 9 47
2 8 47
2 7 47
2 6 47
6 5 47
4 5 48
-1
0 4 48
1 12 21
1 12 20
1 12 19
6 12 18
4 13 18
1 13 17
1 13 16
1 13 15
6 13 14
2 14 14
-1
-1
-1
0 15 14
1 25 21
3 25 22
2 26 22
2 27 22
-1
-1
-1
0 28 22
1 15 13
1 15 12
5 15 11
2 14 11
2 13 11
2 12 11
2 11 11
0 10 11
1 15 15
3 15 16
2 16 16
2 17 16
5 18 16
1 18 17
0 18 18
-1
0 15 42
1 28 23
1 28 24
1 28 25
1 28 26
3 28 27
2 29 27
2 30 27
0 31 27
0 22 20
1 16 34
1 16 33
1 16 32
5 16 31
0 15 31
0 19 35
4 20 35
1 20 34
6 20 33
2 21 33
0 22 33
0 12 20
1 22 19
1 22 18
0 22 17
2 15 35
2 14 35
0 13 35
3 19 36
2 20 36
0 21 36
2 13 20
2 14 20
0 15 20
2 9 11
2 8 11
0 7 11
0 19 28
0 12 43
1 22 16
0 22 15
0 28 27
1 22 21
1 22 22
0 22 23
0 13 17
1 10 12
0 10 13
2 29 22
2 30 22
0 31 22
0 13 15
0 18 16
1 21 37
1 21 38
0 21 39
1 21 40
1 21 41
0 21 42
1 21 43
1 21 44
1 21 45
1 21 46
0 21 47
2 22 47
2 23 47
0 24 47
2 25 47
0 26 47
0 10 47
0 18 22
2 12 17
2 11 17
0 10 17
2 9 17
2 8 17
2 7 17
0 6 17
0 16 42
1 6 18
1 6 19
0 6 20
0 19 26
2 5 20
2 4 20
0 3 20
1 3 21
0 3 22
1 3 19
5 3 18
0 2 18
1 18 15
1 18 14
1 18 13
0 18 12
2 20 47
2 19 47
0 18 47
0 27 27
2 23 15
2 24 15
0 25 15
0 10 43
0 17 47
1 13 36
0 13 37
0 16 40
1 2 17
1 2 16
1 2 15
0 2 14
4 32 22
1 32 21
1 32 20
0 32 19
4 26 15
1 26 14
6 26 13
2 27 13
0 28 13
2 31 19
0 30 19
0 32 22
0 19 12
0 12 23
2 3 14
0 4 14
1 18 46
0 18 45
2 32 27
0 33 27
0 20 12
0 27 47
0 8 47
0 28 24
2 23 33
2 24 33
0 25 33
2 26 33
5 27 33
1 27 34
0 27 35
0 27 33
1 27 36
1 27 37
0 27 38
2 28 38
2 29 38
2 30 38
2 31 38
0 32 38
0 33 38
0 34 38
2 27 24
2 26 24
0 25 24
5 35 38
1 35 39
1 35 40
1 35 41
1 35 42
0 35 43
2 36 43
2 37 43
2 38 43
2 39 43
0 40 43
0 19 31
0 13 11
2 20 28
2 21 28
0 22 28
1 13 10
0 13 9
2 34 43
2 33 43
0 32 43
2 18 26
0 17 26
6 33 26
2 34 26
2 35 26
2 36 26
0 37 26
1 37 27
1 37 28
0 37 29
2 38 29
2 39 29
2 40 29
0 41 29
1 41 30
1 41 31
4 41 32
6 40 32
0 40 33
0 40 34
2 41 34
2 42 34
2 43 34
0 44 34
1 40 44
1 40 45
3 40 46
0 41 46
2 13 23
0 14 23
1 10 42
1 10 41
1 10 40
0 10 39
1 30 18
1 30 17
0 30 16
0 41 47
0 6 11
2 28 47
0 29 47
0 41 28
0 1 14
0 25 19
0 45 34
0 16 26
2 9 39
2 8 39
0 7 39
6 45 33
0 46 33
0 37 25
1 3 23
0 3 24
1 37 24
0 37 23
2 42 29
2 43 29
0 44 29
1 31 28
0 31 29
2 21 12
0 22 12
1 25 32
0 25 31
1 22 11
1 22 10
1 22 9
1 22 8
0 22 7
6 22 6
0 23 6
2 24 6
2 25 6
0 26 6
2 42 47
2 43 47
0 44 47
0 37 22
1 26 5
1 26 4
1 26 3
1 26 2
0 26 1
0 27 1
0 23 28
4 10 14
0 9 14
1 34 37
1 34 36
0 34 35
1 13 8
1 13 7
0 13 6
1 6 10
1 6 9
1 6 8
0 6 7
1 34 34
1 34 33
0 34 32
2 28 35
0 29 35
2 14 9
2 15 9
0 16 9
2 6 39
2 5 39
0 4 39
2 3 39
0 2 39
0 19 18
1 2 38
1 2 37
1 2 36
0 2 35
2 38 23
2 39 23
2 40 23
0 41 23
2 4 24
0 5 24
0 44 48
0 21 43
0 9 17
1 15 30
5 15 29
0 14 29
1 2 34
1 2 33
0 2 32
0 13 38
2 3 32
2 4 32
2 5 32
2 6 32
0 7 32
0 22 47
0 7 33
0 13 5
0 40 32
1 13 4
0 13 3
2 14 3
0 15 3
2 21 7
0 20 7
1 15 2
6 15 1
2 16 1
2 17 1
0 18 1
1 28 12
0 28 11
1 15 43
0 15 44
2 29 11
0 30 11
0 2 31
2 18 28
0 17 28
2 31 11
2 32 11
0 33 11
3 33 12
2 34 12
2 35 12
0 36 12
2 37 12
0 38 12
1 38 11
1 38 10
1 38 9
1 38 8
0 38 7
1 38 6
0 38 5
6 38 4
2 39 4
2 40 4
2 41 4
0 42 4
0 24 24
6 42 3
2 43 3
2 44 3
2 45 3
2 46 3
0 47 3
2 37 5
2 36 5
2 35 5
0 34 5
0 46 3
0 27 11
0 33 19
2 8 33
0 9 33
0 10 46
0 34 4
1 33 10
0 33 9
0 35 35
0 9 43
1 9 34
0 9 35
2 31 43
2 30 43
0 29 43
0 2 37
2 3 48
2 2 48
0 1 48
1 7 31
0 7 30
0 7 29
2 11 23
2 10 23
0 9 23
0 35 38
0 32 44
0 26 15
2 19 1
2 20 1
0 21 1
1 6 6
0 6 5
2 13 29
0 12 29
2 5 5
2 4 5
2 3 5
0 2 5
4 22 42
6 22 41
2 23 41
0 24 41
4 3 25
0 2 25
1 35 44
1 35 45
3 35 46
0 36 46
0 2 26
0 39 12
1 2 4
1 2 3
0 2 2
0 7 5
3 27 2
2 28 2
0 29 2
2 22 36
0 23 36
2 45 29
2 46 29
2 47 29
0 48 29
1 2 6
0 2 7
1 37 21
0 37 20
6 1 47
0 2 47
2 12 3
2 11 3
0 10 3
0 7 20
0 47 4
1 37 19
1 37 18
0 37 17
2 38 17
2 39 17
0 40 17
1 34 3
1 34 2
1 34 1
0 34 0
5 35 0
3 35 1
0 36 1
0 30 35
2 27 6
0 28 6
0 33 32
1 44 35
0 44 36
0 10 33
1 2 40
4 2 41
0 1 41
1 9 24
0 9 25
1 42 5
1 42 6
0 42 7
2 36 38
0 37 38
0 28 43
0 7 28
1 29 42
0 29 41
0 25 1
0 40 18
2 40 12
2 41 12
2 42 12
4 43 12
0 43 11
0 41 22
0 1 35
0 12 42
6 2 20
4 2 21
0 1 21
0 22 11
1 21 2
0 21 3
0 44 37
0 10 2
2 42 23
2 43 23
2 44 23
0 45 23
2 46 23
0 47 23
0 35 32
0 30 34
0 33 8
3 29 19
0 29 18
0 10 10
0 40 42
2 41 42
2 42 42
2 43 42
0 44 42
5 8 46
0 7 46
1 2 13
0 2 12
6 2 1
4 3 1
6 3 0
0 4 0
5 44 11
1 44 12
3 44 13
2 45 13
0 46 13
1 44 41
6 44 40
0 45 40
1 46 12
1 46 11
1 46 10
0 46 9
0 3 35
1 13 2
0 13 1
1 33 18
0 33 17
2 16 47
2 15 47
0 14 47
0 47 13
2 14 31
0 13 31
0 47 14
0 22 8
3 40 19
2 41 19
2 42 19
2 43 19
0 44 19
2 45 19
0 46 19
-1
-1
-1
-1
-1
-1
-1
-1
-1
-1
-1
-1
-1
-1
-1
-1
-1
-1
-1
-1
-1
-1
-1
-1
-1
-1
-1
-1
-1
-1
-1
-1
-1
-1
-1
-1
-1
-1
-1
-1
-1
-1
-1
-1
-1
-1
-1
-1
-1
-1
-1
-1
-1
-1
-1
-1
-1
-1
-1
-1
-1
-1
-1
-1
-1
-1
-1
-1
-1
-1
-1
-1
-1
-1
-1
-1
-1
-1
-1
-1
-1
-1
-1
-1
-1
-1
-1
-1
-1
-1
-1
-1
-1
-1
-1
-1
-1
-1
-1
-1
-1
-1
-1
-1
-1
-1
-1
-1
-1
-1
-1
-1
-1
-1
-1
-1
-1
-1
-1
-1
-1
-1
-1
-1
-1
-1
-1
-1
-1
-1
-1
-1
-1
-1
-1
-1
-1
-1
-1
-1
