0 2 12
1 2 13
1 2 14
1 2 15
3 2 16
2 3 16
2 4 16
2 5 16
5 6 16
1 6 17
3 6 18
2 7 18
5 8 18
1 8 19
1 8 20
1 8 21
1 8 22
3 8 23
5 9 23
1 9 24
1 9 25
1 9 26
3 9 27
2 10 27
2 11 27
2 12 27
2 13 27
2 14 27
2 15 27
5 16 27
1 16 28
1 16 29
1 16 30
1 16 31
1 16 32
3 16 33
2 17 33
5 18 33
1 18 34
3 18 35
2 19 35
5 20 35
1 20 36
1 20 37
1 20 38
1 20 39
1 20 40
1 20 41
0 20 42
4 3 12
1 3 11
1 3 10
1 3 9
6 3 8
-1
-1
-1
-1
-1
-1
-1
-1
-1
-1
-1
-1
-1
-1
-1
-1
-1
-1
-1
-1
-1
-1
-1
-1
-1
-1
-1
0 4 8
-1
-1
-1
-1
-1
-1
-1
-1
-1
-1
-1
-1
-1
-1
-1
-1
-1
-1
-1
-1
0 20 36
2 5 8
2 6 8
2 7 8
2 8 8
5 9 8
1 9 9
3 9 10
2 10 10
2 11 10
2 12 10
2 13 10
2 14 10
2 15 10
2 16 10
2 17 10
2 18 10
2 19 10
2 20 10
2 21 10
2 22 10
2 23 10
2 24 10
2 25 10
2 26 10
0 27 10
4 21 42
6 21 41
2 22 41
2 23 41
-1
-1
-1
-1
-1
-1
-1
-1
-1
-1
0 24 41
-1
-1
-1
-1
-1
-1
-1
-1
-1
-1
-1
0 2 16
2 28 10
2 29 10
2 30 10
5 31 10
3 31 11
2 32 11
2 33 11
2 34 11
2 35 11
2 36 11
-1
0 37 11
1 37 12
1 37 13
1 37 14
3 37 15
5 38 15
3 38 16
2 39 16
5 40 16
-1
0 40 17
2 19 36
2 18 36
2 17 36
2 16 36
2 15 36
2 14 36
2 13 36
2 12 36
0 11 36
2 39 17
2 38 17
3 37 17
5 37 16
2 36 16
2 35 16
2 34 16
0 33 16
2 10 36
2 9 36
2 8 36
2 7 36
3 6 36
0 6 35
1 11 37
1 11 38
4 11 39
2 10 39
2 9 39
0 8 39
2 41 17
2 42 17
2 43 17
2 44 17
2 45 17
2 46 17
2 47 17
0 48 17
3 19 42
1 19 41
1 19 40
0 19 39
6 4 7
2 5 7
2 6 7
2 7 7
2 8 7
0 9 7
2 25 41
0 26 41
6 9 6
2 10 6
4 11 6
1 11 5
1 11 4
1 11 3
1 11 2
0 11 1
3 32 16
0 32 15
1 26 42
1 26 43
1 26 44
1 26 45
0 26 46
0 9 23
5 27 41
3 27 42
2 28 42
2 29 42
0 30 42
0 16 32
1 4 9
1 4 10
3 4 11
2 5 11
5 6 11
1 6 12
3 6 13
2 7 13
2 8 13
0 9 13
0 8 18
0 38 15
0 22 10
0 20 37
1 27 9
5 27 8
2 26 8
3 25 8
1 25 7
1 25 6
0 25 5
1 33 17
1 33 18
1 33 19
1 33 20
0 33 21
0 25 8
0 19 42
0 6 11
0 11 3
2 24 5
2 23 5
0 22 5
0 16 27
4 27 46
6 27 45
2 28 45
0 29 45
0 20 35
0 18 10
1 33 22
1 33 23
3 33 24
0 34 24
0 6 16
1 8 40
1 8 41
1 8 42
3 8 43
0 9 43
0 32 16
0 17 27
0 31 10
2 30 45
2 31 45
2 32 45
0 33 45
1 33 46
1 33 47
3 33 48
2 34 48
2 35 48
2 36 48
2 37 48
2 38 48
2 39 48
2 40 48
0 41 48
1 41 47
6 41 46
0 42 46
1 42 45
1 42 44
0 42 43
2 43 46
2 44 46
2 45 46
0 46 46
0 6 18
1 22 11
3 22 12
0 23 12
2 18 27
2 19 27
0 20 27
2 35 24
2 36 24
2 37 24
0 38 24
2 10 13
2 11 13
2 12 13
0 13 13
2 12 3
2 13 3
2 14 3
0 15 3
3 38 25
2 39 25
0 40 25
1 20 28
3 20 29
0 21 29
2 41 25
2 42 25
0 43 25
1 2 17
1 2 18
1 2 19
1 2 20
3 2 21
0 3 21
0 18 11
1 43 24
1 43 23
1 43 22
1 43 21
0 43 20
0 10 27
1 6 34
1 6 33
5 6 32
2 5 32
0 4 32
6 25 4
4 26 4
6 26 3
2 27 3
2 28 3
2 29 3
0 30 3
0 37 17
4 7 35
0 7 34
0 9 8
2 32 21
2 31 21
0 30 21
1 9 44
1 9 45
0 9 46
2 10 46
0 11 46
1 26 40
1 26 39
1 26 38
0 26 37
1 48 16
1 48 15
1 48 14
1 48 13
1 48 12
1 48 11
1 48 10
0 48 9
0 11 6
2 25 46
2 24 46
2 23 46
0 22 46
2 29 21
2 28 21
0 27 21
1 17 26
1 17 25
1 17 24
1 17 23
0 17 22
2 7 39
2 6 39
2 5 39
2 4 39
0 3 39
1 42 42
1 42 41
1 42 40
0 42 39
6 26 36
2 27 36
2 28 36
0 29 36
3 10 28
2 11 28
0 12 28
1 9 42
6 9 41
2 10 41
2 11 41
0 12 41
2 30 36
2 31 36
0 32 36
1 17 21
5 17 20
2 16 20
0 15 20
0 37 48
2 10 1
2 9 1
2 8 1
2 7 1
6 6 1
4 6 2
0 5 2
1 21 30
3 21 31
2 22 31
2 23 31
0 24 31
1 29 35
1 29 34
0 29 33
1 30 22
1 30 23
1 30 24
1 30 25
0 30 26
6 30 2
2 31 2
2 32 2
2 33 2
2 34 2
0 35 2
0 18 33
1 3 22
1 3 23
1 3 24
1 3 25
0 3 26
1 3 40
3 3 41
0 4 41
1 32 37
1 32 38
3 32 39
2 33 39
0 34 39
2 18 39
2 17 39
2 16 39
0 15 39
6 18 9
0 19 9
2 2 26
2 1 26
0 0 26
4 9 47
2 8 47
2 7 47
2 6 47
0 5 47
2 4 2
2 3 2
3 2 2
5 2 1
2 1 1
0 0 1
-1
-1
-1
-1
-1
-1
-1
-1
-1
-1
-1
-1
-1
-1
-1
-1
-1
-1
-1
-1
-1
-1
-1
-1
-1
-1
-1
-1
-1
-1
-1
-1
-1
-1
-1
-1
-1
-1
-1
-1
-1
-1
-1
-1
-1
-1
-1
-1
-1
-1
-1
-1
-1
-1
-1
-1
-1
-1
-1
-1
-1
-1
-1
-1
-1
-1
-1
-1
-1
-1
-1
-1
-1
-1
-1
-1
-1
-1
-1
-1
-1
-1
-1
-1
-1
-1
-1
-1
-1
-1
-1
-1
-1
-1
-1
-1
-1
-1
-1
-1
-1
-1
-1
-1
-1
-1
-1
-1
-1
-1
-1
-1
-1
-1
-1
-1
-1
-1
-1
-1
-1
-1
-1
-1
-1
-1
-1
-1
-1
-1
-1
-1
-1
-1
-1
-1
-1
-1
-1
-1
-1
-1
-1
-1
-1
-1
-1
-1
-1
-1
-1
-1
-1
-1
-1
-1
-1
-1
-1
-1
-1
-1
-1
-1
-1
-1
-1
-1
-1
-1
-1
-1
-1
-1
-1
-1
-1
-1
-1
-1
-1
-1
-1
-1
-1
-1
-1
-1
-1
-1
-1
-1
-1
-1
-1
-1
-1
-1
-1
-1
-1
-1
-1
-1
-1
-1
-1
-1
-1
-1
-1
-1
-1
-1
-1
-1
-1
-1
-1
-1
-1
-1
-1
-1
-1
-1
-1
-1
-1
-1
-1
-1
-1
-1
-1
-1
-1
-1
-1
-1
-1
-1
-1
-1
-1
-1
-1
-1
-1
-1
-1
-1
-1
-1
-1
-1
-1
-1
-1
-1
-1
-1
-1
-1
-1
-1
-1
-1
-1
-1
-1
-1
-1
-1
-1
-1
-1
-1
-1
-1
-1
-1
-1
-1
-1
-1
-1
-1
-1
-1
-1
-1
-1
-1
-1
