0 40 34
2 41 34
2 42 34
2 43 34
2 44 34
2 45 34
4 46 34
1 46 33
1 46 32
1 46 31
6 46 30
0 47 30
-1
-1
5 40 33
-1
-1
3 39 33
-1
-1
1 39 32
-1
-1
1 39 31
-1
-1
1 39 30
-1
-1
1 39 29
-1
-1
1 39 28
-1
-1
1 39 27
-1
-1
1 39 26
-1
-1
1 39 25
-1
-1
1 39 24
-1
-1
1 39 23
-1
-1
1 39 22
-1
-1
1 39 21
-1
-1
1 39 20
-1
1 39 19
-1
-1
1 39 18
-1
-1
1 39 17
-1
-1
1 39 16
-1
-1
5 39 15
-1
-1
2 38 15
-1
-1
2 37 15
-1
-1
2 36 15
-1
-1
3 35 15
-1
-1
1 35 14
-1
-1
1 35 13
-1
-1
1 35 12
-1
-1
5 35 11
-1
-1
2 34 11
-1
-1
-1
-1
-1
-1
-1
-1
-1
-1
-1
-1
-1
-1
-1
-1
-1
-1
-1
-1
-1
-1
-1
-1
-1
-1
-1
-1
-1
-1
-1
-1
-1
-1
-1
-1
-1
-1
-1
-1
-1
-1
-1
-1
-1
-1
-1
-1
-1
-1
-1
-1
-1
-1
-1
-1
-1
-1
-1
-1
-1
-1
-1
-1
-1
-1
-1
-1
-1
-1
-1
-1
-1
-1
-1
-1
-1
-1
-1
-1
-1
-1
-1
-1
-1
-1
-1
-1
-1
-1
-1
-1
-1
-1
-1
-1
-1
-1
-1
-1
-1
-1
-1
-1
-1
-1
-1
-1
-1
-1
-1
-1
-1
-1
-1
-1
-1
-1
-1
-1
-1
-1
-1
-1
-1
-1
-1
-1
-1
-1
-1
-1
-1
-1
-1
-1
-1
-1
-1
-1
-1
-1
-1
-1
-1
-1
0 33 11
1 33 10
1 33 9
1 33 8
1 33 7
5 33 6
2 32 6
2 31 6
2 30 6
2 29 6
2 28 6
2 27 6
2 26 6
-1
2 25 6
2 24 6
2 23 6
2 22 6
2 21 6
2 20 6
2 19 6
2 18 6
2 17 6
2 16 6
2 15 6
2 14 6
2 13 6
2 12 6
2 11 6
-1
-1
-1
-1
-1
-1
-1
-1
-1
-1
-1
-1
-1
-1
-1
-1
-1
-1
-1
-1
-1
-1
-1
-1
-1
-1
-1
-1
-1
-1
-1
-1
-1
-1
-1
-1
-1
-1
-1
-1
-1
-1
-1
-1
-1
-1
-1
-1
-1
-1
0 10 6
2 39 34
2 38 34
6 37 34
1 37 35
1 37 36
1 37 37
1 37 38
1 37 39
1 37 40
1 37 41
1 37 42
1 37 43
4 37 44
2 36 44
2 35 44
-1
-1
-1
-1
-1
-1
-1
-1
-1
-1
-1
-1
-1
-1
0 34 44
1 10 5
1 10 4
6 10 3
-1
-1
-1
-1
-1
-1
-1
-1
-1
-1
-1
0 11 3
5 34 43
2 33 43
2 32 43
2 31 43
2 30 43
2 29 43
2 28 43
2 27 43
2 26 43
2 25 43
2 24 43
2 23 43
2 22 43
2 21 43
2 20 43
2 19 43
2 18 43
2 17 43
2 16 43
2 15 43
2 14 43
0 13 43
1 34 45
1 34 46
1 34 47
3 34 48
2 35 48
2 36 48
2 37 48
2 38 48
0 39 48
6 33 44
1 33 45
4 33 46
2 32 46
2 31 46
2 30 46
0 29 46
6 39 47
2 40 47
2 41 47
2 42 47
2 43 47
2 44 47
2 45 47
2 46 47
4 47 47
1 47 46
1 47 45
6 47 44
0 48 44
0 33 6
5 34 6
3 34 7
2 35 7
2 36 7
2 37 7
2 38 7
2 39 7
2 40 7
2 41 7
2 42 7
0 43 7
0 37 39
5 38 39
1 38 40
1 38 41
0 38 42
1 47 29
1 47 28
0 47 27
2 44 7
2 45 7
2 46 7
2 47 7
0 48 7
6 46 27
4 46 28
2 45 28
2 44 28
0 43 28
0 44 47
5 11 2
0 10 2
6 9 2
4 9 3
2 8 3
0 7 3
1 13 42
1 13 41
1 13 40
1 13 39
1 13 38
1 13 37
5 13 36
3 12 36
0 12 35
0 35 15
0 46 34
0 46 35
0 31 43
0 39 15
0 34 48
0 39 30
2 12 3
2 13 3
0 14 3
2 15 3
2 16 3
0 17 3
2 40 15
2 41 15
0 42 15
0 37 34
0 18 43
0 47 47
1 39 14
0 39 13
1 33 5
1 33 4
1 33 3
0 33 2
0 39 19
2 12 43
2 11 43
2 10 43
0 9 43
1 31 42
1 31 41
1 31 40
1 31 39
0 31 38
1 10 7
1 10 8
0 10 9
6 32 2
4 32 3
2 31 3
2 30 3
0 29 3
4 29 4
2 28 4
2 27 4
2 26 4
2 25 4
0 24 4
1 18 44
1 18 45
1 18 46
0 18 47
1 43 8
3 43 9
0 44 9
4 11 9
1 11 8
6 11 7
2 12 7
0 13 7
2 34 15
2 33 15
2 32 15
2 31 15
0 30 15
1 30 16
1 30 17
1 30 18
4 30 19
0 29 19
4 19 47
6 19 46
2 20 46
2 21 46
0 22 46
1 46 36
1 46 37
4 46 38
2 45 38
2 44 38
0 43 38
4 10 10
2 9 10
2 8 10
0 7 10
6 38 19
4 38 20
0 37 20
6 29 15
4 29 16
2 28 16
2 27 16
2 26 16
2 25 16
2 24 16
0 23 16
1 13 44
1 13 45
1 13 46
0 13 47
1 23 15
1 23 14
5 23 13
2 22 13
0 21 13
2 20 13
2 19 13
2 18 13
2 17 13
0 16 13
1 31 37
1 31 36
6 31 35
0 32 35
2 39 42
0 40 42
5 32 34
2 31 34
2 30 34
2 29 34
0 28 34
0 15 13
1 38 43
1 38 44
1 38 45
4 38 46
0 37 46
1 43 27
5 43 26
0 42 26
1 43 29
1 43 30
1 43 31
0 43 32
1 47 26
1 47 25
0 47 24
1 9 42
1 9 41
5 9 40
2 8 40
0 7 40
1 12 34
1 12 33
1 12 32
1 12 31
1 12 30
1 12 29
5 12 28
2 11 28
0 10 28
1 7 11
1 7 12
1 7 13
1 7 14
1 7 15
1 7 16
3 7 17
0 8 17
2 30 38
2 29 38
2 28 38
2 27 38
2 26 38
2 25 38
0 24 38
1 28 33
1 28 32
1 28 31
0 28 30
1 24 39
0 24 40
2 38 30
2 37 30
2 36 30
0 35 30
0 12 36
1 16 14
1 16 15
1 16 16
1 16 17
3 16 18
0 17 18
1 48 6
1 48 5
1 48 4
1 48 3
1 48 2
0 48 1
1 17 19
1 17 20
4 17 21
2 16 21
0 15 21
3 32 11
5 32 10
2 31 10
2 30 10
2 29 10
2 28 10
0 27 10
1 42 14
6 42 13
2 43 13
2 44 13
2 45 13
2 46 13
0 47 13
1 21 12
1 21 11
1 21 10
5 21 9
2 20 9
0 19 9
1 39 12
1 39 11
1 39 10
1 39 9
5 39 8
2 38 8
2 37 8
0 36 8
-1
-1
-1
-1
-1
-1
-1
-1
-1
-1
-1
-1
-1
-1
-1
-1
-1
-1
-1
-1
-1
-1
-1
-1
-1
-1
-1
-1
-1
-1
-1
-1
-1
-1
-1
-1
-1
-1
-1
-1
-1
-1
-1
-1
-1
-1
-1
-1
-1
-1
-1
-1
-1
-1
-1
-1
-1
-1
-1
-1
-1
-1
-1
-1
-1
-1
-1
-1
-1
-1
-1
-1
-1
-1
-1
-1
-1
-1
-1
-1
-1
-1
-1
-1
-1
-1
-1
-1
-1
-1
-1
-1
-1
-1
-1
-1
-1
-1
-1
-1
-1
-1
-1
-1
-1
-1
-1
-1
-1
-1
-1
