0 28 14
1 28 15
1 28 16
1 28 17
1 28 18
1 28 19
1 28 20
1 28 21
1 28 22
1 28 23
1 28 24
1 28 25
1 28 26
1 28 27
1 28 28
1 28 29
1 28 30
1 28 31
4 28 32
2 27 32
0 26 32
2 25 32
-1
-1
-1
6 24 32
-1
-1
-1
-1
1 24 33
-1
-1
-1
4 24 34
-1
-1
-1
2 23 34
-1
-1
-1
2 22 34
-1
-1
-1
2 21 34
-1
-1
-1
2 20 34
-1
-1
-1
-1
2 19 34
-1
-1
-1
2 18 34
-1
-1
-1
2 17 34
-1
-1
-1
2 16 34
-1
-1
-1
-1
-1
-1
-1
-1
-1
-1
-1
-1
-1
-1
-1
-1
-1
-1
-1
-1
-1
-1
-1
-1
-1
-1
-1
-1
-1
-1
-1
-1
-1
-1
-1
-1
-1
-1
-1
-1
-1
-1
-1
-1
-1
-1
-1
-1
-1
-1
-1
-1
-1
-1
-1
-1
-1
-1
-1
-1
-1
-1
-1
-1
-1
-1
-1
-1
-1
-1
-1
-1
-1
-1
-1
-1
-1
-1
-1
-1
-1
-1
-1
-1
-1
-1
-1
-1
-1
-1
-1
-1
-1
-1
-1
-1
-1
-1
-1
-1
-1
-1
-1
-1
-1
-1
-1
-1
-1
-1
-1
-1
-1
-1
-1
-1
-1
-1
-1
-1
-1
-1
-1
-1
-1
-1
-1
-1
-1
-1
-1
-1
-1
-1
-1
-1
-1
-1
-1
-1
-1
-1
-1
-1
-1
-1
-1
-1
-1
-1
-1
-1
-1
-1
-1
-1
-1
-1
-1
-1
-1
-1
-1
-1
-1
-1
-1
-1
-1
-1
-1
-1
-1
-1
-1
-1
-1
-1
-1
-1
-1
-1
-1
-1
-1
-1
-1
-1
-1
-1
-1
-1
-1
-1
-1
-1
-1
-1
-1
-1
-1
-1
-1
-1
-1
-1
-1
0 15 34
-1
2 29 14
2 30 14
4 31 14
1 31 13
1 31 12
6 31 11
2 32 11
2 33 11
2 34 11
-1
2 35 11
2 36 11
2 37 11
2 38 11
2 39 11
2 40 11
2 41 11
2 42 11
-1
-1
-1
-1
-1
-1
-1
-1
-1
-1
-1
-1
-1
-1
-1
-1
-1
-1
-1
-1
-1
-1
-1
-1
-1
-1
-1
-1
-1
-1
-1
-1
-1
-1
-1
-1
-1
-1
-1
-1
-1
-1
-1
-1
-1
-1
-1
-1
-1
-1
-1
-1
-1
-1
-1
0 43 11
1 15 35
4 15 36
2 14 36
2 13 36
2 12 36
2 11 36
6 10 36
1 10 37
4 10 38
2 9 38
2 8 38
2 7 38
-1
-1
-1
-1
-1
-1
-1
-1
-1
-1
-1
-1
-1
-1
-1
-1
-1
-1
-1
-1
-1
-1
-1
-1
-1
-1
-1
-1
-1
-1
-1
-1
-1
-1
-1
-1
-1
-1
-1
-1
-1
-1
-1
0 6 38
-1
-1
-1
-1
-1
-1
-1
-1
-1
-1
-1
-1
-1
-1
-1
-1
-1
-1
-1
-1
-1
-1
-1
-1
-1
-1
-1
0 24 32
1 43 10
1 43 9
1 43 8
1 43 7
1 43 6
6 43 5
2 44 5
-1
-1
-1
-1
-1
-1
-1
-1
-1
-1
-1
-1
-1
-1
-1
-1
-1
0 45 5
1 6 39
1 6 40
4 6 41
2 5 41
2 4 41
2 3 41
-1
-1
-1
-1
-1
-1
-1
-1
-1
-1
-1
-1
-1
0 2 41
1 45 4
1 45 3
5 45 2
2 44 2
2 43 2
2 42 2
-1
-1
-1
-1
-1
-1
-1
-1
-1
0 41 2
1 43 12
1 43 13
1 43 14
4 43 15
6 42 15
1 42 16
1 42 17
1 42 18
4 42 19
2 41 19
2 40 19
2 39 19
2 38 19
-1
0 37 19
1 26 33
1 26 34
1 26 35
1 26 36
1 26 37
1 26 38
1 26 39
1 26 40
3 26 41
2 27 41
2 28 41
2 29 41
-1
0 30 41
2 31 41
2 32 41
2 33 41
2 34 41
2 35 41
2 36 41
2 37 41
2 38 41
2 39 41
5 40 41
1 40 42
1 40 43
1 40 44
1 40 45
0 40 46
1 2 40
1 2 39
1 2 38
1 2 37
5 2 36
-1
0 1 36
-1
-1
-1
-1
-1
-1
-1
-1
0 40 41
1 40 40
1 40 39
1 40 38
6 40 37
2 41 37
2 42 37
-1
-1
-1
0 43 37
6 27 14
1 27 15
1 27 16
1 27 17
1 27 18
1 27 19
1 27 20
4 27 21
2 26 21
2 25 21
2 24 21
2 23 21
2 22 21
0 21 21
-1
-1
0 31 14
1 37 20
1 37 21
1 37 22
1 37 23
1 37 24
-1
0 37 25
1 30 42
4 30 43
2 29 43
2 28 43
2 27 43
2 26 43
2 25 43
2 24 43
2 23 43
0 22 43
1 28 13
1 28 12
5 28 11
0 27 11
5 21 20
2 20 20
2 19 20
2 18 20
2 17 20
2 16 20
2 15 20
2 14 20
2 13 20
2 12 20
2 11 20
2 10 20
0 9 20
0 5 41
1 27 10
1 27 9
1 27 8
5 27 7
2 26 7
2 25 7
2 24 7
2 23 7
2 22 7
2 21 7
2 20 7
2 19 7
2 18 7
2 17 7
2 16 7
0 15 7
0 10 36
0 42 15
1 15 6
1 15 5
1 15 4
1 15 3
5 15 2
2 14 2
2 13 2
2 12 2
2 11 2
2 10 2
2 9 2
2 8 2
2 7 2
0 6 2
0 24 21
0 28 26
-1
-1
0 15 20
-1
-1
-1
-1
-1
-1
-1
-1
-1
-1
-1
-1
-1
-1
-1
-1
-1
-1
-1
-1
-1
-1
-1
-1
-1
-1
-1
-1
-1
-1
-1
-1
-1
-1
-1
-1
-1
-1
-1
-1
-1
-1
-1
-1
-1
-1
-1
-1
-1
-1
-1
-1
-1
-1
-1
-1
-1
-1
-1
-1
-1
-1
-1
-1
-1
-1
-1
-1
-1
-1
-1
-1
-1
-1
-1
-1
-1
-1
-1
-1
-1
-1
-1
-1
-1
-1
-1
-1
-1
-1
-1
-1
-1
-1
-1
-1
-1
-1
-1
-1
-1
-1
-1
-1
-1
-1
-1
-1
-1
-1
-1
-1
-1
-1
-1
-1
-1
-1
-1
-1
-1
-1
-1
-1
-1
-1
-1
-1
-1
-1
-1
-1
-1
-1
-1
-1
-1
-1
-1
-1
-1
-1
-1
-1
-1
