0 28 21
2 29 21
4 30 21
1 30 20
6 30 19
2 31 19
2 32 19
4 33 19
1 33 18
1 33 17
6 33 16
2 34 16
2 35 16
2 36 16
0 37 16
-1
2 27 21
6 26 21
1 26 22
1 26 23
-1
1 26 24
1 26 25
1 26 26
-1
1 26 27
4 26 28
2 25 28
-1
2 24 28
2 23 28
6 22 28
-1
1 22 29
1 22 30
4 22 31
-1
6 21 31
1 21 32
1 21 33
-1
1 21 34
1 21 35
1 21 36
-1
-1
-1
-1
-1
-1
-1
-1
-1
-1
-1
-1
-1
-1
-1
-1
-1
-1
-1
-1
-1
-1
-1
-1
-1
-1
-1
-1
-1
-1
-1
-1
-1
-1
-1
-1
-1
-1
-1
-1
-1
-1
-1
-1
-1
-1
-1
-1
-1
-1
-1
-1
-1
-1
-1
-1
-1
-1
-1
-1
-1
-1
-1
-1
-1
0 21 37
6 37 15
2 38 15
4 39 15
1 39 14
-1
-1
-1
-1
-1
-1
-1
-1
-1
-1
-1
-1
-1
-1
-1
-1
-1
-1
-1
-1
-1
-1
-1
-1
-1
-1
-1
-1
-1
-1
-1
0 39 13
2 20 37
2 19 37
2 18 37
2 17 37
3 16 37
1 16 36
5 16 35
2 15 35
-1
-1
-1
-1
-1
-1
-1
-1
-1
-1
-1
-1
-1
-1
-1
-1
-1
-1
-1
-1
-1
-1
0 14 35
5 28 20
2 27 20
2 26 20
3 25 20
1 25 19
1 25 18
1 25 17
1 25 16
1 25 15
1 25 14
1 25 13
1 25 12
1 25 11
1 25 10
1 25 9
1 25 8
5 25 7
3 24 7
5 24 6
2 23 6
3 22 6
1 22 5
1 22 4
0 22 3
1 14 36
1 14 37
1 14 38
4 14 39
-1
-1
-1
-1
-1
-1
0 13 39
2 12 39
2 11 39
2 10 39
2 9 39
6 8 39
1 8 40
1 8 41
1 8 42
1 8 43
1 8 44
4 8 45
0 7 45
5 23 3
3 23 4
2 24 4
2 25 4
2 26 4
2 27 4
2 28 4
2 29 4
2 30 4
5 31 4
1 31 5
0 31 6
-1
-1
-1
0 34 16
1 37 17
1 37 18
1 37 19
1 37 20
1 37 21
1 37 22
3 37 23
2 38 23
5 39 23
1 39 24
1 39 25
1 39 26
1 39 27
1 39 28
0 39 29
0 37 20
0 8 39
1 7 46
1 7 47
3 7 48
2 8 48
2 9 48
0 10 48
2 13 35
2 12 35
0 11 35
2 21 3
2 20 3
2 19 3
2 18 3
2 17 3
2 16 3
0 15 3
0 37 23
2 11 48
2 12 48
4 13 48
6 13 47
2 14 47
2 15 47
0 16 47
2 38 16
2 39 16
2 40 16
2 41 16
5 42 16
1 42 17
0 42 18
0 25 12
0 19 3
0 16 37
1 39 30
1 39 31
0 39 32
1 34 15
1 34 14
5 34 13
0 33 13
0 8 38
1 28 22
1 28 23
1 28 24
3 28 25
0 29 25
0 33 16
0 33 19
2 24 12
2 23 12
2 22 12
2 21 12
2 20 12
2 19 12
0 18 12
2 6 45
0 5 45
0 11 34
0 24 7
0 42 16
0 28 4
1 5 44
5 5 43
2 4 43
0 3 43
0 22 28
2 40 32
5 41 32
1 41 33
1 41 34
0 41 35
2 17 12
2 16 12
0 15 12
0 31 4
0 39 23
0 21 31
0 20 12
0 26 27
0 31 19
2 42 35
2 43 35
2 44 35
0 45 35
1 45 34
1 45 33
1 45 32
0 45 31
0 25 20
0 13 48
0 26 12
0 26 23
2 46 31
0 47 31
0 25 17
1 3 42
5 3 41
0 2 41
2 24 20
2 23 20
0 22 20
3 14 12
5 14 11
2 13 11
2 12 11
0 11 11
1 41 36
1 41 37
4 41 38
0 40 38
1 40 39
1 40 40
1 40 41
0 40 42
0 22 31
1 33 20
1 33 21
0 33 22
2 41 42
0 42 42
1 2 40
1 2 39
0 2 38
0 26 4
0 15 35
1 2 37
1 2 36
0 2 35
0 32 13
6 2 34
2 3 34
2 4 34
0 5 34
0 22 37
0 41 32
0 22 6
2 30 25
0 31 25
0 43 16
1 31 26
1 31 27
0 31 28
2 14 3
2 13 3
0 12 3
1 18 11
1 18 10
5 18 9
0 17 9
2 26 17
0 27 17
0 21 6
1 12 4
0 12 5
1 31 3
1 31 2
0 31 1
1 15 34
1 15 33
0 15 32
2 32 28
2 33 28
0 34 28
1 42 43
1 42 44
1 42 45
1 42 46
0 42 47
1 5 33
1 5 32
1 5 31
1 5 30
0 5 29
1 22 21
0 22 22
2 44 16
0 45 16
1 15 31
1 15 30
1 15 29
5 15 28
0 14 28
2 40 29
0 41 29
1 14 27
1 14 26
5 14 25
0 13 25
1 45 36
0 45 37
6 13 24
2 14 24
2 15 24
2 16 24
0 17 24
0 17 25
2 23 37
0 24 37
2 25 37
2 26 37
2 27 37
0 28 37
1 28 38
0 28 39
1 28 40
1 28 41
1 28 42
1 28 43
1 28 44
0 28 45
1 39 12
0 39 11
1 39 10
6 39 9
0 40 9
5 40 23
3 40 24
2 41 24
0 42 24
2 43 24
2 44 24
0 45 24
0 46 24
0 16 3
2 10 11
2 9 11
2 8 11
2 7 11
2 6 11
2 5 11
0 4 11
1 4 12
1 4 13
4 4 14
2 3 14
0 2 14
0 4 10
1 2 15
1 2 16
4 2 17
0 1 17
1 17 8
0 17 7
4 13 40
2 12 40
0 11 40
2 16 7
2 15 7
0 14 7
1 18 13
1 18 14
3 18 15
5 19 15
0 19 16
1 17 23
1 17 22
0 17 21
0 9 48
2 41 9
2 42 9
0 43 9
1 45 30
1 45 29
0 45 28
1 40 43
1 40 44
4 40 45
0 39 45
1 16 38
3 16 39
5 17 39
3 17 40
0 18 40
1 43 8
1 43 7
1 43 6
1 43 5
6 43 4
0 44 4
2 16 21
3 15 21
1 15 20
1 15 19
0 15 18
1 11 33
0 11 32
1 16 46
1 16 45
0 16 44
3 1 18
2 2 18
2 3 18
2 4 18
2 5 18
0 6 18
5 27 27
1 27 28
1 27 29
0 27 30
2 40 35
2 39 35
2 38 35
0 37 35
2 12 25
2 11 25
0 10 25
1 10 24
1 10 23
5 10 22
0 9 22
1 33 12
6 33 11
0 34 11
1 31 7
4 31 8
2 30 8
0 29 8
5 12 2
2 11 2
0 10 2
4 6 19
2 5 19
6 4 19
1 4 20
4 4 21
0 3 21
2 27 45
2 26 45
0 25 45
1 22 2
1 22 1
6 22 0
0 23 0
0 39 15
1 25 46
4 25 47
2 24 47
2 23 47
0 22 47
1 44 3
1 44 2
6 44 1
2 45 1
0 46 1
5 32 1
3 32 2
2 33 2
2 34 2
2 35 2
2 36 2
0 37 2
2 44 9
2 45 9
2 46 9
0 47 9
1 45 38
1 45 39
3 45 40
2 46 40
0 47 40
1 28 46
1 28 47
1 28 48
3 28 49
2 29 49
2 30 49
2 31 49
2 32 49
0 33 49
4 20 16
6 20 15
0 21 15
-1
-1
-1
-1
-1
-1
-1
-1
-1
-1
-1
-1
-1
-1
-1
-1
-1
-1
-1
-1
-1
-1
-1
-1
-1
-1
-1
-1
-1
-1
-1
-1
-1
-1
-1
-1
-1
-1
-1
-1
-1
-1
-1
-1
-1
-1
-1
-1
-1
-1
-1
-1
-1
-1
-1
-1
-1
-1
-1
-1
-1
-1
-1
-1
-1
-1
-1
-1
-1
-1
-1
-1
-1
-1
-1
-1
-1
-1
-1
-1
-1
-1
-1
-1
-1
-1
-1
-1
-1
-1
-1
-1
-1
-1
-1
-1
-1
-1
-1
-1
-1
-1
-1
-1
-1
-1
-1
-1
-1
-1
-1
-1
-1
-1
-1
-1
-1
-1
-1
-1
-1
-1
-1
-1
-1
-1
-1
-1
-1
-1
-1
-1
-1
-1
-1
-1
-1
-1
-1
-1
-1
-1
-1
-1
-1
-1
-1
-1
-1
-1
-1
-1
-1
-1
-1
-1
-1
-1
-1
-1
-1
-1
-1
-1
-1
-1
-1
-1
-1
-1
