0 3 27
6 3 26
2 4 26
2 5 26
2 6 26
2 7 26
2 8 26
2 9 26
2 10 26
2 11 26
2 12 26
2 13 26
2 14 26
2 15 26
2 16 26
2 17 26
2 18 26
2 19 26
2 20 26
2 21 26
2 22 26
2 23 26
2 24 26
4 25 26
6 25 25
2 26 25
2 27 25
2 28 25
4 29 25
1 29 24
1 29 23
1 29 22
1 29 21
1 29 20
1 29 19
6 29 18
2 30 18
2 31 18
2 32 18
2 33 18
2 34 18
2 35 18
2 36 18
2 37 18
2 38 18
2 39 18
2 40 18
2 41 18
4 42 18
1 42 17
1 42 16
1 42 15
1 42 14
1 42 13
6 42 12
2 43 12
2 44 12
2 45 12
0 46 12
1 3 28
1 3 29
4 3 30
2 2 30
-1
-1
-1
-1
-1
-1
-1
-1
-1
-1
-1
-1
-1
-1
-1
-1
-1
-1
-1
-1
-1
-1
-1
-1
0 1 30
-1
-1
-1
-1
-1
-1
-1
-1
-1
-1
-1
-1
-1
-1
-1
-1
-1
-1
-1
-1
-1
-1
-1
-1
-1
-1
-1
-1
-1
-1
-1
-1
-1
-1
-1
-1
-1
-1
-1
-1
-1
0 42 18
1 42 19
1 42 20
1 42 21
1 42 22
1 42 23
1 42 24
1 42 25
-1
-1
-1
-1
-1
-1
-1
-1
-1
-1
-1
-1
-1
-1
-1
-1
-1
-1
-1
-1
-1
-1
-1
-1
0 42 26
3 2 27
1 2 26
1 2 25
1 2 24
1 2 23
1 2 22
1 2 21
1 2 20
1 2 19
1 2 18
1 2 17
1 2 16
1 2 15
1 2 14
1 2 13
1 2 12
1 2 11
1 2 10
1 2 9
6 2 8
2 3 8
2 4 8
-1
-1
-1
-1
-1
-1
-1
-1
-1
-1
0 5 8
2 6 8
2 7 8
-1
-1
-1
-1
-1
-1
-1
-1
-1
-1
-1
-1
-1
-1
-1
-1
0 8 8
3 1 31
2 2 31
2 3 31
2 4 31
2 5 31
2 6 31
5 7 31
1 7 32
1 7 33
3 7 34
2 8 34
2 9 34
5 10 34
1 10 35
3 10 36
2 11 36
2 12 36
2 13 36
2 14 36
2 15 36
2 16 36
2 17 36
0 18 36
4 18 37
2 17 37
6 16 37
1 16 38
1 16 39
1 16 40
1 16 41
1 16 42
1 16 43
1 16 44
1 16 45
4 16 46
2 15 46
2 14 46
2 13 46
2 12 46
0 11 46
1 8 9
1 8 10
1 8 11
3 8 12
2 9 12
2 10 12
2 11 12
2 12 12
2 13 12
2 14 12
2 15 12
2 16 12
2 17 12
2 18 12
-1
0 19 12
6 0 30
1 0 31
1 0 32
1 0 33
1 0 34
1 0 35
1 0 36
1 0 37
-1
-1
-1
-1
0 0 38
-1
-1
-1
-1
-1
-1
-1
-1
-1
-1
0 38 18
5 43 18
1 43 19
3 43 20
-1
-1
-1
-1
-1
-1
0 44 20
1 8 7
1 8 6
1 8 5
1 8 4
1 8 3
6 8 2
2 9 2
2 10 2
-1
0 11 2
-1
-1
-1
-1
-1
-1
-1
0 29 23
-1
-1
-1
-1
-1
-1
-1
0 15 26
1 18 35
1 18 34
6 18 33
2 19 33
2 20 33
-1
-1
0 21 33
1 42 27
1 42 28
1 42 29
1 42 30
1 42 31
3 42 32
2 43 32
0 44 32
2 20 12
2 21 12
2 22 12
2 23 12
2 24 12
2 25 12
0 26 12
-1
-1
-1
-1
-1
0 7 31
2 27 12
4 28 12
1 28 11
1 28 10
6 28 9
2 29 9
2 30 9
0 31 9
2 12 2
2 13 2
2 14 2
2 15 2
2 16 2
0 17 2
-1
-1
-1
-1
0 3 26
2 41 26
6 40 26
4 40 27
2 39 27
2 38 27
0 37 27
-1
-1
-1
-1
0 2 16
1 37 28
1 37 29
1 37 30
3 37 31
0 38 31
4 1 38
6 1 37
2 2 37
2 3 37
2 4 37
0 5 37
-1
-1
-1
0 2 20
1 0 39
1 0 40
1 0 41
-1
0 0 42
2 3 20
2 4 20
2 5 20
2 6 20
2 7 20
0 8 20
-1
-1
0 29 25
1 29 26
1 29 27
4 29 28
0 28 28
6 17 1
2 18 1
2 19 1
2 20 1
0 21 1
1 17 3
3 17 4
0 18 4
1 46 11
1 46 10
5 46 9
2 45 9
0 44 9
1 8 19
1 8 18
0 8 17
-1
-1
-1
0 12 26
1 28 29
1 28 30
3 28 31
0 29 31
-1
-1
0 10 34
1 19 13
1 19 14
1 19 15
0 19 16
1 38 32
1 38 33
1 38 34
1 38 35
0 38 36
-1
0 28 12
1 44 8
6 44 7
-1
0 45 7
2 37 36
2 36 36
0 35 36
-1
-1
0 25 26
2 9 20
2 10 20
2 11 20
2 12 20
0 13 20
-1
0 40 26
1 11 47
1 11 48
3 11 49
2 12 49
0 13 49
5 26 11
0 25 11
3 28 23
5 28 22
2 27 22
0 26 22
1 12 27
1 12 28
1 12 29
0 12 30
-1
-1
-1
-1
-1
-1
-1
-1
-1
-1
-1
-1
-1
-1
-1
-1
-1
-1
-1
-1
-1
-1
-1
-1
-1
-1
-1
-1
-1
-1
-1
-1
-1
-1
-1
-1
-1
-1
-1
-1
-1
-1
-1
-1
-1
-1
-1
-1
-1
-1
-1
-1
-1
-1
-1
-1
-1
-1
-1
-1
-1
-1
-1
-1
-1
-1
-1
-1
-1
-1
-1
-1
-1
-1
-1
-1
-1
-1
-1
-1
-1
-1
-1
-1
-1
-1
-1
-1
-1
-1
-1
-1
-1
-1
-1
-1
-1
-1
-1
-1
-1
-1
-1
-1
-1
-1
-1
-1
-1
-1
-1
-1
-1
-1
-1
-1
-1
-1
-1
-1
-1
-1
-1
-1
-1
-1
-1
-1
-1
-1
-1
-1
-1
-1
-1
-1
-1
-1
-1
-1
-1
-1
-1
-1
-1
-1
-1
-1
-1
-1
-1
-1
-1
-1
-1
-1
-1
-1
-1
-1
-1
-1
-1
-1
-1
-1
-1
-1
-1
-1
-1
-1
-1
-1
-1
-1
-1
-1
-1
-1
-1
-1
-1
-1
-1
-1
-1
-1
-1
-1
-1
-1
-1
-1
-1
-1
-1
-1
-1
-1
-1
-1
-1
-1
-1
-1
-1
-1
-1
-1
-1
-1
-1
-1
-1
-1
-1
-1
-1
-1
-1
-1
-1
-1
-1
-1
-1
-1
-1
-1
-1
-1
-1
-1
-1
-1
-1
-1
-1
-1
-1
-1
-1
-1
-1
-1
-1
-1
-1
-1
-1
-1
-1
-1
-1
-1
-1
-1
-1
-1
-1
-1
-1
-1
-1
-1
-1
-1
-1
-1
-1
-1
-1
-1
-1
-1
-1
-1
-1
-1
-1
-1
-1
-1
-1
-1
-1
-1
-1
-1
-1
-1
-1
-1
-1
-1
-1
-1
-1
-1
-1
-1
-1
-1
-1
-1
-1
-1
