0 23 7
1 23 8
1 23 9
1 23 10
1 23 11
1 23 12
1 23 13
1 23 14
1 23 15
1 23 16
1 23 17
1 23 18
1 23 19
1 23 20
1 23 21
1 23 22
1 23 23
1 23 24
1 23 25
1 23 26
1 23 27
1 23 28
1 23 29
1 23 30
1 23 31
1 23 32
1 23 33
3 23 34
5 24 34
1 24 35
0 24 36
5 24 7
3 24 8
2 25 8
2 26 8
2 27 8
2 28 8
2 29 8
2 30 8
2 31 8
2 32 8
2 33 8
2 34 8
2 35 8
2 36 8
2 37 8
2 38 8
2 39 8
5 40 8
1 40 9
1 40 10
3 40 11
2 41 11
5 42 11
1 42 12
1 42 13
1 42 14
1 42 15
-1
-1
-1
-1
-1
-1
-1
-1
-1
-1
-1
-1
-1
-1
-1
-1
-1
-1
-1
-1
-1
-1
-1
-1
-1
-1
-1
-1
-1
-1
-1
-1
-1
-1
-1
-1
-1
-1
-1
-1
-1
-1
-1
-1
-1
-1
-1
-1
-1
-1
-1
-1
0 42 16
2 23 36
2 22 36
6 21 36
4 21 37
2 20 37
2 19 37
2 18 37
2 17 37
2 16 37
6 15 37
4 15 38
2 14 38
2 13 38
2 12 38
2 11 38
2 10 38
2 9 38
2 8 38
2 7 38
2 6 38
2 5 38
6 4 38
1 4 39
4 4 40
6 3 40
1 3 41
-1
-1
-1
-1
-1
0 3 42
2 4 42
2 5 42
5 6 42
1 6 43
1 6 44
1 6 45
-1
-1
-1
-1
0 6 46
1 23 6
6 23 5
2 24 5
4 25 5
6 25 4
2 26 4
2 27 4
-1
0 28 4
2 29 4
2 30 4
2 31 4
4 32 4
1 32 3
1 32 2
6 32 1
2 33 1
2 34 1
2 35 1
2 36 1
0 37 1
1 24 37
1 24 38
1 24 39
4 24 40
0 23 40
0 23 10
2 25 36
2 26 36
2 27 36
0 28 36
1 42 17
1 42 18
1 42 19
1 42 20
1 42 21
3 42 22
2 43 22
0 44 22
0 6 42
0 42 12
2 5 46
2 4 46
6 3 46
4 3 47
0 2 47
0 21 36
1 28 37
4 28 38
0 27 38
0 23 21
2 22 10
0 21 10
0 42 19
4 43 16
6 43 15
2 44 15
2 45 15
2 46 15
0 47 15
0 40 8
2 22 21
2 21 21
2 20 21
0 19 21
1 19 20
1 19 19
1 19 18
1 19 17
0 19 16
0 27 39
0 7 38
2 18 16
2 17 16
2 16 16
0 15 16
0 26 8
0 15 37
2 14 16
2 13 16
2 12 16
2 11 16
2 10 16
0 9 16
0 44 15
1 9 17
1 9 18
1 9 19
0 9 20
0 23 15
0 4 38
4 9 21
2 8 21
0 7 21
0 31 8
0 29 8
2 6 21
0 5 21
0 23 18
0 28 35
2 41 19
2 40 19
0 39 19
0 3 40
0 23 29
1 7 22
1 7 23
0 7 24
1 6 47
0 6 48
0 18 37
0 23 32
0 25 4
1 5 20
1 5 19
0 5 18
0 36 8
1 28 3
0 28 2
2 28 39
2 29 39
0 30 39
2 7 46
2 8 46
0 9 46
0 31 4
1 47 16
1 47 17
0 47 18
0 36 1
0 2 42
0 31 5
5 36 7
2 35 7
0 34 7
0 33 1
0 23 23
1 9 47
0 9 48
1 28 34
1 28 33
0 28 32
1 15 17
0 15 18
0 6 43
0 24 34
0 46 18
0 31 39
1 40 7
1 40 6
0 40 5
5 10 46
3 10 47
2 11 47
0 12 47
2 13 47
2 14 47
0 15 47
1 9 45
6 9 44
2 10 44
0 11 44
1 11 43
1 11 42
0 11 41
5 25 3
2 24 3
2 23 3
0 22 3
0 15 15
4 24 15
6 24 14
4 25 14
0 25 13
0 25 14
5 10 20
1 10 21
3 10 22
2 11 22
0 12 22
0 11 16
1 21 11
1 21 12
0 21 13
1 39 20
1 39 21
1 39 22
3 39 23
0 40 23
1 40 24
0 40 25
0 47 14
1 11 15
1 11 14
0 11 13
2 22 40
2 21 40
0 20 40
1 28 31
5 28 30
0 27 30
1 7 25
0 7 26
0 9 17
2 29 36
2 30 36
2 31 36
2 32 36
2 33 36
0 34 36
1 34 35
1 34 34
0 34 33
0 2 48
1 30 40
1 30 41
1 30 42
0 30 43
2 26 14
2 27 14
0 28 14
2 31 43
2 32 43
0 33 43
1 33 44
1 33 45
3 33 46
0 34 46
2 35 46
5 36 46
1 36 47
3 36 48
0 37 48
1 20 41
0 20 42
0 12 23
3 41 16
5 41 15
0 40 15
1 28 15
0 28 16
2 19 42
2 18 42
0 17 42
1 22 2
0 22 1
0 3 46
0 42 11
2 29 16
2 30 16
2 31 16
0 32 16
3 22 29
1 22 28
0 22 27
2 21 27
2 20 27
2 19 27
0 18 27
0 47 19
1 28 1
0 28 0
0 47 20
0 7 43
0 16 47
0 11 40
2 35 36
0 36 36
1 44 23
1 44 24
0 44 25
2 38 19
0 37 19
2 16 42
0 15 42
0 15 19
2 39 15
2 38 15
0 37 15
0 6 24
0 7 27
1 32 15
0 32 14
1 29 9
0 29 10
2 41 8
2 42 8
0 43 8
2 39 25
0 38 25
2 20 10
0 19 10
3 10 13
0 10 12
2 29 43
2 28 43
2 27 43
0 26 43
1 5 17
5 5 16
0 4 16
0 15 38
1 47 21
0 47 22
0 8 24
1 10 11
1 10 10
0 10 9
0 17 27
0 38 24
0 32 13
1 19 22
0 19 23
2 11 9
0 12 9
1 18 36
0 18 35
1 37 47
6 37 46
2 38 46
0 39 46
2 18 10
0 17 10
0 21 37
0 17 9
1 27 29
0 27 28
0 23 41
0 47 13
2 3 38
0 2 38
0 6 27
1 6 28
0 6 29
0 9 38
6 33 42
4 34 42
0 34 41
0 47 12
1 9 37
1 9 36
0 9 35
2 24 21
2 25 21
2 26 21
0 27 21
2 23 1
0 24 1
2 21 3
2 20 3
0 19 3
1 17 26
5 17 25
2 16 25
0 15 25
0 27 22
1 15 36
1 15 35
1 15 34
0 15 33
1 36 9
1 36 10
4 36 11
0 35 11
1 15 14
6 15 13
0 16 13
1 38 26
1 38 27
0 38 28
0 47 11
1 15 32
0 15 31
2 28 22
2 29 22
2 30 22
0 31 22
0 32 22
2 33 33
0 32 33
1 47 10
6 47 9
0 48 9
1 36 2
4 36 3
0 35 3
2 37 36
2 38 36
2 39 36
0 40 36
0 40 37
3 16 48
0 17 48
2 3 16
2 2 16
0 1 16
0 1 42
2 37 25
2 36 25
0 35 25
0 0 42
1 30 44
1 30 45
1 30 46
4 30 47
0 29 47
0 39 5
2 9 9
2 8 9
2 7 9
3 6 9
0 6 8
0 23 42
6 27 27
0 28 27
2 18 48
0 19 48
0 0 16
3 39 47
0 40 47
2 33 16
2 34 16
0 35 16
0 14 42
0 28 26
3 29 48
2 30 48
0 31 48
2 38 1
2 39 1
0 40 1
2 20 48
2 21 48
0 22 48
1 12 24
0 12 25
1 27 20
0 27 19
2 41 37
2 42 37
2 43 37
0 44 37
3 18 21
0 18 20
2 45 37
2 46 37
0 47 37
1 47 38
4 47 39
0 46 39
1 47 36
0 47 35
5 24 23
0 24 24
3 22 32
5 22 31
2 21 31
0 20 31
6 2 37
4 3 37
1 3 36
1 3 35
0 3 34
2 7 29
2 8 29
0 9 29
1 6 30
0 6 31
2 41 1
2 42 1
2 43 1
2 44 1
2 45 1
2 46 1
0 47 1
1 47 2
0 47 3
1 18 34
6 18 33
0 19 33
3 17 43
0 18 43
1 47 34
1 47 33
6 47 32
0 48 32
1 10 8
1 10 7
5 10 6
0 9 6
0 45 1
2 29 27
0 30 27
2 14 31
3 13 31
5 13 30
0 12 30
2 31 27
0 32 27
1 44 26
1 44 27
0 44 28
1 37 14
1 37 13
6 37 12
0 38 12
0 36 46
2 5 29
3 4 29
5 4 28
0 3 28
6 48 8
0 49 8
2 4 21
2 3 21
2 2 21
0 1 21
0 46 3
6 9 34
2 10 34
0 11 34
1 34 32
0 34 31
2 8 16
0 7 16
-1
-1
-1
-1
-1
-1
-1
-1
-1
-1
-1
-1
-1
-1
-1
-1
-1
-1
-1
-1
-1
-1
-1
-1
-1
-1
-1
-1
-1
-1
-1
-1
-1
-1
-1
-1
-1
-1
-1
-1
-1
-1
-1
-1
-1
-1
-1
-1
-1
-1
-1
-1
-1
-1
-1
-1
-1
-1
-1
-1
-1
-1
-1
-1
-1
-1
-1
-1
-1
-1
-1
-1
-1
-1
-1
-1
-1
-1
-1
-1
-1
-1
-1
-1
-1
-1
-1
-1
-1
-1
-1
-1
-1
-1
-1
-1
-1
-1
-1
-1
-1
-1
-1
-1
-1
-1
-1
-1
-1
-1
-1
-1
-1
-1
-1
-1
-1
-1
-1
-1
-1
