0 3 20
2 4 20
2 5 20
4 6 20
1 6 19
6 6 18
2 7 18
2 8 18
2 9 18
2 10 18
2 11 18
4 12 18
1 12 17
6 12 16
2 13 16
2 14 16
2 15 16
2 16 16
2 17 16
2 18 16
2 19 16
2 20 16
2 21 16
2 22 16
2 23 16
2 24 16
2 25 16
2 26 16
4 27 16
1 27 15
1 27 14
6 27 13
2 28 13
0 29 13
1 3 21
1 3 22
1 3 23
3 3 24
5 4 24
1 4 25
-1
-1
-1
-1
-1
-1
0 4 26
2 30 13
2 31 13
4 32 13
1 32 12
-1
-1
-1
-1
-1
-1
-1
-1
0 32 11
1 4 27
1 4 28
1 4 29
3 4 30
-1
-1
-1
-1
0 5 30
4 5 31
2 4 31
3 3 31
5 3 30
-1
-1
0 2 30
5 29 12
2 28 12
2 27 12
2 26 12
0 25 12
1 29 14
1 29 15
3 29 16
-1
0 30 16
2 33 11
2 34 11
0 35 11
2 2 20
2 1 20
0 0 20
2 3 26
2 2 26
0 1 26
1 32 10
5 32 9
2 31 9
2 30 9
0 29 9
2 6 30
5 7 30
3 7 31
2 8 31
2 9 31
0 10 31
2 28 9
0 27 9
0 26 16
1 26 17
0 26 18
0 21 16
0 11 18
0 19 16
2 31 16
0 32 16
0 7 30
0 6 20
1 21 15
0 21 14
5 36 11
1 36 12
1 36 13
0 36 14
0 36 11
0 4 24
0 33 16
1 36 15
1 36 16
1 36 17
1 36 18
0 36 19
2 11 31
5 12 31
1 12 32
1 12 33
3 12 34
0 13 34
2 14 34
2 15 34
2 16 34
0 17 34
1 27 8
1 27 7
0 27 6
0 13 35
0 21 13
1 17 33
0 17 32
2 26 9
2 25 9
0 24 9
3 6 21
0 7 21
0 27 16
0 12 16
4 37 19
6 37 18
2 38 18
0 39 18
0 12 32
0 7 22
2 28 6
2 29 6
2 30 6
0 31 6
2 12 35
2 11 35
2 10 35
0 9 35
1 9 36
1 9 37
4 9 38
6 8 38
1 8 39
0 8 40
1 8 41
1 8 42
0 8 43
0 32 6
2 20 13
2 19 13
2 18 13
0 17 13
1 35 10
0 35 9
2 16 13
2 15 13
0 14 13
0 14 12
1 14 11
1 14 10
0 14 9
2 13 9
0 12 9
0 6 18
0 9 37
0 36 20
0 28 9
1 30 17
1 30 18
0 30 19
2 36 9
2 37 9
2 38 9
2 39 9
0 40 9
1 1 25
0 1 24
0 21 17
0 32 13
5 17 31
0 16 31
2 37 14
0 38 14
2 39 14
0 40 14
0 35 8
2 41 14
0 42 14
2 41 9
0 42 9
0 43 9
6 43 8
2 44 8
2 45 8
0 46 8
1 7 23
3 7 24
2 8 24
0 9 24
2 10 24
2 11 24
2 12 24
0 13 24
0 7 29
1 46 9
1 46 10
0 46 11
2 14 24
2 15 24
2 16 24
0 17 24
2 18 24
2 19 24
0 20 24
1 27 5
0 27 4
1 46 7
0 46 6
1 6 17
0 6 16
2 26 4
2 25 4
0 24 4
2 23 4
0 22 4
0 21 4
0 4 31
1 30 20
0 30 21
1 36 21
0 36 22
0 29 21
1 6 15
0 6 14
5 6 13
2 5 13
0 4 13
0 15 16
0 4 12
1 4 11
1 4 10
0 4 9
1 4 8
1 4 7
5 4 6
2 3 6
3 2 6
0 2 5
1 2 4
1 2 3
0 2 2
0 47 11
6 2 1
2 3 1
0 4 1
2 15 9
2 16 9
2 17 9
0 18 9
6 20 23
2 21 23
0 22 23
2 23 23
2 24 23
0 25 23
1 20 25
1 20 26
0 20 27
0 20 28
0 19 9
2 37 22
2 38 22
0 39 22
2 40 22
2 41 22
0 42 22
2 43 22
0 44 22
1 44 23
1 44 24
0 44 25
2 45 22
2 46 22
0 47 22
1 4 32
3 4 33
0 5 33
1 14 8
0 14 7
1 14 6
0 14 5
2 13 5
2 12 5
0 11 5
1 22 22
1 22 21
0 22 20
1 13 25
0 13 26
0 2 6
0 13 36
3 42 15
2 43 15
0 44 15
1 44 16
0 44 17
3 8 44
2 9 44
2 10 44
0 11 44
2 7 43
2 6 43
2 5 43
0 4 43
2 5 1
2 6 1
0 7 1
0 29 22
0 5 34
0 8 1
0 9 1
1 39 23
0 39 24
1 35 7
1 35 6
6 35 5
0 36 5
0 45 17
0 1 30
0 47 21
0 47 20
1 25 24
0 25 25
1 5 35
0 5 36
2 5 9
0 6 9
0 37 5
0 40 18
0 39 9
0 4 44
2 20 4
2 19 4
0 18 4
0 3 44
0 3 30
0 31 21
0 18 34
1 32 5
1 32 4
0 32 3
2 4 36
2 3 36
2 2 36
0 1 36
2 12 44
2 13 44
0 14 44
0 3 13
0 19 27
0 41 14
2 21 20
2 20 20
0 19 20
3 44 26
2 45 26
2 46 26
0 47 26
0 48 26
0 11 9
6 10 5
4 10 6
0 9 6
0 8 6
1 13 37
1 13 38
0 13 39
4 3 14
2 2 14
0 1 14
1 11 45
1 11 46
1 11 47
4 11 48
2 10 48
0 9 48
0 39 25
1 39 26
0 39 27
6 43 25
1 43 26
1 43 27
0 43 28
1 43 29
1 43 30
1 43 31
1 43 32
0 43 33
1 9 25
0 9 26
2 44 33
2 45 33
0 46 33
1 18 3
0 18 2
0 1 6
0 47 6
1 47 5
1 47 4
0 47 3
2 46 3
2 45 3
2 44 3
0 43 3
0 25 18
0 47 2
0 12 39
1 14 4
0 14 3
1 32 2
6 32 1
0 33 1
6 12 26
0 12 27
0 33 0
0 35 19
1 3 45
1 3 46
1 3 47
0 3 48
0 31 22
1 31 23
1 31 24
0 31 25
0 19 10
1 14 2
0 14 1
1 27 3
1 27 2
0 27 1
5 44 28
3 44 29
0 45 29
0 24 8
2 38 27
2 37 27
0 36 27
1 22 3
1 22 2
0 22 1
1 18 35
0 18 36
0 27 0
1 18 37
1 18 38
0 18 39
1 31 26
4 31 27
0 30 27
1 30 28
1 30 29
0 30 30
1 16 30
0 16 29
2 15 44
2 16 44
0 17 44
0 11 19
0 1 2
1 21 5
0 21 6
1 30 31
0 30 32
0 29 32
1 17 45
4 17 46
0 16 46
3 30 33
2 31 33
5 32 33
1 32 34
0 32 35
4 33 35
6 33 34
0 34 34
2 29 30
0 28 30
2 38 5
0 39 5
1 1 7
1 1 8
0 1 9
1 3 19
0 3 18
4 32 36
2 31 36
2 30 36
2 29 36
0 28 36
2 35 34
2 36 34
0 37 34
1 37 35
0 37 36
1 17 43
0 17 42
3 16 47
2 17 47
0 18 47
2 18 32
2 19 32
2 20 32
2 21 32
0 22 32
2 22 14
0 23 14
1 15 17
0 15 18
1 37 37
1 37 38
3 37 39
2 38 39
0 39 39
2 40 39
0 41 39
1 4 42
1 4 41
0 4 40
6 37 4
4 38 4
1 38 3
0 38 2
2 42 33
2 41 33
0 40 33
2 27 36
6 26 36
4 26 37
2 25 37
2 24 37
0 23 37
0 24 10
0 23 38
0 15 19
0 14 0
4 1 31
0 0 31
1 42 8
0 42 7
6 47 1
0 48 1
4 39 40
2 38 40
2 37 40
2 36 40
6 35 40
1 35 41
4 35 42
6 34 42
0 34 43
4 39 28
0 38 28
2 13 12
0 12 12
2 7 6
2 6 6
0 5 6
5 24 38
1 24 39
1 24 40
0 24 41
1 43 34
0 43 35
1 41 40
1 41 41
1 41 42
1 41 43
1 41 44
1 41 45
1 41 46
0 41 47
1 24 42
1 24 43
1 24 44
0 24 45
2 46 17
0 47 17
2 7 14
0 8 14
4 42 47
1 42 46
6 42 45
2 43 45
0 44 45
0 24 46
6 23 46
0 23 47
1 38 1
5 38 0
0 37 0
0 26 36
1 34 44
1 34 45
1 34 46
1 34 47
0 34 48
1 46 34
1 46 35
1 46 36
0 46 37
0 11 20
0 35 40
3 44 46
2 45 46
2 46 46
0 47 46
0 14 10
0 47 16
2 25 41
2 26 41
2 27 41
5 28 41
0 28 42
1 1 37
1 1 38
4 1 39
0 0 39
6 2 44
0 2 45
1 47 45
1 47 44
0 47 43
-1
-1
-1
-1
-1
-1
-1
-1
-1
-1
-1
-1
-1
-1
-1
-1
-1
-1
-1
-1
-1
-1
-1
-1
-1
-1
-1
-1
-1
-1
-1
-1
-1
-1
-1
-1
-1
-1
-1
-1
-1
-1
-1
-1
-1
-1
-1
-1
-1
-1
-1
-1
-1
-1
-1
-1
-1
-1
-1
-1
-1
-1
-1
-1
-1
-1
-1
-1
-1
-1
-1
-1
-1
-1
-1
-1
-1
-1
-1
-1
-1
-1
-1
-1
-1
-1
-1
-1
-1
-1
-1
-1
-1
-1
-1
-1
-1
-1
-1
-1
-1
-1
-1
-1
-1
-1
-1
-1
-1
-1
-1
-1
-1
-1
-1
-1
-1
-1
-1
-1
-1
-1
-1
-1
-1
-1
-1
-1
-1
-1
-1
-1
-1
-1
-1
-1
