0 2 20
2 3 20
2 4 20
2 5 20
2 6 20
2 7 20
2 8 20
2 9 20
2 10 20
2 11 20
2 12 20
2 13 20
2 14 20
4 15 20
1 15 19
1 15 18
1 15 17
1 15 16
1 15 15
1 15 14
1 15 13
6 15 12
2 16 12
2 17 12
2 18 12
2 19 12
0 20 12
1 20 11
1 20 10
1 20 9
1 20 8
6 20 7
2 21 7
2 22 7
2 23 7
2 24 7
2 25 7
2 26 7
2 27 7
2 28 7
2 29 7
2 30 7
2 31 7
2 32 7
4 33 7
1 33 6
1 33 5
6 33 4
2 34 4
2 35 4
-1
-1
-1
-1
-1
-1
-1
-1
-1
-1
-1
-1
-1
-1
-1
-1
-1
-1
-1
-1
-1
-1
-1
-1
-1
-1
-1
-1
-1
-1
-1
-1
-1
0 36 4
1 2 21
1 2 22
1 2 23
1 2 24
1 2 25
1 2 26
1 2 27
1 2 28
1 2 29
1 2 30
1 2 31
1 2 32
1 2 33
3 2 34
2 3 34
-1
-1
-1
-1
-1
-1
-1
-1
-1
-1
-1
-1
-1
-1
-1
-1
-1
-1
-1
-1
-1
-1
-1
-1
-1
-1
-1
-1
-1
-1
-1
-1
-1
-1
-1
-1
-1
-1
-1
-1
-1
-1
-1
-1
-1
-1
0 4 34
1 36 5
1 36 6
1 36 7
1 36 8
-1
-1
-1
-1
-1
-1
-1
-1
-1
-1
-1
-1
-1
-1
-1
-1
-1
-1
-1
-1
-1
-1
-1
-1
-1
-1
-1
-1
0 36 9
1 4 35
1 4 36
1 4 37
1 4 38
1 4 39
1 4 40
3 4 41
2 5 41
2 6 41
2 7 41
2 8 41
2 9 41
5 10 41
1 10 42
1 10 43
1 10 44
1 10 45
3 10 46
-1
-1
-1
-1
-1
-1
-1
-1
-1
-1
-1
-1
-1
-1
-1
-1
-1
-1
-1
-1
-1
0 11 46
-1
-1
-1
-1
-1
-1
-1
-1
-1
-1
-1
-1
-1
-1
-1
-1
-1
-1
-1
-1
-1
0 21 7
2 12 46
2 13 46
2 14 46
2 15 46
5 16 46
3 16 47
2 17 47
2 18 47
2 19 47
-1
-1
-1
-1
-1
-1
-1
-1
-1
-1
-1
0 20 47
1 36 10
1 36 11
1 36 12
1 36 13
1 36 14
4 36 15
2 35 15
2 34 15
-1
-1
-1
-1
-1
-1
-1
-1
-1
0 33 15
1 20 13
1 20 14
1 20 15
1 20 16
1 20 17
1 20 18
3 20 19
5 21 19
1 21 20
1 21 21
1 21 22
1 21 23
1 21 24
1 21 25
1 21 26
-1
0 21 27
1 21 6
5 21 5
2 20 5
2 19 5
2 18 5
2 17 5
2 16 5
2 15 5
-1
-1
-1
-1
0 14 5
1 11 45
1 11 44
1 11 43
6 11 42
2 12 42
-1
-1
-1
-1
-1
-1
0 13 42
2 22 27
2 23 27
2 24 27
2 25 27
2 26 27
2 27 27
2 28 27
2 29 27
2 30 27
2 31 27
2 32 27
2 33 27
2 34 27
5 35 27
1 35 28
0 35 29
-1
-1
-1
-1
-1
0 16 46
-1
-1
-1
-1
-1
-1
-1
0 33 7
-1
-1
-1
-1
-1
-1
-1
0 21 19
1 13 41
1 13 40
6 13 39
2 14 39
2 15 39
2 16 39
2 17 39
2 18 39
0 19 39
4 33 16
6 32 16
1 32 17
1 32 18
1 32 19
1 32 20
1 32 21
4 32 22
0 31 22
-1
-1
-1
-1
0 2 24
1 35 30
3 35 31
2 36 31
2 37 31
-1
-1
0 38 31
6 20 46
2 21 46
2 22 46
2 23 46
-1
-1
0 24 46
-1
-1
-1
-1
0 2 23
1 38 32
1 38 33
1 38 34
1 38 35
1 38 36
0 38 37
1 38 38
1 38 39
1 38 40
3 38 41
2 39 41
0 40 41
2 41 41
2 42 41
2 43 41
2 44 41
2 45 41
2 46 41
0 47 41
2 25 46
2 26 46
2 27 46
2 28 46
2 29 46
2 30 46
2 31 46
2 32 46
0 33 46
0 15 20
6 38 30
2 39 30
2 40 30
2 41 30
2 42 30
2 43 30
2 44 30
0 45 30
1 21 28
0 21 29
-1
-1
-1
0 10 41
-1
-1
-1
0 12 20
1 2 19
1 2 18
-1
0 2 17
4 40 42
2 39 42
-1
0 38 42
1 15 21
1 15 22
1 15 23
3 15 24
2 16 24
0 17 24
-1
0 27 27
1 47 42
1 47 43
1 47 44
1 47 45
1 47 46
0 47 47
2 46 47
2 45 47
0 44 47
1 36 3
5 36 2
2 35 2
2 34 2
2 33 2
0 32 2
0 25 7
1 2 16
1 2 15
6 2 14
2 3 14
2 4 14
2 5 14
2 6 14
2 7 14
0 8 14
0 37 37
0 18 12
-1
0 16 45
5 37 9
3 37 10
2 38 10
2 39 10
2 40 10
0 41 10
0 28 27
1 41 11
1 41 12
1 41 13
1 41 14
1 41 15
0 41 16
0 18 5
1 41 17
1 41 18
1 41 19
0 41 20
1 28 28
1 28 29
1 28 30
1 28 31
1 28 32
1 28 33
1 28 34
1 28 35
0 28 36
1 11 47
1 11 48
3 11 49
0 12 49
1 14 4
1 14 3
1 14 2
5 14 1
2 13 1
2 12 1
2 11 1
2 10 1
0 9 1
-1
-1
-1
-1
-1
-1
-1
-1
-1
-1
-1
-1
-1
-1
-1
-1
-1
-1
-1
-1
-1
-1
-1
-1
-1
-1
-1
-1
-1
-1
-1
-1
-1
-1
-1
-1
-1
-1
-1
-1
-1
-1
-1
-1
-1
-1
-1
-1
-1
-1
-1
-1
-1
-1
-1
-1
-1
-1
-1
-1
-1
-1
-1
-1
-1
-1
-1
-1
-1
-1
-1
-1
-1
-1
-1
-1
-1
-1
-1
-1
-1
-1
-1
-1
-1
-1
-1
-1
-1
-1
-1
-1
-1
-1
-1
-1
-1
-1
-1
-1
-1
-1
-1
-1
-1
-1
-1
-1
-1
-1
-1
-1
-1
-1
-1
-1
-1
-1
-1
-1
-1
-1
-1
-1
-1
-1
-1
-1
-1
-1
-1
-1
-1
-1
-1
-1
-1
-1
-1
-1
-1
-1
-1
-1
-1
-1
-1
-1
-1
-1
-1
-1
-1
-1
-1
-1
-1
-1
-1
-1
-1
-1
-1
-1
-1
-1
-1
-1
-1
-1
-1
-1
-1
-1
-1
-1
-1
-1
-1
-1
-1
-1
-1
-1
-1
-1
-1
-1
-1
-1
-1
-1
-1
-1
-1
-1
-1
-1
-1
-1
-1
-1
-1
-1
-1
-1
-1
-1
-1
-1
-1
-1
-1
-1
-1
-1
-1
-1
-1
-1
-1
-1
-1
-1
-1
-1
-1
-1
-1
-1
-1
-1
-1
-1
-1
-1
-1
-1
-1
-1
-1
-1
-1
-1
-1
-1
-1
-1
-1
-1
-1
-1
-1
-1
-1
-1
-1
-1
-1
-1
-1
-1
-1
-1
-1
-1
