0 3 25
1 3 24
1 3 23
1 3 22
1 3 21
1 3 20
1 3 19
6 3 18
2 4 18
2 5 18
4 6 18
6 6 17
2 7 17
4 8 17
1 8 16
1 8 15
1 8 14
1 8 13
6 8 12
2 9 12
2 10 12
2 11 12
2 12 12
2 13 12
2 14 12
4 15 12
1 15 11
6 15 10
2 16 10
4 17 10
6 17 9
2 18 9
2 19 9
2 20 9
2 21 9
4 22 9
6 22 8
2 23 8
2 24 8
2 25 8
2 26 8
4 27 8
1 27 7
6 27 6
2 28 6
2 29 6
4 30 6
1 30 5
1 30 4
1 30 3
1 30 2
6 30 1
2 31 1
2 32 1
2 33 1
0 34 1
2 35 1
2 36 1
5 37 1
1 37 2
1 37 3
1 37 4
1 37 5
-1
-1
-1
-1
-1
-1
-1
-1
-1
-1
-1
-1
-1
-1
-1
-1
-1
-1
-1
-1
-1
-1
-1
-1
0 37 6
2 4 25
2 5 25
2 6 25
5 7 25
1 7 26
1 7 27
1 7 28
1 7 29
1 7 30
1 7 31
3 7 32
2 8 32
2 9 32
2 10 32
2 11 32
5 12 32
3 12 33
2 13 33
2 14 33
5 15 33
1 15 34
1 15 35
1 15 36
1 15 37
1 15 38
3 15 39
2 16 39
5 17 39
1 17 40
0 17 41
4 38 6
1 38 5
6 38 4
2 39 4
2 40 4
4 41 4
1 41 3
-1
-1
-1
-1
-1
0 41 2
1 17 42
1 17 43
1 17 44
3 17 45
2 18 45
5 19 45
1 19 46
1 19 47
3 19 48
-1
-1
0 20 48
1 37 7
3 37 8
2 38 8
2 39 8
-1
-1
-1
0 40 8
6 16 41
1 16 42
4 16 43
2 15 43
-1
0 14 43
1 40 9
1 40 10
1 40 11
1 40 12
4 40 13
2 39 13
2 38 13
0 37 13
2 18 41
2 19 41
2 20 41
0 21 41
6 36 6
1 36 7
1 36 8
4 36 9
0 35 9
1 3 26
1 3 27
1 3 28
1 3 29
1 3 30
1 3 31
1 3 32
1 3 33
3 3 34
0 4 34
2 21 48
2 22 48
2 23 48
2 24 48
0 25 48
0 15 34
0 30 6
0 27 8
0 12 32
1 30 7
1 30 8
1 30 9
0 30 10
1 37 14
0 37 15
0 38 4
0 15 39
1 25 47
6 25 46
2 26 46
0 27 46
0 9 32
0 19 9
0 17 45
2 13 43
6 12 43
1 12 44
4 12 45
0 11 45
2 41 8
2 42 8
2 43 8
2 44 8
2 45 8
0 46 8
1 11 46
0 11 47
0 7 25
2 38 15
2 39 15
5 40 15
1 40 16
1 40 17
1 40 18
1 40 19
0 40 20
0 46 9
1 40 21
1 40 22
1 40 23
0 40 24
2 41 24
2 42 24
2 43 24
0 44 24
2 45 24
2 46 24
5 47 24
1 47 25
1 47 26
1 47 27
1 47 28
1 47 29
1 47 30
1 47 31
0 47 32
0 47 24
0 47 33
1 47 34
1 47 35
1 47 36
0 47 37
1 44 25
1 44 26
1 44 27
0 44 28
0 30 3
0 47 26
0 9 33
1 44 29
0 44 30
1 9 31
1 9 30
6 9 29
0 10 29
1 27 45
1 27 44
0 27 43
2 28 43
2 29 43
0 30 43
6 10 28
2 11 28
2 12 28
2 13 28
0 14 28
0 40 15
2 15 28
4 16 28
0 16 27
0 48 37
3 46 37
5 46 36
2 45 36
0 44 36
0 12 12
1 30 42
1 30 41
0 30 40
0 19 45
2 29 3
2 28 3
0 27 3
2 17 27
2 18 27
0 19 27
0 8 17
5 30 39
2 29 39
0 28 39
0 22 9
0 3 18
0 37 1
0 43 36
0 47 31
0 40 9
0 10 28
4 27 4
2 26 4
2 25 4
0 24 4
6 19 26
2 20 26
0 21 26
0 6 18
0 12 43
3 30 44
2 31 44
2 32 44
0 33 44
1 43 37
1 43 38
4 43 39
0 42 39
1 9 34
1 9 35
0 9 36
0 22 10
2 2 25
0 1 25
0 23 4
1 8 18
3 8 19
2 9 19
2 10 19
0 11 19
4 40 25
2 39 25
0 38 25
5 31 6
3 31 7
0 32 7
2 12 19
2 13 19
0 14 19
1 33 45
1 33 46
0 33 47
0 15 36
1 47 38
1 47 39
0 47 40
0 41 4
0 3 30
0 8 16
1 34 2
1 34 3
0 34 4
2 27 39
2 26 39
0 25 39
4 48 31
1 48 30
0 48 29
0 15 12
1 6 19
0 6 20
0 41 9
1 14 20
1 14 21
0 14 22
1 41 1
0 41 0
0 3 23
1 44 23
0 44 22
2 31 40
0 32 40
0 8 12
1 38 24
1 38 23
0 38 22
1 8 11
5 8 10
2 7 10
2 6 10
2 5 10
0 4 10
5 21 40
3 20 40
0 20 39
1 42 40
1 42 41
0 42 42
5 4 9
2 3 9
2 2 9
0 1 9
0 31 1
0 43 28
2 34 47
0 35 47
1 47 23
1 47 22
6 47 21
2 48 21
0 49 21
0 42 2
1 46 7
0 46 6
0 47 34
1 12 11
1 12 10
1 12 9
1 12 8
6 12 7
0 13 7
1 13 6
1 13 5
5 13 4
2 12 4
2 11 4
0 10 4
1 10 3
1 10 2
0 10 1
1 19 28
1 19 29
0 19 30
2 9 1
2 8 1
2 7 1
0 6 1
2 15 19
2 16 19
0 17 19
0 7 29
1 22 11
1 22 12
1 22 13
0 22 14
0 18 19
0 8 32
0 8 25
4 37 16
0 36 16
6 16 45
0 16 46
0 20 38
3 19 31
2 20 31
2 21 31
0 22 31
2 14 36
0 13 36
1 25 38
0 25 37
1 22 32
0 22 33
1 46 10
1 46 11
1 46 12
4 46 13
0 45 13
2 43 2
0 44 2
2 41 39
2 40 39
0 39 39
2 37 22
2 36 22
0 35 22
2 34 22
2 33 22
0 32 22
0 7 10
2 42 36
3 41 36
0 41 35
1 11 20
0 11 21
1 41 34
0 41 33
1 32 23
1 32 24
0 32 25
2 31 25
2 30 25
0 29 25
0 17 9
2 20 45
2 21 45
0 22 45
2 22 4
0 21 4
2 2 18
2 1 18
0 0 18
1 38 26
0 38 27
1 0 17
0 0 16
3 2 30
0 2 29
2 40 33
0 39 33
0 39 32
1 28 38
1 28 37
1 28 36
0 28 35
1 32 21
1 32 20
0 32 19
2 45 2
2 46 2
0 47 2
0 43 22
1 21 25
1 21 24
0 21 23
4 33 48
0 32 48
1 17 20
0 17 21
1 27 9
1 27 10
4 27 11
0 26 11
1 32 26
3 32 27
0 33 27
1 32 39
1 32 38
0 32 37
0 30 11
2 36 47
2 37 47
2 38 47
2 39 47
0 40 47
0 24 8
0 13 4
2 31 19
2 30 19
0 29 19
1 27 2
6 27 1
0 28 1
0 25 40
1 6 2
1 6 3
0 6 4
0 16 47
1 33 28
0 33 29
1 33 30
4 33 31
2 32 31
6 31 31
0 31 32
1 12 42
1 12 41
5 12 40
0 11 40
1 29 18
1 29 17
0 29 16
5 31 11
3 31 12
2 32 12
0 33 12
0 8 10
5 29 24
0 28 24
1 14 23
4 14 24
0 13 24
2 10 47
2 9 47
2 8 47
0 7 47
2 23 45
2 24 45
0 25 45
1 22 44
0 22 43
1 26 12
0 26 13
2 23 31
2 24 31
0 25 31
2 10 40
2 9 40
2 8 40
2 7 40
2 6 40
0 5 40
1 18 18
0 18 17
1 3 17
1 3 16
1 3 15
0 3 14
6 1 8
4 2 8
1 2 7
0 2 6
1 26 14
0 26 15
6 21 22
2 22 22
2 23 22
2 24 22
0 25 22
4 16 34
1 16 33
0 16 32
1 25 21
5 25 20
0 24 20
2 41 15
2 42 15
0 43 15
1 43 16
3 43 17
2 44 17
0 45 17
1 47 41
1 47 42
1 47 43
0 47 44
0 2 28
-1
-1
-1
-1
-1
-1
-1
-1
-1
-1
-1
-1
-1
-1
-1
-1
-1
-1
-1
-1
-1
-1
-1
-1
-1
-1
-1
-1
-1
-1
-1
-1
-1
-1
-1
-1
-1
-1
-1
-1
-1
-1
-1
-1
-1
-1
-1
-1
-1
-1
-1
-1
-1
-1
-1
-1
-1
-1
-1
-1
-1
-1
-1
-1
-1
-1
-1
-1
-1
-1
-1
-1
-1
-1
-1
-1
-1
-1
-1
-1
-1
-1
-1
-1
-1
-1
-1
-1
-1
-1
-1
-1
-1
-1
-1
-1
-1
-1
-1
-1
-1
-1
-1
-1
-1
-1
-1
-1
-1
-1
-1
-1
-1
-1
-1
-1
-1
-1
-1
-1
-1
-1
-1
-1
-1
-1
-1
-1
-1
-1
-1
-1
-1
-1
-1
-1
-1
-1
-1
-1
-1
-1
-1
-1
-1
-1
-1
-1
-1
-1
-1
-1
-1
-1
-1
-1
-1
-1
-1
-1
-1
-1
-1
