0 8 35
1 8 34
6 8 33
2 9 33
2 10 33
4 11 33
6 11 32
2 12 32
2 13 32
2 14 32
2 15 32
2 16 32
2 17 32
2 18 32
2 19 32
2 20 32
2 21 32
2 22 32
2 23 32
2 24 32
4 25 32
6 25 31
2 26 31
2 27 31
2 28 31
4 29 31
6 29 30
2 30 30
2 31 30
2 32 30
2 33 30
2 34 30
2 35 30
2 36 30
2 37 30
0 38 30
1 8 36
1 8 37
4 8 38
2 7 38
2 6 38
-1
-1
-1
-1
-1
-1
-1
-1
-1
-1
-1
-1
-1
-1
-1
-1
-1
-1
-1
-1
-1
-1
-1
-1
-1
-1
-1
-1
-1
-1
-1
-1
-1
-1
-1
-1
-1
-1
0 5 38
2 39 30
2 40 30
2 41 30
2 42 30
2 43 30
-1
-1
-1
-1
-1
-1
-1
-1
-1
-1
-1
-1
-1
-1
-1
-1
-1
-1
-1
-1
-1
-1
-1
-1
-1
-1
-1
-1
0 44 30
3 5 39
2 6 39
5 7 39
1 7 40
1 7 41
1 7 42
1 7 43
-1
-1
-1
-1
-1
-1
-1
-1
-1
-1
-1
-1
-1
-1
-1
-1
-1
-1
-1
-1
-1
-1
-1
-1
-1
-1
-1
0 7 44
1 38 29
1 38 28
1 38 27
1 38 26
1 38 25
1 38 24
1 38 23
1 38 22
1 38 21
5 38 20
-1
-1
-1
-1
-1
-1
-1
-1
0 37 20
2 8 44
2 9 44
2 10 44
2 11 44
2 12 44
2 13 44
4 14 44
6 14 43
2 15 43
-1
-1
-1
-1
-1
-1
-1
0 16 43
-1
-1
-1
-1
-1
-1
-1
-1
-1
-1
0 30 30
3 38 31
2 39 31
-1
-1
-1
-1
-1
-1
-1
-1
0 40 31
5 17 43
1 17 44
1 17 45
3 17 46
-1
-1
-1
-1
-1
0 18 46
6 37 19
2 38 19
2 39 19
5 40 19
1 40 20
1 40 21
1 40 22
1 40 23
-1
0 40 24
-1
-1
-1
-1
-1
-1
0 38 28
3 7 35
1 7 34
1 7 33
1 7 32
1 7 31
6 7 30
2 8 30
2 9 30
2 10 30
2 11 30
2 12 30
2 13 30
2 14 30
0 15 30
-1
0 22 32
1 15 29
1 15 28
1 15 27
6 15 26
-1
-1
0 16 26
-1
-1
-1
-1
0 40 19
1 5 37
1 5 36
1 5 35
1 5 34
5 5 33
2 4 33
0 3 33
1 30 31
1 30 32
1 30 33
3 30 34
2 31 34
2 32 34
5 33 34
1 33 35
1 33 36
1 33 37
1 33 38
0 33 39
0 11 33
5 41 19
3 41 20
2 42 20
2 43 20
0 44 20
2 6 44
2 5 44
0 4 44
1 22 33
4 22 34
2 21 34
2 20 34
0 19 34
6 18 45
2 19 45
2 20 45
2 21 45
2 22 45
0 23 45
1 16 42
1 16 41
1 16 40
5 16 39
2 15 39
2 14 39
0 13 39
1 22 31
1 22 30
0 22 29
1 3 32
1 3 31
1 3 30
1 3 29
1 3 28
0 3 27
1 44 19
1 44 18
1 44 17
6 44 16
0 45 16
0 17 43
1 19 35
1 19 36
0 19 37
1 30 29
6 30 28
2 31 28
0 32 28
0 7 39
3 44 31
2 45 31
2 46 31
0 47 31
1 47 32
1 47 33
1 47 34
1 47 35
4 47 36
0 46 36
1 3 26
1 3 25
6 3 24
2 4 24
2 5 24
0 6 24
0 8 30
0 14 44
4 18 47
2 17 47
0 16 47
1 32 27
1 32 26
1 32 25
1 32 24
1 32 23
0 32 22
0 30 34
2 31 22
2 30 22
0 29 22
3 6 25
2 7 25
2 8 25
2 9 25
0 10 25
0 25 32
3 19 38
2 20 38
2 21 38
0 22 38
0 10 44
1 10 24
1 10 23
1 10 22
1 10 21
5 10 20
0 9 20
0 38 22
1 40 32
1 40 33
1 40 34
1 40 35
1 40 36
0 40 37
1 40 38
1 40 39
0 40 40
1 32 21
1 32 20
0 32 19
0 33 34
0 13 32
1 32 18
1 32 17
0 32 16
2 23 38
2 24 38
2 25 38
0 26 38
1 32 15
1 32 14
1 32 13
1 32 12
1 32 11
1 32 10
1 32 9
1 32 8
0 32 7
0 12 30
1 32 6
1 32 5
0 32 4
2 33 7
2 34 7
0 35 7
1 9 19
1 9 18
1 9 17
0 9 16
1 9 15
1 9 14
5 9 13
2 8 13
2 7 13
0 6 13
2 10 16
2 11 16
0 12 16
1 4 45
1 4 46
4 4 47
2 3 47
0 2 47
0 32 39
1 32 3
1 32 2
1 32 1
0 32 0
2 34 34
2 35 34
0 36 34
1 12 17
3 12 18
2 13 18
2 14 18
2 15 18
2 16 18
2 17 18
2 18 18
0 19 18
1 19 17
1 19 16
1 19 15
1 19 14
1 19 13
1 19 12
1 19 11
6 19 10
2 20 10
2 21 10
2 22 10
0 23 10
1 45 15
1 45 14
1 45 13
1 45 12
1 45 11
1 45 10
1 45 9
1 45 8
1 45 7
6 45 6
2 46 6
0 47 6
-1
-1
-1
-1
-1
-1
-1
-1
-1
-1
-1
-1
-1
-1
-1
-1
-1
-1
-1
-1
-1
-1
-1
-1
-1
-1
-1
-1
-1
-1
-1
-1
-1
-1
-1
-1
-1
-1
-1
-1
-1
-1
-1
-1
-1
-1
-1
-1
-1
-1
-1
-1
-1
-1
-1
-1
-1
-1
-1
-1
-1
-1
-1
-1
-1
-1
-1
-1
-1
-1
-1
-1
-1
-1
-1
-1
-1
-1
-1
-1
-1
-1
-1
-1
-1
-1
-1
-1
-1
-1
-1
-1
-1
-1
-1
-1
-1
-1
-1
-1
-1
-1
-1
-1
-1
-1
-1
-1
-1
-1
-1
-1
-1
-1
-1
-1
-1
-1
-1
-1
-1
-1
-1
-1
-1
-1
-1
-1
-1
-1
-1
-1
-1
-1
-1
-1
-1
-1
-1
-1
-1
-1
-1
-1
-1
-1
-1
-1
-1
-1
-1
-1
-1
-1
-1
-1
-1
-1
-1
-1
-1
-1
-1
-1
-1
-1
-1
-1
-1
-1
-1
-1
-1
-1
-1
-1
-1
-1
-1
-1
-1
-1
-1
-1
-1
-1
-1
-1
-1
-1
-1
-1
-1
-1
-1
-1
-1
-1
-1
-1
-1
-1
-1
-1
-1
-1
-1
-1
-1
-1
-1
-1
-1
-1
-1
-1
-1
-1
-1
-1
-1
-1
-1
-1
-1
-1
-1
-1
-1
-1
-1
-1
-1
-1
-1
-1
-1
-1
-1
-1
-1
-1
-1
-1
-1
-1
-1
-1
-1
-1
-1
-1
-1
-1
-1
-1
-1
-1
-1
-1
-1
-1
-1
-1
-1
-1
-1
-1
-1
-1
-1
-1
-1
-1
-1
-1
-1
-1
-1
-1
-1
-1
-1
-1
-1
-1
-1
-1
-1
-1
-1
-1
-1
-1
-1
-1
-1
-1
-1
-1
-1
-1
-1
-1
-1
-1
-1
-1
-1
-1
-1
-1
-1
-1
-1
-1
-1
-1
-1
-1
-1
-1
-1
-1
