0 5 24
2 6 24
2 7 24
4 8 24
6 8 23
2 9 23
2 10 23
2 11 23
2 12 23
2 13 23
4 14 23
6 14 22
2 15 22
2 16 22
2 17 22
2 18 22
2 19 22
2 20 22
2 21 22
2 22 22
2 23 22
2 24 22
2 25 22
2 26 22
2 27 22
2 28 22
2 29 22
2 30 22
2 31 22
2 32 22
2 33 22
0 34 22
5 5 23
2 4 23
2 3 23
3 2 23
1 2 22
1 2 21
1 2 20
1 2 19
1 2 18
1 2 17
1 2 16
1 2 15
-1
-1
-1
-1
-1
-1
0 2 14
1 5 25
1 5 26
1 5 27
1 5 28
1 5 29
1 5 30
-1
-1
-1
-1
-1
-1
-1
-1
-1
-1
-1
-1
-1
-1
-1
-1
-1
-1
-1
0 5 31
1 34 23
1 34 24
3 34 25
2 35 25
5 36 25
1 36 26
1 36 27
1 36 28
1 36 29
1 36 30
1 36 31
1 36 32
1 36 33
1 36 34
1 36 35
-1
-1
-1
-1
-1
0 36 36
1 34 21
1 34 20
1 34 19
1 34 18
6 34 17
4 35 17
1 35 16
1 35 15
1 35 14
1 35 13
-1
-1
-1
-1
-1
0 35 12
6 2 13
2 3 13
2 4 13
2 5 13
2 6 13
4 7 13
1 7 12
1 7 11
1 7 10
1 7 9
-1
0 7 8
2 6 31
2 7 31
2 8 31
5 9 31
1 9 32
1 9 33
1 9 34
1 9 35
1 9 36
3 9 37
2 10 37
2 11 37
2 12 37
5 13 37
1 13 38
3 13 39
5 14 39
1 14 40
1 14 41
1 14 42
0 14 43
0 2 21
1 36 37
1 36 38
1 36 39
1 36 40
1 36 41
1 36 42
1 36 43
1 36 44
4 36 45
2 35 45
0 34 45
0 36 41
4 3 21
1 3 20
1 3 19
6 3 18
0 4 18
-1
-1
-1
0 36 25
2 5 18
2 6 18
2 7 18
2 8 18
0 9 18
1 9 17
6 9 16
2 10 16
2 11 16
2 12 16
4 13 16
0 13 15
0 8 31
1 35 11
5 35 10
2 34 10
2 33 10
0 32 10
0 9 31
2 35 41
2 34 41
2 33 41
2 32 41
0 31 41
4 35 22
6 35 21
2 36 21
0 37 21
2 14 15
2 15 15
2 16 15
0 17 15
2 18 15
2 19 15
0 20 15
0 13 37
0 5 27
0 22 22
1 7 7
1 7 6
0 7 5
2 37 25
2 38 25
2 39 25
2 40 25
5 41 25
1 41 26
0 41 27
0 37 20
0 9 35
0 8 23
0 2 23
0 35 36
2 30 41
0 29 41
5 37 41
3 37 42
2 38 42
0 39 42
0 11 23
0 2 15
0 7 9
1 37 19
1 37 18
6 37 17
0 38 17
0 36 32
0 5 28
0 7 13
0 2 13
2 6 5
2 5 5
0 4 5
0 32 22
0 30 22
0 11 37
0 36 27
2 42 27
2 43 27
0 44 27
1 17 14
5 17 13
0 16 13
2 3 5
6 2 5
4 2 6
0 1 6
3 35 32
0 35 31
1 14 44
1 14 45
1 14 46
0 14 47
0 41 25
2 13 47
2 12 47
2 11 47
0 10 47
1 32 21
1 32 20
1 32 19
1 32 18
1 32 17
0 32 16
2 9 47
2 8 47
2 7 47
0 6 47
1 6 46
1 6 45
1 6 44
6 6 43
0 7 43
1 32 9
1 32 8
0 32 7
2 21 15
2 22 15
0 23 15
0 11 24
2 8 9
2 9 9
2 10 9
2 11 9
0 12 9
1 44 26
6 44 25
2 45 25
2 46 25
2 47 25
0 48 25
2 31 16
0 30 16
1 11 25
1 11 26
0 11 27
1 12 8
0 12 7
2 12 27
0 13 27
1 11 38
0 11 39
0 32 19
0 36 12
0 7 42
0 14 23
0 6 18
2 39 17
2 40 17
0 41 17
0 18 22
1 34 46
1 34 47
0 34 48
2 42 17
0 43 17
2 5 47
2 4 47
0 3 47
2 34 36
0 33 36
1 3 46
0 3 45
2 31 10
2 30 10
2 29 10
2 28 10
0 27 10
0 15 47
0 14 27
5 30 21
2 29 21
0 28 21
0 36 40
1 16 12
1 16 11
0 16 10
0 5 13
0 24 15
2 37 36
2 38 36
0 39 36
2 4 28
0 3 28
1 18 23
0 18 24
4 30 17
2 29 17
2 28 17
0 27 17
0 2 17
1 39 43
1 39 44
0 39 45
1 48 24
1 48 23
5 48 22
0 47 22
4 5 32
2 4 32
0 3 32
0 8 13
0 2 32
1 23 14
0 23 13
2 34 31
2 33 31
0 32 31
0 31 31
0 11 7
1 7 41
0 7 40
0 13 16
1 18 21
0 18 20
1 30 23
0 30 24
0 43 16
2 30 31
3 29 31
5 29 30
2 28 30
2 27 30
0 26 30
1 26 31
4 26 32
2 25 32
2 24 32
2 23 32
0 22 32
1 11 22
1 11 21
0 11 20
1 43 15
1 43 14
1 43 13
0 43 12
0 14 41
0 31 7
1 29 40
5 29 39
2 28 39
2 27 39
0 26 39
0 15 41
3 43 18
0 44 18
0 22 33
0 23 12
1 4 4
1 4 3
1 4 2
0 4 1
1 43 11
1 43 10
1 43 9
6 43 8
2 44 8
0 45 8
0 5 1
0 28 30
1 13 36
1 13 35
0 13 34
2 38 21
0 39 21
1 22 21
1 22 20
0 22 19
1 45 7
1 45 6
1 45 5
1 45 4
0 45 3
2 46 3
0 47 3
4 26 40
6 25 40
1 25 41
1 25 42
0 25 43
1 30 15
1 30 14
0 30 13
1 25 44
1 25 45
1 25 46
1 25 47
0 25 48
0 24 43
1 26 38
1 26 37
0 26 36
1 12 6
1 12 5
1 12 4
0 12 3
2 16 47
2 17 47
0 18 47
0 26 10
0 40 25
1 36 13
0 36 14
0 8 35
1 22 34
1 22 35
0 22 36
1 22 37
0 22 38
6 44 3
4 44 4
2 43 4
0 42 4
0 40 21
6 39 35
2 40 35
2 41 35
0 42 35
0 19 24
1 26 29
1 26 28
0 26 27
0 9 23
0 27 27
1 10 46
0 10 45
2 15 27
2 16 27
0 17 27
2 6 8
0 5 8
2 17 10
2 18 10
0 19 10
1 19 9
1 19 8
1 19 7
0 19 6
1 6 19
0 6 20
0 6 40
0 46 22
2 5 40
2 4 40
2 3 40
0 2 40
0 44 25
1 16 9
5 16 8
0 15 8
2 35 27
0 34 27
1 41 28
1 41 29
1 41 30
0 41 31
0 40 31
0 35 17
3 39 37
5 40 37
0 40 38
1 19 5
1 19 4
5 19 3
0 18 3
2 7 35
0 6 35
1 2 33
1 2 34
1 2 35
0 2 36
2 45 18
2 46 18
2 47 18
0 48 18
0 10 44
0 7 31
1 18 46
0 18 45
0 48 17
0 29 31
2 21 33
2 20 33
0 19 33
2 46 8
0 47 8
1 13 33
0 13 32
2 27 36
0 28 36
2 23 19
0 24 19
2 15 13
0 14 13
2 41 38
2 42 38
2 43 38
2 44 38
0 45 38
1 8 12
6 8 11
0 9 11
1 36 11
1 36 10
6 36 9
0 37 9
1 22 31
1 22 30
0 22 29
0 37 8
2 14 32
0 15 32
3 13 17
5 14 17
0 14 18
1 12 2
1 12 1
0 12 0
2 42 12
2 41 12
0 40 12
2 19 45
2 20 45
0 21 45
1 27 9
0 27 8
1 1 7
1 1 8
0 1 9
2 16 41
2 17 41
0 18 41
0 19 41
0 41 21
0 6 36
2 6 1
2 7 1
0 8 1
2 14 37
2 15 37
2 16 37
0 17 37
0 37 25
2 41 4
0 40 4
1 27 7
5 27 6
2 26 6
0 25 6
1 6 48
0 6 49
0 17 36
1 22 23
0 22 24
6 25 5
2 26 5
2 27 5
4 28 5
0 28 4
0 39 46
1 26 26
0 26 25
2 42 31
2 43 31
0 44 31
4 33 37
2 32 37
0 31 37
2 40 46
2 41 46
2 42 46
2 43 46
2 44 46
0 45 46
4 2 24
0 1 24
0 20 6
1 45 39
1 45 40
3 45 41
0 46 41
4 26 48
1 26 47
0 26 46
6 32 6
0 33 6
1 40 11
1 40 10
6 40 9
0 41 9
2 45 31
2 46 31
5 47 31
0 47 32
6 45 45
0 46 45
0 19 11
0 2 5
5 5 12
0 4 12
-1
-1
-1
-1
-1
-1
-1
-1
-1
-1
-1
-1
-1
-1
-1
-1
-1
-1
-1
-1
-1
-1
-1
-1
-1
-1
-1
-1
-1
-1
-1
-1
-1
-1
-1
-1
-1
-1
-1
-1
-1
-1
-1
-1
-1
-1
-1
-1
-1
-1
-1
-1
-1
-1
-1
-1
-1
-1
-1
-1
-1
-1
-1
-1
-1
-1
-1
-1
-1
-1
-1
-1
-1
-1
-1
-1
-1
-1
-1
-1
-1
-1
-1
-1
-1
-1
-1
-1
-1
-1
-1
-1
-1
-1
-1
-1
-1
-1
-1
-1
-1
-1
-1
-1
-1
-1
-1
-1
-1
-1
-1
-1
-1
-1
-1
-1
-1
-1
-1
-1
-1
-1
-1
-1
-1
-1
-1
-1
-1
-1
