0 21 37
1 21 36
6 21 35
2 22 35
2 23 35
2 24 35
2 25 35
2 26 35
4 27 35
1 27 34
1 27 33
1 27 32
1 27 31
1 27 30
1 27 29
1 27 28
1 27 27
1 27 26
1 27 25
1 27 24
0 27 23
2 20 37
2 19 37
6 18 37
1 18 38
1 18 39
1 18 40
1 18 41
1 18 42
1 18 43
4 18 44
2 17 44
-1
-1
-1
-1
-1
-1
-1
-1
-1
-1
-1
-1
-1
-1
-1
-1
-1
-1
-1
-1
-1
-1
-1
-1
-1
-1
-1
-1
-1
-1
-1
-1
-1
-1
0 16 44
-1
1 27 22
1 27 21
-1
-1
-1
-1
-1
-1
-1
-1
-1
-1
-1
-1
-1
-1
-1
-1
-1
-1
-1
-1
-1
-1
-1
-1
-1
-1
-1
-1
-1
-1
-1
-1
-1
-1
-1
-1
-1
-1
-1
-1
-1
-1
-1
-1
-1
-1
-1
-1
-1
-1
-1
-1
-1
-1
-1
-1
-1
-1
-1
-1
-1
-1
-1
-1
-1
-1
-1
0 27 20
2 15 44
2 14 44
2 13 44
2 12 44
2 11 44
2 10 44
3 9 44
1 9 43
1 9 42
1 9 41
1 9 40
1 9 39
1 9 38
-1
-1
-1
-1
-1
-1
-1
-1
-1
-1
-1
-1
-1
-1
-1
-1
-1
-1
-1
-1
-1
-1
-1
-1
-1
-1
-1
-1
-1
-1
-1
-1
-1
-1
-1
-1
-1
-1
-1
-1
-1
-1
-1
0 9 37
1 27 19
1 27 18
1 27 17
1 27 16
6 27 15
2 28 15
2 29 15
4 30 15
1 30 14
1 30 13
1 30 12
1 30 11
1 30 10
1 30 9
1 30 8
6 30 7
4 31 7
1 31 6
1 31 5
1 31 4
6 31 3
2 32 3
2 33 3
2 34 3
-1
-1
-1
-1
-1
-1
-1
-1
-1
-1
-1
-1
-1
-1
-1
-1
-1
-1
-1
-1
-1
-1
-1
-1
-1
0 35 3
-1
-1
-1
-1
-1
-1
-1
-1
-1
-1
-1
-1
-1
-1
-1
-1
-1
-1
0 9 44
3 26 20
5 26 19
3 25 19
1 25 18
5 25 17
2 24 17
2 23 17
-1
-1
-1
-1
-1
-1
-1
-1
-1
-1
-1
-1
0 22 17
-1
-1
-1
-1
-1
-1
-1
-1
-1
-1
-1
-1
-1
0 27 35
1 9 36
1 9 35
5 9 34
2 8 34
2 7 34
2 6 34
2 5 34
2 4 34
-1
-1
-1
-1
-1
-1
0 3 34
4 28 35
1 28 34
6 28 33
2 29 33
2 30 33
-1
-1
-1
-1
-1
-1
-1
0 31 33
4 22 18
2 21 18
2 20 18
2 19 18
2 18 18
2 17 18
2 16 18
2 15 18
2 14 18
2 13 18
2 12 18
2 11 18
2 10 18
0 9 18
2 28 23
2 29 23
2 30 23
-1
-1
-1
-1
0 31 23
2 8 18
2 7 18
2 6 18
2 5 18
-1
-1
-1
-1
0 4 18
-1
-1
-1
-1
-1
-1
-1
0 30 15
1 4 17
1 4 16
1 4 15
1 4 14
1 4 13
6 4 12
-1
0 5 12
3 31 34
2 32 34
2 33 34
5 34 34
1 34 35
1 34 36
3 34 37
2 35 37
2 36 37
2 37 37
0 38 37
1 22 16
1 22 15
1 22 14
5 22 13
2 21 13
0 20 13
2 10 37
2 11 37
2 12 37
-1
-1
0 13 37
1 5 11
1 5 10
5 5 9
2 4 9
2 3 9
0 2 9
1 31 24
1 31 25
3 31 26
2 32 26
2 33 26
2 34 26
2 35 26
0 36 26
1 9 17
6 9 16
2 10 16
2 11 16
2 12 16
2 13 16
0 14 16
6 36 25
2 37 25
0 38 25
1 3 33
6 3 32
2 4 32
2 5 32
0 6 32
1 14 15
1 14 14
1 14 13
1 14 12
1 14 11
0 14 10
1 38 38
1 38 39
1 38 40
1 38 41
1 38 42
1 38 43
0 38 44
0 31 7
1 27 36
1 27 37
1 27 38
1 27 39
1 27 40
0 27 41
1 14 9
5 14 8
0 13 8
1 6 31
1 6 30
1 6 29
1 6 28
1 6 27
6 6 26
2 7 26
0 8 26
0 31 22
6 8 25
2 9 25
2 10 25
2 11 25
2 12 25
2 13 25
0 14 25
0 34 34
1 13 7
5 13 6
2 12 6
2 11 6
2 10 6
0 9 6
4 38 45
0 37 45
2 26 23
2 25 23
2 24 23
2 23 23
2 22 23
2 21 23
0 20 23
0 13 36
2 31 15
2 32 15
0 33 15
1 20 12
1 20 11
6 20 10
4 21 10
1 21 9
1 21 8
1 21 7
0 21 6
0 9 41
1 33 14
0 33 13
1 9 5
1 9 4
1 9 3
1 9 2
6 9 1
0 10 1
0 31 24
0 38 40
0 25 19
1 2 10
4 2 11
0 1 11
1 4 19
1 4 20
4 4 21
2 3 21
0 2 21
0 27 27
1 38 24
1 38 23
6 38 22
0 39 22
0 4 9
1 9 45
1 9 46
1 9 47
0 9 48
1 39 21
6 39 20
2 40 20
2 41 20
2 42 20
2 43 20
2 44 20
2 45 20
2 46 20
0 47 20
-1
-1
-1
-1
-1
-1
-1
-1
-1
-1
-1
-1
-1
-1
-1
-1
-1
-1
-1
-1
-1
-1
-1
-1
-1
-1
-1
-1
-1
-1
-1
-1
-1
-1
-1
-1
-1
-1
-1
-1
-1
-1
-1
-1
-1
-1
-1
-1
-1
-1
-1
-1
-1
-1
-1
-1
-1
-1
-1
-1
-1
-1
-1
-1
-1
-1
-1
-1
-1
-1
-1
-1
-1
-1
-1
-1
-1
-1
-1
-1
-1
-1
-1
-1
-1
-1
-1
-1
-1
-1
-1
-1
-1
-1
-1
-1
-1
-1
-1
-1
-1
-1
-1
-1
-1
-1
-1
-1
-1
-1
-1
-1
-1
-1
-1
-1
-1
-1
-1
-1
-1
-1
-1
-1
-1
-1
-1
-1
-1
-1
-1
-1
-1
-1
-1
-1
-1
-1
-1
-1
-1
-1
-1
-1
-1
-1
-1
-1
-1
-1
-1
-1
-1
-1
-1
-1
-1
-1
-1
-1
-1
-1
-1
-1
-1
-1
-1
-1
-1
-1
-1
-1
-1
-1
-1
-1
-1
-1
-1
-1
-1
-1
-1
-1
-1
-1
-1
-1
-1
-1
-1
-1
-1
-1
-1
-1
-1
-1
-1
-1
-1
-1
-1
-1
-1
-1
-1
-1
-1
-1
-1
-1
-1
-1
-1
-1
-1
-1
-1
-1
-1
-1
-1
-1
-1
-1
-1
-1
-1
-1
-1
-1
-1
-1
-1
-1
-1
-1
-1
-1
-1
-1
-1
-1
-1
-1
-1
-1
-1
-1
-1
-1
-1
-1
-1
-1
-1
-1
-1
-1
-1
-1
-1
-1
-1
-1
-1
-1
