0 8 40
2 9 40
2 10 40
2 11 40
2 12 40
2 13 40
2 14 40
2 15 40
4 16 40
1 16 39
6 16 38
2 17 38
2 18 38
2 19 38
2 20 38
2 21 38
2 22 38
2 23 38
2 24 38
2 25 38
2 26 38
2 27 38
2 28 38
2 29 38
2 30 38
2 31 38
2 32 38
2 33 38
2 34 38
2 35 38
2 36 38
2 37 38
0 38 38
1 38 37
1 38 36
1 38 35
1 38 34
1 38 33
1 38 32
1 38 31
-1
-1
-1
-1
-1
-1
-1
-1
-1
-1
-1
-1
-1
-1
-1
-1
-1
-1
-1
-1
-1
-1
-1
-1
-1
-1
-1
-1
-1
-1
-1
-1
-1
-1
-1
-1
-1
-1
-1
-1
-1
-1
-1
-1
-1
-1
0 38 30
1 8 39
1 8 38
1 8 37
1 8 36
1 8 35
1 8 34
1 8 33
1 8 32
1 8 31
1 8 30
1 8 29
1 8 28
1 8 27
6 8 26
2 9 26
2 10 26
4 11 26
1 11 25
1 11 24
1 11 23
1 11 22
1 11 21
1 11 20
1 11 19
1 11 18
1 11 17
6 11 16
2 12 16
2 13 16
4 14 16
1 14 15
1 14 14
1 14 13
1 14 12
1 14 11
6 14 10
-1
-1
-1
-1
-1
-1
-1
-1
-1
-1
-1
-1
-1
0 15 10
1 15 9
1 15 8
1 15 7
6 15 6
2 16 6
4 17 6
-1
-1
-1
-1
-1
-1
-1
-1
-1
-1
0 17 5
1 38 29
6 38 28
2 39 28
2 40 28
2 41 28
2 42 28
4 43 28
6 43 27
2 44 27
2 45 27
2 46 27
2 47 27
-1
0 48 27
2 16 5
2 15 5
2 14 5
2 13 5
-1
-1
-1
-1
-1
0 12 5
2 37 30
2 36 30
2 35 30
2 34 30
2 33 30
2 32 30
2 31 30
6 30 30
1 30 31
1 30 32
1 30 33
1 30 34
4 30 35
2 29 35
0 28 35
4 39 38
1 39 37
1 39 36
6 39 35
0 40 35
1 48 28
1 48 29
1 48 30
0 48 31
1 12 6
1 12 7
1 12 8
1 12 9
4 12 10
2 11 10
0 10 10
0 8 32
2 7 40
2 6 40
2 5 40
2 4 40
2 3 40
2 2 40
0 1 40
5 18 5
1 18 6
3 18 7
5 19 7
3 19 8
2 20 8
0 21 8
0 11 19
1 48 32
1 48 33
1 48 34
1 48 35
1 48 36
1 48 37
0 48 38
1 8 41
1 8 42
1 8 43
3 8 44
0 9 44
0 11 16
6 7 32
4 7 33
2 6 33
0 5 33
0 14 13
0 30 30
0 18 38
0 15 8
1 21 9
1 21 10
1 21 11
1 21 12
1 21 13
0 21 14
0 43 27
2 47 38
0 46 38
0 24 38
0 11 40
0 8 27
1 38 39
1 38 40
1 38 41
0 38 42
4 38 43
0 37 43
0 36 43
0 33 30
2 9 10
2 8 10
0 7 10
0 4 40
0 29 38
2 6 10
2 5 10
0 4 10
2 35 43
2 34 43
0 33 43
1 43 26
1 43 25
0 43 24
2 20 14
2 19 14
0 18 14
0 14 16
0 39 28
2 10 44
2 11 44
2 12 44
0 13 44
1 40 34
0 40 33
0 32 38
1 13 45
0 13 46
1 37 44
1 37 45
1 37 46
0 37 47
1 1 41
1 1 42
0 1 43
1 18 13
0 18 12
0 36 38
1 46 39
0 46 40
0 11 21
0 30 34
1 7 9
6 7 8
4 8 8
0 8 7
1 43 23
1 43 22
1 43 21
1 43 20
0 43 19
1 43 18
1 43 17
6 43 16
2 44 16
0 45 16
0 12 10
2 39 42
2 40 42
0 41 42
1 9 45
1 9 46
0 9 47
2 10 19
2 9 19
2 8 19
6 7 19
0 7 20
0 36 37
2 8 47
2 7 47
2 6 47
0 5 47
3 6 20
1 6 19
1 6 18
0 6 17
4 5 48
2 4 48
0 3 48
2 31 34
2 32 34
2 33 34
0 34 34
1 41 43
3 41 44
2 42 44
5 43 44
3 43 45
0 44 45
2 14 44
2 15 44
2 16 44
2 17 44
2 18 44
0 19 44
1 7 11
0 7 12
0 15 16
0 16 40
0 48 34
0 8 36
0 11 26
1 44 46
0 44 47
2 22 8
0 23 8
2 41 33
2 42 33
2 43 33
0 44 33
1 11 39
1 11 38
0 11 37
1 11 15
0 11 14
0 13 5
3 19 45
2 20 45
2 21 45
2 22 45
0 23 45
2 46 16
0 47 16
2 24 8
2 25 8
2 26 8
0 27 8
0 21 15
0 44 32
5 6 16
2 5 16
2 4 16
2 3 16
2 2 16
0 1 16
0 21 38
1 4 39
0 4 38
2 22 15
2 23 15
2 24 15
0 25 15
1 44 34
1 44 35
0 44 36
1 23 7
6 23 6
0 24 6
1 33 29
1 33 28
1 33 27
0 33 26
2 7 27
2 6 27
0 5 27
0 33 25
0 19 7
1 45 15
1 45 14
5 45 13
0 44 13
1 17 4
0 17 3
1 4 11
4 4 12
0 3 12
5 5 46
0 4 46
1 44 12
1 44 11
0 44 10
2 34 26
2 35 26
0 36 26
0 33 31
0 7 19
2 42 24
0 41 24
2 35 34
2 36 34
0 37 34
2 29 30
2 28 30
0 27 30
1 27 29
1 27 28
1 27 27
0 27 26
1 27 25
1 27 24
0 27 23
0 16 41
2 26 23
2 25 23
0 24 23
1 17 2
6 17 1
2 18 1
2 19 1
2 20 1
0 21 1
2 43 13
0 42 13
0 19 43
1 1 39
1 1 38
1 1 37
0 1 36
0 9 36
1 48 26
0 48 25
0 16 38
1 23 46
1 23 47
0 23 48
0 11 5
2 24 48
2 25 48
2 26 48
0 27 48
1 18 37
1 18 36
1 18 35
0 18 34
2 41 13
2 40 13
2 39 13
0 38 13
0 4 33
1 47 17
1 47 18
3 47 19
0 48 19
1 5 26
1 5 25
1 5 24
5 5 23
0 4 23
1 15 17
1 15 18
3 15 19
2 16 19
0 17 19
1 8 6
1 8 5
5 8 4
2 7 4
2 6 4
0 5 4
0 3 23
1 11 27
1 11 28
1 11 29
3 11 30
0 12 30
4 24 24
2 23 24
2 22 24
2 21 24
0 20 24
1 44 9
1 44 8
1 44 7
1 44 6
0 44 5
0 20 25
1 1 17
0 1 18
3 13 47
5 14 47
0 14 48
2 19 24
0 18 24
2 22 48
2 21 48
0 20 48
1 38 14
1 38 15
4 38 16
2 37 16
6 36 16
0 36 17
1 27 9
1 27 10
1 27 11
3 27 12
2 28 12
2 29 12
0 30 12
4 44 48
2 43 48
0 42 48
4 18 25
2 17 25
0 16 25
4 45 10
1 45 9
6 45 8
2 46 8
0 47 8
1 21 37
1 21 36
0 21 35
1 12 31
1 12 32
3 12 33
0 13 33
1 36 18
1 36 19
3 36 20
2 37 20
0 38 20
1 27 7
6 27 6
0 28 6
6 23 44
4 24 44
0 24 43
1 33 44
1 33 45
0 33 46
1 20 26
1 20 27
3 20 28
2 21 28
0 22 28
5 44 4
0 43 4
1 1 35
1 1 34
1 1 33
0 1 32
2 43 5
0 42 5
0 17 44
1 7 13
3 7 14
0 8 14
4 33 47
2 32 47
0 31 47
0 30 31
1 28 5
6 28 4
0 29 4
1 24 42
6 24 41
0 25 41
0 22 29
1 4 41
1 4 42
0 4 43
1 30 11
6 30 10
0 31 10
1 11 4
1 11 3
1 11 2
0 11 1
1 42 6
4 42 7
2 41 7
2 40 7
2 39 7
2 38 7
0 37 7
6 21 0
2 22 0
2 23 0
0 24 0
1 33 24
5 33 23
0 32 23
5 4 9
2 3 9
2 2 9
0 1 9
1 28 34
5 28 33
0 27 33
1 37 6
1 37 5
1 37 4
1 37 3
5 37 2
2 36 2
0 35 2
-1
-1
-1
-1
-1
-1
-1
-1
-1
-1
-1
-1
-1
-1
-1
-1
-1
-1
-1
-1
-1
-1
-1
-1
-1
-1
-1
-1
-1
-1
-1
-1
-1
-1
-1
-1
-1
-1
-1
-1
-1
-1
-1
-1
-1
-1
-1
-1
-1
-1
-1
-1
-1
-1
-1
-1
-1
-1
-1
-1
-1
-1
-1
-1
-1
-1
-1
-1
-1
-1
-1
-1
-1
-1
-1
-1
-1
-1
-1
-1
-1
-1
-1
-1
-1
-1
-1
-1
-1
-1
-1
-1
-1
-1
-1
-1
-1
-1
-1
-1
-1
-1
-1
-1
-1
-1
-1
-1
-1
-1
-1
-1
-1
-1
-1
-1
-1
-1
-1
-1
-1
-1
-1
-1
-1
-1
-1
-1
-1
-1
-1
-1
-1
-1
-1
-1
-1
-1
-1
-1
-1
-1
-1
-1
-1
-1
