0 35 18
2 34 18
6 33 18
1 33 19
1 33 20
1 33 21
1 33 22
1 33 23
1 33 24
1 33 25
1 33 26
1 33 27
1 33 28
1 33 29
1 33 30
1 33 31
1 33 32
1 33 33
1 33 34
1 33 35
1 33 36
1 33 37
1 33 38
4 33 39
2 32 39
2 31 39
2 30 39
2 29 39
2 28 39
2 27 39
2 26 39
2 25 39
6 24 39
1 24 40
1 24 41
1 24 42
1 24 43
1 24 44
1 24 45
1 24 46
1 24 47
4 24 48
2 23 48
0 22 48
2 21 48
2 20 48
2 19 48
-1
-1
-1
-1
-1
-1
-1
-1
-1
0 18 48
1 35 17
1 35 16
6 35 15
2 36 15
2 37 15
4 38 15
6 38 14
2 39 14
2 40 14
-1
-1
-1
-1
-1
-1
-1
0 41 14
1 41 15
1 41 16
1 41 17
3 41 18
2 42 18
-1
-1
-1
-1
-1
-1
0 43 18
1 18 47
1 18 46
1 18 45
1 18 44
5 18 43
3 17 43
-1
-1
-1
0 17 42
5 41 13
2 40 13
2 39 13
2 38 13
2 37 13
2 36 13
2 35 13
0 34 13
2 17 48
3 16 48
1 16 47
5 16 46
-1
0 15 46
4 42 14
6 42 13
2 43 13
2 44 13
-1
0 45 13
-1
-1
-1
0 24 45
4 25 45
6 25 44
2 26 44
2 27 44
2 28 44
2 29 44
2 30 44
2 31 44
2 32 44
0 33 44
0 33 18
5 15 45
2 14 45
2 13 45
0 12 45
1 12 46
1 12 47
0 12 48
1 12 44
1 12 43
5 12 42
2 11 42
2 10 42
2 9 42
0 8 42
6 33 43
2 34 43
0 35 43
0 20 48
1 34 12
1 34 11
0 34 10
1 33 45
1 33 46
1 33 47
0 33 48
1 45 14
0 45 15
2 36 43
0 37 43
2 33 10
2 32 10
2 31 10
2 30 10
2 29 10
2 28 10
2 27 10
2 26 10
2 25 10
0 24 10
1 24 11
1 24 12
1 24 13
4 24 14
0 23 14
1 24 9
1 24 8
1 24 7
1 24 6
6 24 5
2 25 5
2 26 5
0 27 5
0 33 36
1 27 4
0 27 3
5 23 13
2 22 13
2 21 13
2 20 13
2 19 13
2 18 13
2 17 13
2 16 13
2 15 13
0 14 13
1 14 12
1 14 11
1 14 10
1 14 9
1 14 8
1 14 7
0 14 6
1 14 14
4 14 15
2 13 15
2 12 15
0 11 15
0 29 44
1 11 16
1 11 17
1 11 18
1 11 19
0 11 20
0 33 39
0 24 40
0 37 15
2 10 15
2 9 15
2 8 15
2 7 15
0 6 15
0 33 20
0 41 13
1 6 14
1 6 13
0 6 12
0 33 30
2 5 12
2 4 12
2 3 12
0 2 12
2 10 20
2 9 20
2 8 20
0 7 20
2 6 20
0 5 20
0 38 15
1 37 44
3 37 45
2 38 45
2 39 45
0 40 45
0 28 39
1 23 15
1 23 16
1 23 17
1 23 18
4 23 19
0 22 19
4 5 21
0 4 21
1 40 44
1 40 43
1 40 42
0 40 41
2 12 20
0 13 20
0 6 16
1 20 47
0 20 46
0 33 17
0 18 13
0 34 9
3 3 21
1 3 20
1 3 19
5 3 18
2 2 18
0 1 18
0 8 41
0 9 41
1 14 5
1 14 4
0 14 3
2 13 3
2 12 3
0 11 3
2 10 3
2 9 3
0 8 3
0 7 3
0 7 12
0 16 48
1 40 40
1 40 39
1 40 38
1 40 37
1 40 36
0 40 35
1 40 34
1 40 33
6 40 32
0 41 32
1 9 40
0 9 39
6 45 12
0 46 12
2 42 32
2 43 32
0 44 32
2 45 32
2 46 32
0 47 32
1 44 33
0 44 34
1 47 31
1 47 30
1 47 29
0 47 28
5 8 40
2 7 40
2 6 40
2 5 40
0 4 40
0 4 39
0 41 18
1 29 45
1 29 46
0 29 47
0 23 19
0 14 9
2 21 19
2 20 19
2 19 19
0 18 19
0 13 9
1 18 20
1 18 21
0 18 22
1 4 41
1 4 42
1 4 43
0 4 44
5 13 8
2 12 8
0 11 8
1 4 22
1 4 23
1 4 24
0 4 25
0 10 39
0 7 4
2 34 39
2 35 39
2 36 39
0 37 39
0 24 43
0 33 40
2 34 20
2 35 20
2 36 20
0 37 20
0 1 17
0 23 48
6 29 43
0 30 43
0 38 20
6 14 2
2 15 2
2 16 2
0 17 2
1 7 11
0 7 10
0 7 5
1 44 35
0 44 36
1 18 23
4 18 24
0 17 24
0 46 11
0 46 10
0 46 9
1 22 20
1 22 21
1 22 22
0 22 23
0 10 8
0 18 12
2 32 30
0 31 30
1 17 3
1 17 4
3 17 5
2 18 5
0 19 5
0 24 42
0 17 25
0 24 39
0 33 13
1 35 44
1 35 45
0 35 46
2 23 23
2 24 23
2 25 23
0 26 23
1 44 37
1 44 38
0 44 39
1 40 46
3 40 47
2 41 47
2 42 47
0 43 47
2 44 47
2 45 47
0 46 47
2 5 25
2 6 25
0 7 25
1 18 18
0 18 17
1 41 19
1 41 20
1 41 21
1 41 22
0 41 23
1 11 21
1 11 22
0 11 23
1 11 24
1 11 25
0 11 26
2 34 36
0 35 36
1 19 6
1 19 7
0 19 8
1 7 26
1 7 27
1 7 28
4 7 29
0 6 29
3 44 40
2 45 40
2 46 40
0 47 40
1 47 39
6 47 38
0 48 38
1 6 30
3 6 31
2 7 31
0 8 31
2 12 26
0 13 26
2 6 5
2 5 5
2 4 5
2 3 5
0 2 5
2 3 39
2 2 39
0 1 39
1 22 24
1 22 25
0 22 26
1 22 27
1 22 28
4 22 29
0 21 29
2 23 39
2 22 39
0 21 39
1 21 38
0 21 37
1 27 2
5 27 1
2 26 1
0 25 1
1 46 8
5 46 7
3 45 7
1 45 6
1 45 5
0 45 4
3 41 24
2 42 24
0 43 24
0 43 25
0 1 5
3 21 30
2 22 30
0 23 30
1 28 38
5 28 37
0 27 37
2 44 4
0 43 4
5 43 3
2 42 3
2 41 3
2 40 3
2 39 3
0 38 3
2 3 25
2 2 25
0 1 25
0 41 31
5 38 2
2 37 2
0 36 2
1 1 26
0 1 27
1 26 22
6 26 21
0 27 21
1 47 27
0 47 26
5 41 30
2 40 30
2 39 30
0 38 30
1 47 25
1 47 24
1 47 23
1 47 22
6 47 21
0 48 21
0 28 21
1 4 38
6 4 37
0 5 37
0 24 7
1 26 24
3 26 25
2 27 25
0 28 25
1 1 28
1 1 29
1 1 30
1 1 31
0 1 32
0 6 10
2 29 25
2 30 25
0 31 25
1 31 26
0 31 27
2 24 30
0 25 30
0 2 4
0 24 14
1 5 36
0 5 35
1 31 31
1 31 32
4 31 33
0 30 33
3 2 13
0 3 13
2 34 48
2 35 48
0 36 48
0 45 7
2 32 13
2 31 13
0 30 13
0 27 25
0 12 44
1 34 8
6 34 7
0 35 7
1 2 3
1 2 2
5 2 1
3 1 1
0 1 0
1 8 2
1 8 1
0 8 0
0 45 11
2 32 17
2 31 17
0 30 17
4 37 21
6 36 21
1 36 22
1 36 23
0 36 24
1 45 3
1 45 2
5 45 1
0 44 1
6 19 4
4 20 4
6 20 3
0 21 3
1 17 41
1 17 40
0 17 39
1 17 38
5 17 37
2 16 37
0 15 37
1 15 36
1 15 35
6 15 34
4 16 34
6 16 33
0 17 33
1 47 33
0 47 34
1 46 46
6 46 45
0 47 45
1 4 45
3 4 46
0 5 46
4 28 3
1 28 2
1 28 1
6 28 0
2 29 0
2 30 0
0 31 0
1 1 40
0 1 41
-1
-1
-1
-1
-1
-1
-1
-1
-1
-1
-1
-1
-1
-1
-1
-1
-1
-1
-1
-1
-1
-1
-1
-1
-1
-1
-1
-1
-1
-1
-1
-1
-1
-1
-1
-1
-1
-1
-1
-1
-1
-1
-1
-1
-1
-1
-1
-1
-1
-1
-1
-1
-1
-1
-1
-1
-1
-1
-1
-1
-1
-1
-1
-1
-1
-1
-1
-1
-1
-1
-1
-1
-1
-1
-1
-1
-1
-1
-1
-1
-1
-1
-1
-1
-1
-1
-1
-1
-1
-1
-1
-1
-1
-1
-1
-1
-1
-1
-1
-1
-1
-1
-1
-1
-1
-1
-1
-1
-1
-1
-1
-1
-1
-1
-1
-1
-1
-1
-1
-1
-1
-1
-1
-1
-1
-1
-1
-1
-1
-1
-1
-1
-1
-1
-1
-1
-1
-1
-1
-1
-1
-1
-1
-1
-1
-1
-1
-1
-1
-1
-1
-1
-1
-1
-1
-1
-1
-1
-1
-1
-1
-1
-1
-1
-1
-1
-1
-1
-1
-1
-1
-1
-1
-1
-1
-1
-1
-1
-1
-1
