0 13 11
2 14 11
2 15 11
2 16 11
2 17 11
2 18 11
2 19 11
2 20 11
2 21 11
2 22 11
2 23 11
2 24 11
0 25 11
1 25 12
1 25 13
1 25 14
1 25 15
1 25 16
1 25 17
1 25 18
1 25 19
1 25 20
1 25 21
1 25 22
1 25 23
1 25 24
1 25 25
1 25 26
1 25 27
1 25 28
1 25 29
1 25 30
1 25 31
1 25 32
1 25 33
1 25 34
1 25 35
1 25 36
1 25 37
1 25 38
1 25 39
1 25 40
1 25 41
1 25 42
1 25 43
1 25 44
1 25 45
1 25 46
0 25 47
6 25 10
4 26 10
6 26 9
2 27 9
2 28 9
-1
-1
-1
-1
-1
-1
-1
-1
-1
-1
-1
-1
-1
-1
-1
-1
-1
-1
-1
-1
-1
-1
-1
-1
-1
-1
-1
-1
-1
-1
-1
0 29 9
2 26 47
4 27 47
-1
-1
-1
-1
-1
-1
-1
-1
-1
-1
-1
-1
-1
-1
-1
-1
-1
-1
-1
-1
-1
-1
-1
-1
-1
-1
-1
-1
0 27 46
1 13 10
1 13 9
6 13 8
2 14 8
2 15 8
-1
-1
-1
-1
-1
-1
-1
-1
-1
-1
-1
-1
-1
-1
-1
-1
-1
0 16 8
2 24 47
2 23 47
2 22 47
2 21 47
2 20 47
2 19 47
2 18 47
-1
-1
-1
-1
-1
-1
-1
-1
-1
-1
0 17 47
2 30 9
2 31 9
2 32 9
2 33 9
2 34 9
2 35 9
4 36 9
1 36 8
1 36 7
6 36 6
2 37 6
2 38 6
2 39 6
2 40 6
2 41 6
2 42 6
2 43 6
2 44 6
2 45 6
4 46 6
0 46 5
1 13 12
1 13 13
1 13 14
1 13 15
1 13 16
1 13 17
1 13 18
3 13 19
2 14 19
5 15 19
1 15 20
0 15 21
3 12 11
1 12 10
1 12 9
1 12 8
1 12 7
1 12 6
1 12 5
1 12 4
1 12 3
0 12 2
1 15 22
1 15 23
1 15 24
1 15 25
4 15 26
2 14 26
6 13 26
1 13 27
1 13 28
0 13 29
5 29 8
2 28 8
3 27 8
1 27 7
1 27 6
5 27 5
0 26 5
-1
-1
-1
-1
-1
0 40 6
2 16 21
2 17 21
2 18 21
2 19 21
2 20 21
2 21 21
4 22 21
1 22 20
1 22 19
1 22 18
1 22 17
1 22 16
1 22 15
0 22 14
4 28 46
1 28 45
1 28 44
1 28 43
1 28 42
1 28 41
6 28 40
2 29 40
0 30 40
0 25 28
6 24 28
1 24 29
1 24 30
1 24 31
1 24 32
0 24 33
1 46 4
0 46 3
2 13 2
2 14 2
2 15 2
2 16 2
0 17 2
1 40 5
5 40 4
2 39 4
2 38 4
0 37 4
0 27 47
1 17 46
1 17 45
0 17 44
1 29 10
1 29 11
1 29 12
1 29 13
1 29 14
0 29 15
6 11 2
1 11 3
4 11 4
0 10 4
2 18 2
2 19 2
2 20 2
0 21 2
0 25 25
2 30 15
2 31 15
2 32 15
2 33 15
2 34 15
0 35 15
1 35 14
1 35 13
0 35 12
0 15 19
0 25 43
4 13 30
6 12 30
1 12 31
1 12 32
1 12 33
4 12 34
0 11 34
0 27 8
0 29 13
0 13 12
1 11 35
1 11 36
1 11 37
0 11 38
6 30 39
2 31 39
0 32 39
0 36 9
2 12 12
2 11 12
2 10 12
2 9 12
2 8 12
0 7 12
0 13 26
2 36 4
2 35 4
2 34 4
0 33 4
0 20 47
0 20 21
0 25 21
1 20 46
6 20 45
0 21 45
2 12 26
2 11 26
2 10 26
0 9 26
5 9 25
2 8 25
0 7 25
0 9 4
1 40 7
1 40 8
1 40 9
3 40 10
0 41 10
1 7 13
1 7 14
0 7 15
0 22 18
2 21 14
2 20 14
0 19 14
1 41 11
1 41 12
1 41 13
3 41 14
2 42 14
0 43 14
1 35 16
0 35 17
2 17 8
2 18 8
2 19 8
0 20 8
0 25 16
0 25 37
2 24 37
2 23 37
2 22 37
0 21 37
2 16 44
2 15 44
0 14 44
2 44 14
2 45 14
2 46 14
2 47 14
0 48 14
0 35 11
1 48 15
1 48 16
0 48 17
1 14 45
4 14 46
2 13 46
2 12 46
2 11 46
2 10 46
2 9 46
0 8 46
2 7 46
2 6 46
2 5 46
0 4 46
0 4 47
2 26 25
2 27 25
2 28 25
2 29 25
0 30 25
2 8 4
2 7 4
2 6 4
2 5 4
2 4 4
2 3 4
0 2 4
2 25 5
0 24 5
5 21 36
2 20 36
2 19 36
2 18 36
0 17 36
1 17 35
1 17 34
0 17 33
3 6 15
5 6 14
2 5 14
0 4 14
1 30 24
6 30 23
0 31 23
1 29 16
0 29 17
1 2 3
6 2 2
0 3 2
1 14 43
1 14 42
1 14 41
0 14 40
2 28 47
2 29 47
2 30 47
4 31 47
6 31 46
2 32 46
2 33 46
2 34 46
0 35 46
1 21 1
0 21 0
1 30 26
1 30 27
1 30 28
3 30 29
2 31 29
2 32 29
0 33 29
0 46 6
5 33 3
0 32 3
0 31 47
2 36 46
2 37 46
2 38 46
2 39 46
2 40 46
2 41 46
2 42 46
2 43 46
2 44 46
2 45 46
0 46 46
1 46 45
1 46 44
6 46 43
2 47 43
0 48 43
1 48 42
1 48 41
0 48 40
0 16 33
0 26 21
0 28 25
2 31 3
0 30 3
0 22 0
1 48 18
1 48 19
4 48 20
2 47 20
0 46 20
1 20 9
3 20 10
0 21 10
0 39 46
2 45 3
2 44 3
2 43 3
0 42 3
1 43 15
4 43 16
2 42 16
0 41 16
2 16 19
0 17 19
2 47 40
2 46 40
2 45 40
0 44 40
5 26 37
3 26 38
0 27 38
1 44 39
0 44 38
1 33 30
3 33 31
2 34 31
2 35 31
2 36 31
0 37 31
3 37 32
2 38 32
2 39 32
0 40 32
5 44 37
2 43 37
2 42 37
0 41 37
2 40 37
2 39 37
0 38 37
3 23 33
1 23 32
5 23 31
2 22 31
0 21 31
6 31 22
2 32 22
2 33 22
0 34 22
1 40 31
1 40 30
1 40 29
1 40 28
0 40 27
1 20 22
1 20 23
1 20 24
1 20 25
0 20 26
1 17 3
0 17 4
1 26 4
1 26 3
0 26 2
2 8 15
2 9 15
2 10 15
0 11 15
1 32 38
1 32 37
1 32 36
0 32 35
0 34 21
0 25 18
1 8 45
1 8 44
1 8 43
1 8 42
5 8 41
0 7 41
2 41 27
0 42 27
2 6 41
2 5 41
2 4 41
2 3 41
0 2 41
1 29 18
0 29 19
1 42 28
1 42 29
0 42 30
4 9 5
2 8 5
2 7 5
0 6 5
1 21 38
0 21 39
1 4 13
5 4 12
2 3 12
2 2 12
0 1 12
1 4 15
1 4 16
1 4 17
1 4 18
0 4 19
1 20 48
3 20 49
0 21 49
1 11 33
5 11 32
2 10 32
2 9 32
2 8 32
2 7 32
2 6 32
2 5 32
0 4 32
-1
-1
-1
-1
-1
-1
-1
-1
-1
-1
-1
-1
-1
-1
-1
-1
-1
-1
-1
-1
-1
-1
-1
-1
-1
-1
-1
-1
-1
-1
-1
-1
-1
-1
-1
-1
-1
-1
-1
-1
-1
-1
-1
-1
-1
-1
-1
-1
-1
-1
-1
-1
-1
-1
-1
-1
-1
-1
-1
-1
-1
-1
-1
-1
-1
-1
-1
-1
-1
-1
-1
-1
-1
-1
-1
-1
-1
-1
-1
-1
-1
-1
-1
-1
-1
-1
-1
-1
-1
-1
-1
-1
-1
-1
-1
-1
-1
-1
-1
-1
-1
-1
-1
-1
-1
-1
-1
-1
-1
-1
-1
-1
-1
-1
-1
-1
-1
-1
-1
-1
-1
-1
-1
-1
-1
-1
-1
-1
-1
-1
-1
-1
-1
-1
-1
-1
-1
-1
-1
-1
-1
-1
-1
-1
-1
-1
-1
-1
-1
-1
-1
-1
-1
-1
-1
-1
-1
-1
-1
-1
-1
-1
-1
-1
-1
-1
-1
-1
-1
-1
-1
-1
-1
-1
-1
-1
-1
-1
-1
-1
-1
-1
-1
-1
-1
-1
-1
-1
-1
-1
-1
-1
-1
-1
-1
-1
