0 6 20
1 6 21
1 6 22
1 6 23
1 6 24
1 6 25
3 6 26
2 7 26
5 8 26
1 8 27
1 8 28
1 8 29
1 8 30
3 8 31
2 9 31
2 10 31
2 11 31
2 12 31
5 13 31
1 13 32
1 13 33
1 13 34
1 13 35
3 13 36
5 14 36
3 14 37
2 15 37
2 16 37
0 17 37
1 6 19
1 6 18
1 6 17
1 6 16
1 6 15
1 6 14
5 6 13
0 5 13
1 17 36
1 17 35
1 17 34
6 17 33
4 18 33
-1
-1
-1
-1
-1
-1
-1
-1
-1
-1
-1
-1
-1
-1
-1
-1
-1
-1
-1
-1
-1
-1
-1
-1
-1
-1
-1
-1
-1
-1
0 18 32
1 18 31
6 18 30
2 19 30
2 20 30
2 21 30
2 22 30
2 23 30
4 24 30
1 24 29
1 24 28
6 24 27
2 25 27
2 26 27
2 27 27
2 28 27
2 29 27
2 30 27
4 31 27
6 31 26
2 32 26
2 33 26
2 34 26
2 35 26
2 36 26
2 37 26
2 38 26
2 39 26
2 40 26
2 41 26
4 42 26
1 42 25
1 42 24
6 42 23
2 43 23
2 44 23
2 45 23
2 46 23
2 47 23
2 48 23
-1
-1
-1
-1
-1
-1
-1
-1
-1
-1
-1
-1
-1
-1
-1
-1
-1
-1
-1
-1
-1
-1
0 49 23
-1
-1
-1
-1
-1
-1
-1
-1
-1
-1
-1
-1
-1
-1
-1
-1
-1
-1
-1
-1
0 10 31
1 49 22
1 49 21
1 49 20
1 49 19
5 49 18
2 48 18
3 47 18
1 47 17
1 47 16
1 47 15
1 47 14
1 47 13
1 47 12
5 47 11
2 46 11
-1
-1
-1
-1
-1
-1
-1
-1
0 45 11
1 10 32
1 10 33
1 10 34
1 10 35
1 10 36
1 10 37
4 10 38
-1
-1
-1
-1
-1
-1
-1
-1
-1
0 9 38
2 44 11
2 43 11
2 42 11
2 41 11
2 40 11
2 39 11
2 38 11
2 37 11
2 36 11
-1
-1
-1
-1
-1
0 35 11
2 34 11
2 33 11
2 32 11
2 31 11
2 30 11
3 29 11
1 29 10
1 29 9
5 29 8
-1
-1
-1
-1
0 28 8
2 8 38
2 7 38
2 6 38
2 5 38
2 4 38
2 3 38
2 2 38
2 1 38
-1
-1
-1
0 0 38
4 7 20
1 7 19
1 7 18
1 7 17
1 7 16
6 7 15
2 8 15
2 9 15
2 10 15
0 11 15
-1
-1
-1
-1
-1
-1
-1
0 8 26
1 35 10
1 35 9
1 35 8
1 35 7
1 35 6
1 35 5
-1
0 35 4
2 18 37
2 19 37
2 20 37
2 21 37
2 22 37
2 23 37
2 24 37
5 25 37
1 25 38
1 25 39
1 25 40
1 25 41
1 25 42
3 25 43
2 26 43
2 27 43
2 28 43
2 29 43
2 30 43
2 31 43
2 32 43
5 33 43
3 33 44
2 34 44
2 35 44
2 36 44
2 37 44
0 38 44
0 46 23
0 33 43
0 22 37
-1
-1
-1
-1
0 44 23
1 11 14
6 11 13
2 12 13
-1
-1
0 13 13
4 28 9
6 27 9
1 27 10
4 27 11
0 26 11
3 17 32
1 17 31
1 17 30
1 17 29
5 17 28
0 16 28
1 16 27
1 16 26
1 16 25
1 16 24
0 16 23
-1
-1
0 47 18
1 26 12
1 26 13
1 26 14
1 26 15
4 26 16
0 25 16
3 46 18
5 46 17
2 45 17
2 44 17
2 43 17
0 42 17
2 41 17
0 40 17
-1
0 6 25
1 28 7
1 28 6
1 28 5
1 28 4
1 28 3
5 28 2
2 27 2
0 26 2
0 24 30
3 35 12
2 36 12
5 37 12
3 37 13
0 38 13
0 25 37
5 36 4
1 36 5
0 36 6
6 25 11
4 25 12
2 24 12
2 23 12
0 22 12
3 15 28
5 15 27
2 14 27
0 13 27
0 28 2
1 16 22
1 16 21
6 16 20
2 17 20
0 18 20
0 42 26
2 37 6
2 38 6
2 39 6
2 40 6
0 41 6
0 7 16
1 5 12
1 5 11
6 5 10
2 6 10
0 7 10
0 2 38
1 42 27
1 42 28
1 42 29
1 42 30
4 42 31
0 41 31
1 41 32
0 41 33
0 17 35
4 26 3
2 25 3
2 24 3
2 23 3
0 22 3
0 13 36
0 13 31
2 21 3
2 20 3
0 19 3
1 46 24
0 46 25
1 22 38
4 22 39
2 21 39
0 20 39
5 18 19
2 17 19
0 16 19
2 19 20
2 20 20
2 21 20
0 22 20
1 25 36
0 25 35
0 8 30
2 8 10
0 9 10
0 27 43
0 27 9
1 35 3
0 35 2
1 27 44
1 27 45
1 27 46
1 27 47
0 27 48
0 36 26
2 15 23
0 14 23
0 29 11
2 34 2
0 33 2
0 18 33
1 41 5
0 41 4
1 16 18
1 16 17
1 16 16
6 16 15
2 17 15
0 18 15
0 25 40
0 14 36
1 19 4
1 19 5
4 19 6
0 18 6
1 36 27
0 36 28
1 2 37
1 2 36
1 2 35
1 2 34
0 2 33
0 31 27
2 18 3
2 17 3
2 16 3
2 15 3
2 14 3
2 13 3
2 12 3
0 11 3
0 27 27
6 34 4
1 34 5
1 34 6
0 34 7
2 1 33
0 0 33
1 22 11
1 22 10
1 22 9
0 22 8
0 47 12
1 11 2
6 11 1
0 12 1
1 7 9
1 7 8
5 7 7
2 6 7
2 5 7
0 4 7
1 41 34
1 41 35
3 41 36
2 42 36
2 43 36
0 44 36
1 25 17
3 25 18
2 26 18
2 27 18
0 28 18
2 26 37
2 27 37
2 28 37
2 29 37
2 30 37
0 31 37
-1
-1
-1
-1
-1
-1
-1
-1
-1
-1
-1
-1
-1
-1
-1
-1
-1
-1
-1
-1
-1
-1
-1
-1
-1
-1
-1
-1
-1
-1
-1
-1
-1
-1
-1
-1
-1
-1
-1
-1
-1
-1
-1
-1
-1
-1
-1
-1
-1
-1
-1
-1
-1
-1
-1
-1
-1
-1
-1
-1
-1
-1
-1
-1
-1
-1
-1
-1
-1
-1
-1
-1
-1
-1
-1
-1
-1
-1
-1
-1
-1
-1
-1
-1
-1
-1
-1
-1
-1
-1
-1
-1
-1
-1
-1
-1
-1
-1
-1
-1
-1
-1
-1
-1
-1
-1
-1
-1
-1
-1
-1
-1
-1
-1
-1
-1
-1
-1
-1
-1
-1
-1
-1
-1
-1
-1
-1
-1
-1
-1
-1
-1
-1
-1
-1
-1
-1
-1
-1
-1
-1
-1
-1
-1
-1
-1
-1
-1
-1
-1
-1
-1
-1
-1
-1
-1
-1
-1
-1
-1
-1
-1
-1
-1
-1
-1
-1
-1
-1
-1
-1
-1
-1
-1
-1
-1
-1
-1
-1
-1
-1
-1
-1
-1
-1
-1
-1
-1
-1
-1
-1
-1
-1
-1
-1
-1
-1
-1
-1
-1
-1
-1
-1
-1
-1
-1
-1
-1
-1
-1
-1
-1
-1
-1
-1
-1
-1
-1
-1
-1
-1
-1
-1
-1
-1
-1
-1
-1
-1
-1
-1
-1
-1
-1
-1
-1
-1
-1
-1
-1
-1
-1
-1
-1
-1
-1
-1
-1
-1
-1
-1
-1
-1
-1
-1
-1
-1
-1
-1
-1
-1
-1
-1
-1
-1
-1
-1
-1
-1
-1
-1
-1
-1
-1
-1
-1
-1
-1
-1
-1
-1
-1
-1
-1
-1
-1
-1
-1
-1
-1
-1
-1
