0 38 34
1 38 33
1 38 32
1 38 31
1 38 30
1 38 29
1 38 28
1 38 27
1 38 26
1 38 25
1 38 24
1 38 23
1 38 22
1 38 21
1 38 20
6 38 19
4 39 19
1 39 18
1 39 17
1 39 16
0 39 15
2 40 15
2 41 15
2 42 15
2 43 15
-1
2 44 15
2 45 15
5 46 15
1 46 16
1 46 17
-1
-1
-1
-1
-1
-1
-1
-1
-1
-1
-1
-1
-1
-1
-1
-1
-1
-1
-1
-1
-1
-1
-1
-1
-1
-1
-1
-1
-1
-1
-1
-1
-1
-1
-1
-1
-1
-1
-1
-1
-1
-1
-1
-1
-1
-1
-1
-1
-1
-1
-1
-1
-1
-1
-1
-1
-1
-1
0 46 18
2 37 34
2 36 34
2 35 34
2 34 34
2 33 34
2 32 34
2 31 34
2 30 34
2 29 34
2 28 34
2 27 34
2 26 34
2 25 34
2 24 34
2 23 34
2 22 34
2 21 34
2 20 34
2 19 34
2 18 34
6 17 34
1 17 35
1 17 36
4 17 37
2 16 37
-1
-1
-1
-1
-1
-1
-1
-1
-1
-1
-1
-1
-1
-1
-1
-1
-1
-1
-1
-1
-1
0 15 37
2 38 15
2 37 15
2 36 15
2 35 15
2 34 15
2 33 15
-1
-1
-1
-1
-1
-1
-1
-1
-1
0 32 15
6 14 37
1 14 38
1 14 39
4 14 40
-1
-1
-1
-1
-1
-1
0 13 40
-1
-1
-1
-1
-1
-1
-1
0 35 34
1 46 19
1 46 20
1 46 21
4 46 22
2 45 22
2 44 22
2 43 22
0 42 22
5 13 39
2 12 39
2 11 39
3 10 39
5 10 38
2 9 38
2 8 38
2 7 38
2 6 38
2 5 38
2 4 38
0 3 38
0 20 34
1 3 39
1 3 40
1 3 41
1 3 42
1 3 43
0 3 44
0 38 31
1 3 45
1 3 46
3 3 47
0 4 47
1 42 23
1 42 24
1 42 25
0 42 26
1 38 35
0 38 36
2 43 26
2 44 26
2 45 26
2 46 26
0 47 26
0 38 25
1 15 38
1 15 39
3 15 40
0 16 40
0 32 14
1 32 13
1 32 12
1 32 11
0 32 10
0 17 34
0 44 22
2 31 10
2 30 10
0 29 10
2 28 10
2 27 10
2 26 10
2 25 10
0 24 10
2 23 10
2 22 10
6 21 10
1 21 11
4 21 12
2 20 12
0 19 12
1 19 13
1 19 14
1 19 15
1 19 16
1 19 17
1 19 18
0 19 19
0 46 15
0 45 26
0 10 39
1 45 27
1 45 28
0 45 29
0 37 25
1 38 37
0 38 38
0 46 21
0 25 34
2 5 47
4 6 47
0 6 46
0 39 18
1 13 41
0 13 42
1 3 37
1 3 36
1 3 35
1 3 34
0 3 33
0 38 28
0 18 12
0 43 15
1 3 32
6 3 31
2 4 31
2 5 31
0 6 31
2 47 15
0 48 15
1 6 45
6 6 44
0 7 44
2 47 21
2 48 21
0 49 21
1 35 33
5 35 32
0 34 32
2 7 31
2 8 31
0 9 31
2 10 31
0 11 31
1 39 14
1 39 13
0 39 12
2 18 19
2 17 19
0 16 19
1 45 30
0 45 31
1 6 30
1 6 29
1 6 28
1 6 27
5 6 26
2 5 26
2 4 26
0 3 26
6 16 39
2 17 39
0 18 39
1 35 35
0 35 36
0 6 28
1 16 20
1 16 21
0 16 22
0 39 31
0 21 10
0 39 11
1 39 10
1 39 9
1 39 8
0 39 7
2 20 19
2 21 19
2 22 19
0 23 19
2 15 19
2 14 19
0 13 19
1 23 20
1 23 21
1 23 22
3 23 23
2 24 23
2 25 23
0 26 23
0 19 20
1 20 33
1 20 32
0 20 31
1 25 35
0 25 36
0 23 22
0 19 14
1 26 24
1 26 25
0 26 26
1 25 37
1 25 38
0 25 39
2 26 39
2 27 39
2 28 39
0 29 39
1 29 38
0 29 37
6 2 38
1 2 39
0 2 40
1 29 40
1 29 41
0 29 42
1 13 18
5 13 17
0 12 17
1 12 16
1 12 15
0 12 14
0 30 42
2 31 42
2 32 42
0 33 42
1 3 25
1 3 24
1 3 23
0 3 22
0 15 22
1 34 31
0 34 30
1 20 30
1 20 29
1 20 28
1 20 27
0 20 26
1 39 6
1 39 5
1 39 4
0 39 3
0 43 14
2 12 31
2 13 31
0 14 31
2 33 10
2 34 10
0 35 10
1 6 32
1 6 33
1 6 34
1 6 35
0 6 36
0 40 3
0 2 26
2 39 36
2 40 36
2 41 36
0 42 36
1 13 43
3 13 44
0 14 44
2 11 14
2 10 14
0 9 14
0 43 36
2 8 14
6 7 14
1 7 15
1 7 16
0 7 17
0 7 14
1 10 40
0 10 41
2 13 14
2 14 14
0 15 14
1 29 43
1 29 44
1 29 45
1 29 46
0 29 47
2 28 47
2 27 47
0 26 47
1 7 13
1 7 12
0 7 11
1 7 10
1 7 9
0 7 8
1 7 18
1 7 19
0 7 20
1 26 22
0 26 21
1 26 20
1 26 19
1 26 18
0 26 17
1 7 7
0 7 6
2 33 30
2 32 30
0 31 30
1 15 36
5 15 35
2 14 35
0 13 35
1 32 16
1 32 17
1 32 18
0 32 19
6 18 38
2 19 38
2 20 38
0 21 38
0 28 34
2 46 31
2 47 31
0 48 31
0 47 25
1 14 30
1 14 29
1 14 28
0 14 27
2 33 19
2 34 19
0 35 19
0 2 33
0 20 25
0 21 31
1 37 24
1 37 23
0 37 22
0 26 16
1 48 14
1 48 13
0 48 12
2 41 3
2 42 3
0 43 3
1 35 9
1 35 8
1 35 7
1 35 6
0 35 5
0 34 5
1 48 11
1 48 10
0 48 9
4 26 27
2 25 27
0 24 27
2 33 5
2 32 5
2 31 5
0 30 5
4 27 26
6 27 25
2 28 25
0 29 25
1 14 45
4 14 46
0 13 46
0 12 46
0 48 25
1 35 37
4 35 38
0 34 38
2 29 5
2 28 5
2 27 5
0 26 5
1 2 34
4 2 35
0 1 35
1 32 20
1 32 21
0 32 22
1 18 40
1 18 41
1 18 42
0 18 43
2 39 34
0 40 34
0 39 19
0 33 43
1 7 21
1 7 22
0 7 23
2 6 14
2 5 14
2 4 14
0 3 14
5 26 4
2 25 4
2 24 4
0 23 4
2 6 8
2 5 8
2 4 8
0 3 8
1 7 43
5 7 42
0 6 42
0 3 15
0 2 27
2 30 30
0 29 30
0 31 22
1 34 29
1 34 28
0 34 27
2 22 4
0 21 4
2 8 23
0 9 23
2 44 36
2 45 36
2 46 36
0 47 36
1 9 32
1 9 33
0 9 34
2 25 47
2 24 47
2 23 47
0 22 47
2 30 47
2 31 47
0 32 47
2 20 4
2 19 4
2 18 4
0 17 4
2 15 31
2 16 31
0 17 31
2 33 47
2 34 47
2 35 47
2 36 47
2 37 47
0 38 47
2 21 47
2 20 47
0 19 47
4 39 47
6 39 46
2 40 46
0 41 46
0 39 47
1 3 21
5 3 20
2 2 20
0 1 20
2 13 27
0 12 27
4 19 43
6 19 42
0 20 42
0 28 42
0 11 27
1 12 47
1 12 48
4 12 49
2 11 49
0 10 49
1 43 2
6 43 1
2 44 1
0 45 1
0 45 32
1 21 9
5 21 8
0 20 8
0 7 28
0 43 13
2 2 44
3 1 44
5 1 43
0 0 43
1 48 30
0 48 29
0 6 47
4 19 48
2 18 48
0 17 48
2 19 25
0 18 25
1 17 5
4 17 6
0 16 6
1 35 4
1 35 3
1 35 2
0 35 1
2 21 42
0 22 42
1 30 4
0 30 3
1 3 7
1 3 6
0 3 5
6 18 14
1 18 15
0 18 16
1 26 15
1 26 14
0 26 13
1 2 28
0 2 29
2 20 14
2 21 14
0 22 14
0 24 36
0 47 35
1 12 13
1 12 12
1 12 11
6 12 10
0 13 10
2 8 6
2 9 6
0 10 6
1 47 37
1 47 38
1 47 39
1 47 40
1 47 41
1 47 42
0 47 43
0 47 40
2 22 31
0 23 31
1 1 36
4 1 37
0 0 37
2 34 42
0 35 42
1 10 5
0 10 4
-1
-1
-1
-1
-1
-1
-1
-1
-1
-1
-1
-1
-1
-1
-1
-1
-1
-1
-1
-1
-1
-1
-1
-1
-1
-1
-1
-1
-1
-1
-1
-1
-1
-1
-1
-1
-1
-1
-1
-1
-1
-1
-1
-1
-1
-1
-1
-1
-1
-1
-1
-1
-1
-1
-1
-1
-1
-1
-1
-1
-1
-1
-1
-1
-1
-1
-1
-1
-1
-1
-1
-1
-1
-1
-1
-1
-1
-1
-1
-1
-1
-1
-1
-1
-1
-1
-1
-1
-1
-1
-1
-1
-1
-1
-1
-1
-1
-1
-1
-1
-1
-1
-1
-1
-1
