0 17 2
6 17 1
2 18 1
2 19 1
2 20 1
2 21 1
2 22 1
2 23 1
2 24 1
2 25 1
2 26 1
2 27 1
2 28 1
2 29 1
2 30 1
2 31 1
2 32 1
0 33 1
1 33 2
1 33 3
3 33 4
2 34 4
2 35 4
2 36 4
5 37 4
1 37 5
1 37 6
1 37 7
1 37 8
1 37 9
1 37 10
-1
1 37 11
-1
3 37 12
-1
2 38 12
-1
5 39 12
-1
1 39 13
-1
1 39 14
1 39 15
-1
3 39 16
-1
5 40 16
-1
1 40 17
-1
3 40 18
-1
2 41 18
-1
2 42 18
-1
5 43 18
-1
1 43 19
-1
-1
-1
-1
-1
-1
-1
-1
-1
-1
-1
-1
-1
-1
-1
-1
-1
-1
-1
-1
-1
-1
-1
-1
-1
-1
-1
-1
-1
-1
-1
-1
-1
-1
-1
-1
-1
-1
-1
-1
-1
-1
-1
-1
-1
-1
-1
-1
-1
-1
-1
-1
-1
-1
-1
-1
-1
-1
-1
-1
-1
-1
-1
-1
-1
-1
-1
-1
-1
-1
-1
-1
-1
-1
-1
-1
-1
-1
-1
-1
-1
-1
-1
-1
-1
-1
-1
-1
-1
-1
-1
-1
-1
0 43 20
-1
-1
-1
-1
-1
-1
-1
-1
-1
-1
-1
-1
-1
-1
-1
-1
-1
-1
-1
-1
-1
-1
-1
-1
-1
-1
-1
-1
-1
-1
-1
-1
-1
-1
-1
-1
-1
-1
-1
-1
-1
-1
-1
-1
-1
-1
-1
-1
-1
-1
-1
0 23 1
1 17 3
1 17 4
4 17 5
2 16 5
6 15 5
1 15 6
1 15 7
1 15 8
1 15 9
1 15 10
1 15 11
1 15 12
1 15 13
1 15 14
1 15 15
1 15 16
1 15 17
1 15 18
1 15 19
1 15 20
1 15 21
1 15 22
4 15 23
6 14 23
1 14 24
1 14 25
1 14 26
1 14 27
1 14 28
1 14 29
1 14 30
1 14 31
4 14 32
-1
-1
-1
-1
-1
-1
-1
-1
-1
-1
-1
-1
-1
0 13 32
-1
-1
-1
-1
-1
-1
-1
-1
-1
-1
-1
-1
-1
-1
-1
-1
-1
-1
-1
-1
-1
-1
0 39 12
1 13 33
1 13 34
4 13 35
2 12 35
2 11 35
2 10 35
6 9 35
1 9 36
1 9 37
1 9 38
4 9 39
6 8 39
4 8 40
2 7 40
2 6 40
-1
-1
-1
-1
-1
0 5 40
1 43 21
4 43 22
2 42 22
2 41 22
2 40 22
2 39 22
2 38 22
2 37 22
2 36 22
2 35 22
2 34 22
2 33 22
6 32 22
1 32 23
4 32 24
2 31 24
2 30 24
2 29 24
6 28 24
1 28 25
1 28 26
1 28 27
1 28 28
0 28 29
1 13 31
1 13 30
5 13 29
2 12 29
0 11 29
6 39 11
2 40 11
2 41 11
2 42 11
-1
-1
-1
-1
0 43 11
3 5 41
2 6 41
2 7 41
2 8 41
2 9 41
2 10 41
4 11 41
1 11 40
6 11 39
2 12 39
0 13 39
2 34 1
2 35 1
2 36 1
2 37 1
-1
0 38 1
2 14 39
2 15 39
2 16 39
5 17 39
1 17 40
1 17 41
3 17 42
2 18 42
0 19 42
-1
-1
-1
0 40 22
2 20 42
2 21 42
2 22 42
5 23 42
1 23 43
1 23 44
1 23 45
1 23 46
1 23 47
1 23 48
0 23 49
0 15 5
1 28 30
4 28 31
-1
-1
0 27 31
5 15 4
2 14 4
2 13 4
-1
0 12 4
4 24 49
1 24 48
6 24 47
2 25 47
0 26 47
1 40 21
5 40 20
2 39 20
3 38 20
1 38 19
1 38 18
5 38 17
0 37 17
0 28 24
1 43 12
3 43 13
2 44 13
0 45 13
-1
0 12 35
2 27 24
2 26 24
3 25 24
5 25 23
2 24 23
2 23 23
0 22 23
0 9 35
1 12 3
5 12 2
2 11 2
0 10 2
1 23 2
3 23 3
2 24 3
2 25 3
0 26 3
0 37 4
1 43 10
0 43 9
3 27 32
2 28 32
2 29 32
2 30 32
2 31 32
2 32 32
0 33 32
0 37 9
0 40 16
2 44 9
2 45 9
2 46 9
2 47 9
0 48 9
3 16 2
5 16 1
0 15 1
0 11 41
1 28 23
1 28 22
1 28 21
0 28 20
0 14 26
1 48 8
1 48 7
1 48 6
5 48 5
0 47 5
2 10 29
2 9 29
2 8 29
2 7 29
2 6 29
2 5 29
2 4 29
2 3 29
0 2 29
1 2 28
0 2 27
0 11 28
1 22 22
1 22 21
1 22 20
1 22 19
0 22 18
0 8 39
2 21 18
0 20 18
0 32 22
0 15 20
0 43 22
0 38 20
0 14 23
1 28 19
1 28 18
0 28 17
0 17 39
1 40 23
1 40 24
0 40 25
0 36 22
3 12 36
2 13 36
4 14 36
6 14 35
0 15 35
1 26 4
0 26 5
5 18 2
1 18 3
1 18 4
0 18 5
1 33 33
1 33 34
1 33 35
4 33 36
2 32 36
0 31 36
1 31 37
1 31 38
1 31 39
3 31 40
2 32 40
2 33 40
2 34 40
2 35 40
0 36 40
3 26 6
2 27 6
2 28 6
2 29 6
0 30 6
2 31 6
0 32 6
1 11 42
1 11 43
1 11 44
1 11 45
0 11 46
2 38 4
2 39 4
2 40 4
2 41 4
0 42 4
0 23 42
1 33 31
6 33 30
2 34 30
2 35 30
2 36 30
0 37 30
1 12 5
4 12 6
0 11 6
4 15 26
6 15 25
2 16 25
2 17 25
0 18 25
0 28 28
1 36 41
1 36 42
1 36 43
1 36 44
1 36 45
4 36 46
2 35 46
0 34 46
0 43 18
4 11 7
2 10 7
6 9 7
1 9 8
1 9 9
4 9 10
2 8 10
0 7 10
5 7 9
2 6 9
2 5 9
2 4 9
2 3 9
2 2 9
0 1 9
1 1 8
1 1 7
1 1 6
1 1 5
1 1 4
6 1 3
0 2 3
6 30 36
1 30 37
1 30 38
1 30 39
0 30 40
5 43 8
2 42 8
3 41 8
0 41 7
1 28 16
1 28 15
5 28 14
0 27 14
1 32 21
1 32 20
0 32 19
2 44 20
2 45 20
2 46 20
0 47 20
4 7 11
2 6 11
2 5 11
0 4 11
1 32 18
1 32 17
1 32 16
0 32 15
1 47 4
1 47 3
0 47 2
3 4 12
5 5 12
1 5 13
3 5 14
0 6 14
1 34 47
3 34 48
2 35 48
2 36 48
0 37 48
2 11 4
2 10 4
2 9 4
2 8 4
0 7 4
-1
-1
-1
-1
-1
-1
-1
-1
-1
-1
-1
-1
-1
-1
-1
-1
-1
-1
-1
-1
-1
-1
-1
-1
-1
-1
-1
-1
-1
-1
-1
-1
-1
-1
-1
-1
-1
-1
-1
-1
-1
-1
-1
-1
-1
-1
-1
-1
-1
-1
-1
-1
-1
-1
-1
-1
-1
-1
-1
-1
-1
-1
-1
-1
-1
-1
-1
-1
-1
-1
-1
-1
-1
-1
-1
-1
-1
-1
-1
-1
-1
-1
-1
-1
-1
-1
-1
-1
-1
-1
-1
-1
-1
-1
-1
-1
-1
-1
-1
-1
-1
-1
-1
-1
-1
-1
-1
-1
-1
-1
-1
-1
-1
-1
-1
-1
-1
-1
-1
-1
-1
-1
-1
-1
-1
-1
-1
-1
-1
-1
-1
-1
-1
-1
-1
-1
-1
-1
-1
-1
-1
-1
-1
-1
-1
-1
-1
-1
-1
-1
-1
-1
-1
-1
-1
-1
-1
-1
-1
-1
-1
-1
-1
-1
-1
-1
-1
-1
-1
-1
-1
-1
-1
-1
-1
-1
