0 17 5
5 17 4
2 16 4
2 15 4
2 14 4
2 13 4
2 12 4
2 11 4
2 10 4
0 9 4
1 17 6
1 17 7
1 17 8
1 17 9
1 17 10
1 17 11
1 17 12
-1
-1
-1
1 17 13
-1
-1
-1
-1
1 17 14
-1
-1
-1
-1
1 17 15
-1
-1
-1
-1
1 17 16
-1
-1
-1
-1
3 17 17
-1
-1
-1
-1
2 18 17
-1
-1
-1
-1
5 19 17
-1
-1
-1
-1
1 19 18
-1
-1
-1
-1
1 19 19
-1
-1
-1
-1
1 19 20
-1
-1
-1
-1
1 19 21
-1
-1
-1
-1
1 19 22
-1
-1
-1
-1
1 19 23
-1
-1
-1
-1
1 19 24
-1
-1
-1
-1
1 19 25
-1
-1
-1
-1
1 19 26
-1
-1
-1
-1
1 19 27
-1
-1
-1
-1
1 19 28
-1
-1
-1
-1
1 19 29
-1
-1
-1
-1
1 19 30
-1
-1
-1
-1
1 19 31
-1
-1
-1
-1
1 19 32
-1
-1
-1
-1
1 19 33
-1
-1
-1
-1
1 19 34
-1
-1
-1
-1
-1
-1
-1
-1
-1
-1
-1
-1
-1
-1
-1
-1
-1
-1
-1
-1
-1
-1
-1
-1
-1
-1
-1
-1
-1
-1
-1
-1
-1
-1
-1
-1
-1
-1
-1
-1
-1
-1
-1
-1
-1
-1
-1
-1
-1
-1
-1
-1
-1
-1
-1
-1
-1
-1
-1
-1
-1
-1
-1
-1
-1
-1
-1
-1
-1
-1
-1
-1
-1
-1
-1
-1
-1
-1
-1
-1
-1
-1
-1
-1
-1
-1
-1
-1
-1
-1
-1
-1
-1
-1
-1
-1
-1
-1
-1
-1
-1
-1
-1
-1
-1
-1
-1
-1
-1
-1
-1
-1
-1
-1
-1
-1
-1
-1
-1
-1
-1
-1
-1
-1
-1
-1
-1
-1
-1
-1
-1
-1
-1
-1
-1
-1
-1
-1
-1
-1
-1
-1
-1
-1
-1
-1
-1
-1
-1
-1
-1
-1
-1
-1
-1
-1
-1
-1
-1
-1
-1
-1
-1
-1
-1
-1
-1
-1
-1
-1
-1
-1
-1
-1
-1
-1
-1
-1
-1
-1
-1
-1
-1
-1
-1
-1
-1
-1
-1
-1
-1
-1
-1
-1
-1
-1
-1
-1
-1
-1
-1
-1
-1
-1
-1
-1
-1
-1
-1
-1
-1
-1
-1
-1
-1
-1
-1
-1
-1
-1
-1
-1
-1
-1
-1
-1
-1
-1
-1
-1
-1
-1
-1
-1
-1
-1
-1
-1
-1
-1
-1
-1
-1
-1
-1
-1
-1
-1
-1
0 19 35
1 19 36
1 19 37
4 19 38
6 18 38
1 18 39
1 18 40
1 18 41
1 18 42
1 18 43
1 18 44
4 18 45
2 17 45
2 16 45
2 15 45
2 14 45
2 13 45
2 12 45
2 11 45
-1
-1
-1
-1
-1
-1
-1
-1
-1
-1
-1
-1
-1
-1
-1
-1
-1
-1
-1
-1
-1
-1
-1
-1
-1
-1
-1
-1
-1
-1
-1
-1
0 10 45
5 10 44
2 9 44
2 8 44
2 7 44
3 6 44
1 6 43
1 6 42
1 6 41
5 6 40
2 5 40
-1
-1
-1
-1
-1
-1
-1
-1
-1
-1
-1
-1
-1
-1
-1
0 4 40
4 18 5
1 18 4
1 18 3
1 18 2
6 18 1
2 19 1
2 20 1
2 21 1
2 22 1
2 23 1
2 24 1
2 25 1
2 26 1
-1
-1
-1
-1
-1
-1
-1
-1
-1
-1
-1
-1
-1
0 27 1
-1
-1
-1
-1
-1
-1
-1
-1
-1
-1
-1
0 18 43
1 27 2
1 27 3
1 27 4
1 27 5
1 27 6
3 27 7
2 28 7
5 29 7
1 29 8
3 29 9
2 30 9
2 31 9
2 32 9
0 33 9
6 9 3
2 10 3
2 11 3
2 12 3
-1
-1
-1
-1
0 13 3
1 4 39
1 4 38
1 4 37
1 4 36
1 4 35
6 4 34
4 5 34
1 5 33
1 5 32
0 5 31
1 13 2
6 13 1
2 14 1
2 15 1
2 16 1
0 17 1
6 16 5
1 16 6
4 16 7
2 15 7
-1
0 14 7
6 18 35
4 18 36
2 17 36
2 16 36
2 15 36
0 14 36
3 8 4
1 8 3
1 8 2
6 8 1
2 9 1
0 10 1
5 19 43
1 19 44
1 19 45
3 19 46
0 20 46
2 20 35
2 21 35
2 22 35
2 23 35
0 24 35
1 5 30
1 5 29
1 5 28
1 5 27
1 5 26
0 5 25
1 10 46
1 10 47
1 10 48
3 10 49
2 11 49
2 12 49
0 13 49
0 18 38
3 24 36
2 25 36
2 26 36
2 27 36
2 28 36
0 29 36
0 19 17
2 30 36
2 31 36
2 32 36
2 33 36
2 34 36
2 35 36
0 36 36
0 14 8
1 33 10
0 33 11
1 14 35
1 14 34
1 14 33
1 14 32
1 14 31
1 14 30
5 14 29
0 13 29
0 15 45
0 6 44
0 5 34
6 36 35
2 37 35
2 38 35
2 39 35
0 40 35
0 29 7
0 12 4
1 33 12
1 33 13
3 33 14
2 34 14
0 35 14
1 5 35
1 5 36
3 5 37
2 6 37
2 7 37
0 8 37
1 6 45
1 6 46
4 6 47
2 5 47
2 4 47
2 3 47
0 2 47
0 14 1
2 41 35
2 42 35
2 43 35
2 44 35
2 45 35
2 46 35
0 47 35
1 47 36
1 47 37
1 47 38
0 47 39
1 29 37
1 29 38
4 29 39
2 28 39
2 27 39
0 26 39
1 36 37
1 36 38
1 36 39
1 36 40
3 36 41
0 37 41
1 47 34
1 47 33
1 47 32
1 47 31
1 47 30
1 47 29
1 47 28
1 47 27
0 47 26
1 47 25
1 47 24
1 47 23
1 47 22
1 47 21
1 47 20
1 47 19
5 47 18
2 46 18
0 45 18
1 45 17
1 45 16
1 45 15
1 45 14
1 45 13
1 45 12
6 45 11
2 46 11
0 47 11
1 19 16
1 19 15
1 19 14
1 19 13
6 19 12
2 20 12
2 21 12
0 22 12
1 5 24
1 5 23
5 5 22
2 4 22
2 3 22
3 2 22
1 2 21
1 2 20
1 2 19
1 2 18
1 2 17
1 2 16
0 2 15
-1
-1
-1
-1
-1
-1
-1
-1
-1
-1
-1
-1
-1
-1
-1
-1
-1
-1
-1
-1
-1
-1
-1
-1
-1
-1
-1
-1
-1
-1
-1
-1
-1
-1
-1
-1
-1
-1
-1
-1
-1
-1
-1
-1
-1
-1
-1
-1
-1
-1
-1
-1
-1
-1
-1
-1
-1
-1
-1
-1
-1
-1
-1
-1
-1
-1
-1
-1
-1
-1
-1
-1
-1
-1
-1
-1
-1
-1
-1
-1
-1
-1
-1
-1
-1
-1
-1
-1
-1
-1
-1
