0 33 8
6 33 7
2 34 7
2 35 7
2 36 7
2 37 7
2 38 7
2 39 7
2 40 7
2 41 7
2 42 7
4 43 7
1 43 6
1 43 5
6 43 4
2 44 4
0 45 4
1 33 9
1 33 10
4 33 11
2 32 11
2 31 11
2 30 11
2 29 11
2 28 11
2 27 11
2 26 11
2 25 11
2 24 11
6 23 11
1 23 12
1 23 13
4 23 14
2 22 14
2 21 14
2 20 14
2 19 14
6 18 14
1 18 15
1 18 16
1 18 17
1 18 18
1 18 19
4 18 20
2 17 20
2 16 20
2 15 20
6 14 20
1 14 21
1 14 22
1 14 23
1 14 24
4 14 25
2 13 25
2 12 25
6 11 25
1 11 26
-1
-1
-1
-1
0 11 27
2 10 27
2 9 27
3 8 27
1 8 26
1 8 25
-1
-1
-1
-1
-1
-1
-1
-1
-1
-1
-1
-1
-1
-1
-1
-1
-1
-1
-1
-1
-1
-1
-1
-1
-1
-1
-1
-1
-1
-1
-1
-1
-1
-1
-1
-1
-1
-1
-1
-1
0 8 24
-1
-1
-1
-1
-1
-1
-1
-1
-1
-1
-1
-1
-1
-1
-1
-1
-1
-1
-1
-1
-1
-1
-1
-1
-1
-1
-1
-1
0 23 11
2 12 27
2 13 27
2 14 27
2 15 27
2 16 27
2 17 27
2 18 27
2 19 27
2 20 27
2 21 27
5 22 27
1 22 28
1 22 29
1 22 30
1 22 31
3 22 32
2 23 32
2 24 32
2 25 32
5 26 32
1 26 33
1 26 34
1 26 35
1 26 36
-1
-1
-1
-1
-1
-1
-1
-1
0 26 37
1 26 38
1 26 39
4 26 40
6 25 40
1 25 41
1 25 42
1 25 43
1 25 44
1 25 45
1 25 46
4 25 47
2 24 47
2 23 47
-1
-1
-1
-1
-1
-1
-1
-1
-1
-1
-1
0 22 47
2 22 11
2 21 11
2 20 11
2 19 11
2 18 11
2 17 11
3 16 11
5 16 10
2 15 10
-1
-1
-1
-1
-1
-1
-1
-1
0 14 10
2 27 37
2 28 37
2 29 37
2 30 37
2 31 37
2 32 37
2 33 37
2 34 37
2 35 37
2 36 37
-1
-1
-1
-1
-1
-1
0 37 37
1 14 9
1 14 8
5 14 7
2 13 7
2 12 7
2 11 7
2 10 7
2 9 7
2 8 7
2 7 7
3 6 7
1 6 6
1 6 5
1 6 4
1 6 3
5 6 2
2 5 2
0 4 2
2 21 47
2 20 47
2 19 47
2 18 47
2 17 47
2 16 47
6 15 47
-1
-1
-1
0 15 48
1 45 5
1 45 6
1 45 7
1 45 8
1 45 9
1 45 10
1 45 11
3 45 12
-1
-1
0 46 12
1 37 36
1 37 35
1 37 34
1 37 33
6 37 32
2 38 32
2 39 32
2 40 32
2 41 32
4 42 32
1 42 31
6 42 30
2 43 30
2 44 30
0 45 30
1 4 3
1 4 4
4 4 5
2 3 5
0 2 5
-1
-1
-1
-1
-1
-1
0 43 7
-1
-1
-1
-1
-1
-1
0 18 14
-1
-1
-1
-1
-1
-1
0 22 27
-1
-1
-1
-1
-1
0 26 32
1 11 28
1 11 29
1 11 30
1 11 31
3 11 32
2 12 32
0 13 32
4 13 33
2 12 33
2 11 33
2 10 33
2 9 33
2 8 33
2 7 33
2 6 33
2 5 33
2 4 33
2 3 33
2 2 33
0 1 33
0 14 7
1 37 38
3 37 39
2 38 39
2 39 39
2 40 39
0 41 39
-1
-1
0 5 2
5 46 4
1 46 5
3 46 6
2 47 6
2 48 6
0 49 6
2 27 32
2 28 32
2 29 32
2 30 32
2 31 32
2 32 32
0 33 32
5 45 3
2 44 3
0 43 3
1 41 40
1 41 41
1 41 42
1 41 43
1 41 44
1 41 45
0 41 46
-1
0 6 7
1 6 8
1 6 9
1 6 10
1 6 11
1 6 12
1 6 13
1 6 14
0 6 15
0 15 47
2 42 3
2 41 3
2 40 3
2 39 3
0 38 3
1 14 6
1 14 5
1 14 4
6 14 3
2 15 3
0 16 3
0 8 27
5 34 8
1 34 9
1 34 10
1 34 11
0 34 12
1 22 26
1 22 25
6 22 24
2 23 24
2 24 24
2 25 24
2 26 24
0 27 24
0 14 20
0 45 9
2 16 48
-1
0 17 48
-1
-1
0 29 11
1 1 32
1 1 31
-1
0 1 30
3 34 13
5 35 13
1 35 14
1 35 15
0 35 16
0 25 40
1 8 28
1 8 29
1 8 30
3 8 31
2 9 31
0 10 31
0 32 37
2 5 15
2 4 15
0 3 15
3 27 25
2 28 25
2 29 25
0 30 25
1 15 46
1 15 45
0 15 44
1 46 13
1 46 14
1 46 15
1 46 16
1 46 17
1 46 18
0 46 19
2 31 25
2 32 25
2 33 25
0 34 25
0 42 32
0 11 25
0 7 15
2 17 3
2 18 3
2 19 3
2 20 3
2 21 3
0 22 3
0 16 27
6 22 2
0 23 2
1 41 47
4 41 48
2 40 48
2 39 48
2 38 48
2 37 48
2 36 48
2 35 48
0 34 48
5 14 32
1 14 33
1 14 34
1 14 35
1 14 36
0 14 37
-1
-1
-1
-1
-1
-1
-1
-1
-1
-1
-1
-1
-1
-1
-1
-1
-1
-1
-1
-1
-1
-1
-1
-1
-1
-1
-1
-1
-1
-1
-1
-1
-1
-1
-1
-1
-1
-1
-1
-1
-1
-1
-1
-1
-1
-1
-1
-1
-1
-1
-1
-1
-1
-1
-1
-1
-1
-1
-1
-1
-1
-1
-1
-1
-1
-1
-1
-1
-1
-1
-1
-1
-1
-1
-1
-1
-1
-1
-1
-1
-1
-1
-1
-1
-1
-1
-1
-1
-1
-1
-1
-1
-1
-1
-1
-1
-1
-1
-1
-1
-1
-1
-1
-1
-1
-1
-1
-1
-1
-1
-1
-1
-1
-1
-1
-1
-1
-1
-1
-1
-1
-1
-1
-1
-1
-1
-1
-1
-1
-1
-1
-1
-1
-1
-1
-1
-1
-1
-1
-1
-1
-1
-1
-1
-1
-1
-1
-1
-1
-1
-1
-1
-1
-1
-1
-1
-1
-1
-1
-1
-1
-1
-1
-1
-1
-1
-1
-1
-1
-1
-1
-1
-1
-1
-1
-1
-1
-1
-1
-1
-1
-1
-1
-1
-1
-1
-1
-1
-1
-1
-1
-1
-1
-1
-1
-1
-1
-1
-1
-1
-1
-1
-1
-1
-1
-1
-1
-1
-1
-1
-1
-1
-1
-1
-1
-1
-1
-1
-1
-1
-1
-1
-1
-1
-1
-1
-1
-1
-1
-1
-1
-1
-1
-1
-1
-1
-1
-1
-1
-1
-1
-1
-1
-1
-1
-1
-1
-1
-1
-1
-1
-1
-1
-1
-1
-1
-1
-1
-1
-1
-1
-1
-1
-1
-1
-1
-1
-1
-1
-1
-1
-1
-1
-1
-1
-1
-1
-1
-1
-1
-1
-1
-1
-1
-1
-1
-1
-1
-1
-1
-1
-1
-1
-1
-1
-1
-1
-1
-1
-1
-1
-1
-1
-1
-1
-1
-1
-1
-1
-1
-1
-1
-1
-1
-1
-1
-1
-1
-1
-1
-1
