0 16 20
3 16 21
2 17 21
2 18 21
2 19 21
2 20 21
5 21 21
1 21 22
1 21 23
1 21 24
3 21 25
2 22 25
5 23 25
3 23 26
2 24 26
2 25 26
2 26 26
2 27 26
5 28 26
1 28 27
1 28 28
1 28 29
1 28 30
1 28 31
1 28 32
3 28 33
2 29 33
2 30 33
5 31 33
1 31 34
1 31 35
1 31 36
1 31 37
1 31 38
1 31 39
1 31 40
3 31 41
2 32 41
5 33 41
1 33 42
1 33 43
3 33 44
2 34 44
2 35 44
0 36 44
5 16 19
2 15 19
3 14 19
1 14 18
1 14 17
1 14 16
5 14 15
2 13 15
2 12 15
2 11 15
2 10 15
2 9 15
3 8 15
1 8 14
-1
-1
-1
-1
-1
-1
-1
-1
-1
-1
-1
-1
-1
-1
-1
-1
-1
-1
-1
-1
-1
-1
-1
-1
-1
-1
-1
-1
-1
-1
-1
-1
-1
-1
-1
-1
-1
-1
-1
-1
-1
-1
-1
-1
-1
-1
-1
-1
-1
-1
0 8 13
6 36 43
2 37 43
4 38 43
1 38 42
1 38 41
1 38 40
6 38 39
2 39 39
2 40 39
2 41 39
2 42 39
4 43 39
1 43 38
1 43 37
1 43 36
6 43 35
2 44 35
-1
-1
-1
-1
-1
-1
-1
-1
-1
-1
-1
-1
-1
-1
-1
-1
-1
-1
-1
-1
-1
-1
-1
-1
-1
-1
-1
-1
0 45 35
5 8 12
2 7 12
2 6 12
2 5 12
3 4 12
1 4 11
1 4 10
1 4 9
5 4 8
-1
-1
-1
-1
-1
-1
-1
-1
-1
-1
-1
-1
-1
0 3 8
1 45 36
1 45 37
1 45 38
1 45 39
1 45 40
1 45 41
-1
-1
-1
-1
-1
-1
-1
-1
-1
0 45 42
-1
-1
-1
-1
-1
-1
-1
-1
-1
0 33 41
1 3 7
1 3 6
1 3 5
5 3 4
3 2 4
1 2 3
1 2 2
-1
-1
0 2 1
4 36 45
2 35 45
2 34 45
2 33 45
2 32 45
2 31 45
2 30 45
2 29 45
2 28 45
2 27 45
2 26 45
2 25 45
2 24 45
2 23 45
2 22 45
0 21 45
0 43 39
4 9 13
6 9 12
2 10 12
2 11 12
-1
-1
0 12 12
2 3 1
2 4 1
2 5 1
2 6 1
2 7 1
2 8 1
2 9 1
2 10 1
0 11 1
5 37 44
1 37 45
1 37 46
0 37 47
1 45 34
1 45 33
5 45 32
2 44 32
2 43 32
3 42 32
1 42 31
0 42 30
2 1 1
0 0 1
4 17 20
6 17 19
4 18 19
1 18 18
1 18 17
0 18 16
1 45 43
1 45 44
1 45 45
3 45 46
2 46 46
0 47 46
0 28 29
1 3 9
1 3 10
1 3 11
4 3 12
0 2 12
1 2 13
1 2 14
1 2 15
1 2 16
1 2 17
0 2 18
0 45 32
0 8 1
1 18 15
6 18 14
2 19 14
4 20 14
1 20 13
0 20 12
0 32 45
1 32 46
1 32 47
0 32 48
0 2 4
-1
0 31 33
1 20 11
1 20 10
6 20 9
2 21 9
0 22 9
1 8 2
1 8 3
0 8 4
0 23 25
2 41 30
2 40 30
0 39 30
0 8 15
2 32 33
2 33 33
2 34 33
0 35 33
0 20 10
0 43 36
6 42 29
0 43 29
0 45 46
2 2 8
0 1 8
1 43 28
1 43 27
1 43 26
0 43 25
0 40 39
1 43 24
0 43 23
4 29 29
6 29 28
0 30 28
2 46 35
0 47 35
0 47 36
0 28 26
1 21 44
6 21 43
0 22 43
1 39 29
1 39 28
1 39 27
0 39 26
0 27 45
1 28 25
1 28 24
6 28 23
2 29 23
2 30 23
0 31 23
1 43 22
1 43 21
1 43 20
1 43 19
1 43 18
1 43 17
0 43 16
1 31 22
0 31 21
0 4 12
2 32 21
2 33 21
2 34 21
0 35 21
0 20 45
0 47 47
1 20 46
1 20 47
4 20 48
2 19 48
0 18 48
0 20 48
0 28 33
0 16 19
2 7 4
2 6 4
0 5 4
2 36 33
0 37 33
0 25 45
0 21 21
2 44 16
0 45 16
2 46 16
0 47 16
1 27 44
1 27 43
1 27 42
0 27 41
2 46 42
2 47 42
0 48 42
0 13 12
0 16 21
6 21 20
2 22 20
2 23 20
2 24 20
0 25 20
2 17 48
0 16 48
2 27 33
2 26 33
2 25 33
0 24 33
1 25 19
0 25 18
1 24 34
0 24 35
0 20 14
2 9 4
2 10 4
2 11 4
2 12 4
2 13 4
0 14 4
2 31 48
0 30 48
2 15 4
2 16 4
0 17 4
0 42 32
1 43 15
0 43 14
1 25 17
0 25 16
0 31 41
1 40 38
5 40 37
0 39 37
2 23 9
2 24 9
0 25 9
0 10 15
1 35 22
1 35 23
1 35 24
0 35 25
3 44 46
5 44 45
2 43 45
0 42 45
1 25 8
1 25 7
1 25 6
1 25 5
6 25 4
0 26 4
0 14 16
1 47 37
0 47 38
0 38 40
1 24 32
5 24 31
2 23 31
2 22 31
0 21 31
3 25 10
2 26 10
2 27 10
2 28 10
2 29 10
0 30 10
1 2 19
1 2 20
3 2 21
2 3 21
0 4 21
1 24 36
1 24 37
4 24 38
2 23 38
2 22 38
0 21 38
2 44 29
2 45 29
2 46 29
0 47 29
1 47 28
5 47 27
0 46 27
1 4 22
1 4 23
1 4 24
1 4 25
1 4 26
3 4 27
0 5 27
6 21 30
0 22 30
0 27 4
2 20 38
2 19 38
2 18 38
2 17 38
2 16 38
2 15 38
0 14 38
5 12 11
2 11 11
2 10 11
0 9 11
4 5 28
2 4 28
2 3 28
2 2 28
0 1 28
5 35 32
0 34 32
1 16 22
1 16 23
1 16 24
3 16 25
2 17 25
0 18 25
1 28 34
1 28 35
1 28 36
0 28 37
1 8 5
0 8 6
0 18 38
2 36 21
2 37 21
0 38 21
0 38 43
1 33 40
6 33 39
0 34 39
1 31 20
1 31 19
5 31 18
0 30 18
6 30 9
0 31 9
6 25 15
2 26 15
2 27 15
0 28 15
5 6 27
1 6 28
3 6 29
0 7 29
1 17 3
6 17 2
2 18 2
0 19 2
1 14 39
1 14 40
1 14 41
0 14 42
4 14 43
2 13 43
2 12 43
0 11 43
0 13 11
0 39 36
3 42 23
1 42 22
1 42 21
0 42 20
1 31 8
1 31 7
6 31 6
2 32 6
2 33 6
2 34 6
2 35 6
0 36 6
6 36 5
2 37 5
2 38 5
2 39 5
2 40 5
0 41 5
1 7 30
3 7 31
2 8 31
2 9 31
0 10 31
1 41 4
1 41 3
6 41 2
0 42 2
2 42 14
2 41 14
2 40 14
2 39 14
2 38 14
2 37 14
0 36 14
2 20 2
2 21 2
4 22 2
6 22 1
0 23 1
1 10 30
6 10 29
4 11 29
6 11 28
0 12 28
-1
-1
-1
-1
-1
-1
-1
-1
-1
-1
-1
-1
-1
-1
-1
-1
-1
-1
-1
-1
-1
-1
-1
-1
-1
-1
-1
-1
-1
-1
-1
-1
-1
-1
-1
-1
-1
-1
-1
-1
-1
-1
-1
-1
-1
-1
-1
-1
-1
-1
-1
-1
-1
-1
-1
-1
-1
-1
-1
-1
-1
-1
-1
-1
-1
-1
-1
-1
-1
-1
-1
-1
-1
-1
-1
-1
-1
-1
-1
-1
-1
-1
-1
-1
-1
-1
-1
-1
-1
-1
-1
-1
-1
-1
-1
-1
-1
-1
-1
-1
-1
-1
-1
-1
-1
-1
-1
-1
-1
-1
-1
-1
-1
-1
-1
-1
-1
-1
-1
-1
-1
-1
-1
-1
-1
-1
-1
-1
-1
-1
-1
-1
-1
-1
-1
-1
-1
-1
-1
-1
-1
-1
-1
-1
-1
-1
-1
-1
-1
-1
-1
-1
-1
-1
-1
-1
-1
-1
-1
-1
-1
-1
-1
-1
-1
-1
-1
-1
-1
-1
-1
-1
-1
-1
-1
-1
-1
-1
-1
-1
-1
-1
-1
-1
-1
-1
-1
-1
-1
-1
-1
-1
-1
-1
-1
-1
