0 17 10
1 17 11
1 17 12
1 17 13
1 17 14
1 17 15
1 17 16
1 17 17
1 17 18
1 17 19
1 17 20
1 17 21
1 17 22
1 17 23
1 17 24
1 17 25
1 17 26
1 17 27
1 17 28
1 17 29
1 17 30
1 17 31
1 17 32
1 17 33
1 17 34
1 17 35
1 17 36
1 17 37
1 17 38
1 17 39
1 17 40
1 17 41
1 17 42
1 17 43
1 17 44
1 17 45
3 17 46
0 18 46
2 19 46
5 20 46
3 20 47
2 21 47
0 22 47
6 16 10
1 16 11
4 16 12
2 15 12
-1
-1
-1
-1
-1
-1
-1
-1
0 14 12
1 14 11
1 14 10
5 14 9
2 13 9
-1
-1
-1
-1
0 12 9
1 17 9
1 17 8
5 17 7
3 16 7
-1
0 16 6
-1
-1
-1
-1
0 17 44
2 18 44
2 19 44
4 20 44
1 20 43
1 20 42
6 20 41
0 21 41
4 18 47
2 17 47
0 16 47
1 14 13
1 14 14
0 14 15
1 22 48
4 22 49
2 21 49
2 20 49
0 19 49
0 16 7
2 23 47
2 24 47
0 25 47
1 21 40
1 21 39
1 21 38
0 21 37
0 14 16
0 16 5
2 15 47
2 14 47
0 13 47
2 18 10
0 19 10
2 20 10
2 21 10
2 22 10
0 23 10
1 23 11
0 23 12
1 23 13
1 23 14
0 23 15
0 20 44
2 22 15
0 21 15
2 13 12
2 12 12
0 11 12
1 21 16
1 21 17
0 21 18
0 21 19
0 11 9
1 11 8
1 11 7
0 11 6
2 24 15
2 25 15
2 26 15
0 27 15
2 28 15
2 29 15
2 30 15
2 31 15
2 32 15
2 33 15
0 34 15
0 17 31
6 34 14
2 35 14
0 36 14
2 37 14
2 38 14
0 39 14
2 40 14
0 41 14
0 17 22
1 34 16
1 34 17
0 34 18
1 36 13
0 36 12
0 17 13
2 10 9
0 9 9
1 36 11
1 36 10
0 36 9
2 37 9
2 38 9
0 39 9
1 34 19
0 34 20
1 36 8
0 36 7
2 35 7
2 34 7
0 33 7
0 17 36
2 8 9
2 7 9
0 6 9
0 22 41
2 42 14
2 43 14
2 44 14
0 45 14
1 45 15
3 45 16
0 46 16
1 33 6
1 33 5
1 33 4
0 33 3
0 46 17
1 46 18
4 46 19
2 45 19
2 44 19
0 43 19
1 43 20
1 43 21
1 43 22
1 43 23
1 43 24
1 43 25
1 43 26
1 43 27
1 43 28
1 43 29
0 43 30
2 42 30
2 41 30
0 40 30
1 40 31
0 40 32
1 43 31
1 43 32
1 43 33
3 43 34
0 44 34
1 40 33
1 40 34
0 40 35
6 23 9
2 24 9
0 25 9
1 21 20
0 21 21
1 40 29
1 40 28
0 40 27
1 40 36
0 40 37
0 43 23
1 40 26
0 40 25
0 32 7
6 39 30
4 39 31
2 38 31
2 37 31
0 36 31
1 45 13
1 45 12
0 45 11
0 10 6
2 34 3
0 35 3
2 47 17
0 48 17
2 45 34
2 46 34
0 47 34
2 13 16
2 12 16
2 11 16
0 10 16
1 44 35
1 44 36
1 44 37
1 44 38
0 44 39
1 36 32
1 36 33
0 36 34
0 32 3
0 35 2
1 40 38
0 40 39
1 19 9
0 19 8
1 44 40
1 44 41
0 44 42
2 39 39
2 38 39
0 37 39
0 17 20
2 35 34
0 34 34
1 34 35
0 34 36
0 48 34
2 22 21
2 23 21
0 24 21
0 39 25
2 46 11
2 47 11
0 48 11
0 43 28
4 44 43
2 43 43
2 42 43
0 41 43
2 44 11
0 43 11
1 41 44
0 41 45
0 41 46
2 40 46
2 39 46
0 38 46
1 21 22
0 21 23
2 42 46
2 43 46
2 44 46
0 45 46
1 39 8
6 39 7
0 40 7
5 10 15
2 9 15
2 8 15
0 7 15
0 45 47
6 16 31
4 16 32
0 15 32
2 14 32
2 13 32
0 12 32
0 12 31
1 12 30
1 12 29
0 12 28
1 12 27
0 12 26
2 11 32
2 10 32
2 9 32
0 8 32
0 8 33
0 13 9
2 44 23
2 45 23
0 46 23
1 48 35
1 48 36
0 48 37
1 8 34
1 8 35
0 8 36
2 7 36
0 6 36
1 6 37
1 6 38
0 6 39
1 6 40
1 6 41
1 6 42
0 6 43
4 6 44
0 5 44
2 45 42
2 46 42
0 47 42
1 27 16
1 27 17
0 27 18
0 48 18
2 36 2
0 37 2
0 48 42
4 5 45
2 4 45
2 3 45
0 2 45
1 2 46
3 2 47
0 3 47
3 16 44
0 16 43
0 6 10
0 16 42
0 41 15
1 14 17
1 14 18
0 14 19
0 31 3
2 23 41
0 24 41
6 5 36
4 5 37
2 4 37
0 3 37
2 7 39
2 8 39
2 9 39
0 10 39
2 13 28
2 14 28
0 15 28
2 33 34
2 32 34
0 31 34
2 11 39
0 12 39
0 31 35
1 6 8
5 6 7
0 5 7
1 24 22
0 24 23
1 5 6
1 5 5
5 5 4
0 4 4
6 4 3
4 5 3
0 5 2
0 5 1
4 14 20
0 13 20
0 6 11
2 11 28
2 10 28
0 9 28
0 12 20
1 9 27
0 9 26
1 9 25
5 9 24
0 8 24
0 15 5
4 13 48
0 12 48
2 36 39
0 35 39
1 8 31
5 8 30
2 7 30
2 6 30
2 5 30
0 4 30
1 12 25
6 12 24
2 13 24
0 14 24
2 46 46
2 47 46
0 48 46
2 44 30
2 45 30
0 46 30
2 20 15
2 19 15
0 18 15
1 36 30
1 36 29
5 36 28
0 35 28
0 21 49
1 4 31
4 4 32
2 3 32
2 2 32
0 1 32
0 31 7
1 2 44
0 2 43
2 7 24
2 6 24
2 5 24
2 4 24
0 3 24
1 31 8
1 31 9
1 31 10
0 31 11
1 11 5
1 11 4
6 11 3
0 12 3
0 48 12
1 12 40
0 12 41
2 38 2
0 39 2
1 25 8
0 25 7
0 40 2
1 34 21
0 34 22
1 34 23
0 34 24
2 41 2
2 42 2
0 43 2
0 3 25
0 12 2
2 30 35
6 29 35
1 29 36
4 29 37
0 28 37
2 33 24
0 32 24
4 32 25
2 31 25
0 30 25
1 3 23
1 3 22
1 3 21
5 3 20
2 2 20
0 1 20
0 25 21
0 30 26
0 21 40
1 41 47
0 41 48
0 41 37
0 13 39
2 26 7
5 27 7
3 27 8
0 28 8
1 28 38
0 28 39
1 19 7
6 19 6
0 20 6
1 21 36
0 21 35
1 20 5
1 20 4
0 20 3
1 46 24
0 46 25
6 20 2
2 21 2
0 22 2
2 11 20
2 10 20
2 9 20
0 8 20
1 48 10
1 48 9
1 48 8
1 48 7
5 48 6
3 47 6
0 47 5
6 22 1
2 23 1
0 24 1
6 2 25
4 2 26
0 1 26
2 4 7
0 3 7
1 28 7
0 28 6
2 25 1
2 26 1
0 27 1
5 31 33
2 30 33
2 29 33
0 28 33
1 28 32
0 28 31
0 28 30
1 40 40
0 40 41
1 21 24
4 21 25
6 20 25
0 20 26
3 3 48
2 4 48
0 5 48
0 47 6
1 12 33
0 12 34
1 20 27
3 20 28
2 21 28
0 22 28
1 1 19
0 1 18
2 35 22
0 36 22
1 1 17
0 1 16
1 46 29
0 46 28
4 31 12
2 30 12
0 29 12
2 35 18
2 36 18
2 37 18
0 38 18
4 35 40
2 34 40
2 33 40
0 32 40
2 18 36
0 19 36
0 33 20
2 4 1
2 3 1
0 2 1
0 31 15
1 21 34
6 21 33
0 22 33
5 7 14
0 6 14
0 6 7
4 38 47
2 37 47
0 36 47
6 6 13
0 7 13
1 38 45
0 38 44
-1
-1
-1
-1
-1
-1
-1
-1
-1
-1
-1
-1
-1
-1
-1
-1
-1
-1
-1
-1
-1
-1
-1
-1
-1
-1
-1
-1
-1
-1
-1
-1
-1
-1
-1
-1
-1
-1
-1
-1
-1
-1
-1
-1
-1
-1
-1
-1
-1
-1
-1
-1
-1
-1
-1
-1
-1
-1
-1
-1
-1
-1
-1
-1
-1
-1
-1
-1
-1
-1
-1
-1
-1
-1
-1
-1
-1
-1
-1
-1
-1
-1
-1
-1
-1
-1
-1
-1
-1
-1
-1
-1
-1
-1
-1
-1
-1
-1
-1
-1
-1
-1
-1
-1
-1
-1
-1
-1
-1
-1
-1
-1
-1
-1
-1
-1
-1
-1
-1
-1
-1
-1
-1
-1
-1
-1
-1
-1
-1
-1
-1
-1
-1
-1
-1
-1
-1
-1
-1
-1
-1
-1
-1
-1
-1
-1
-1
-1
-1
-1
-1
-1
-1
-1
-1
-1
-1
-1
-1
-1
-1
-1
-1
-1
-1
-1
-1
-1
-1
-1
-1
-1
-1
-1
-1
-1
-1
-1
-1
-1
-1
-1
-1
