0 37 16
1 37 17
1 37 18
1 37 19
4 37 20
2 36 20
2 35 20
2 34 20
2 33 20
2 32 20
2 31 20
2 30 20
2 29 20
2 28 20
2 27 20
2 26 20
2 25 20
2 24 20
2 23 20
2 22 20
2 21 20
2 20 20
2 19 20
2 18 20
2 17 20
6 16 20
1 16 21
1 16 22
1 16 23
1 16 24
4 16 25
2 15 25
2 14 25
2 13 25
2 12 25
2 11 25
2 10 25
2 9 25
2 8 25
2 7 25
0 6 25
2 38 16
2 39 16
2 40 16
5 41 16
3 41 17
2 42 17
2 43 17
2 44 17
2 45 17
0 46 17
-1
-1
-1
-1
-1
-1
-1
-1
-1
-1
-1
-1
-1
-1
-1
-1
-1
-1
-1
-1
-1
-1
-1
-1
-1
-1
-1
-1
-1
-1
-1
-1
0 13 25
1 46 16
1 46 15
1 46 14
1 46 13
5 46 12
2 45 12
2 44 12
-1
-1
-1
-1
-1
-1
-1
-1
-1
-1
-1
-1
-1
-1
-1
-1
-1
-1
-1
-1
-1
-1
-1
-1
-1
0 43 12
1 6 26
1 6 27
1 6 28
3 6 29
5 7 29
1 7 30
1 7 31
3 7 32
2 8 32
5 9 32
1 9 33
-1
-1
-1
-1
-1
-1
-1
-1
-1
-1
-1
-1
-1
-1
-1
0 9 34
2 36 16
2 35 16
2 34 16
2 33 16
2 32 16
2 31 16
3 30 16
1 30 15
1 30 14
1 30 13
1 30 12
-1
-1
-1
-1
-1
-1
-1
-1
-1
-1
-1
0 30 11
2 10 34
2 11 34
2 12 34
2 13 34
2 14 34
2 15 34
2 16 34
2 17 34
2 18 34
2 19 34
5 20 34
1 20 35
1 20 36
3 20 37
5 21 37
3 21 38
2 22 38
2 23 38
2 24 38
-1
0 25 38
2 26 38
2 27 38
2 28 38
2 29 38
2 30 38
2 31 38
2 32 38
2 33 38
-1
-1
-1
-1
-1
-1
0 34 38
1 34 37
1 34 36
1 34 35
6 34 34
2 35 34
2 36 34
-1
-1
-1
-1
-1
0 37 34
1 6 24
1 6 23
1 6 22
1 6 21
1 6 20
6 6 19
2 7 19
2 8 19
-1
-1
-1
0 9 19
2 31 11
2 32 11
2 33 11
2 34 11
4 35 11
1 35 10
1 35 9
1 35 8
6 35 7
-1
0 36 7
1 25 39
1 25 40
1 25 41
1 25 42
1 25 43
4 25 44
2 24 44
2 23 44
6 22 44
4 22 45
0 21 45
1 13 26
1 13 27
1 13 28
-1
-1
-1
0 13 29
-1
-1
-1
-1
-1
-1
0 30 16
2 29 11
2 28 11
2 27 11
2 26 11
2 25 11
2 24 11
0 23 11
1 9 18
1 9 17
1 9 16
1 9 15
1 9 14
1 9 13
1 9 12
5 9 11
2 8 11
2 7 11
2 6 11
3 5 11
5 5 10
2 4 10
3 3 10
1 3 9
1 3 8
1 3 7
1 3 6
1 3 5
1 3 4
1 3 3
5 3 2
0 2 2
1 34 39
1 34 40
1 34 41
0 34 42
1 9 35
1 9 36
1 9 37
1 9 38
1 9 39
1 9 40
0 9 41
0 37 20
1 37 35
3 37 36
2 38 36
0 39 36
0 16 20
2 22 11
2 21 11
2 20 11
2 19 11
2 18 11
0 17 11
4 34 43
2 33 43
2 32 43
2 31 43
2 30 43
2 29 43
0 28 43
0 3 10
1 39 37
3 39 38
2 40 38
2 41 38
2 42 38
2 43 38
5 44 38
1 44 39
3 44 40
2 45 40
2 46 40
0 47 40
0 20 37
2 37 7
2 38 7
0 39 7
1 46 18
1 46 19
0 46 20
1 46 21
1 46 22
1 46 23
1 46 24
0 46 25
1 23 10
1 23 9
1 23 8
5 23 7
2 22 7
0 21 7
1 37 21
1 37 22
1 37 23
1 37 24
1 37 25
4 37 26
2 36 26
0 35 26
1 35 27
4 35 28
2 34 28
2 33 28
0 32 28
0 6 19
0 29 11
2 14 29
0 15 29
5 47 20
0 47 21
1 17 12
1 17 13
4 17 14
2 16 14
0 15 14
0 32 11
1 17 10
5 17 9
2 16 9
3 15 9
0 15 8
0 33 20
5 15 7
2 14 7
2 13 7
2 12 7
2 11 7
0 10 7
0 35 11
0 31 38
2 14 14
0 13 14
1 9 42
1 9 43
3 9 44
2 10 44
0 11 44
0 20 34
2 31 28
2 30 28
2 29 28
2 28 28
2 27 28
0 26 28
0 11 25
0 7 29
1 32 29
1 32 30
4 32 31
0 31 31
1 26 27
1 26 26
1 26 25
1 26 24
1 26 23
5 26 22
0 25 22
1 20 38
4 20 39
2 19 39
2 18 39
0 17 39
1 36 6
1 36 5
1 36 4
0 36 3
1 11 45
1 11 46
3 11 47
2 12 47
2 13 47
0 14 47
0 9 38
2 35 3
0 34 3
0 3 6
4 25 23
2 24 23
2 23 23
2 22 23
2 21 23
0 20 23
6 8 34
4 8 35
2 7 35
2 6 35
2 5 35
2 4 35
0 3 35
5 3 34
2 2 34
2 1 34
0 0 34
0 21 37
1 26 29
1 26 30
1 26 31
3 26 32
0 27 32
4 16 8
1 16 7
1 16 6
1 16 5
1 16 4
1 16 3
0 16 2
5 34 2
2 33 2
2 32 2
2 31 2
0 30 2
6 8 41
1 8 42
1 8 43
1 8 44
1 8 45
1 8 46
4 8 47
2 7 47
2 6 47
0 5 47
-1
-1
-1
-1
-1
-1
-1
-1
-1
-1
-1
-1
-1
-1
-1
-1
-1
-1
-1
-1
-1
-1
-1
-1
-1
-1
-1
-1
-1
-1
-1
-1
-1
-1
-1
-1
-1
-1
-1
-1
-1
-1
-1
-1
-1
-1
-1
-1
-1
-1
-1
-1
-1
-1
-1
-1
-1
-1
-1
-1
-1
-1
-1
-1
-1
-1
-1
-1
-1
-1
-1
-1
-1
-1
-1
-1
-1
-1
-1
-1
-1
-1
-1
-1
-1
-1
-1
-1
-1
-1
-1
-1
-1
-1
-1
-1
-1
-1
-1
-1
-1
-1
-1
-1
-1
-1
-1
-1
-1
-1
-1
-1
-1
-1
-1
-1
-1
-1
-1
-1
-1
-1
-1
-1
-1
-1
-1
-1
-1
-1
-1
-1
-1
-1
-1
-1
-1
-1
-1
-1
-1
-1
-1
-1
-1
-1
-1
-1
-1
-1
-1
-1
-1
-1
-1
-1
-1
-1
-1
-1
-1
-1
-1
-1
-1
-1
-1
-1
-1
-1
-1
-1
-1
-1
-1
-1
-1
-1
-1
-1
-1
-1
-1
-1
-1
-1
-1
-1
-1
-1
-1
-1
-1
-1
-1
-1
-1
-1
-1
-1
-1
-1
-1
-1
-1
-1
-1
-1
-1
-1
-1
-1
-1
-1
-1
-1
-1
-1
-1
-1
-1
-1
-1
-1
-1
-1
-1
-1
-1
-1
-1
-1
-1
-1
-1
-1
-1
-1
-1
-1
-1
-1
-1
-1
-1
-1
-1
-1
-1
-1
-1
-1
-1
-1
-1
-1
-1
-1
-1
-1
-1
-1
-1
-1
-1
-1
-1
-1
-1
-1
-1
-1
-1
-1
-1
-1
-1
-1
-1
-1
-1
-1
-1
-1
-1
-1
-1
-1
-1
-1
-1
-1
-1
-1
-1
-1
-1
-1
-1
-1
-1
-1
-1
-1
-1
-1
-1
-1
-1
-1
-1
-1
-1
-1
-1
