0 6 24
1 6 23
1 6 22
1 6 21
6 6 20
2 7 20
2 8 20
2 9 20
2 10 20
2 11 20
2 12 20
2 13 20
2 14 20
2 15 20
2 16 20
2 17 20
2 18 20
2 19 20
2 20 20
2 21 20
2 22 20
2 23 20
2 24 20
2 25 20
2 26 20
2 27 20
2 28 20
2 29 20
2 30 20
2 31 20
2 32 20
2 33 20
4 34 20
6 34 19
2 35 19
2 36 19
2 37 19
2 38 19
2 39 19
4 40 19
1 40 18
1 40 17
0 40 16
-1
-1
-1
-1
-1
-1
-1
-1
-1
-1
-1
-1
-1
-1
-1
-1
0 7 20
2 41 16
4 42 16
1 42 15
6 42 14
4 43 14
1 43 13
-1
-1
-1
-1
-1
-1
-1
-1
-1
-1
-1
-1
-1
0 43 12
1 7 19
1 7 18
6 7 17
2 8 17
4 9 17
1 9 16
6 9 15
4 10 15
1 10 14
1 10 13
1 10 12
1 10 11
6 10 10
4 11 10
1 11 9
-1
-1
0 11 8
2 7 24
5 8 24
1 8 25
1 8 26
1 8 27
1 8 28
1 8 29
1 8 30
1 8 31
1 8 32
3 8 33
0 9 33
2 39 16
2 38 16
2 37 16
2 36 16
2 35 16
3 34 16
1 34 15
0 34 14
1 11 7
5 11 6
2 10 6
2 9 6
2 8 6
2 7 6
2 6 6
0 5 6
1 43 11
1 43 10
1 43 9
1 43 8
1 43 7
1 43 6
1 43 5
1 43 4
6 43 3
0 44 3
3 5 24
1 5 23
1 5 22
0 5 21
1 34 13
6 34 12
4 35 12
1 35 11
1 35 10
1 35 9
1 35 8
1 35 7
0 35 6
0 8 29
2 44 12
0 45 12
2 12 8
2 13 8
4 14 8
1 14 7
1 14 6
0 14 5
0 43 14
4 6 25
2 5 25
2 4 25
2 3 25
2 2 25
0 1 25
0 9 17
2 36 6
2 37 6
4 38 6
0 38 5
0 34 16
0 40 19
1 40 20
1 40 21
0 40 22
6 5 5
2 6 5
2 7 5
0 8 5
0 34 6
0 10 20
-1
0 34 20
2 45 3
2 46 3
0 47 3
0 10 13
-1
0 37 19
0 10 10
2 41 19
2 42 19
2 43 19
0 44 19
0 35 12
1 14 4
0 14 3
2 10 17
2 11 17
0 12 17
0 16 20
0 20 20
0 43 5
2 36 12
2 37 12
0 38 12
0 8 24
0 8 27
1 44 20
0 44 21
0 30 20
0 4 25
6 8 4
0 9 4
1 38 11
6 38 10
0 39 10
1 5 20
1 5 19
1 5 18
0 5 17
1 47 4
1 47 5
0 47 6
2 46 12
2 47 12
0 48 12
1 9 34
1 9 35
0 9 36
1 9 37
4 9 38
0 8 38
1 9 3
1 9 2
0 9 1
1 38 4
1 38 3
0 38 2
1 30 21
1 30 22
4 30 23
2 29 23
0 28 23
0 40 10
2 9 13
2 8 13
0 7 13
2 27 23
2 26 23
0 25 23
0 24 23
1 24 24
4 24 25
2 23 25
0 22 25
1 22 26
4 22 27
2 21 27
0 20 27
1 20 28
1 20 29
1 20 30
1 20 31
1 20 32
1 20 33
1 20 34
0 20 35
2 37 2
2 36 2
0 35 2
0 20 31
1 20 36
1 20 37
1 20 38
0 20 39
2 6 13
2 5 13
0 4 13
2 4 6
0 3 6
2 34 2
2 33 2
2 32 2
2 31 2
0 30 2
6 4 17
4 4 18
2 3 18
2 2 18
0 1 18
0 38 6
0 8 30
1 4 12
0 4 11
0 42 16
1 44 22
1 44 23
3 44 24
0 45 24
1 48 13
1 48 14
1 48 15
0 48 16
0 20 33
0 14 2
1 44 2
1 44 1
0 44 0
1 40 23
1 40 24
1 40 25
0 40 26
1 45 25
3 45 26
5 46 26
0 46 27
2 9 27
2 10 27
2 11 27
0 12 27
0 9 24
2 19 39
2 18 39
2 17 39
0 16 39
2 8 1
2 7 1
2 6 1
0 5 1
2 48 6
0 49 6
2 15 39
0 14 39
2 7 30
0 6 30
0 6 31
1 40 27
1 40 28
1 40 29
1 40 30
1 40 31
1 40 32
4 40 33
0 39 33
2 38 33
2 37 33
2 36 33
0 35 33
5 4 10
2 3 10
0 2 10
0 35 34
2 34 34
2 33 34
2 32 34
0 31 34
2 19 31
0 18 31
1 31 35
1 31 36
0 31 37
0 10 4
0 40 33
0 1 24
0 31 38
2 47 16
0 46 16
1 16 19
0 16 18
0 33 20
2 30 38
0 29 38
1 29 39
1 29 40
0 29 41
0 35 9
3 29 42
0 30 42
1 40 34
1 40 35
0 40 36
1 40 37
1 40 38
1 40 39
1 40 40
0 40 41
2 21 39
0 22 39
0 37 16
0 23 39
0 39 41
1 40 42
1 40 43
3 40 44
0 41 44
2 33 14
0 32 14
2 42 44
2 43 44
2 44 44
2 45 44
0 46 44
1 41 45
1 41 46
0 41 47
2 9 10
0 8 10
1 48 17
0 48 18
0 15 2
2 29 2
0 28 2
1 12 26
6 12 25
0 13 25
2 11 13
2 12 13
2 13 13
0 14 13
0 42 47
2 16 2
2 17 2
2 18 2
0 19 2
2 21 33
2 22 33
2 23 33
2 24 33
0 25 33
0 33 6
1 19 3
1 19 4
1 19 5
0 19 6
1 19 7
1 19 8
1 19 9
0 19 10
1 30 43
1 30 44
1 30 45
1 30 46
0 30 47
0 14 8
0 38 19
1 1 23
0 1 22
0 20 10
0 12 20
0 42 12
2 5 31
2 4 31
2 3 31
0 2 31
1 12 28
0 12 29
2 21 10
2 22 10
2 23 10
0 24 10
0 24 11
0 24 9
0 34 9
0 2 32
1 28 1
0 28 0
0 43 7
2 41 26
0 42 26
5 31 42
1 31 43
3 31 44
2 32 44
2 33 44
0 34 44
0 43 11
1 34 21
1 34 22
1 34 23
0 34 24
1 34 25
0 34 26
1 24 12
4 24 13
0 23 13
4 26 33
0 26 32
1 13 24
6 13 23
0 14 23
0 34 27
2 25 9
2 26 9
2 27 9
0 28 9
5 32 13
0 31 13
2 33 27
2 32 27
0 31 27
1 26 31
1 26 30
1 26 29
0 26 28
2 20 2
2 21 2
0 22 2
2 19 33
2 18 33
2 17 33
2 16 33
0 15 33
1 20 19
1 20 18
0 20 17
4 47 27
6 47 26
0 48 26
0 4 21
1 42 27
0 42 28
0 29 9
0 30 13
1 14 40
1 14 41
0 14 42
1 8 39
0 8 40
1 24 22
0 24 21
2 41 33
2 42 33
0 43 33
2 43 0
0 42 0
1 8 41
1 8 42
4 8 43
2 7 43
2 6 43
2 5 43
0 4 43
2 29 13
2 28 13
0 27 13
1 27 14
0 27 15
2 7 38
2 6 38
2 5 38
2 4 38
2 3 38
2 2 38
0 1 38
1 22 40
1 22 41
0 22 42
1 25 34
0 25 35
5 9 40
1 9 41
1 9 42
1 9 43
1 9 44
3 9 45
0 10 45
1 43 34
0 43 35
1 31 33
1 31 32
5 31 31
0 30 31
0 47 7
2 32 38
2 33 38
5 34 38
3 34 39
0 35 39
1 4 44
1 4 45
0 4 46
0 14 9
1 22 43
1 22 44
3 22 45
2 23 45
0 24 45
1 24 46
1 24 47
4 24 48
2 23 48
0 22 48
2 21 48
2 20 48
2 19 48
6 18 48
4 18 49
2 17 49
2 16 49
0 15 49
6 46 43
2 47 43
0 48 43
3 22 3
0 23 3
0 44 1
3 43 36
2 44 36
2 45 36
2 46 36
0 47 36
-1
-1
-1
-1
-1
-1
-1
-1
-1
-1
-1
-1
-1
-1
-1
-1
-1
-1
-1
-1
-1
-1
-1
-1
-1
-1
-1
-1
-1
-1
-1
-1
-1
-1
-1
-1
-1
-1
-1
-1
-1
-1
-1
-1
-1
-1
-1
-1
-1
-1
-1
-1
-1
-1
-1
-1
-1
-1
-1
-1
-1
-1
-1
-1
-1
-1
-1
-1
-1
-1
-1
-1
-1
-1
-1
-1
-1
-1
-1
-1
-1
-1
-1
-1
-1
-1
-1
-1
-1
-1
-1
-1
-1
-1
-1
-1
-1
-1
-1
-1
-1
-1
-1
-1
-1
-1
-1
-1
-1
-1
-1
-1
-1
-1
-1
-1
-1
-1
-1
-1
-1
-1
-1
-1
-1
-1
-1
-1
-1
-1
-1
-1
-1
-1
-1
-1
-1
-1
-1
-1
-1
-1
-1
-1
-1
-1
-1
-1
-1
-1
-1
-1
-1
-1
-1
-1
-1
-1
-1
-1
-1
-1
-1
-1
-1
-1
-1
-1
-1
-1
-1
-1
-1
-1
-1
-1
-1
-1
-1
-1
-1
-1
-1
-1
-1
-1
-1
-1
