0 8 7
2 9 7
5 10 7
1 10 8
1 10 9
3 10 10
2 11 10
2 12 10
2 13 10
2 14 10
5 15 10
1 15 11
1 15 12
1 15 13
3 15 14
2 16 14
2 17 14
2 18 14
2 19 14
2 20 14
2 21 14
2 22 14
2 23 14
2 24 14
2 25 14
2 26 14
2 27 14
2 28 14
2 29 14
5 30 14
3 30 15
2 31 15
2 32 15
2 33 15
2 34 15
2 35 15
5 36 15
3 36 16
2 37 16
5 38 16
1 38 17
3 38 18
0 39 18
1 39 19
1 39 20
4 39 21
2 38 21
2 37 21
6 36 21
1 36 22
1 36 23
1 36 24
4 36 25
6 35 25
1 35 26
1 35 27
1 35 28
1 35 29
1 35 30
1 35 31
1 35 32
1 35 33
1 35 34
1 35 35
1 35 36
0 35 37
6 7 7
4 7 8
2 6 8
2 5 8
2 4 8
2 3 8
-1
-1
-1
0 2 8
1 8 6
6 8 5
2 9 5
2 10 5
2 11 5
2 12 5
0 13 5
6 39 17
2 40 17
2 41 17
2 42 17
-1
0 43 17
1 43 16
1 43 15
5 43 14
2 42 14
0 41 14
1 2 7
1 2 6
0 2 5
1 2 9
1 2 10
0 2 11
2 34 37
2 33 37
2 32 37
2 31 37
2 30 37
0 29 37
2 3 11
2 4 11
2 5 11
0 6 11
1 35 38
1 35 39
1 35 40
4 35 41
2 34 41
0 33 41
0 36 23
1 2 12
1 2 13
0 2 14
1 6 12
1 6 13
3 6 14
2 7 14
0 8 14
0 39 21
5 36 37
1 36 38
3 36 39
0 37 39
1 8 15
1 8 16
0 8 17
0 15 14
1 8 18
0 8 19
0 33 42
0 35 34
2 44 17
2 45 17
0 46 17
0 7 7
0 38 16
2 28 37
2 27 37
2 26 37
2 25 37
2 24 37
2 23 37
3 22 37
0 22 36
2 21 36
2 20 36
6 19 36
1 19 37
1 19 38
4 19 39
2 18 39
2 17 39
0 16 39
2 15 39
2 14 39
0 13 39
1 13 40
1 13 41
1 13 42
0 13 43
0 10 7
0 14 10
0 29 38
6 12 39
1 12 40
4 12 41
2 11 41
0 10 41
0 19 36
2 35 23
2 34 23
0 33 23
1 43 18
0 43 19
0 30 14
0 43 15
0 36 21
1 2 4
6 2 3
0 3 3
1 10 40
1 10 39
1 10 38
0 10 37
0 9 37
2 8 37
2 7 37
0 6 37
2 4 3
2 5 3
0 6 3
1 6 36
1 6 35
0 6 34
5 3 14
3 3 15
0 4 15
2 9 14
2 10 14
0 11 14
0 22 37
0 34 37
0 19 39
1 6 2
0 6 1
0 32 23
0 14 43
0 8 20
1 32 22
0 32 21
3 37 40
5 38 40
1 38 41
1 38 42
0 38 43
0 34 15
0 5 34
0 13 38
0 36 15
1 5 33
0 5 32
1 5 31
1 5 30
5 5 29
2 4 29
0 3 29
1 3 28
1 3 27
0 3 26
0 12 10
2 4 26
2 5 26
0 6 26
2 7 26
2 8 26
0 9 26
6 28 38
1 28 39
1 28 40
1 28 41
0 28 42
0 31 23
1 28 43
0 28 44
0 25 14
1 32 20
1 32 19
0 32 18
4 13 44
0 12 44
0 19 40
2 5 37
2 4 37
0 3 37
1 3 38
1 3 39
1 3 40
0 3 41
0 3 8
5 19 35
2 18 35
0 17 35
2 9 41
0 8 41
1 19 41
0 19 42
2 10 26
0 11 26
1 11 25
1 11 24
0 11 23
0 3 40
0 30 38
2 16 35
0 15 35
0 1 11
0 34 41
0 15 15
0 36 25
0 37 25
1 10 36
1 10 35
1 10 34
1 10 33
0 10 32
0 43 20
2 15 43
0 16 43
2 39 43
5 40 43
1 40 44
0 40 45
0 25 37
4 44 15
1 44 14
0 44 13
1 6 25
0 6 24
0 5 29
0 9 17
0 1 8
1 4 16
0 4 17
0 35 29
1 10 31
0 10 30
1 34 14
0 34 13
2 3 17
0 2 17
0 11 30
2 45 13
2 46 13
2 47 13
0 48 13
2 30 23
0 29 23
1 2 18
3 2 19
5 3 19
1 3 20
0 3 21
2 39 45
2 38 45
2 37 45
0 36 45
0 11 22
2 12 22
0 13 22
2 2 21
0 1 21
1 34 12
1 34 11
6 34 10
2 35 10
0 36 10
0 41 13
4 8 42
0 7 42
0 6 4
0 25 15
2 12 30
2 13 30
0 14 30
0 7 43
0 14 22
2 2 26
0 1 26
0 37 10
2 15 22
2 16 22
0 17 22
2 34 34
0 33 34
1 17 23
0 17 24
0 18 24
0 32 34
1 33 33
0 33 32
0 28 14
1 36 9
1 36 8
1 36 7
0 36 6
2 37 6
0 38 6
2 15 30
2 16 30
2 17 30
0 18 30
2 39 6
4 40 6
6 40 5
2 41 5
0 42 5
2 19 30
0 20 30
2 38 25
2 39 25
2 40 25
0 41 25
2 7 3
2 8 3
0 9 3
0 36 5
2 35 5
2 34 5
0 33 5
0 33 6
0 2 29
0 3 36
0 43 5
1 42 4
0 42 3
0 15 10
0 29 44
2 36 34
0 37 34
0 8 21
1 25 38
1 25 39
0 25 40
0 48 12
0 31 38
1 44 12
0 44 11
0 44 10
1 42 2
0 42 1
0 35 45
2 20 39
0 21 39
1 20 31
1 20 32
0 20 33
0 17 21
1 3 42
4 3 43
2 2 43
0 1 43
0 19 43
2 11 44
0 10 44
1 29 36
5 29 35
0 28 35
2 41 1
2 40 1
2 39 1
0 38 1
2 44 20
5 45 20
0 45 21
1 1 22
0 1 23
1 3 2
1 3 1
5 3 0
0 2 0
2 41 45
0 42 45
2 43 45
2 44 45
2 45 45
0 46 45
1 13 4
1 13 3
1 13 2
0 13 1
0 6 10
0 40 43
0 15 16
0 14 1
0 47 45
1 16 44
1 16 45
0 16 46
0 6 38
1 2 30
0 2 31
1 10 45
1 10 46
0 10 47
1 37 35
3 37 36
2 38 36
2 39 36
0 40 36
1 29 45
1 29 46
1 29 47
0 29 48
0 20 29
1 20 28
0 20 27
1 28 34
5 28 33
3 27 33
0 27 32
0 11 13
3 40 37
2 41 37
2 42 37
2 43 37
0 44 37
1 48 11
1 48 10
1 48 9
0 48 8
1 33 4
5 33 3
2 32 3
3 31 3
0 31 2
4 44 5
6 44 4
2 45 4
2 46 4
0 47 4
1 44 36
0 44 35
3 15 17
2 16 17
0 17 17
0 10 33
0 25 13
0 41 43
2 24 13
0 23 13
0 38 10
1 16 47
0 16 48
0 31 1
0 32 32
0 2 12
6 28 13
4 29 13
1 29 12
1 29 11
1 29 10
0 29 9
2 28 9
0 27 9
3 36 46
5 37 46
1 37 47
0 37 48
6 6 0
2 7 0
0 8 0
3 8 8
0 9 8
2 18 21
2 19 21
0 20 21
2 17 46
5 18 46
0 18 47
0 14 23
0 33 18
1 44 38
3 44 39
0 45 39
1 42 6
4 42 7
0 41 7
1 45 22
3 45 23
5 46 23
1 46 24
1 46 25
1 46 26
1 46 27
0 46 28
3 13 6
2 14 6
2 15 6
2 16 6
2 17 6
2 18 6
0 19 6
1 28 15
1 28 16
1 28 17
1 28 18
0 28 19
0 46 25
3 20 22
0 21 22
2 20 6
0 21 6
1 21 7
0 21 8
2 30 2
2 29 2
0 28 2
2 37 1
0 36 1
1 29 24
4 29 25
6 28 25
1 28 26
0 28 27
2 2 36
0 1 36
1 19 5
1 19 4
0 19 3
1 18 48
3 18 49
0 19 49
2 9 47
6 8 47
4 8 48
0 7 48
1 1 44
3 1 45
5 2 45
0 2 46
6 19 2
2 20 2
2 21 2
2 22 2
0 23 2
1 42 46
0 42 47
3 46 18
0 47 18
1 46 29
1 46 30
3 46 31
0 47 31
2 45 28
2 44 28
2 43 28
6 42 28
0 42 29
-1
-1
-1
-1
-1
-1
-1
-1
-1
-1
-1
-1
-1
-1
-1
-1
-1
-1
-1
-1
-1
-1
-1
-1
-1
-1
-1
-1
-1
-1
-1
-1
-1
-1
-1
-1
-1
-1
-1
-1
-1
-1
-1
-1
-1
-1
-1
-1
-1
-1
-1
-1
-1
-1
-1
-1
-1
-1
-1
-1
-1
-1
-1
-1
-1
-1
-1
-1
-1
-1
-1
-1
-1
-1
-1
-1
-1
-1
-1
-1
-1
-1
-1
-1
-1
-1
-1
-1
-1
-1
-1
-1
-1
-1
-1
-1
-1
-1
-1
-1
-1
-1
-1
-1
-1
-1
-1
-1
-1
-1
-1
-1
-1
-1
-1
-1
-1
-1
-1
-1
-1
-1
-1
-1
-1
-1
-1
-1
-1
-1
-1
-1
-1
-1
-1
-1
-1
-1
-1
-1
-1
-1
-1
-1
-1
-1
-1
-1
-1
-1
-1
-1
-1
-1
-1
-1
-1
-1
-1
-1
-1
-1
-1
-1
-1
-1
-1
-1
-1
-1
-1
-1
-1
-1
-1
