0 5 35
2 6 35
2 7 35
2 8 35
2 9 35
4 10 35
1 10 34
6 10 33
2 11 33
4 12 33
1 12 32
6 12 31
2 13 31
2 14 31
2 15 31
2 16 31
2 17 31
2 18 31
2 19 31
2 20 31
2 21 31
2 22 31
2 23 31
2 24 31
2 25 31
4 26 31
1 26 30
1 26 29
6 26 28
2 27 28
4 28 28
1 28 27
1 28 26
1 28 25
6 28 24
2 29 24
2 30 24
4 31 24
1 31 23
1 31 22
6 31 21
2 32 21
4 33 21
6 33 20
2 34 20
2 35 20
2 36 20
2 37 20
2 38 20
2 39 20
2 40 20
4 41 20
1 41 19
1 41 18
1 41 17
0 41 16
-1
-1
-1
-1
-1
-1
-1
-1
-1
-1
-1
-1
-1
-1
-1
-1
-1
-1
-1
-1
0 10 35
2 42 16
2 43 16
2 44 16
2 45 16
5 46 16
1 46 17
3 46 18
5 47 18
1 47 19
1 47 20
-1
-1
-1
-1
-1
-1
-1
-1
0 47 21
-1
-1
-1
-1
-1
-1
-1
-1
0 36 20
1 10 36
3 10 37
5 11 37
1 11 38
1 11 39
1 11 40
1 11 41
3 11 42
2 12 42
0 13 42
-1
-1
-1
-1
0 46 16
1 36 19
1 36 18
1 36 17
1 36 16
1 36 15
5 36 14
0 35 14
2 34 14
2 33 14
2 32 14
2 31 14
2 30 14
3 29 14
1 29 13
0 29 12
4 47 22
2 46 22
2 45 22
0 44 22
1 5 36
3 5 37
0 6 37
1 5 34
1 5 33
1 5 32
0 5 31
0 33 20
5 11 35
3 11 36
2 12 36
2 13 36
2 14 36
2 15 36
0 16 36
0 16 31
1 16 37
1 16 38
3 16 39
0 17 39
2 28 12
2 27 12
2 26 12
2 25 12
2 24 12
2 23 12
2 22 12
0 21 12
0 43 16
1 21 13
1 21 14
0 21 15
0 31 23
1 5 30
1 5 29
1 5 28
1 5 27
1 5 26
0 5 25
0 28 25
0 12 33
0 5 24
1 5 23
1 5 22
0 5 21
0 11 39
0 20 31
1 29 11
1 29 10
1 29 9
0 29 8
1 46 15
1 46 14
0 46 13
2 28 8
0 27 8
0 41 20
1 27 7
1 27 6
0 27 5
0 20 32
0 26 31
4 6 38
2 5 38
6 4 38
1 4 39
0 4 40
1 27 4
1 27 3
0 27 2
0 28 2
1 16 35
0 16 34
0 25 12
1 41 15
1 41 14
1 41 13
0 41 12
2 4 25
0 3 25
0 26 28
0 11 37
0 47 18
1 4 41
0 4 42
1 41 11
1 41 10
0 41 9
0 5 29
0 23 31
2 20 15
2 19 15
2 18 15
0 17 15
1 26 32
1 26 33
0 26 34
1 26 35
0 26 36
0 38 20
0 28 28
1 46 12
6 46 11
2 47 11
0 48 11
1 26 37
1 26 38
0 26 39
2 27 39
2 28 39
0 29 39
0 4 21
1 17 14
0 17 13
0 21 11
1 4 43
1 4 44
1 4 45
0 4 46
2 6 21
0 7 21
0 29 14
0 3 46
5 48 21
0 48 22
0 40 16
1 21 16
1 21 17
1 21 18
3 21 19
0 22 19
1 22 20
1 22 21
0 22 22
2 40 9
0 39 9
0 23 22
1 48 23
1 48 24
1 48 25
0 48 26
0 13 43
0 34 14
0 47 26
1 48 10
0 48 9
0 12 31
0 30 39
1 25 13
1 25 14
0 25 15
0 5 34
1 16 30
0 16 29
2 12 43
0 11 43
2 16 13
2 15 13
0 14 13
2 31 39
0 32 39
2 10 43
2 9 43
0 8 43
1 33 19
0 33 18
5 16 28
2 15 28
0 14 28
2 3 21
0 2 21
2 13 28
2 12 28
0 11 28
1 17 16
1 17 17
4 17 18
2 16 18
0 15 18
0 15 19
0 16 39
0 14 36
2 33 39
2 34 39
0 35 39
2 36 39
2 37 39
0 38 39
2 39 39
2 40 39
0 41 39
2 42 39
0 43 39
2 29 2
0 30 2
2 44 39
0 45 39
0 43 40
0 11 38
1 25 16
3 25 17
2 26 17
0 27 17
3 47 9
1 47 8
1 47 7
0 47 6
0 7 22
1 44 23
1 44 24
4 44 25
2 43 25
0 42 25
2 27 31
2 28 31
0 29 31
1 45 40
3 45 41
2 46 41
5 47 41
1 47 42
0 47 43
1 36 21
0 36 22
2 25 36
2 24 36
0 23 36
1 17 40
1 17 41
0 17 42
0 20 11
1 47 44
1 47 45
0 47 46
0 45 13
0 38 9
2 46 46
2 45 46
2 44 46
2 43 46
0 42 46
1 11 27
0 11 26
1 17 12
1 17 11
1 17 10
1 17 9
0 17 8
2 17 36
2 18 36
0 19 36
1 36 23
0 36 24
0 47 41
0 26 8
0 6 29
0 22 36
2 41 46
2 40 46
0 39 46
0 24 22
1 45 38
1 45 37
6 45 36
0 46 36
2 47 36
0 48 36
2 40 12
2 39 12
0 38 12
0 25 17
5 27 1
2 26 1
0 25 1
0 10 33
0 18 8
2 16 19
2 17 19
2 18 19
0 19 19
1 34 13
1 34 12
0 34 11
2 8 22
2 9 22
0 10 22
1 42 47
0 42 48
1 38 38
1 38 37
1 38 36
1 38 35
0 38 34
1 27 18
0 27 19
2 30 31
2 31 31
2 32 31
0 33 31
0 34 31
1 26 40
1 26 41
0 26 42
0 28 19
0 26 43
0 42 26
6 25 43
1 25 44
1 25 45
0 25 46
0 10 39
0 36 18
6 26 5
0 26 6
4 18 42
6 18 41
2 19 41
0 20 41
2 10 26
0 9 26
0 4 38
2 26 46
0 27 46
1 27 47
0 27 48
1 46 35
0 46 34
0 38 33
2 11 22
0 12 22
0 46 11
1 20 30
1 20 29
0 20 28
1 20 27
0 20 26
1 48 27
1 48 28
1 48 29
0 48 30
1 4 20
0 4 19
2 6 31
0 7 31
2 45 34
0 44 34
0 20 15
1 38 8
0 38 7
1 20 42
1 20 43
1 20 44
0 20 45
5 38 6
2 37 6
2 36 6
0 35 6
1 35 5
6 35 4
0 36 4
1 36 3
0 36 2
0 42 45
2 37 2
2 38 2
0 39 2
0 20 25
1 44 33
1 44 32
0 44 31
3 38 46
1 38 45
5 38 44
2 37 44
0 36 44
0 34 30
2 41 25
0 40 25
0 34 29
0 35 44
0 19 20
1 22 37
0 22 38
1 47 5
1 47 4
1 47 3
1 47 2
5 47 1
0 46 1
5 4 37
2 3 37
2 2 37
0 1 37
1 20 46
0 20 47
2 19 47
2 18 47
0 17 47
1 41 8
1 41 7
0 41 6
1 18 7
1 18 6
1 18 5
1 18 4
0 18 3
1 4 18
1 4 17
1 4 16
1 4 15
1 4 14
5 4 13
0 3 13
2 28 48
4 29 48
0 29 47
1 3 12
1 3 11
1 3 10
1 3 9
1 3 8
1 3 7
1 3 6
1 3 5
1 3 4
5 3 3
2 2 3
0 1 3
0 47 19
0 3 3
2 16 8
2 15 8
2 14 8
0 13 8
1 35 45
1 35 46
0 35 47
2 29 28
0 30 28
2 4 29
2 3 29
0 2 29
5 20 24
2 19 24
2 18 24
2 17 24
0 16 24
0 41 21
1 10 21
1 10 20
1 10 19
1 10 18
0 10 17
0 25 22
0 3 2
2 12 8
2 11 8
2 10 8
0 9 8
0 9 17
6 1 29
1 1 30
1 1 31
4 1 32
0 0 32
4 19 8
6 19 7
0 20 7
2 42 9
0 43 9
6 17 46
0 18 46
2 2 13
0 1 13
4 9 9
0 8 9
2 25 42
2 24 42
0 23 42
1 33 32
1 33 33
4 33 34
0 32 34
4 47 47
0 46 47
0 2 20
1 30 40
1 30 41
3 30 42
0 31 42
1 18 2
0 18 1
1 11 44
1 11 45
4 11 46
0 10 46
1 43 8
0 43 7
-1
-1
-1
-1
-1
-1
-1
-1
-1
-1
-1
-1
-1
-1
-1
-1
-1
-1
-1
-1
-1
-1
-1
-1
-1
-1
-1
-1
-1
-1
-1
-1
-1
-1
-1
-1
-1
-1
-1
-1
-1
-1
-1
-1
-1
-1
-1
-1
-1
-1
-1
-1
-1
-1
-1
-1
-1
-1
-1
-1
-1
-1
-1
-1
-1
-1
-1
-1
-1
-1
-1
-1
-1
-1
-1
-1
-1
-1
-1
-1
-1
-1
-1
-1
-1
-1
-1
-1
-1
-1
-1
-1
-1
-1
-1
-1
-1
-1
-1
-1
-1
-1
-1
-1
-1
-1
-1
-1
-1
-1
-1
-1
-1
-1
-1
-1
-1
-1
-1
-1
-1
-1
-1
-1
-1
-1
-1
-1
-1
-1
-1
-1
-1
-1
-1
-1
-1
-1
-1
-1
-1
-1
-1
-1
-1
-1
-1
-1
-1
-1
-1
-1
-1
-1
-1
-1
-1
-1
-1
-1
-1
-1
-1
