0 22 8
6 22 7
2 23 7
2 24 7
2 25 7
2 26 7
2 27 7
2 28 7
2 29 7
2 30 7
2 31 7
2 32 7
2 33 7
0 34 7
5 35 7
1 35 8
1 35 9
1 35 10
1 35 11
1 35 12
1 35 13
3 35 14
-1
-1
2 36 14
-1
-1
2 37 14
-1
-1
-1
2 38 14
-1
-1
-1
5 39 14
-1
-1
-1
1 39 15
-1
-1
1 39 16
-1
-1
-1
1 39 17
-1
-1
-1
1 39 18
-1
-1
1 39 19
-1
-1
-1
1 39 20
-1
-1
-1
1 39 21
-1
-1
1 39 22
-1
-1
-1
1 39 23
-1
-1
-1
1 39 24
-1
-1
-1
1 39 25
-1
-1
1 39 26
-1
-1
-1
1 39 27
-1
-1
-1
1 39 28
-1
-1
1 39 29
-1
-1
-1
1 39 30
-1
-1
-1
1 39 31
-1
-1
-1
1 39 32
-1
-1
3 39 33
-1
-1
-1
2 40 33
-1
-1
-1
2 41 33
-1
-1
2 42 33
-1
-1
-1
2 43 33
-1
-1
-1
2 44 33
-1
-1
-1
-1
-1
-1
-1
-1
-1
-1
-1
-1
-1
-1
-1
-1
-1
-1
-1
-1
-1
-1
-1
-1
-1
-1
-1
-1
-1
-1
-1
-1
-1
-1
-1
-1
-1
-1
-1
-1
-1
-1
-1
-1
-1
-1
-1
-1
-1
-1
-1
-1
-1
-1
-1
-1
-1
-1
-1
-1
-1
-1
-1
-1
-1
-1
-1
-1
-1
-1
-1
-1
-1
-1
-1
-1
-1
-1
-1
-1
-1
-1
-1
-1
-1
-1
-1
-1
-1
-1
-1
-1
-1
-1
-1
-1
-1
-1
-1
-1
-1
-1
-1
-1
-1
-1
-1
-1
-1
-1
-1
-1
-1
-1
-1
-1
-1
-1
-1
-1
-1
-1
-1
-1
-1
-1
-1
-1
-1
-1
-1
-1
-1
-1
-1
-1
-1
-1
-1
-1
-1
-1
-1
-1
-1
-1
-1
-1
-1
-1
-1
-1
-1
-1
-1
-1
-1
-1
-1
-1
-1
-1
-1
-1
-1
-1
-1
-1
-1
-1
-1
-1
-1
-1
-1
-1
-1
-1
-1
-1
-1
-1
-1
-1
0 45 33
-1
1 34 8
1 34 9
1 34 10
-1
1 34 11
1 34 12
4 34 13
-1
2 33 13
2 32 13
2 31 13
-1
-1
-1
-1
-1
-1
-1
-1
-1
-1
-1
-1
-1
-1
-1
-1
-1
-1
-1
-1
-1
-1
-1
-1
-1
-1
-1
-1
-1
-1
-1
-1
-1
-1
-1
-1
-1
-1
-1
-1
-1
-1
-1
-1
-1
-1
-1
-1
-1
-1
-1
-1
-1
-1
-1
-1
-1
-1
-1
-1
-1
-1
-1
-1
-1
-1
0 30 13
5 34 6
2 33 6
2 32 6
3 31 6
1 31 5
5 31 4
2 30 4
2 29 4
-1
-1
-1
-1
-1
-1
-1
-1
-1
-1
-1
-1
-1
-1
-1
-1
-1
-1
-1
-1
-1
-1
-1
-1
-1
0 28 4
1 45 34
4 45 35
6 44 35
1 44 36
1 44 37
1 44 38
1 44 39
1 44 40
4 44 41
2 43 41
2 42 41
2 41 41
2 40 41
-1
-1
-1
-1
-1
-1
-1
-1
-1
-1
-1
-1
-1
-1
0 39 41
1 22 9
4 22 10
2 21 10
2 20 10
2 19 10
2 18 10
2 17 10
2 16 10
2 15 10
6 14 10
4 14 11
2 13 11
2 12 11
2 11 11
2 10 11
2 9 11
6 8 11
1 8 12
1 8 13
1 8 14
1 8 15
4 8 16
2 7 16
2 6 16
2 5 16
2 4 16
2 3 16
0 2 16
1 2 17
1 2 18
1 2 19
3 2 20
5 3 20
1 3 21
1 3 22
1 3 23
1 3 24
1 3 25
1 3 26
1 3 27
1 3 28
1 3 29
1 3 30
1 3 31
1 3 32
1 3 33
1 3 34
1 3 35
1 3 36
1 3 37
1 3 38
1 3 39
1 3 40
1 3 41
1 3 42
1 3 43
1 3 44
1 3 45
1 3 46
1 3 47
0 3 48
0 39 17
4 4 48
6 4 47
2 5 47
2 6 47
-1
-1
-1
0 7 47
1 7 46
1 7 45
1 7 44
1 7 43
1 7 42
1 7 41
5 7 40
2 6 40
2 5 40
0 4 40
1 39 42
1 39 43
1 39 44
3 39 45
2 40 45
2 41 45
2 42 45
2 43 45
2 44 45
2 45 45
2 46 45
0 47 45
-1
-1
0 8 11
3 21 8
1 21 7
1 21 6
5 21 5
2 20 5
2 19 5
0 18 5
1 45 32
1 45 31
1 45 30
6 45 29
0 46 29
1 28 3
6 28 2
2 29 2
-1
0 30 2
1 46 28
6 46 27
2 47 27
4 48 27
0 48 26
6 38 17
1 38 18
1 38 19
4 38 20
2 37 20
2 36 20
0 35 20
2 17 5
2 16 5
2 15 5
2 14 5
0 13 5
0 7 43
4 8 43
1 8 42
1 8 41
6 8 40
2 9 40
2 10 40
0 11 40
0 26 7
2 38 41
2 37 41
2 36 41
0 35 41
4 47 46
2 46 46
2 45 46
2 44 46
2 43 46
0 42 46
0 35 7
1 35 42
1 35 43
1 35 44
1 35 45
4 35 46
2 34 46
0 33 46
0 3 20
0 31 6
1 35 6
6 35 5
2 36 5
2 37 5
0 38 5
0 35 11
1 11 39
1 11 38
1 11 37
6 11 36
0 12 36
0 39 14
4 35 21
2 34 21
2 33 21
0 32 21
0 39 33
0 3 41
1 13 4
1 13 3
1 13 2
5 13 1
2 12 1
0 11 1
0 44 35
0 14 10
2 8 47
2 9 47
2 10 47
2 11 47
0 12 47
2 39 5
2 40 5
2 41 5
2 42 5
2 43 5
2 44 5
2 45 5
2 46 5
0 47 5
3 38 33
1 38 32
1 38 31
5 38 30
2 37 30
2 36 30
0 35 30
2 13 47
2 14 47
2 15 47
2 16 47
2 17 47
2 18 47
2 19 47
0 20 47
5 30 1
0 29 1
1 20 46
1 20 45
1 20 44
1 20 43
5 20 42
0 19 42
1 12 35
1 12 34
1 12 33
1 12 32
5 12 31
0 11 31
1 32 22
4 32 23
2 31 23
2 30 23
2 29 23
2 28 23
0 27 23
1 30 14
4 30 15
2 29 15
2 28 15
2 27 15
2 26 15
0 25 15
1 35 31
1 35 32
4 35 33
2 34 33
2 33 33
0 32 33
1 32 34
1 32 35
4 32 36
2 31 36
2 30 36
2 29 36
0 28 36
1 25 16
1 25 17
1 25 18
4 25 19
2 24 19
2 23 19
2 22 19
0 21 19
1 47 4
1 47 3
5 47 2
2 46 2
2 45 2
2 44 2
0 43 2
-1
-1
-1
-1
-1
-1
-1
-1
-1
-1
-1
-1
-1
-1
-1
-1
-1
-1
-1
-1
-1
-1
-1
-1
-1
-1
-1
-1
-1
-1
-1
-1
-1
-1
-1
-1
-1
-1
-1
-1
-1
-1
-1
-1
-1
-1
-1
-1
-1
-1
-1
-1
-1
-1
-1
-1
-1
-1
-1
-1
-1
-1
-1
-1
-1
-1
-1
-1
-1
-1
-1
-1
-1
-1
-1
-1
-1
-1
-1
-1
