0 44 15
1 44 16
4 44 17
2 43 17
2 42 17
2 41 17
6 40 17
1 40 18
1 40 19
1 40 20
1 40 21
1 40 22
1 40 23
1 40 24
1 40 25
1 40 26
1 40 27
1 40 28
1 40 29
1 40 30
1 40 31
1 40 32
1 40 33
1 40 34
1 40 35
1 40 36
1 40 37
1 40 38
1 40 39
4 40 40
2 39 40
6 38 40
1 38 41
1 38 42
1 38 43
1 38 44
0 38 45
2 43 15
2 42 15
2 41 15
2 40 15
2 39 15
2 38 15
2 37 15
3 36 15
5 36 14
3 35 14
1 35 13
1 35 12
1 35 11
1 35 10
1 35 9
1 35 8
5 35 7
2 34 7
2 33 7
2 32 7
2 31 7
2 30 7
3 29 7
1 29 6
1 29 5
1 29 4
1 29 3
-1
0 29 2
2 37 45
2 36 45
2 35 45
2 34 45
2 33 45
2 32 45
2 31 45
2 30 45
2 29 45
2 28 45
2 27 45
2 26 45
2 25 45
2 24 45
2 23 45
2 22 45
2 21 45
2 20 45
2 19 45
2 18 45
2 17 45
2 16 45
2 15 45
2 14 45
2 13 45
2 12 45
2 11 45
2 10 45
2 9 45
2 8 45
2 7 45
2 6 45
2 5 45
2 4 45
2 3 45
2 2 45
-1
-1
0 1 45
6 28 2
1 28 3
4 28 4
2 27 4
2 26 4
-1
-1
-1
-1
-1
-1
-1
-1
-1
-1
-1
-1
-1
0 25 4
2 39 45
2 40 45
4 41 45
1 41 44
1 41 43
6 41 42
2 42 42
2 43 42
2 44 42
2 45 42
2 46 42
2 47 42
-1
-1
0 48 42
3 1 46
2 2 46
2 3 46
2 4 46
2 5 46
2 6 46
2 7 46
2 8 46
2 9 46
2 10 46
2 11 46
0 12 46
1 38 46
3 38 47
2 39 47
2 40 47
2 41 47
2 42 47
2 43 47
0 44 47
-1
-1
-1
-1
-1
-1
0 41 42
1 25 5
1 25 6
1 25 7
1 25 8
1 25 9
1 25 10
1 25 11
0 25 12
1 48 41
1 48 40
5 48 39
2 47 39
0 46 39
1 1 44
1 1 43
6 1 42
2 2 42
2 3 42
2 4 42
2 5 42
2 6 42
2 7 42
2 8 42
2 9 42
2 10 42
2 11 42
2 12 42
0 13 42
0 40 37
0 41 45
3 24 12
1 24 11
0 24 10
1 46 38
1 46 37
6 46 36
4 47 36
1 47 35
1 47 34
0 47 33
2 13 46
5 14 46
1 14 47
3 14 48
2 15 48
2 16 48
0 17 48
0 40 39
1 13 41
1 13 40
1 13 39
0 13 38
5 14 38
1 14 39
3 14 40
2 15 40
0 16 40
0 35 12
1 44 14
1 44 13
1 44 12
1 44 11
0 44 10
0 33 45
0 27 45
6 16 39
2 17 39
2 18 39
0 19 39
0 8 42
1 25 3
1 25 2
5 25 1
0 24 1
2 23 1
2 22 1
0 21 1
0 36 15
2 35 15
2 34 15
2 33 15
0 32 15
0 40 17
1 13 37
1 13 36
1 13 35
0 13 34
1 21 2
1 21 3
1 21 4
4 21 5
0 20 5
0 44 17
0 33 44
1 20 6
1 20 7
4 20 8
0 19 8
2 45 17
0 46 17
0 47 17
0 11 46
1 33 43
1 33 42
0 33 41
0 27 44
0 22 45
0 25 6
0 1 46
2 20 39
2 21 39
0 22 39
0 12 38
0 38 43
2 19 5
0 18 5
0 40 22
1 22 46
0 22 47
1 13 33
0 13 32
1 44 9
0 44 8
0 42 47
0 29 7
3 17 49
0 18 49
0 23 10
1 13 31
1 13 30
1 13 29
1 13 28
0 13 27
0 14 46
0 38 40
2 14 27
2 15 27
2 16 27
2 17 27
2 18 27
2 19 27
0 20 27
3 20 28
2 21 28
2 22 28
0 23 28
0 45 47
0 47 36
2 24 28
2 25 28
2 26 28
2 27 28
0 28 28
0 21 5
2 29 28
0 30 28
2 31 28
2 32 28
2 33 28
0 34 28
0 44 13
1 20 26
1 20 25
0 20 24
3 34 29
0 35 29
0 41 41
5 36 12
3 36 13
2 37 13
2 38 13
0 39 13
1 19 38
1 19 37
1 19 36
1 19 35
0 19 34
1 34 27
1 34 26
5 34 25
3 33 25
1 33 24
0 33 23
1 30 29
3 30 30
0 31 30
0 46 33
0 3 42
1 3 41
1 3 40
6 3 39
0 4 39
6 19 33
2 20 33
0 21 33
0 40 35
0 42 17
2 30 2
0 31 2
1 32 16
1 32 17
4 32 18
2 31 18
0 30 18
2 29 18
2 28 18
2 27 18
0 26 18
1 19 9
4 19 10
2 18 10
0 17 10
2 36 29
2 37 29
0 38 29
1 38 30
0 38 31
2 41 35
0 42 35
1 42 34
1 42 33
1 42 32
1 42 31
0 42 30
0 30 45
0 18 45
1 38 28
1 38 27
6 38 26
0 39 26
5 21 24
3 21 25
0 22 25
1 13 26
1 13 25
6 13 24
0 14 24
5 18 4
2 17 4
2 16 4
2 15 4
2 14 4
2 13 4
0 12 4
5 4 38
0 3 38
1 47 32
1 47 31
0 47 30
1 39 12
5 39 11
3 38 11
0 38 10
1 12 3
5 12 2
2 11 2
2 10 2
2 9 2
2 8 2
2 7 2
0 6 2
1 33 46
1 33 47
3 33 48
2 34 48
0 35 48
0 6 45
1 3 37
1 3 36
1 3 35
1 3 34
1 3 33
1 3 32
1 3 31
0 3 30
2 46 47
2 47 47
2 48 47
0 49 47
2 32 2
2 33 2
0 34 2
1 3 29
0 3 28
1 22 44
5 22 43
0 21 43
1 3 27
1 3 26
1 3 25
6 3 24
0 4 24
0 3 46
2 25 18
2 24 18
0 23 18
0 33 22
1 4 23
1 4 22
1 4 21
0 4 20
1 4 19
5 4 18
2 3 18
2 2 18
2 1 18
0 0 18
2 18 8
2 17 8
2 16 8
0 15 8
1 17 11
1 17 12
1 17 13
4 17 14
2 16 14
0 15 14
2 14 14
0 13 14
1 31 31
1 31 32
0 31 33
2 32 33
2 33 33
0 34 33
2 14 32
2 15 32
0 16 32
1 42 29
1 42 28
1 42 27
6 42 26
2 43 26
0 44 26
1 47 29
6 47 28
0 48 28
1 6 1
6 6 0
2 7 0
2 8 0
2 9 0
0 10 0
5 13 13
2 12 13
0 11 13
5 33 40
0 32 40
5 11 12
2 10 12
2 9 12
2 8 12
2 7 12
2 6 12
0 5 12
1 5 11
0 5 10
6 34 1
2 35 1
2 36 1
2 37 1
2 38 1
2 39 1
2 40 1
0 41 1
2 39 37
2 38 37
0 37 37
1 32 39
5 32 38
2 31 38
2 30 38
2 29 38
0 28 38
1 21 34
3 21 35
0 22 35
-1
-1
-1
-1
-1
-1
-1
-1
-1
-1
-1
-1
-1
-1
-1
-1
-1
-1
-1
-1
-1
-1
-1
-1
-1
-1
-1
-1
-1
-1
-1
-1
-1
-1
-1
-1
-1
-1
-1
-1
-1
-1
-1
-1
-1
-1
-1
-1
-1
-1
-1
-1
-1
-1
-1
-1
-1
-1
-1
-1
-1
-1
-1
-1
-1
-1
-1
-1
-1
-1
-1
-1
-1
-1
-1
-1
-1
-1
-1
-1
-1
-1
-1
-1
-1
-1
-1
-1
-1
-1
-1
-1
-1
-1
-1
-1
-1
-1
-1
-1
-1
-1
-1
-1
-1
-1
-1
-1
-1
-1
-1
-1
-1
-1
-1
-1
-1
-1
-1
-1
-1
-1
-1
-1
-1
-1
-1
-1
-1
-1
-1
-1
-1
-1
-1
-1
-1
-1
-1
-1
-1
-1
-1
-1
-1
-1
-1
-1
-1
-1
-1
-1
-1
-1
-1
-1
-1
-1
-1
-1
-1
-1
-1
-1
-1
-1
-1
-1
-1
-1
-1
-1
-1
-1
-1
-1
-1
-1
-1
-1
-1
-1
-1
-1
-1
-1
-1
-1
-1
-1
-1
-1
-1
-1
-1
-1
-1
-1
-1
-1
-1
-1
-1
-1
-1
-1
-1
-1
-1
-1
-1
-1
-1
-1
-1
-1
-1
-1
-1
-1
-1
-1
-1
-1
-1
-1
-1
-1
-1
-1
-1
-1
-1
-1
-1
-1
-1
-1
-1
-1
-1
-1
-1
-1
-1
-1
-1
-1
-1
-1
-1
-1
-1
-1
-1
-1
-1
