0 25 34
3 25 35
2 26 35
2 27 35
2 28 35
5 29 35
3 29 36
2 30 36
2 31 36
2 32 36
2 33 36
2 34 36
5 35 36
1 35 37
1 35 38
1 35 39
3 35 40
2 36 40
2 37 40
2 38 40
5 39 40
1 39 41
1 39 42
3 39 43
2 40 43
5 41 43
1 41 44
1 41 45
3 41 46
2 42 46
2 43 46
0 44 46
2 24 34
2 23 34
2 22 34
2 21 34
2 20 34
2 19 34
2 18 34
2 17 34
2 16 34
2 15 34
2 14 34
2 13 34
2 12 34
2 11 34
2 10 34
2 9 34
3 8 34
5 8 33
2 7 33
-1
-1
-1
-1
-1
-1
-1
-1
-1
-1
-1
-1
0 6 33
1 44 45
1 44 44
1 44 43
1 44 42
1 44 41
1 44 40
1 44 39
1 44 38
1 44 37
1 44 36
1 44 35
1 44 34
1 44 33
1 44 32
1 44 31
1 44 30
1 44 29
1 44 28
1 44 27
1 44 26
1 44 25
1 44 24
1 44 23
1 44 22
1 44 21
1 44 20
1 44 19
1 44 18
1 44 17
1 44 16
1 44 15
1 44 14
1 44 13
1 44 12
1 44 11
0 44 10
5 44 9
2 43 9
3 42 9
1 42 8
1 42 7
1 42 6
5 42 5
2 41 5
2 40 5
2 39 5
0 38 5
1 6 32
6 6 31
2 7 31
2 8 31
0 9 31
1 9 30
1 9 29
1 9 28
1 9 27
1 9 26
5 9 25
0 8 25
4 38 6
2 37 6
6 36 6
1 36 7
0 36 8
2 45 46
2 46 46
-1
-1
0 47 46
1 25 33
1 25 32
6 25 31
2 26 31
0 27 31
1 36 9
1 36 10
4 36 11
6 35 11
1 35 12
1 35 13
0 35 14
1 6 34
1 6 35
1 6 36
0 6 37
0 42 5
0 41 46
2 7 37
2 8 37
2 9 37
0 10 37
1 10 38
1 10 39
1 10 40
1 10 41
1 10 42
0 10 43
0 29 35
1 10 44
3 10 45
0 11 45
0 36 40
0 44 28
0 44 33
2 34 14
0 33 14
0 39 40
4 8 26
2 7 26
2 6 26
2 5 26
2 4 26
0 3 26
1 11 46
4 11 47
2 10 47
0 9 47
1 8 24
1 8 23
0 8 22
2 12 45
2 13 45
2 14 45
2 15 45
2 16 45
2 17 45
0 18 45
1 39 39
0 39 38
0 9 28
1 18 46
1 18 47
0 18 48
1 42 4
1 42 3
0 42 2
2 32 14
0 31 14
0 44 15
1 18 44
1 18 43
0 18 42
2 17 48
0 16 48
0 35 11
0 44 40
0 44 36
6 42 1
2 43 1
2 44 1
2 45 1
0 46 1
0 10 34
0 42 9
1 44 47
0 44 48
4 11 43
1 11 42
6 11 41
2 12 41
0 13 41
0 36 6
0 23 34
0 6 26
2 9 22
2 10 22
0 11 22
1 18 41
1 18 40
5 18 39
0 17 39
2 30 14
2 29 14
2 28 14
2 27 14
2 26 14
2 25 14
0 24 14
2 9 43
2 8 43
0 7 43
2 5 37
2 4 37
2 3 37
0 2 37
2 6 43
2 5 43
0 4 43
2 3 43
0 2 43
2 28 31
2 29 31
0 30 31
1 33 15
1 33 16
0 33 17
0 42 3
1 47 45
1 47 44
0 47 43
1 7 42
0 7 41
0 8 47
5 43 5
3 43 6
2 44 6
0 45 6
4 8 48
2 7 48
2 6 48
2 5 48
0 4 48
1 33 18
0 33 19
2 3 48
2 2 48
0 1 48
1 30 30
1 30 29
0 30 28
0 6 31
0 19 42
0 29 36
2 10 31
2 11 31
0 12 31
0 35 36
2 32 19
2 31 19
0 30 19
6 29 19
4 29 20
2 28 20
0 27 20
4 19 48
6 19 47
2 20 47
0 21 47
0 41 43
2 36 36
4 37 36
6 37 35
0 38 35
2 35 6
3 34 6
1 34 5
1 34 4
1 34 3
0 34 2
3 12 32
2 13 32
2 14 32
0 15 32
1 17 38
0 17 37
1 38 34
0 38 33
1 23 33
0 23 32
1 30 20
1 30 21
1 30 22
0 30 23
3 30 24
2 31 24
2 32 24
0 33 24
1 3 25
1 3 24
0 3 23
0 5 48
0 38 32
2 45 36
2 46 36
0 47 36
3 43 28
1 43 27
1 43 26
0 43 25
2 40 46
2 39 46
0 38 46
1 47 37
0 47 38
1 24 13
1 24 12
1 24 11
0 24 10
0 25 14
6 17 42
4 17 43
0 16 43
1 2 38
1 2 39
0 2 40
0 43 15
2 18 37
2 19 37
0 20 37
0 32 36
5 45 15
1 45 16
1 45 17
0 45 18
1 8 21
1 8 20
0 8 19
2 25 10
0 26 10
2 23 14
2 22 14
2 21 14
0 20 14
2 20 42
2 21 42
2 22 42
0 23 42
1 47 47
3 47 48
0 48 48
1 23 41
0 23 40
1 13 40
0 13 39
2 40 38
0 41 38
0 16 37
2 42 25
0 41 25
6 21 46
0 22 46
0 27 21
1 23 31
0 23 30
2 15 48
2 14 48
0 13 48
2 40 25
0 39 25
1 36 41
1 36 42
0 36 43
0 34 6
0 22 30
0 23 39
2 46 18
5 47 18
1 47 19
1 47 20
0 47 21
1 47 22
0 47 23
0 47 24
1 26 9
0 26 8
2 27 10
2 28 10
0 29 10
2 35 43
2 34 43
2 33 43
0 32 43
0 29 19
0 20 15
0 44 31
0 8 34
4 29 37
2 28 37
2 27 37
0 26 37
2 42 15
0 41 15
0 41 14
0 20 36
0 3 22
0 41 9
2 10 28
2 11 28
0 12 28
1 1 47
0 1 46
1 41 24
1 41 23
1 41 22
0 41 21
0 3 27
0 34 1
0 3 21
1 12 27
0 12 26
0 48 38
0 47 18
2 23 46
2 24 46
0 25 46
2 34 11
0 33 11
0 32 42
1 20 13
5 20 12
2 19 12
2 18 12
2 17 12
3 16 12
5 16 11
0 15 11
1 15 10
1 15 9
1 15 8
0 15 7
0 14 11
1 15 6
0 15 5
6 15 4
2 16 4
2 17 4
2 18 4
2 19 4
0 20 4
0 30 27
1 41 26
0 41 27
0 48 36
2 45 10
0 46 10
2 13 11
2 12 11
0 11 11
1 41 47
0 41 48
2 48 43
0 49 43
2 10 11
2 9 11
2 8 11
2 7 11
0 6 11
0 6 12
2 33 2
2 32 2
2 31 2
2 30 2
0 29 2
1 38 31
0 38 30
1 29 3
0 29 4
2 5 11
2 4 11
2 3 11
2 2 11
0 1 11
1 9 48
0 9 49
6 34 0
2 35 0
0 36 0
0 2 38
1 25 15
0 25 16
0 29 11
6 20 3
2 21 3
0 22 3
1 1 10
1 1 9
0 1 8
2 2 8
2 3 8
4 4 8
1 4 7
0 4 6
0 32 44
1 20 5
1 20 6
0 20 7
1 4 5
1 4 4
0 4 3
1 4 2
1 4 1
0 4 0
2 5 6
2 6 6
2 7 6
2 8 6
0 9 6
1 22 2
1 22 1
0 22 0
0 32 45
1 32 46
1 32 47
0 32 48
6 12 25
2 13 25
0 14 25
0 15 4
2 31 48
2 30 48
0 29 48
2 38 25
2 37 25
0 36 25
2 33 48
2 34 48
0 35 48
3 2 21
1 2 20
0 2 19
0 26 46
1 11 21
0 11 20
1 47 25
0 47 26
0 30 21
2 16 32
2 17 32
0 18 32
0 20 8
0 26 14
2 34 19
2 35 19
0 36 19
0 9 7
0 10 35
1 13 38
0 13 37
1 20 16
1 20 17
1 20 18
1 20 19
1 20 20
0 20 21
0 13 45
0 9 37
0 47 17
0 5 31
6 3 3
4 3 4
0 2 4
0 21 21
2 31 42
2 30 42
2 29 42
0 28 42
2 13 28
0 14 28
1 47 27
1 47 28
3 47 29
0 48 29
1 6 38
0 6 39
1 32 37
1 32 38
0 32 39
2 33 6
0 32 6
0 4 8
6 46 9
2 47 9
0 48 9
5 8 18
2 7 18
0 6 18
3 21 48
0 22 48
2 19 21
0 18 21
0 18 20
2 2 27
0 1 27
1 23 29
6 23 28
0 24 28
2 29 27
0 28 27
0 11 12
1 2 36
1 2 35
5 2 34
3 1 34
0 1 33
4 10 6
1 10 5
1 10 4
0 10 3
6 5 33
1 5 34
1 5 35
4 5 36
0 4 36
3 30 32
2 31 32
0 32 32
1 28 26
0 28 25
1 14 24
6 14 23
0 15 23
0 36 24
0 37 32
0 30 14
5 16 23
0 16 24
1 11 19
0 11 18
5 16 7
1 16 8
1 16 9
3 16 10
0 17 10
6 28 2
4 28 3
0 27 3
1 36 23
0 36 22
6 28 41
0 29 41
1 47 16
1 47 15
0 47 14
-1
-1
-1
-1
-1
-1
-1
-1
-1
-1
-1
-1
-1
-1
-1
-1
-1
-1
-1
-1
-1
-1
-1
-1
-1
-1
-1
-1
-1
-1
-1
-1
-1
-1
-1
-1
-1
-1
-1
-1
-1
-1
-1
-1
-1
-1
-1
-1
-1
-1
-1
-1
-1
-1
-1
-1
-1
-1
-1
-1
-1
-1
-1
-1
-1
-1
-1
-1
-1
-1
-1
-1
-1
-1
-1
-1
-1
-1
-1
-1
-1
-1
-1
-1
-1
-1
-1
-1
-1
-1
-1
-1
-1
-1
-1
-1
-1
-1
-1
-1
-1
-1
-1
-1
-1
-1
-1
-1
-1
-1
-1
-1
-1
