0 12 28
3 12 29
2 13 29
2 14 29
2 15 29
2 16 29
5 17 29
1 17 30
1 17 31
3 17 32
2 18 32
5 19 32
1 19 33
1 19 34
3 19 35
2 20 35
2 21 35
5 22 35
1 22 36
1 22 37
1 22 38
1 22 39
1 22 40
1 22 41
1 22 42
1 22 43
1 22 44
1 22 45
1 22 46
3 22 47
2 23 47
2 24 47
5 25 47
3 25 48
2 26 48
2 27 48
0 28 48
-1
-1
-1
-1
-1
-1
-1
-1
-1
-1
-1
-1
-1
-1
-1
-1
0 17 29
-1
-1
-1
-1
-1
-1
-1
-1
-1
-1
-1
-1
-1
-1
-1
-1
-1
0 25 47
6 17 28
2 18 28
2 19 28
2 20 28
4 21 28
1 21 27
1 21 26
1 21 25
1 21 24
6 21 23
-1
-1
-1
-1
0 22 23
1 28 47
6 28 46
4 29 46
6 29 45
2 30 45
2 31 45
2 32 45
-1
-1
0 33 45
6 33 44
2 34 44
4 35 44
1 35 43
6 35 42
-1
-1
-1
0 36 42
1 36 41
1 36 40
1 36 39
1 36 38
1 36 37
1 36 36
0 36 35
1 12 27
1 12 26
6 12 25
2 13 25
2 14 25
-1
0 15 25
2 35 35
2 34 35
2 33 35
6 32 35
1 32 36
0 32 37
2 37 42
2 38 42
4 39 42
1 39 41
1 39 40
6 39 39
0 40 39
1 15 24
1 15 23
1 15 22
0 15 21
2 14 21
2 13 21
2 12 21
2 11 21
3 10 21
1 10 20
1 10 19
0 10 18
2 11 28
0 10 28
2 16 25
2 17 25
0 18 25
1 36 34
1 36 33
1 36 32
0 36 31
0 22 46
6 36 30
2 37 30
4 38 30
6 38 29
2 39 29
2 40 29
2 41 29
0 42 29
0 39 42
1 10 29
1 10 30
0 10 31
1 32 38
1 32 39
1 32 40
1 32 41
1 32 42
4 32 43
2 31 43
0 30 43
0 24 47
0 19 35
0 20 28
0 19 32
1 15 20
1 15 19
0 15 18
0 22 35
1 24 48
0 24 49
0 12 25
1 10 17
1 10 16
1 10 15
6 10 14
0 11 14
0 10 21
2 16 21
2 17 21
0 18 21
3 42 30
2 43 30
2 44 30
0 45 30
0 15 26
0 13 29
0 29 46
0 38 30
0 29 43
0 17 32
1 10 32
1 10 33
1 10 34
1 10 35
0 10 36
0 32 41
1 11 13
1 11 12
1 11 11
6 11 10
0 12 10
0 22 40
1 10 37
1 10 38
0 10 39
1 39 43
1 39 44
1 39 45
0 39 46
1 13 30
1 13 31
0 13 32
2 46 30
0 47 30
1 12 9
1 12 8
1 12 7
1 12 6
0 12 5
1 47 29
1 47 28
0 47 27
5 12 4
2 11 4
0 10 4
1 10 40
1 10 41
1 10 42
1 10 43
4 10 44
0 9 44
2 40 42
2 41 42
2 42 42
0 43 42
2 13 5
2 14 5
0 15 5
1 9 45
1 9 46
0 9 47
3 8 47
5 8 46
2 7 46
2 6 46
0 5 46
3 9 36
0 9 35
2 10 47
2 11 47
2 12 47
0 13 47
2 4 46
2 3 46
0 2 46
1 25 46
0 25 45
2 14 47
0 15 47
0 40 38
5 47 26
2 46 26
2 45 26
0 44 26
2 20 32
2 21 32
0 22 32
2 37 35
2 38 35
0 39 35
0 36 39
1 44 25
1 44 24
1 44 23
0 44 22
3 43 26
5 43 25
0 42 25
4 10 22
2 9 22
2 8 22
0 7 22
2 11 39
2 12 39
0 13 39
2 40 35
2 41 35
4 42 35
0 42 34
0 21 23
1 44 21
1 44 20
0 44 19
0 15 46
0 12 47
0 21 28
1 44 18
1 44 17
6 44 16
2 45 16
0 46 16
0 32 35
1 5 45
5 5 44
3 4 44
0 4 43
0 9 28
0 28 43
1 47 31
1 47 32
1 47 33
1 47 34
1 47 35
1 47 36
0 47 37
3 35 31
1 35 30
1 35 29
5 35 28
2 34 28
2 33 28
0 32 28
0 15 23
2 9 18
0 8 18
2 9 39
0 8 39
2 7 39
2 6 39
2 5 39
0 4 39
2 3 39
0 2 39
2 43 19
2 42 19
2 41 19
2 40 19
0 39 19
1 43 43
3 43 44
0 44 44
2 23 40
0 24 40
0 12 21
2 7 18
2 6 18
2 5 18
0 4 18
1 4 17
1 4 16
1 4 15
1 4 14
1 4 13
5 4 12
0 3 12
2 1 39
0 0 39
1 19 36
1 19 37
0 19 38
1 13 33
0 13 34
0 4 12
4 39 20
2 38 20
0 37 20
3 33 46
0 34 46
2 31 28
2 30 28
0 29 28
2 31 37
2 30 37
0 29 37
2 45 44
2 46 44
0 47 44
2 12 14
2 13 14
2 14 14
2 15 14
0 16 14
1 4 11
1 4 10
1 4 9
1 4 8
1 4 7
0 4 6
0 5 6
2 41 25
0 40 25
2 8 28
2 7 28
2 6 28
0 5 28
1 34 47
1 34 48
0 34 49
4 37 21
2 36 21
2 35 21
0 34 21
1 34 20
1 34 19
1 34 18
1 34 17
0 34 16
3 15 6
2 16 6
2 17 6
0 18 6
1 18 7
1 18 8
0 18 9
1 5 27
1 5 26
5 5 25
2 4 25
0 3 25
2 19 6
2 20 6
2 21 6
2 22 6
2 23 6
2 24 6
0 25 6
1 25 7
1 25 8
1 25 9
1 25 10
0 25 11
0 32 40
6 9 31
4 9 32
2 8 32
0 7 32
1 13 40
3 13 41
2 14 41
0 15 41
4 9 48
2 8 48
0 7 48
4 48 27
6 48 26
0 49 26
1 34 15
0 34 14
0 13 41
2 35 14
0 36 14
6 32 27
0 33 27
2 22 28
0 23 28
2 21 46
0 20 46
5 34 13
2 33 13
3 32 13
1 32 12
1 32 11
5 32 10
0 31 10
1 36 13
6 36 12
2 37 12
2 38 12
2 39 12
2 40 12
0 41 12
0 19 46
0 22 45
5 8 17
0 7 17
1 25 5
6 25 4
2 26 4
2 27 4
2 28 4
2 29 4
0 30 4
1 29 27
1 29 26
1 29 25
0 29 24
1 18 20
1 18 19
1 18 18
0 18 17
2 6 32
2 5 32
2 4 32
2 3 32
0 2 32
6 22 22
2 23 22
0 24 22
1 24 21
6 24 20
4 25 20
6 25 19
2 26 19
0 27 19
0 6 46
1 29 29
1 29 30
1 29 31
0 29 32
2 19 17
2 20 17
0 21 17
1 18 5
1 18 4
1 18 3
0 18 2
4 48 44
1 48 43
6 48 42
0 49 42
1 41 11
1 41 10
1 41 9
1 41 8
1 41 7
5 41 6
2 40 6
2 39 6
0 38 6
1 30 3
1 30 2
6 30 1
2 31 1
2 32 1
2 33 1
0 34 1
4 25 12
2 24 12
0 23 12
1 4 5
1 4 4
1 4 3
1 4 2
5 4 1
2 3 1
2 2 1
2 1 1
0 0 1
-1
-1
-1
-1
-1
-1
-1
-1
-1
-1
-1
-1
-1
-1
-1
-1
-1
-1
-1
-1
-1
-1
-1
-1
-1
-1
-1
-1
-1
-1
-1
-1
-1
-1
-1
-1
-1
-1
-1
-1
-1
-1
-1
-1
-1
-1
-1
-1
-1
-1
-1
-1
-1
-1
-1
-1
-1
-1
-1
-1
-1
-1
-1
-1
-1
-1
-1
-1
-1
-1
-1
-1
-1
-1
-1
-1
-1
-1
-1
-1
-1
-1
-1
-1
-1
-1
-1
-1
-1
-1
-1
-1
-1
-1
-1
-1
-1
-1
-1
-1
-1
-1
-1
-1
-1
-1
-1
-1
-1
-1
-1
-1
-1
-1
-1
-1
-1
-1
-1
-1
-1
-1
-1
-1
-1
-1
-1
-1
-1
-1
-1
-1
-1
-1
-1
-1
-1
-1
-1
-1
-1
-1
-1
-1
-1
-1
-1
-1
-1
-1
-1
-1
-1
-1
-1
-1
-1
-1
-1
-1
-1
-1
-1
-1
-1
-1
-1
-1
-1
-1
-1
-1
-1
-1
-1
-1
-1
-1
-1
-1
-1
-1
-1
-1
-1
-1
-1
-1
-1
-1
-1
-1
-1
-1
-1
-1
-1
-1
-1
-1
-1
-1
-1
-1
-1
-1
-1
-1
-1
-1
-1
-1
-1
-1
-1
-1
-1
-1
-1
-1
-1
-1
-1
-1
-1
-1
-1
-1
-1
-1
-1
-1
-1
-1
-1
-1
-1
