0 4 7
1 4 8
1 4 9
3 4 10
5 5 10
1 5 11
1 5 12
3 5 13
2 6 13
2 7 13
2 8 13
2 9 13
2 10 13
2 11 13
2 12 13
2 13 13
2 14 13
2 15 13
2 16 13
5 17 13
1 17 14
3 17 15
5 18 15
1 18 16
1 18 17
3 18 18
5 19 18
1 19 19
3 19 20
2 20 20
2 21 20
2 22 20
2 23 20
2 24 20
2 25 20
5 26 20
1 26 21
1 26 22
1 26 23
0 26 24
2 27 24
2 28 24
2 29 24
2 30 24
2 31 24
2 32 24
4 33 24
6 33 23
2 34 23
2 35 23
2 36 23
0 37 23
1 4 6
1 4 5
1 4 4
5 4 3
-1
-1
-1
-1
-1
-1
-1
-1
-1
-1
-1
-1
-1
-1
-1
0 3 3
1 37 22
1 37 21
1 37 20
5 37 19
2 36 19
-1
-1
-1
-1
-1
-1
-1
0 35 19
1 26 25
1 26 26
4 26 27
6 25 27
1 25 28
4 25 29
6 24 29
1 24 30
-1
0 24 31
-1
-1
-1
-1
-1
-1
0 5 13
2 25 31
2 26 31
2 27 31
4 28 31
6 28 30
2 29 30
4 30 30
0 30 29
4 5 7
1 5 6
6 5 5
2 6 5
0 7 5
2 38 23
2 39 23
2 40 23
2 41 23
0 42 23
2 2 3
6 1 3
-1
0 1 4
1 37 24
1 37 25
3 37 26
2 38 26
0 39 26
-1
0 33 24
1 7 4
1 7 3
1 7 2
6 7 1
0 8 1
3 23 31
1 23 30
5 23 29
0 22 29
0 30 28
6 3 7
4 3 8
2 2 8
6 1 8
1 1 9
0 1 10
0 25 27
2 9 1
2 10 1
0 11 1
0 26 20
0 8 13
1 39 27
4 39 28
0 38 28
1 38 29
1 38 30
1 38 31
0 38 32
0 5 10
0 28 31
0 20 20
0 37 19
0 3 2
2 25 24
2 24 24
0 23 24
0 1 3
2 8 5
0 9 5
0 33 25
0 28 24
0 33 23
1 9 6
1 9 7
0 9 8
1 28 32
0 28 33
0 42 22
1 28 34
1 28 35
1 28 36
1 28 37
0 28 38
0 17 13
3 9 9
2 10 9
2 11 9
0 12 9
2 13 9
0 14 9
2 21 29
0 20 29
2 29 38
2 30 38
0 31 38
4 20 30
2 19 30
2 18 30
2 17 30
2 16 30
2 15 30
0 14 30
4 38 33
2 37 33
2 36 33
0 35 33
1 14 31
1 14 32
1 14 33
1 14 34
0 14 35
0 18 16
0 22 20
0 14 36
0 17 30
2 13 30
2 12 30
2 11 30
2 10 30
0 9 30
2 8 30
2 7 30
2 6 30
2 5 30
0 4 30
1 4 31
1 4 32
1 4 33
0 4 34
1 9 31
1 9 32
0 9 33
0 35 20
1 28 39
0 28 40
4 38 19
1 38 18
1 38 17
0 38 16
0 4 13
1 35 32
1 35 31
0 35 30
1 9 34
1 9 35
1 9 36
1 9 37
0 9 38
1 9 39
0 9 40
2 37 16
0 36 16
0 26 19
1 14 29
1 14 28
1 14 27
0 14 26
1 38 15
6 38 14
0 39 14
1 39 13
1 39 12
1 39 11
1 39 10
0 39 9
2 38 9
2 37 9
2 36 9
3 35 9
0 35 8
1 35 7
1 35 6
1 35 5
1 35 4
0 35 3
1 4 35
1 4 36
0 4 37
2 34 3
0 33 3
1 4 29
1 4 28
1 4 27
0 4 26
6 35 2
2 36 2
0 37 2
0 32 3
0 30 27
2 13 26
2 12 26
0 11 26
0 4 8
2 10 33
0 11 33
5 39 32
1 39 33
3 39 34
0 40 34
0 41 34
0 13 13
0 10 13
0 8 30
6 34 8
4 34 9
0 33 9
0 15 26
2 10 5
2 11 5
0 12 5
0 10 38
0 5 26
0 4 33
2 15 36
2 16 36
0 17 36
0 26 22
0 14 37
2 18 36
2 19 36
0 20 36
2 16 26
2 17 26
0 18 26
1 4 38
0 4 39
1 20 35
0 20 34
0 8 12
1 41 35
1 41 36
1 41 37
1 41 38
1 41 39
0 41 40
2 40 40
2 39 40
0 38 40
1 38 41
1 38 42
0 38 43
2 38 2
2 39 2
2 40 2
0 41 2
1 4 14
4 4 15
2 3 15
2 2 15
0 1 15
1 20 37
1 20 38
1 20 39
1 20 40
4 20 41
0 19 41
0 30 30
1 1 16
1 1 17
0 1 18
2 42 40
0 43 40
2 27 20
2 28 20
5 29 20
3 29 21
0 30 21
0 34 25
0 8 40
2 42 2
2 43 2
0 44 2
1 44 3
0 44 4
2 45 4
2 46 4
0 47 4
1 24 32
1 24 33
0 24 34
2 18 41
2 17 41
0 16 41
1 14 25
0 14 24
0 16 40
5 11 25
2 10 25
0 9 25
0 26 18
1 43 41
1 43 42
0 43 43
1 14 8
6 14 7
2 15 7
2 16 7
0 17 7
2 40 14
0 41 14
1 41 15
1 41 16
3 41 17
0 42 17
0 26 25
2 42 14
2 43 14
2 44 14
2 45 14
0 46 14
1 46 13
1 46 12
0 46 11
1 8 41
1 8 42
1 8 43
0 8 44
1 14 23
0 14 22
2 3 34
0 2 34
0 46 10
0 45 10
0 20 33
0 15 41
2 19 16
2 20 16
2 21 16
0 22 16
1 33 2
0 33 1
0 29 33
0 28 30
1 33 10
1 33 11
0 33 12
0 33 13
0 34 19
0 9 44
1 17 6
1 17 5
0 17 4
1 1 19
0 1 20
2 40 26
0 41 26
4 38 44
0 37 44
6 8 33
1 8 34
0 8 35
0 2 18
2 36 44
2 35 44
0 34 44
0 33 44
0 44 10
1 33 45
1 33 46
0 33 47
1 22 15
1 22 14
1 22 13
1 22 12
1 22 11
0 22 10
2 43 17
0 44 17
2 23 10
2 24 10
0 25 10
2 32 38
0 33 38
0 41 27
1 19 42
1 19 43
0 19 44
0 14 34
1 19 45
1 19 46
1 19 47
0 19 48
0 17 3
1 30 20
1 30 19
1 30 18
0 30 17
2 18 3
2 19 3
0 20 3
0 26 10
0 20 44
0 19 33
0 42 34
1 20 2
6 20 1
2 21 1
2 22 1
0 23 1
2 21 44
2 22 44
2 23 44
0 24 44
1 24 45
1 24 46
0 24 47
2 2 20
2 3 20
2 4 20
0 5 20
0 31 3
2 44 43
2 45 43
2 46 43
0 47 43
1 15 42
1 15 43
1 15 44
1 15 45
0 15 46
2 22 24
0 21 24
5 33 43
2 32 43
2 31 43
0 30 43
0 1 8
1 42 35
3 42 36
0 43 36
0 20 21
0 31 30
6 43 35
2 44 35
2 45 35
0 46 35
2 43 4
0 42 4
0 38 19
4 33 48
2 32 48
2 31 48
2 30 48
0 29 48
2 16 3
0 15 3
3 27 38
5 27 37
0 26 37
3 44 18
2 45 18
2 46 18
0 47 18
1 43 44
1 43 45
0 43 46
3 37 45
5 38 45
1 38 46
1 38 47
3 38 48
0 39 48
4 23 16
1 23 15
0 23 14
0 47 19
0 47 35
1 47 42
1 47 41
6 47 40
0 48 40
1 8 14
1 8 15
0 8 16
1 39 8
1 39 7
0 39 6
4 8 45
2 7 45
2 6 45
2 5 45
0 4 45
2 6 20
0 7 20
1 33 37
0 33 36
2 3 39
2 2 39
0 1 39
1 8 29
0 8 28
1 5 25
0 5 24
2 14 41
0 13 41
0 24 48
2 30 3
0 29 3
0 29 4
1 47 5
1 47 6
3 47 7
0 48 7
1 47 34
1 47 33
1 47 32
6 47 31
2 48 31
0 49 31
0 16 13
1 14 21
1 14 20
5 14 19
2 13 19
0 12 19
5 33 8
0 32 8
0 14 19
0 34 36
0 15 19
1 26 11
1 26 12
3 26 13
0 27 13
3 39 49
0 40 49
0 24 29
2 15 22
0 16 22
1 34 26
0 34 27
2 42 26
2 43 26
2 44 26
2 45 26
0 46 26
3 32 12
5 32 11
2 31 11
0 30 11
-1
-1
-1
-1
-1
-1
-1
-1
-1
-1
-1
-1
-1
-1
-1
-1
-1
-1
-1
-1
-1
-1
-1
-1
-1
-1
-1
-1
-1
-1
-1
-1
-1
-1
-1
-1
-1
-1
-1
-1
-1
-1
-1
-1
-1
-1
-1
-1
-1
-1
-1
-1
-1
-1
-1
-1
-1
-1
-1
-1
-1
-1
-1
-1
-1
-1
-1
-1
-1
-1
-1
-1
-1
-1
-1
-1
-1
-1
-1
-1
-1
-1
-1
-1
-1
-1
-1
-1
-1
-1
-1
-1
-1
-1
-1
-1
-1
-1
-1
-1
-1
-1
-1
-1
-1
-1
-1
-1
-1
-1
-1
-1
-1
-1
-1
-1
-1
-1
-1
-1
-1
-1
-1
-1
-1
-1
-1
-1
-1
-1
-1
-1
-1
-1
-1
-1
-1
-1
-1
-1
-1
-1
-1
-1
-1
-1
-1
-1
-1
-1
-1
-1
-1
-1
-1
-1
-1
-1
