0 12 35
6 12 34
2 13 34
2 14 34
4 15 34
1 15 33
6 15 32
2 16 32
2 17 32
2 18 32
0 19 32
1 19 31
1 19 30
6 19 29
2 20 29
0 21 29
3 11 35
1 11 34
1 11 33
1 11 32
1 11 31
1 11 30
1 11 29
1 11 28
1 11 27
1 11 26
1 11 25
1 11 24
1 11 23
1 11 22
5 11 21
3 10 21
1 10 20
1 10 19
1 10 18
1 10 17
1 10 16
1 10 15
1 10 14
1 10 13
1 10 12
1 10 11
1 10 10
5 10 9
3 9 9
1 9 8
1 9 7
-1
-1
-1
-1
0 9 6
1 9 5
5 9 4
2 8 4
3 7 4
1 7 3
-1
-1
-1
-1
0 7 2
3 19 33
2 20 33
2 21 33
2 22 33
-1
0 23 33
5 8 2
3 8 3
2 9 3
2 10 3
0 11 3
1 23 34
4 23 35
2 22 35
0 21 35
2 12 3
5 13 3
0 13 4
4 24 33
1 24 32
0 24 31
2 25 31
2 26 31
2 27 31
2 28 31
2 29 31
5 30 31
3 30 32
2 31 32
2 32 32
5 33 32
1 33 33
3 33 34
2 34 34
2 35 34
2 36 34
0 37 34
2 14 4
2 15 4
2 16 4
0 17 4
2 38 34
2 39 34
0 40 34
2 41 34
2 42 34
0 43 34
0 10 9
1 12 36
1 12 37
0 12 38
0 6 2
0 9 9
0 19 29
1 43 35
3 43 36
0 44 36
0 13 3
1 37 33
1 37 32
6 37 31
4 38 31
0 38 30
0 34 34
2 11 38
0 10 38
1 38 29
1 38 28
0 38 27
0 11 31
2 8 6
2 7 6
0 6 6
1 40 35
1 40 36
0 40 37
2 39 27
0 40 27
0 15 34
1 17 5
0 17 6
2 13 38
0 14 38
6 10 8
2 11 8
0 12 8
1 11 2
0 11 1
0 13 2
0 30 31
0 11 21
1 43 33
0 43 32
0 7 4
6 43 31
2 44 31
0 45 31
2 46 31
0 47 31
1 14 39
3 14 40
0 15 40
2 45 36
0 46 36
2 37 30
2 36 30
2 35 30
0 34 30
2 9 38
0 8 38
0 7 38
0 39 37
1 46 37
1 46 38
0 46 39
1 30 30
0 30 29
1 39 38
0 39 39
3 15 35
2 16 35
0 17 35
0 24 33
0 8 9
1 21 36
1 21 37
0 21 38
2 20 38
0 19 38
0 13 8
2 18 4
2 19 4
0 20 4
1 38 26
1 38 25
0 38 24
1 20 3
0 20 2
2 47 39
2 48 39
0 49 39
0 20 1
2 38 39
2 37 39
0 36 39
2 35 39
2 34 39
0 33 39
1 33 40
1 33 41
0 33 42
2 32 39
0 31 39
1 31 38
0 31 37
1 10 39
1 10 40
0 10 41
0 7 39
1 46 40
1 46 41
1 46 42
0 46 43
1 7 40
0 7 41
1 13 9
0 13 10
1 13 11
0 13 12
0 42 32
0 38 31
0 18 29
1 15 41
0 15 42
2 14 12
2 15 12
2 16 12
0 17 12
0 24 34
1 17 13
0 17 14
1 46 35
6 46 34
0 47 34
1 20 5
1 20 6
0 20 7
2 21 7
0 22 7
3 22 8
2 23 8
0 24 8
2 25 8
0 26 8
0 11 25
2 27 8
2 28 8
2 29 8
2 30 8
0 31 8
2 32 8
4 33 8
6 33 7
4 34 7
1 34 6
0 34 5
2 35 5
2 36 5
2 37 5
2 38 5
2 39 5
0 40 5
1 40 4
1 40 3
0 40 2
0 41 2
2 39 2
0 38 2
0 10 31
2 22 38
0 23 38
4 6 3
2 5 3
0 4 3
1 31 9
1 31 10
0 31 11
0 34 35
2 37 24
2 36 24
0 35 24
2 32 11
2 33 11
2 34 11
0 35 11
1 35 12
0 35 13
3 35 14
2 36 14
2 37 14
0 38 14
0 39 14
1 7 37
0 7 36
2 42 2
2 43 2
2 44 2
0 45 2
0 30 32
1 30 28
0 30 27
1 47 30
1 47 29
0 47 28
1 34 4
1 34 3
0 34 2
0 7 35
0 10 21
1 39 13
0 39 12
1 15 43
0 15 44
0 25 31
0 33 2
0 25 30
0 39 11
0 39 10
4 31 40
2 30 40
0 29 40
2 21 1
2 22 1
0 23 1
0 19 39
1 38 15
1 38 16
0 38 17
0 32 2
0 39 9
0 11 41
0 31 2
0 37 27
0 17 15
2 18 14
2 19 14
2 20 14
0 21 14
1 17 16
0 17 17
1 17 18
1 17 19
0 17 20
2 28 40
0 27 40
0 17 21
0 31 12
1 30 26
1 30 25
0 30 24
1 38 18
0 38 19
0 31 24
1 31 13
1 31 14
0 31 15
0 31 16
4 18 30
2 17 30
0 16 30
1 31 17
0 31 18
0 31 19
2 41 27
0 42 27
1 21 15
0 21 16
0 10 14
1 7 42
1 7 43
1 7 44
0 7 45
0 31 36
0 7 9
0 33 32
2 14 44
0 13 44
2 45 43
2 44 43
0 43 43
1 25 29
1 25 28
0 25 27
0 49 40
1 25 26
0 25 25
0 25 24
0 25 23
0 11 28
0 47 43
0 6 41
0 5 41
4 43 44
0 42 44
2 30 15
2 29 15
2 28 15
0 27 15
0 27 14
1 31 3
4 31 4
2 30 4
0 29 4
1 35 23
0 35 22
0 34 42
0 27 13
2 41 44
0 40 44
0 17 22
0 40 45
0 14 2
0 37 2
0 14 1
2 30 36
2 29 36
0 28 36
3 40 38
0 41 38
1 25 22
0 25 21
1 7 46
0 7 47
0 23 39
5 25 20
0 24 20
0 27 36
0 18 6
1 7 34
1 7 33
0 7 32
2 40 14
2 41 14
2 42 14
0 43 14
0 41 39
0 33 8
0 29 32
0 36 34
0 26 9
0 19 40
0 34 29
1 23 2
3 23 3
0 24 3
0 21 28
2 44 14
0 45 14
0 16 17
1 21 27
1 21 26
0 21 25
0 26 15
1 45 3
1 45 4
1 45 5
0 45 6
0 45 7
0 45 8
2 16 44
0 17 44
0 45 1
2 46 14
0 47 14
1 47 15
1 47 16
1 47 17
0 47 18
0 37 17
0 47 19
0 45 9
5 12 31
0 12 32
1 38 20
3 38 21
0 39 21
2 40 21
0 41 21
6 32 42
4 32 43
0 31 43
0 15 30
0 42 21
0 14 37
1 47 44
1 47 45
0 47 46
0 18 22
1 17 45
1 17 46
1 17 47
0 17 48
0 46 37
2 10 28
2 9 28
3 8 28
0 8 27
0 48 14
0 32 24
0 12 21
2 5 6
2 4 6
2 3 6
0 2 6
2 23 20
0 22 20
4 43 27
6 43 26
0 44 26
0 1 6
4 13 45
6 12 45
0 12 46
0 5 42
2 34 8
4 35 8
6 35 7
0 36 7
2 13 21
0 14 21
4 10 22
2 9 22
0 8 22
0 35 2
5 20 40
1 20 41
0 20 42
2 12 44
0 11 44
0 43 42
1 42 28
0 42 29
0 26 13
2 24 1
2 25 1
2 26 1
0 27 1
3 3 3
5 3 2
2 2 2
3 1 2
5 1 1
0 0 1
1 48 13
0 48 12
0 41 1
5 40 43
2 39 43
0 38 43
6 26 7
0 27 7
2 6 36
0 5 36
1 47 20
1 47 21
0 47 22
1 43 15
1 43 16
4 43 17
0 42 17
4 46 6
6 46 5
2 47 5
2 48 5
0 49 5
1 11 20
0 11 19
1 42 45
0 42 46
1 1 7
1 1 8
1 1 9
1 1 10
1 1 11
1 1 12
1 1 13
0 1 14
2 4 41
2 3 41
2 2 41
0 1 41
2 18 48
2 19 48
0 20 48
1 1 40
0 1 39
1 18 28
5 18 27
3 17 27
0 17 26
2 26 21
0 27 21
5 8 21
0 7 21
2 6 32
0 5 32
5 18 17
0 18 18
1 1 15
1 1 16
3 1 17
0 2 17
2 7 27
2 6 27
2 5 27
2 4 27
0 3 27
2 30 19
0 29 19
2 39 45
2 38 45
0 37 45
1 37 46
1 37 47
0 37 48
0 26 40
0 45 10
6 20 47
2 21 47
2 22 47
4 23 47
6 23 46
2 24 46
0 25 46
0 18 12
0 23 46
1 7 10
1 7 11
0 7 12
2 4 32
0 3 32
2 46 1
0 47 1
0 25 20
4 3 17
6 3 16
0 4 16
4 1 42
0 0 42
2 2 27
2 1 27
3 0 27
0 0 26
0 41 46
3 6 12
5 6 11
2 5 11
0 4 11
1 31 25
0 31 26
2 6 47
2 5 47
0 4 47
-1
-1
-1
-1
-1
-1
-1
-1
-1
-1
-1
-1
-1
-1
-1
-1
-1
-1
-1
-1
-1
-1
-1
-1
-1
-1
-1
-1
-1
-1
-1
-1
-1
-1
-1
-1
-1
-1
-1
-1
-1
-1
-1
-1
-1
-1
-1
-1
-1
-1
-1
-1
-1
-1
-1
-1
-1
-1
-1
-1
-1
-1
-1
-1
-1
-1
-1
-1
-1
-1
-1
-1
-1
-1
-1
-1
-1
-1
-1
-1
-1
-1
-1
-1
-1
-1
-1
-1
-1
-1
-1
-1
-1
-1
-1
-1
-1
-1
-1
-1
-1
-1
-1
-1
-1
-1
-1
-1
-1
-1
-1
-1
-1
-1
-1
-1
-1
-1
-1
-1
-1
-1
-1
-1
-1
-1
-1
-1
-1
-1
-1
-1
-1
-1
-1
