0 24 29
1 24 28
1 24 27
1 24 26
1 24 25
1 24 24
1 24 23
1 24 22
1 24 21
1 24 20
1 24 19
1 24 18
1 24 17
1 24 16
1 24 15
1 24 14
1 24 13
1 24 12
0 24 11
1 24 10
-1
-1
-1
-1
-1
-1
-1
-1
-1
-1
-1
-1
-1
-1
-1
-1
-1
-1
-1
-1
-1
-1
-1
-1
-1
-1
-1
-1
-1
-1
-1
-1
-1
-1
-1
-1
-1
-1
-1
-1
-1
-1
-1
-1
-1
-1
-1
-1
-1
-1
-1
-1
-1
-1
-1
-1
-1
-1
-1
-1
-1
-1
-1
-1
-1
-1
-1
-1
-1
-1
-1
-1
-1
-1
-1
-1
-1
-1
-1
0 24 9
2 25 11
2 26 11
2 27 11
2 28 11
2 29 11
4 30 11
6 30 10
2 31 10
2 32 10
2 33 10
2 34 10
2 35 10
2 36 10
2 37 10
2 38 10
2 39 10
2 40 10
2 41 10
2 42 10
2 43 10
2 44 10
2 45 10
2 46 10
-1
-1
-1
-1
-1
-1
-1
-1
-1
-1
-1
-1
-1
-1
-1
-1
-1
-1
-1
-1
-1
-1
-1
-1
-1
-1
-1
-1
-1
-1
-1
-1
-1
-1
-1
-1
-1
-1
-1
-1
-1
-1
-1
-1
-1
0 47 10
1 24 30
1 24 31
1 24 32
1 24 33
4 24 34
2 23 34
2 22 34
6 21 34
1 21 35
1 21 36
1 21 37
4 21 38
2 20 38
2 19 38
2 18 38
6 17 38
1 17 39
1 17 40
1 17 41
1 17 42
1 17 43
1 17 44
1 17 45
4 17 46
2 16 46
2 15 46
2 14 46
2 13 46
2 12 46
2 11 46
-1
-1
-1
-1
-1
-1
-1
-1
-1
-1
-1
-1
-1
-1
-1
-1
-1
-1
-1
-1
-1
-1
0 10 46
1 24 8
6 24 7
2 25 7
2 26 7
2 27 7
2 28 7
4 29 7
1 29 6
1 29 5
1 29 4
1 29 3
1 29 2
-1
-1
-1
-1
-1
-1
-1
-1
-1
-1
-1
-1
-1
-1
-1
0 29 1
-1
-1
-1
-1
-1
-1
-1
-1
-1
-1
-1
-1
-1
-1
-1
-1
0 21 35
3 23 29
1 23 28
5 23 27
2 22 27
-1
-1
-1
-1
-1
-1
-1
-1
-1
-1
-1
-1
0 21 27
-1
-1
-1
-1
-1
-1
-1
-1
-1
-1
-1
-1
0 30 11
-1
-1
-1
-1
-1
-1
-1
-1
-1
-1
-1
0 17 42
1 47 9
1 47 8
1 47 7
1 47 6
1 47 5
1 47 4
-1
-1
-1
-1
-1
0 47 3
-1
-1
-1
-1
-1
-1
-1
-1
0 35 10
2 22 35
2 23 35
2 24 35
2 25 35
2 26 35
2 27 35
2 28 35
2 29 35
-1
0 30 35
3 30 36
2 31 36
2 32 36
2 33 36
2 34 36
2 35 36
2 36 36
5 37 36
1 37 37
1 37 38
1 37 39
1 37 40
1 37 41
0 37 42
3 23 9
1 23 8
1 23 7
5 23 6
0 22 6
1 10 45
1 10 44
1 10 43
1 10 42
1 10 41
1 10 40
1 10 39
1 10 38
0 10 37
2 9 37
2 8 37
2 7 37
2 6 37
2 5 37
2 4 37
0 3 37
1 37 43
1 37 44
4 37 45
2 36 45
-1
0 35 45
1 35 46
1 35 47
-1
-1
-1
0 35 48
1 30 34
1 30 33
1 30 32
6 30 31
2 31 31
2 32 31
0 33 31
1 21 28
1 21 29
4 21 30
2 20 30
0 19 30
5 18 42
3 18 43
2 19 43
2 20 43
2 21 43
2 22 43
2 23 43
0 24 43
4 47 11
2 46 11
2 45 11
2 44 11
0 43 11
1 33 30
1 33 29
1 33 28
5 33 27
2 32 27
0 31 27
2 18 30
2 17 30
2 16 30
2 15 30
2 14 30
0 13 30
0 29 7
-1
-1
-1
-1
0 17 38
5 35 44
2 34 44
2 33 44
2 32 44
0 31 44
3 9 46
5 9 45
2 8 45
0 7 45
3 30 12
2 31 12
-1
0 32 12
4 34 31
6 34 30
2 35 30
2 36 30
2 37 30
2 38 30
2 39 30
0 40 30
1 24 42
0 24 41
-1
0 37 36
1 40 29
6 40 28
2 41 28
2 42 28
0 43 28
5 13 29
2 12 29
2 11 29
0 10 29
-1
0 25 29
1 10 28
1 10 27
6 10 26
0 11 26
1 31 26
1 31 25
1 31 24
1 31 23
1 31 22
0 31 21
2 30 21
2 29 21
2 28 21
2 27 21
0 26 21
2 9 29
2 8 29
2 7 29
2 6 29
0 5 29
0 24 26
0 33 29
1 24 44
1 24 45
3 24 46
0 25 46
2 32 21
2 33 21
2 34 21
0 35 21
1 22 7
4 22 8
2 21 8
2 20 8
2 19 8
2 18 8
0 17 8
0 35 20
5 48 10
1 48 11
0 48 12
1 11 25
1 11 24
1 11 23
1 11 22
1 11 21
1 11 20
1 11 19
0 11 18
1 48 13
1 48 14
1 48 15
1 48 16
1 48 17
1 48 18
1 48 19
1 48 20
1 48 21
3 48 22
0 49 22
-1
-1
-1
-1
-1
-1
-1
-1
-1
-1
-1
-1
-1
-1
-1
-1
-1
-1
-1
-1
-1
-1
-1
-1
-1
-1
-1
-1
-1
-1
-1
-1
-1
-1
-1
-1
-1
-1
-1
-1
-1
-1
-1
-1
-1
-1
-1
-1
-1
-1
-1
-1
-1
-1
-1
-1
-1
-1
-1
-1
-1
-1
-1
-1
-1
-1
-1
-1
-1
-1
-1
-1
-1
-1
-1
-1
-1
-1
-1
-1
-1
-1
-1
-1
-1
-1
-1
-1
-1
-1
-1
-1
-1
-1
-1
-1
-1
-1
-1
-1
-1
-1
-1
-1
-1
-1
-1
-1
-1
-1
-1
-1
-1
-1
-1
-1
-1
-1
-1
-1
-1
-1
-1
-1
-1
-1
-1
-1
-1
-1
-1
-1
-1
-1
-1
-1
-1
-1
-1
-1
-1
-1
-1
-1
-1
-1
-1
-1
-1
-1
-1
-1
-1
-1
-1
-1
-1
-1
-1
-1
-1
-1
-1
-1
-1
-1
-1
-1
-1
-1
-1
-1
-1
-1
-1
-1
-1
-1
-1
-1
-1
-1
-1
-1
-1
-1
-1
-1
-1
-1
-1
-1
-1
-1
-1
-1
-1
-1
-1
-1
-1
-1
-1
-1
-1
-1
-1
-1
-1
-1
-1
-1
-1
-1
-1
-1
-1
-1
-1
-1
-1
-1
-1
-1
-1
-1
-1
-1
-1
-1
-1
-1
-1
-1
-1
-1
-1
-1
-1
-1
-1
-1
-1
-1
-1
-1
-1
-1
-1
-1
-1
-1
-1
-1
-1
-1
-1
-1
-1
-1
-1
-1
-1
-1
-1
-1
-1
-1
-1
-1
-1
-1
-1
-1
