0 9 31
6 9 30
2 10 30
2 11 30
2 12 30
2 13 30
4 14 30
1 14 29
1 14 28
1 14 27
1 14 26
6 14 25
2 15 25
2 16 25
2 17 25
2 18 25
4 19 25
1 19 24
6 19 23
4 20 23
1 20 22
1 20 21
1 20 20
6 20 19
4 21 19
1 21 18
6 21 17
2 22 17
2 23 17
2 24 17
2 25 17
2 26 17
2 27 17
2 28 17
2 29 17
2 30 17
2 31 17
2 32 17
4 33 17
1 33 16
1 33 15
6 33 14
2 34 14
2 35 14
2 36 14
2 37 14
2 38 14
2 39 14
2 40 14
2 41 14
4 42 14
1 42 13
1 42 12
6 42 11
2 43 11
2 44 11
2 45 11
4 46 11
1 46 10
1 46 9
1 46 8
1 46 7
1 46 6
1 46 5
1 46 4
0 46 3
3 8 31
5 8 30
2 7 30
2 6 30
2 5 30
2 4 30
2 3 30
-1
-1
-1
-1
-1
-1
-1
-1
-1
-1
-1
-1
-1
-1
-1
-1
-1
-1
-1
-1
-1
-1
-1
-1
-1
-1
-1
-1
-1
-1
0 2 30
2 45 3
2 44 3
2 43 3
2 42 3
2 41 3
-1
-1
-1
-1
-1
-1
-1
-1
-1
-1
-1
-1
-1
-1
-1
-1
-1
-1
-1
-1
-1
-1
0 40 3
1 2 29
1 2 28
1 2 27
1 2 26
1 2 25
1 2 24
1 2 23
1 2 22
1 2 21
-1
-1
-1
-1
-1
-1
-1
-1
-1
-1
-1
-1
0 2 20
1 9 32
1 9 33
1 9 34
1 9 35
1 9 36
1 9 37
1 9 38
1 9 39
3 9 40
2 10 40
5 11 40
3 11 41
2 12 41
2 13 41
2 14 41
2 15 41
2 16 41
-1
-1
-1
0 17 41
2 18 41
2 19 41
2 20 41
2 21 41
2 22 41
2 23 41
2 24 41
2 25 41
2 26 41
2 27 41
2 28 41
2 29 41
2 30 41
2 31 41
2 32 41
2 33 41
0 34 41
-1
-1
-1
-1
-1
-1
-1
0 43 11
1 2 19
6 2 18
2 3 18
2 4 18
2 5 18
2 6 18
2 7 18
2 8 18
2 9 18
2 10 18
0 11 18
1 11 17
1 11 16
1 11 15
1 11 14
1 11 13
1 11 12
1 11 11
6 11 10
2 12 10
0 13 10
5 47 3
1 47 4
1 47 5
1 47 6
0 47 7
2 35 41
2 36 41
2 37 41
2 38 41
2 39 41
0 40 41
1 43 12
1 43 13
1 43 14
1 43 15
1 43 16
3 43 17
2 44 17
0 45 17
1 45 18
1 45 19
1 45 20
4 45 21
6 44 21
1 44 22
4 44 23
2 43 23
2 42 23
2 41 23
6 40 23
1 40 24
1 40 25
0 40 26
0 14 30
0 27 17
1 34 42
1 34 43
1 34 44
1 34 45
1 34 46
3 34 47
0 35 47
0 5 18
6 46 2
0 47 2
1 5 19
1 5 20
1 5 21
3 5 22
0 6 22
1 13 9
6 13 8
2 14 8
2 15 8
2 16 8
2 17 8
2 18 8
0 19 8
1 6 23
3 6 24
2 7 24
2 8 24
0 9 24
1 19 7
1 19 6
1 19 5
0 19 4
0 2 24
2 12 18
0 13 18
0 46 10
0 20 21
3 1 20
1 1 19
0 1 18
0 47 4
0 9 38
2 8 38
2 7 38
6 6 38
1 6 39
4 6 40
0 5 40
0 19 25
0 34 43
1 40 4
0 40 5
0 16 25
2 1 24
0 0 24
0 6 38
2 41 41
2 42 41
2 43 41
2 44 41
0 45 41
0 38 14
0 12 10
0 5 17
1 45 40
1 45 39
6 45 38
2 46 38
0 47 38
0 19 23
0 11 14
0 46 11
5 47 37
2 46 37
2 45 37
2 44 37
0 43 37
0 30 17
0 14 41
0 44 21
2 41 5
0 42 5
0 9 18
1 30 18
1 30 19
1 30 20
1 30 21
0 30 22
1 40 42
1 40 43
0 40 44
0 35 14
2 39 44
0 38 44
1 30 23
1 30 24
0 30 25
1 38 15
1 38 16
3 38 17
2 39 17
0 40 17
1 12 9
1 12 8
0 12 7
0 43 5
0 33 14
1 12 6
1 12 5
5 12 4
2 11 4
0 10 4
0 10 3
1 27 16
1 27 15
5 27 14
2 26 14
2 25 14
0 24 14
0 21 17
2 39 5
2 38 5
0 37 5
1 43 36
1 43 35
1 43 34
6 43 33
2 44 33
2 45 33
0 46 33
3 13 19
2 14 19
0 15 19
1 13 11
1 13 12
3 13 13
0 14 13
1 19 9
1 19 10
1 19 11
0 19 12
2 21 21
2 22 21
2 23 21
0 24 21
2 20 8
2 21 8
2 22 8
2 23 8
2 24 8
2 25 8
2 26 8
0 27 8
0 2 21
1 27 7
1 27 6
1 27 5
1 27 4
0 27 3
1 37 4
1 37 3
1 37 2
5 37 1
0 36 1
1 46 32
1 46 31
1 46 30
0 46 29
1 46 28
1 46 27
1 46 26
6 46 25
0 47 25
3 14 31
2 15 31
0 16 31
0 14 26
5 46 17
1 46 18
0 46 19
0 2 29
0 28 8
1 34 40
1 34 39
1 34 38
1 34 37
0 34 36
0 33 17
6 45 29
4 45 30
2 44 30
0 43 30
2 36 5
2 35 5
2 34 5
0 33 5
1 33 13
5 33 12
2 32 12
2 31 12
0 30 12
1 14 42
1 14 43
1 14 44
1 14 45
1 14 46
0 14 47
6 33 43
1 33 44
4 33 45
2 32 45
0 31 45
0 42 14
1 2 31
1 2 32
4 2 33
2 1 33
0 0 33
6 34 35
2 35 35
0 36 35
3 29 25
5 29 24
2 28 24
2 27 24
0 26 24
1 26 25
1 26 26
1 26 27
0 26 28
1 5 16
1 5 15
1 5 14
0 5 13
1 30 26
1 30 27
1 30 28
1 30 29
1 30 30
0 30 31
2 13 47
2 12 47
0 11 47
1 26 29
1 26 30
1 26 31
1 26 32
1 26 33
4 26 34
2 25 34
2 24 34
0 23 34
2 42 30
0 41 30
1 15 18
6 15 17
0 16 17
1 45 42
3 45 43
0 46 43
0 11 40
0 44 22
1 5 12
1 5 11
1 5 10
0 5 9
1 5 41
1 5 42
1 5 43
1 5 44
1 5 45
4 5 46
2 4 46
2 3 46
2 2 46
2 1 46
0 0 46
2 15 47
2 16 47
2 17 47
2 18 47
2 19 47
2 20 47
2 21 47
2 22 47
0 23 47
2 9 3
2 8 3
2 7 3
2 6 3
0 5 3
1 17 40
1 17 39
6 17 38
0 18 38
0 42 11
6 10 2
2 11 2
2 12 2
2 13 2
0 14 2
2 31 22
2 32 22
2 33 22
2 34 22
0 35 22
6 33 36
1 33 37
1 33 38
1 33 39
4 33 40
2 32 40
2 31 40
2 30 40
0 29 40
0 2 26
1 19 3
6 19 2
2 20 2
0 21 2
-1
-1
-1
-1
-1
-1
-1
-1
-1
-1
-1
-1
-1
-1
-1
-1
-1
-1
-1
-1
-1
-1
-1
-1
-1
-1
-1
-1
-1
-1
-1
-1
-1
-1
-1
-1
-1
-1
-1
-1
-1
-1
-1
-1
-1
-1
-1
-1
-1
-1
-1
-1
-1
-1
-1
-1
-1
-1
-1
-1
-1
-1
-1
-1
-1
-1
-1
-1
-1
-1
-1
-1
-1
-1
-1
-1
-1
-1
-1
-1
-1
-1
-1
-1
-1
-1
-1
-1
-1
-1
-1
-1
-1
-1
-1
-1
-1
-1
-1
-1
-1
-1
-1
-1
-1
-1
-1
-1
-1
-1
-1
-1
-1
-1
-1
-1
-1
-1
-1
-1
-1
-1
-1
-1
-1
-1
-1
-1
-1
-1
-1
-1
-1
-1
-1
-1
-1
-1
-1
-1
-1
-1
-1
-1
-1
-1
-1
-1
-1
-1
-1
-1
-1
-1
-1
-1
-1
-1
-1
-1
-1
-1
-1
-1
-1
-1
-1
-1
-1
-1
-1
-1
-1
-1
-1
-1
-1
-1
-1
-1
-1
-1
-1
-1
-1
-1
-1
-1
-1
-1
-1
-1
-1
-1
-1
-1
-1
-1
-1
-1
-1
-1
-1
-1
-1
-1
-1
-1
-1
-1
-1
-1
-1
-1
-1
-1
-1
-1
-1
-1
-1
-1
-1
-1
