0 25 12
1 25 13
1 25 14
1 25 15
3 25 16
5 26 16
1 26 17
1 26 18
1 26 19
1 26 20
1 26 21
1 26 22
1 26 23
1 26 24
1 26 25
1 26 26
1 26 27
1 26 28
1 26 29
1 26 30
1 26 31
1 26 32
1 26 33
1 26 34
1 26 35
0 26 36
2 27 36
2 28 36
2 29 36
2 30 36
2 31 36
2 32 36
2 33 36
2 34 36
0 35 36
2 26 12
2 27 12
2 28 12
2 29 12
2 30 12
2 31 12
2 32 12
-1
-1
-1
-1
-1
-1
-1
-1
-1
-1
-1
-1
-1
-1
-1
-1
-1
-1
-1
-1
-1
-1
-1
-1
-1
-1
-1
-1
-1
-1
-1
-1
-1
-1
-1
-1
-1
-1
-1
-1
-1
-1
-1
-1
-1
-1
-1
-1
0 33 12
2 34 12
2 35 12
2 36 12
5 37 12
1 37 13
1 37 14
1 37 15
1 37 16
1 37 17
1 37 18
3 37 19
2 38 19
2 39 19
-1
-1
-1
-1
-1
-1
-1
-1
-1
-1
-1
-1
-1
-1
-1
-1
-1
-1
-1
-1
-1
-1
-1
-1
-1
-1
-1
-1
-1
-1
-1
0 40 19
1 25 11
1 25 10
1 25 9
1 25 8
1 25 7
1 25 6
5 25 5
2 24 5
2 23 5
2 22 5
2 21 5
2 20 5
2 19 5
2 18 5
3 17 5
1 17 4
5 17 3
2 16 3
2 15 3
2 14 3
2 13 3
2 12 3
2 11 3
2 10 3
-1
-1
-1
-1
-1
-1
-1
-1
-1
-1
-1
-1
-1
-1
-1
-1
-1
-1
-1
-1
-1
-1
-1
0 9 3
2 41 19
2 42 19
4 43 19
1 43 18
6 43 17
-1
-1
-1
-1
-1
-1
-1
-1
-1
-1
-1
-1
-1
-1
-1
-1
-1
-1
-1
-1
-1
0 44 17
1 26 37
1 26 38
4 26 39
2 25 39
2 24 39
2 23 39
6 22 39
1 22 40
1 22 41
1 22 42
4 22 43
2 21 43
2 20 43
2 19 43
2 18 43
2 17 43
2 16 43
2 15 43
2 14 43
-1
-1
-1
-1
-1
-1
-1
0 13 43
2 24 12
6 23 12
1 23 13
4 23 14
2 22 14
2 21 14
2 20 14
6 19 14
1 19 15
1 19 16
1 19 17
1 19 18
1 19 19
1 19 20
-1
-1
-1
-1
-1
-1
0 19 21
1 35 37
1 35 38
4 35 39
2 34 39
-1
-1
-1
-1
-1
-1
-1
-1
-1
-1
-1
0 33 39
1 44 16
1 44 15
6 44 14
2 45 14
2 46 14
2 47 14
-1
-1
-1
-1
-1
-1
-1
-1
0 48 14
-1
-1
-1
-1
-1
-1
-1
-1
-1
-1
-1
0 26 16
3 18 21
1 18 20
1 18 19
5 18 18
2 17 18
2 16 18
2 15 18
2 14 18
2 13 18
2 12 18
2 11 18
2 10 18
2 9 18
0 8 18
1 35 35
1 35 34
1 35 33
-1
-1
-1
-1
-1
-1
0 35 32
2 8 3
2 7 3
2 6 3
2 5 3
2 4 3
2 3 3
2 2 3
6 1 3
1 1 4
1 1 5
1 1 6
1 1 7
1 1 8
0 1 9
1 48 13
1 48 12
1 48 11
1 48 10
1 48 9
1 48 8
-1
0 48 7
1 48 15
1 48 16
1 48 17
1 48 18
1 48 19
1 48 20
1 48 21
1 48 22
1 48 23
1 48 24
0 48 25
1 13 42
1 13 41
1 13 40
1 13 39
1 13 38
5 13 37
2 12 37
0 11 37
1 48 26
1 48 27
1 48 28
1 48 29
1 48 30
1 48 31
1 48 32
1 48 33
1 48 34
1 48 35
1 48 36
0 48 37
-1
0 19 14
5 35 31
2 34 31
2 33 31
2 32 31
-1
-1
0 31 31
-1
-1
-1
-1
-1
0 17 5
1 17 6
1 17 7
4 17 8
2 16 8
-1
-1
0 15 8
1 11 36
6 11 35
2 12 35
2 13 35
2 14 35
0 15 35
1 40 20
1 40 21
1 40 22
-1
-1
0 40 23
2 20 21
2 21 21
2 22 21
2 23 21
-1
0 24 21
4 36 32
1 36 31
1 36 30
1 36 29
0 36 28
2 37 28
2 38 28
2 39 28
2 40 28
2 41 28
0 42 28
1 11 38
4 11 39
2 10 39
2 9 39
2 8 39
2 7 39
0 6 39
1 6 40
1 6 41
4 6 42
2 5 42
0 4 42
-1
-1
0 43 19
-1
-1
-1
-1
0 25 5
1 33 40
1 33 41
1 33 42
1 33 43
1 33 44
3 33 45
0 34 45
-1
0 45 14
1 43 20
1 43 21
3 43 22
0 44 22
2 26 5
2 27 5
2 28 5
2 29 5
2 30 5
2 31 5
0 32 5
0 23 12
1 19 22
1 19 23
4 19 24
2 18 24
0 17 24
1 4 43
3 4 44
2 5 44
0 6 44
-1
-1
0 26 21
1 17 25
1 17 26
-1
0 17 27
1 33 11
6 33 10
-1
0 34 10
1 8 17
6 8 16
2 9 16
0 10 16
2 35 45
2 36 45
2 37 45
0 38 45
-1
-1
0 22 39
2 18 14
-1
0 17 14
1 24 22
1 24 23
0 24 24
-1
-1
-1
0 1 3
1 38 44
1 38 43
1 38 42
6 38 41
2 39 41
2 40 41
0 41 41
-1
-1
-1
-1
-1
-1
-1
-1
-1
-1
-1
-1
-1
-1
-1
-1
-1
-1
-1
-1
-1
-1
-1
-1
-1
-1
-1
-1
-1
-1
-1
-1
-1
-1
-1
-1
-1
-1
-1
-1
-1
-1
-1
-1
-1
-1
-1
-1
-1
-1
-1
-1
-1
-1
-1
-1
-1
-1
-1
-1
-1
-1
-1
-1
-1
-1
-1
-1
-1
-1
-1
-1
-1
-1
-1
-1
-1
-1
-1
-1
-1
-1
-1
-1
-1
-1
-1
-1
-1
-1
-1
-1
-1
-1
-1
-1
-1
-1
-1
-1
-1
-1
-1
-1
-1
-1
-1
-1
-1
-1
-1
-1
-1
-1
-1
-1
-1
-1
-1
-1
-1
-1
-1
-1
-1
-1
-1
-1
-1
-1
-1
-1
-1
-1
-1
-1
-1
-1
-1
-1
-1
-1
-1
-1
-1
-1
-1
-1
-1
-1
-1
-1
-1
-1
-1
-1
-1
-1
-1
-1
-1
-1
-1
-1
-1
-1
-1
-1
-1
-1
-1
-1
-1
-1
-1
-1
-1
-1
-1
-1
-1
-1
-1
-1
-1
-1
-1
-1
-1
-1
-1
-1
-1
-1
-1
-1
-1
-1
-1
-1
-1
-1
-1
-1
-1
-1
-1
-1
-1
-1
-1
-1
-1
-1
-1
-1
-1
-1
-1
-1
-1
-1
-1
-1
-1
-1
-1
-1
-1
-1
-1
-1
-1
-1
-1
-1
-1
-1
-1
-1
-1
-1
-1
-1
-1
-1
-1
-1
-1
-1
-1
-1
-1
-1
-1
-1
-1
-1
-1
-1
-1
-1
-1
-1
-1
-1
-1
-1
-1
-1
-1
-1
-1
-1
-1
-1
-1
-1
-1
-1
-1
