0 14 7
2 15 7
2 16 7
5 17 7
1 17 8
3 17 9
2 18 9
2 19 9
2 20 9
5 21 9
1 21 10
1 21 11
1 21 12
3 21 13
2 22 13
2 23 13
2 24 13
5 25 13
1 25 14
1 25 15
1 25 16
1 25 17
1 25 18
1 25 19
1 25 20
1 25 21
1 25 22
1 25 23
3 25 24
2 26 24
2 27 24
2 28 24
2 29 24
2 30 24
2 31 24
5 32 24
1 32 25
1 32 26
1 32 27
3 32 28
0 33 28
1 33 29
1 33 30
1 33 31
1 33 32
4 33 33
6 32 33
1 32 34
1 32 35
1 32 36
1 32 37
4 32 38
2 31 38
2 30 38
-1
-1
-1
-1
-1
-1
-1
-1
-1
-1
-1
-1
-1
-1
-1
-1
-1
-1
-1
-1
-1
-1
-1
-1
-1
-1
-1
-1
-1
-1
-1
-1
-1
-1
-1
-1
-1
0 29 38
1 14 6
1 14 5
-1
-1
-1
-1
-1
-1
-1
-1
-1
-1
-1
-1
-1
-1
-1
-1
-1
-1
-1
-1
-1
-1
-1
-1
-1
-1
-1
-1
-1
-1
-1
-1
-1
-1
-1
-1
-1
0 14 4
6 33 27
2 34 27
2 35 27
2 36 27
4 37 27
6 37 26
2 38 26
2 39 26
2 40 26
2 41 26
-1
-1
-1
-1
-1
-1
-1
-1
-1
-1
-1
-1
-1
-1
-1
-1
-1
-1
-1
-1
-1
-1
-1
0 42 26
1 42 25
1 42 24
1 42 23
1 42 22
1 42 21
5 42 20
-1
-1
-1
-1
-1
-1
-1
-1
-1
-1
-1
-1
-1
-1
-1
-1
-1
0 41 20
1 41 19
1 41 18
1 41 17
1 41 16
1 41 15
1 41 14
5 41 13
3 40 13
1 40 12
1 40 11
1 40 10
1 40 9
5 40 8
2 39 8
2 38 8
-1
-1
-1
-1
-1
-1
-1
-1
0 37 8
-1
-1
-1
-1
-1
-1
-1
-1
-1
-1
-1
-1
-1
-1
0 25 22
2 28 38
2 27 38
2 26 38
2 25 38
2 24 38
2 23 38
2 22 38
2 21 38
2 20 38
2 19 38
6 18 38
-1
-1
-1
-1
0 18 39
6 14 3
2 15 3
2 16 3
4 17 3
6 17 2
2 18 2
2 19 2
2 20 2
4 21 2
6 21 1
2 22 1
2 23 1
-1
0 24 1
1 29 39
1 29 40
4 29 41
2 28 41
6 27 41
1 27 42
1 27 43
1 27 44
1 27 45
1 27 46
1 27 47
0 27 48
2 17 39
3 16 39
1 16 38
1 16 37
1 16 36
5 16 35
2 15 35
-1
0 14 35
2 13 7
2 12 7
2 11 7
2 10 7
2 9 7
2 8 7
-1
-1
0 7 7
2 13 35
6 12 35
1 12 36
1 12 37
4 12 38
2 11 38
2 10 38
2 9 38
0 8 38
1 8 39
1 8 40
1 8 41
1 8 42
1 8 43
1 8 44
1 8 45
1 8 46
1 8 47
1 8 48
4 8 49
2 7 49
0 6 49
0 17 3
2 6 7
2 5 7
2 4 7
6 3 7
1 3 8
0 3 9
-1
-1
-1
0 40 9
1 14 34
1 14 33
1 14 32
-1
0 14 31
1 18 40
1 18 41
1 18 42
3 18 43
2 19 43
5 20 43
3 20 44
0 21 44
-1
0 12 7
4 28 48
6 28 47
2 29 47
2 30 47
0 31 47
4 43 26
1 43 25
1 43 24
1 43 23
1 43 22
0 43 21
5 44 21
3 44 22
2 45 22
2 46 22
0 47 22
0 17 7
1 3 10
3 3 11
2 4 11
0 5 11
6 14 30
4 15 30
1 15 29
6 15 28
2 16 28
2 17 28
0 18 28
0 32 24
6 24 22
1 24 23
0 24 24
1 32 23
1 32 22
6 32 21
0 33 21
3 13 31
1 13 30
1 13 29
1 13 28
1 13 27
5 13 26
2 12 26
0 11 26
0 47 23
0 40 13
1 37 7
1 37 6
1 37 5
1 37 4
1 37 3
5 37 2
0 36 2
0 26 48
0 21 9
0 32 38
1 5 12
1 5 13
1 5 14
1 5 15
4 5 16
2 4 16
0 3 16
0 27 41
0 21 2
4 41 9
1 41 8
6 41 7
2 42 7
0 43 7
0 32 33
2 26 41
2 25 41
0 24 41
4 33 38
6 33 37
2 34 37
2 35 37
0 36 37
0 12 35
3 13 4
5 13 3
2 12 3
2 11 3
0 10 3
4 26 22
1 26 21
6 26 20
0 27 20
0 15 30
0 25 13
0 3 7
1 14 36
1 14 37
1 14 38
1 14 39
1 14 40
0 14 41
0 29 24
2 31 33
2 30 33
2 29 33
2 28 33
2 27 33
2 26 33
2 25 33
0 24 33
1 24 34
4 24 35
2 23 35
2 22 35
0 21 35
1 14 42
1 14 43
1 14 44
1 14 45
0 14 46
1 36 38
3 36 39
2 37 39
0 38 39
1 42 27
1 42 28
1 42 29
3 42 30
0 43 30
3 3 17
2 4 17
2 5 17
0 6 17
1 6 18
1 6 19
1 6 20
0 6 21
1 33 20
1 33 19
1 33 18
1 33 17
6 33 16
0 34 16
1 38 40
1 38 41
1 38 42
3 38 43
0 39 43
1 39 44
3 39 45
2 40 45
2 41 45
2 42 45
2 43 45
0 44 45
1 14 8
1 14 9
3 14 10
0 15 10
5 8 37
2 7 37
2 6 37
3 5 37
1 5 36
1 5 35
0 5 34
1 6 22
4 6 23
2 5 23
2 4 23
2 3 23
2 2 23
2 1 23
0 0 23
-1
-1
-1
-1
-1
-1
-1
-1
-1
-1
-1
-1
-1
-1
-1
-1
-1
-1
-1
-1
-1
-1
-1
-1
-1
-1
-1
-1
-1
-1
-1
-1
-1
-1
-1
-1
-1
-1
-1
-1
-1
-1
-1
-1
-1
-1
-1
-1
-1
-1
-1
-1
-1
-1
-1
-1
-1
-1
-1
-1
-1
-1
-1
-1
-1
-1
-1
-1
-1
-1
-1
-1
-1
-1
-1
-1
-1
-1
-1
-1
-1
-1
-1
-1
-1
-1
-1
-1
-1
-1
-1
-1
-1
-1
-1
-1
-1
-1
-1
-1
-1
-1
-1
-1
-1
-1
-1
-1
-1
-1
-1
-1
-1
-1
-1
-1
-1
-1
-1
-1
-1
-1
-1
-1
-1
-1
-1
-1
-1
-1
-1
-1
-1
-1
-1
-1
-1
-1
-1
-1
-1
-1
-1
-1
-1
-1
-1
-1
-1
-1
-1
-1
-1
-1
-1
-1
-1
-1
-1
-1
-1
-1
-1
-1
-1
-1
-1
-1
-1
-1
-1
-1
-1
-1
-1
-1
-1
-1
-1
-1
-1
-1
-1
-1
-1
-1
-1
-1
-1
-1
-1
-1
-1
-1
-1
-1
-1
-1
-1
-1
-1
-1
-1
-1
-1
-1
-1
-1
-1
-1
-1
-1
-1
-1
-1
-1
-1
-1
-1
-1
-1
-1
-1
-1
-1
-1
-1
-1
-1
-1
-1
-1
-1
-1
-1
-1
-1
-1
-1
-1
-1
-1
-1
-1
-1
-1
-1
-1
-1
-1
-1
-1
-1
-1
-1
-1
-1
-1
-1
-1
-1
-1
-1
-1
-1
-1
-1
-1
-1
-1
-1
-1
-1
-1
-1
-1
-1
-1
-1
-1
-1
-1
-1
-1
-1
-1
-1
-1
-1
-1
-1
-1
