0 14 2
1 14 3
3 14 4
2 15 4
2 16 4
2 17 4
5 18 4
1 18 5
3 18 6
2 19 6
2 20 6
2 21 6
2 22 6
2 23 6
2 24 6
2 25 6
2 26 6
2 27 6
2 28 6
2 29 6
2 30 6
2 31 6
2 32 6
2 33 6
2 34 6
2 35 6
2 36 6
2 37 6
2 38 6
2 39 6
2 40 6
5 41 6
3 41 7
2 42 7
2 43 7
2 44 7
2 45 7
0 46 7
2 47 7
5 48 7
1 48 8
1 48 9
1 48 10
3 48 11
0 49 11
6 13 2
4 13 3
2 12 3
6 11 3
1 11 4
1 11 5
1 11 6
1 11 7
1 11 8
1 11 9
1 11 10
1 11 11
1 11 12
1 11 13
1 11 14
1 11 15
1 11 16
1 11 17
1 11 18
1 11 19
1 11 20
1 11 21
1 11 22
1 11 23
0 11 24
3 11 25
2 12 25
2 13 25
2 14 25
2 15 25
2 16 25
0 17 25
1 46 8
1 46 9
4 46 10
2 45 10
2 44 10
-1
-1
0 43 10
2 10 24
2 9 24
2 8 24
2 7 24
2 6 24
6 5 24
1 5 25
4 5 26
0 4 26
1 43 11
4 43 12
2 42 12
2 41 12
0 40 12
-1
-1
-1
0 11 3
5 18 25
1 18 26
3 18 27
2 19 27
2 20 27
2 21 27
2 22 27
0 23 27
0 15 4
1 23 26
1 23 25
0 23 24
1 4 27
1 4 28
3 4 29
2 5 29
0 6 29
0 10 24
1 49 12
1 49 13
1 49 14
4 49 15
6 48 15
0 48 16
0 3 26
0 7 29
2 47 16
2 46 16
2 45 16
0 44 16
0 18 6
4 24 27
6 24 26
2 25 26
0 26 26
0 48 11
1 6 30
1 6 31
1 6 32
0 6 33
1 6 34
3 6 35
2 7 35
2 8 35
0 9 35
0 14 25
0 48 7
2 10 3
0 9 3
2 10 35
2 11 35
0 12 35
1 12 36
1 12 37
1 12 38
0 12 39
0 25 6
1 26 25
1 26 24
0 26 23
1 12 40
1 12 41
1 12 42
1 12 43
0 12 44
2 13 44
0 14 44
0 47 11
2 27 26
5 28 26
3 28 27
5 29 27
1 29 28
1 29 29
0 29 30
0 11 9
0 18 25
2 8 29
0 9 29
1 29 31
1 29 32
1 29 33
1 29 34
1 29 35
1 29 36
1 29 37
1 29 38
1 29 39
3 29 40
5 30 40
1 30 41
3 30 42
2 31 42
2 32 42
5 33 42
1 33 43
0 33 44
0 30 40
2 34 44
5 35 44
1 35 45
0 35 46
2 36 46
2 37 46
2 38 46
0 39 46
1 39 45
1 39 44
0 39 43
2 40 46
2 41 46
2 42 46
0 43 46
6 12 34
0 13 34
2 27 23
0 28 23
0 35 44
0 29 38
0 11 23
0 7 24
0 11 19
1 9 2
0 9 1
0 11 5
0 28 26
0 39 42
0 48 6
0 44 15
1 43 45
1 43 44
1 43 43
1 43 42
1 43 41
0 43 40
2 10 29
0 11 29
1 23 23
1 23 22
0 23 21
1 11 30
0 11 31
2 44 46
0 45 46
1 48 5
5 48 4
0 47 4
0 46 46
0 39 47
0 22 24
2 12 31
2 13 31
2 14 31
2 15 31
0 16 31
0 16 30
0 47 3
0 44 10
0 43 43
2 17 31
2 18 31
0 19 31
1 44 14
0 44 13
0 39 41
0 22 27
0 29 32
0 20 31
1 20 32
1 20 33
1 20 34
1 20 35
1 20 36
0 20 37
0 18 4
0 33 42
4 12 9
6 12 8
0 13 8
0 23 20
0 28 22
0 44 40
2 45 40
2 46 40
0 47 40
1 39 40
0 39 39
1 14 1
0 14 0
1 14 43
6 14 42
0 15 42
1 39 38
0 39 37
2 21 37
2 22 37
5 23 37
1 23 38
0 23 39
1 17 24
1 17 23
1 17 22
0 17 21
0 14 34
1 3 27
4 3 28
0 2 28
0 16 21
2 38 39
2 37 39
0 36 39
1 44 39
1 44 38
1 44 37
0 44 36
1 44 35
0 44 34
2 43 15
2 42 15
0 41 15
0 23 19
4 33 45
0 32 45
0 14 26
0 31 45
1 36 38
1 36 37
1 36 36
0 36 35
0 36 34
0 28 32
1 32 46
1 32 47
0 32 48
4 28 33
2 27 33
2 26 33
0 25 33
2 19 37
2 18 37
0 17 37
0 20 6
1 25 34
0 25 35
1 16 20
1 16 19
1 16 18
0 16 17
0 47 46
0 47 45
0 12 29
0 43 47
4 30 38
6 30 37
0 31 37
0 16 37
0 41 6
0 48 45
6 16 16
4 17 16
6 17 15
0 18 15
0 23 18
2 8 3
2 7 3
0 6 3
0 35 43
1 23 17
0 23 16
0 23 15
0 36 46
0 5 24
0 31 36
1 41 5
0 41 4
1 47 47
0 47 48
1 18 3
0 18 2
0 39 48
0 23 6
2 15 17
0 14 17
2 30 32
2 31 32
0 32 32
2 19 2
2 20 2
0 21 2
0 31 6
0 12 41
0 7 28
0 23 5
1 48 17
0 48 18
4 9 36
2 8 36
0 7 36
2 18 21
0 19 21
1 28 21
1 28 20
0 28 19
0 22 28
1 36 33
1 36 32
0 36 31
1 16 29
6 16 28
0 17 28
0 20 35
1 5 23
1 5 22
1 5 21
0 5 20
0 10 1
2 4 20
0 3 20
1 28 18
1 28 17
0 28 16
1 23 14
1 23 13
5 23 12
0 22 12
1 36 30
1 36 29
0 36 28
0 22 11
1 3 19
1 3 18
1 3 17
1 3 16
0 3 15
1 3 14
1 3 13
1 3 12
0 3 11
1 36 27
0 36 26
0 40 4
2 4 15
0 5 15
2 29 19
2 30 19
0 31 19
2 45 34
2 46 34
2 47 34
2 48 34
0 49 34
1 44 33
1 44 32
5 44 31
2 43 31
0 42 31
2 39 4
2 38 4
0 37 4
4 12 45
2 11 45
2 10 45
2 9 45
2 8 45
0 7 45
2 6 45
2 5 45
2 4 45
0 3 45
2 16 42
0 17 42
2 10 9
2 9 9
0 8 9
1 31 7
1 31 8
0 31 9
1 31 5
1 31 4
1 31 3
0 31 2
3 5 16
2 6 16
0 7 16
0 47 49
2 5 3
2 4 3
0 3 3
3 10 23
1 10 22
0 10 21
1 28 15
1 28 14
0 28 13
0 44 37
2 6 36
2 5 36
0 4 36
0 3 10
2 18 42
0 19 42
2 39 12
0 38 12
0 48 15
3 2 20
0 2 19
0 2 15
2 30 2
2 29 2
2 28 2
0 27 2
2 29 13
2 30 13
0 31 13
0 18 1
0 6 30
0 30 9
1 3 44
1 3 43
5 3 42
3 2 42
5 2 41
0 1 41
0 9 4
5 3 25
2 2 25
0 1 25
2 47 18
0 46 18
1 19 43
1 19 44
0 19 45
4 19 46
0 18 46
1 14 45
1 14 46
0 14 47
0 28 31
6 22 10
2 23 10
0 24 10
2 13 47
2 12 47
0 11 47
0 13 39
5 31 44
2 30 44
2 29 44
2 28 44
0 27 44
2 21 31
0 22 31
1 8 10
3 8 11
5 9 11
3 9 12
0 10 12
1 3 46
0 3 47
1 21 1
6 21 0
0 22 0
1 14 16
1 14 15
6 14 14
0 15 14
2 23 28
0 24 28
1 46 19
3 46 20
0 47 20
1 27 45
1 27 46
1 27 47
4 27 48
0 26 48
5 36 25
3 35 25
5 35 24
0 34 24
1 49 33
1 49 32
1 49 31
1 49 30
0 49 29
5 4 35
2 3 35
2 2 35
0 1 35
4 44 17
0 43 17
2 29 26
0 30 26
-1
-1
-1
-1
-1
-1
-1
-1
-1
-1
-1
-1
-1
-1
-1
-1
-1
-1
-1
-1
-1
-1
-1
-1
-1
-1
-1
-1
-1
-1
-1
-1
-1
-1
-1
-1
-1
-1
-1
-1
-1
-1
-1
-1
-1
-1
-1
-1
-1
-1
-1
-1
-1
-1
-1
-1
-1
-1
-1
-1
-1
-1
-1
-1
-1
-1
-1
-1
-1
-1
-1
-1
-1
-1
-1
-1
-1
-1
-1
-1
-1
-1
-1
-1
-1
-1
-1
-1
-1
-1
-1
-1
-1
-1
-1
-1
-1
-1
-1
-1
-1
-1
-1
-1
-1
-1
-1
-1
-1
-1
-1
-1
-1
-1
-1
-1
-1
-1
-1
-1
-1
-1
-1
-1
-1
-1
-1
-1
-1
-1
-1
-1
-1
-1
-1
-1
-1
-1
-1
-1
-1
-1
-1
-1
-1
-1
-1
-1
-1
-1
-1
-1
-1
-1
-1
-1
-1
-1
-1
-1
-1
-1
-1
-1
-1
-1
-1
-1
-1
-1
-1
-1
-1
-1
-1
-1
-1
-1
-1
-1
-1
-1
-1
-1
-1
-1
-1
-1
-1
-1
-1
-1
-1
-1
-1
-1
-1
-1
-1
-1
-1
-1
-1
-1
