0 5 14
1 5 15
1 5 16
1 5 17
1 5 18
1 5 19
1 5 20
1 5 21
1 5 22
1 5 23
1 5 24
1 5 25
3 5 26
2 6 26
5 7 26
3 7 27
2 8 27
2 9 27
5 10 27
1 10 28
1 10 29
1 10 30
1 10 31
3 10 32
2 11 32
2 12 32
2 13 32
2 14 32
2 15 32
5 16 32
3 16 33
2 17 33
2 18 33
2 19 33
2 20 33
2 21 33
2 22 33
2 23 33
5 24 33
1 24 34
1 24 35
1 24 36
1 24 37
0 24 38
3 24 39
2 25 39
2 26 39
2 27 39
2 28 39
2 29 39
2 30 39
2 31 39
2 32 39
2 33 39
-1
-1
-1
-1
-1
-1
0 34 39
6 23 38
1 23 39
1 23 40
4 23 41
2 22 41
2 21 41
2 20 41
6 19 41
1 19 42
4 19 43
2 18 43
2 17 43
2 16 43
2 15 43
2 14 43
2 13 43
6 12 43
1 12 44
4 12 45
2 11 45
2 10 45
2 9 45
2 8 45
2 7 45
0 6 45
5 5 13
3 4 13
5 4 12
3 3 12
1 3 11
-1
-1
-1
-1
-1
-1
-1
-1
0 3 10
1 34 40
1 34 41
3 34 42
2 35 42
2 36 42
2 37 42
2 38 42
2 39 42
2 40 42
2 41 42
2 42 42
2 43 42
5 44 42
1 44 43
1 44 44
1 44 45
0 44 46
2 4 14
2 3 14
-1
-1
-1
0 2 14
3 44 47
2 45 47
2 46 47
2 47 47
2 48 47
-1
-1
0 49 47
2 4 10
2 5 10
-1
-1
-1
-1
0 6 10
-1
-1
-1
-1
0 37 42
1 34 38
6 34 37
2 35 37
2 36 37
2 37 37
2 38 37
2 39 37
4 40 37
1 40 36
6 40 35
0 41 35
1 2 13
5 2 12
0 1 12
1 41 34
1 41 33
6 41 32
0 42 32
0 22 33
1 6 44
1 6 43
1 6 42
1 6 41
1 6 40
0 6 39
1 3 9
1 3 8
1 3 7
0 3 6
0 16 33
1 22 32
1 22 31
1 22 30
6 22 29
4 23 29
1 23 28
1 23 27
6 23 26
2 24 26
0 25 26
5 25 25
2 24 25
2 23 25
2 22 25
0 21 25
0 5 23
0 34 37
0 5 26
0 44 42
2 4 6
2 5 6
2 6 6
2 7 6
2 8 6
0 9 6
1 2 15
0 2 16
0 10 27
0 23 29
1 42 31
6 42 30
2 43 30
2 44 30
2 45 30
4 46 30
1 46 29
0 46 28
0 24 33
0 5 45
2 25 33
2 26 33
0 27 33
1 46 27
1 46 26
1 46 25
0 46 24
0 3 12
0 22 41
0 28 39
0 2 10
2 4 23
0 3 23
0 5 39
0 46 23
2 4 39
3 3 39
5 3 38
0 2 38
0 12 43
5 45 42
0 45 43
1 2 37
6 2 36
0 3 36
0 7 45
4 6 14
6 6 13
2 7 13
2 8 13
0 9 13
0 2 17
1 5 27
1 5 28
1 5 29
0 5 30
0 19 41
2 7 39
0 8 39
0 9 39
0 16 32
0 7 26
1 21 24
1 21 23
1 21 22
1 21 21
1 21 20
1 21 19
1 21 18
1 21 17
1 21 16
1 21 15
0 21 14
6 21 13
2 22 13
0 23 13
2 4 45
0 3 45
1 23 12
1 23 11
0 23 10
1 44 41
0 44 40
0 24 10
1 28 40
1 28 41
1 28 42
1 28 43
1 28 44
0 28 45
1 28 46
3 28 47
0 29 47
2 22 10
2 21 10
2 20 10
2 19 10
2 18 10
0 17 10
0 17 9
0 17 11
0 34 41
2 30 47
2 31 47
2 32 47
0 33 47
0 34 47
1 44 39
1 44 38
6 44 37
0 45 37
1 17 8
1 17 7
1 17 6
1 17 5
1 17 4
1 17 3
1 17 2
0 17 1
2 18 1
2 19 1
0 20 1
2 21 1
2 22 1
2 23 1
2 24 1
0 25 1
1 27 32
0 27 31
0 17 6
1 2 39
1 2 40
0 2 41
1 9 5
1 9 4
6 9 3
0 10 3
1 8 38
1 8 37
1 8 36
0 8 35
2 11 3
2 12 3
0 13 3
1 24 9
6 24 8
2 25 8
2 26 8
2 27 8
2 28 8
2 29 8
0 30 8
1 30 9
1 30 10
1 30 11
1 30 12
3 30 13
0 31 13
0 21 26
1 9 14
3 9 15
0 10 15
1 10 2
0 10 1
3 20 25
5 20 24
2 19 24
2 18 24
2 17 24
0 16 24
5 47 28
0 47 29
1 7 46
1 7 47
1 7 48
0 7 49
0 2 18
2 45 40
2 46 40
2 47 40
0 48 40
1 16 31
6 16 30
2 17 30
2 18 30
0 19 30
2 45 23
2 44 23
2 43 23
2 42 23
2 41 23
0 40 23
1 23 14
3 23 15
2 24 15
0 25 15
1 40 22
1 40 21
1 40 20
0 40 19
1 16 23
1 16 22
1 16 21
6 16 20
2 17 20
0 18 20
0 40 37
1 25 16
0 25 17
1 18 19
0 18 18
4 5 31
2 4 31
2 3 31
2 2 31
2 1 31
0 0 31
1 46 22
1 46 21
6 46 20
2 47 20
0 48 20
1 25 2
3 25 3
2 26 3
2 27 3
0 28 3
2 29 3
2 30 3
0 31 3
1 28 2
1 28 1
0 28 0
3 39 23
5 39 22
2 38 22
2 37 22
2 36 22
0 35 22
2 2 6
2 1 6
0 0 6
5 35 21
3 34 21
1 34 20
5 34 19
0 33 19
1 40 18
6 40 17
0 41 17
1 35 23
1 35 24
1 35 25
4 35 26
0 34 26
1 41 16
1 41 15
5 41 14
0 40 14
4 34 27
2 33 27
0 32 27
4 42 17
1 42 16
6 42 15
2 43 15
0 44 15
2 4 26
2 3 26
0 2 26
4 26 26
1 26 25
1 26 24
0 26 23
3 42 33
2 43 33
2 44 33
2 45 33
0 46 33
1 3 5
6 3 4
0 4 4
1 16 34
1 16 35
1 16 36
0 16 37
4 6 23
1 6 22
1 6 21
6 6 20
2 7 20
0 8 20
2 9 20
2 10 20
0 11 20
1 40 13
1 40 12
1 40 11
1 40 10
1 40 9
6 40 8
0 41 8
1 41 7
1 41 6
0 41 5
-1
-1
-1
-1
-1
-1
-1
-1
-1
-1
-1
-1
-1
-1
-1
-1
-1
-1
-1
-1
-1
-1
-1
-1
-1
-1
-1
-1
-1
-1
-1
-1
-1
-1
-1
-1
-1
-1
-1
-1
-1
-1
-1
-1
-1
-1
-1
-1
-1
-1
-1
-1
-1
-1
-1
-1
-1
-1
-1
-1
-1
-1
-1
-1
-1
-1
-1
-1
-1
-1
-1
-1
-1
-1
-1
-1
-1
-1
-1
-1
-1
-1
-1
-1
-1
-1
-1
-1
-1
-1
-1
-1
-1
-1
-1
-1
-1
-1
-1
-1
-1
-1
-1
-1
-1
-1
-1
-1
-1
-1
-1
-1
-1
-1
-1
-1
-1
-1
-1
-1
-1
-1
-1
-1
-1
-1
-1
-1
-1
-1
-1
-1
-1
-1
-1
-1
-1
-1
-1
-1
-1
-1
-1
-1
-1
-1
-1
-1
-1
-1
-1
-1
-1
-1
-1
-1
-1
-1
-1
-1
-1
-1
-1
-1
-1
-1
-1
-1
-1
-1
-1
-1
-1
-1
-1
-1
-1
-1
-1
-1
-1
-1
-1
-1
-1
-1
-1
-1
-1
-1
-1
-1
-1
-1
-1
-1
-1
-1
-1
-1
-1
-1
-1
-1
-1
-1
-1
-1
-1
-1
-1
-1
-1
-1
-1
-1
-1
-1
-1
-1
-1
-1
-1
-1
-1
-1
-1
-1
-1
-1
-1
-1
-1
-1
-1
-1
-1
-1
-1
-1
-1
-1
-1
-1
-1
-1
-1
-1
-1
-1
-1
-1
-1
-1
-1
-1
-1
-1
-1
-1
-1
-1
-1
-1
-1
-1
-1
-1
-1
-1
-1
-1
-1
-1
-1
-1
-1
-1
-1
-1
-1
-1
-1
-1
-1
-1
-1
-1
-1
-1
-1
-1
-1
-1
-1
-1
-1
-1
-1
-1
-1
-1
-1
