0 18 3
2 19 3
2 20 3
2 21 3
2 22 3
2 23 3
4 24 3
1 24 2
6 24 1
2 25 1
2 26 1
2 27 1
2 28 1
2 29 1
2 30 1
2 31 1
2 32 1
2 33 1
2 34 1
2 35 1
2 36 1
2 37 1
2 38 1
2 39 1
2 40 1
0 41 1
4 18 4
2 17 4
2 16 4
6 15 4
4 15 5
2 14 5
2 13 5
6 12 5
1 12 6
1 12 7
1 12 8
1 12 9
1 12 10
1 12 11
1 12 12
1 12 13
1 12 14
1 12 15
1 12 16
1 12 17
1 12 18
1 12 19
1 12 20
4 12 21
2 11 21
2 10 21
2 9 21
2 8 21
2 7 21
2 6 21
2 5 21
6 4 21
1 4 22
1 4 23
-1
-1
-1
-1
-1
-1
-1
-1
-1
-1
-1
-1
-1
-1
-1
-1
-1
-1
-1
-1
-1
-1
-1
-1
-1
-1
-1
-1
-1
-1
-1
-1
-1
-1
-1
-1
-1
-1
-1
-1
-1
-1
-1
-1
-1
-1
-1
0 4 24
1 4 25
3 4 26
2 5 26
2 6 26
-1
-1
-1
-1
-1
-1
-1
-1
-1
-1
-1
0 7 26
2 8 26
2 9 26
5 10 26
1 10 27
1 10 28
3 10 29
2 11 29
-1
-1
-1
0 12 29
2 42 1
2 43 1
-1
-1
-1
-1
-1
0 44 1
1 7 27
1 7 28
1 7 29
1 7 30
4 7 31
-1
0 6 31
1 41 2
1 41 3
4 41 4
2 40 4
0 39 4
1 44 2
1 44 3
-1
0 44 4
1 12 30
1 12 31
1 12 32
3 12 33
5 13 33
1 13 34
1 13 35
1 13 36
3 13 37
2 14 37
2 15 37
0 16 37
0 13 37
0 10 26
1 16 38
1 16 39
3 16 40
0 17 40
0 12 18
1 6 32
1 6 33
0 6 34
3 17 41
2 18 41
0 19 41
0 12 7
6 12 28
2 13 28
2 14 28
2 15 28
0 16 28
0 17 28
0 13 33
1 6 35
1 6 36
1 6 37
0 6 38
0 15 4
0 12 5
0 12 14
1 17 29
1 17 30
0 17 31
0 38 1
0 12 21
1 6 39
1 6 40
0 6 41
0 18 31
0 6 21
0 20 3
0 24 1
1 39 5
3 39 6
0 40 6
1 19 40
6 19 39
0 20 39
0 32 1
0 37 1
2 5 34
2 4 34
2 3 34
2 2 34
0 1 34
2 21 39
2 22 39
2 23 39
2 24 39
0 25 39
1 12 22
3 12 23
0 13 23
0 4 26
0 13 14
1 25 40
3 25 41
5 26 41
1 26 42
0 26 43
0 41 6
2 18 28
0 19 28
0 5 41
1 25 38
1 25 37
1 25 36
0 25 35
0 26 44
5 25 34
2 24 34
0 23 34
0 12 9
2 27 44
2 28 44
2 29 44
2 30 44
2 31 44
2 32 44
2 33 44
0 34 44
2 35 44
5 36 44
3 36 45
0 37 45
6 37 44
2 38 44
2 39 44
2 40 44
0 41 44
2 42 44
2 43 44
0 44 44
1 5 42
1 5 43
1 5 44
1 5 45
0 5 46
0 44 3
0 24 3
1 44 43
0 44 42
1 41 45
1 41 46
0 41 47
0 7 38
0 31 44
0 7 31
1 12 4
1 12 3
0 12 2
0 14 14
1 41 43
1 41 42
0 41 41
1 24 4
1 24 5
1 24 6
3 24 7
0 25 7
2 6 46
2 7 46
0 8 46
5 41 40
2 40 40
0 39 40
2 38 40
0 37 40
0 12 20
2 26 7
2 27 7
0 28 7
2 11 18
2 10 18
0 9 18
2 7 34
0 8 34
4 8 31
0 8 30
2 14 23
2 15 23
0 16 23
2 13 9
2 14 9
2 15 9
0 16 9
2 17 9
0 18 9
2 4 46
2 3 46
0 2 46
1 1 35
1 1 36
0 1 37
0 41 48
1 26 45
1 26 46
0 26 47
1 9 17
0 9 16
1 37 39
1 37 38
1 37 37
6 37 36
0 38 36
0 27 1
1 38 35
5 38 34
2 37 34
0 36 34
0 4 21
3 6 42
2 7 42
2 8 42
0 9 42
1 19 27
1 19 26
0 19 25
2 10 42
0 11 42
0 12 33
1 19 42
3 19 43
5 20 43
0 20 44
1 20 38
1 20 37
0 20 36
2 15 14
0 16 14
1 20 45
1 20 46
0 20 47
1 19 24
1 19 23
0 19 22
1 19 21
0 19 20
0 19 19
2 20 19
0 21 19
3 6 22
2 7 22
0 8 22
5 20 22
3 20 23
2 21 23
0 22 23
6 22 22
2 23 22
2 24 22
2 25 22
0 26 22
1 2 45
6 2 44
0 3 44
0 27 22
1 4 20
1 4 19
0 4 18
5 19 31
0 19 32
2 19 47
2 18 47
2 17 47
2 16 47
0 15 47
2 11 2
2 10 2
0 9 2
1 11 41
0 11 40
2 25 43
2 24 43
0 23 43
0 20 32
0 5 31
1 13 24
3 13 25
0 14 25
0 3 18
1 19 18
5 19 17
0 18 17
1 18 2
5 18 1
0 17 1
1 9 1
0 9 0
3 44 45
2 45 45
2 46 45
0 47 45
1 8 47
0 8 48
2 17 14
2 18 14
2 19 14
2 20 14
0 21 14
0 22 14
1 9 15
1 9 14
0 9 13
2 23 14
2 24 14
0 25 14
0 8 38
0 8 13
1 25 13
0 25 12
2 42 48
2 43 48
0 44 48
0 26 12
0 12 31
0 27 23
2 26 14
2 27 14
2 28 14
2 29 14
2 30 14
0 31 14
4 9 3
2 8 3
2 7 3
2 6 3
0 5 3
5 5 2
2 4 2
2 3 2
2 2 2
2 1 2
0 0 2
1 5 4
1 5 5
0 5 6
0 36 33
1 31 13
1 31 12
1 31 11
6 31 10
0 32 10
1 40 7
1 40 8
1 40 9
1 40 10
0 40 11
2 26 35
2 27 35
2 28 35
0 29 35
6 27 21
2 28 21
2 29 21
2 30 21
0 31 21
1 29 34
1 29 33
1 29 32
0 29 31
4 1 38
0 0 38
2 30 31
2 31 31
0 32 31
1 31 45
1 31 46
3 31 47
0 32 47
1 36 32
1 36 31
0 36 30
2 20 28
0 21 28
3 25 15
2 26 15
2 27 15
5 28 15
0 28 16
0 9 48
1 36 29
1 36 28
1 36 27
1 36 26
5 36 25
2 35 25
0 34 25
1 44 5
1 44 6
1 44 7
1 44 8
3 44 9
0 45 9
1 44 41
6 44 40
2 45 40
2 46 40
2 47 40
2 48 40
0 49 40
1 45 10
1 45 11
0 45 12
6 21 27
2 22 27
2 23 27
0 24 27
1 24 28
3 24 29
0 25 29
2 4 6
0 3 6
0 36 25
1 31 15
3 31 16
5 32 16
3 32 17
0 33 17
1 28 6
1 28 5
6 28 4
2 29 4
0 30 4
1 36 24
1 36 23
6 36 22
4 37 22
6 37 21
2 38 21
0 39 21
4 37 30
6 37 29
2 38 29
2 39 29
2 40 29
2 41 29
4 42 29
6 42 28
0 43 28
3 29 36
2 30 36
0 31 36
1 31 37
0 31 38
5 3 17
2 2 17
2 1 17
0 0 17
2 3 26
0 2 26
1 45 13
1 45 14
1 45 15
4 45 16
0 44 16
3 39 11
5 39 10
2 38 10
3 37 10
0 37 9
4 39 36
6 39 35
2 40 35
0 41 35
4 25 8
2 24 8
2 23 8
3 22 8
0 22 7
-1
-1
-1
-1
-1
-1
-1
-1
-1
-1
-1
-1
-1
-1
-1
-1
-1
-1
-1
-1
-1
-1
-1
-1
-1
-1
-1
-1
-1
-1
-1
-1
-1
-1
-1
-1
-1
-1
-1
-1
-1
-1
-1
-1
-1
-1
-1
-1
-1
-1
-1
-1
-1
-1
-1
-1
-1
-1
-1
-1
-1
-1
-1
-1
-1
-1
-1
-1
-1
-1
-1
-1
-1
-1
-1
-1
-1
-1
-1
-1
-1
-1
-1
-1
-1
-1
-1
-1
-1
-1
-1
-1
-1
-1
-1
-1
-1
-1
-1
-1
-1
-1
-1
-1
-1
-1
-1
-1
-1
-1
-1
-1
-1
-1
-1
-1
-1
-1
-1
-1
-1
-1
-1
-1
-1
-1
-1
-1
-1
-1
-1
-1
-1
-1
-1
-1
-1
-1
-1
-1
-1
-1
-1
-1
-1
-1
-1
-1
-1
-1
-1
-1
-1
-1
-1
-1
-1
-1
-1
-1
-1
-1
-1
-1
-1
-1
-1
-1
-1
-1
-1
-1
-1
-1
-1
-1
-1
-1
-1
-1
-1
-1
-1
-1
-1
-1
-1
-1
-1
-1
-1
