0 7 24
6 7 23
2 8 23
4 9 23
1 9 22
1 9 21
1 9 20
1 9 19
6 9 18
2 10 18
4 11 18
1 11 17
1 11 16
1 11 15
1 11 14
1 11 13
6 11 12
2 12 12
2 13 12
2 14 12
2 15 12
2 16 12
2 17 12
2 18 12
2 19 12
2 20 12
2 21 12
4 22 12
1 22 11
1 22 10
1 22 9
1 22 8
1 22 7
1 22 6
6 22 5
2 23 5
2 24 5
2 25 5
2 26 5
2 27 5
2 28 5
2 29 5
0 30 5
1 30 4
1 30 3
6 30 2
2 31 2
2 32 2
2 33 2
2 34 2
2 35 2
2 36 2
2 37 2
0 38 2
1 7 25
1 7 26
1 7 27
1 7 28
1 7 29
1 7 30
1 7 31
1 7 32
4 7 33
2 6 33
2 5 33
2 4 33
6 3 33
1 3 34
1 3 35
1 3 36
-1
-1
-1
-1
-1
-1
-1
-1
-1
-1
-1
-1
-1
-1
-1
-1
-1
-1
-1
-1
-1
-1
-1
-1
-1
-1
-1
-1
-1
0 3 37
2 39 2
2 40 2
2 41 2
5 42 2
1 42 3
1 42 4
1 42 5
1 42 6
1 42 7
1 42 8
-1
-1
-1
-1
-1
-1
-1
-1
-1
-1
-1
-1
-1
-1
-1
-1
-1
-1
-1
0 42 9
2 4 37
2 5 37
2 6 37
2 7 37
2 8 37
2 9 37
2 10 37
2 11 37
2 12 37
2 13 37
2 14 37
2 15 37
2 16 37
2 17 37
2 18 37
2 19 37
2 20 37
5 21 37
1 21 38
3 21 39
2 22 39
2 23 39
2 24 39
2 25 39
2 26 39
5 27 39
1 27 40
3 27 41
2 28 41
2 29 41
2 30 41
2 31 41
0 32 41
3 6 24
5 6 23
2 5 23
2 4 23
3 3 23
1 3 22
1 3 21
1 3 20
1 3 19
1 3 18
1 3 17
5 3 16
3 2 16
1 2 15
5 2 14
-1
-1
0 1 14
1 42 10
1 42 11
1 42 12
4 42 13
-1
-1
-1
-1
-1
-1
-1
-1
0 41 13
5 8 24
3 8 25
-1
-1
-1
-1
-1
-1
-1
-1
0 9 25
1 1 13
1 1 12
1 1 11
1 1 10
1 1 9
1 1 8
1 1 7
6 1 6
-1
0 2 6
3 32 42
2 33 42
2 34 42
2 35 42
5 36 42
1 36 43
1 36 44
3 36 45
-1
0 37 45
-1
-1
-1
-1
-1
-1
0 11 14
4 43 9
1 43 8
1 43 7
6 43 6
2 44 6
2 45 6
2 46 6
2 47 6
0 48 6
2 10 14
2 9 14
3 8 14
1 8 13
5 8 12
2 7 12
0 6 12
1 9 26
3 9 27
2 10 27
2 11 27
2 12 27
2 13 27
0 14 27
1 37 46
4 37 47
2 36 47
2 35 47
2 34 47
2 33 47
0 32 47
2 41 9
2 40 9
-1
0 39 9
1 14 28
1 14 29
1 14 30
1 14 31
1 14 32
4 14 33
2 13 33
2 12 33
2 11 33
0 10 33
0 27 39
2 38 9
-1
-1
-1
0 37 9
1 27 38
1 27 37
1 27 36
1 27 35
1 27 34
0 27 33
1 30 6
1 30 7
3 30 8
2 31 8
0 32 8
2 31 47
2 30 47
2 29 47
2 28 47
2 27 47
2 26 47
0 25 47
0 15 12
1 15 11
1 15 10
1 15 9
5 15 8
3 14 8
1 14 7
1 14 6
0 14 5
5 25 46
2 24 46
0 23 46
0 3 21
1 14 4
1 14 3
6 14 2
0 15 2
1 32 40
1 32 39
1 32 38
0 32 37
0 35 2
1 32 36
1 32 35
1 32 34
1 32 33
1 32 32
0 32 31
0 3 33
2 33 31
2 34 31
2 35 31
2 36 31
0 37 31
1 3 38
1 3 39
1 3 40
3 3 41
2 4 41
2 5 41
2 6 41
0 7 41
0 42 2
0 11 17
0 14 33
6 14 26
2 15 26
2 16 26
2 17 26
2 18 26
2 19 26
0 20 26
0 42 7
0 14 8
0 32 48
0 22 12
1 20 25
1 20 24
1 20 23
6 20 22
2 21 22
2 22 22
2 23 22
0 24 22
0 21 37
0 36 42
0 20 22
1 24 21
1 24 20
1 24 19
1 24 18
0 24 17
0 25 5
0 9 20
0 30 6
0 35 1
0 8 14
2 23 17
2 22 17
2 21 17
0 20 17
3 37 32
2 38 32
2 39 32
2 40 32
2 41 32
2 42 32
0 43 32
1 43 33
1 43 34
0 43 35
1 43 36
0 43 37
0 21 36
1 43 31
1 43 30
1 43 29
1 43 28
1 43 27
1 43 26
1 43 25
1 43 24
5 43 23
0 42 23
0 27 40
6 42 22
2 43 22
0 44 22
0 22 7
0 10 27
0 3 23
1 44 21
1 44 20
6 44 19
0 45 19
1 20 21
5 20 20
2 19 20
2 18 20
0 17 20
2 44 37
2 45 37
0 46 37
1 17 21
4 17 22
2 16 22
2 15 22
0 14 22
0 1 10
1 6 11
6 6 10
0 7 10
0 37 47
1 32 9
1 32 10
4 32 11
0 31 11
1 43 38
1 43 39
1 43 40
1 43 41
1 43 42
0 43 43
2 21 7
2 20 7
0 19 7
1 27 32
0 27 31
1 15 1
6 15 0
2 16 0
2 17 0
2 18 0
0 19 0
2 13 8
2 12 8
0 11 8
2 21 26
2 22 26
2 23 26
0 24 26
3 22 13
2 23 13
2 24 13
2 25 13
2 26 13
0 27 13
0 2 16
1 41 14
1 41 15
4 41 16
2 40 16
2 39 16
0 38 16
4 25 22
6 25 21
2 26 21
2 27 21
2 28 21
0 29 21
1 2 5
1 2 4
1 2 3
6 2 2
2 3 2
2 4 2
0 5 2
-1
-1
-1
-1
-1
-1
-1
-1
-1
-1
-1
-1
-1
-1
-1
-1
-1
-1
-1
-1
-1
-1
-1
-1
-1
-1
-1
-1
-1
-1
-1
-1
-1
-1
-1
-1
-1
-1
-1
-1
-1
-1
-1
-1
-1
-1
-1
-1
-1
-1
-1
-1
-1
-1
-1
-1
-1
-1
-1
-1
-1
-1
-1
-1
-1
-1
-1
-1
-1
-1
-1
-1
-1
-1
-1
-1
-1
-1
-1
-1
-1
-1
-1
-1
-1
-1
-1
-1
-1
-1
-1
-1
-1
-1
-1
-1
-1
-1
-1
-1
-1
-1
-1
-1
-1
-1
-1
-1
-1
-1
-1
-1
-1
-1
-1
-1
-1
-1
-1
-1
-1
-1
-1
-1
-1
-1
-1
-1
-1
-1
-1
-1
-1
-1
-1
-1
-1
-1
-1
-1
-1
-1
-1
-1
-1
-1
-1
-1
-1
-1
-1
-1
-1
-1
-1
-1
-1
-1
-1
-1
-1
-1
-1
-1
-1
-1
-1
-1
-1
-1
-1
-1
-1
-1
-1
-1
-1
-1
-1
-1
-1
-1
-1
-1
-1
-1
-1
-1
-1
-1
-1
-1
-1
-1
-1
-1
-1
-1
-1
-1
-1
-1
-1
-1
-1
-1
-1
-1
-1
-1
-1
-1
-1
-1
-1
-1
-1
-1
-1
-1
-1
-1
-1
-1
-1
-1
-1
-1
-1
-1
-1
-1
-1
-1
-1
-1
-1
-1
-1
-1
-1
-1
-1
-1
-1
-1
-1
-1
-1
-1
-1
-1
-1
-1
-1
-1
-1
-1
-1
-1
-1
-1
-1
-1
-1
-1
-1
-1
-1
-1
-1
-1
-1
-1
-1
-1
-1
-1
-1
-1
-1
-1
-1
-1
-1
-1
-1
-1
-1
-1
-1
-1
-1
-1
-1
-1
-1
-1
-1
-1
-1
-1
-1
-1
-1
-1
-1
-1
-1
-1
-1
-1
-1
