0 21 20
1 21 21
1 21 22
1 21 23
1 21 24
1 21 25
3 21 26
2 22 26
2 23 26
5 24 26
3 24 27
2 25 27
2 26 27
2 27 27
2 28 27
2 29 27
2 30 27
2 31 27
2 32 27
2 33 27
2 34 27
5 35 27
1 35 28
1 35 29
1 35 30
1 35 31
1 35 32
0 35 33
1 21 19
1 21 18
5 21 17
2 20 17
2 19 17
2 18 17
2 17 17
2 16 17
3 15 17
1 15 16
5 15 15
2 14 15
2 13 15
3 12 15
1 12 14
1 12 13
1 12 12
1 12 11
1 12 10
1 12 9
1 12 8
5 12 7
2 11 7
3 10 7
1 10 6
1 10 5
5 10 4
2 9 4
-1
-1
-1
-1
-1
-1
-1
-1
-1
-1
-1
-1
-1
-1
-1
-1
-1
-1
-1
0 8 4
1 35 34
1 35 35
3 35 36
2 36 36
2 37 36
2 38 36
2 39 36
-1
-1
-1
-1
-1
-1
-1
-1
-1
-1
-1
-1
-1
-1
-1
-1
-1
-1
-1
-1
-1
-1
-1
-1
-1
-1
-1
-1
-1
-1
-1
-1
0 40 36
2 7 4
2 6 4
2 5 4
2 4 4
2 3 4
2 2 4
-1
-1
-1
-1
-1
-1
-1
-1
-1
-1
-1
-1
-1
-1
-1
-1
-1
-1
-1
-1
-1
-1
-1
-1
-1
-1
-1
-1
-1
-1
-1
-1
0 1 4
6 34 33
1 34 34
1 34 35
1 34 36
1 34 37
4 34 38
2 33 38
6 32 38
4 32 39
6 31 39
1 31 40
1 31 41
1 31 42
4 31 43
2 30 43
6 29 43
1 29 44
1 29 45
1 29 46
1 29 47
4 29 48
-1
-1
-1
-1
-1
-1
-1
-1
-1
-1
-1
0 28 48
1 1 5
1 1 6
1 1 7
1 1 8
-1
-1
-1
-1
-1
-1
-1
-1
-1
-1
-1
-1
-1
0 1 9
6 20 20
1 20 21
1 20 22
1 20 23
1 20 24
4 20 25
-1
-1
-1
-1
-1
-1
-1
-1
0 19 25
4 22 20
6 22 19
2 23 19
4 24 19
1 24 18
1 24 17
6 24 16
2 25 16
4 26 16
6 26 15
2 27 15
2 28 15
2 29 15
-1
0 30 15
6 18 25
4 18 26
2 17 26
2 16 26
2 15 26
2 14 26
2 13 26
2 12 26
2 11 26
2 10 26
2 9 26
-1
0 8 26
2 31 15
2 32 15
2 33 15
2 34 15
2 35 15
2 36 15
2 37 15
2 38 15
2 39 15
2 40 15
2 41 15
2 42 15
2 43 15
0 44 15
1 40 37
1 40 38
3 40 39
2 41 39
2 42 39
2 43 39
2 44 39
0 45 39
1 45 38
1 45 37
1 45 36
1 45 35
1 45 34
1 45 33
1 45 32
0 45 31
1 8 25
6 8 24
2 9 24
2 10 24
2 11 24
4 12 24
1 12 23
1 12 22
0 12 21
2 45 15
2 46 15
2 47 15
5 48 15
1 48 16
1 48 17
1 48 18
1 48 19
0 48 20
-1
-1
-1
0 22 26
1 19 26
1 19 27
1 19 28
1 19 29
1 19 30
1 19 31
1 19 32
1 19 33
4 19 34
0 18 34
1 45 30
1 45 29
6 45 28
0 46 28
5 18 33
2 17 33
2 16 33
2 15 33
2 14 33
2 13 33
0 12 33
1 30 14
5 30 13
0 29 13
2 27 48
2 26 48
3 25 48
5 25 47
2 24 47
2 23 47
2 22 47
2 21 47
0 20 47
0 24 26
2 2 9
2 3 9
2 4 9
2 5 9
0 6 9
1 44 14
5 44 13
2 43 13
0 42 13
1 24 25
1 24 24
1 24 23
0 24 22
1 45 40
1 45 41
1 45 42
1 45 43
3 45 44
2 46 44
5 47 44
1 47 45
1 47 46
0 47 47
0 48 15
0 25 48
3 18 35
2 19 35
2 20 35
2 21 35
2 22 35
2 23 35
2 24 35
0 25 35
0 10 7
6 29 12
2 30 12
2 31 12
2 32 12
2 33 12
2 34 12
0 35 12
0 29 45
2 46 31
5 47 31
1 47 32
0 47 33
0 20 22
3 28 13
1 28 12
1 28 11
1 28 10
0 28 9
4 36 33
6 36 32
0 37 32
0 15 17
2 46 47
2 45 47
0 44 47
2 43 47
2 42 47
2 41 47
2 40 47
0 39 47
0 35 27
1 48 14
1 48 13
1 48 12
5 48 11
0 47 11
1 25 36
1 25 37
1 25 38
4 25 39
0 24 39
1 12 34
1 12 35
1 12 36
4 12 37
2 11 37
2 10 37
2 9 37
2 8 37
2 7 37
0 6 37
0 47 44
0 31 39
0 43 39
2 5 37
2 4 37
2 3 37
2 2 37
0 1 37
0 12 11
6 35 26
2 36 26
0 37 26
1 22 27
4 22 28
0 21 28
0 18 25
1 1 36
1 1 35
1 1 34
5 1 33
0 0 33
1 30 16
1 30 17
1 30 18
3 30 19
0 31 19
2 27 9
2 26 9
0 25 9
1 31 20
0 31 21
1 43 40
4 43 41
2 42 41
0 41 41
5 46 27
2 45 27
2 44 27
0 43 27
1 39 46
5 39 45
0 38 45
0 12 15
1 25 34
1 25 33
0 25 32
2 11 15
2 10 15
2 9 15
2 8 15
0 7 15
0 26 16
0 48 21
1 6 38
1 6 39
1 6 40
1 6 41
3 6 42
2 7 42
2 8 42
2 9 42
2 10 42
2 11 42
0 12 42
0 47 31
0 12 24
0 29 43
2 6 15
2 5 15
2 4 15
2 3 15
2 2 15
2 1 15
0 0 15
-1
-1
-1
-1
-1
-1
-1
-1
-1
-1
-1
-1
-1
-1
-1
-1
-1
-1
-1
-1
-1
-1
-1
-1
-1
-1
-1
-1
-1
-1
-1
-1
-1
-1
-1
-1
-1
-1
-1
-1
-1
-1
-1
-1
-1
-1
-1
-1
-1
-1
-1
-1
-1
-1
-1
-1
-1
-1
-1
-1
-1
-1
-1
-1
-1
-1
-1
-1
-1
-1
-1
-1
-1
-1
-1
-1
-1
-1
-1
-1
-1
-1
-1
-1
-1
-1
-1
-1
-1
-1
-1
-1
-1
-1
-1
-1
-1
-1
-1
-1
-1
-1
-1
-1
-1
-1
-1
-1
-1
-1
-1
-1
-1
-1
-1
-1
-1
-1
-1
-1
-1
-1
-1
-1
-1
-1
-1
-1
-1
-1
-1
-1
-1
-1
-1
-1
-1
-1
-1
-1
-1
-1
-1
-1
-1
-1
-1
-1
-1
-1
-1
-1
-1
-1
-1
-1
-1
-1
-1
-1
-1
-1
-1
-1
-1
-1
-1
-1
-1
-1
-1
-1
-1
-1
-1
-1
-1
-1
-1
-1
-1
-1
-1
-1
-1
-1
-1
-1
-1
-1
-1
-1
-1
-1
-1
-1
-1
-1
-1
-1
-1
-1
-1
-1
-1
-1
-1
-1
-1
-1
-1
-1
-1
-1
-1
-1
-1
-1
-1
-1
-1
-1
-1
-1
-1
-1
-1
-1
-1
-1
-1
-1
-1
-1
-1
-1
-1
-1
-1
-1
-1
-1
-1
-1
-1
-1
-1
-1
-1
-1
-1
-1
-1
-1
-1
-1
-1
-1
-1
-1
-1
-1
-1
-1
-1
-1
-1
-1
-1
-1
-1
-1
-1
-1
-1
-1
-1
-1
-1
-1
-1
-1
-1
-1
-1
-1
-1
-1
-1
-1
-1
-1
-1
-1
-1
-1
-1
-1
-1
-1
-1
-1
-1
-1
-1
-1
