0 6 19
2 7 19
2 8 19
2 9 19
2 10 19
2 11 19
5 12 19
1 12 20
3 12 21
2 13 21
2 14 21
2 15 21
2 16 21
5 17 21
1 17 22
3 17 23
2 18 23
2 19 23
2 20 23
2 21 23
2 22 23
2 23 23
2 24 23
2 25 23
2 26 23
2 27 23
2 28 23
2 29 23
0 30 23
1 30 24
1 30 25
1 30 26
1 30 27
1 30 28
1 30 29
1 30 30
3 30 31
5 31 31
1 31 32
1 31 33
1 31 34
1 31 35
1 31 36
1 31 37
1 31 38
3 31 39
-1
-1
-1
-1
-1
-1
-1
-1
-1
-1
-1
-1
-1
-1
-1
-1
-1
0 32 39
1 6 18
1 6 17
1 6 16
1 6 15
1 6 14
1 6 13
1 6 12
1 6 11
1 6 10
1 6 9
-1
-1
-1
-1
-1
-1
-1
-1
-1
-1
-1
-1
-1
-1
-1
-1
-1
-1
-1
-1
-1
-1
-1
-1
-1
-1
-1
-1
-1
-1
-1
-1
-1
-1
-1
-1
-1
-1
-1
-1
-1
-1
-1
-1
-1
-1
-1
0 6 8
6 32 38
2 33 38
2 34 38
2 35 38
2 36 38
2 37 38
2 38 38
2 39 38
2 40 38
2 41 38
2 42 38
2 43 38
2 44 38
-1
-1
-1
-1
-1
-1
-1
-1
-1
-1
-1
-1
-1
-1
-1
-1
-1
-1
-1
-1
-1
-1
-1
-1
0 45 38
1 6 20
1 6 21
1 6 22
1 6 23
1 6 24
3 6 25
2 7 25
2 8 25
-1
-1
-1
-1
-1
-1
-1
-1
-1
-1
-1
-1
-1
-1
-1
-1
0 9 25
2 7 8
2 8 8
2 9 8
5 10 8
1 10 9
3 10 10
2 11 10
2 12 10
2 13 10
-1
-1
-1
-1
-1
-1
-1
-1
0 14 10
4 32 40
2 31 40
2 30 40
2 29 40
6 28 40
1 28 41
1 28 42
1 28 43
4 28 44
2 27 44
2 26 44
2 25 44
2 24 44
2 23 44
2 22 44
-1
0 21 44
1 21 43
1 21 42
1 21 41
1 21 40
1 21 39
1 21 38
6 21 37
4 22 37
6 22 36
2 23 36
2 24 36
4 25 36
1 25 35
1 25 34
0 25 33
4 9 26
2 8 26
2 7 26
2 6 26
2 5 26
2 4 26
2 3 26
2 2 26
-1
-1
0 1 26
1 30 22
1 30 21
1 30 20
1 30 19
5 30 18
2 29 18
-1
-1
-1
0 28 18
5 33 39
1 33 40
1 33 41
1 33 42
1 33 43
1 33 44
1 33 45
1 33 46
4 33 47
0 32 47
-1
-1
-1
-1
-1
0 41 38
6 5 19
1 5 20
1 5 21
-1
-1
-1
0 5 22
1 45 39
1 45 40
1 45 41
1 45 42
1 45 43
1 45 44
1 45 45
1 45 46
1 45 47
0 45 48
2 31 23
2 32 23
4 33 23
1 33 22
1 33 21
1 33 20
6 33 19
0 34 19
0 6 16
4 21 45
2 20 45
6 19 45
1 19 46
4 19 47
0 18 47
1 34 18
6 34 17
2 35 17
2 36 17
4 37 17
6 37 16
2 38 16
0 39 16
1 25 32
1 25 31
1 25 30
5 25 29
0 24 29
1 6 7
1 6 6
1 6 5
5 6 4
0 5 4
0 25 35
2 5 16
2 4 16
2 3 16
2 2 16
0 1 16
1 14 9
1 14 8
1 14 7
0 14 6
-1
-1
-1
0 10 8
-1
-1
0 33 45
1 45 37
1 45 36
1 45 35
1 45 34
5 45 33
2 44 33
0 43 33
2 15 10
2 16 10
2 17 10
2 18 10
2 19 10
0 20 10
0 9 26
0 9 19
2 34 45
2 35 45
2 36 45
2 37 45
0 38 45
1 20 11
1 20 12
1 20 13
4 20 14
2 19 14
0 18 14
0 33 23
2 34 23
2 35 23
2 36 23
2 37 23
0 38 23
0 28 40
0 17 21
4 24 30
0 23 30
1 14 11
4 14 12
0 13 12
1 38 46
1 38 47
0 38 48
1 43 32
6 43 31
0 44 31
0 27 23
1 44 30
1 44 29
1 44 28
6 44 27
2 45 27
0 46 27
0 12 19
0 1 25
1 39 15
0 39 14
4 39 48
6 39 47
0 40 47
1 46 26
1 46 25
1 46 24
0 46 23
0 25 36
1 9 27
1 9 28
0 9 29
2 4 4
0 3 4
2 12 12
2 11 12
0 10 12
0 31 31
5 32 31
1 32 32
1 32 33
3 32 34
0 33 34
0 28 17
1 20 9
1 20 8
0 20 7
0 10 13
1 18 15
3 18 16
2 19 16
0 20 16
2 22 30
2 21 30
0 20 30
6 20 6
2 21 6
2 22 6
2 23 6
2 24 6
0 25 6
3 45 49
2 46 49
0 47 49
1 25 5
0 25 4
0 19 45
1 19 44
5 19 43
2 18 43
2 17 43
2 16 43
2 15 43
2 14 43
0 13 43
2 12 43
2 11 43
2 10 43
2 9 43
2 8 43
0 7 43
1 20 31
0 20 32
1 7 42
1 7 41
5 7 40
2 6 40
0 5 40
1 39 13
1 39 12
1 39 11
1 39 10
0 39 9
1 7 44
1 7 45
4 7 46
2 6 46
2 5 46
2 4 46
2 3 46
2 2 46
2 1 46
0 0 46
1 14 5
1 14 4
1 14 3
1 14 2
5 14 1
0 13 1
0 30 28
5 10 26
3 10 27
2 11 27
2 12 27
0 13 27
5 21 10
1 21 11
3 21 12
5 22 12
0 22 13
0 45 34
1 13 28
1 13 29
1 13 30
1 13 31
1 13 32
1 13 33
0 13 34
4 32 48
2 31 48
2 30 48
2 29 48
2 28 48
0 27 48
1 13 42
1 13 41
5 13 40
0 12 40
5 40 9
1 40 10
3 40 11
2 41 11
2 42 11
2 43 11
2 44 11
0 45 11
1 33 35
3 33 36
2 34 36
2 35 36
0 36 36
1 41 39
3 41 40
0 42 40
1 45 12
1 45 13
1 45 14
3 45 15
0 46 15
1 20 29
1 20 28
1 20 27
6 20 26
0 21 26
1 28 16
1 28 15
1 28 14
6 28 13
2 29 13
2 30 13
2 31 13
0 32 13
-1
-1
-1
-1
-1
-1
-1
-1
-1
-1
-1
-1
-1
-1
-1
-1
-1
-1
-1
-1
-1
-1
-1
-1
-1
-1
-1
-1
-1
-1
-1
-1
-1
-1
-1
-1
-1
-1
-1
-1
-1
-1
-1
-1
-1
-1
-1
-1
-1
-1
-1
-1
-1
-1
-1
-1
-1
-1
-1
-1
-1
-1
-1
-1
-1
-1
-1
-1
-1
-1
-1
-1
-1
-1
-1
-1
-1
-1
-1
-1
-1
-1
-1
-1
-1
-1
-1
-1
-1
-1
-1
-1
-1
-1
-1
-1
-1
-1
-1
-1
-1
-1
-1
-1
-1
-1
-1
-1
-1
-1
-1
-1
-1
-1
-1
-1
-1
-1
-1
-1
-1
-1
-1
-1
-1
-1
-1
-1
-1
-1
-1
-1
-1
-1
-1
-1
-1
-1
-1
-1
-1
-1
-1
-1
-1
-1
-1
-1
-1
-1
-1
-1
-1
-1
-1
-1
-1
-1
-1
-1
-1
-1
-1
-1
-1
-1
-1
-1
-1
-1
-1
-1
-1
-1
-1
-1
-1
-1
-1
-1
-1
-1
-1
-1
-1
-1
-1
-1
-1
-1
-1
-1
-1
-1
-1
-1
-1
-1
-1
-1
-1
-1
-1
-1
-1
-1
-1
-1
-1
-1
-1
-1
-1
-1
-1
-1
-1
-1
-1
-1
-1
-1
-1
-1
-1
-1
-1
-1
-1
-1
-1
-1
-1
-1
-1
-1
-1
-1
-1
-1
-1
-1
-1
-1
-1
-1
-1
-1
-1
-1
-1
-1
-1
-1
