0 29 43
2 30 43
2 31 43
2 32 43
2 33 43
2 34 43
2 35 43
2 36 43
2 37 43
4 38 43
1 38 42
1 38 41
1 38 40
1 38 39
1 38 38
6 38 37
2 39 37
2 40 37
2 41 37
2 42 37
2 43 37
2 44 37
0 45 37
3 45 38
2 46 38
2 47 38
5 48 38
0 48 39
2 28 43
3 27 43
1 27 42
1 27 41
1 27 40
5 27 39
3 26 39
1 26 38
1 26 37
1 26 36
1 26 35
1 26 34
1 26 33
1 26 32
1 26 31
1 26 30
1 26 29
1 26 28
5 26 27
2 25 27
2 24 27
2 23 27
2 22 27
2 21 27
2 20 27
2 19 27
2 18 27
2 17 27
2 16 27
2 15 27
2 14 27
2 13 27
3 12 27
-1
-1
-1
-1
0 12 26
1 12 25
1 12 24
1 12 23
1 12 22
1 12 21
1 12 20
1 12 19
1 12 18
1 12 17
-1
-1
0 12 16
1 48 40
1 48 41
4 48 42
2 47 42
2 46 42
-1
-1
0 45 42
2 13 26
4 14 26
1 14 25
6 14 24
2 15 24
2 16 24
2 17 24
0 18 24
2 19 24
2 20 24
2 21 24
2 22 24
0 23 24
2 44 42
0 43 42
1 43 43
1 43 44
1 43 45
0 43 46
5 13 16
1 13 17
3 13 18
5 14 18
0 14 19
1 23 23
6 23 22
2 24 22
4 25 22
6 25 21
0 26 21
0 38 43
1 18 23
0 18 22
0 26 27
0 42 37
1 29 44
1 29 45
1 29 46
0 29 47
0 26 31
2 27 27
2 28 27
4 29 27
1 29 26
1 29 25
0 29 24
0 26 39
0 30 47
0 29 27
1 26 20
1 26 19
6 26 18
2 27 18
2 28 18
0 29 18
0 38 39
1 45 36
6 45 35
0 46 35
0 14 27
2 31 47
0 32 47
0 20 27
0 14 20
0 47 42
0 26 18
1 29 28
1 29 29
3 29 30
2 30 30
0 31 30
1 31 31
1 31 32
0 31 33
2 28 47
2 27 47
0 26 47
2 25 47
2 24 47
0 23 47
0 48 40
0 36 43
2 32 33
2 33 33
0 34 33
0 23 27
0 35 33
3 25 18
1 25 17
0 25 16
0 27 43
0 38 40
2 26 43
0 25 43
0 31 43
2 30 27
2 31 27
2 32 27
2 33 27
0 34 27
1 43 41
0 43 40
0 35 27
1 29 17
1 29 16
1 29 15
1 29 14
1 29 13
1 29 12
0 29 11
0 48 38
2 30 11
0 31 11
0 43 47
0 31 10
2 32 10
2 33 10
2 34 10
0 35 10
0 43 48
0 30 18
0 15 24
2 37 40
2 36 40
2 35 40
0 34 40
2 11 26
2 10 26
0 9 26
2 30 24
0 31 24
1 38 44
1 38 45
0 38 46
1 25 15
0 25 14
1 20 28
0 20 29
1 47 43
1 47 44
0 47 45
0 26 35
0 12 27
0 9 25
3 47 46
0 48 46
0 26 30
1 35 11
1 35 12
3 35 13
0 36 13
0 31 23
2 37 13
0 38 13
1 34 39
5 34 38
2 33 38
2 32 38
0 31 38
0 33 47
1 9 24
1 9 23
0 9 22
1 38 47
0 38 48
1 20 30
0 20 31
0 25 13
2 24 43
2 23 43
0 22 43
1 42 36
0 42 35
1 29 10
0 29 9
2 28 9
2 27 9
0 26 9
0 26 8
2 19 31
2 18 31
2 17 31
0 16 31
0 29 42
0 23 23
0 15 31
1 31 9
1 31 8
1 31 7
0 31 6
0 31 5
2 36 33
0 37 33
0 38 33
0 30 33
6 18 21
2 19 21
0 20 21
0 28 47
0 38 14
1 38 32
1 38 31
0 38 30
0 47 35
2 25 35
2 24 35
0 23 35
0 31 12
2 32 5
2 33 5
2 34 5
0 35 5
0 32 30
0 22 35
0 35 4
6 31 22
2 32 22
2 33 22
0 34 22
2 24 13
2 23 13
2 22 13
2 21 13
0 20 13
2 22 47
0 21 47
2 20 47
2 19 47
0 18 47
2 36 4
2 37 4
2 38 4
0 39 4
2 40 4
0 41 4
2 42 4
0 43 4
0 17 47
5 31 4
0 30 4
0 12 23
2 39 30
2 40 30
0 41 30
0 44 4
1 30 3
0 30 2
2 29 2
2 28 2
2 27 2
2 26 2
0 25 2
1 20 14
0 20 15
0 42 30
2 36 27
2 37 27
0 38 27
1 9 21
0 9 20
0 22 36
1 20 20
0 20 19
0 25 17
1 38 26
0 38 25
1 38 24
6 38 23
2 39 23
2 40 23
0 41 23
2 42 23
2 43 23
2 44 23
2 45 23
4 46 23
0 46 22
1 46 21
1 46 20
0 46 19
1 46 18
0 46 17
2 47 19
2 48 19
0 49 19
2 39 43
0 40 43
1 39 3
1 39 2
0 39 1
2 21 36
2 20 36
0 19 36
2 18 36
2 17 36
0 16 36
2 30 38
3 29 38
0 29 37
1 21 48
0 21 49
0 36 14
2 15 36
0 14 36
0 27 30
1 12 15
0 12 14
1 14 37
1 14 38
1 14 39
0 14 40
0 34 38
1 16 30
0 16 29
1 46 16
1 46 15
0 46 14
2 35 22
0 36 22
0 13 36
2 25 39
0 24 39
2 19 15
2 18 15
0 17 15
2 21 43
2 20 43
0 19 43
0 41 37
0 47 22
0 33 46
0 34 21
0 42 34
1 46 34
0 46 33
2 24 2
0 23 2
0 9 27
0 25 1
2 31 2
0 32 2
2 25 8
2 24 8
0 23 8
0 26 26
0 40 44
0 21 31
2 8 27
0 7 27
2 6 27
0 5 27
1 36 21
1 36 20
0 36 19
0 16 15
1 29 48
0 29 49
1 16 14
1 16 13
1 16 12
0 16 11
1 5 26
0 5 25
1 44 3
1 44 2
0 44 1
1 16 10
1 16 9
0 16 8
1 44 5
0 44 6
2 21 19
0 22 19
0 29 33
0 37 19
0 42 23
2 16 47
2 15 47
0 14 47
0 30 1
3 39 5
0 40 5
1 40 6
1 40 7
1 40 8
0 40 9
1 9 19
5 9 18
2 8 18
0 7 18
0 6 18
1 6 17
1 6 16
5 6 15
0 5 15
2 4 15
2 3 15
2 2 15
3 1 15
0 1 14
6 30 17
2 31 17
0 32 17
0 33 17
1 19 37
1 19 38
0 19 39
5 14 46
2 13 46
2 12 46
0 11 46
0 11 45
0 19 40
0 34 46
0 40 10
1 11 44
0 11 43
5 5 24
2 4 24
2 3 24
0 2 24
1 2 23
0 2 22
0 2 21
2 15 8
0 14 8
1 14 7
1 14 6
5 14 5
0 13 5
2 38 1
0 37 1
1 42 24
0 42 25
0 47 23
2 38 19
2 39 19
0 40 19
1 40 18
0 40 17
0 35 6
1 5 14
1 5 13
1 5 12
0 5 11
2 14 31
2 13 31
2 12 31
0 11 31
0 39 48
6 16 7
2 17 7
0 18 7
0 18 6
2 45 1
0 46 1
2 22 2
2 21 2
0 20 2
2 41 10
2 42 10
0 43 10
0 23 39
6 10 31
1 10 32
4 10 33
2 9 33
0 8 33
0 48 47
0 30 19
0 33 2
0 23 28
1 37 34
1 37 35
0 37 36
1 47 24
1 47 25
1 47 26
3 47 27
0 48 27
1 5 28
4 5 29
0 4 29
0 46 32
6 20 12
0 21 12
1 19 35
5 19 34
0 18 34
2 47 14
0 48 14
1 14 41
3 14 42
2 15 42
0 16 42
0 37 30
2 3 29
0 2 29
6 45 19
0 45 20
2 47 32
0 48 32
0 41 17
0 25 44
3 10 43
5 10 42
2 9 42
0 8 42
1 31 13
0 31 14
0 23 48
0 33 48
1 5 10
0 5 9
0 13 40
2 4 9
0 3 9
1 44 7
3 44 8
2 45 8
2 46 8
2 47 8
0 48 8
4 2 30
0 1 30
2 6 11
2 7 11
2 8 11
0 9 11
1 5 8
1 5 7
6 5 6
2 6 6
0 7 6
4 13 37
2 12 37
0 11 37
0 9 10
0 27 8
1 13 4
1 13 3
0 13 2
0 14 2
5 3 8
2 2 8
0 1 8
0 8 6
2 47 1
2 48 1
0 49 1
3 43 49
0 44 49
1 7 5
1 7 4
5 7 3
0 6 3
3 31 34
0 32 34
0 20 26
2 1 24
0 0 24
1 1 31
1 1 32
1 1 33
0 1 34
1 1 35
1 1 36
0 1 37
1 1 38
3 1 39
0 2 39
1 2 40
1 2 41
1 2 42
0 2 43
-1
-1
-1
-1
-1
-1
-1
-1
-1
-1
-1
-1
-1
-1
-1
-1
-1
-1
-1
-1
-1
-1
-1
-1
-1
-1
-1
-1
-1
-1
-1
-1
-1
-1
-1
-1
-1
-1
-1
-1
-1
-1
-1
-1
-1
-1
-1
-1
-1
-1
-1
-1
-1
-1
-1
-1
-1
-1
-1
-1
-1
-1
-1
-1
-1
-1
-1
-1
-1
-1
-1
-1
-1
-1
-1
-1
-1
-1
-1
-1
-1
-1
-1
-1
-1
-1
-1
-1
-1
-1
-1
-1
-1
-1
-1
-1
-1
-1
-1
-1
-1
-1
-1
-1
-1
-1
-1
-1
-1
-1
-1
-1
-1
-1
-1
-1
-1
-1
-1
-1
-1
-1
-1
-1
-1
-1
-1
-1
-1
-1
-1
-1
-1
-1
-1
-1
-1
-1
-1
