0 17 45
2 18 45
2 19 45
2 20 45
2 21 45
2 22 45
2 23 45
2 24 45
4 25 45
1 25 44
1 25 43
1 25 42
1 25 41
1 25 40
1 25 39
6 25 38
2 26 38
2 27 38
2 28 38
4 29 38
1 29 37
1 29 36
1 29 35
1 29 34
1 29 33
1 29 32
1 29 31
1 29 30
1 29 29
1 29 28
1 29 27
1 29 26
1 29 25
1 29 24
1 29 23
1 29 22
1 29 21
1 29 20
1 29 19
1 29 18
1 29 17
1 29 16
1 29 15
1 29 14
1 29 13
1 29 12
1 29 11
1 29 10
1 29 9
1 29 8
0 29 7
5 30 7
1 30 8
3 30 9
2 31 9
2 32 9
-1
-1
-1
-1
-1
-1
-1
-1
-1
-1
-1
-1
-1
-1
-1
-1
-1
-1
-1
-1
-1
-1
-1
-1
-1
-1
0 33 9
2 16 45
2 15 45
2 14 45
2 13 45
3 12 45
1 12 44
1 12 43
5 12 42
2 11 42
-1
-1
-1
-1
-1
-1
-1
-1
-1
-1
-1
-1
-1
-1
-1
-1
-1
0 10 42
1 33 10
3 33 11
2 34 11
2 35 11
5 36 11
1 36 12
1 36 13
3 36 14
2 37 14
2 38 14
2 39 14
2 40 14
2 41 14
2 42 14
2 43 14
2 44 14
2 45 14
2 46 14
2 47 14
-1
0 48 14
1 17 46
1 17 47
4 17 48
2 16 48
2 15 48
-1
-1
-1
-1
-1
-1
0 14 48
2 28 7
2 27 7
2 26 7
3 25 7
5 25 6
2 24 6
2 23 6
2 22 6
2 21 6
2 20 6
2 19 6
2 18 6
2 17 6
2 16 6
2 15 6
2 14 6
2 13 6
2 12 6
2 11 6
2 10 6
2 9 6
2 8 6
2 7 6
2 6 6
0 5 6
0 29 13
5 30 13
1 30 14
1 30 15
3 30 16
2 31 16
2 32 16
2 33 16
2 34 16
0 35 16
1 17 44
1 17 43
1 17 42
5 17 41
0 16 41
3 28 13
5 28 12
2 27 12
2 26 12
2 25 12
-1
0 24 12
1 10 41
1 10 40
6 10 39
-1
-1
0 11 39
1 5 7
1 5 8
1 5 9
1 5 10
3 5 11
5 6 11
0 6 12
-1
-1
-1
0 43 14
1 5 5
6 5 4
2 6 4
2 7 4
0 8 4
1 8 3
6 8 2
4 9 2
6 9 1
2 10 1
2 11 1
2 12 1
0 13 1
0 25 41
5 26 41
3 26 42
2 27 42
2 28 42
0 29 42
1 35 17
1 35 18
1 35 19
1 35 20
0 35 21
5 14 47
2 13 47
2 12 47
0 11 47
1 33 8
1 33 7
6 33 6
2 34 6
2 35 6
0 36 6
0 19 45
2 30 42
2 31 42
2 32 42
0 33 42
3 13 2
2 14 2
2 15 2
2 16 2
2 17 2
0 18 2
5 11 38
2 10 38
0 9 38
1 16 40
0 16 39
0 12 44
1 33 43
3 33 44
0 34 44
6 4 6
1 4 7
4 4 8
2 3 8
0 2 8
0 29 38
0 28 13
1 36 5
5 36 4
2 35 4
0 34 4
0 12 1
3 24 41
1 24 40
1 24 39
5 24 38
3 23 38
0 23 37
0 17 48
0 29 21
1 6 13
1 6 14
1 6 15
1 6 16
1 6 17
0 6 18
2 7 18
2 8 18
2 9 18
2 10 18
2 11 18
0 12 18
1 12 19
0 12 20
3 18 3
2 19 3
0 20 3
0 25 45
0 36 12
0 29 23
0 25 7
2 13 20
2 14 20
2 15 20
0 16 20
2 17 20
2 18 20
0 19 20
1 20 2
1 20 1
6 20 0
0 21 0
0 9 2
0 29 32
0 31 16
1 23 36
6 23 35
0 24 35
0 11 6
2 23 12
2 22 12
0 21 12
0 5 7
0 29 27
0 5 18
4 12 39
1 12 38
1 12 37
1 12 36
1 12 35
0 12 34
5 30 23
0 30 24
1 21 13
0 21 14
1 21 15
0 21 16
1 5 19
1 5 20
1 5 21
4 5 22
2 4 22
0 3 22
6 5 12
4 5 13
0 4 13
1 12 17
1 12 16
1 12 15
1 12 14
0 12 13
5 30 27
3 30 28
2 31 28
2 32 28
2 33 28
2 34 28
2 35 28
0 36 28
0 47 14
5 13 13
1 13 14
3 13 15
0 14 15
1 47 13
1 47 12
1 47 11
0 47 10
3 3 23
2 4 23
2 5 23
2 6 23
0 7 23
2 37 28
2 38 28
2 39 28
0 40 28
0 16 6
1 19 21
1 19 22
3 19 23
2 20 23
0 21 23
1 12 33
5 12 32
0 11 32
4 43 15
2 42 15
2 41 15
0 40 15
1 40 27
0 40 26
1 16 7
1 16 8
0 16 9
2 13 34
0 14 34
1 21 24
1 21 25
1 21 26
1 21 27
1 21 28
0 21 29
5 41 26
3 41 27
2 42 27
2 43 27
2 44 27
0 45 27
2 3 13
2 2 13
0 1 13
1 45 28
1 45 29
1 45 30
1 45 31
4 45 32
0 44 32
3 36 7
2 37 7
0 38 7
0 21 11
0 23 6
1 7 24
3 7 25
2 8 25
2 9 25
0 10 25
0 10 26
6 11 13
1 11 14
4 11 15
2 10 15
0 9 15
1 36 29
1 36 30
1 36 31
1 36 32
0 36 33
5 22 23
1 22 24
3 22 25
0 23 25
1 29 6
1 29 5
0 29 4
1 19 44
0 19 43
3 44 33
0 45 33
2 28 21
2 27 21
0 26 21
1 36 34
1 36 35
1 36 36
3 36 37
0 37 37
2 10 32
2 9 32
2 8 32
0 7 32
1 47 9
1 47 8
1 47 7
5 47 6
0 46 6
1 12 12
1 12 11
5 12 10
0 11 10
6 35 33
1 35 34
4 35 35
2 34 35
0 33 35
0 21 17
0 22 45
2 10 47
2 9 47
2 8 47
0 7 47
4 10 27
2 9 27
2 8 27
2 7 27
2 6 27
2 5 27
0 4 27
2 6 32
2 5 32
2 4 32
2 3 32
2 2 32
6 1 32
1 1 33
1 1 34
1 1 35
4 1 36
0 0 36
1 16 21
1 16 22
0 16 23
0 1 32
1 0 37
1 0 38
1 0 39
1 0 40
0 0 41
1 47 15
1 47 16
1 47 17
1 47 18
4 47 19
0 46 19
1 38 6
1 38 5
1 38 4
6 38 3
0 39 3
-1
-1
-1
-1
-1
-1
-1
-1
-1
-1
-1
-1
-1
-1
-1
-1
-1
-1
-1
-1
-1
-1
-1
-1
-1
-1
-1
-1
-1
-1
-1
-1
-1
-1
-1
-1
-1
-1
-1
-1
-1
-1
-1
-1
-1
-1
-1
-1
-1
-1
-1
-1
-1
-1
-1
-1
-1
-1
-1
-1
-1
-1
-1
-1
-1
-1
-1
-1
-1
-1
-1
-1
-1
-1
-1
-1
-1
-1
-1
-1
-1
-1
-1
-1
-1
-1
-1
-1
-1
-1
-1
-1
-1
-1
-1
-1
-1
-1
-1
-1
-1
-1
-1
-1
-1
-1
-1
-1
-1
-1
-1
-1
-1
-1
-1
-1
-1
-1
-1
-1
-1
-1
-1
-1
-1
-1
-1
-1
-1
-1
-1
-1
-1
-1
-1
-1
-1
-1
-1
-1
-1
-1
-1
-1
-1
-1
-1
-1
-1
-1
-1
-1
-1
-1
-1
-1
-1
-1
-1
-1
-1
-1
-1
-1
-1
-1
-1
-1
-1
-1
-1
-1
-1
-1
-1
-1
-1
-1
-1
-1
-1
-1
-1
-1
-1
-1
-1
-1
-1
-1
-1
-1
-1
-1
-1
-1
-1
-1
-1
-1
-1
-1
-1
-1
-1
-1
-1
-1
-1
-1
-1
-1
-1
-1
-1
-1
-1
-1
-1
-1
-1
-1
-1
-1
-1
-1
-1
-1
-1
-1
-1
-1
-1
-1
-1
-1
-1
-1
-1
-1
-1
-1
-1
-1
-1
-1
-1
-1
-1
-1
-1
-1
-1
-1
-1
-1
-1
-1
-1
-1
-1
-1
-1
-1
-1
-1
-1
-1
-1
-1
-1
-1
-1
-1
-1
-1
-1
-1
-1
