0 19 35
2 20 35
2 21 35
2 22 35
2 23 35
2 24 35
2 25 35
2 26 35
4 27 35
6 27 34
2 28 34
2 29 34
2 30 34
2 31 34
2 32 34
2 33 34
2 34 34
0 35 34
2 18 35
2 17 35
2 16 35
3 15 35
1 15 34
1 15 33
1 15 32
1 15 31
5 15 30
2 14 30
2 13 30
2 12 30
2 11 30
2 10 30
3 9 30
1 9 29
-1
-1
-1
-1
0 9 28
1 35 35
1 35 36
1 35 37
1 35 38
1 35 39
1 35 40
3 35 41
5 36 41
1 36 42
3 36 43
2 37 43
2 38 43
2 39 43
2 40 43
2 41 43
2 42 43
2 43 43
2 44 43
-1
-1
-1
-1
-1
-1
-1
-1
-1
-1
-1
-1
-1
-1
-1
-1
-1
-1
-1
-1
-1
-1
-1
-1
-1
-1
-1
0 45 43
1 35 33
1 35 32
1 35 31
5 35 30
3 34 30
1 34 29
1 34 28
5 34 27
3 33 27
5 33 26
2 32 26
-1
-1
-1
-1
-1
-1
-1
-1
-1
0 31 26
4 45 44
2 44 44
2 43 44
2 42 44
2 41 44
2 40 44
2 39 44
2 38 44
2 37 44
2 36 44
2 35 44
2 34 44
2 33 44
2 32 44
2 31 44
-1
-1
-1
0 30 44
1 9 27
1 9 26
6 9 25
4 10 25
1 10 24
6 10 23
-1
-1
-1
-1
-1
-1
-1
0 11 23
-1
-1
-1
-1
-1
-1
-1
-1
-1
0 39 43
2 12 23
2 13 23
2 14 23
2 15 23
4 16 23
1 16 22
1 16 21
1 16 20
1 16 19
1 16 18
6 16 17
2 17 17
4 18 17
6 18 16
2 19 16
2 20 16
2 21 16
0 22 16
1 19 34
1 19 33
0 19 32
1 39 42
1 39 41
1 39 40
1 39 39
6 39 38
-1
0 40 38
-1
-1
-1
-1
-1
0 17 35
1 31 25
1 31 24
6 31 23
2 32 23
2 33 23
2 34 23
2 35 23
0 36 23
3 36 24
2 37 24
2 38 24
2 39 24
2 40 24
5 41 24
1 41 25
1 41 26
0 41 27
0 31 34
-1
-1
-1
0 16 23
1 11 22
1 11 21
1 11 20
1 11 19
1 11 18
5 11 17
2 10 17
2 9 17
2 8 17
3 7 17
1 7 16
1 7 15
5 7 14
3 6 14
5 6 13
0 5 13
0 17 17
0 35 38
0 34 30
2 36 34
2 37 34
4 38 34
0 38 33
0 27 35
6 8 28
4 8 29
2 7 29
2 6 29
0 5 29
1 17 16
1 17 15
1 17 14
1 17 13
1 17 12
6 17 11
0 18 11
1 31 35
1 31 36
0 31 37
1 27 36
1 27 37
0 27 38
0 31 23
0 7 17
1 16 24
1 16 25
4 16 26
0 15 26
0 11 17
0 13 30
1 19 31
1 19 30
0 19 29
0 41 24
2 30 23
2 29 23
0 28 23
1 28 22
1 28 21
0 28 20
0 36 44
0 15 33
0 40 37
1 41 28
1 41 29
1 41 30
0 41 31
1 5 28
0 5 27
6 40 27
4 40 28
2 39 28
0 38 28
0 22 35
0 33 26
0 36 41
0 28 34
0 18 17
0 42 31
3 42 32
2 43 32
0 44 32
0 16 21
0 23 16
2 20 29
2 21 29
0 22 29
1 5 26
1 5 25
0 5 24
2 4 29
2 3 29
2 2 29
0 1 29
0 6 24
1 22 28
1 22 27
0 22 26
1 1 30
3 1 31
5 2 31
1 2 32
0 2 33
3 2 34
2 3 34
0 4 34
0 37 28
1 4 35
1 4 36
1 4 37
1 4 38
0 4 39
1 36 45
1 36 46
1 36 47
0 36 48
2 15 21
0 14 21
0 7 15
2 42 24
2 43 24
0 44 24
1 44 25
3 44 26
2 45 26
2 46 26
0 47 26
2 5 39
2 6 39
2 7 39
0 8 39
1 28 19
1 28 18
0 28 17
0 9 39
0 35 31
2 10 39
2 11 39
0 12 39
0 15 35
0 29 44
1 29 43
1 29 42
0 29 41
2 27 17
0 26 17
1 22 25
1 22 24
0 22 23
1 26 16
1 26 15
0 26 14
0 11 19
0 24 35
5 18 10
2 17 10
2 16 10
2 15 10
0 14 10
0 22 22
0 38 34
2 26 38
2 25 38
0 24 38
0 9 30
1 14 11
0 14 12
2 28 44
2 27 44
0 26 44
2 13 12
0 12 12
5 12 11
0 11 11
0 31 44
1 19 36
1 19 37
3 19 38
0 20 38
4 28 24
2 27 24
0 26 24
1 45 42
6 45 41
0 46 41
2 47 41
0 48 41
0 10 25
0 3 39
1 20 39
1 20 40
0 20 41
1 20 42
0 20 43
0 3 40
0 25 44
3 18 12
0 19 12
1 28 33
0 28 32
1 8 38
1 8 37
0 8 36
1 25 45
1 25 46
1 25 47
0 25 48
2 45 32
0 46 32
1 1 28
1 1 27
0 1 26
0 21 22
1 47 27
0 47 28
0 5 26
2 18 29
0 17 29
0 7 18
1 46 33
1 46 34
0 46 35
1 41 23
1 41 22
1 41 21
6 41 20
0 42 20
4 7 19
2 6 19
2 5 19
2 4 19
2 3 19
0 2 19
0 33 34
2 27 14
0 28 14
6 28 13
2 29 13
2 30 13
2 31 13
0 32 13
1 32 12
1 32 11
1 32 10
1 32 9
0 32 8
0 33 8
5 42 19
2 41 19
2 40 19
0 39 19
1 14 9
1 14 8
0 14 7
2 14 33
2 13 33
2 12 33
0 11 33
2 35 48
2 34 48
2 33 48
0 32 48
4 43 20
6 43 19
2 44 19
0 45 19
5 46 43
1 46 44
3 46 45
5 47 45
1 47 46
0 47 47
2 34 8
0 35 8
0 38 19
0 45 18
1 31 27
1 31 28
4 31 29
0 30 29
3 22 30
0 23 30
1 45 17
1 45 16
1 45 15
0 45 14
5 45 13
2 44 13
2 43 13
0 42 13
5 46 14
3 46 15
0 47 15
2 13 7
2 12 7
2 11 7
0 10 7
0 37 19
6 22 21
0 23 21
1 40 39
3 40 40
0 41 40
1 2 18
0 2 17
5 30 28
2 29 28
0 28 28
1 32 14
1 32 15
0 32 16
3 46 47
5 46 46
3 45 46
5 45 45
0 44 45
1 17 36
1 17 37
0 17 38
3 24 39
0 25 39
1 8 40
1 8 41
1 8 42
1 8 43
4 8 44
0 7 44
2 19 11
2 20 11
0 21 11
1 7 45
4 7 46
2 6 46
0 5 46
6 1 33
1 1 34
0 1 35
2 9 7
2 8 7
2 7 7
2 6 7
2 5 7
2 4 7
2 3 7
2 2 7
0 1 7
1 1 6
1 1 5
1 1 4
5 1 3
0 0 3
1 3 41
1 3 42
4 3 43
2 2 43
2 1 43
0 0 43
1 14 6
6 14 5
2 15 5
2 16 5
2 17 5
0 18 5
1 35 7
1 35 6
1 35 5
1 35 4
6 35 3
2 36 3
2 37 3
2 38 3
2 39 3
2 40 3
0 41 3
1 41 2
6 41 1
2 42 1
2 43 1
2 44 1
2 45 1
0 46 1
0 25 35
1 10 6
1 10 5
1 10 4
1 10 3
1 10 2
1 10 1
6 10 0
2 11 0
0 12 0
1 20 44
1 20 45
1 20 46
4 20 47
2 19 47
2 18 47
2 17 47
0 16 47
3 18 6
2 19 6
2 20 6
2 21 6
2 22 6
2 23 6
2 24 6
0 25 6
-1
-1
-1
-1
-1
-1
-1
-1
-1
-1
-1
-1
-1
-1
-1
-1
-1
-1
-1
-1
-1
-1
-1
-1
-1
-1
-1
-1
-1
-1
-1
-1
-1
-1
-1
-1
-1
-1
-1
-1
-1
-1
-1
-1
-1
-1
-1
-1
-1
-1
-1
-1
-1
-1
-1
-1
-1
-1
-1
-1
-1
-1
-1
-1
-1
-1
-1
-1
-1
-1
-1
-1
-1
-1
-1
-1
-1
-1
-1
-1
-1
-1
-1
-1
-1
-1
-1
-1
-1
-1
-1
-1
-1
-1
-1
-1
-1
-1
-1
-1
-1
-1
-1
-1
-1
-1
-1
-1
-1
-1
-1
-1
-1
-1
-1
-1
-1
-1
-1
-1
-1
-1
-1
-1
-1
-1
-1
-1
-1
-1
-1
-1
-1
-1
-1
-1
-1
-1
-1
-1
-1
-1
-1
-1
-1
-1
-1
-1
-1
-1
-1
-1
-1
-1
-1
-1
-1
-1
-1
-1
-1
-1
-1
-1
-1
-1
-1
-1
-1
-1
-1
-1
-1
-1
-1
-1
-1
-1
-1
-1
-1
-1
-1
-1
-1
-1
-1
-1
