0 19 3
1 19 4
1 19 5
1 19 6
1 19 7
1 19 8
1 19 9
1 19 10
1 19 11
1 19 12
1 19 13
1 19 14
1 19 15
1 19 16
1 19 17
1 19 18
3 19 19
2 20 19
2 21 19
2 22 19
2 23 19
2 24 19
2 25 19
5 26 19
1 26 20
3 26 21
2 27 21
2 28 21
2 29 21
2 30 21
2 31 21
2 32 21
2 33 21
5 34 21
3 34 22
2 35 22
2 36 22
2 37 22
2 38 22
2 39 22
2 40 22
2 41 22
2 42 22
2 43 22
2 44 22
2 45 22
2 46 22
0 47 22
1 47 21
1 47 20
5 47 19
2 46 19
3 45 19
5 45 18
2 44 18
-1
-1
-1
-1
-1
-1
-1
-1
-1
-1
-1
-1
-1
-1
-1
-1
-1
-1
-1
0 43 18
2 18 3
6 17 3
1 17 4
1 17 5
4 17 6
2 16 6
2 15 6
2 14 6
2 13 6
2 12 6
2 11 6
2 10 6
6 9 6
1 9 7
1 9 8
1 9 9
1 9 10
1 9 11
1 9 12
4 9 13
2 8 13
-1
-1
0 7 13
1 47 23
1 47 24
4 47 25
2 46 25
6 45 25
1 45 26
1 45 27
1 45 28
1 45 29
1 45 30
4 45 31
2 44 31
2 43 31
2 42 31
6 41 31
1 41 32
0 41 33
-1
-1
-1
-1
-1
-1
-1
0 9 6
5 7 12
2 6 12
2 5 12
2 4 12
-1
-1
-1
0 3 12
2 42 33
5 43 33
3 43 34
2 44 34
-1
-1
0 45 34
1 45 35
1 45 36
3 45 37
2 46 37
0 47 37
1 7 14
1 7 15
1 7 16
1 7 17
1 7 18
3 7 19
2 8 19
2 9 19
2 10 19
2 11 19
2 12 19
5 13 19
1 13 20
1 13 21
1 13 22
0 13 23
0 9 12
6 42 18
4 42 19
2 41 19
0 40 19
0 15 6
1 3 11
6 3 10
4 4 10
0 4 9
4 15 7
2 14 7
0 13 7
0 34 21
1 13 8
1 13 9
0 13 10
2 40 33
2 39 33
0 38 33
1 38 32
1 38 31
1 38 30
0 38 29
0 19 6
1 3 13
1 3 14
4 3 15
0 2 15
0 30 21
2 14 10
2 15 10
5 16 10
0 16 11
1 30 22
1 30 23
4 30 24
6 29 24
1 29 25
1 29 26
1 29 27
0 29 28
0 12 19
0 45 19
0 19 8
2 14 23
0 15 23
0 19 15
0 9 9
0 37 22
0 45 25
1 30 20
1 30 19
1 30 18
0 30 17
0 25 19
0 7 16
0 19 19
0 2 16
0 17 3
1 38 34
4 38 35
0 37 35
1 34 20
0 34 19
4 37 36
2 36 36
0 35 36
1 35 37
1 35 38
1 35 39
1 35 40
1 35 41
1 35 42
0 35 43
2 34 43
2 33 43
2 32 43
2 31 43
2 30 43
2 29 43
2 28 43
2 27 43
0 26 43
0 47 19
4 26 44
2 25 44
2 24 44
0 23 44
0 32 43
0 36 22
4 23 45
2 22 45
2 21 45
2 20 45
0 19 45
5 45 24
0 44 24
2 18 15
2 17 15
2 16 15
0 15 15
0 29 24
5 10 12
3 10 13
0 11 13
0 8 6
0 45 30
1 29 29
0 29 30
0 29 17
0 23 19
2 5 9
0 6 9
0 14 15
2 16 23
0 17 23
0 7 19
2 28 28
2 27 28
2 26 28
0 25 28
0 41 31
0 19 13
2 30 30
5 31 30
1 31 31
0 31 32
1 47 18
1 47 17
0 47 16
0 16 10
2 24 28
2 23 28
2 22 28
2 21 28
0 20 28
1 30 16
1 30 15
1 30 14
0 30 13
1 40 18
1 40 17
5 40 16
2 39 16
0 38 16
2 19 28
2 18 28
2 17 28
0 16 28
0 28 43
2 15 28
2 14 28
0 13 28
2 12 28
0 11 28
2 6 19
2 5 19
0 4 19
1 20 27
1 20 26
6 20 25
0 21 25
0 34 18
1 11 29
1 11 30
1 11 31
0 11 32
1 38 28
1 38 27
6 38 26
0 39 26
0 31 13
2 10 32
2 9 32
2 8 32
2 7 32
2 6 32
0 5 32
0 4 8
0 48 22
1 5 33
1 5 34
1 5 35
1 5 36
0 5 37
1 17 2
0 17 1
2 6 37
2 7 37
0 8 37
1 4 20
0 4 21
0 4 22
1 23 43
0 23 42
0 6 32
1 23 41
1 23 40
1 23 39
0 23 38
1 8 38
1 8 39
0 8 40
2 4 37
2 3 37
0 2 37
0 2 38
0 13 19
2 20 6
2 21 6
0 22 6
2 16 1
2 15 1
0 14 1
0 4 32
5 23 37
3 22 37
1 22 36
0 22 35
1 4 7
1 4 6
0 4 5
2 7 40
6 6 40
0 6 41
1 31 33
3 31 34
0 32 34
2 36 43
2 37 43
0 38 43
2 39 43
2 40 43
2 41 43
0 42 43
0 23 6
0 9 19
0 27 21
1 23 7
1 23 8
1 23 9
0 23 10
1 2 39
4 2 40
0 1 40
0 22 10
0 47 15
0 47 14
1 1 41
1 1 42
0 1 43
1 25 29
1 25 30
0 25 31
1 1 44
1 1 45
0 1 46
2 18 45
2 17 45
2 16 45
2 15 45
0 14 45
0 28 28
1 42 42
1 42 41
0 42 40
1 38 15
1 38 14
1 38 13
1 38 12
1 38 11
0 38 10
1 38 9
0 38 8
2 3 21
0 2 21
2 3 32
0 2 32
5 39 10
1 39 11
3 39 12
0 40 12
2 43 43
0 44 43
2 41 12
2 42 12
0 43 12
2 2 46
2 3 46
2 4 46
2 5 46
0 6 46
1 43 11
0 43 10
0 31 30
0 25 32
2 10 28
2 9 28
2 8 28
0 7 28
0 7 27
2 12 32
2 13 32
0 14 32
1 14 44
1 14 43
0 14 42
2 21 35
0 20 35
0 19 35
2 2 12
0 1 12
0 19 34
0 43 22
0 24 6
0 24 38
2 46 30
2 47 30
2 48 30
0 49 30
1 32 35
1 32 36
4 32 37
2 31 37
0 30 37
1 14 33
1 14 34
1 14 35
0 14 36
1 11 14
0 11 15
0 14 46
2 13 1
2 12 1
2 11 1
2 10 1
0 9 1
1 24 5
0 24 4
1 35 44
0 35 45
0 26 19
0 9 32
2 37 29
2 36 29
0 35 29
1 44 44
1 44 45
3 44 46
0 45 46
1 45 47
0 45 48
1 7 26
1 7 25
6 7 24
0 8 24
1 42 39
0 42 38
2 9 40
2 10 40
0 11 40
0 1 21
0 23 41
0 16 27
1 19 36
1 19 37
4 19 38
0 18 38
1 18 39
0 18 40
0 14 37
0 4 23
1 43 9
6 43 8
0 44 8
0 3 46
5 4 4
0 3 4
1 23 20
0 23 21
2 29 37
0 28 37
1 2 31
1 2 30
0 2 29
4 14 2
0 13 2
1 30 12
1 30 11
1 30 10
0 30 9
1 23 18
1 23 17
0 23 16
0 43 33
0 39 25
0 48 19
1 23 15
0 23 14
0 45 28
1 48 23
0 48 24
0 6 33
1 35 30
0 35 31
1 38 44
0 38 45
2 28 24
2 27 24
2 26 24
0 25 24
1 47 13
1 47 12
6 47 11
2 48 11
0 49 11
1 28 44
0 28 45
0 40 17
0 15 7
0 42 18
3 6 16
5 6 15
0 5 15
1 28 46
4 28 47
0 27 47
1 2 28
0 2 27
3 34 29
1 34 28
1 34 27
1 34 26
0 34 25
2 32 13
0 33 13
2 14 19
2 15 19
0 16 19
0 19 33
1 19 46
0 19 47
1 30 8
1 30 7
1 30 6
1 30 5
1 30 4
0 30 3
5 31 3
3 31 4
2 32 4
0 33 4
2 45 43
2 46 43
2 47 43
0 48 43
3 30 38
5 31 38
3 31 39
0 32 39
0 34 4
1 34 3
1 34 2
0 34 1
1 3 3
1 3 2
0 3 1
2 3 9
0 2 9
1 35 28
0 35 27
1 38 46
1 38 47
3 38 48
0 39 48
2 35 1
2 36 1
2 37 1
0 38 1
1 2 36
0 2 35
2 31 9
0 32 9
0 21 24
3 19 48
2 20 48
2 21 48
0 22 48
1 8 41
1 8 42
0 8 43
1 16 29
0 16 30
0 34 28
2 39 1
2 40 1
2 41 1
0 42 1
2 29 13
2 28 13
0 27 13
2 24 10
2 25 10
0 26 10
1 9 33
3 9 34
0 10 34
0 20 3
0 27 37
5 42 37
2 41 37
0 40 37
-1
-1
-1
-1
-1
-1
-1
-1
-1
-1
-1
-1
-1
-1
-1
-1
-1
-1
-1
-1
-1
-1
-1
-1
-1
-1
-1
-1
-1
-1
-1
-1
-1
-1
-1
-1
-1
-1
-1
-1
-1
-1
-1
-1
-1
-1
-1
-1
-1
-1
-1
-1
-1
-1
-1
-1
-1
-1
-1
-1
-1
-1
-1
-1
-1
-1
-1
-1
-1
-1
-1
-1
-1
-1
-1
-1
-1
-1
-1
-1
-1
-1
-1
-1
-1
-1
-1
-1
-1
-1
-1
-1
-1
-1
-1
-1
-1
-1
-1
-1
-1
-1
-1
-1
-1
-1
-1
-1
-1
-1
-1
-1
-1
-1
-1
-1
-1
-1
-1
-1
-1
-1
-1
-1
-1
-1
-1
