0 15 10
1 15 9
6 15 8
2 16 8
2 17 8
2 18 8
2 19 8
2 20 8
4 21 8
6 21 7
2 22 7
2 23 7
4 24 7
6 24 6
2 25 6
0 26 6
2 14 10
2 13 10
2 12 10
2 11 10
0 10 10
1 10 11
1 10 12
1 10 13
4 10 14
2 9 14
2 8 14
2 7 14
6 6 14
1 6 15
1 6 16
1 6 17
1 6 18
1 6 19
-1
-1
-1
-1
-1
-1
-1
-1
0 6 20
1 6 21
3 6 22
5 7 22
3 7 23
2 8 23
2 9 23
2 10 23
5 11 23
3 11 24
2 12 24
5 13 24
1 13 25
1 13 26
1 13 27
1 13 28
3 13 29
2 14 29
-1
-1
-1
-1
-1
-1
0 15 29
2 5 20
2 4 20
2 3 20
3 2 20
1 2 19
1 2 18
5 2 17
-1
-1
-1
-1
-1
-1
-1
0 1 17
1 26 5
6 26 4
2 27 4
2 28 4
-1
-1
-1
-1
-1
-1
0 29 4
1 10 9
1 10 8
1 10 7
1 10 6
1 10 5
-1
-1
-1
0 10 4
3 9 10
1 9 9
5 9 8
2 8 8
-1
-1
-1
0 7 8
1 15 30
1 15 31
3 15 32
5 16 32
-1
-1
0 16 33
2 15 33
2 14 33
2 13 33
-1
0 12 33
4 15 11
2 14 11
6 13 11
1 13 12
1 13 13
0 13 14
1 26 7
1 26 8
1 26 9
0 26 10
1 7 9
1 7 10
4 7 11
2 6 11
0 5 11
2 16 29
2 17 29
4 18 29
0 18 28
-1
0 21 8
1 29 3
1 29 2
1 29 1
0 29 0
1 12 32
1 12 31
5 12 30
2 11 30
0 10 30
1 10 29
0 10 28
1 10 3
1 10 2
0 10 1
0 9 23
0 6 14
2 11 1
2 12 1
0 13 1
1 21 9
1 21 10
0 21 11
1 21 12
0 21 13
0 10 13
0 6 22
5 11 4
1 11 5
1 11 6
3 11 7
0 12 7
0 25 6
0 13 24
1 13 23
1 13 22
1 13 21
6 13 20
0 14 20
0 9 4
0 15 30
2 15 20
2 16 20
0 17 20
2 4 11
2 3 11
0 2 11
4 10 31
0 9 31
2 30 0
2 31 0
2 32 0
2 33 0
0 34 0
0 16 32
0 7 7
2 20 11
0 19 11
0 25 10
2 14 24
2 15 24
0 16 24
0 6 18
1 17 19
0 17 18
2 8 4
0 7 4
2 18 18
2 19 18
2 20 18
0 21 18
0 21 19
6 12 6
2 13 6
0 14 6
0 16 34
5 27 6
3 27 7
0 28 7
1 25 11
1 25 12
1 25 13
1 25 14
0 25 15
0 13 2
1 21 20
0 21 21
0 13 11
2 26 15
0 27 15
3 27 16
2 28 16
2 29 16
0 30 16
1 7 3
5 7 2
0 6 2
2 31 16
2 32 16
0 33 16
1 33 17
1 33 18
1 33 19
3 33 20
0 34 20
1 34 21
1 34 22
1 34 23
1 34 24
1 34 25
1 34 26
1 34 27
1 34 28
0 34 29
2 35 29
2 36 29
2 37 29
0 38 29
6 38 28
2 39 28
2 40 28
2 41 28
2 42 28
0 43 28
1 43 29
1 43 30
0 43 31
0 34 26
0 1 11
1 43 32
1 43 33
3 43 34
2 44 34
0 45 34
2 46 34
0 47 34
1 17 17
0 17 16
0 13 26
2 6 7
2 5 7
0 4 7
2 33 29
2 32 29
0 31 29
1 47 35
1 47 36
1 47 37
1 47 38
0 47 39
1 31 28
5 31 27
0 30 27
0 47 40
1 47 41
0 47 42
2 46 39
2 45 39
2 44 39
2 43 39
2 42 39
2 41 39
0 40 39
2 39 39
3 38 39
5 38 38
2 37 38
2 36 38
0 35 38
1 35 39
4 35 40
2 34 40
6 33 40
1 33 41
0 33 42
1 33 43
1 33 44
1 33 45
0 33 46
0 41 28
2 32 46
2 31 46
2 30 46
0 29 46
1 29 47
0 29 48
0 6 17
3 33 47
2 34 47
0 35 47
2 35 0
2 36 0
2 37 0
5 38 0
0 38 1
1 47 43
1 47 44
3 47 45
0 48 45
0 13 22
1 38 2
1 38 3
1 38 4
3 38 5
2 39 5
0 40 5
2 41 5
2 42 5
0 43 5
0 21 7
0 16 16
3 43 6
2 44 6
0 45 6
2 46 6
2 47 6
5 48 6
1 48 7
1 48 8
0 48 9
1 48 10
4 48 11
0 47 11
0 47 12
0 47 38
1 21 6
1 21 5
0 21 4
2 8 31
2 7 31
2 6 31
0 5 31
2 35 20
2 36 20
2 37 20
0 38 20
1 38 19
1 38 18
0 38 17
1 5 32
0 5 33
1 38 16
1 38 15
1 38 14
0 38 13
0 6 33
2 5 22
0 4 22
0 48 6
2 37 13
0 36 13
1 12 34
0 12 35
2 39 17
0 40 17
1 25 5
1 25 4
0 25 3
2 39 20
2 40 20
2 41 20
2 42 20
2 43 20
0 44 20
2 46 42
0 45 42
1 21 22
1 21 23
0 21 24
0 18 8
1 40 40
1 40 41
1 40 42
0 40 43
1 16 35
1 16 36
1 16 37
1 16 38
1 16 39
0 16 40
1 16 41
1 16 42
0 16 43
2 18 16
0 19 16
2 15 43
6 14 43
4 14 44
2 13 44
0 12 44
2 22 24
0 23 24
1 23 25
0 23 26
1 6 23
1 6 24
0 6 25
2 44 28
0 45 28
0 12 36
2 27 10
2 28 10
2 29 10
0 30 10
0 23 27
2 7 18
2 8 18
2 9 18
0 10 18
0 33 40
1 12 37
0 12 38
2 17 32
0 18 32
6 14 5
2 15 5
0 16 5
0 3 7
2 22 19
0 23 19
0 39 39
0 47 13
5 45 20
3 45 21
2 46 21
0 47 21
2 34 38
2 33 38
2 32 38
2 31 38
2 30 38
0 29 38
0 11 44
1 11 45
1 11 46
4 11 47
0 10 47
2 9 47
2 8 47
0 7 47
0 10 19
1 1 12
1 1 13
0 1 14
0 38 0
1 30 26
1 30 25
1 30 24
0 30 23
1 5 34
1 5 35
1 5 36
4 5 37
2 4 37
0 3 37
6 2 37
1 2 38
1 2 39
4 2 40
0 1 40
0 36 47
1 47 33
1 47 32
6 47 31
0 48 31
2 17 40
2 18 40
2 19 40
2 20 40
2 21 40
0 22 40
0 22 13
1 36 46
1 36 45
0 36 44
0 31 30
1 1 41
0 1 42
0 31 10
1 38 21
1 38 22
1 38 23
0 38 24
0 2 20
1 25 2
0 25 1
2 2 42
0 3 42
1 22 39
5 22 38
0 21 38
0 30 38
1 45 7
4 45 8
2 44 8
0 43 8
0 16 4
2 4 31
2 3 31
0 2 31
2 19 32
2 20 32
0 21 32
1 13 15
0 13 16
3 16 44
2 17 44
0 18 44
6 45 27
2 46 27
0 47 27
1 43 9
1 43 10
0 43 11
0 31 23
3 29 5
2 30 5
2 31 5
2 32 5
0 33 5
1 2 30
1 2 29
5 2 28
0 1 28
1 47 14
4 47 15
0 46 15
3 35 13
1 35 12
1 35 11
1 35 10
0 35 9
1 47 20
1 47 19
6 47 18
0 48 18
1 48 46
1 48 47
4 48 48
0 47 48
2 22 32
2 23 32
2 24 32
0 25 32
1 17 15
0 17 14
1 44 21
4 44 22
2 43 22
0 42 22
2 11 38
2 10 38
2 9 38
0 8 38
1 39 38
1 39 37
0 39 36
2 28 48
2 27 48
2 26 48
0 25 48
1 35 37
1 35 36
0 35 35
1 48 5
1 48 4
1 48 3
6 48 2
0 49 2
1 3 6
5 3 5
3 2 5
0 2 4
0 29 27
1 45 5
6 45 4
4 46 4
1 46 3
0 46 2
0 38 14
6 35 8
2 36 8
0 37 8
0 38 39
1 21 37
6 21 36
0 22 36
1 1 43
1 1 44
1 1 45
0 1 46
1 18 45
1 18 46
1 18 47
0 18 48
4 4 23
2 3 23
2 2 23
0 1 23
4 1 47
0 0 47
0 35 34
0 2 37
2 29 23
3 28 23
1 28 22
5 28 21
0 27 21
2 23 40
2 24 40
2 25 40
0 26 40
2 42 31
2 41 31
0 40 31
1 45 43
0 45 44
1 2 3
6 2 2
0 3 2
5 19 44
3 19 45
0 20 45
-1
-1
-1
-1
-1
-1
-1
-1
-1
-1
-1
-1
-1
-1
-1
-1
-1
-1
-1
-1
-1
-1
-1
-1
-1
-1
-1
-1
-1
-1
-1
-1
-1
-1
-1
-1
-1
-1
-1
-1
-1
-1
-1
-1
-1
-1
-1
-1
-1
-1
-1
-1
-1
-1
-1
-1
-1
-1
-1
-1
-1
-1
-1
-1
-1
-1
-1
-1
-1
-1
-1
-1
-1
-1
-1
-1
-1
-1
-1
-1
-1
-1
-1
-1
-1
-1
-1
-1
-1
-1
-1
-1
-1
-1
-1
-1
-1
-1
-1
-1
-1
-1
-1
-1
-1
-1
-1
-1
-1
-1
-1
-1
-1
-1
-1
-1
-1
-1
-1
-1
-1
-1
-1
-1
-1
-1
-1
-1
-1
-1
-1
-1
-1
-1
-1
