0 15 4
2 16 4
2 17 4
2 18 4
2 19 4
5 20 4
3 20 5
2 21 5
2 22 5
2 23 5
2 24 5
2 25 5
2 26 5
2 27 5
2 28 5
2 29 5
2 30 5
2 31 5
2 32 5
2 33 5
2 34 5
2 35 5
2 36 5
2 37 5
2 38 5
2 39 5
2 40 5
2 41 5
2 42 5
2 43 5
2 44 5
2 45 5
2 46 5
2 47 5
5 48 5
1 48 6
1 48 7
1 48 8
1 48 9
0 48 10
1 15 3
1 15 2
6 15 1
-1
-1
-1
-1
-1
-1
-1
-1
-1
-1
-1
-1
-1
-1
-1
-1
-1
-1
-1
-1
-1
-1
-1
-1
-1
-1
-1
-1
-1
-1
-1
-1
-1
-1
-1
-1
-1
-1
-1
-1
-1
-1
-1
-1
-1
-1
-1
-1
-1
-1
-1
-1
-1
-1
-1
-1
-1
0 16 1
1 48 11
1 48 12
1 48 13
1 48 14
1 48 15
1 48 16
1 48 17
1 48 18
1 48 19
1 48 20
1 48 21
1 48 22
1 48 23
-1
-1
-1
-1
-1
-1
-1
-1
-1
-1
-1
-1
-1
-1
-1
-1
-1
-1
-1
-1
-1
-1
-1
-1
-1
-1
-1
-1
-1
-1
-1
-1
-1
-1
-1
-1
-1
0 48 24
1 48 25
1 48 26
1 48 27
1 48 28
1 48 29
1 48 30
1 48 31
1 48 32
1 48 33
1 48 34
1 48 35
1 48 36
1 48 37
1 48 38
1 48 39
1 48 40
1 48 41
-1
-1
-1
-1
-1
-1
-1
-1
-1
-1
-1
-1
-1
-1
-1
-1
-1
-1
-1
0 48 42
3 47 42
1 47 41
5 47 40
2 46 40
3 45 40
1 45 39
1 45 38
5 45 37
2 44 37
2 43 37
2 42 37
2 41 37
2 40 37
2 39 37
2 38 37
2 37 37
2 36 37
2 35 37
2 34 37
-1
-1
-1
-1
-1
-1
-1
-1
0 33 37
1 15 5
1 15 6
1 15 7
1 15 8
1 15 9
1 15 10
1 15 11
4 15 12
2 14 12
-1
-1
-1
-1
-1
-1
0 13 12
-1
-1
-1
-1
-1
-1
-1
-1
-1
-1
-1
0 48 5
1 13 13
1 13 14
1 13 15
1 13 16
1 13 17
3 13 18
2 14 18
5 15 18
1 15 19
1 15 20
-1
-1
0 15 21
4 16 21
6 16 20
2 17 20
2 18 20
4 19 20
1 19 19
1 19 18
6 19 17
2 20 17
4 21 17
1 21 16
6 21 15
2 22 15
4 23 15
1 23 14
1 23 13
0 23 12
-1
-1
-1
-1
0 39 5
2 12 12
3 11 12
5 11 11
2 10 11
2 9 11
2 8 11
-1
0 7 11
1 15 22
1 15 23
1 15 24
1 15 25
1 15 26
3 15 27
2 16 27
2 17 27
0 18 27
1 39 6
1 39 7
1 39 8
1 39 9
1 39 10
0 39 11
1 48 43
1 48 44
1 48 45
1 48 46
1 48 47
0 48 48
1 48 4
1 48 3
1 48 2
1 48 1
5 48 0
0 47 0
2 19 27
2 20 27
2 21 27
0 22 27
1 22 26
1 22 25
1 22 24
1 22 23
1 22 22
0 22 21
2 47 10
2 46 10
2 45 10
2 44 10
0 43 10
1 23 11
6 23 10
0 24 10
2 14 21
2 13 21
6 12 21
1 12 22
4 12 23
2 11 23
2 10 23
0 9 23
1 18 28
1 18 29
1 18 30
0 18 31
4 47 1
2 46 1
0 45 1
0 23 15
1 7 10
1 7 9
1 7 8
1 7 7
1 7 6
1 7 5
0 7 4
0 15 18
6 47 24
1 47 25
4 47 26
2 46 26
2 45 26
0 44 26
0 19 20
6 15 17
2 16 17
0 17 17
2 24 12
2 25 12
2 26 12
0 27 12
0 48 16
1 39 4
1 39 3
5 39 2
0 38 2
0 21 17
2 14 4
2 13 4
0 12 4
2 47 48
0 46 48
1 7 12
4 7 13
2 6 13
0 5 13
2 43 26
2 42 26
0 41 26
0 15 12
4 23 27
6 23 26
2 24 26
2 25 26
0 26 26
0 18 4
0 45 40
2 37 2
2 36 2
0 35 2
1 33 36
6 33 35
0 34 35
2 35 35
0 36 35
0 42 5
1 41 25
1 41 24
1 41 23
1 41 22
1 41 21
0 41 20
2 40 20
2 39 20
0 38 20
0 20 4
1 19 21
1 19 22
0 19 23
0 41 19
0 12 5
5 38 19
2 37 19
0 36 19
0 23 13
0 15 26
0 48 22
0 15 7
1 18 32
1 18 33
3 18 34
2 19 34
0 20 34
1 7 3
5 7 2
0 6 2
5 34 34
2 33 34
2 32 34
2 31 34
0 30 34
3 47 16
5 47 15
2 46 15
0 45 15
0 46 10
1 9 24
1 9 25
1 9 26
1 9 27
1 9 28
4 9 29
2 8 29
2 7 29
0 6 29
1 20 3
1 20 2
6 20 1
2 21 1
0 22 1
0 45 5
2 21 34
0 22 34
2 24 15
0 25 15
1 39 12
4 39 13
2 38 13
2 37 13
0 36 13
3 22 12
5 22 11
2 21 11
0 20 11
6 6 4
1 6 5
4 6 6
2 5 6
2 4 6
0 3 6
2 28 12
2 29 12
0 30 12
1 30 13
1 30 14
1 30 15
1 30 16
0 30 17
1 20 35
1 20 36
1 20 37
1 20 38
1 20 39
1 20 40
1 20 41
0 20 42
1 5 14
1 5 15
1 5 16
1 5 17
0 5 18
1 6 28
5 6 27
2 5 27
2 4 27
2 3 27
0 2 27
1 36 34
1 36 33
1 36 32
1 36 31
1 36 30
0 36 29
1 20 43
1 20 44
1 20 45
1 20 46
0 20 47
1 2 28
1 2 29
1 2 30
1 2 31
1 2 32
1 2 33
1 2 34
1 2 35
1 2 36
1 2 37
1 2 38
1 2 39
1 2 40
1 2 41
1 2 42
0 2 43
3 19 47
5 19 46
2 18 46
2 17 46
2 16 46
2 15 46
2 14 46
2 13 46
2 12 46
0 11 46
-1
-1
-1
-1
-1
-1
-1
-1
-1
-1
-1
-1
-1
-1
-1
-1
-1
-1
-1
-1
-1
-1
-1
-1
-1
-1
-1
-1
-1
-1
-1
-1
-1
-1
-1
-1
-1
-1
-1
-1
-1
-1
-1
-1
-1
-1
-1
-1
-1
-1
-1
-1
-1
-1
-1
-1
-1
-1
-1
-1
-1
-1
-1
-1
-1
-1
-1
-1
-1
-1
-1
-1
-1
-1
-1
-1
-1
-1
-1
-1
-1
-1
-1
-1
-1
-1
-1
-1
-1
-1
-1
-1
-1
-1
-1
-1
-1
-1
-1
-1
-1
-1
-1
-1
-1
-1
-1
-1
-1
-1
-1
-1
-1
-1
-1
-1
-1
-1
-1
-1
-1
-1
-1
-1
-1
-1
-1
-1
-1
-1
-1
-1
-1
-1
-1
-1
-1
-1
-1
-1
-1
-1
-1
-1
-1
-1
-1
-1
-1
-1
-1
-1
-1
-1
-1
-1
-1
-1
-1
-1
-1
-1
-1
-1
-1
-1
-1
-1
-1
-1
-1
-1
-1
-1
-1
-1
-1
-1
-1
-1
-1
-1
-1
-1
-1
-1
-1
-1
-1
-1
-1
-1
-1
-1
-1
-1
-1
-1
-1
-1
-1
-1
-1
-1
-1
-1
-1
-1
-1
-1
-1
-1
-1
-1
-1
-1
-1
-1
-1
-1
-1
-1
-1
-1
-1
-1
-1
-1
-1
-1
-1
-1
-1
-1
-1
-1
-1
-1
-1
-1
-1
-1
-1
-1
-1
-1
-1
-1
-1
-1
-1
-1
-1
-1
-1
-1
