0 11 12
1 11 13
1 11 14
1 11 15
1 11 16
1 11 17
1 11 18
1 11 19
1 11 20
1 11 21
1 11 22
0 11 23
3 11 24
5 12 24
1 12 25
1 12 26
1 12 27
-1
-1
1 12 28
-1
3 12 29
-1
2 13 29
-1
-1
2 14 29
-1
5 15 29
-1
3 15 30
-1
-1
2 16 30
-1
2 17 30
-1
5 18 30
-1
-1
3 18 31
-1
2 19 31
-1
2 20 31
-1
-1
-1
-1
-1
-1
-1
-1
-1
-1
-1
-1
-1
-1
-1
-1
-1
-1
-1
-1
-1
-1
-1
-1
-1
-1
-1
-1
-1
-1
-1
-1
-1
-1
-1
-1
-1
-1
-1
-1
-1
-1
-1
-1
-1
-1
-1
-1
-1
-1
-1
-1
-1
-1
-1
-1
-1
-1
-1
-1
-1
-1
-1
-1
-1
-1
-1
-1
-1
-1
-1
-1
-1
-1
-1
-1
-1
-1
-1
-1
-1
-1
-1
-1
-1
-1
-1
-1
-1
-1
-1
-1
-1
-1
-1
-1
-1
-1
-1
-1
-1
-1
-1
-1
-1
-1
-1
-1
-1
-1
-1
-1
-1
-1
-1
0 21 31
2 12 12
2 13 12
4 14 12
1 14 11
1 14 10
6 14 9
2 15 9
2 16 9
4 17 9
1 17 8
1 17 7
6 17 6
2 18 6
4 19 6
1 19 5
6 19 4
2 20 4
2 21 4
2 22 4
2 23 4
2 24 4
2 25 4
2 26 4
2 27 4
2 28 4
2 29 4
2 30 4
2 31 4
2 32 4
2 33 4
2 34 4
2 35 4
2 36 4
2 37 4
2 38 4
2 39 4
2 40 4
2 41 4
2 42 4
2 43 4
4 44 4
1 44 3
1 44 2
1 44 1
-1
-1
-1
-1
-1
0 44 0
5 22 31
1 22 32
1 22 33
1 22 34
1 22 35
3 22 36
2 23 36
2 24 36
2 25 36
2 26 36
5 27 36
3 27 37
2 28 37
2 29 37
5 30 37
1 30 38
3 30 39
2 31 39
2 32 39
2 33 39
2 34 39
5 35 39
1 35 40
3 35 41
5 36 41
1 36 42
1 36 43
0 36 44
-1
-1
-1
-1
0 11 15
4 37 44
6 37 43
2 38 43
2 39 43
2 40 43
2 41 43
0 42 43
5 12 15
3 12 16
2 13 16
2 14 16
-1
0 15 16
1 42 42
6 42 41
4 43 41
1 43 40
1 43 39
1 43 38
6 43 37
2 44 37
0 45 37
2 10 15
2 9 15
0 8 15
0 27 36
2 35 44
3 34 44
5 34 43
2 33 43
0 32 43
2 43 0
0 42 0
0 14 9
0 14 12
6 45 36
2 46 36
0 47 36
0 43 39
1 47 35
0 47 34
5 45 0
3 45 1
0 46 1
0 44 4
5 14 8
2 13 8
0 12 8
0 35 39
1 47 33
1 47 32
0 47 31
0 15 29
0 30 39
0 16 16
2 15 12
2 16 12
0 17 12
1 47 30
1 47 29
5 47 28
2 46 28
2 45 28
0 44 28
0 22 34
0 12 29
4 30 40
2 29 40
0 28 40
1 12 30
4 12 31
2 11 31
6 10 31
4 10 32
2 9 32
0 8 32
0 19 6
0 11 18
0 30 37
1 44 27
1 44 26
1 44 25
0 44 24
0 17 9
1 44 23
1 44 22
0 44 21
1 8 33
1 8 34
0 8 35
0 9 35
1 30 36
1 30 35
0 30 34
0 22 31
0 18 31
2 43 24
2 42 24
0 41 24
0 10 31
1 8 36
1 8 37
1 8 38
0 8 39
5 11 11
2 10 11
0 9 11
0 7 15
2 7 39
2 6 39
2 5 39
2 4 39
0 3 39
1 8 40
1 8 41
1 8 42
0 8 43
6 7 32
4 7 33
2 6 33
2 5 33
2 4 33
0 3 33
0 3 40
2 2 33
0 1 33
0 34 44
4 28 41
2 27 41
2 26 41
0 25 41
0 8 41
0 43 37
1 25 42
4 25 43
2 24 43
2 23 43
0 22 43
6 40 24
1 40 25
0 40 26
3 17 13
2 18 13
0 19 13
1 22 42
1 22 41
1 22 40
0 22 39
2 47 1
0 48 1
1 8 44
1 8 45
1 8 46
4 8 47
0 7 47
2 21 43
0 20 43
2 36 39
2 37 39
0 38 39
2 21 34
0 20 34
1 22 44
1 22 45
3 22 46
2 23 46
0 24 46
0 36 41
3 7 48
2 8 48
2 9 48
0 10 48
0 19 14
2 39 26
2 38 26
0 37 26
0 24 4
1 22 30
0 22 29
2 2 39
2 1 39
0 0 39
1 24 47
3 24 48
0 25 48
1 37 25
1 37 24
1 37 23
1 37 22
0 37 21
2 43 43
2 44 43
2 45 43
2 46 43
0 47 43
6 7 35
4 7 36
0 6 36
2 11 48
2 12 48
0 13 48
0 27 4
2 6 47
2 5 47
2 4 47
0 3 47
2 11 8
2 10 8
2 9 8
2 8 8
0 7 8
1 37 20
5 37 19
2 36 19
2 35 19
0 34 19
2 33 19
0 32 19
1 34 18
1 34 17
0 34 16
5 43 36
2 42 36
2 41 36
0 40 36
0 33 16
1 40 35
0 40 34
0 40 33
1 3 32
1 3 31
6 3 30
0 4 30
2 9 41
2 10 41
2 11 41
0 12 41
0 43 41
0 17 6
6 12 40
0 13 40
1 4 29
0 4 28
1 22 28
1 22 27
0 22 26
0 2 33
2 36 26
2 35 26
0 34 26
0 13 16
2 16 6
0 15 6
2 39 33
2 38 33
2 37 33
0 36 33
1 40 32
0 40 31
2 23 26
2 24 26
0 25 26
0 25 25
1 32 20
1 32 21
1 32 22
0 32 23
1 19 15
1 19 16
0 19 17
2 45 21
2 46 21
2 47 21
0 48 21
2 3 28
2 2 28
0 1 28
1 44 20
0 44 19
1 7 14
5 7 13
0 6 13
6 24 45
2 25 45
2 26 45
2 27 45
0 28 45
0 16 17
0 19 43
1 1 27
1 1 26
6 1 25
0 2 25
0 1 25
1 48 22
1 48 23
1 48 24
3 48 25
0 49 25
2 18 43
0 17 43
1 7 7
1 7 6
5 7 5
2 6 5
2 5 5
2 4 5
2 3 5
0 2 5
1 24 3
1 24 2
5 24 1
2 23 1
0 22 1
0 1 5
1 22 38
0 22 37
1 2 4
1 2 3
1 2 2
0 2 1
2 31 23
0 30 23
0 41 4
2 5 28
2 6 28
0 7 28
0 37 23
2 20 17
2 21 17
0 22 17
0 2 2
1 47 44
1 47 45
0 47 46
1 48 2
1 48 3
1 48 4
1 48 5
1 48 6
0 48 7
0 11 8
1 20 44
1 20 45
1 20 46
0 20 47
5 30 33
2 29 33
0 28 33
1 25 27
0 25 28
1 8 16
0 8 17
2 26 28
0 27 28
3 10 23
5 10 22
2 9 22
0 8 22
6 31 43
1 31 44
1 31 45
1 31 46
0 31 47
2 35 16
2 36 16
0 37 16
2 20 13
2 21 13
4 22 13
1 22 12
0 22 11
1 42 44
1 42 45
1 42 46
0 42 47
2 19 34
2 18 34
2 17 34
0 16 34
2 41 33
2 42 33
0 43 33
2 48 43
0 49 43
1 36 45
1 36 46
3 36 47
0 37 47
5 45 24
1 45 25
0 45 26
4 31 37
6 31 36
0 32 36
2 23 17
2 24 17
2 25 17
0 26 17
6 13 47
0 14 47
6 13 39
2 14 39
2 15 39
0 16 39
1 34 27
1 34 28
4 34 29
2 33 29
0 32 29
5 33 15
3 32 15
5 32 14
3 31 14
1 31 13
0 31 12
1 0 40
1 0 41
0 0 42
-1
-1
-1
-1
-1
-1
-1
-1
-1
-1
-1
-1
-1
-1
-1
-1
-1
-1
-1
-1
-1
-1
-1
-1
-1
-1
-1
-1
-1
-1
-1
-1
-1
-1
-1
-1
-1
-1
-1
-1
-1
-1
-1
-1
-1
-1
-1
-1
-1
-1
-1
-1
-1
-1
-1
-1
-1
-1
-1
-1
-1
-1
-1
-1
-1
-1
-1
-1
-1
-1
-1
-1
-1
-1
-1
-1
-1
-1
-1
-1
-1
-1
-1
-1
-1
-1
-1
-1
-1
-1
-1
-1
-1
-1
-1
-1
-1
-1
-1
-1
-1
-1
-1
-1
-1
-1
-1
-1
-1
-1
-1
-1
-1
-1
-1
-1
-1
-1
-1
-1
-1
-1
-1
-1
-1
-1
-1
-1
-1
-1
-1
-1
-1
-1
-1
-1
-1
