0 26 25
1 26 24
6 26 23
2 27 23
2 28 23
2 29 23
2 30 23
2 31 23
4 32 23
6 32 22
2 33 22
2 34 22
2 35 22
2 36 22
2 37 22
2 38 22
2 39 22
4 40 22
1 40 21
1 40 20
1 40 19
1 40 18
1 40 17
0 40 16
2 25 25
2 24 25
2 23 25
2 22 25
2 21 25
2 20 25
6 19 25
1 19 26
1 19 27
1 19 28
1 19 29
1 19 30
4 19 31
6 18 31
4 18 32
6 17 32
1 17 33
1 17 34
4 17 35
6 16 35
4 16 36
2 15 36
2 14 36
2 13 36
2 12 36
6 11 36
1 11 37
1 11 38
1 11 39
1 11 40
1 11 41
1 11 42
1 11 43
1 11 44
4 11 45
2 10 45
-1
-1
-1
0 9 45
1 40 15
6 40 14
4 41 14
1 41 13
1 41 12
1 41 11
-1
-1
-1
-1
-1
-1
-1
0 41 10
1 9 44
1 9 43
1 9 42
5 9 41
3 8 41
1 8 40
1 8 39
1 8 38
-1
0 8 37
4 41 16
6 41 15
2 42 15
2 43 15
2 44 15
-1
0 45 15
2 42 10
4 43 10
6 43 9
2 44 9
0 45 9
2 39 16
2 38 16
2 37 16
0 36 16
2 8 45
2 7 45
2 6 45
2 5 45
0 4 45
1 36 15
1 36 14
0 36 13
5 8 36
2 7 36
2 6 36
2 5 36
2 4 36
2 3 36
0 2 36
1 45 16
1 45 17
0 45 18
1 4 44
0 4 43
1 26 26
3 26 27
2 27 27
0 28 27
1 2 37
1 2 38
0 2 39
0 29 23
6 4 42
2 5 42
0 6 42
0 24 25
0 40 17
0 17 35
0 36 22
2 3 45
2 2 45
0 1 45
0 19 25
0 15 36
1 28 28
0 28 29
0 11 39
1 9 46
1 9 47
0 9 48
2 46 15
2 47 15
0 48 15
2 35 16
2 34 16
2 33 16
0 32 16
0 32 23
1 36 12
1 36 11
1 36 10
0 36 9
0 41 12
1 2 35
0 2 34
0 11 42
1 2 40
4 2 41
0 1 41
0 32 17
1 6 41
0 6 40
0 40 19
1 45 14
0 45 13
0 5 36
2 8 48
2 7 48
0 6 48
0 28 30
0 40 22
1 2 33
0 2 32
0 11 36
0 17 32
2 35 9
2 34 9
0 33 9
6 45 8
2 46 8
0 47 8
2 41 22
2 42 22
2 43 22
0 44 22
2 45 22
0 46 22
1 40 23
1 40 24
0 40 25
0 22 25
1 40 26
0 40 27
4 37 13
6 37 12
0 38 12
0 19 28
1 32 24
0 32 25
1 33 8
1 33 7
0 33 6
1 33 5
1 33 4
1 33 3
0 33 2
2 3 32
2 4 32
2 5 32
0 6 32
1 32 15
0 32 14
2 34 2
2 35 2
0 36 2
0 7 32
2 31 14
0 30 14
2 29 14
0 28 14
1 36 8
0 36 7
0 32 26
1 1 46
3 1 47
0 2 47
2 12 42
0 13 42
0 33 10
0 26 23
1 47 7
0 47 6
0 41 14
1 11 35
6 11 34
0 12 34
1 48 14
1 48 13
0 48 12
2 41 27
2 42 27
2 43 27
0 44 27
2 18 28
2 17 28
0 16 28
1 48 16
0 48 17
1 32 27
3 32 28
0 33 28
0 28 31
1 41 9
0 41 8
1 46 23
0 46 24
1 29 22
0 29 21
2 15 28
0 14 28
0 47 5
2 31 17
0 30 17
0 6 47
0 2 31
1 24 26
1 24 27
0 24 28
0 19 31
1 2 48
0 2 49
1 33 29
1 33 30
0 33 31
1 33 32
1 33 33
0 33 34
1 7 31
0 7 30
2 27 14
2 26 14
2 25 14
2 24 14
0 23 14
1 36 21
0 36 20
0 47 4
2 34 28
0 35 28
0 12 33
1 23 15
0 23 16
0 13 28
2 18 35
2 19 35
0 20 35
1 20 36
3 20 37
0 21 37
0 28 32
2 22 37
0 23 37
1 40 28
1 40 29
1 40 30
4 40 31
0 39 31
1 39 32
1 39 33
0 39 34
2 40 34
0 41 34
0 39 35
1 39 36
1 39 37
0 39 38
2 46 4
2 45 4
0 44 4
1 22 24
1 22 23
0 22 22
0 22 21
1 7 29
0 7 28
2 37 2
0 38 2
1 38 3
0 38 4
2 39 2
0 40 2
0 8 41
0 7 27
1 13 43
1 13 44
0 13 45
1 28 13
0 28 12
1 15 37
0 15 38
0 42 22
1 28 11
0 28 10
0 35 20
0 40 31
2 14 45
2 15 45
0 16 45
0 28 9
0 23 13
2 38 38
2 37 38
0 36 38
2 8 27
0 9 27
0 47 3
0 47 2
0 24 16
0 48 11
2 32 34
0 31 34
0 23 12
0 41 7
0 38 31
0 24 17
0 44 28
0 35 38
2 45 28
2 46 28
0 47 28
0 17 45
1 47 29
0 47 30
2 21 21
0 20 21
0 19 21
1 17 46
1 17 47
3 17 48
0 18 48
0 33 25
2 32 6
2 31 6
0 30 6
0 8 32
1 24 29
0 24 30
0 42 34
2 47 24
0 48 24
1 36 39
0 36 40
1 48 18
0 48 19
1 36 41
1 36 42
0 36 43
0 42 35
3 15 39
0 16 39
2 17 39
0 18 39
2 37 43
0 38 43
1 38 44
0 38 45
2 39 43
0 40 43
2 41 43
2 42 43
2 43 43
0 44 43
2 45 43
2 46 43
2 47 43
0 48 43
1 44 42
1 44 41
0 44 40
2 45 40
4 46 40
0 46 39
1 38 46
0 38 47
0 42 36
0 30 5
1 2 30
1 2 29
1 2 28
0 2 27
1 23 38
1 23 39
0 23 40
0 24 40
1 24 41
1 24 42
0 24 43
2 25 40
2 26 40
2 27 40
2 28 40
0 29 40
0 30 40
1 47 31
0 47 32
2 25 43
0 26 43
0 29 20
1 44 3
0 44 2
1 19 20
1 19 19
0 19 18
1 2 26
0 2 25
2 8 30
2 9 30
0 10 30
0 2 24
0 2 23
0 33 1
0 2 22
0 2 21
1 2 20
1 2 19
1 2 18
1 2 17
1 2 16
1 2 15
1 2 14
1 2 13
1 2 12
1 2 11
1 2 10
5 2 9
3 1 9
1 1 8
1 1 7
0 1 6
2 2 6
2 3 6
4 4 6
1 4 5
0 4 4
0 47 39
0 43 4
1 4 3
0 4 2
2 3 2
2 2 2
0 1 2
0 30 18
2 5 4
2 6 4
2 7 4
0 8 4
2 32 1
0 31 1
2 44 18
0 43 18
2 10 48
2 11 48
0 12 48
1 8 5
1 8 6
1 8 7
0 8 8
0 2 11
0 2 9
0 0 2
1 44 29
0 44 30
0 14 42
1 40 1
0 40 0
0 37 9
1 26 44
1 26 45
0 26 46
0 1 7
6 23 36
2 24 36
0 25 36
0 26 36
2 39 25
0 38 25
1 19 17
5 19 16
0 18 16
0 47 33
2 48 33
0 49 33
2 3 11
2 4 11
0 5 11
1 5 12
0 5 13
0 33 32
0 5 14
0 34 20
0 32 15
1 5 15
1 5 16
0 5 17
4 24 44
2 23 44
0 22 44
2 16 32
0 15 32
1 23 11
1 23 10
1 23 9
1 23 8
1 23 7
1 23 6
1 23 5
5 23 4
0 22 4
1 8 9
0 8 10
1 22 3
5 22 2
0 21 2
4 19 22
2 18 22
2 17 22
0 16 22
0 15 22
0 40 44
0 23 7
0 33 11
0 43 10
0 14 22
2 9 4
2 10 4
2 11 4
2 12 4
0 13 4
1 14 21
1 14 20
0 14 19
6 13 3
4 14 3
0 14 2
2 14 38
0 13 38
2 27 46
2 28 46
2 29 46
2 30 46
4 31 46
0 31 45
2 13 19
3 12 19
1 12 18
0 12 17
5 25 17
3 25 18
0 26 18
2 13 22
2 12 22
0 11 22
1 12 16
1 12 15
6 12 14
0 13 14
2 1 36
0 0 36
0 4 5
1 9 26
0 9 25
2 24 7
0 25 7
0 7 8
1 13 5
1 13 6
1 13 7
3 13 8
2 14 8
0 15 8
1 48 44
1 48 45
4 48 46
2 47 46
0 46 46
0 40 28
0 18 25
0 1 21
1 26 47
3 26 48
0 27 48
3 22 12
0 22 11
5 13 13
2 12 13
0 11 13
2 21 11
2 20 11
0 19 11
2 18 11
0 17 11
6 25 46
1 25 47
4 25 48
0 24 48
1 22 45
4 22 46
0 21 46
5 15 2
3 15 3
2 16 3
0 17 3
1 8 3
6 8 2
0 9 2
1 18 40
0 18 41
-1
-1
-1
-1
-1
-1
-1
-1
-1
-1
-1
-1
-1
-1
-1
-1
-1
-1
-1
-1
-1
-1
-1
-1
-1
-1
-1
-1
-1
-1
-1
-1
-1
-1
-1
-1
-1
-1
-1
-1
-1
-1
-1
-1
-1
-1
-1
-1
-1
-1
-1
-1
-1
-1
-1
-1
-1
-1
-1
-1
-1
-1
-1
-1
-1
-1
-1
-1
-1
-1
-1
-1
-1
-1
-1
-1
-1
-1
-1
-1
-1
-1
-1
-1
-1
-1
-1
-1
-1
-1
-1
-1
-1
-1
-1
-1
-1
-1
-1
-1
-1
-1
-1
-1
-1
-1
-1
-1
-1
-1
-1
-1
-1
-1
-1
-1
-1
-1
-1
-1
-1
-1
-1
-1
-1
-1
-1
-1
-1
-1
-1
-1
-1
