0 36 30
1 36 29
1 36 28
1 36 27
1 36 26
1 36 25
1 36 24
1 36 23
1 36 22
1 36 21
1 36 20
1 36 19
1 36 18
6 36 17
4 37 17
1 37 16
1 37 15
1 37 14
1 37 13
1 37 12
1 37 11
1 37 10
1 37 9
1 37 8
1 37 7
1 37 6
6 37 5
2 38 5
2 39 5
2 40 5
2 41 5
0 42 5
2 43 5
2 44 5
2 45 5
2 46 5
4 47 5
-1
-1
-1
-1
-1
-1
-1
-1
-1
-1
0 47 4
1 36 31
1 36 32
1 36 33
1 36 34
1 36 35
1 36 36
1 36 37
1 36 38
1 36 39
1 36 40
1 36 41
-1
-1
-1
-1
-1
-1
-1
-1
-1
-1
-1
-1
-1
-1
-1
-1
-1
-1
-1
-1
-1
-1
-1
-1
0 36 42
5 42 4
2 41 4
2 40 4
2 39 4
2 38 4
2 37 4
2 36 4
2 35 4
2 34 4
2 33 4
2 32 4
2 31 4
2 30 4
2 29 4
2 28 4
2 27 4
2 26 4
2 25 4
2 24 4
2 23 4
2 22 4
2 21 4
6 20 4
1 20 5
4 20 6
6 19 6
4 19 7
2 18 7
2 17 7
2 16 7
2 15 7
2 14 7
2 13 7
2 12 7
2 11 7
2 10 7
2 9 7
2 8 7
2 7 7
6 6 7
1 6 8
0 6 9
1 36 43
3 36 44
2 37 44
2 38 44
2 39 44
2 40 44
2 41 44
2 42 44
0 43 44
5 7 9
1 7 10
3 7 11
5 8 11
1 8 12
1 8 13
1 8 14
-1
-1
0 8 15
1 47 3
1 47 2
5 47 1
2 46 1
2 45 1
2 44 1
2 43 1
2 42 1
2 41 1
2 40 1
2 39 1
2 38 1
2 37 1
2 36 1
2 35 1
2 34 1
0 33 1
0 36 35
2 9 15
2 10 15
2 11 15
5 12 15
1 12 16
0 12 17
1 8 16
1 8 17
1 8 18
1 8 19
4 8 20
2 7 20
2 6 20
0 5 20
1 43 43
1 43 42
1 43 41
0 43 40
0 10 7
5 37 35
3 37 36
2 38 36
0 39 36
1 42 6
3 42 7
2 43 7
2 44 7
0 45 7
1 10 8
1 10 9
3 10 10
2 11 10
0 12 10
0 16 7
2 35 42
2 34 42
2 33 42
0 32 42
0 37 9
2 42 40
2 41 40
2 40 40
0 39 40
0 43 1
0 38 1
1 45 8
3 45 9
2 46 9
2 47 9
0 48 9
0 35 4
0 20 4
0 40 4
1 43 45
1 43 46
3 43 47
0 44 47
0 47 1
0 37 17
0 8 20
0 26 4
0 32 41
0 12 15
3 39 37
2 40 37
0 41 37
0 8 11
4 6 10
2 5 10
2 4 10
0 3 10
2 37 30
0 38 30
0 36 27
0 6 7
0 2 10
2 39 30
2 40 30
0 41 30
1 26 3
6 26 2
0 27 2
1 26 5
0 26 6
0 38 44
0 37 6
2 42 37
2 43 37
2 44 37
2 45 37
0 46 37
0 36 22
0 5 19
0 36 19
0 31 4
0 36 37
1 41 29
0 41 28
1 10 6
1 10 5
1 10 4
0 10 3
0 47 37
1 48 10
1 48 11
1 48 12
1 48 13
0 48 14
0 10 2
0 17 7
2 47 14
2 46 14
0 45 14
1 3 11
1 3 12
0 3 13
2 44 14
0 43 14
3 35 35
5 35 34
0 34 34
1 20 3
1 20 2
5 20 1
2 19 1
0 18 1
1 17 8
1 17 9
1 17 10
0 17 11
2 18 11
2 19 11
0 20 11
4 45 47
1 45 46
6 45 45
0 46 45
2 38 9
0 39 9
4 42 28
6 42 27
2 43 27
0 44 27
4 3 14
2 2 14
0 1 14
1 38 45
0 38 46
2 21 11
2 22 11
2 23 11
0 24 11
2 35 27
0 34 27
0 39 10
0 9 7
0 44 37
1 8 21
1 8 22
0 8 23
0 43 2
2 45 27
2 46 27
0 47 27
1 24 12
3 24 13
2 25 13
2 26 13
2 27 13
0 28 13
2 29 13
2 30 13
0 31 13
1 31 14
0 31 15
0 10 5
0 37 27
6 38 10
1 38 11
0 38 12
2 35 19
0 34 19
1 44 26
1 44 25
1 44 24
0 44 23
2 35 22
2 34 22
2 33 22
0 32 22
1 20 12
1 20 13
0 20 14
0 25 13
0 25 6
1 32 23
4 32 24
0 31 24
1 20 15
1 20 16
1 20 17
0 20 18
0 37 46
1 8 24
4 8 25
0 7 25
0 13 15
0 27 6
0 19 18
1 48 15
0 48 16
1 2 9
1 2 8
0 2 7
1 48 17
1 48 18
0 48 19
1 12 18
1 12 19
0 12 20
2 21 18
0 22 18
1 38 47
0 38 48
2 47 19
0 46 19
0 35 37
2 38 17
2 39 17
0 40 17
2 32 1
0 31 1
1 5 18
5 5 17
0 4 17
1 2 6
1 2 5
1 2 4
0 2 3
1 5 21
4 5 22
2 4 22
2 3 22
2 2 22
0 1 22
0 43 15
5 32 21
2 31 21
2 30 21
2 29 21
0 28 21
0 19 6
2 37 22
2 38 22
0 39 22
4 7 26
2 6 26
2 5 26
0 4 26
1 4 27
4 4 28
2 3 28
2 2 28
2 1 28
0 0 28
0 2 2
2 18 18
0 17 18
0 31 16
1 47 28
1 47 29
1 47 30
0 47 31
0 38 4
1 0 29
1 0 30
1 0 31
3 0 32
0 1 32
3 39 41
0 40 41
1 32 40
1 32 39
5 32 38
0 31 38
0 22 4
0 22 3
5 34 33
2 33 33
3 32 33
1 32 32
5 32 31
0 31 31
0 46 31
0 9 20
4 31 32
2 30 32
2 29 32
0 28 32
0 28 2
1 31 5
1 31 6
1 31 7
3 31 8
0 32 8
2 30 38
0 29 38
0 11 3
2 9 2
2 8 2
2 7 2
0 6 2
5 24 10
2 23 10
0 22 10
2 40 10
2 41 10
2 42 10
0 43 10
2 12 3
2 13 3
0 14 3
1 22 19
0 22 20
0 8 16
6 31 12
2 32 12
0 33 12
0 45 47
1 29 39
4 29 40
2 28 40
2 27 40
2 26 40
0 25 40
1 32 43
1 32 44
4 32 45
2 31 45
2 30 45
2 29 45
6 28 45
1 28 46
1 28 47
0 28 48
0 39 46
5 25 39
2 24 39
2 23 39
2 22 39
2 21 39
0 20 39
5 9 23
1 9 24
1 9 25
1 9 26
1 9 27
3 9 28
0 10 28
1 41 27
0 41 26
2 23 20
0 24 20
2 14 15
0 15 15
0 8 2
6 10 27
2 11 27
2 12 27
2 13 27
2 14 27
2 15 27
0 16 27
1 16 26
1 16 25
5 16 24
0 15 24
1 1 33
3 1 34
2 2 34
2 3 34
0 4 34
4 17 27
1 17 26
6 17 25
0 18 25
6 41 36
0 42 36
3 16 28
2 17 28
2 18 28
0 19 28
1 19 29
1 19 30
3 19 31
0 20 31
1 20 40
1 20 41
4 20 42
0 19 42
5 11 5
0 11 6
4 4 35
2 3 35
2 2 35
2 1 35
0 0 35
0 31 25
1 10 29
1 10 30
1 10 31
4 10 32
0 9 32
1 25 41
1 25 42
1 25 43
4 25 44
0 24 44
1 19 43
1 19 44
1 19 45
1 19 46
4 19 47
2 18 47
2 17 47
0 16 47
1 0 36
1 0 37
3 0 38
2 1 38
0 2 38
3 9 33
2 10 33
5 11 33
3 11 34
0 12 34
1 28 31
5 28 30
3 27 30
1 27 29
0 27 28
1 16 46
5 16 45
2 15 45
2 14 45
2 13 45
2 12 45
2 11 45
0 10 45
-1
-1
-1
-1
-1
-1
-1
-1
-1
-1
-1
-1
-1
-1
-1
-1
-1
-1
-1
-1
-1
-1
-1
-1
-1
-1
-1
-1
-1
-1
-1
-1
-1
-1
-1
-1
-1
-1
-1
-1
-1
-1
-1
-1
-1
-1
-1
-1
-1
-1
-1
-1
-1
-1
-1
-1
-1
-1
-1
-1
-1
-1
-1
-1
-1
-1
-1
-1
-1
-1
-1
-1
-1
-1
-1
-1
-1
-1
-1
-1
-1
-1
-1
-1
-1
-1
-1
-1
-1
-1
-1
-1
-1
-1
-1
-1
-1
-1
-1
-1
-1
-1
-1
-1
-1
-1
-1
-1
-1
-1
-1
-1
-1
-1
-1
-1
-1
-1
-1
-1
-1
-1
-1
-1
-1
-1
-1
-1
-1
-1
-1
-1
-1
-1
-1
-1
-1
-1
-1
-1
-1
-1
-1
-1
-1
-1
-1
-1
-1
-1
-1
-1
-1
-1
-1
-1
-1
-1
-1
-1
-1
-1
-1
-1
-1
-1
-1
-1
-1
-1
-1
-1
-1
-1
-1
-1
-1
-1
-1
-1
-1
-1
-1
-1
-1
-1
-1
-1
