0 7 37
2 8 37
2 9 37
2 10 37
2 11 37
2 12 37
2 13 37
2 14 37
2 15 37
2 16 37
2 17 37
2 18 37
2 19 37
2 20 37
2 21 37
2 22 37
2 23 37
2 24 37
2 25 37
2 26 37
2 27 37
2 28 37
2 29 37
2 30 37
2 31 37
2 32 37
2 33 37
2 34 37
2 35 37
2 36 37
2 37 37
2 38 37
2 39 37
4 40 37
6 40 36
2 41 36
4 42 36
1 42 35
6 42 34
2 43 34
2 44 34
0 45 34
1 7 36
1 7 35
1 7 34
1 7 33
5 7 32
3 6 32
1 6 31
1 6 30
1 6 29
1 6 28
1 6 27
1 6 26
1 6 25
1 6 24
1 6 23
1 6 22
1 6 21
5 6 20
2 5 20
-1
-1
-1
-1
-1
-1
-1
-1
-1
-1
-1
0 4 20
1 4 19
1 4 18
1 4 17
1 4 16
-1
-1
-1
-1
-1
-1
-1
-1
-1
-1
-1
-1
0 4 15
-1
-1
-1
-1
-1
-1
-1
-1
0 42 36
3 6 37
1 6 36
5 6 35
2 5 35
2 4 35
2 3 35
2 2 35
0 1 35
1 4 14
1 4 13
1 4 12
1 4 11
-1
0 4 10
1 1 34
1 1 33
6 1 32
4 2 32
1 2 31
0 2 30
1 45 35
1 45 36
1 45 37
0 45 38
1 1 36
1 1 37
3 1 38
2 2 38
0 3 38
1 7 38
1 7 39
0 7 40
2 46 34
0 47 34
4 3 30
6 3 29
0 4 29
1 7 41
1 7 42
0 7 43
2 6 43
6 5 43
1 5 44
4 5 45
0 4 45
1 45 39
0 45 40
0 40 37
0 9 37
1 45 33
5 45 32
2 44 32
2 43 32
0 42 32
1 42 31
1 42 30
0 42 29
0 29 37
2 41 29
0 40 29
0 4 35
0 4 11
0 13 37
1 9 36
1 9 35
0 9 34
0 37 37
4 29 38
0 28 38
1 40 28
1 40 27
1 40 26
0 40 25
0 40 24
2 39 24
2 38 24
2 37 24
0 36 24
0 45 32
5 36 23
2 35 23
2 34 23
2 33 23
0 32 23
1 32 22
1 32 21
0 32 20
0 19 37
0 47 33
0 31 23
1 31 24
1 31 25
0 31 26
0 19 36
1 28 39
1 28 40
1 28 41
4 28 42
2 27 42
2 26 42
2 25 42
0 24 42
0 6 20
2 10 34
2 11 34
0 12 34
0 28 42
0 6 32
2 46 40
0 47 40
1 32 19
1 32 18
0 32 17
2 27 38
0 26 38
0 48 40
0 4 9
0 2 32
2 23 42
2 22 42
2 21 42
0 20 42
2 30 26
2 29 26
0 28 26
0 24 43
2 27 26
2 26 26
2 25 26
0 24 26
1 24 27
1 24 28
0 24 29
0 47 35
1 28 43
1 28 44
1 28 45
0 28 46
0 6 25
0 32 16
4 28 47
2 27 47
0 26 47
2 29 42
2 30 42
5 31 42
1 31 43
0 31 44
1 24 25
1 24 24
0 24 23
0 1 38
1 24 22
1 24 21
0 24 20
0 23 37
2 19 42
2 18 42
2 17 42
0 16 42
2 5 9
0 6 9
2 7 9
2 8 9
0 9 9
1 16 43
0 16 44
0 6 27
1 16 41
0 16 40
6 32 15
0 33 15
2 34 15
0 35 15
2 36 15
2 37 15
0 38 15
1 9 8
0 9 7
4 24 30
2 23 30
2 22 30
0 21 30
1 47 32
0 47 31
1 38 14
1 38 13
1 38 12
0 38 11
1 9 6
1 9 5
6 9 4
4 10 4
6 10 3
2 11 3
0 12 3
0 39 11
0 21 31
4 39 15
6 39 14
2 40 14
2 41 14
0 42 14
1 9 10
0 9 11
0 42 13
0 1 30
1 2 29
0 2 28
3 9 12
2 10 12
2 11 12
0 12 12
3 7 44
2 8 44
0 9 44
1 39 10
0 39 9
2 13 3
2 14 3
0 15 3
1 4 46
0 4 47
2 13 34
2 14 34
0 15 34
2 43 14
2 44 14
2 45 14
0 46 14
0 46 15
2 25 29
0 26 29
1 16 45
1 16 46
4 16 47
0 15 47
1 12 13
1 12 14
1 12 15
1 12 16
4 12 17
0 11 17
3 11 18
2 12 18
2 13 18
2 14 18
2 15 18
0 16 18
0 36 37
0 6 22
2 8 40
0 9 40
0 5 47
0 6 47
1 24 19
0 24 18
1 24 17
1 24 16
1 24 15
1 24 14
0 24 13
2 25 13
0 26 13
0 32 19
1 26 12
1 26 11
1 26 10
1 26 9
0 26 8
6 26 7
2 27 7
0 28 7
2 29 7
2 30 7
2 31 7
0 32 7
1 32 6
1 32 5
1 32 4
0 32 3
0 19 38
0 32 2
1 2 27
1 2 26
0 2 25
2 41 25
2 42 25
2 43 25
0 44 25
0 1 25
0 44 26
2 25 8
2 24 8
2 23 8
0 22 8
1 44 24
6 44 23
0 45 23
0 10 44
0 10 17
0 32 8
2 11 44
0 12 44
1 39 8
1 39 7
1 39 6
1 39 5
0 39 4
2 39 29
2 38 29
2 37 29
2 36 29
0 35 29
2 40 4
2 41 4
0 42 4
1 16 19
1 16 20
0 16 21
1 42 3
6 42 2
0 43 2
0 4 17
3 23 18
5 23 17
0 22 17
2 10 40
0 11 40
0 5 43
0 32 44
1 35 14
0 35 13
2 21 8
2 20 8
2 19 8
0 18 8
1 35 30
1 35 31
4 35 32
2 34 32
0 33 32
0 33 33
1 12 2
1 12 1
0 12 0
2 3 15
2 2 15
0 1 15
2 7 27
2 8 27
0 9 27
1 47 30
0 47 29
1 1 39
0 1 40
2 25 18
2 26 18
0 27 18
3 16 22
2 17 22
0 18 22
4 4 48
2 3 48
2 2 48
0 1 48
1 9 28
0 9 29
0 49 40
2 33 44
2 34 44
0 35 44
0 35 45
2 19 22
2 20 22
0 21 22
0 18 9
0 33 34
2 10 27
2 11 27
2 12 27
0 13 27
1 45 22
1 45 21
0 45 20
2 16 3
0 17 3
1 38 16
0 38 17
1 39 3
0 39 2
0 24 44
3 15 48
2 16 48
2 17 48
0 18 48
2 14 27
0 15 27
0 21 17
1 15 28
0 15 29
2 3 20
2 2 20
0 1 20
1 35 43
0 35 42
5 28 6
2 27 6
2 26 6
0 25 6
0 44 40
1 38 18
0 38 19
1 23 36
0 23 35
0 16 29
5 39 1
2 38 1
2 37 1
0 36 1
2 43 4
0 44 4
2 45 4
2 46 4
2 47 4
0 48 4
0 35 41
0 34 13
2 23 26
0 22 26
1 21 16
0 21 15
0 37 19
0 33 13
0 12 33
2 20 15
2 19 15
0 18 15
2 19 48
2 20 48
0 21 48
1 25 5
1 25 4
1 25 3
1 25 2
0 25 1
0 13 18
1 18 23
0 18 24
0 10 4
2 36 45
0 37 45
2 38 45
2 39 45
0 40 45
1 40 44
0 40 43
0 32 5
1 44 5
0 44 6
2 9 17
0 8 17
2 26 1
0 27 1
0 16 27
0 31 42
0 8 16
1 13 26
1 13 25
5 13 24
3 12 24
0 12 23
0 32 34
1 12 11
6 12 10
0 13 10
0 26 11
6 37 36
2 38 36
4 39 36
1 39 35
0 39 34
0 44 20
1 48 5
1 48 6
1 48 7
0 48 8
0 18 7
2 40 9
2 41 9
0 42 9
1 31 45
1 31 46
1 31 47
0 31 48
2 5 22
0 4 22
0 35 32
1 44 19
0 44 18
2 32 13
0 31 13
5 13 12
3 13 13
0 14 13
1 12 45
1 12 46
1 12 47
0 12 48
1 40 46
3 40 47
2 41 47
2 42 47
2 43 47
2 44 47
0 45 47
2 32 33
2 31 33
0 30 33
2 46 47
2 47 47
0 48 47
0 20 41
2 20 31
0 19 31
5 31 22
2 30 22
0 29 22
2 46 20
2 47 20
0 48 20
0 40 47
1 37 46
0 37 47
6 35 28
0 36 28
0 15 35
4 30 34
2 29 34
0 28 34
2 45 25
2 46 25
2 47 25
0 48 25
1 4 8
1 4 7
1 4 6
1 4 5
1 4 4
1 4 3
1 4 2
0 4 1
6 4 0
0 5 0
2 33 7
2 34 7
0 35 7
1 21 47
0 21 46
1 23 34
6 23 33
4 24 33
0 24 32
6 46 13
0 47 13
0 41 43
2 3 9
0 2 9
0 40 38
1 18 10
3 18 11
0 19 11
6 3 1
1 3 2
0 3 3
1 17 2
6 17 1
2 18 1
0 19 1
-1
-1
-1
-1
-1
-1
-1
-1
-1
-1
-1
-1
-1
-1
-1
-1
-1
-1
-1
-1
-1
-1
-1
-1
-1
-1
-1
-1
-1
-1
-1
-1
-1
-1
-1
-1
-1
-1
-1
-1
-1
-1
-1
-1
-1
-1
-1
-1
-1
-1
-1
-1
-1
-1
-1
-1
-1
-1
-1
-1
-1
-1
-1
-1
-1
-1
-1
-1
-1
-1
-1
-1
-1
-1
-1
-1
-1
-1
-1
-1
-1
-1
-1
-1
-1
-1
-1
-1
-1
-1
-1
-1
-1
-1
-1
-1
-1
-1
-1
-1
-1
-1
-1
-1
-1
-1
-1
-1
-1
-1
-1
-1
-1
-1
-1
-1
-1
-1
-1
-1
-1
-1
