0 40 2
1 40 3
1 40 4
1 40 5
1 40 6
3 40 7
5 41 7
1 41 8
1 41 9
1 41 10
1 41 11
1 41 12
1 41 13
1 41 14
1 41 15
1 41 16
1 41 17
1 41 18
1 41 19
3 41 20
5 42 20
1 42 21
1 42 22
1 42 23
1 42 24
1 42 25
1 42 26
0 42 27
2 39 2
2 38 2
2 37 2
2 36 2
2 35 2
2 34 2
2 33 2
6 32 2
1 32 3
1 32 4
1 32 5
4 32 6
2 31 6
2 30 6
2 29 6
2 28 6
2 27 6
2 26 6
2 25 6
2 24 6
2 23 6
6 22 6
1 22 7
1 22 8
1 22 9
4 22 10
2 21 10
2 20 10
2 19 10
-1
-1
-1
-1
-1
-1
-1
-1
-1
-1
-1
-1
-1
-1
-1
-1
-1
-1
-1
-1
-1
-1
-1
-1
-1
-1
-1
-1
-1
-1
-1
-1
-1
-1
-1
-1
-1
-1
-1
-1
-1
-1
-1
-1
-1
-1
-1
-1
-1
-1
-1
-1
-1
-1
-1
0 18 10
5 43 27
1 43 28
1 43 29
1 43 30
1 43 31
3 43 32
2 44 32
2 45 32
5 46 32
1 46 33
-1
-1
-1
-1
-1
-1
-1
-1
-1
-1
-1
-1
-1
-1
-1
-1
0 46 34
1 18 11
1 18 12
3 18 13
2 19 13
5 20 13
1 20 14
1 20 15
1 20 16
1 20 17
1 20 18
1 20 19
1 20 20
1 20 21
1 20 22
1 20 23
1 20 24
1 20 25
-1
-1
0 20 26
3 19 26
5 19 25
2 18 25
2 17 25
2 16 25
2 15 25
2 14 25
2 13 25
2 12 25
2 11 25
2 10 25
2 9 25
2 8 25
0 7 25
5 41 2
1 41 3
1 41 4
3 41 5
-1
-1
-1
0 42 5
4 7 26
2 6 26
2 5 26
2 4 26
2 3 26
-1
0 2 26
1 46 35
1 46 36
4 46 37
2 45 37
-1
0 44 37
1 42 28
1 42 29
1 42 30
4 42 31
-1
0 41 31
-1
-1
-1
0 22 9
2 43 37
2 42 37
2 41 37
2 40 37
2 39 37
2 38 37
2 37 37
2 36 37
0 35 37
0 46 32
2 41 27
2 40 27
3 39 27
1 39 26
1 39 25
0 39 24
0 10 25
1 10 26
1 10 27
1 10 28
1 10 29
3 10 30
2 11 30
5 12 30
1 12 31
1 12 32
1 12 33
1 12 34
0 12 35
0 22 6
0 32 2
0 41 18
2 40 18
2 39 18
0 38 18
0 37 18
0 20 13
0 27 6
5 7 24
2 6 24
0 5 24
1 10 24
1 10 23
1 10 22
1 10 21
0 10 20
0 41 7
0 36 2
0 41 10
2 43 5
4 44 5
0 44 4
0 31 6
2 45 4
2 46 4
0 47 4
1 35 36
1 35 35
1 35 34
0 35 33
2 17 10
2 16 10
6 15 10
1 15 11
1 15 12
4 15 13
2 14 13
0 13 13
0 41 13
1 47 3
1 47 2
0 47 1
1 12 36
4 12 37
2 11 37
0 10 37
0 15 10
0 10 30
2 12 13
2 11 13
2 10 13
2 9 13
0 8 13
0 20 19
1 5 23
1 5 22
1 5 21
1 5 20
0 5 19
1 44 38
1 44 39
1 44 40
3 44 41
0 45 41
0 40 31
0 46 41
0 13 14
0 42 22
2 21 13
2 22 13
0 23 13
0 40 32
0 43 32
1 18 9
0 18 8
2 42 10
2 43 10
0 44 10
1 35 32
1 35 31
1 35 30
0 35 29
1 8 14
0 8 15
0 20 16
0 41 37
0 41 36
0 47 34
5 13 35
1 13 36
0 13 37
2 7 15
2 6 15
2 5 15
2 4 15
0 3 15
0 20 23
1 2 27
1 2 28
0 2 29
0 11 20
4 35 38
2 34 38
2 33 38
2 32 38
0 31 38
0 38 2
2 9 37
0 8 37
1 31 39
1 31 40
1 31 41
1 31 42
1 31 43
0 31 44
1 2 30
1 2 31
3 2 32
2 3 32
0 4 32
5 35 28
2 34 28
0 33 28
0 39 23
1 44 11
0 44 12
2 45 12
2 46 12
2 47 12
0 48 12
2 19 16
2 18 16
2 17 16
0 16 16
1 22 5
1 22 4
1 22 3
0 22 2
2 14 37
2 15 37
2 16 37
2 17 37
0 18 37
0 39 27
1 44 3
0 44 2
1 18 36
0 18 35
0 22 1
1 47 5
1 47 6
0 47 7
2 24 13
2 25 13
0 26 13
4 31 45
2 30 45
0 29 45
0 18 13
1 48 13
1 48 14
0 48 15
1 44 13
1 44 14
0 44 15
1 18 34
1 18 33
0 18 32
1 26 14
0 26 15
2 38 23
2 37 23
0 36 23
1 33 27
1 33 26
5 33 25
0 32 25
0 18 31
2 31 25
0 30 25
0 17 31
2 40 10
2 39 10
0 38 10
4 30 26
2 29 26
2 28 26
0 27 26
1 27 27
1 27 28
1 27 29
1 27 30
0 27 31
1 27 32
4 27 33
2 26 33
2 25 33
0 24 33
4 47 32
1 47 31
0 47 30
1 8 12
1 8 11
0 8 10
2 7 10
2 6 10
0 5 10
1 47 29
0 47 28
1 5 9
1 5 8
0 5 7
1 41 38
1 41 39
4 41 40
0 40 40
0 13 38
0 5 11
1 30 24
1 30 23
1 30 22
6 30 21
0 31 21
1 18 38
3 18 39
2 19 39
0 20 39
1 48 16
1 48 17
0 48 18
0 44 5
0 42 20
1 45 42
1 45 43
4 45 44
2 44 44
6 43 44
1 43 45
0 43 46
1 13 39
1 13 40
1 13 41
1 13 42
0 13 43
1 13 44
1 13 45
1 13 46
1 13 47
0 13 48
0 42 46
6 12 43
4 12 44
2 11 44
0 10 44
0 17 25
1 31 7
1 31 8
1 31 9
0 31 10
0 30 10
5 21 16
3 21 17
2 22 17
0 23 17
1 29 44
1 29 43
0 29 42
2 47 41
0 48 41
3 4 24
1 4 23
0 4 22
1 37 17
5 37 16
2 36 16
2 35 16
0 34 16
4 29 46
2 28 46
2 27 46
0 26 46
3 47 8
0 48 8
4 13 15
0 12 15
0 12 30
1 27 5
1 27 4
1 27 3
0 27 2
4 33 29
6 32 29
0 32 30
2 28 42
2 27 42
0 26 42
0 43 27
1 24 34
0 24 35
5 36 33
3 36 34
0 37 34
1 38 9
5 38 8
0 37 8
2 7 37
0 6 37
2 12 48
2 11 48
2 10 48
2 9 48
2 8 48
2 7 48
0 6 48
2 36 8
0 35 8
0 35 2
1 31 20
0 31 19
2 5 48
2 4 48
2 3 48
2 2 48
0 1 48
1 34 15
6 34 14
0 35 14
2 21 26
0 22 26
0 9 20
0 48 34
0 6 19
1 1 47
1 1 46
1 1 45
0 1 44
0 40 41
1 31 18
5 31 17
0 30 17
1 31 37
1 31 36
1 31 35
0 31 34
1 15 9
5 15 8
0 14 8
1 47 27
1 47 26
1 47 25
1 47 24
0 47 23
2 30 38
2 29 38
0 28 38
1 46 40
1 46 39
0 46 38
4 48 19
0 47 19
5 6 36
2 5 36
2 4 36
2 3 36
0 2 36
0 29 10
1 2 37
1 2 38
0 2 39
4 2 40
0 1 40
1 26 47
3 26 48
0 27 48
2 25 35
0 26 35
2 39 41
2 38 41
2 37 41
2 36 41
0 35 41
1 35 42
0 35 43
1 17 24
1 17 23
5 17 22
0 16 22
1 16 17
1 16 18
0 16 19
1 48 42
1 48 43
1 48 44
1 48 45
3 48 46
0 49 46
1 18 7
1 18 6
5 18 5
0 17 5
0 27 27
3 26 26
1 26 25
1 26 24
1 26 23
5 26 22
0 25 22
3 9 30
1 9 29
1 9 28
5 9 27
0 8 27
6 8 9
0 9 9
4 26 43
2 25 43
2 24 43
2 23 43
0 22 43
1 35 44
1 35 45
0 35 46
2 4 7
2 3 7
0 2 7
1 11 21
1 11 22
1 11 23
3 11 24
0 12 24
6 12 29
2 13 29
0 14 29
2 14 48
0 15 48
1 2 35
1 2 34
0 2 33
6 15 47
2 16 47
2 17 47
2 18 47
0 19 47
-1
-1
-1
-1
-1
-1
-1
-1
-1
-1
-1
-1
-1
-1
-1
-1
-1
-1
-1
-1
-1
-1
-1
-1
-1
-1
-1
-1
-1
-1
-1
-1
-1
-1
-1
-1
-1
-1
-1
-1
-1
-1
-1
-1
-1
-1
-1
-1
-1
-1
-1
-1
-1
-1
-1
-1
-1
-1
-1
-1
-1
-1
-1
-1
-1
-1
-1
-1
-1
-1
-1
-1
-1
-1
-1
-1
-1
-1
-1
-1
-1
-1
-1
-1
-1
-1
-1
-1
-1
-1
-1
-1
-1
-1
-1
-1
-1
-1
-1
-1
-1
-1
-1
-1
-1
-1
-1
-1
-1
-1
-1
-1
-1
-1
-1
-1
-1
-1
-1
-1
-1
-1
