0 15 15
1 15 14
6 15 13
2 16 13
2 17 13
2 18 13
2 19 13
2 20 13
2 21 13
2 22 13
2 23 13
2 24 13
2 25 13
2 26 13
2 27 13
2 28 13
2 29 13
2 30 13
2 31 13
2 32 13
2 33 13
4 34 13
1 34 12
1 34 11
6 34 10
2 35 10
2 36 10
2 37 10
2 38 10
2 39 10
2 40 10
4 41 10
1 41 9
1 41 8
1 41 7
1 41 6
1 41 5
6 41 4
2 42 4
2 43 4
2 44 4
4 45 4
0 45 3
2 14 15
2 13 15
2 12 15
2 11 15
2 10 15
2 9 15
6 8 15
1 8 16
1 8 17
1 8 18
1 8 19
1 8 20
1 8 21
-1
-1
-1
-1
-1
-1
-1
-1
-1
-1
-1
-1
-1
0 8 22
2 7 22
2 6 22
2 5 22
2 4 22
2 3 22
6 2 22
1 2 23
1 2 24
1 2 25
4 2 26
6 1 26
1 1 27
1 1 28
1 1 29
1 1 30
-1
-1
-1
-1
-1
-1
-1
-1
-1
-1
-1
-1
-1
-1
-1
-1
-1
0 1 31
-1
-1
-1
-1
-1
-1
-1
-1
-1
-1
-1
-1
-1
-1
-1
-1
-1
0 41 4
1 1 32
1 1 33
1 1 34
1 1 35
1 1 36
-1
-1
-1
-1
-1
-1
-1
-1
-1
-1
0 1 37
4 2 37
6 2 36
2 3 36
2 4 36
-1
-1
-1
-1
-1
-1
0 5 36
-1
-1
-1
-1
-1
-1
-1
-1
0 2 22
5 46 3
3 46 4
-1
-1
-1
-1
-1
0 47 4
1 1 38
1 1 39
3 1 40
2 2 40
5 3 40
1 3 41
1 3 42
0 3 43
-1
-1
-1
-1
-1
0 41 10
1 5 37
3 5 38
2 6 38
5 7 38
1 7 39
3 7 40
2 8 40
2 9 40
0 10 40
1 10 41
1 10 42
3 10 43
2 11 43
2 12 43
2 13 43
2 14 43
2 15 43
2 16 43
2 17 43
2 18 43
2 19 43
2 20 43
2 21 43
2 22 43
2 23 43
0 24 43
2 25 43
2 26 43
2 27 43
2 28 43
2 29 43
2 30 43
0 31 43
0 8 19
0 8 15
4 8 23
2 7 23
0 6 23
1 2 21
1 2 20
0 2 19
0 34 13
1 34 14
1 34 15
1 34 16
1 34 17
1 34 18
3 34 19
0 35 19
1 47 3
0 47 2
1 2 18
1 2 17
0 2 16
1 35 20
1 35 21
0 35 22
2 1 19
0 0 19
1 31 42
1 31 41
1 31 40
1 31 39
1 31 38
0 31 37
0 8 14
0 1 34
1 35 23
1 35 24
3 35 25
2 36 25
2 37 25
0 38 25
0 7 40
1 38 26
1 38 27
3 38 28
2 39 28
0 40 28
4 2 31
6 2 30
2 3 30
0 4 30
0 2 25
3 40 29
2 41 29
2 42 29
2 43 29
0 44 29
0 37 10
3 44 30
0 45 30
2 3 16
0 4 16
1 45 31
1 45 32
1 45 33
1 45 34
3 45 35
0 46 35
0 45 4
2 34 22
0 33 22
0 1 22
2 32 22
2 31 22
0 30 22
1 30 23
1 30 24
1 30 25
0 30 26
1 41 3
1 41 2
0 41 1
2 32 37
2 33 37
2 34 37
2 35 37
2 36 37
0 37 37
0 41 0
2 7 19
0 6 19
2 38 37
0 39 37
2 9 22
0 10 22
1 10 23
1 10 24
1 10 25
3 10 26
0 11 26
1 11 27
1 11 28
0 11 29
3 10 29
5 10 28
2 9 28
0 8 28
1 39 38
1 39 39
1 39 40
1 39 41
0 39 42
6 35 18
2 36 18
2 37 18
2 38 18
0 39 18
0 42 10
2 31 26
2 32 26
2 33 26
0 34 26
0 3 40
1 39 43
0 39 44
2 3 19
0 4 19
1 4 15
0 4 14
1 24 44
1 24 45
1 24 46
0 24 47
2 23 47
2 22 47
2 21 47
2 20 47
2 19 47
0 18 47
1 30 27
4 30 28
0 29 28
1 18 46
0 18 45
2 28 28
2 27 28
2 26 28
2 25 28
2 24 28
0 23 28
1 23 27
1 23 26
5 23 25
2 22 25
0 21 25
1 21 24
1 21 23
0 21 22
0 12 15
0 21 21
0 40 18
1 21 20
1 21 19
1 21 18
0 21 17
2 41 18
2 42 18
0 43 18
1 12 16
1 12 17
0 12 18
1 37 9
1 37 8
1 37 7
0 37 6
6 43 17
2 44 17
2 45 17
2 46 17
0 47 17
1 23 29
1 23 30
0 23 31
1 42 11
1 42 12
0 42 13
2 12 29
2 13 29
0 14 29
1 34 27
1 34 28
1 34 29
1 34 30
0 34 31
1 8 29
1 8 30
0 8 31
0 43 13
0 1 27
2 36 6
2 35 6
0 34 6
1 44 28
0 44 27
1 24 42
1 24 41
1 24 40
1 24 39
0 24 38
2 24 31
0 25 31
1 14 30
1 14 31
1 14 32
1 14 33
1 14 34
0 14 35
1 4 13
1 4 12
1 4 11
1 4 10
6 4 9
0 5 9
1 39 45
1 39 46
1 39 47
1 39 48
0 39 49
1 5 8
1 5 7
0 5 6
1 5 5
1 5 4
0 5 3
2 6 3
0 7 3
6 4 3
4 4 4
2 3 4
2 2 4
2 1 4
0 0 4
4 40 49
1 40 48
6 40 47
2 41 47
2 42 47
2 43 47
0 44 47
1 34 7
1 34 8
4 34 9
2 33 9
2 32 9
2 31 9
0 30 9
2 29 9
2 28 9
2 27 9
2 26 9
2 25 9
0 24 9
1 45 2
0 45 1
1 24 8
1 24 7
1 24 6
1 24 5
1 24 4
6 24 3
0 25 3
1 23 32
4 23 33
2 22 33
0 21 33
5 25 2
0 24 2
6 11 25
2 12 25
2 13 25
2 14 25
4 15 25
0 15 24
1 34 5
6 34 4
0 35 4
1 30 10
0 30 11
6 23 2
4 23 3
2 22 3
2 21 3
2 20 3
0 19 3
1 19 4
1 19 5
1 19 6
1 19 7
4 19 8
0 18 8
1 8 32
3 8 33
0 9 33
1 47 18
1 47 19
1 47 20
1 47 21
1 47 22
0 47 23
-1
-1
-1
-1
-1
-1
-1
-1
-1
-1
-1
-1
-1
-1
-1
-1
-1
-1
-1
-1
-1
-1
-1
-1
-1
-1
-1
-1
-1
-1
-1
-1
-1
-1
-1
-1
-1
-1
-1
-1
-1
-1
-1
-1
-1
-1
-1
-1
-1
-1
-1
-1
-1
-1
-1
-1
-1
-1
-1
-1
-1
-1
-1
-1
-1
-1
-1
-1
-1
-1
-1
-1
-1
-1
-1
-1
-1
-1
-1
-1
-1
-1
-1
-1
-1
-1
-1
-1
-1
-1
-1
-1
-1
-1
-1
-1
-1
-1
-1
-1
-1
-1
-1
-1
-1
-1
-1
-1
-1
-1
-1
-1
-1
-1
-1
-1
-1
-1
-1
-1
-1
-1
-1
-1
-1
-1
-1
-1
-1
-1
-1
-1
-1
-1
-1
-1
-1
-1
-1
-1
-1
-1
-1
-1
-1
-1
-1
-1
-1
-1
-1
-1
-1
-1
-1
-1
-1
-1
-1
-1
-1
-1
-1
-1
-1
-1
-1
-1
-1
-1
-1
-1
-1
-1
-1
-1
-1
-1
-1
-1
-1
-1
-1
-1
-1
-1
-1
-1
-1
-1
-1
-1
-1
-1
-1
-1
-1
-1
-1
-1
-1
-1
-1
-1
-1
-1
-1
-1
-1
-1
-1
-1
-1
-1
-1
-1
-1
-1
-1
-1
-1
-1
-1
-1
-1
-1
-1
-1
-1
-1
-1
-1
-1
-1
-1
-1
-1
-1
-1
-1
-1
-1
-1
-1
-1
-1
-1
-1
-1
-1
-1
-1
-1
-1
-1
-1
-1
-1
-1
-1
-1
-1
-1
-1
-1
-1
-1
-1
-1
-1
-1
-1
-1
-1
-1
-1
-1
-1
-1
-1
