0 29 6
1 29 7
1 29 8
1 29 9
1 29 10
1 29 11
1 29 12
1 29 13
1 29 14
1 29 15
1 29 16
1 29 17
1 29 18
1 29 19
1 29 20
1 29 21
1 29 22
1 29 23
1 29 24
1 29 25
1 29 26
3 29 27
2 30 27
5 31 27
3 31 28
2 32 28
2 33 28
2 34 28
0 35 28
2 28 6
2 27 6
2 26 6
2 25 6
2 24 6
2 23 6
2 22 6
2 21 6
2 20 6
2 19 6
2 18 6
6 17 6
4 17 7
2 16 7
2 15 7
-1
-1
-1
-1
-1
-1
-1
0 14 7
1 35 29
1 35 30
1 35 31
1 35 32
4 35 33
2 34 33
2 33 33
2 32 33
2 31 33
-1
-1
-1
-1
-1
-1
-1
-1
-1
-1
-1
-1
-1
-1
-1
-1
-1
-1
-1
-1
-1
-1
-1
-1
-1
-1
-1
-1
-1
-1
-1
-1
-1
-1
-1
-1
-1
-1
-1
-1
-1
-1
-1
-1
-1
-1
-1
0 30 33
1 30 34
1 30 35
1 30 36
1 30 37
3 30 38
2 31 38
2 32 38
5 33 38
3 33 39
2 34 39
2 35 39
2 36 39
5 37 39
1 37 40
1 37 41
3 37 42
2 38 42
-1
-1
-1
-1
-1
-1
-1
-1
-1
-1
-1
-1
-1
-1
-1
-1
-1
-1
-1
-1
-1
-1
-1
-1
-1
-1
-1
-1
-1
0 39 42
-1
-1
-1
-1
-1
-1
-1
-1
-1
-1
-1
-1
-1
-1
-1
-1
-1
-1
-1
-1
-1
-1
-1
-1
-1
0 21 6
1 29 5
1 29 4
1 29 3
-1
-1
-1
-1
-1
-1
-1
-1
-1
-1
-1
-1
-1
-1
-1
-1
0 29 2
-1
-1
-1
-1
-1
-1
-1
-1
-1
-1
-1
-1
-1
-1
-1
-1
0 33 38
2 40 42
2 41 42
2 42 42
2 43 42
4 44 42
1 44 41
1 44 40
1 44 39
1 44 38
1 44 37
-1
-1
-1
-1
0 44 36
1 14 6
1 14 5
5 14 4
2 13 4
2 12 4
2 11 4
2 10 4
-1
-1
-1
-1
-1
0 9 4
-1
-1
-1
-1
-1
-1
-1
-1
-1
0 29 24
1 29 1
6 29 0
2 30 0
2 31 0
2 32 0
2 33 0
2 34 0
2 35 0
2 36 0
2 37 0
2 38 0
2 39 0
0 40 0
2 29 33
2 28 33
2 27 33
2 26 33
2 25 33
2 24 33
2 23 33
0 22 33
5 22 32
2 21 32
2 20 32
2 19 32
2 18 32
2 17 32
2 16 32
2 15 32
0 14 32
1 21 7
1 21 8
3 21 9
2 22 9
2 23 9
5 24 9
3 24 10
2 25 10
0 26 10
1 9 5
1 9 6
4 9 7
2 8 7
2 7 7
2 6 7
2 5 7
2 4 7
2 3 7
0 2 7
-1
0 31 27
1 26 11
1 26 12
1 26 13
4 26 14
2 25 14
-1
0 24 14
1 14 31
1 14 30
1 14 29
1 14 28
1 14 27
1 14 26
1 14 25
1 14 24
5 14 23
2 13 23
2 12 23
2 11 23
2 10 23
3 9 23
5 9 22
0 8 22
2 23 14
2 22 14
2 21 14
2 20 14
2 19 14
0 18 14
0 44 42
0 30 6
4 18 15
2 17 15
2 16 15
2 15 15
2 14 15
0 13 15
4 30 24
1 30 23
1 30 22
1 30 21
1 30 20
1 30 19
1 30 18
6 30 17
0 31 17
0 17 6
1 31 16
1 31 15
1 31 14
1 31 13
6 31 12
2 32 12
0 33 12
0 37 39
3 28 24
5 28 23
2 27 23
0 26 23
2 25 23
2 24 23
2 23 23
2 22 23
0 21 23
2 32 17
2 33 17
2 34 17
0 35 17
4 21 24
2 20 24
2 19 24
0 18 24
5 36 28
3 36 29
2 37 29
2 38 29
2 39 29
0 40 29
0 24 9
1 33 11
6 33 10
0 34 10
2 35 10
2 36 10
2 37 10
2 38 10
2 39 10
2 40 10
0 41 10
0 28 2
1 22 34
1 22 35
1 22 36
1 22 37
1 22 38
4 22 39
0 21 39
2 7 22
0 6 22
0 29 9
1 9 3
6 9 2
2 10 2
2 11 2
2 12 2
0 13 2
4 39 43
2 38 43
0 37 43
6 18 13
0 19 13
1 21 22
1 21 21
0 21 20
1 30 32
5 30 31
2 29 31
2 28 31
2 27 31
0 26 31
0 30 38
0 9 23
3 29 38
5 29 37
0 28 37
1 26 30
5 26 29
2 25 29
2 24 29
0 23 29
1 44 35
5 44 34
0 43 34
1 44 43
4 44 44
0 43 44
2 45 42
2 46 42
0 47 42
1 40 28
0 40 27
1 21 40
1 21 41
1 21 42
4 21 43
0 20 43
1 6 21
1 6 20
5 6 19
0 5 19
2 19 43
2 18 43
2 17 43
2 16 43
2 15 43
2 14 43
2 13 43
0 12 43
1 33 37
1 33 36
6 33 35
0 34 35
2 11 43
2 10 43
2 9 43
2 8 43
2 7 43
2 6 43
0 5 43
1 5 44
1 5 45
4 5 46
2 4 46
2 3 46
2 2 46
0 1 46
-1
-1
-1
-1
-1
-1
-1
-1
-1
-1
-1
-1
-1
-1
-1
-1
-1
-1
-1
-1
-1
-1
-1
-1
-1
-1
-1
-1
-1
-1
-1
-1
-1
-1
-1
-1
-1
-1
-1
-1
-1
-1
-1
-1
-1
-1
-1
-1
-1
-1
-1
-1
-1
-1
-1
-1
-1
-1
-1
-1
-1
-1
-1
-1
-1
-1
-1
-1
-1
-1
-1
-1
-1
-1
-1
-1
-1
-1
-1
-1
-1
-1
-1
-1
-1
-1
-1
-1
-1
-1
-1
-1
-1
-1
-1
-1
-1
-1
-1
-1
-1
-1
-1
-1
-1
-1
-1
-1
-1
-1
-1
-1
-1
-1
-1
-1
-1
-1
-1
-1
-1
-1
-1
-1
-1
-1
-1
-1
-1
-1
-1
-1
-1
-1
-1
-1
-1
-1
-1
-1
-1
-1
-1
-1
-1
-1
-1
-1
-1
-1
-1
-1
-1
-1
-1
-1
-1
-1
-1
-1
-1
-1
-1
-1
-1
-1
-1
-1
-1
-1
-1
-1
-1
-1
-1
-1
-1
-1
-1
-1
-1
-1
-1
-1
-1
-1
-1
-1
-1
-1
-1
-1
-1
-1
-1
-1
-1
-1
-1
-1
-1
-1
-1
-1
-1
-1
-1
-1
-1
-1
-1
-1
-1
-1
-1
-1
-1
-1
-1
-1
-1
-1
-1
-1
-1
-1
-1
-1
-1
-1
-1
-1
-1
-1
-1
-1
-1
-1
-1
-1
-1
-1
-1
-1
-1
-1
-1
-1
-1
-1
-1
-1
-1
-1
-1
-1
-1
-1
-1
-1
-1
-1
-1
-1
-1
-1
-1
-1
-1
-1
-1
-1
-1
-1
-1
-1
-1
-1
-1
-1
-1
-1
-1
-1
-1
-1
-1
-1
-1
-1
-1
-1
-1
-1
-1
-1
-1
-1
-1
-1
-1
-1
-1
-1
-1
-1
-1
-1
-1
-1
-1
-1
-1
-1
-1
-1
