0 16 20
1 16 21
3 16 22
2 17 22
2 18 22
2 19 22
2 20 22
2 21 22
2 22 22
2 23 22
2 24 22
2 25 22
2 26 22
2 27 22
2 28 22
2 29 22
2 30 22
2 31 22
5 32 22
1 32 23
1 32 24
3 32 25
2 33 25
2 34 25
2 35 25
2 36 25
2 37 25
2 38 25
2 39 25
2 40 25
5 41 25
1 41 26
1 41 27
1 41 28
3 41 29
5 42 29
0 42 30
5 16 19
2 15 19
2 14 19
2 13 19
2 12 19
2 11 19
2 10 19
2 9 19
2 8 19
2 7 19
2 6 19
3 5 19
1 5 18
1 5 17
1 5 16
1 5 15
1 5 14
1 5 13
5 5 12
2 4 12
-1
-1
-1
-1
-1
-1
-1
-1
-1
-1
-1
-1
-1
-1
-1
-1
-1
-1
-1
-1
-1
-1
-1
-1
-1
-1
-1
-1
-1
-1
-1
-1
-1
-1
-1
-1
-1
-1
-1
-1
-1
-1
-1
-1
-1
-1
-1
-1
-1
-1
-1
-1
-1
-1
0 3 12
6 15 20
1 15 21
1 15 22
1 15 23
1 15 24
1 15 25
1 15 26
1 15 27
4 15 28
6 14 28
1 14 29
1 14 30
1 14 31
1 14 32
4 14 33
6 13 33
1 13 34
1 13 35
1 13 36
1 13 37
1 13 38
4 13 39
-1
-1
-1
-1
-1
-1
-1
-1
-1
-1
-1
-1
-1
-1
-1
-1
-1
-1
-1
-1
-1
-1
-1
-1
-1
-1
-1
-1
-1
-1
-1
0 12 39
4 43 30
1 43 29
1 43 28
1 43 27
6 43 26
2 44 26
4 45 26
1 45 25
1 45 24
1 45 23
-1
-1
-1
-1
-1
-1
-1
-1
-1
-1
-1
-1
-1
-1
-1
-1
-1
-1
-1
-1
-1
-1
-1
-1
0 45 22
3 12 40
2 13 40
2 14 40
2 15 40
2 16 40
2 17 40
2 18 40
2 19 40
2 20 40
4 21 40
1 21 39
6 21 38
2 22 38
-1
-1
-1
-1
-1
-1
-1
-1
-1
-1
-1
-1
-1
0 23 38
4 17 20
1 17 19
1 17 18
1 17 17
1 17 16
1 17 15
1 17 14
1 17 13
1 17 12
1 17 11
1 17 10
1 17 9
1 17 8
1 17 7
1 17 6
1 17 5
1 17 4
1 17 3
-1
-1
-1
-1
0 17 2
1 3 13
1 3 14
1 3 15
1 3 16
4 3 17
2 2 17
2 1 17
6 0 17
1 0 18
1 0 19
1 0 20
1 0 21
1 0 22
1 0 23
1 0 24
1 0 25
-1
0 0 26
-1
-1
-1
-1
-1
-1
-1
-1
-1
-1
-1
-1
-1
0 41 25
1 23 37
1 23 36
1 23 35
1 23 34
1 23 33
6 23 32
2 24 32
2 25 32
-1
-1
-1
-1
0 26 32
-1
-1
-1
-1
-1
-1
-1
-1
-1
0 2 17
1 42 31
1 42 32
1 42 33
1 42 34
1 42 35
1 42 36
1 42 37
3 42 38
-1
-1
0 43 38
1 23 39
1 23 40
1 23 41
3 23 42
2 24 42
2 25 42
2 26 42
2 27 42
2 28 42
2 29 42
0 30 42
5 18 2
1 18 3
1 18 4
3 18 5
2 19 5
-1
-1
0 20 5
-1
-1
-1
-1
-1
-1
-1
0 28 22
-1
-1
-1
-1
-1
-1
0 5 16
1 43 39
4 43 40
2 42 40
2 41 40
2 40 40
2 39 40
-1
0 38 40
6 41 30
4 41 31
2 40 31
2 39 31
2 38 31
2 37 31
0 36 31
-1
-1
-1
-1
-1
0 32 22
-1
-1
-1
-1
-1
0 14 40
6 3 11
2 4 11
2 5 11
2 6 11
2 7 11
0 8 11
1 14 41
1 14 42
-1
-1
0 14 43
3 20 6
2 21 6
2 22 6
-1
0 23 6
6 8 10
2 9 10
2 10 10
2 11 10
-1
0 12 10
2 1 26
2 2 26
2 3 26
2 4 26
2 5 26
0 6 26
2 13 43
2 12 43
2 11 43
2 10 43
2 9 43
2 8 43
2 7 43
2 6 43
2 5 43
0 4 43
2 16 2
0 15 2
1 12 38
5 12 37
0 11 37
1 23 5
1 23 4
0 23 3
1 0 27
1 0 28
1 0 29
1 0 30
0 0 31
-1
-1
0 43 40
-1
-1
-1
0 45 26
1 41 24
1 41 23
1 41 22
1 41 21
1 41 20
1 41 19
1 41 18
0 41 17
0 5 19
-1
-1
0 4 42
5 11 36
2 10 36
2 9 36
2 8 36
2 7 36
0 6 36
2 27 32
2 28 32
0 29 32
3 23 7
2 24 7
2 25 7
2 26 7
2 27 7
2 28 7
0 29 7
0 6 19
0 13 19
1 41 16
1 41 15
1 41 14
1 41 13
0 41 12
-1
0 0 17
6 29 6
2 30 6
2 31 6
2 32 6
2 33 6
2 34 6
0 35 6
0 21 40
1 12 11
3 12 12
0 13 12
1 26 31
1 26 30
5 26 29
0 25 29
0 42 29
-1
-1
0 4 26
1 6 27
3 6 28
2 7 28
2 8 28
2 9 28
0 10 28
3 2 12
1 2 11
1 2 10
1 2 9
1 2 8
1 2 7
1 2 6
0 2 5
0 13 33
-1
-1
-1
-1
-1
-1
-1
-1
-1
-1
-1
-1
-1
-1
-1
-1
-1
-1
-1
-1
-1
-1
-1
-1
-1
-1
-1
-1
-1
-1
-1
-1
-1
-1
-1
-1
-1
-1
-1
-1
-1
-1
-1
-1
-1
-1
-1
-1
-1
-1
-1
-1
-1
-1
-1
-1
-1
-1
-1
-1
-1
-1
-1
-1
-1
-1
-1
-1
-1
-1
-1
-1
-1
-1
-1
-1
-1
-1
-1
-1
-1
-1
-1
-1
-1
-1
-1
-1
-1
-1
-1
-1
-1
-1
-1
-1
-1
-1
-1
-1
-1
-1
-1
-1
-1
-1
-1
-1
-1
-1
-1
-1
-1
-1
-1
-1
-1
-1
-1
-1
-1
-1
-1
-1
-1
-1
-1
-1
-1
-1
-1
-1
-1
-1
-1
-1
-1
-1
-1
-1
-1
-1
-1
-1
-1
-1
-1
-1
-1
-1
-1
-1
-1
-1
-1
-1
-1
-1
-1
-1
-1
-1
-1
-1
-1
-1
-1
-1
-1
-1
-1
-1
-1
-1
-1
-1
-1
-1
-1
-1
-1
-1
-1
-1
-1
-1
-1
-1
-1
-1
-1
-1
-1
-1
-1
-1
-1
-1
-1
-1
-1
-1
-1
-1
-1
-1
-1
-1
-1
-1
-1
-1
-1
-1
-1
-1
-1
-1
-1
-1
-1
-1
-1
-1
-1
-1
-1
-1
-1
-1
-1
-1
-1
-1
-1
-1
-1
-1
-1
-1
-1
-1
-1
-1
-1
-1
-1
-1
-1
-1
-1
-1
-1
-1
-1
-1
-1
-1
-1
-1
-1
-1
-1
-1
-1
-1
-1
-1
-1
-1
-1
-1
-1
-1
-1
-1
-1
-1
-1
-1
-1
-1
-1
-1
-1
-1
-1
-1
-1
-1
-1
-1
-1
