0 11 14
6 11 13
2 12 13
2 13 13
4 14 13
1 14 12
1 14 11
1 14 10
1 14 9
6 14 8
2 15 8
2 16 8
2 17 8
2 18 8
2 19 8
2 20 8
0 21 8
1 21 9
3 21 10
2 22 10
2 23 10
2 24 10
5 25 10
1 25 11
3 25 12
2 26 12
2 27 12
2 28 12
2 29 12
2 30 12
2 31 12
2 32 12
2 33 12
2 34 12
5 35 12
1 35 13
1 35 14
1 35 15
1 35 16
1 35 17
1 35 18
1 35 19
1 35 20
1 35 21
1 35 22
1 35 23
1 35 24
1 35 25
1 35 26
1 35 27
1 35 28
1 35 29
1 35 30
1 35 31
1 35 32
1 35 33
1 35 34
1 35 35
1 35 36
1 35 37
3 35 38
2 36 38
2 37 38
2 38 38
2 39 38
2 40 38
5 41 38
1 41 39
3 41 40
-1
-1
-1
-1
-1
-1
-1
-1
-1
-1
-1
-1
-1
-1
-1
-1
-1
-1
-1
-1
-1
-1
-1
-1
-1
-1
-1
-1
-1
-1
-1
0 42 40
1 42 41
1 42 42
1 42 43
1 42 44
3 42 45
-1
-1
-1
-1
-1
-1
-1
-1
0 43 45
2 10 14
6 9 14
1 9 15
1 9 16
1 9 17
4 9 18
2 8 18
2 7 18
2 6 18
2 5 18
2 4 18
6 3 18
1 3 19
1 3 20
1 3 21
1 3 22
1 3 23
0 3 24
1 11 15
3 11 16
2 12 16
2 13 16
2 14 16
5 15 16
1 15 17
0 15 18
0 37 38
-1
-1
-1
0 18 8
1 37 39
1 37 40
1 37 41
3 37 42
2 38 42
0 39 42
0 22 10
1 22 11
1 22 12
0 22 13
1 39 43
1 39 44
1 39 45
4 39 46
6 38 46
0 38 47
1 18 9
1 18 10
1 18 11
0 18 12
0 31 12
0 39 38
0 14 13
0 25 10
1 43 44
6 43 43
0 44 43
0 35 28
0 12 16
1 38 48
0 38 49
0 28 12
1 43 46
0 43 47
0 35 15
1 18 13
0 18 14
5 40 42
0 40 43
6 44 42
2 45 42
0 46 42
1 15 19
4 15 20
0 14 20
1 14 21
1 14 22
1 14 23
1 14 24
1 14 25
1 14 26
3 14 27
5 15 27
1 15 28
3 15 29
2 16 29
2 17 29
0 18 29
0 15 29
0 35 19
0 14 26
0 19 29
1 18 30
1 18 31
1 18 32
0 18 33
6 17 33
1 17 34
4 17 35
2 16 35
2 15 35
0 14 35
4 14 36
6 13 36
1 13 37
4 13 38
2 12 38
2 11 38
6 10 38
1 10 39
1 10 40
1 10 41
4 10 42
0 9 42
1 9 43
1 9 44
1 9 45
3 9 46
0 10 46
1 31 11
0 31 10
0 35 12
0 14 8
2 20 29
2 21 29
0 22 29
2 19 33
2 20 33
0 21 33
0 17 8
1 22 28
0 22 27
2 16 18
0 17 18
0 10 38
0 23 29
0 37 41
2 11 46
2 12 46
0 13 46
0 35 37
1 14 34
5 14 33
2 13 33
2 12 33
0 11 33
2 10 33
2 9 33
2 8 33
0 7 33
2 8 42
2 7 42
0 6 42
0 31 9
6 42 39
2 43 39
0 44 39
1 6 43
0 6 44
0 7 34
6 36 41
4 36 42
0 35 42
0 9 14
5 31 8
2 30 8
0 29 8
4 10 47
2 9 47
0 8 47
1 17 19
1 17 20
1 17 21
0 17 22
0 35 32
1 29 7
1 29 6
1 29 5
1 29 4
1 29 3
0 29 2
2 30 2
0 31 2
0 13 47
0 9 18
2 14 46
0 15 46
2 32 2
2 33 2
2 34 2
2 35 2
2 36 2
0 37 2
0 38 2
0 25 9
1 39 37
1 39 36
0 39 35
0 17 23
1 15 45
1 15 44
0 15 43
0 4 18
0 17 35
2 44 47
2 45 47
0 46 47
0 11 38
0 3 18
1 25 8
0 25 7
2 36 12
2 37 12
0 38 12
0 47 47
2 22 33
2 23 33
0 24 33
0 39 12
2 24 29
2 25 29
2 26 29
0 27 29
0 28 13
0 36 2
1 24 34
1 24 35
1 24 36
0 24 37
2 25 37
2 26 37
0 27 37
3 27 38
5 28 38
0 28 39
0 6 18
0 41 38
0 17 24
2 36 19
0 37 19
0 33 2
0 8 48
1 18 7
0 18 6
1 28 40
1 28 41
0 28 42
0 28 43
2 34 19
0 33 19
2 39 2
2 40 2
0 41 2
2 42 2
2 43 2
5 44 2
1 44 3
1 44 4
1 44 5
0 44 6
4 44 7
2 43 7
2 42 7
0 41 7
0 23 37
2 7 47
2 6 47
0 5 47
0 44 2
0 45 2
2 34 42
0 33 42
0 17 36
2 18 24
2 19 24
0 20 24
1 4 17
1 4 16
0 4 15
1 28 44
4 28 45
0 27 45
1 27 46
1 27 47
0 27 48
0 28 29
0 21 24
1 9 13
1 9 12
1 9 11
0 9 10
6 21 23
2 22 23
2 23 23
4 24 23
0 24 22
0 34 15
2 10 10
0 11 10
2 8 10
0 7 10
1 37 20
1 37 21
0 37 22
2 38 22
2 39 22
0 40 22
2 41 22
2 42 22
2 43 22
0 44 22
1 44 23
3 44 24
2 45 24
0 46 24
0 47 24
0 3 25
6 39 34
0 40 34
1 36 3
1 36 4
0 36 5
2 41 34
2 42 34
2 43 34
0 44 34
1 18 5
1 18 4
6 18 3
0 19 3
2 16 46
0 17 46
1 22 14
0 22 15
6 13 20
1 13 21
0 13 22
1 24 21
1 24 20
1 24 19
0 24 18
1 7 11
0 7 12
0 32 19
0 25 6
0 38 46
0 45 34
0 7 32
1 7 31
0 7 30
2 18 46
2 19 46
2 20 46
0 21 46
1 35 11
0 35 10
0 6 30
0 42 47
2 31 19
2 30 19
0 29 19
0 36 6
1 7 29
1 7 28
0 7 27
0 3 23
2 22 37
0 21 37
2 18 18
0 19 18
0 20 3
4 27 49
2 26 49
0 25 49
0 14 12
0 17 33
2 45 6
2 46 6
2 47 6
0 48 6
1 33 41
0 33 40
2 8 27
0 9 27
1 29 18
0 29 17
0 29 1
0 47 48
5 25 5
2 24 5
0 23 5
0 23 15
3 39 13
2 40 13
2 41 13
0 42 13
2 43 13
2 44 13
2 45 13
0 46 13
2 14 29
0 13 29
1 28 28
1 28 27
1 28 26
0 28 25
1 14 7
1 14 6
1 14 5
0 14 4
1 48 5
0 48 4
1 3 26
1 3 27
0 3 28
1 6 41
0 6 40
1 42 14
1 42 15
0 42 16
0 15 16
5 36 32
0 36 33
0 32 12
0 15 42
0 25 22
4 5 48
2 4 48
0 3 48
0 31 8
0 31 7
4 3 29
2 2 29
2 1 29
0 0 29
1 39 11
0 39 10
0 29 25
2 30 25
2 31 25
0 32 25
1 21 38
0 21 39
1 6 39
0 6 38
0 33 25
1 7 9
1 7 8
0 7 7
1 33 43
1 33 44
0 33 45
0 11 9
0 15 27
2 6 7
2 5 7
2 4 7
2 3 7
0 2 7
4 42 17
2 41 17
0 40 17
1 40 33
0 40 32
2 29 42
0 30 42
0 36 15
1 46 12
0 46 11
2 6 34
2 5 34
2 4 34
0 3 34
0 46 10
2 27 42
2 26 42
0 25 42
2 29 29
2 30 29
0 31 29
1 2 6
6 2 5
2 3 5
0 4 5
0 15 4
2 25 33
2 26 33
0 27 33
0 46 14
1 23 4
1 23 3
1 23 2
0 23 1
2 12 22
2 11 22
2 10 22
2 9 22
0 8 22
1 33 46
1 33 47
4 33 48
0 32 48
5 3 47
2 2 47
0 1 47
2 16 42
0 17 42
1 40 23
1 40 24
0 40 25
0 47 42
5 28 33
3 28 34
2 29 34
2 30 34
0 31 34
2 2 18
0 1 18
0 17 41
5 4 14
2 3 14
3 2 14
0 2 13
1 21 45
0 21 44
1 15 47
0 15 48
1 7 6
1 7 5
1 7 4
1 7 3
1 7 2
0 7 1
0 6 1
1 47 23
1 47 22
6 47 21
0 48 21
1 9 26
6 9 25
0 10 25
1 15 3
1 15 2
1 15 1
0 15 0
1 48 20
1 48 19
5 48 18
0 47 18
0 2 14
3 40 26
2 41 26
0 42 26
-1
-1
-1
-1
-1
-1
-1
-1
-1
-1
-1
-1
-1
-1
-1
-1
-1
-1
-1
-1
-1
-1
-1
-1
-1
-1
-1
-1
-1
-1
-1
-1
-1
-1
-1
-1
-1
-1
-1
-1
-1
-1
-1
-1
-1
-1
-1
-1
-1
-1
-1
-1
-1
-1
-1
-1
-1
-1
-1
-1
-1
-1
-1
-1
-1
-1
-1
-1
-1
-1
-1
-1
-1
-1
-1
-1
-1
-1
-1
-1
-1
-1
-1
-1
-1
-1
-1
-1
-1
-1
-1
-1
-1
-1
-1
-1
-1
-1
-1
-1
-1
-1
-1
-1
-1
-1
-1
-1
-1
-1
-1
-1
-1
-1
-1
-1
-1
-1
-1
-1
-1
-1
-1
-1
-1
-1
-1
-1
-1
-1
-1
