0 3 22
1 3 23
1 3 24
3 3 25
2 4 25
5 5 25
3 5 26
2 6 26
2 7 26
2 8 26
2 9 26
2 10 26
2 11 26
2 12 26
2 13 26
2 14 26
2 15 26
2 16 26
2 17 26
2 18 26
2 19 26
2 20 26
2 21 26
2 22 26
2 23 26
2 24 26
2 25 26
2 26 26
2 27 26
5 28 26
1 28 27
3 28 28
2 29 28
2 30 28
2 31 28
2 32 28
2 33 28
2 34 28
2 35 28
5 36 28
0 36 29
2 37 29
2 38 29
2 39 29
2 40 29
2 41 29
2 42 29
-1
-1
-1
-1
-1
0 43 29
1 3 21
1 3 20
1 3 19
1 3 18
1 3 17
6 3 16
2 4 16
2 5 16
2 6 16
2 7 16
4 8 16
1 8 15
1 8 14
1 8 13
1 8 12
1 8 11
1 8 10
1 8 9
1 8 8
1 8 7
1 8 6
1 8 5
6 8 4
4 9 4
1 9 3
1 9 2
-1
-1
-1
-1
-1
-1
-1
-1
-1
-1
-1
-1
-1
-1
-1
-1
-1
-1
-1
0 9 1
1 43 28
6 43 27
2 44 27
-1
-1
-1
-1
-1
-1
-1
-1
-1
-1
-1
-1
-1
-1
-1
-1
-1
-1
-1
0 45 27
2 10 1
2 11 1
5 12 1
1 12 2
1 12 3
1 12 4
1 12 5
1 12 6
1 12 7
1 12 8
1 12 9
1 12 10
3 12 11
5 13 11
-1
-1
0 13 12
1 13 13
1 13 14
1 13 15
3 13 16
2 14 16
2 15 16
2 16 16
2 17 16
2 18 16
2 19 16
2 20 16
2 21 16
2 22 16
-1
0 23 16
1 36 30
1 36 31
1 36 32
1 36 33
1 36 34
1 36 35
1 36 36
1 36 37
1 36 38
1 36 39
4 36 40
6 35 40
1 35 41
1 35 42
0 35 43
2 4 22
2 5 22
4 6 22
6 6 21
2 7 21
2 8 21
0 9 21
1 35 44
1 35 45
4 35 46
2 34 46
2 33 46
2 32 46
2 31 46
0 30 46
1 23 15
1 23 14
6 23 13
2 24 13
4 25 13
1 25 12
6 25 11
2 26 11
2 27 11
2 28 11
0 29 11
2 10 21
2 11 21
2 12 21
2 13 21
2 14 21
0 15 21
-1
0 17 26
1 30 45
5 30 44
2 29 44
2 28 44
3 27 44
1 27 43
5 27 42
2 26 42
2 25 42
3 24 42
1 24 41
5 24 40
2 23 40
2 22 40
0 21 40
0 9 4
3 2 22
5 2 21
2 1 21
0 0 21
0 19 16
1 21 39
1 21 38
1 21 37
1 21 36
1 21 35
1 21 34
1 21 33
1 21 32
6 21 31
2 22 31
0 23 31
0 33 28
0 24 42
1 33 29
1 33 30
1 33 31
1 33 32
0 33 33
0 3 25
5 45 26
2 44 26
2 43 26
2 42 26
0 41 26
1 21 41
1 21 42
1 21 43
4 21 44
0 20 44
0 3 16
0 5 16
2 30 11
2 31 11
2 32 11
0 33 11
0 36 33
1 33 10
1 33 9
1 33 8
6 33 7
2 34 7
4 35 7
0 35 6
0 8 16
6 35 5
2 36 5
2 37 5
0 38 5
0 24 26
0 35 7
2 39 5
2 40 5
0 41 5
0 31 28
5 37 33
1 37 34
1 37 35
3 37 36
0 38 36
0 27 44
0 20 26
0 12 1
0 27 11
1 19 15
6 19 14
0 20 14
0 6 22
0 28 26
1 38 4
1 38 3
0 38 2
0 12 7
0 8 9
0 5 25
1 41 6
0 41 7
0 23 17
2 9 16
0 10 16
1 41 8
4 41 9
0 40 9
0 33 34
3 40 10
2 41 10
0 42 10
1 19 17
1 19 18
0 19 19
1 17 27
4 17 28
0 16 28
0 11 7
0 21 34
0 21 38
0 33 35
0 35 40
0 11 21
2 34 40
2 33 40
2 32 40
0 31 40
0 15 16
0 13 11
0 33 46
3 7 9
1 7 8
5 7 7
0 6 7
2 5 7
2 4 7
0 3 7
1 20 45
1 20 46
4 20 47
2 19 47
2 18 47
0 17 47
1 17 25
0 17 24
0 3 18
1 42 11
1 42 12
1 42 13
0 42 14
2 41 14
0 40 14
0 25 13
1 3 26
1 3 27
1 3 28
0 3 29
2 20 34
2 19 34
2 18 34
0 17 34
1 40 15
3 40 16
0 41 16
2 2 29
0 1 29
0 12 26
1 27 10
5 27 9
0 26 9
3 33 47
2 34 47
2 35 47
0 36 47
1 3 8
0 3 9
2 37 2
0 36 2
1 33 12
4 33 13
0 32 13
2 14 11
2 15 11
2 16 11
0 17 11
1 12 27
1 12 28
1 12 29
1 12 30
1 12 31
0 12 32
2 11 32
0 10 32
1 27 45
1 27 46
1 27 47
4 27 48
0 26 48
0 12 3
1 41 25
6 41 24
0 42 24
2 24 31
2 25 31
2 26 31
0 27 31
0 20 19
1 5 15
1 5 14
1 5 13
6 5 12
0 6 12
0 8 17
2 36 43
2 37 43
2 38 43
2 39 43
0 40 43
1 26 8
5 26 7
2 25 7
2 24 7
0 23 7
2 42 5
2 43 5
2 44 5
2 45 5
2 46 5
0 47 5
0 23 6
1 10 33
1 10 34
1 10 35
1 10 36
0 10 37
1 47 4
1 47 3
5 47 2
0 46 2
2 8 1
0 7 1
2 40 26
2 39 26
0 38 26
1 40 42
6 40 41
2 41 41
0 42 41
2 20 40
0 19 40
4 13 7
6 13 6
0 14 6
1 7 2
4 7 3
2 6 3
0 5 3
1 28 25
1 28 24
0 28 23
1 42 40
6 42 39
0 43 39
1 38 25
1 38 24
5 38 23
2 37 23
2 36 23
0 35 23
1 31 39
5 31 38
2 30 38
0 29 38
2 16 47
2 15 47
2 14 47
2 13 47
0 12 47
2 27 23
2 26 23
0 25 23
1 12 46
1 12 45
5 12 44
0 11 44
2 43 10
2 44 10
2 45 10
2 46 10
2 47 10
0 48 10
1 20 27
0 20 28
4 46 27
1 46 26
0 46 25
1 19 20
0 19 21
1 48 11
1 48 12
1 48 13
1 48 14
0 48 15
0 25 48
0 13 15
2 9 37
2 8 37
2 7 37
2 6 37
2 5 37
2 4 37
0 3 37
6 38 1
4 39 1
0 39 0
4 19 41
2 18 41
2 17 41
0 16 41
1 35 22
1 35 21
0 35 20
2 15 41
2 14 41
0 13 41
0 40 44
2 34 6
0 33 6
1 3 38
1 3 39
4 3 40
2 2 40
0 1 40
2 6 1
2 5 1
2 4 1
0 3 1
0 34 20
1 28 22
1 28 21
1 28 20
0 28 19
3 9 32
1 9 31
1 9 30
5 9 29
0 8 29
4 3 2
2 2 2
2 1 2
0 0 2
6 17 33
0 18 33
4 12 48
2 11 48
2 10 48
0 9 48
5 23 5
2 22 5
3 21 5
1 21 4
5 21 3
0 20 3
5 36 1
0 35 1
1 46 24
1 46 23
1 46 22
6 46 21
0 47 21
-1
-1
-1
-1
-1
-1
-1
-1
-1
-1
-1
-1
-1
-1
-1
-1
-1
-1
-1
-1
-1
-1
-1
-1
-1
-1
-1
-1
-1
-1
-1
-1
-1
-1
-1
-1
-1
-1
-1
-1
-1
-1
-1
-1
-1
-1
-1
-1
-1
-1
-1
-1
-1
-1
-1
-1
-1
-1
-1
-1
-1
-1
-1
-1
-1
-1
-1
-1
-1
-1
-1
-1
-1
-1
-1
-1
-1
-1
-1
-1
-1
-1
-1
-1
-1
-1
-1
-1
-1
-1
-1
-1
-1
-1
-1
-1
-1
-1
-1
-1
-1
-1
-1
-1
-1
-1
-1
-1
-1
-1
-1
-1
-1
-1
-1
-1
-1
-1
-1
-1
-1
-1
-1
-1
-1
-1
-1
-1
-1
-1
-1
-1
-1
-1
-1
-1
-1
-1
-1
-1
-1
-1
-1
-1
-1
-1
-1
-1
-1
-1
-1
-1
-1
-1
-1
-1
-1
-1
-1
-1
-1
-1
-1
-1
-1
-1
-1
-1
-1
-1
-1
-1
-1
-1
-1
-1
-1
-1
-1
-1
-1
-1
-1
-1
-1
-1
-1
-1
-1
-1
-1
-1
-1
-1
-1
-1
-1
-1
-1
-1
-1
-1
-1
-1
-1
-1
-1
-1
-1
-1
-1
-1
-1
-1
-1
-1
-1
-1
-1
-1
-1
-1
-1
-1
-1
-1
-1
-1
-1
-1
-1
