0 13 26
2 14 26
5 15 26
1 15 27
1 15 28
3 15 29
2 16 29
2 17 29
2 18 29
2 19 29
2 20 29
5 21 29
1 21 30
3 21 31
0 22 31
2 12 26
2 11 26
2 10 26
0 9 26
1 9 25
1 9 24
1 9 23
1 9 22
1 9 21
1 9 20
1 9 19
1 9 18
-1
-1
-1
-1
-1
-1
-1
-1
-1
-1
-1
-1
-1
-1
-1
-1
-1
-1
-1
-1
-1
-1
-1
-1
-1
-1
-1
-1
-1
-1
-1
-1
-1
0 9 17
2 23 31
2 24 31
2 25 31
2 26 31
4 27 31
1 27 30
1 27 29
1 27 28
1 27 27
1 27 26
6 27 25
2 28 25
2 29 25
4 30 25
-1
-1
-1
-1
-1
-1
-1
-1
-1
-1
-1
-1
-1
-1
-1
-1
-1
-1
-1
-1
-1
0 30 24
6 30 23
2 31 23
2 32 23
2 33 23
4 34 23
1 34 22
1 34 21
1 34 20
6 34 19
4 35 19
1 35 18
1 35 17
1 35 16
1 35 15
1 35 14
1 35 13
1 35 12
1 35 11
1 35 10
1 35 9
1 35 8
1 35 7
1 35 6
1 35 5
1 35 4
1 35 3
-1
-1
-1
-1
-1
0 35 2
5 31 24
1 31 25
1 31 26
1 31 27
3 31 28
5 32 28
1 32 29
1 32 30
1 32 31
1 32 32
-1
-1
-1
-1
-1
0 32 33
1 13 25
1 13 24
1 13 23
5 13 22
-1
-1
-1
-1
-1
-1
0 12 22
-1
-1
-1
-1
-1
-1
-1
-1
0 34 23
2 8 26
2 7 26
2 6 26
3 5 26
1 5 25
1 5 24
-1
-1
0 5 23
3 22 32
2 23 32
5 24 32
1 24 33
1 24 34
-1
0 24 35
2 35 23
2 36 23
2 37 23
2 38 23
2 39 23
4 40 23
1 40 22
1 40 21
0 40 20
-1
0 21 29
1 9 16
1 9 15
1 9 14
1 9 13
0 9 12
1 40 19
1 40 18
5 40 17
2 39 17
0 38 17
2 8 12
2 7 12
2 6 12
2 5 12
0 4 12
2 23 35
2 22 35
0 21 35
1 9 11
6 9 10
2 10 10
2 11 10
2 12 10
0 13 10
1 24 36
1 24 37
1 24 38
0 24 39
2 34 2
2 33 2
0 32 2
1 21 28
1 21 27
1 21 26
1 21 25
1 21 24
1 21 23
5 21 22
0 20 22
1 4 11
5 4 10
2 3 10
0 2 10
0 27 28
0 9 18
0 40 23
0 35 6
4 13 27
6 12 27
1 12 28
1 12 29
1 12 30
0 12 31
0 27 31
0 17 29
0 21 26
1 24 40
1 24 41
3 24 42
2 25 42
0 26 42
1 26 43
1 26 44
0 26 45
2 14 10
4 15 10
0 15 9
0 31 2
0 35 19
0 32 28
0 27 42
0 23 39
1 20 21
1 20 20
0 20 19
0 15 10
1 15 8
0 15 7
6 35 1
2 36 1
2 37 1
0 38 1
2 27 45
2 28 45
0 29 45
0 22 39
0 20 35
1 38 2
1 38 3
0 38 4
0 35 15
2 26 28
0 25 28
1 32 34
1 32 35
1 32 36
0 32 37
2 21 39
2 20 39
0 19 39
2 33 28
0 34 28
1 19 40
0 19 41
1 19 42
1 19 43
0 19 44
0 27 25
0 30 45
0 30 25
0 19 29
0 35 28
1 2 9
1 2 8
1 2 7
1 2 6
0 2 5
2 16 7
2 17 7
2 18 7
2 19 7
0 20 7
1 12 32
1 12 33
1 12 34
0 12 35
0 22 32
0 34 21
0 35 12
0 35 29
2 36 29
2 37 29
2 38 29
0 39 29
2 3 5
2 4 5
2 5 5
2 6 5
0 7 5
1 20 8
1 20 9
3 20 10
0 21 10
1 17 30
0 17 31
2 40 29
2 41 29
0 42 29
1 32 38
1 32 39
3 32 40
2 33 40
0 34 40
2 10 18
2 11 18
2 12 18
0 13 18
0 19 19
0 34 41
6 7 4
4 8 4
1 8 3
0 8 2
2 31 37
0 30 37
2 25 35
0 26 35
1 42 30
1 42 31
1 42 32
1 42 33
1 42 34
1 42 35
3 42 36
0 43 36
1 13 17
0 13 16
1 5 22
0 5 21
2 18 44
2 17 44
2 16 44
0 15 44
0 14 16
0 29 37
0 15 26
3 43 37
2 44 37
2 45 37
0 46 37
1 34 42
1 34 43
0 34 44
1 46 38
1 46 39
1 46 40
1 46 41
0 46 42
5 41 20
3 41 21
2 42 21
2 43 21
0 44 21
2 45 42
0 44 42
1 26 46
0 26 47
2 30 2
2 29 2
0 28 2
0 22 26
1 46 43
1 46 44
1 46 45
1 46 46
0 46 47
2 47 47
2 48 47
0 49 47
1 15 6
1 15 5
6 15 4
0 16 4
1 20 18
1 20 17
1 20 16
0 20 15
4 28 3
2 27 3
0 26 3
4 39 4
6 39 3
0 40 3
0 27 29
1 40 4
1 40 5
1 40 6
0 40 7
2 41 7
2 42 7
0 43 7
0 14 44
1 34 45
1 34 46
0 34 47
0 45 47
1 43 8
3 43 9
0 44 9
2 4 23
0 3 23
2 14 18
0 15 18
1 22 25
1 22 24
6 22 23
2 23 23
0 24 23
1 24 22
6 24 21
4 25 21
0 25 20
2 47 37
2 48 37
0 49 37
1 44 20
1 44 19
1 44 18
1 44 17
0 44 16
0 8 12
2 7 2
2 6 2
2 5 2
0 4 2
4 20 23
2 19 23
0 18 23
0 39 28
1 25 19
1 25 18
6 25 17
2 26 17
0 27 17
0 40 17
0 25 47
2 24 47
0 23 47
5 13 35
0 13 36
4 4 13
2 3 13
2 2 13
0 1 13
6 16 3
2 17 3
2 18 3
0 19 3
1 19 2
0 19 1
1 1 14
1 1 15
1 1 16
4 1 17
0 0 17
1 40 16
1 40 15
0 40 14
2 33 47
0 32 47
4 13 37
2 12 37
2 11 37
2 10 37
2 9 37
2 8 37
0 7 37
2 28 17
2 29 17
0 30 17
1 30 16
0 30 15
2 6 37
2 5 37
0 4 37
5 13 9
2 12 9
0 11 9
4 23 48
2 22 48
2 21 48
0 20 48
0 4 21
1 7 6
1 7 7
0 7 8
1 15 45
1 15 46
1 15 47
0 15 48
0 5 26
3 11 31
5 11 30
2 10 30
0 9 30
4 35 47
6 35 46
2 36 46
2 37 46
0 38 46
0 24 32
2 13 44
2 12 44
2 11 44
0 10 44
0 33 21
1 44 22
1 44 23
1 44 24
3 44 25
0 45 25
4 45 48
2 44 48
0 43 48
6 8 1
2 9 1
2 10 1
0 11 1
3 21 11
2 22 11
0 23 11
1 39 30
1 39 31
1 39 32
4 39 33
0 38 33
6 40 2
2 41 2
2 42 2
4 43 2
6 43 1
2 44 1
2 45 1
0 46 1
1 40 8
0 40 9
1 44 10
0 44 11
1 44 41
5 44 40
2 43 40
2 42 40
0 41 40
4 40 24
2 39 24
0 38 24
0 39 9
1 10 45
1 10 46
4 10 47
2 9 47
0 8 47
1 7 38
1 7 39
3 7 40
0 8 40
5 21 15
1 21 16
3 21 17
0 22 17
1 26 4
1 26 5
1 26 6
1 26 7
3 26 8
0 27 8
3 27 9
2 28 9
2 29 9
0 30 9
2 8 17
2 7 17
0 6 17
4 31 3
0 30 3
4 9 31
2 8 31
2 7 31
2 6 31
2 5 31
2 4 31
0 3 31
-1
-1
-1
-1
-1
-1
-1
-1
-1
-1
-1
-1
-1
-1
-1
-1
-1
-1
-1
-1
-1
-1
-1
-1
-1
-1
-1
-1
-1
-1
-1
-1
-1
-1
-1
-1
-1
-1
-1
-1
-1
-1
-1
-1
-1
-1
-1
-1
-1
-1
-1
-1
-1
-1
-1
-1
-1
-1
-1
-1
-1
-1
-1
-1
-1
-1
-1
-1
-1
-1
-1
-1
-1
-1
-1
-1
-1
-1
-1
-1
-1
-1
-1
-1
-1
-1
-1
-1
-1
-1
-1
-1
-1
-1
-1
-1
-1
-1
-1
-1
-1
-1
-1
-1
-1
-1
-1
-1
-1
-1
-1
-1
-1
-1
-1
-1
-1
-1
-1
-1
-1
-1
-1
-1
-1
-1
-1
-1
-1
-1
-1
-1
-1
-1
-1
-1
-1
-1
-1
-1
-1
-1
-1
-1
-1
-1
-1
-1
-1
-1
-1
-1
-1
-1
-1
-1
-1
-1
-1
-1
-1
-1
-1
-1
-1
-1
-1
-1
-1
-1
-1
-1
-1
-1
-1
-1
