0 9 46
4 10 46
1 10 45
6 10 44
2 11 44
2 12 44
4 13 44
1 13 43
1 13 42
1 13 41
1 13 40
1 13 39
1 13 38
1 13 37
1 13 36
1 13 35
1 13 34
6 13 33
2 14 33
4 15 33
1 15 32
1 15 31
1 15 30
1 15 29
1 15 28
6 15 27
2 16 27
2 17 27
2 18 27
2 19 27
2 20 27
2 21 27
2 22 27
2 23 27
2 24 27
2 25 27
2 26 27
0 27 27
1 27 26
1 27 25
6 27 24
2 28 24
4 29 24
1 29 23
1 29 22
1 29 21
1 29 20
1 29 19
1 29 18
1 29 17
6 29 16
2 30 16
4 31 16
0 31 15
2 32 15
2 33 15
2 34 15
2 35 15
2 36 15
2 37 15
2 38 15
2 39 15
2 40 15
2 41 15
2 42 15
4 43 15
1 43 14
1 43 13
1 43 12
1 43 11
1 43 10
-1
-1
-1
-1
-1
-1
-1
-1
-1
-1
-1
-1
-1
-1
-1
-1
-1
-1
-1
-1
-1
-1
-1
-1
0 43 9
-1
-1
-1
-1
-1
-1
-1
-1
-1
-1
-1
-1
-1
-1
-1
-1
-1
-1
0 13 44
1 43 8
6 43 7
2 44 7
2 45 7
2 46 7
-1
-1
-1
-1
-1
-1
-1
-1
-1
-1
-1
0 47 7
1 47 8
1 47 9
1 47 10
1 47 11
1 47 12
1 47 13
3 47 14
-1
-1
-1
-1
-1
-1
0 48 14
4 14 44
6 14 43
2 15 43
2 16 43
2 17 43
2 18 43
2 19 43
2 20 43
2 21 43
2 22 43
2 23 43
2 24 43
2 25 43
2 26 43
2 27 43
2 28 43
2 29 43
2 30 43
0 31 43
-1
-1
-1
-1
-1
0 15 29
2 14 29
2 13 29
2 12 29
2 11 29
2 10 29
6 9 29
1 9 30
4 9 31
2 8 31
2 7 31
0 6 31
1 6 30
1 6 29
1 6 28
1 6 27
1 6 26
1 6 25
6 6 24
0 7 24
1 7 23
1 7 22
1 7 21
1 7 20
1 7 19
1 7 18
1 7 17
1 7 16
1 7 15
5 7 14
2 6 14
2 5 14
3 4 14
1 4 13
1 4 12
1 4 11
0 4 10
0 29 24
1 31 44
1 31 45
4 31 46
0 30 46
2 28 27
2 29 27
2 30 27
5 31 27
1 31 28
3 31 29
2 32 29
2 33 29
2 34 29
2 35 29
5 36 29
1 36 30
1 36 31
3 36 32
2 37 32
2 38 32
2 39 32
0 40 32
0 25 27
2 29 46
2 28 46
0 27 46
0 9 29
2 30 15
2 29 15
2 28 15
2 27 15
3 26 15
1 26 14
1 26 13
1 26 12
1 26 11
0 26 10
5 9 45
0 8 45
1 8 44
1 8 43
0 8 42
0 31 29
1 40 31
1 40 30
1 40 29
1 40 28
1 40 27
0 40 26
0 6 26
1 40 25
1 40 24
1 40 23
6 40 22
0 41 22
1 13 45
1 13 46
0 13 47
5 31 42
2 30 42
2 29 42
2 28 42
2 27 42
2 26 42
2 25 42
2 24 42
0 23 42
0 13 36
0 31 27
2 12 36
0 11 36
5 41 21
2 40 21
2 39 21
2 38 21
2 37 21
2 36 21
0 35 21
0 26 15
0 7 14
2 9 42
0 10 42
2 32 43
2 33 43
2 34 43
5 35 43
3 35 44
0 36 44
0 42 15
0 13 34
1 6 32
0 6 33
2 5 10
2 6 10
2 7 10
2 8 10
2 9 10
0 10 10
0 37 32
0 15 43
1 36 45
1 36 46
0 36 47
0 15 33
6 10 9
2 11 9
2 12 9
2 13 9
2 14 9
2 15 9
0 16 9
0 29 19
1 16 8
6 16 7
2 17 7
0 18 7
1 15 42
1 15 41
0 15 40
0 18 27
2 5 33
2 4 33
0 3 33
2 28 19
0 27 19
0 7 23
2 26 19
2 25 19
2 24 19
2 23 19
2 22 19
0 21 19
1 4 9
1 4 8
1 4 7
1 4 6
1 4 5
1 4 4
5 4 3
0 3 3
6 3 2
2 4 2
5 5 2
3 5 3
0 6 3
3 5 31
1 5 30
5 5 29
0 4 29
1 40 33
1 40 34
0 40 35
1 26 9
1 26 8
1 26 7
1 26 6
1 26 5
1 26 4
6 26 3
2 27 3
0 28 3
3 28 4
2 29 4
2 30 4
2 31 4
0 32 4
0 27 28
1 48 15
0 48 16
2 33 4
2 34 4
0 35 4
0 4 14
0 35 20
1 10 11
1 10 12
3 10 13
2 11 13
2 12 13
0 13 13
3 30 47
0 31 47
1 21 20
0 21 21
4 37 47
6 37 46
2 38 46
2 39 46
2 40 46
2 41 46
2 42 46
2 43 46
0 44 46
4 8 23
1 8 22
6 8 21
2 9 21
0 10 21
6 10 41
0 11 41
0 6 27
0 43 15
1 21 22
0 21 23
1 47 6
1 47 5
1 47 4
0 47 3
5 23 41
2 22 41
0 21 41
2 41 32
2 42 32
2 43 32
2 44 32
2 45 32
0 46 32
0 10 46
5 47 2
2 46 2
2 45 2
2 44 2
2 43 2
2 42 2
0 41 2
1 36 43
1 36 42
1 36 41
5 36 40
2 35 40
0 34 40
1 13 14
1 13 15
1 13 16
0 13 17
2 19 7
2 20 7
0 21 7
1 9 47
4 9 48
0 8 48
1 44 45
1 44 44
6 44 43
2 45 43
2 46 43
2 47 43
2 48 43
0 49 43
1 31 30
1 31 31
1 31 32
0 31 33
1 35 5
3 35 6
0 36 6
2 11 21
2 12 21
2 13 21
2 14 21
0 15 21
3 41 23
2 42 23
2 43 23
2 44 23
0 45 23
1 18 28
1 18 29
1 18 30
3 18 31
2 19 31
0 20 31
2 7 42
2 6 42
2 5 42
3 4 42
1 4 41
0 4 40
1 4 15
1 4 16
1 4 17
1 4 18
4 4 19
2 3 19
0 2 19
6 21 6
2 22 6
0 23 6
-1
-1
-1
-1
-1
-1
-1
-1
-1
-1
-1
-1
-1
-1
-1
-1
-1
-1
-1
-1
-1
-1
-1
-1
-1
-1
-1
-1
-1
-1
-1
-1
-1
-1
-1
-1
-1
-1
-1
-1
-1
-1
-1
-1
-1
-1
-1
-1
-1
-1
-1
-1
-1
-1
-1
-1
-1
-1
-1
-1
-1
-1
-1
-1
-1
-1
-1
-1
-1
-1
-1
-1
-1
-1
-1
-1
-1
-1
-1
-1
-1
-1
-1
-1
-1
-1
-1
-1
-1
-1
-1
-1
-1
-1
-1
-1
-1
-1
-1
-1
-1
-1
-1
-1
-1
-1
-1
-1
-1
-1
-1
-1
-1
-1
-1
-1
-1
-1
-1
-1
-1
-1
-1
-1
-1
-1
-1
-1
-1
-1
-1
-1
-1
-1
-1
-1
-1
-1
-1
-1
-1
-1
-1
-1
-1
-1
-1
-1
-1
-1
-1
-1
-1
-1
-1
-1
-1
-1
-1
-1
-1
-1
-1
-1
-1
-1
-1
-1
-1
-1
-1
-1
-1
-1
-1
-1
-1
-1
-1
-1
-1
-1
-1
-1
-1
-1
-1
-1
-1
-1
-1
-1
-1
-1
-1
-1
-1
-1
-1
-1
-1
-1
-1
-1
-1
-1
-1
-1
-1
-1
-1
-1
-1
-1
-1
-1
-1
-1
-1
-1
-1
-1
-1
-1
-1
-1
-1
-1
-1
-1
-1
-1
-1
-1
-1
-1
-1
-1
-1
-1
-1
-1
-1
-1
-1
-1
-1
-1
-1
-1
-1
-1
-1
-1
-1
-1
-1
-1
-1
-1
-1
-1
-1
-1
-1
-1
-1
-1
-1
-1
-1
-1
-1
-1
-1
-1
-1
-1
-1
-1
-1
-1
-1
-1
-1
-1
-1
-1
-1
-1
-1
-1
-1
-1
-1
-1
-1
-1
-1
-1
-1
-1
-1
-1
