0 21 37
1 21 36
6 21 35
2 22 35
2 23 35
2 24 35
2 25 35
2 26 35
2 27 35
2 28 35
4 29 35
1 29 34
1 29 33
1 29 32
1 29 31
1 29 30
1 29 29
1 29 28
1 29 27
6 29 26
2 30 26
2 31 26
2 32 26
2 33 26
2 34 26
4 35 26
1 35 25
1 35 24
1 35 23
6 35 22
0 36 22
-1
-1
-1
-1
-1
-1
-1
-1
-1
-1
-1
0 35 26
4 21 38
2 20 38
-1
2 19 38
2 18 38
2 17 38
2 16 38
2 15 38
-1
-1
-1
-1
-1
-1
-1
-1
-1
-1
-1
-1
-1
-1
-1
-1
-1
-1
-1
-1
-1
-1
-1
-1
-1
-1
-1
-1
-1
-1
-1
-1
-1
-1
-1
-1
-1
-1
-1
-1
-1
-1
-1
-1
-1
-1
-1
-1
-1
-1
-1
-1
-1
-1
-1
-1
-1
-1
0 14 38
2 36 26
2 37 26
2 38 26
2 39 26
2 40 26
2 41 26
2 42 26
2 43 26
-1
-1
-1
-1
-1
-1
-1
-1
-1
-1
-1
-1
-1
-1
-1
-1
-1
-1
-1
-1
-1
-1
-1
-1
-1
-1
-1
-1
-1
0 44 26
1 44 25
1 44 24
1 44 23
1 44 22
1 44 21
1 44 20
1 44 19
1 44 18
1 44 17
1 44 16
1 44 15
1 44 14
1 44 13
1 44 12
1 44 11
1 44 10
6 44 9
2 45 9
2 46 9
2 47 9
-1
-1
-1
-1
-1
-1
-1
-1
-1
-1
-1
-1
-1
-1
-1
-1
-1
0 48 9
5 22 37
3 22 38
2 23 38
2 24 38
2 25 38
2 26 38
2 27 38
2 28 38
5 29 38
-1
-1
-1
-1
-1
-1
-1
-1
-1
-1
-1
-1
-1
-1
0 29 39
5 36 21
2 35 21
6 34 21
4 34 22
2 33 22
2 32 22
2 31 22
2 30 22
-1
-1
-1
-1
-1
-1
-1
-1
-1
-1
-1
-1
-1
0 29 22
4 30 39
6 30 38
2 31 38
2 32 38
2 33 38
2 34 38
-1
-1
-1
-1
-1
-1
-1
-1
-1
-1
0 35 38
1 29 21
1 29 20
5 29 19
2 28 19
2 27 19
3 26 19
1 26 18
1 26 17
1 26 16
1 26 15
5 26 14
2 25 14
3 24 14
5 24 13
2 23 13
-1
0 22 13
1 35 39
1 35 40
3 35 41
2 36 41
2 37 41
2 38 41
2 39 41
2 40 41
2 41 41
-1
-1
-1
-1
-1
0 42 41
2 21 13
2 20 13
2 19 13
2 18 13
3 17 13
1 17 12
1 17 11
5 17 10
2 16 10
2 15 10
-1
-1
0 14 10
1 42 40
1 42 39
1 42 38
1 42 37
1 42 36
6 42 35
2 43 35
2 44 35
2 45 35
-1
0 46 35
4 29 40
2 28 40
2 27 40
2 26 40
6 25 40
1 25 41
1 25 42
4 25 43
2 24 43
-1
0 23 43
6 22 12
2 23 12
2 24 12
5 25 12
3 25 13
2 26 13
2 27 13
2 28 13
2 29 13
0 30 13
1 14 39
1 14 40
1 14 41
1 14 42
4 14 43
2 13 43
2 12 43
2 11 43
2 10 43
2 9 43
2 8 43
2 7 43
2 6 43
2 5 43
2 4 43
0 3 43
4 14 11
2 13 11
2 12 11
2 11 11
0 10 11
-1
-1
-1
0 44 9
1 10 12
1 10 13
1 10 14
1 10 15
1 10 16
4 10 17
0 9 17
1 35 27
3 35 28
2 36 28
2 37 28
2 38 28
0 39 28
-1
-1
-1
-1
-1
0 29 27
3 20 37
1 20 36
5 20 35
3 19 35
1 19 34
0 19 33
1 30 12
1 30 11
1 30 10
1 30 9
1 30 8
6 30 7
0 31 7
-1
-1
0 26 38
1 31 6
5 31 5
-1
-1
0 30 5
1 9 18
1 9 19
1 9 20
3 9 21
2 10 21
0 11 21
4 30 6
2 29 6
2 28 6
0 27 6
1 11 22
1 11 23
1 11 24
0 11 25
4 37 22
1 37 21
1 37 20
6 37 19
2 38 19
2 39 19
2 40 19
0 41 19
1 3 44
4 3 45
0 2 45
0 35 41
1 19 32
1 19 31
1 19 30
1 19 29
0 19 28
1 19 27
1 19 26
6 19 25
2 20 25
0 21 25
1 42 42
1 42 43
1 42 44
3 42 45
0 43 45
0 17 13
2 34 41
0 33 41
1 39 29
1 39 30
1 39 31
1 39 32
1 39 33
0 39 34
0 40 26
1 23 42
1 23 41
5 23 40
2 22 40
2 21 40
2 20 40
0 19 40
0 26 19
1 11 26
1 11 27
3 11 28
0 12 28
0 9 43
4 12 29
2 11 29
2 10 29
2 9 29
2 8 29
0 7 29
0 24 14
5 7 28
2 6 28
0 5 28
1 17 14
1 17 15
1 17 16
1 17 17
0 17 18
1 9 44
1 9 45
3 9 46
0 10 46
1 14 9
1 14 8
1 14 7
6 14 6
2 15 6
2 16 6
0 17 6
0 15 38
2 4 28
2 3 28
2 2 28
0 1 28
2 11 46
2 12 46
2 13 46
0 14 46
0 19 35
2 44 45
2 45 45
2 46 45
2 47 45
2 48 45
0 49 45
3 2 46
2 3 46
4 4 46
6 4 45
0 5 45
2 9 11
2 8 11
0 7 11
0 25 40
2 12 25
0 13 25
1 30 14
0 30 15
0 42 40
1 7 10
1 7 9
1 7 8
1 7 7
1 7 6
5 7 5
0 6 5
1 35 42
1 35 43
1 35 44
1 35 45
1 35 46
0 35 47
1 17 5
1 17 4
1 17 3
1 17 2
6 17 1
0 18 1
6 8 17
1 8 18
1 8 19
4 8 20
0 7 20
2 6 20
2 5 20
2 4 20
2 3 20
2 2 20
0 1 20
-1
-1
-1
-1
-1
-1
-1
-1
-1
-1
-1
-1
-1
-1
-1
-1
-1
-1
-1
-1
-1
-1
-1
-1
-1
-1
-1
-1
-1
-1
-1
-1
-1
-1
-1
-1
-1
-1
-1
-1
-1
-1
-1
-1
-1
-1
-1
-1
-1
-1
-1
-1
-1
-1
-1
-1
-1
-1
-1
-1
-1
-1
-1
-1
-1
-1
-1
-1
-1
-1
-1
-1
-1
-1
-1
-1
-1
-1
-1
-1
-1
-1
-1
-1
-1
-1
-1
-1
-1
-1
-1
-1
-1
-1
-1
-1
-1
-1
-1
-1
-1
-1
-1
-1
-1
-1
-1
-1
-1
-1
-1
-1
-1
-1
-1
-1
-1
-1
-1
-1
-1
-1
-1
-1
-1
-1
-1
-1
-1
-1
-1
-1
-1
-1
-1
-1
-1
-1
-1
-1
-1
-1
-1
-1
-1
-1
-1
-1
-1
-1
-1
-1
-1
-1
-1
-1
-1
-1
-1
-1
-1
-1
-1
-1
-1
-1
-1
-1
-1
-1
-1
-1
-1
-1
-1
-1
-1
-1
-1
-1
-1
-1
-1
-1
-1
-1
-1
-1
-1
-1
-1
-1
-1
-1
-1
-1
-1
-1
-1
-1
-1
-1
-1
-1
-1
-1
-1
-1
-1
-1
-1
-1
-1
-1
-1
-1
-1
-1
-1
-1
-1
-1
-1
-1
-1
-1
-1
-1
-1
-1
-1
-1
-1
-1
-1
-1
-1
-1
-1
-1
-1
-1
-1
-1
-1
-1
-1
-1
-1
-1
-1
-1
-1
-1
-1
-1
-1
-1
-1
