0 19 27
1 19 28
3 19 29
2 20 29
2 21 29
2 22 29
2 23 29
2 24 29
2 25 29
2 26 29
2 27 29
5 28 29
1 28 30
1 28 31
1 28 32
1 28 33
1 28 34
0 28 35
1 19 26
-1
1 19 25
-1
-1
1 19 24
-1
1 19 23
-1
-1
6 19 22
-1
-1
2 20 22
-1
-1
2 21 22
-1
4 22 22
-1
-1
1 22 21
-1
-1
1 22 20
-1
-1
1 22 19
-1
-1
1 22 18
-1
1 22 17
-1
-1
6 22 16
-1
-1
4 23 16
-1
-1
1 23 15
-1
6 23 14
-1
-1
2 24 14
-1
-1
2 25 14
-1
-1
2 26 14
-1
-1
4 27 14
-1
1 27 13
-1
-1
6 27 12
-1
-1
4 28 12
-1
-1
1 28 11
-1
1 28 10
-1
-1
1 28 9
-1
-1
-1
-1
-1
-1
-1
-1
-1
-1
-1
-1
-1
-1
-1
-1
-1
-1
-1
-1
-1
-1
-1
-1
-1
-1
-1
-1
-1
-1
-1
-1
-1
-1
-1
-1
-1
-1
-1
-1
-1
-1
-1
-1
-1
-1
-1
-1
-1
-1
-1
-1
-1
-1
-1
-1
-1
-1
-1
-1
-1
-1
-1
-1
-1
-1
-1
-1
-1
-1
-1
-1
-1
-1
-1
-1
-1
-1
-1
-1
-1
-1
-1
-1
-1
-1
-1
-1
-1
-1
-1
-1
-1
-1
-1
-1
-1
-1
-1
-1
-1
-1
-1
-1
-1
-1
-1
-1
-1
-1
-1
-1
-1
-1
-1
-1
-1
-1
-1
-1
-1
-1
-1
-1
-1
-1
-1
-1
-1
-1
-1
-1
-1
-1
-1
-1
-1
-1
0 28 8
2 29 35
2 30 35
2 31 35
-1
2 32 35
2 33 35
2 34 35
2 35 35
2 36 35
2 37 35
2 38 35
4 39 35
1 39 34
6 39 33
4 40 33
6 40 32
2 41 32
2 42 32
2 43 32
2 44 32
-1
-1
-1
-1
-1
-1
-1
-1
-1
-1
-1
-1
-1
-1
-1
-1
-1
-1
-1
-1
-1
-1
-1
-1
-1
-1
-1
-1
-1
-1
-1
-1
-1
-1
-1
-1
-1
-1
-1
-1
-1
-1
-1
-1
-1
-1
-1
-1
-1
-1
-1
0 45 32
-1
-1
-1
-1
-1
-1
-1
-1
-1
-1
-1
-1
-1
-1
-1
-1
-1
-1
-1
-1
-1
-1
-1
-1
0 22 22
-1
-1
-1
-1
-1
-1
-1
-1
-1
-1
-1
-1
-1
-1
-1
0 43 32
5 28 7
2 27 7
3 26 7
1 26 6
1 26 5
5 26 4
2 25 4
2 24 4
3 23 4
1 23 3
1 23 2
5 23 1
2 22 1
2 21 1
2 20 1
-1
-1
0 19 1
1 28 36
1 28 37
4 28 38
2 27 38
6 26 38
1 26 39
1 26 40
1 26 41
1 26 42
4 26 43
0 25 43
2 24 43
2 23 43
2 22 43
2 21 43
2 20 43
2 19 43
2 18 43
2 17 43
2 16 43
2 15 43
2 14 43
2 13 43
2 12 43
2 11 43
2 10 43
0 9 43
-1
-1
0 26 4
1 26 3
1 26 2
5 26 1
3 25 1
-1
-1
0 25 0
3 25 44
2 26 44
4 27 44
1 27 43
1 27 42
1 27 41
1 27 40
6 27 39
2 28 39
4 29 39
6 29 38
0 30 38
0 15 43
2 8 43
2 7 43
0 6 43
2 29 8
2 30 8
2 31 8
4 32 8
1 32 7
1 32 6
6 32 5
2 33 5
2 34 5
2 35 5
0 36 5
0 27 14
0 21 43
3 36 6
2 37 6
2 38 6
2 39 6
2 40 6
2 41 6
5 42 6
1 42 7
1 42 8
1 42 9
1 42 10
1 42 11
1 42 12
1 42 13
0 42 14
0 23 16
0 23 4
0 26 38
0 25 1
0 19 23
1 43 33
1 43 34
1 43 35
1 43 36
0 43 37
0 26 7
1 45 31
1 45 30
1 45 29
0 45 28
0 42 15
1 26 8
1 26 9
4 26 10
0 25 10
0 19 29
1 6 44
1 6 45
4 6 46
2 5 46
2 4 46
2 3 46
0 2 46
0 28 29
0 32 8
0 28 31
0 42 6
1 9 42
1 9 41
6 9 40
2 10 40
0 11 40
1 15 42
6 15 41
0 16 41
0 22 18
5 36 4
0 35 4
0 39 35
3 18 23
5 18 22
2 17 22
2 16 22
0 15 22
0 28 12
0 19 26
4 46 32
6 46 31
0 47 31
0 11 39
1 15 44
1 15 45
0 15 46
0 22 29
4 23 22
6 23 21
2 24 21
0 25 21
4 44 37
6 44 36
2 45 36
2 46 36
0 47 36
2 41 15
2 40 15
2 39 15
2 38 15
0 37 15
1 15 47
1 15 48
3 15 49
2 16 49
0 17 49
4 9 44
6 8 44
1 8 45
1 8 46
1 8 47
0 8 48
1 45 27
0 45 26
1 43 38
1 43 39
1 43 40
1 43 41
1 43 42
1 43 43
1 43 44
1 43 45
0 43 46
4 44 46
6 44 45
0 45 45
2 42 46
2 41 46
2 40 46
2 39 46
0 38 46
1 38 47
4 38 48
2 37 48
2 36 48
0 35 48
4 25 11
2 24 11
2 23 11
2 22 11
2 21 11
2 20 11
0 19 11
2 29 31
2 30 31
2 31 31
0 32 31
3 27 35
5 27 34
2 26 34
0 25 34
1 21 44
1 21 45
3 21 46
0 22 46
4 26 21
1 26 20
6 26 19
2 27 19
2 28 19
0 29 19
1 37 16
1 37 17
4 37 18
0 36 18
0 29 29
0 6 42
1 19 10
1 19 9
1 19 8
5 19 7
0 18 7
4 43 14
1 43 13
1 43 12
6 43 11
2 44 11
2 45 11
2 46 11
2 47 11
0 48 11
4 15 23
2 14 23
2 13 23
2 12 23
2 11 23
0 10 23
2 21 18
2 20 18
2 19 18
0 18 18
4 25 35
2 24 35
2 23 35
6 22 35
0 22 36
1 36 19
1 36 20
1 36 21
1 36 22
1 36 23
0 36 24
1 18 17
1 18 16
5 18 15
2 17 15
0 16 15
4 37 24
6 37 23
2 38 23
2 39 23
0 40 23
6 30 37
2 31 37
0 32 37
1 39 36
1 39 37
1 39 38
1 39 39
0 39 40
1 36 25
1 36 26
1 36 27
0 36 28
1 48 12
1 48 13
1 48 14
1 48 15
1 48 16
1 48 17
0 48 18
2 46 28
2 47 28
2 48 28
0 49 28
1 11 38
1 11 37
1 11 36
1 11 35
1 11 34
1 11 33
0 11 32
2 18 1
2 17 1
2 16 1
0 15 1
1 42 5
1 42 4
1 42 3
1 42 2
6 42 1
2 43 1
2 44 1
0 45 1
5 45 0
2 44 0
2 43 0
2 42 0
2 41 0
2 40 0
0 39 0
-1
-1
-1
-1
-1
-1
-1
-1
-1
-1
-1
-1
-1
-1
-1
-1
-1
-1
-1
-1
-1
-1
-1
-1
-1
-1
-1
-1
-1
-1
-1
-1
-1
-1
-1
-1
-1
-1
-1
-1
-1
-1
-1
-1
-1
-1
-1
-1
-1
-1
-1
-1
-1
-1
-1
-1
-1
-1
-1
-1
-1
-1
-1
-1
-1
-1
-1
-1
-1
-1
-1
-1
-1
-1
-1
-1
-1
-1
-1
-1
-1
-1
-1
-1
-1
-1
-1
-1
-1
-1
-1
-1
-1
-1
-1
-1
-1
-1
-1
-1
-1
-1
-1
-1
-1
-1
-1
-1
-1
-1
-1
-1
-1
-1
-1
-1
-1
-1
-1
-1
-1
-1
-1
-1
-1
-1
