0 10 13
1 10 14
1 10 15
1 10 16
1 10 17
1 10 18
1 10 19
3 10 20
2 11 20
2 12 20
2 13 20
2 14 20
5 15 20
1 15 21
1 15 22
1 15 23
1 15 24
1 15 25
3 15 26
5 16 26
3 16 27
2 17 27
2 18 27
5 19 27
1 19 28
1 19 29
1 19 30
1 19 31
3 19 32
2 20 32
2 21 32
2 22 32
2 23 32
2 24 32
2 25 32
2 26 32
2 27 32
2 28 32
2 29 32
2 30 32
2 31 32
2 32 32
2 33 32
2 34 32
2 35 32
2 36 32
2 37 32
2 38 32
5 39 32
1 39 33
1 39 34
1 39 35
1 39 36
0 39 37
1 39 38
1 39 39
1 39 40
3 39 41
5 40 41
1 40 42
3 40 43
2 41 43
2 42 43
2 43 43
2 44 43
2 45 43
5 46 43
1 46 44
1 46 45
1 46 46
-1
-1
-1
-1
-1
-1
-1
-1
-1
-1
-1
-1
-1
-1
-1
-1
-1
-1
-1
-1
-1
-1
-1
-1
-1
-1
-1
-1
-1
-1
-1
-1
-1
-1
-1
-1
-1
-1
0 46 47
1 10 12
1 10 11
6 10 10
2 11 10
2 12 10
2 13 10
2 14 10
2 15 10
4 16 10
1 16 9
1 16 8
1 16 7
1 16 6
1 16 5
1 16 4
1 16 3
-1
-1
-1
-1
-1
-1
-1
-1
-1
-1
-1
-1
-1
-1
-1
-1
-1
0 16 2
-1
-1
-1
-1
-1
-1
-1
-1
-1
-1
-1
-1
-1
-1
-1
0 12 20
4 11 13
6 11 12
2 12 12
2 13 12
2 14 12
2 15 12
2 16 12
2 17 12
2 18 12
2 19 12
2 20 12
2 21 12
2 22 12
2 23 12
2 24 12
-1
0 25 12
-1
-1
-1
-1
-1
-1
-1
-1
-1
-1
-1
-1
0 44 43
1 12 21
4 12 22
2 11 22
6 10 22
1 10 23
4 10 24
2 9 24
2 8 24
2 7 24
2 6 24
2 5 24
6 4 24
1 4 25
1 4 26
1 4 27
0 4 28
2 26 12
2 27 12
2 28 12
2 29 12
2 30 12
2 31 12
2 32 12
2 33 12
2 34 12
2 35 12
4 36 12
1 36 11
1 36 10
1 36 9
1 36 8
6 36 7
0 37 7
0 40 41
1 4 29
1 4 30
4 4 31
2 3 31
2 2 31
-1
0 1 31
1 1 32
1 1 33
1 1 34
1 1 35
1 1 36
1 1 37
1 1 38
1 1 39
1 1 40
3 1 41
2 2 41
0 3 41
2 45 47
2 44 47
0 43 47
1 44 42
1 44 41
1 44 40
1 44 39
0 44 38
5 16 1
2 15 1
2 14 1
0 13 1
6 9 13
4 9 14
2 8 14
2 7 14
2 6 14
0 5 14
2 38 7
2 39 7
2 40 7
0 41 7
6 38 37
1 38 38
4 38 39
2 37 39
0 36 39
-1
-1
0 8 24
1 41 8
1 41 9
1 41 10
1 41 11
1 41 12
0 41 13
1 12 19
6 12 18
2 13 18
2 14 18
2 15 18
2 16 18
2 17 18
2 18 18
0 19 18
0 16 10
0 28 12
2 42 13
2 43 13
2 44 13
2 45 13
2 46 13
0 47 13
0 4 24
1 43 48
0 43 49
0 20 32
2 4 41
2 5 41
2 6 41
0 7 41
1 7 42
3 7 43
2 8 43
2 9 43
2 10 43
2 11 43
0 12 43
0 3 42
2 13 43
2 14 43
2 15 43
2 16 43
2 17 43
2 18 43
0 19 43
0 9 13
0 34 32
0 3 31
0 10 10
1 7 40
1 7 39
1 7 38
0 7 37
5 10 9
2 9 9
0 8 9
4 3 43
2 2 43
0 1 43
0 42 47
0 36 12
0 1 37
5 36 38
0 35 38
2 34 38
2 33 38
2 32 38
0 31 38
0 16 26
0 41 43
1 13 2
1 13 3
0 13 4
4 36 13
2 35 13
2 34 13
0 33 13
0 41 14
0 41 15
1 4 23
1 4 22
0 4 21
0 46 43
2 3 21
2 2 21
0 1 21
1 33 14
3 33 15
5 34 15
1 34 16
1 34 17
0 34 18
4 41 44
2 40 44
0 39 44
2 33 18
0 32 18
4 17 10
1 17 9
6 17 8
2 18 8
2 19 8
2 20 8
0 21 8
1 19 42
1 19 41
1 19 40
5 19 39
2 18 39
0 17 39
1 37 6
1 37 5
1 37 4
1 37 3
1 37 2
5 37 1
0 36 1
1 19 44
0 19 45
5 5 28
3 5 29
0 6 29
5 42 7
3 42 8
0 43 8
2 7 9
2 6 9
0 5 9
4 36 40
2 35 40
0 34 40
4 40 37
1 40 36
1 40 35
1 40 34
6 40 33
0 41 33
1 47 12
6 47 11
2 48 11
0 49 11
1 31 37
5 31 36
2 30 36
0 29 36
2 28 36
0 27 36
0 10 17
5 8 37
0 8 38
2 20 43
2 21 43
2 22 43
2 23 43
2 24 43
0 25 43
0 44 41
1 1 44
1 1 45
1 1 46
4 1 47
0 0 47
0 15 20
2 45 38
2 46 38
2 47 38
0 48 38
0 19 40
1 32 19
1 32 20
4 32 21
0 31 21
1 41 6
1 41 5
1 41 4
1 41 3
6 41 2
0 42 2
1 25 44
1 25 45
1 25 46
1 25 47
0 25 48
6 3 24
4 3 25
0 2 25
1 5 8
1 5 7
1 5 6
5 5 5
0 4 5
4 26 48
1 26 47
6 26 46
2 27 46
2 28 46
0 29 46
0 19 27
1 41 16
1 41 17
3 41 18
0 42 18
5 20 27
1 20 28
3 20 29
2 21 29
0 22 29
5 36 0
2 35 0
2 34 0
2 33 0
2 32 0
0 31 0
-1
-1
-1
-1
-1
-1
-1
-1
-1
-1
-1
-1
-1
-1
-1
-1
-1
-1
-1
-1
-1
-1
-1
-1
-1
-1
-1
-1
-1
-1
-1
-1
-1
-1
-1
-1
-1
-1
-1
-1
-1
-1
-1
-1
-1
-1
-1
-1
-1
-1
-1
-1
-1
-1
-1
-1
-1
-1
-1
-1
-1
-1
-1
-1
-1
-1
-1
-1
-1
-1
-1
-1
-1
-1
-1
-1
-1
-1
-1
-1
-1
-1
-1
-1
-1
-1
-1
-1
-1
-1
-1
-1
-1
-1
-1
-1
-1
-1
-1
-1
-1
-1
-1
-1
-1
-1
-1
-1
-1
-1
-1
-1
-1
-1
-1
-1
-1
-1
-1
-1
-1
-1
-1
-1
-1
-1
-1
-1
-1
-1
-1
-1
-1
-1
-1
-1
-1
-1
-1
-1
-1
-1
-1
-1
-1
-1
-1
-1
-1
-1
-1
-1
-1
-1
-1
-1
-1
-1
-1
-1
-1
-1
-1
-1
-1
-1
-1
-1
-1
-1
-1
-1
-1
-1
-1
-1
-1
-1
-1
-1
-1
-1
-1
-1
-1
-1
-1
-1
-1
-1
-1
-1
-1
-1
-1
-1
-1
-1
-1
-1
-1
-1
-1
-1
-1
-1
-1
-1
-1
-1
-1
-1
-1
-1
-1
-1
-1
-1
-1
-1
-1
-1
-1
-1
-1
-1
-1
-1
-1
-1
-1
-1
-1
-1
-1
-1
-1
-1
-1
-1
-1
-1
-1
-1
-1
-1
-1
-1
-1
-1
-1
-1
-1
-1
-1
-1
-1
-1
-1
-1
-1
-1
-1
-1
-1
-1
-1
-1
-1
-1
-1
-1
-1
-1
-1
-1
-1
-1
-1
-1
-1
-1
-1
-1
-1
-1
-1
-1
-1
-1
-1
-1
-1
-1
-1
-1
-1
-1
-1
-1
-1
-1
-1
-1
-1
-1
-1
-1
-1
-1
-1
-1
-1
-1
