0 25 13
1 25 14
1 25 15
1 25 16
1 25 17
3 25 18
2 26 18
2 27 18
5 28 18
1 28 19
3 28 20
2 29 20
2 30 20
5 31 20
1 31 21
1 31 22
1 31 23
1 31 24
1 31 25
1 31 26
3 31 27
2 32 27
5 33 27
3 33 28
2 34 28
5 35 28
1 35 29
1 35 30
0 35 31
4 36 31
1 36 30
6 36 29
2 37 29
2 38 29
-1
-1
-1
-1
-1
-1
-1
-1
-1
-1
-1
-1
-1
-1
-1
-1
-1
0 39 29
2 26 13
4 27 13
1 27 12
1 27 11
-1
-1
-1
-1
-1
-1
-1
-1
-1
-1
-1
-1
-1
-1
-1
0 27 10
2 34 31
2 33 31
2 32 31
2 31 31
2 30 31
6 29 31
1 29 32
1 29 33
4 29 34
2 28 34
2 27 34
2 26 34
2 25 34
6 24 34
4 24 35
2 23 35
2 22 35
0 21 35
2 40 29
2 41 29
2 42 29
2 43 29
2 44 29
2 45 29
0 46 29
2 20 35
2 19 35
2 18 35
2 17 35
2 16 35
2 15 35
0 14 35
1 14 36
4 14 37
2 13 37
2 12 37
6 11 37
0 11 38
2 26 10
2 25 10
2 24 10
-1
0 23 10
3 11 39
2 12 39
2 13 39
2 14 39
0 15 39
1 39 30
1 39 31
0 39 32
1 39 28
1 39 27
0 39 26
1 21 36
0 21 37
5 39 25
2 38 25
2 37 25
3 36 25
0 36 24
1 14 34
5 14 33
2 13 33
0 12 33
0 29 34
0 40 26
1 23 9
1 23 8
0 23 7
0 33 28
0 29 32
2 11 33
3 10 33
1 10 32
5 10 31
3 9 31
1 9 30
1 9 29
1 9 28
0 9 27
0 24 34
2 40 32
0 41 32
0 27 13
2 8 27
2 7 27
2 6 27
3 5 27
0 5 26
0 26 18
1 5 25
1 5 24
0 5 23
2 4 23
2 3 23
0 2 23
0 9 31
0 16 39
0 31 24
1 46 28
1 46 27
1 46 26
0 46 25
2 42 32
2 43 32
0 44 32
0 33 27
0 11 37
1 5 22
1 5 21
0 5 20
1 21 34
1 21 33
0 21 32
1 9 26
1 9 25
0 9 24
0 2 24
0 24 35
0 42 29
1 29 35
0 29 36
1 46 24
0 46 23
1 5 19
0 5 18
1 24 36
1 24 37
1 24 38
0 24 39
2 20 32
0 19 32
0 24 40
1 15 40
1 15 41
0 15 42
2 24 7
0 25 7
2 10 24
0 11 24
3 8 31
5 8 30
0 7 30
2 12 24
0 13 24
2 28 13
0 29 13
2 30 13
2 31 13
0 32 13
2 14 42
2 13 42
0 12 42
1 13 23
1 13 22
0 13 21
0 12 43
3 29 37
2 30 37
0 31 37
1 13 20
1 13 19
0 13 18
2 45 23
2 44 23
0 43 23
1 43 22
0 43 21
1 19 31
1 19 30
0 19 29
0 19 28
6 24 13
4 24 14
2 23 14
2 22 14
0 21 14
2 10 38
2 9 38
0 8 38
2 6 23
0 7 23
1 12 44
3 12 45
0 13 45
1 8 39
0 8 40
6 5 17
2 6 17
0 7 17
0 28 18
2 7 38
2 6 38
2 5 38
0 4 38
1 4 37
1 4 36
1 4 35
0 4 34
0 21 15
0 3 34
0 13 17
2 26 7
2 27 7
2 28 7
0 29 7
2 42 21
0 41 21
0 31 20
1 39 33
0 39 34
2 32 37
2 33 37
2 34 37
2 35 37
0 36 37
1 36 38
0 36 39
2 12 21
0 11 21
0 8 17
2 20 28
2 21 28
0 22 28
0 35 28
1 22 27
1 22 26
0 22 25
1 22 24
1 22 23
0 22 22
3 22 29
2 23 29
0 24 29
0 25 16
5 23 6
2 22 6
2 21 6
2 20 6
0 19 6
1 36 40
0 36 41
0 22 21
1 19 7
0 19 8
1 31 38
1 31 39
0 31 40
1 13 16
6 13 15
0 14 15
0 37 41
2 18 32
0 17 32
1 44 33
0 44 34
0 14 14
0 20 37
1 25 6
1 25 5
0 25 4
3 13 25
0 14 25
0 17 39
0 5 27
1 20 38
1 20 39
1 20 40
0 20 41
2 33 13
0 34 13
0 17 33
0 29 14
5 10 27
3 10 28
0 11 28
1 8 37
5 8 36
0 7 36
0 15 25
2 38 41
2 39 41
0 40 41
0 35 32
2 21 22
0 20 22
1 19 9
1 19 10
0 19 11
0 7 35
1 36 42
1 36 43
0 36 44
0 19 22
1 21 16
0 21 17
1 8 18
0 8 19
2 41 41
2 42 41
2 43 41
0 44 41
1 20 42
0 20 43
1 32 12
1 32 11
0 32 10
1 36 45
1 36 46
1 36 47
0 36 48
1 29 6
6 29 5
2 30 5
0 31 5
2 30 24
2 29 24
0 28 24
2 35 48
2 34 48
2 33 48
2 32 48
0 31 48
0 27 24
2 45 34
2 46 34
0 47 34
1 42 28
0 42 27
1 47 35
1 47 36
0 47 37
1 20 44
3 20 45
0 21 45
2 18 28
0 17 28
0 12 28
0 32 9
5 17 31
2 16 31
0 15 31
6 32 8
2 33 8
0 34 8
2 35 8
2 36 8
0 37 8
0 8 41
1 8 42
4 8 43
0 7 43
1 7 44
1 7 45
0 7 46
1 25 3
1 25 2
0 25 1
1 14 13
1 14 12
1 14 11
0 14 10
0 29 31
6 4 33
0 5 33
2 24 1
2 23 1
0 22 1
0 37 9
2 13 10
2 12 10
0 11 10
1 11 9
0 11 8
1 29 30
0 29 29
0 11 7
0 18 22
0 11 6
1 11 5
0 11 4
1 11 3
0 11 2
0 35 44
1 46 22
0 46 21
0 44 42
0 36 36
0 35 45
0 36 25
0 31 41
1 31 36
0 31 35
1 31 4
1 31 3
0 31 2
2 26 4
0 27 4
1 44 35
4 44 36
2 43 36
0 42 36
2 4 20
2 3 20
0 2 20
0 20 17
0 10 10
0 19 27
0 32 20
0 33 20
1 41 20
0 41 19
1 7 47
0 7 48
2 35 13
2 36 13
2 37 13
0 38 13
2 19 17
0 18 17
2 21 1
2 20 1
0 19 1
4 19 2
2 18 2
0 17 2
5 31 47
2 30 47
2 29 47
3 28 47
0 28 46
4 37 48
6 37 47
2 38 47
0 39 47
1 36 23
1 36 22
6 36 21
0 37 21
1 4 39
0 4 40
1 46 20
0 46 19
6 8 16
2 9 16
0 10 16
0 28 29
1 46 18
1 46 17
0 46 16
2 47 16
0 48 16
0 47 25
1 4 41
4 4 42
2 3 42
2 2 42
0 1 42
5 46 15
0 45 15
0 10 33
0 44 15
1 21 46
1 21 47
0 21 48
0 26 19
2 10 4
2 9 4
2 8 4
2 7 4
0 6 4
0 6 5
0 6 6
1 24 41
0 24 42
2 2 34
0 1 34
6 28 36
4 28 37
0 27 37
2 5 6
2 4 6
6 3 6
0 3 7
4 17 3
0 16 3
0 1 33
2 20 48
0 19 48
0 35 33
2 8 46
2 9 46
0 10 46
4 12 2
1 12 1
0 12 0
2 22 48
2 23 48
0 24 48
5 27 23
0 26 23
2 47 29
0 48 29
2 12 7
2 13 7
0 14 7
1 6 3
5 6 2
2 5 2
0 4 2
1 31 1
5 31 0
2 30 0
0 29 0
1 1 43
1 1 44
1 1 45
1 1 46
1 1 47
0 1 48
0 18 11
2 23 25
2 24 25
0 25 25
6 38 12
0 39 12
0 4 27
1 2 19
1 2 18
1 2 17
1 2 16
0 2 15
6 37 7
0 38 7
2 40 47
2 41 47
0 42 47
1 41 18
5 41 17
2 40 17
0 39 17
0 36 38
2 2 7
0 1 7
1 32 14
0 32 15
2 32 5
2 33 5
0 34 5
2 43 47
2 44 47
2 45 47
0 46 47
6 46 46
2 47 46
0 48 46
2 38 9
2 39 9
2 40 9
0 41 9
1 28 45
0 28 44
1 47 38
1 47 39
0 47 40
2 11 0
0 10 0
2 18 48
0 17 48
4 32 2
6 32 1
2 33 1
2 34 1
2 35 1
0 36 1
1 41 8
1 41 7
6 41 6
0 42 6
-1
-1
-1
-1
-1
-1
-1
-1
-1
-1
-1
-1
-1
-1
-1
-1
-1
-1
-1
-1
-1
-1
-1
-1
-1
-1
-1
-1
-1
-1
-1
-1
-1
-1
-1
-1
-1
-1
-1
-1
-1
-1
-1
-1
-1
-1
-1
-1
-1
-1
-1
-1
-1
-1
-1
-1
-1
-1
-1
-1
-1
-1
-1
-1
-1
-1
-1
-1
-1
-1
-1
-1
-1
-1
-1
-1
-1
-1
-1
-1
-1
-1
-1
-1
-1
-1
-1
-1
-1
-1
-1
-1
-1
-1
-1
-1
-1
-1
-1
-1
-1
-1
-1
-1
-1
-1
-1
-1
-1
-1
-1
-1
-1
-1
-1
-1
-1
-1
-1
-1
-1
-1
-1
-1
-1
-1
-1
-1
-1
-1
-1
-1
-1
-1
-1
-1
-1
-1
-1
-1
-1
-1
-1
-1
-1
-1
-1
-1
