0 29 29
1 29 30
3 29 31
5 30 31
1 30 32
1 30 33
3 30 34
2 31 34
0 32 34
1 32 35
1 32 36
4 32 37
6 31 37
-1
-1
-1
-1
1 31 38
-1
-1
-1
-1
-1
1 31 39
-1
-1
-1
-1
-1
1 31 40
-1
-1
-1
-1
1 31 41
-1
-1
-1
-1
-1
1 31 42
-1
-1
-1
-1
-1
1 31 43
-1
-1
-1
-1
-1
4 31 44
-1
-1
-1
-1
-1
2 30 44
-1
-1
-1
-1
-1
2 29 44
-1
-1
-1
-1
-1
2 28 44
-1
-1
-1
-1
-1
2 27 44
-1
-1
-1
-1
2 26 44
-1
-1
-1
-1
-1
2 25 44
-1
-1
-1
-1
-1
2 24 44
-1
-1
-1
-1
-1
2 23 44
-1
-1
-1
-1
-1
2 22 44
-1
-1
-1
-1
-1
2 21 44
-1
-1
-1
-1
-1
2 20 44
-1
-1
-1
-1
-1
2 19 44
-1
-1
-1
-1
-1
2 18 44
-1
-1
-1
-1
2 17 44
-1
-1
-1
-1
-1
2 16 44
-1
-1
-1
-1
-1
2 15 44
-1
-1
-1
-1
-1
2 14 44
-1
-1
-1
-1
-1
2 13 44
-1
-1
-1
-1
-1
6 12 44
-1
-1
-1
-1
-1
1 12 45
-1
-1
-1
-1
-1
1 12 46
-1
-1
-1
-1
-1
-1
-1
-1
-1
-1
-1
-1
-1
-1
-1
-1
-1
-1
-1
-1
-1
-1
-1
-1
-1
-1
-1
-1
-1
-1
-1
-1
-1
-1
-1
-1
-1
-1
-1
-1
-1
-1
-1
-1
-1
-1
-1
-1
-1
-1
-1
-1
-1
-1
-1
-1
-1
-1
-1
-1
-1
-1
-1
-1
-1
-1
-1
-1
-1
-1
-1
-1
-1
-1
-1
-1
-1
-1
-1
-1
-1
-1
-1
-1
-1
-1
-1
-1
-1
-1
-1
-1
-1
-1
-1
-1
-1
-1
-1
-1
-1
-1
-1
-1
-1
-1
-1
-1
-1
-1
-1
-1
-1
-1
-1
-1
-1
-1
-1
-1
-1
-1
-1
-1
-1
-1
-1
-1
-1
-1
-1
-1
-1
-1
-1
-1
-1
-1
-1
-1
-1
-1
-1
-1
-1
-1
-1
-1
-1
-1
-1
-1
-1
-1
-1
-1
-1
-1
-1
-1
-1
-1
-1
-1
-1
-1
-1
-1
-1
-1
-1
-1
-1
-1
-1
-1
-1
-1
-1
-1
-1
-1
-1
-1
-1
-1
-1
-1
-1
-1
-1
-1
-1
-1
-1
-1
-1
-1
-1
-1
-1
-1
-1
-1
-1
-1
-1
-1
-1
-1
-1
-1
-1
-1
-1
-1
-1
-1
-1
-1
-1
-1
-1
-1
-1
-1
-1
-1
-1
-1
-1
-1
-1
-1
-1
-1
-1
-1
-1
-1
-1
-1
-1
-1
-1
-1
-1
-1
-1
-1
-1
-1
-1
-1
-1
-1
-1
-1
-1
-1
-1
-1
-1
-1
-1
-1
-1
-1
-1
-1
-1
-1
-1
-1
-1
-1
-1
-1
-1
-1
-1
-1
-1
-1
-1
-1
-1
-1
-1
-1
-1
-1
-1
0 12 47
1 29 28
1 29 27
1 29 26
6 29 25
2 30 25
2 31 25
2 32 25
2 33 25
4 34 25
1 34 24
1 34 23
1 34 22
1 34 21
1 34 20
1 34 19
1 34 18
1 34 17
1 34 16
1 34 15
1 34 14
1 34 13
1 34 12
1 34 11
6 34 10
2 35 10
2 36 10
2 37 10
2 38 10
-1
-1
-1
-1
-1
-1
-1
-1
-1
-1
-1
-1
-1
-1
-1
-1
-1
-1
-1
-1
-1
-1
-1
0 39 10
2 40 10
2 41 10
2 42 10
2 43 10
4 44 10
1 44 9
1 44 8
1 44 7
6 44 6
2 45 6
4 46 6
1 46 5
1 46 4
1 46 3
6 46 2
-1
-1
-1
-1
-1
-1
-1
-1
-1
-1
-1
-1
-1
-1
0 47 2
3 12 48
2 13 48
2 14 48
2 15 48
2 16 48
2 17 48
2 18 48
2 19 48
2 20 48
2 21 48
2 22 48
2 23 48
2 24 48
2 25 48
2 26 48
-1
-1
-1
-1
-1
-1
-1
-1
-1
0 27 48
1 39 9
1 39 8
1 39 7
1 39 6
1 39 5
1 39 4
5 39 3
2 38 3
2 37 3
2 36 3
2 35 3
2 34 3
2 33 3
2 32 3
2 31 3
2 30 3
2 29 3
2 28 3
2 27 3
2 26 3
2 25 3
2 24 3
2 23 3
2 22 3
2 21 3
2 20 3
2 19 3
2 18 3
2 17 3
2 16 3
2 15 3
2 14 3
2 13 3
2 12 3
2 11 3
0 10 3
-1
-1
-1
0 34 25
-1
-1
-1
-1
-1
-1
-1
-1
-1
-1
0 12 44
1 10 4
1 10 5
1 10 6
4 10 7
2 9 7
2 8 7
2 7 7
2 6 7
2 5 7
2 4 7
2 3 7
2 2 7
0 1 7
1 1 8
1 1 9
1 1 10
1 1 11
1 1 12
0 1 13
1 1 14
3 1 15
2 2 15
2 3 15
2 4 15
2 5 15
2 6 15
2 7 15
0 8 15
-1
-1
-1
-1
-1
0 46 6
1 46 7
1 46 8
1 46 9
1 46 10
1 46 11
1 46 12
1 46 13
1 46 14
1 46 15
1 46 16
0 46 17
0 30 31
2 11 47
2 10 47
2 9 47
2 8 47
2 7 47
2 6 47
2 5 47
0 4 47
-1
0 30 3
1 8 14
6 8 13
2 9 13
2 10 13
2 11 13
2 12 13
2 13 13
0 14 13
6 14 12
2 15 12
2 16 12
2 17 12
0 18 12
3 28 29
1 28 28
1 28 27
1 28 26
1 28 25
6 28 24
2 29 24
2 30 24
0 31 24
-1
-1
-1
-1
-1
-1
-1
-1
-1
-1
-1
-1
-1
-1
-1
-1
-1
-1
-1
-1
-1
-1
-1
-1
-1
-1
-1
-1
-1
-1
-1
-1
-1
-1
-1
-1
-1
-1
-1
-1
-1
-1
-1
-1
-1
-1
-1
-1
-1
-1
-1
-1
-1
-1
-1
-1
-1
-1
-1
-1
-1
-1
-1
-1
-1
-1
-1
-1
-1
-1
-1
-1
-1
-1
-1
-1
-1
-1
-1
-1
-1
-1
-1
-1
-1
-1
-1
-1
-1
-1
-1
-1
-1
