0 17 43
1 17 42
1 17 41
1 17 40
1 17 39
1 17 38
1 17 37
1 17 36
1 17 35
1 17 34
1 17 33
1 17 32
1 17 31
1 17 30
1 17 29
1 17 28
1 17 27
1 17 26
1 17 25
1 17 24
1 17 23
1 17 22
1 17 21
1 17 20
1 17 19
6 17 18
4 18 18
1 18 17
1 18 16
1 18 15
0 18 14
2 16 43
6 15 43
1 15 44
1 15 45
0 15 46
1 18 13
1 18 12
6 18 11
2 19 11
4 20 11
1 20 10
6 20 9
2 21 9
2 22 9
2 23 9
2 24 9
2 25 9
2 26 9
2 27 9
2 28 9
2 29 9
2 30 9
4 31 9
6 31 8
4 32 8
6 32 7
2 33 7
2 34 7
2 35 7
2 36 7
2 37 7
0 38 7
-1
-1
0 20 11
1 15 47
3 15 48
2 16 48
2 17 48
-1
-1
0 18 48
5 19 14
1 19 15
1 19 16
3 19 17
0 20 17
1 38 8
3 38 9
2 39 9
2 40 9
0 41 9
1 38 6
1 38 5
0 38 4
2 42 9
2 43 9
2 44 9
2 45 9
2 46 9
0 47 9
0 17 37
2 18 37
2 19 37
2 20 37
0 21 37
2 21 17
4 22 17
1 22 16
1 22 15
0 22 14
0 14 46
1 21 36
1 21 35
0 21 34
6 18 47
4 19 47
0 19 46
2 17 14
2 16 14
0 15 14
0 15 43
1 15 15
0 15 16
2 14 16
2 13 16
0 12 16
0 21 9
0 17 35
1 12 17
1 12 18
1 12 19
0 12 20
0 18 11
0 21 38
1 12 21
4 12 22
0 11 22
2 10 22
0 9 22
2 14 43
0 13 43
0 12 43
0 31 9
0 34 7
0 15 48
1 38 3
0 38 2
0 41 10
1 41 11
3 41 12
5 42 12
0 42 13
1 42 14
1 42 15
1 42 16
1 42 17
0 42 18
0 42 16
4 42 19
2 41 19
2 40 19
2 39 19
0 38 19
0 17 40
2 37 19
2 36 19
2 35 19
0 34 19
1 34 20
1 34 21
0 34 22
1 34 18
0 34 17
2 43 18
2 44 18
2 45 18
0 46 18
1 9 23
4 9 24
2 8 24
2 7 24
2 6 24
2 5 24
0 4 24
1 4 25
1 4 26
1 4 27
0 4 28
0 18 40
0 17 11
0 17 19
1 46 19
1 46 20
1 46 21
4 46 22
2 45 22
0 44 22
1 47 8
0 47 7
2 33 22
0 32 22
0 46 22
1 44 23
1 44 24
1 44 25
1 44 26
0 44 27
4 44 28
6 43 28
1 43 29
1 43 30
4 43 31
2 42 31
0 41 31
0 17 30
1 41 32
4 41 33
2 40 33
2 39 33
0 38 33
2 37 33
0 36 33
2 39 2
0 40 2
1 47 6
1 47 5
0 47 4
1 36 32
5 36 31
0 35 31
1 38 20
0 38 21
0 43 29
0 29 9
0 11 16
1 38 32
1 38 31
1 38 30
0 38 29
1 38 28
0 38 27
2 16 35
2 15 35
2 14 35
0 13 35
2 10 16
2 9 16
2 8 16
2 7 16
0 6 16
0 44 25
0 6 15
0 47 10
0 22 17
1 6 17
0 6 18
1 21 33
6 21 32
0 22 32
1 41 8
1 41 7
0 41 6
0 38 34
1 38 35
1 38 36
0 38 37
1 6 14
1 6 13
5 6 12
2 5 12
0 4 12
2 5 18
2 4 18
0 3 18
2 34 31
2 33 31
0 32 31
0 3 19
0 39 9
6 43 22
4 43 23
0 42 23
1 19 45
6 19 44
2 20 44
0 21 44
0 6 19
1 4 11
1 4 10
0 4 9
0 46 17
0 47 17
1 32 30
0 32 29
1 4 8
1 4 7
1 4 6
0 4 5
1 13 34
1 13 33
0 13 32
1 34 8
1 34 9
1 34 10
0 34 11
2 3 5
0 2 5
2 31 22
3 30 22
5 30 21
0 29 21
1 29 22
1 29 23
0 29 24
1 2 4
1 2 3
0 2 2
0 21 43
0 39 27
1 47 3
0 47 2
0 16 30
2 12 35
2 11 35
2 10 35
0 9 35
2 8 35
2 7 35
2 6 35
0 5 35
2 31 29
2 30 29
0 29 29
2 46 2
0 45 2
2 28 29
0 27 29
5 38 1
2 37 1
0 36 1
0 4 35
0 40 27
2 35 11
0 36 11
0 47 11
0 47 12
0 3 9
1 12 42
0 12 41
2 11 41
2 10 41
0 9 41
0 34 16
0 7 15
2 41 13
0 40 13
1 31 10
1 31 11
0 31 12
0 31 13
0 38 38
2 23 17
0 24 17
1 7 14
1 7 13
6 7 12
0 8 12
2 42 6
0 43 6
0 2 1
0 37 38
4 32 32
0 31 32
1 37 39
0 37 40
2 36 40
2 35 40
2 34 40
0 33 40
0 33 41
0 9 24
0 9 25
4 31 14
0 30 14
0 1 5
1 29 8
1 29 7
0 29 6
0 9 26
5 29 5
3 28 5
0 28 4
0 28 3
0 2 9
0 24 9
5 47 18
3 47 19
0 48 19
3 46 23
2 47 23
0 48 23
1 4 29
0 4 30
1 31 33
1 31 34
0 31 35
2 5 5
2 6 5
0 7 5
0 8 5
0 28 2
1 37 41
0 37 42
6 13 46
4 13 47
2 12 47
0 11 47
0 29 20
2 3 28
0 2 28
0 1 28
2 2 19
0 1 19
0 5 24
1 33 42
4 33 43
0 32 43
0 25 9
1 21 8
1 21 7
0 21 6
0 28 24
2 27 24
0 26 24
2 25 24
2 24 24
2 23 24
0 22 24
1 17 10
0 17 9
1 25 10
0 25 11
2 25 17
0 26 17
2 21 24
2 20 24
0 19 24
0 27 17
1 8 4
1 8 3
0 8 2
3 38 39
2 39 39
2 40 39
2 41 39
0 42 39
2 44 29
2 45 29
2 46 29
0 47 29
2 30 35
0 29 35
5 9 2
3 9 3
0 10 3
2 38 42
2 39 42
0 40 42
0 44 9
2 22 44
0 23 44
2 26 11
2 27 11
0 28 11
0 44 21
2 26 29
2 25 29
0 24 29
1 47 1
0 47 0
0 17 33
3 34 23
5 35 23
0 35 24
2 37 27
2 36 27
0 35 27
1 9 34
0 9 33
1 24 18
1 24 19
1 24 20
0 24 21
0 5 9
2 39 13
0 38 13
2 33 19
0 32 19
2 23 21
2 22 21
0 21 21
1 1 20
1 1 21
0 1 22
2 35 16
0 36 16
3 11 23
2 12 23
0 13 23
0 3 30
1 11 15
0 11 14
0 19 25
0 14 14
2 28 35
2 27 35
0 26 35
0 14 23
2 3 35
2 2 35
0 1 35
1 1 18
1 1 17
1 1 16
0 1 15
2 22 38
2 23 38
0 24 38
2 10 47
0 9 47
0 47 13
2 32 40
2 31 40
2 30 40
2 29 40
0 28 40
0 47 14
1 42 38
1 42 37
6 42 36
0 43 36
2 8 47
2 7 47
2 6 47
2 5 47
2 4 47
2 3 47
2 2 47
0 1 47
0 42 12
0 44 36
2 45 36
2 46 36
0 47 36
2 5 30
0 6 30
0 48 36
2 29 4
2 30 4
2 31 4
0 32 4
4 36 34
0 35 34
1 9 27
1 9 28
3 9 29
2 10 29
0 11 29
2 41 42
2 42 42
2 43 42
2 44 42
2 45 42
5 46 42
0 46 43
1 1 34
0 1 33
0 47 28
0 35 7
0 23 32
2 16 9
2 15 9
2 14 9
2 13 9
0 12 9
1 12 8
0 12 7
1 40 43
1 40 44
1 40 45
0 40 46
1 23 45
3 23 46
0 24 46
0 21 32
1 1 46
6 1 45
0 2 45
1 21 5
0 21 4
5 28 1
2 27 1
2 26 1
0 25 1
2 25 46
0 26 46
1 12 40
1 12 39
0 12 38
3 15 30
0 15 29
1 21 3
0 21 2
6 31 43
1 31 44
1 31 45
0 31 46
2 29 2
2 30 2
4 31 2
0 31 1
2 19 48
0 20 48
1 37 43
1 37 44
4 37 45
0 36 45
0 46 42
1 12 6
0 12 5
1 19 26
0 19 27
1 47 37
0 47 38
1 1 36
1 1 37
1 1 38
0 1 39
3 40 47
2 41 47
0 42 47
-1
-1
-1
-1
-1
-1
-1
-1
-1
-1
-1
-1
-1
-1
-1
-1
-1
-1
-1
-1
-1
-1
-1
-1
-1
-1
-1
-1
-1
-1
-1
-1
-1
-1
-1
-1
-1
-1
-1
-1
-1
-1
-1
-1
-1
-1
-1
-1
-1
-1
-1
-1
-1
-1
-1
-1
-1
-1
-1
-1
-1
-1
-1
-1
-1
-1
-1
-1
-1
-1
-1
-1
-1
-1
-1
-1
-1
-1
-1
-1
-1
-1
-1
-1
-1
-1
-1
-1
-1
-1
-1
-1
-1
-1
-1
-1
-1
-1
-1
-1
-1
-1
-1
-1
-1
-1
-1
-1
-1
-1
-1
-1
-1
-1
-1
-1
-1
-1
-1
-1
-1
-1
-1
-1
-1
-1
-1
-1
-1
-1
-1
-1
-1
-1
-1
-1
-1
-1
-1
-1
-1
-1
-1
-1
-1
-1
-1
-1
-1
-1
-1
-1
-1
-1
-1
-1
-1
-1
-1
-1
-1
-1
-1
-1
-1
-1
-1
