0 23 22
2 24 22
2 25 22
2 26 22
2 27 22
2 28 22
2 29 22
4 30 22
1 30 21
6 30 20
2 31 20
2 32 20
2 33 20
2 34 20
2 35 20
2 36 20
2 37 20
4 38 20
1 38 19
6 38 18
4 39 18
1 39 17
6 39 16
2 40 16
2 41 16
0 42 16
4 23 23
2 22 23
2 21 23
2 20 23
6 19 23
1 19 24
4 19 25
0 18 25
-1
-1
-1
-1
-1
-1
-1
-1
-1
-1
-1
-1
-1
-1
-1
-1
-1
-1
-1
-1
-1
-1
-1
-1
-1
0 39 18
5 18 24
3 17 24
1 17 23
1 17 22
1 17 21
-1
-1
-1
-1
-1
-1
-1
-1
-1
-1
-1
-1
-1
-1
-1
-1
-1
-1
-1
-1
-1
-1
-1
0 17 20
1 42 17
1 42 18
1 42 19
1 42 20
1 42 21
-1
-1
-1
-1
-1
-1
-1
-1
-1
-1
-1
-1
-1
-1
0 42 22
1 18 26
1 18 27
1 18 28
1 18 29
1 18 30
1 18 31
1 18 32
1 18 33
1 18 34
1 18 35
1 18 36
1 18 37
1 18 38
4 18 39
-1
-1
-1
0 17 39
2 43 22
2 44 22
2 45 22
4 46 22
-1
-1
-1
-1
-1
-1
-1
-1
0 46 21
5 17 38
2 16 38
2 15 38
2 14 38
-1
-1
-1
-1
-1
0 13 38
1 17 40
1 17 41
4 17 42
-1
-1
-1
-1
0 16 42
2 43 16
4 44 16
6 44 15
2 45 15
2 46 15
2 47 15
-1
0 48 15
1 42 15
5 42 14
2 41 14
2 40 14
-1
0 39 14
5 18 20
3 18 21
-1
-1
-1
0 19 21
1 39 13
1 39 12
6 39 11
2 40 11
4 41 11
1 41 10
6 41 9
2 42 9
4 43 9
0 43 8
2 16 20
2 15 20
0 14 20
6 19 20
4 20 20
1 20 19
6 20 18
0 21 18
2 42 8
2 41 8
6 40 8
4 40 9
2 39 9
0 38 9
1 16 43
3 16 44
2 17 44
2 18 44
2 19 44
0 20 44
0 44 16
1 20 43
1 20 42
-1
0 20 41
1 20 40
6 20 39
2 21 39
2 22 39
2 23 39
4 24 39
6 24 38
0 25 38
0 30 20
2 38 14
2 37 14
0 36 14
1 25 37
1 25 36
1 25 35
1 25 34
5 25 33
2 24 33
2 23 33
2 22 33
0 21 33
0 37 20
0 41 11
2 22 18
2 23 18
0 24 18
1 20 45
1 20 46
1 20 47
0 20 48
2 26 38
2 27 38
2 28 38
2 29 38
0 30 38
2 12 38
0 11 38
0 42 20
1 48 14
5 48 13
0 47 13
0 26 22
6 17 25
4 17 26
2 16 26
0 15 26
1 26 23
1 26 24
1 26 25
4 26 26
0 25 26
0 30 22
1 30 37
6 30 36
0 31 36
2 32 36
2 33 36
2 34 36
2 35 36
0 36 36
1 36 37
1 36 38
1 36 39
1 36 40
1 36 41
1 36 42
1 36 43
3 36 44
0 37 44
2 38 44
2 39 44
2 40 44
2 41 44
2 42 44
2 43 44
2 44 44
2 45 44
2 46 44
0 47 44
0 47 43
3 44 17
0 45 17
1 47 45
1 47 46
1 47 47
0 47 48
1 25 27
1 25 28
3 25 29
2 26 29
0 27 29
1 24 17
1 24 16
1 24 15
1 24 14
0 24 13
2 25 13
2 26 13
2 27 13
0 28 13
5 28 12
3 27 12
1 27 11
1 27 10
0 27 9
0 42 23
4 29 13
1 29 12
6 29 11
2 30 11
0 31 11
0 46 22
0 36 40
1 14 19
1 14 18
1 14 17
6 14 16
0 15 16
2 28 29
0 29 29
2 30 29
2 31 29
0 32 29
0 27 38
1 21 17
0 21 16
2 15 42
0 14 42
0 21 15
1 14 43
0 14 44
1 14 45
4 14 46
2 13 46
2 12 46
2 11 46
0 10 46
3 46 48
5 46 47
0 45 47
0 46 13
0 37 21
1 27 8
1 27 7
1 27 6
1 27 5
1 27 4
0 27 3
0 17 24
1 10 47
0 10 48
1 15 15
1 15 14
1 15 13
5 15 12
0 14 12
1 37 45
1 37 46
1 37 47
0 37 48
1 14 11
1 14 10
1 14 9
6 14 8
0 15 8
2 26 3
2 25 3
0 24 3
2 9 48
2 8 48
2 7 48
2 6 48
0 5 48
1 27 39
1 27 40
1 27 41
1 27 42
0 27 43
0 19 23
2 33 29
2 34 29
2 35 29
2 36 29
0 37 29
1 46 23
1 46 24
1 46 25
0 46 26
1 27 44
0 27 45
2 47 26
0 48 26
1 46 27
1 46 28
1 46 29
1 46 30
0 46 31
1 27 46
1 27 47
3 27 48
0 28 48
1 38 8
1 38 7
1 38 6
5 38 5
0 37 5
1 37 4
1 37 3
1 37 2
0 37 1
2 37 36
2 38 36
2 39 36
2 40 36
0 41 36
6 35 40
0 35 41
1 42 24
1 42 25
0 42 26
1 47 12
1 47 11
0 47 10
5 47 42
2 46 42
2 45 42
0 44 42
2 19 48
6 18 48
4 18 49
2 17 49
2 16 49
0 15 49
1 41 35
1 41 34
5 41 33
0 40 33
0 35 20
1 36 15
0 36 16
1 37 22
1 37 23
0 37 24
4 42 36
6 42 35
2 43 35
0 44 35
0 21 32
2 36 24
2 35 24
2 34 24
0 33 24
2 13 20
2 12 20
6 11 20
4 11 21
0 10 21
1 10 20
1 10 19
1 10 18
1 10 17
5 10 16
0 9 16
2 36 5
2 35 5
2 34 5
0 33 5
1 40 32
0 40 31
1 9 17
4 9 18
2 8 18
2 7 18
0 6 18
1 24 4
1 24 5
4 24 6
0 23 6
1 21 14
5 21 13
0 20 13
1 6 19
1 6 20
1 6 21
1 6 22
1 6 23
0 6 24
2 37 9
2 36 9
2 35 9
0 34 9
1 15 27
4 15 28
2 14 28
0 13 28
1 6 25
1 6 26
1 6 27
1 6 28
1 6 29
1 6 30
1 6 31
1 6 32
4 6 33
2 5 33
2 4 33
2 3 33
2 2 33
0 1 33
-1
-1
-1
-1
-1
-1
-1
-1
-1
-1
-1
-1
-1
-1
-1
-1
-1
-1
-1
-1
-1
-1
-1
-1
-1
-1
-1
-1
-1
-1
-1
-1
-1
-1
-1
-1
-1
-1
-1
-1
-1
-1
-1
-1
-1
-1
-1
-1
-1
-1
-1
-1
-1
-1
-1
-1
-1
-1
-1
-1
-1
-1
-1
-1
-1
-1
-1
-1
-1
-1
-1
-1
-1
-1
-1
-1
-1
-1
-1
-1
-1
-1
-1
-1
-1
-1
-1
-1
-1
-1
-1
-1
-1
-1
-1
-1
-1
-1
-1
-1
-1
-1
-1
-1
-1
-1
-1
-1
-1
-1
-1
-1
-1
-1
-1
-1
-1
-1
-1
-1
-1
-1
-1
-1
-1
-1
-1
-1
-1
-1
-1
-1
-1
-1
-1
-1
-1
-1
-1
-1
-1
-1
-1
-1
-1
-1
-1
-1
-1
-1
-1
-1
-1
-1
-1
-1
-1
-1
-1
-1
-1
-1
-1
-1
-1
-1
-1
-1
-1
-1
-1
-1
-1
-1
-1
-1
-1
-1
-1
-1
-1
-1
-1
-1
-1
-1
-1
-1
-1
-1
-1
-1
-1
-1
-1
-1
-1
-1
-1
-1
-1
-1
-1
-1
-1
-1
-1
-1
-1
-1
-1
-1
-1
-1
-1
-1
-1
-1
-1
-1
-1
-1
-1
-1
-1
-1
-1
-1
-1
-1
-1
-1
-1
-1
-1
-1
-1
-1
-1
-1
-1
-1
-1
-1
-1
-1
-1
-1
-1
-1
-1
-1
-1
-1
-1
-1
-1
-1
-1
-1
-1
-1
-1
-1
-1
-1
-1
-1
-1
-1
-1
-1
-1
-1
-1
-1
-1
-1
