0 25 6
1 25 7
1 25 8
1 25 9
1 25 10
1 25 11
1 25 12
1 25 13
1 25 14
1 25 15
1 25 16
3 25 17
0 26 17
-1
-1
1 26 18
-1
-1
-1
1 26 19
-1
-1
1 26 20
-1
-1
-1
1 26 21
-1
-1
-1
3 26 22
-1
-1
2 27 22
-1
-1
-1
5 28 22
-1
-1
1 28 23
-1
-1
-1
1 28 24
-1
-1
1 28 25
-1
-1
-1
1 28 26
-1
-1
-1
1 28 27
-1
-1
1 28 28
-1
-1
-1
3 28 29
-1
-1
2 29 29
-1
-1
-1
2 30 29
-1
-1
2 31 29
-1
-1
-1
2 32 29
-1
-1
-1
2 33 29
-1
-1
5 34 29
-1
-1
-1
1 34 30
-1
-1
1 34 31
-1
-1
-1
1 34 32
-1
-1
1 34 33
-1
-1
-1
1 34 34
-1
-1
-1
1 34 35
-1
-1
1 34 36
-1
-1
-1
1 34 37
-1
-1
1 34 38
-1
-1
-1
1 34 39
-1
-1
1 34 40
-1
-1
-1
1 34 41
-1
-1
-1
1 34 42
-1
-1
1 34 43
-1
-1
-1
1 34 44
-1
-1
1 34 45
-1
-1
-1
3 34 46
-1
-1
2 35 46
-1
-1
-1
2 36 46
-1
-1
-1
-1
-1
-1
-1
-1
-1
-1
-1
-1
-1
-1
-1
-1
-1
-1
-1
-1
-1
-1
-1
-1
-1
-1
-1
-1
-1
-1
-1
-1
-1
-1
-1
-1
-1
-1
-1
-1
-1
-1
-1
-1
-1
-1
-1
-1
-1
-1
-1
-1
-1
-1
-1
-1
-1
-1
-1
-1
-1
-1
-1
-1
-1
-1
-1
-1
-1
-1
-1
-1
-1
-1
-1
-1
-1
-1
-1
-1
-1
-1
-1
-1
-1
-1
-1
-1
-1
-1
-1
-1
-1
-1
-1
-1
-1
-1
-1
-1
-1
-1
-1
-1
-1
-1
-1
-1
-1
-1
-1
-1
-1
-1
-1
-1
-1
-1
-1
-1
-1
-1
-1
-1
-1
-1
-1
-1
-1
-1
-1
-1
-1
-1
-1
-1
-1
-1
-1
-1
-1
-1
-1
-1
-1
-1
-1
-1
-1
-1
-1
-1
-1
-1
-1
-1
-1
-1
-1
-1
-1
-1
-1
-1
-1
-1
-1
-1
-1
-1
-1
-1
-1
-1
-1
-1
-1
-1
0 37 46
2 26 6
2 27 6
2 28 6
2 29 6
2 30 6
-1
-1
-1
-1
-1
-1
-1
-1
-1
-1
-1
-1
-1
-1
-1
-1
-1
-1
-1
-1
-1
-1
-1
-1
-1
-1
-1
-1
-1
0 31 6
4 37 47
2 36 47
2 35 47
2 34 47
2 33 47
2 32 47
2 31 47
3 30 47
5 30 46
2 29 46
2 28 46
2 27 46
2 26 46
2 25 46
2 24 46
2 23 46
2 22 46
2 21 46
2 20 46
2 19 46
2 18 46
2 17 46
2 16 46
2 15 46
2 14 46
2 13 46
2 12 46
2 11 46
2 10 46
2 9 46
2 8 46
2 7 46
2 6 46
2 5 46
2 4 46
2 3 46
-1
-1
-1
-1
-1
0 2 46
2 24 6
2 23 6
2 22 6
2 21 6
2 20 6
2 19 6
2 18 6
3 17 6
1 17 5
1 17 4
1 17 3
-1
-1
-1
-1
-1
-1
0 17 2
1 31 5
1 31 4
1 31 3
1 31 2
5 31 1
-1
-1
-1
-1
-1
-1
0 30 1
6 2 45
2 3 45
2 4 45
2 5 45
2 6 45
2 7 45
2 8 45
-1
-1
0 9 45
1 37 45
1 37 44
1 37 43
1 37 42
1 37 41
6 37 40
2 38 40
2 39 40
0 40 40
2 10 45
2 11 45
2 12 45
2 13 45
2 14 45
2 15 45
2 16 45
0 17 45
2 29 1
2 28 1
2 27 1
2 26 1
0 25 1
1 31 7
4 31 8
2 30 8
2 29 8
6 28 8
1 28 9
1 28 10
0 28 11
2 32 6
2 33 6
2 34 6
2 35 6
0 36 6
3 28 12
2 29 12
2 30 12
2 31 12
2 32 12
0 33 12
0 17 6
3 1 46
1 1 45
1 1 44
1 1 43
1 1 42
0 1 41
0 34 43
1 17 7
1 17 8
4 17 9
2 16 9
2 15 9
6 14 9
1 14 10
1 14 11
1 14 12
0 14 13
0 28 22
0 4 46
0 30 47
2 13 13
2 12 13
2 11 13
2 10 13
0 9 13
0 28 26
1 1 40
1 1 39
1 1 38
1 1 37
6 1 36
0 2 36
0 34 38
0 34 29
0 28 8
1 2 35
1 2 34
1 2 33
1 2 32
0 2 31
0 25 11
0 34 44
0 14 9
0 34 35
2 3 31
2 4 31
0 5 31
0 17 8
0 30 29
1 34 28
0 34 27
1 40 39
1 40 38
1 40 37
6 40 36
0 41 36
2 42 36
2 43 36
2 44 36
2 45 36
0 46 36
0 47 36
5 38 46
1 38 47
3 38 48
2 39 48
0 40 48
2 41 48
2 42 48
2 43 48
0 44 48
1 2 37
3 2 38
2 3 38
2 4 38
0 5 38
6 44 47
2 45 47
2 46 47
2 47 47
0 48 47
2 18 2
2 19 2
0 20 2
1 48 46
1 48 45
5 48 44
0 47 44
1 17 44
1 17 43
1 17 42
1 17 41
0 17 40
1 17 39
1 17 38
0 17 37
1 9 14
4 9 15
2 8 15
2 7 15
0 6 15
1 6 16
1 6 17
1 6 18
3 6 19
2 7 19
0 8 19
1 47 43
0 47 42
1 33 13
1 33 14
1 33 15
3 33 16
2 34 16
0 35 16
1 35 17
1 35 18
1 35 19
0 35 20
2 16 2
2 15 2
2 14 2
2 13 2
2 12 2
0 11 2
1 5 32
3 5 33
2 6 33
2 7 33
0 8 33
1 17 36
1 17 35
5 17 34
2 16 34
0 15 34
0 10 2
1 34 26
5 34 25
0 33 25
1 8 32
1 8 31
1 8 30
1 8 29
0 8 28
2 9 19
2 10 19
0 11 19
2 33 38
2 32 38
0 31 38
1 4 47
0 4 48
2 35 29
2 36 29
2 37 29
2 38 29
2 39 29
0 40 29
1 14 14
3 14 15
2 15 15
2 16 15
2 17 15
0 18 15
2 41 40
2 42 40
0 43 40
2 19 15
2 20 15
2 21 15
0 22 15
5 9 28
1 9 29
3 9 30
0 10 30
4 31 39
2 30 39
2 29 39
0 28 39
1 11 20
1 11 21
1 11 22
3 11 23
2 12 23
0 13 23
5 36 16
3 36 17
2 37 17
2 38 17
0 39 17
1 6 14
1 6 13
1 6 12
0 6 11
1 6 10
1 6 9
0 6 8
2 34 20
2 33 20
2 32 20
0 31 20
2 46 44
2 45 44
2 44 44
2 43 44
0 42 44
3 30 48
2 31 48
2 32 48
2 33 48
2 34 48
0 35 48
-1
-1
-1
-1
-1
-1
-1
-1
-1
-1
-1
-1
-1
-1
-1
-1
-1
-1
-1
-1
-1
-1
-1
-1
-1
-1
-1
-1
-1
-1
-1
-1
-1
-1
-1
-1
-1
-1
-1
-1
-1
-1
-1
-1
-1
-1
-1
-1
-1
-1
-1
-1
-1
-1
-1
-1
-1
-1
-1
-1
-1
-1
-1
-1
-1
-1
-1
-1
-1
-1
-1
-1
-1
-1
-1
-1
-1
-1
-1
-1
-1
-1
-1
-1
-1
-1
-1
-1
-1
-1
-1
-1
-1
-1
-1
-1
-1
-1
