0 13 31
2 14 31
2 15 31
2 16 31
2 17 31
2 18 31
2 19 31
2 20 31
2 21 31
2 22 31
2 23 31
2 24 31
2 25 31
4 26 31
6 26 30
2 27 30
2 28 30
2 29 30
4 30 30
6 30 29
2 31 29
2 32 29
4 33 29
1 33 28
1 33 27
6 33 26
2 34 26
2 35 26
2 36 26
2 37 26
2 38 26
2 39 26
2 40 26
2 41 26
2 42 26
2 43 26
4 44 26
6 44 25
2 45 25
2 46 25
2 47 25
0 48 25
3 13 32
5 14 32
1 14 33
1 14 34
1 14 35
3 14 36
-1
-1
-1
-1
-1
-1
-1
-1
-1
-1
-1
-1
-1
0 15 36
1 13 30
5 13 29
3 12 29
1 12 28
1 12 27
1 12 26
1 12 25
-1
-1
-1
-1
-1
-1
-1
-1
-1
-1
-1
-1
-1
-1
-1
-1
-1
-1
-1
-1
-1
-1
-1
-1
-1
-1
0 12 24
1 48 24
1 48 23
1 48 22
1 48 21
5 48 20
2 47 20
2 46 20
2 45 20
3 44 20
1 44 19
1 44 18
1 44 17
1 44 16
1 44 15
1 44 14
1 44 13
1 44 12
1 44 11
1 44 10
5 44 9
-1
-1
-1
-1
-1
-1
-1
-1
-1
-1
-1
-1
-1
0 43 9
1 15 37
4 15 38
2 14 38
2 13 38
2 12 38
2 11 38
2 10 38
2 9 38
2 8 38
2 7 38
2 6 38
2 5 38
-1
-1
-1
-1
-1
-1
-1
-1
0 4 38
5 4 37
2 3 37
2 2 37
3 1 37
1 1 36
1 1 35
-1
-1
-1
-1
-1
-1
-1
-1
0 1 34
2 42 9
2 41 9
6 40 9
1 40 10
1 40 11
1 40 12
4 40 13
2 39 13
2 38 13
2 37 13
2 36 13
2 35 13
-1
0 34 13
5 16 36
3 16 37
2 17 37
2 18 37
2 19 37
2 20 37
2 21 37
2 22 37
2 23 37
2 24 37
2 25 37
2 26 37
2 27 37
2 28 37
2 29 37
0 30 37
-1
-1
-1
-1
0 10 38
1 43 8
1 43 7
1 43 6
1 43 5
1 43 4
6 43 3
2 44 3
2 45 3
4 46 3
0 46 2
4 49 25
1 49 24
1 49 23
1 49 22
0 49 21
1 30 36
1 30 35
6 30 34
2 31 34
2 32 34
2 33 34
2 34 34
2 35 34
2 36 34
2 37 34
4 38 34
0 38 33
1 30 38
3 30 39
2 31 39
2 32 39
5 33 39
0 33 40
1 34 12
1 34 11
1 34 10
1 34 9
1 34 8
0 34 7
0 1 37
2 2 34
2 3 34
2 4 34
2 5 34
0 6 34
1 34 14
1 34 15
1 34 16
3 34 17
2 35 17
2 36 17
0 37 17
0 44 25
2 33 7
2 32 7
2 31 7
2 30 7
6 29 7
1 29 8
1 29 9
0 29 10
0 26 37
-1
0 32 34
5 32 33
2 31 33
2 30 33
0 29 33
1 6 33
1 6 32
1 6 31
5 6 30
2 5 30
0 4 30
1 10 39
0 10 40
0 33 26
1 4 29
1 4 28
5 4 27
2 3 27
0 2 27
0 46 3
1 26 38
1 26 39
1 26 40
0 26 41
0 40 9
1 29 11
1 29 12
1 29 13
1 29 14
1 29 15
3 29 16
0 30 16
0 12 29
0 29 7
0 26 31
1 30 17
1 30 18
1 30 19
0 30 20
0 36 26
2 29 20
0 28 20
1 1 38
1 1 39
0 1 40
0 6 31
1 1 41
1 1 42
1 1 43
3 1 44
0 2 44
1 2 45
1 2 46
0 2 47
0 28 37
0 40 8
0 30 30
0 47 3
0 29 12
2 28 12
2 27 12
0 26 12
1 12 23
6 12 22
0 13 22
1 10 41
4 10 42
0 9 42
1 29 6
0 29 5
1 9 43
3 9 44
0 10 44
0 44 26
0 39 33
0 33 39
0 36 27
0 44 20
0 26 42
0 14 38
0 10 37
1 30 21
0 30 22
1 39 34
1 39 35
0 39 36
2 40 36
2 41 36
0 42 36
0 19 31
0 39 37
3 13 23
2 14 23
2 15 23
2 16 23
0 17 23
1 17 22
1 17 21
6 17 20
2 18 20
0 19 20
1 33 41
1 33 42
0 33 43
1 33 44
1 33 45
1 33 46
0 33 47
4 33 48
2 32 48
2 31 48
0 30 48
4 44 27
2 43 27
2 42 27
0 41 27
1 19 32
3 19 33
2 20 33
2 21 33
0 22 33
5 45 26
1 45 27
1 45 28
0 45 29
3 45 30
2 46 30
0 47 30
1 40 7
1 40 6
1 40 5
1 40 4
0 40 3
1 19 19
6 19 18
0 20 18
2 25 42
2 24 42
2 23 42
2 22 42
0 21 42
1 21 41
5 21 40
0 20 40
2 29 48
2 28 48
2 27 48
2 26 48
0 25 48
0 33 29
1 29 4
1 29 3
5 29 2
0 28 2
2 3 47
2 4 47
2 5 47
0 6 47
1 47 4
1 47 5
3 47 6
2 48 6
0 49 6
1 13 21
5 13 20
2 12 20
2 11 20
2 10 20
0 9 20
1 30 23
1 30 24
4 30 25
0 29 25
1 49 20
1 49 19
1 49 18
1 49 17
5 49 16
0 48 16
6 19 30
4 20 30
1 20 29
1 20 28
6 20 27
0 21 27
0 29 15
2 7 31
0 8 31
6 20 17
2 21 17
2 22 17
0 23 17
1 21 43
1 21 44
4 21 45
2 20 45
2 19 45
0 18 45
5 40 2
2 39 2
2 38 2
0 37 2
1 42 37
1 42 38
1 42 39
1 42 40
1 42 41
1 42 42
3 42 43
0 43 43
2 44 43
2 45 43
0 46 43
2 25 12
2 24 12
2 23 12
2 22 12
2 21 12
2 20 12
2 19 12
0 18 12
5 18 11
2 17 11
2 16 11
2 15 11
2 14 11
0 13 11
-1
-1
-1
-1
-1
-1
-1
-1
-1
-1
-1
-1
-1
-1
-1
-1
-1
-1
-1
-1
-1
-1
-1
-1
-1
-1
-1
-1
-1
-1
-1
-1
-1
-1
-1
-1
-1
-1
-1
-1
-1
-1
-1
-1
-1
-1
-1
-1
-1
-1
-1
-1
-1
-1
-1
-1
-1
-1
-1
-1
-1
-1
-1
-1
-1
-1
-1
-1
-1
-1
-1
-1
-1
-1
-1
-1
-1
-1
-1
-1
-1
-1
-1
-1
-1
-1
-1
-1
-1
-1
-1
-1
-1
-1
-1
-1
-1
-1
-1
-1
-1
-1
-1
-1
-1
-1
-1
-1
-1
-1
-1
-1
-1
-1
-1
-1
-1
-1
-1
-1
-1
-1
-1
-1
-1
-1
-1
-1
-1
-1
-1
-1
-1
-1
-1
-1
-1
-1
-1
-1
-1
-1
-1
-1
-1
-1
-1
-1
-1
-1
-1
-1
-1
-1
-1
-1
-1
-1
-1
-1
-1
-1
-1
-1
-1
-1
-1
-1
-1
-1
-1
-1
-1
-1
-1
-1
-1
-1
-1
-1
-1
-1
-1
-1
-1
-1
-1
-1
-1
-1
-1
-1
-1
-1
-1
-1
-1
-1
-1
-1
-1
-1
-1
-1
-1
-1
-1
-1
-1
-1
-1
-1
-1
-1
-1
-1
-1
-1
-1
-1
-1
-1
-1
-1
-1
-1
-1
-1
-1
-1
-1
-1
-1
-1
-1
-1
-1
-1
-1
-1
-1
-1
-1
-1
-1
-1
-1
-1
-1
-1
-1
-1
-1
-1
-1
-1
-1
-1
-1
-1
-1
-1
-1
-1
-1
-1
-1
-1
-1
-1
-1
-1
-1
-1
-1
-1
-1
-1
-1
-1
-1
-1
-1
-1
-1
-1
-1
-1
-1
-1
-1
-1
-1
-1
-1
-1
-1
-1
-1
-1
-1
-1
-1
-1
-1
-1
-1
-1
-1
