0 16 23
3 16 24
2 17 24
2 18 24
2 19 24
2 20 24
2 21 24
2 22 24
2 23 24
5 24 24
1 24 25
1 24 26
1 24 27
3 24 28
2 25 28
2 26 28
2 27 28
5 28 28
1 28 29
1 28 30
1 28 31
3 28 32
2 29 32
2 30 32
5 31 32
1 31 33
3 31 34
2 32 34
2 33 34
2 34 34
5 35 34
1 35 35
1 35 36
1 35 37
3 35 38
2 36 38
2 37 38
2 38 38
2 39 38
2 40 38
2 41 38
2 42 38
2 43 38
2 44 38
5 45 38
1 45 39
3 45 40
2 46 40
2 47 40
0 48 40
1 16 22
1 16 21
1 16 20
5 16 19
-1
-1
-1
-1
-1
-1
-1
-1
-1
0 15 19
1 48 41
1 48 42
1 48 43
-1
-1
-1
-1
-1
-1
-1
-1
-1
-1
-1
-1
-1
-1
-1
-1
-1
0 48 44
1 15 18
1 15 17
6 15 16
2 16 16
4 17 16
1 17 15
1 17 14
1 17 13
1 17 12
1 17 11
1 17 10
1 17 9
1 17 8
6 17 7
2 18 7
2 19 7
2 20 7
2 21 7
0 22 7
3 14 19
1 14 18
5 14 17
2 13 17
2 12 17
2 11 17
2 10 17
2 9 17
2 8 17
-1
0 7 17
1 7 16
5 7 15
2 6 15
2 5 15
2 4 15
2 3 15
-1
0 2 15
1 7 18
1 7 19
1 7 20
4 7 21
2 6 21
0 5 21
2 15 23
2 14 23
2 13 23
2 12 23
2 11 23
0 10 23
1 48 39
1 48 38
1 48 37
0 48 36
3 47 44
1 47 43
5 47 42
2 46 42
0 45 42
1 22 6
1 22 5
6 22 4
0 23 4
1 23 3
1 23 2
5 23 1
2 22 1
0 21 1
1 45 43
1 45 44
1 45 45
0 45 46
0 24 24
1 5 22
1 5 23
1 5 24
3 5 25
0 6 25
0 14 17
0 17 11
5 49 44
1 49 45
1 49 46
0 49 47
0 2 14
1 10 22
0 10 21
3 10 24
2 11 24
5 12 24
1 12 25
1 12 26
0 12 27
0 45 40
0 28 28
0 17 8
1 24 23
1 24 22
1 24 21
0 24 20
0 24 27
0 35 37
0 6 26
2 23 20
2 22 20
2 21 20
0 20 20
1 24 19
1 24 18
1 24 17
0 24 16
0 23 1
0 22 24
1 6 27
1 6 28
1 6 29
1 6 30
1 6 31
0 6 32
1 2 13
1 2 12
0 2 11
1 6 33
1 6 34
1 6 35
3 6 36
2 7 36
0 8 36
2 23 16
0 22 16
2 4 21
2 3 21
2 2 21
0 1 21
0 20 1
0 45 38
1 12 28
3 12 29
2 13 29
2 14 29
5 15 29
0 15 30
2 19 1
0 18 1
1 15 31
3 15 32
2 16 32
2 17 32
0 18 32
4 24 4
6 24 3
0 25 3
2 26 3
0 27 3
0 28 3
2 18 11
0 19 11
0 17 7
2 16 7
2 15 7
2 14 7
2 13 7
2 12 7
0 11 7
2 10 7
2 9 7
2 8 7
0 7 7
0 19 7
1 18 33
1 18 34
4 18 35
6 17 35
1 17 36
0 17 37
2 18 37
2 19 37
2 20 37
0 21 37
0 22 37
6 28 2
2 29 2
2 30 2
2 31 2
2 32 2
2 33 2
0 34 2
3 34 3
2 35 3
2 36 3
2 37 3
0 38 3
1 38 4
1 38 5
1 38 6
1 38 7
0 38 8
0 17 35
2 39 8
2 40 8
2 41 8
5 42 8
1 42 9
1 42 10
1 42 11
0 42 12
0 42 8
2 43 12
2 44 12
0 45 12
1 17 38
4 17 39
0 16 39
2 41 12
0 40 12
1 16 40
1 16 41
0 16 42
0 16 43
0 37 8
0 10 17
0 36 8
2 7 32
2 8 32
2 9 32
0 10 32
2 17 1
0 16 1
2 43 8
2 44 8
2 45 8
2 46 8
0 47 8
2 46 12
2 47 12
5 48 12
0 48 13
0 17 16
6 5 32
0 5 33
2 25 20
2 26 20
0 27 20
1 47 7
1 47 6
1 47 5
0 47 4
1 40 13
4 40 14
2 39 14
2 38 14
2 37 14
2 36 14
0 35 14
1 35 15
0 35 16
1 8 37
0 8 38
0 9 38
1 27 21
1 27 22
3 27 23
2 28 23
0 29 23
2 19 32
2 20 32
0 21 32
1 38 2
6 38 1
2 39 1
2 40 1
0 41 1
0 49 44
2 7 38
2 6 38
2 5 38
2 4 38
0 3 38
2 2 38
2 1 38
0 0 38
1 3 39
1 3 40
1 3 41
1 3 42
0 3 43
1 3 44
1 3 45
0 3 46
2 25 16
2 26 16
0 27 16
1 14 16
1 14 15
1 14 14
5 14 13
0 13 13
1 27 15
1 27 14
1 27 13
1 27 12
6 27 11
0 28 11
1 9 39
1 9 40
1 9 41
0 9 42
6 44 42
0 44 43
1 16 44
1 16 45
1 16 46
1 16 47
0 16 48
1 29 22
6 29 21
2 30 21
2 31 21
0 32 21
0 12 24
5 22 15
2 21 15
0 20 15
0 4 15
0 28 10
5 36 7
0 35 7
0 34 7
0 1 22
0 35 34
2 36 16
2 37 16
2 38 16
0 39 16
1 47 3
1 47 2
0 47 1
2 12 13
2 11 13
2 10 13
0 9 13
1 4 14
0 4 13
3 4 33
1 4 32
1 4 31
5 4 30
0 3 30
4 45 47
2 44 47
2 43 47
2 42 47
0 41 47
0 29 24
1 22 38
1 22 39
3 22 40
2 23 40
2 24 40
0 25 40
1 25 41
1 25 42
3 25 43
2 26 43
2 27 43
2 28 43
0 29 43
1 2 10
1 2 9
1 2 8
1 2 7
1 2 6
1 2 5
5 2 4
2 1 4
0 0 4
0 43 8
1 29 44
1 29 45
1 29 46
0 29 47
1 3 47
3 3 48
2 4 48
2 5 48
2 6 48
0 7 48
1 45 13
1 45 14
1 45 15
1 45 16
1 45 17
1 45 18
1 45 19
1 45 20
1 45 21
1 45 22
0 45 23
4 17 48
6 17 47
2 18 47
0 19 47
1 45 24
1 45 25
0 45 26
2 17 42
2 18 42
0 19 42
1 28 12
3 28 13
0 29 13
-1
-1
-1
-1
-1
-1
-1
-1
-1
-1
-1
-1
-1
-1
-1
-1
-1
-1
-1
-1
-1
-1
-1
-1
-1
-1
-1
-1
-1
-1
-1
-1
-1
-1
-1
-1
-1
-1
-1
-1
-1
-1
-1
-1
-1
-1
-1
-1
-1
-1
-1
-1
-1
-1
-1
-1
-1
-1
-1
-1
-1
-1
-1
-1
-1
-1
-1
-1
-1
-1
-1
-1
-1
-1
-1
-1
-1
-1
-1
-1
-1
-1
-1
-1
-1
-1
-1
-1
-1
-1
-1
-1
-1
-1
-1
-1
-1
-1
-1
-1
-1
-1
-1
-1
-1
-1
-1
-1
-1
-1
-1
-1
-1
-1
-1
-1
-1
-1
-1
-1
-1
-1
-1
-1
-1
-1
-1
-1
-1
-1
-1
-1
-1
-1
-1
-1
-1
-1
-1
-1
-1
-1
-1
-1
-1
-1
-1
-1
-1
-1
-1
-1
-1
-1
-1
-1
-1
-1
-1
-1
-1
-1
-1
-1
-1
-1
-1
-1
-1
-1
-1
-1
-1
-1
-1
-1
-1
-1
-1
-1
-1
-1
-1
-1
-1
-1
-1
-1
-1
-1
-1
-1
-1
-1
-1
-1
-1
-1
-1
-1
-1
-1
-1
-1
-1
-1
-1
-1
-1
-1
-1
-1
-1
-1
-1
-1
-1
-1
-1
-1
-1
-1
-1
-1
-1
-1
-1
-1
-1
-1
-1
-1
-1
-1
-1
-1
-1
-1
-1
-1
-1
-1
-1
-1
-1
-1
-1
-1
-1
-1
-1
-1
-1
-1
-1
-1
-1
-1
-1
-1
-1
-1
-1
-1
-1
-1
-1
-1
-1
-1
-1
-1
-1
-1
-1
-1
-1
-1
-1
-1
-1
-1
-1
-1
-1
-1
-1
-1
-1
-1
-1
-1
-1
-1
-1
-1
-1
-1
-1
-1
-1
-1
-1
-1
