0 23 36
1 23 35
6 23 34
2 24 34
2 25 34
2 26 34
4 27 34
1 27 33
1 27 32
6 27 31
2 28 31
2 29 31
2 30 31
2 31 31
2 32 31
2 33 31
2 34 31
2 35 31
0 36 31
-1
-1
1 36 30
-1
-1
1 36 29
-1
1 36 28
-1
-1
1 36 27
-1
-1
1 36 26
-1
1 36 25
-1
-1
1 36 24
-1
-1
5 36 23
-1
2 35 23
-1
-1
3 34 23
-1
1 34 22
-1
-1
1 34 21
-1
-1
1 34 20
-1
1 34 19
-1
-1
1 34 18
-1
-1
1 34 17
-1
1 34 16
-1
-1
1 34 15
-1
1 34 14
-1
-1
1 34 13
-1
-1
1 34 12
-1
-1
-1
-1
-1
-1
-1
-1
-1
-1
-1
-1
-1
-1
-1
-1
-1
-1
-1
-1
-1
-1
-1
-1
-1
-1
-1
-1
-1
-1
-1
-1
-1
-1
-1
-1
-1
-1
-1
-1
-1
-1
-1
-1
-1
-1
-1
-1
-1
-1
-1
-1
-1
-1
-1
-1
-1
-1
-1
-1
-1
-1
-1
-1
-1
-1
-1
-1
-1
-1
-1
-1
-1
-1
-1
-1
-1
-1
-1
-1
-1
-1
-1
-1
-1
-1
-1
-1
-1
-1
-1
-1
-1
-1
-1
-1
-1
-1
-1
-1
-1
-1
-1
-1
-1
-1
-1
-1
-1
-1
-1
-1
-1
-1
-1
-1
-1
-1
-1
-1
-1
-1
-1
-1
-1
-1
-1
-1
-1
-1
0 34 11
4 23 37
-1
2 22 37
2 21 37
2 20 37
2 19 37
2 18 37
2 17 37
2 16 37
2 15 37
2 14 37
2 13 37
2 12 37
2 11 37
2 10 37
2 9 37
2 8 37
2 7 37
6 6 37
1 6 38
-1
-1
-1
-1
-1
-1
-1
-1
-1
-1
-1
-1
-1
-1
-1
-1
-1
-1
-1
-1
-1
-1
-1
-1
-1
-1
-1
-1
-1
-1
-1
-1
-1
-1
-1
-1
-1
-1
-1
-1
-1
-1
-1
-1
-1
-1
-1
-1
-1
-1
-1
0 6 39
3 36 32
2 37 32
2 38 32
-1
-1
-1
-1
-1
-1
-1
-1
-1
-1
-1
-1
-1
-1
-1
-1
-1
-1
-1
-1
-1
-1
-1
-1
-1
-1
-1
-1
-1
-1
-1
-1
0 39 32
1 6 40
1 6 41
3 6 42
2 7 42
2 8 42
2 9 42
2 10 42
2 11 42
5 12 42
1 12 43
1 12 44
1 12 45
3 12 46
2 13 46
2 14 46
2 15 46
-1
-1
-1
-1
-1
-1
-1
-1
-1
-1
-1
-1
-1
-1
-1
-1
-1
-1
0 16 46
6 34 10
2 35 10
2 36 10
2 37 10
4 38 10
1 38 9
1 38 8
1 38 7
1 38 6
6 38 5
2 39 5
2 40 5
2 41 5
2 42 5
-1
-1
-1
-1
-1
-1
-1
-1
-1
-1
-1
-1
-1
0 43 5
1 39 33
1 39 34
4 39 35
2 38 35
2 37 35
6 36 35
1 36 36
1 36 37
1 36 38
1 36 39
1 36 40
-1
-1
-1
-1
-1
-1
-1
0 36 41
5 24 36
3 24 37
2 25 37
2 26 37
2 27 37
2 28 37
2 29 37
-1
-1
-1
-1
-1
-1
0 30 37
5 35 11
1 35 12
3 35 13
2 36 13
2 37 13
2 38 13
2 39 13
2 40 13
-1
-1
-1
-1
0 41 13
-1
-1
-1
-1
-1
-1
-1
-1
0 12 42
2 37 41
2 38 41
2 39 41
2 40 41
4 41 41
1 41 40
6 41 39
2 42 39
2 43 39
0 44 39
-1
-1
-1
-1
-1
-1
-1
0 38 10
1 39 31
1 39 30
1 39 29
1 39 28
6 39 27
2 40 27
2 41 27
2 42 27
0 43 27
3 33 11
5 33 10
2 32 10
2 31 10
-1
0 30 10
6 44 38
2 45 38
4 46 38
1 46 37
1 46 36
1 46 35
1 46 34
6 46 33
2 47 33
2 48 33
0 49 33
-1
0 14 37
1 30 11
1 30 12
4 30 13
2 29 13
2 28 13
2 27 13
2 26 13
2 25 13
2 24 13
0 23 13
1 44 40
1 44 41
0 44 42
1 14 36
1 14 35
1 14 34
5 14 33
2 13 33
2 12 33
0 11 33
1 36 42
1 36 43
4 36 44
2 35 44
2 34 44
0 33 44
0 27 34
2 32 44
2 31 44
2 30 44
2 29 44
0 28 44
1 23 12
1 23 11
1 23 10
1 23 9
1 23 8
1 23 7
1 23 6
1 23 5
5 23 4
0 22 4
0 34 13
0 6 37
3 33 45
2 34 45
2 35 45
2 36 45
2 37 45
0 38 45
0 36 35
1 38 46
3 38 47
2 39 47
0 40 47
0 34 23
2 44 5
2 45 5
0 46 5
1 46 6
1 46 7
1 46 8
4 46 9
0 45 9
0 34 16
2 5 37
2 4 37
0 3 37
2 33 23
2 32 23
2 31 23
2 30 23
2 29 23
0 28 23
1 28 22
1 28 21
0 28 20
0 40 41
0 23 37
6 22 3
2 23 3
2 24 3
2 25 3
0 26 3
0 38 7
0 33 31
3 45 10
2 46 10
0 47 10
1 11 32
1 11 31
1 11 30
1 11 29
1 11 28
1 11 27
1 11 26
1 11 25
0 11 24
1 26 2
1 26 1
6 26 0
0 27 0
1 33 30
5 33 29
2 32 29
2 31 29
0 30 29
1 11 23
1 11 22
0 11 21
0 33 16
2 10 21
2 9 21
2 8 21
2 7 21
2 6 21
2 5 21
2 4 21
0 3 21
1 3 22
1 3 23
1 3 24
4 3 25
0 2 25
1 16 45
1 16 44
6 16 43
2 17 43
2 18 43
0 19 43
5 31 37
1 31 38
0 31 39
1 3 20
1 3 19
1 3 18
1 3 17
1 3 16
1 3 15
1 3 14
1 3 13
1 3 12
1 3 11
6 3 10
2 4 10
0 5 10
5 5 9
0 4 9
0 27 13
1 4 8
1 4 7
6 4 6
0 5 6
1 19 44
3 19 45
2 20 45
2 21 45
0 22 45
1 44 43
3 44 44
2 45 44
2 46 44
2 47 44
0 48 44
2 28 0
2 29 0
2 30 0
2 31 0
2 32 0
0 33 0
2 44 27
2 45 27
0 46 27
5 12 24
3 12 25
2 13 25
0 14 25
6 5 39
1 5 40
1 5 41
1 5 42
1 5 43
1 5 44
1 5 45
3 5 46
2 6 46
0 7 46
1 43 26
1 43 25
1 43 24
1 43 23
5 43 22
0 42 22
1 43 4
1 43 3
5 43 2
2 42 2
2 41 2
2 40 2
0 39 2
0 7 47
5 42 21
2 41 21
2 40 21
2 39 21
0 38 21
5 30 28
2 29 28
2 28 28
2 27 28
2 26 28
2 25 28
2 24 28
2 23 28
0 22 28
-1
-1
-1
-1
-1
-1
-1
-1
-1
-1
-1
-1
-1
-1
-1
-1
-1
-1
-1
-1
-1
-1
-1
-1
-1
-1
-1
-1
-1
-1
-1
-1
-1
-1
-1
-1
-1
-1
-1
-1
-1
-1
-1
-1
-1
-1
-1
-1
-1
-1
-1
-1
-1
-1
-1
-1
-1
-1
-1
-1
-1
-1
-1
-1
-1
-1
-1
-1
-1
-1
-1
-1
-1
-1
-1
-1
-1
-1
-1
-1
-1
-1
-1
-1
-1
-1
-1
-1
-1
-1
-1
-1
-1
-1
-1
-1
-1
-1
-1
-1
-1
-1
-1
-1
-1
-1
-1
