0 16 46
3 16 47
2 17 47
2 18 47
2 19 47
2 20 47
2 21 47
2 22 47
2 23 47
2 24 47
2 25 47
2 26 47
2 27 47
2 28 47
2 29 47
2 30 47
2 31 47
2 32 47
0 33 47
1 16 45
5 16 44
2 15 44
2 14 44
2 13 44
2 12 44
-1
-1
2 11 44
-1
-1
2 10 44
-1
-1
2 9 44
-1
2 8 44
-1
-1
2 7 44
-1
-1
3 6 44
-1
-1
1 6 43
-1
-1
1 6 42
-1
1 6 41
-1
-1
5 6 40
-1
-1
-1
-1
-1
-1
-1
-1
-1
-1
-1
-1
-1
-1
-1
-1
-1
-1
-1
-1
-1
-1
-1
-1
-1
-1
-1
-1
-1
-1
-1
-1
-1
-1
-1
-1
-1
-1
-1
-1
-1
-1
-1
-1
-1
-1
-1
-1
-1
-1
-1
-1
-1
-1
-1
-1
-1
-1
-1
-1
-1
-1
-1
-1
-1
-1
-1
-1
-1
-1
-1
-1
-1
-1
-1
-1
-1
-1
-1
-1
-1
-1
-1
-1
-1
-1
-1
-1
-1
-1
-1
-1
-1
-1
-1
-1
-1
-1
-1
-1
-1
-1
-1
-1
-1
-1
-1
-1
-1
-1
-1
-1
-1
-1
-1
-1
-1
-1
-1
-1
-1
-1
-1
-1
-1
-1
-1
-1
-1
-1
-1
-1
-1
-1
-1
-1
-1
-1
0 5 40
1 5 39
1 5 38
1 5 37
1 5 36
1 5 35
1 5 34
1 5 33
1 5 32
1 5 31
1 5 30
6 5 29
4 6 29
1 6 28
1 6 27
1 6 26
1 6 25
1 6 24
1 6 23
1 6 22
1 6 21
1 6 20
1 6 19
1 6 18
1 6 17
1 6 16
1 6 15
1 6 14
1 6 13
1 6 12
1 6 11
1 6 10
1 6 9
1 6 8
6 6 7
-1
-1
-1
-1
-1
-1
-1
-1
-1
-1
-1
-1
-1
-1
-1
-1
-1
-1
-1
-1
-1
-1
-1
-1
-1
-1
-1
-1
-1
-1
-1
-1
-1
-1
-1
-1
-1
-1
-1
-1
-1
-1
-1
-1
-1
0 7 7
2 8 7
2 9 7
2 10 7
2 11 7
2 12 7
2 13 7
2 14 7
2 15 7
2 16 7
2 17 7
2 18 7
2 19 7
2 20 7
5 21 7
1 21 8
3 21 9
2 22 9
2 23 9
2 24 9
2 25 9
2 26 9
2 27 9
2 28 9
2 29 9
2 30 9
2 31 9
2 32 9
2 33 9
-1
-1
-1
-1
-1
-1
-1
0 34 9
-1
-1
-1
-1
-1
-1
-1
-1
-1
-1
-1
-1
-1
-1
-1
-1
-1
0 6 44
1 7 6
1 7 5
5 7 4
2 6 4
2 5 4
2 4 4
2 3 4
-1
-1
-1
-1
-1
-1
-1
-1
0 2 4
2 35 9
2 36 9
5 37 9
1 37 10
1 37 11
1 37 12
1 37 13
1 37 14
1 37 15
1 37 16
1 37 17
3 37 18
2 38 18
2 39 18
2 40 18
2 41 18
2 42 18
2 43 18
0 44 18
6 2 3
2 3 3
2 4 3
2 5 3
2 6 3
2 7 3
2 8 3
2 9 3
2 10 3
2 11 3
5 12 3
1 12 4
1 12 5
3 12 6
2 13 6
2 14 6
0 15 6
1 2 5
1 2 6
1 2 7
1 2 8
1 2 9
1 2 10
1 2 11
1 2 12
1 2 13
1 2 14
1 2 15
1 2 16
1 2 17
1 2 18
3 2 19
0 3 19
4 17 46
6 17 45
2 18 45
2 19 45
4 20 45
0 20 44
3 33 48
2 34 48
2 35 48
2 36 48
2 37 48
2 38 48
2 39 48
2 40 48
0 41 48
0 37 9
1 7 8
1 7 9
1 7 10
1 7 11
3 7 12
2 8 12
2 9 12
2 10 12
2 11 12
2 12 12
2 13 12
2 14 12
0 15 12
0 37 14
0 30 47
1 30 46
1 30 45
1 30 44
6 30 43
0 31 43
2 16 12
2 17 12
2 18 12
0 19 12
4 15 13
2 14 13
2 13 13
2 12 13
6 11 13
1 11 14
1 11 15
1 11 16
0 11 17
0 12 3
0 27 47
2 5 44
2 4 44
2 3 44
0 2 44
1 20 43
1 20 42
1 20 41
1 20 40
5 20 39
0 19 39
0 21 7
3 41 49
2 42 49
2 43 49
2 44 49
2 45 49
0 46 49
0 5 3
2 1 44
0 0 44
1 2 45
0 2 46
2 45 18
2 46 18
0 47 18
1 47 19
1 47 20
1 47 21
1 47 22
1 47 23
0 47 24
0 5 32
0 41 18
0 24 47
1 5 2
0 5 1
1 41 19
1 41 20
0 41 21
0 12 44
1 41 22
4 41 23
2 40 23
2 39 23
2 38 23
0 37 23
1 37 24
1 37 25
0 37 26
1 12 43
0 12 42
1 47 17
0 47 16
0 16 6
0 36 14
2 11 42
0 10 42
0 6 29
1 37 27
0 37 28
1 6 45
1 6 46
3 6 47
0 7 47
0 11 13
1 3 20
0 3 21
2 4 32
0 3 32
1 10 41
1 10 40
0 10 39
0 10 38
2 36 23
2 35 23
2 34 23
2 33 23
2 32 23
0 31 23
2 38 9
2 39 9
0 40 9
1 40 8
1 40 7
1 40 6
1 40 5
1 40 4
6 40 3
0 41 3
1 19 38
1 19 37
1 19 36
1 19 35
1 19 34
6 19 33
2 20 33
2 21 33
0 22 33
1 41 2
6 41 1
0 42 1
1 41 47
1 41 46
1 41 45
1 41 44
1 41 43
1 41 42
1 41 41
0 41 40
5 41 39
0 40 39
2 39 39
0 38 39
0 16 47
4 42 40
6 42 39
2 43 39
0 44 39
2 18 39
2 17 39
2 16 39
0 15 39
1 16 5
1 16 4
1 16 3
0 16 2
2 12 17
2 13 17
2 14 17
2 15 17
0 16 17
0 17 2
1 34 8
1 34 7
1 34 6
1 34 5
1 34 4
0 34 3
1 33 46
6 33 45
2 34 45
2 35 45
2 36 45
0 37 45
1 27 46
1 27 45
1 27 44
5 27 43
0 26 43
4 7 29
1 7 28
1 7 27
6 7 26
0 8 26
3 40 10
2 41 10
2 42 10
0 43 10
0 20 45
1 22 32
1 22 31
5 22 30
2 21 30
0 20 30
1 36 15
4 36 16
0 35 16
4 16 48
2 15 48
2 14 48
0 13 48
2 30 23
2 29 23
2 28 23
2 27 23
2 26 23
0 25 23
2 37 39
2 36 39
0 35 39
6 19 11
2 20 11
2 21 11
2 22 11
2 23 11
4 24 11
0 24 10
1 47 25
1 47 26
1 47 27
1 47 28
1 47 29
1 47 30
1 47 31
0 47 32
6 17 1
2 18 1
2 19 1
2 20 1
2 21 1
2 22 1
0 23 1
1 31 24
1 31 25
1 31 26
4 31 27
6 30 27
1 30 28
4 30 29
2 29 29
0 28 29
-1
-1
-1
-1
-1
-1
-1
-1
-1
-1
-1
-1
-1
-1
-1
-1
-1
-1
-1
-1
-1
-1
-1
-1
-1
-1
-1
-1
-1
-1
-1
-1
-1
-1
-1
-1
-1
-1
-1
-1
-1
-1
-1
-1
-1
-1
-1
-1
-1
-1
-1
-1
-1
-1
-1
-1
-1
-1
-1
-1
-1
-1
-1
-1
-1
-1
-1
-1
-1
-1
-1
-1
-1
-1
-1
-1
-1
-1
-1
-1
-1
-1
-1
-1
-1
-1
-1
-1
-1
-1
-1
-1
-1
-1
-1
-1
-1
-1
-1
-1
-1
-1
-1
-1
-1
-1
-1
-1
-1
-1
-1
-1
-1
-1
-1
-1
-1
-1
-1
-1
-1
-1
-1
-1
-1
-1
-1
-1
-1
-1
-1
-1
-1
-1
-1
-1
-1
-1
-1
-1
-1
-1
-1
-1
