0 8 39
2 9 39
2 10 39
2 11 39
4 12 39
1 12 38
6 12 37
2 13 37
4 14 37
1 14 36
1 14 35
1 14 34
6 14 33
2 15 33
2 16 33
2 17 33
2 18 33
2 19 33
4 20 33
1 20 32
6 20 31
2 21 31
2 22 31
2 23 31
2 24 31
4 25 31
1 25 30
6 25 29
2 26 29
0 27 29
1 27 28
1 27 27
1 27 26
1 27 25
1 27 24
1 27 23
1 27 22
6 27 21
2 28 21
2 29 21
4 30 21
1 30 20
1 30 19
6 30 18
4 31 18
6 31 17
2 32 17
2 33 17
2 34 17
4 35 17
1 35 16
1 35 15
6 35 14
2 36 14
2 37 14
2 38 14
4 39 14
1 39 13
1 39 12
1 39 11
1 39 10
-1
-1
-1
-1
-1
-1
-1
-1
-1
-1
0 39 9
3 27 30
2 28 30
2 29 30
2 30 30
5 31 30
1 31 31
1 31 32
1 31 33
1 31 34
1 31 35
1 31 36
1 31 37
3 31 38
2 32 38
5 33 38
1 33 39
1 33 40
1 33 41
1 33 42
1 33 43
3 33 44
2 34 44
-1
-1
-1
-1
-1
-1
-1
-1
-1
-1
-1
-1
-1
-1
-1
-1
0 35 44
1 39 8
1 39 7
-1
-1
-1
-1
-1
-1
-1
-1
-1
-1
-1
-1
0 39 6
4 35 45
2 34 45
2 33 45
2 32 45
2 31 45
2 30 45
2 29 45
2 28 45
3 27 45
1 27 44
1 27 43
1 27 42
1 27 41
1 27 40
0 27 39
1 8 38
1 8 37
5 8 36
3 7 36
-1
-1
-1
-1
-1
0 7 35
1 7 34
1 7 33
1 7 32
1 7 31
1 7 30
1 7 29
1 7 28
1 7 27
1 7 26
1 7 25
5 7 24
3 6 24
1 6 23
1 6 22
0 6 21
6 39 5
4 40 5
6 40 4
2 41 4
0 42 4
-1
-1
0 27 22
2 7 21
2 8 21
2 9 21
2 10 21
2 11 21
2 12 21
2 13 21
2 14 21
5 15 21
1 15 22
1 15 23
0 15 24
0 27 45
1 8 40
1 8 41
1 8 42
1 8 43
1 8 44
1 8 45
1 8 46
1 8 47
3 8 48
0 9 48
0 31 30
6 35 43
0 36 43
1 31 29
1 31 28
1 31 27
6 31 26
2 32 26
2 33 26
2 34 26
2 35 26
2 36 26
2 37 26
2 38 26
0 39 26
2 40 26
2 41 26
2 42 26
2 43 26
0 44 26
0 16 33
0 27 25
0 8 41
1 44 25
1 44 24
0 44 23
3 26 22
5 26 21
2 25 21
2 24 21
2 23 21
0 22 21
0 38 14
2 7 39
2 6 39
0 5 39
1 16 34
1 16 35
1 16 36
1 16 37
1 16 38
1 16 39
0 16 40
0 35 17
0 36 26
2 37 43
2 38 43
2 39 43
0 40 43
0 31 17
0 15 21
6 9 47
2 10 47
2 11 47
2 12 47
0 13 47
0 33 43
1 16 41
0 16 42
0 29 21
0 20 31
2 4 39
0 3 39
2 40 9
2 41 9
0 42 9
0 31 38
0 10 21
1 10 20
1 10 19
1 10 18
1 10 17
1 10 16
5 10 15
0 9 15
0 14 37
2 8 15
3 7 15
1 7 14
1 7 13
1 7 12
1 7 11
1 7 10
0 7 9
0 6 24
1 42 3
0 42 2
0 43 9
0 12 37
0 8 44
1 7 8
1 7 7
1 7 6
1 7 5
0 7 4
2 38 6
0 37 6
0 33 38
2 44 9
0 45 9
0 25 31
0 39 11
0 9 41
6 38 11
4 38 12
2 37 12
2 36 12
0 35 12
2 7 44
2 6 44
0 5 44
1 13 46
0 13 45
1 35 18
0 35 19
0 7 15
1 27 38
5 27 37
2 26 37
2 25 37
0 24 37
1 22 20
0 22 19
2 41 2
2 40 2
2 39 2
0 38 2
0 43 2
2 41 43
2 42 43
0 43 43
2 36 19
0 37 19
1 15 25
1 15 26
0 15 27
1 40 44
1 40 45
1 40 46
3 40 47
0 41 47
1 36 25
1 36 24
0 36 23
0 6 9
2 14 27
0 13 27
0 27 44
5 8 9
3 8 10
2 9 10
2 10 10
0 11 10
2 8 4
2 9 4
0 10 4
0 44 43
0 26 44
1 22 18
5 22 17
0 21 17
1 21 16
1 21 15
1 21 14
0 21 13
1 35 11
0 35 10
0 13 28
0 32 26
2 17 42
2 18 42
2 19 42
0 20 42
0 31 18
2 44 2
2 45 2
0 46 2
0 14 47
0 20 33
0 7 33
4 6 10
2 5 10
0 4 10
0 45 43
1 20 43
0 20 44
0 31 16
2 43 23
3 42 23
1 42 22
1 42 21
0 42 20
1 33 37
6 33 36
0 34 36
4 38 3
2 37 3
2 36 3
2 35 3
0 34 3
2 33 3
2 32 3
0 31 3
2 30 3
0 29 3
2 6 15
2 5 15
0 4 15
2 28 3
0 27 3
1 44 27
3 44 28
2 45 28
2 46 28
0 47 28
1 16 32
0 16 31
0 3 38
1 42 19
0 42 18
1 43 10
1 43 11
1 43 12
0 43 13
1 47 29
1 47 30
1 47 31
1 47 32
3 47 33
0 48 33
0 6 20
4 22 22
0 21 22
1 7 3
0 7 2
5 4 9
2 3 9
0 2 9
1 31 15
1 31 14
0 31 13
0 32 43
1 2 8
1 2 7
0 2 6
5 2 5
0 1 5
4 27 4
6 26 4
1 26 5
4 26 6
0 25 6
6 7 1
0 8 1
1 48 34
0 48 35
2 15 47
2 16 47
0 17 47
1 13 44
0 13 43
0 36 6
2 47 35
0 46 35
5 13 26
2 12 26
2 11 26
0 10 26
3 29 22
0 30 22
5 36 44
1 36 45
1 36 46
1 36 47
0 36 48
3 30 38
1 30 37
5 30 36
0 29 36
1 5 45
4 5 46
2 4 46
0 3 46
0 33 26
0 22 13
2 43 18
2 44 18
0 45 18
3 43 14
2 44 14
2 45 14
0 46 14
1 39 27
1 39 28
1 39 29
0 39 30
0 13 21
2 30 16
0 29 16
1 22 14
3 22 15
2 23 15
0 24 15
4 46 9
1 46 8
6 46 7
2 47 7
0 48 7
1 40 42
1 40 41
1 40 40
6 40 39
0 41 39
2 16 21
0 17 21
5 20 30
0 19 30
1 45 44
3 45 45
2 46 45
2 47 45
0 48 45
3 11 11
2 12 11
2 13 11
0 14 11
5 35 9
2 34 9
0 33 9
6 14 10
2 15 10
0 16 10
0 16 9
0 32 42
0 16 41
1 16 8
1 16 7
0 16 6
2 34 38
0 35 38
3 25 7
2 26 7
5 27 7
0 27 8
2 3 15
2 2 15
2 1 15
0 0 15
1 27 46
1 27 47
0 27 48
1 20 34
1 20 35
0 20 36
0 31 2
3 41 48
2 42 48
2 43 48
0 44 48
1 1 4
1 1 3
5 1 2
0 0 2
3 20 45
5 21 45
0 21 46
1 24 36
0 24 35
2 22 46
0 23 46
0 39 14
1 16 5
1 16 4
1 16 3
6 16 2
2 17 2
2 18 2
0 19 2
6 19 1
2 20 1
0 21 1
4 10 5
2 9 5
0 8 5
4 6 25
6 5 25
1 5 26
1 5 27
1 5 28
0 5 29
0 5 25
1 34 35
6 34 34
0 35 34
1 48 36
3 48 37
0 49 37
2 5 21
2 4 21
2 3 21
2 2 21
2 1 21
0 0 21
1 31 4
0 31 5
2 4 25
6 3 25
4 3 26
2 2 26
0 1 26
6 9 14
2 10 14
5 11 14
1 11 15
0 11 16
2 9 1
2 10 1
2 11 1
0 12 1
-1
-1
-1
-1
-1
-1
-1
-1
-1
-1
-1
-1
-1
-1
-1
-1
-1
-1
-1
-1
-1
-1
-1
-1
-1
-1
-1
-1
-1
-1
-1
-1
-1
-1
-1
-1
-1
-1
-1
-1
-1
-1
-1
-1
-1
-1
-1
-1
-1
-1
-1
-1
-1
-1
-1
-1
-1
-1
-1
-1
-1
-1
-1
-1
-1
-1
-1
-1
-1
-1
-1
-1
-1
-1
-1
-1
-1
-1
-1
-1
-1
-1
-1
-1
-1
-1
-1
-1
-1
-1
-1
-1
-1
-1
-1
-1
-1
-1
-1
-1
-1
-1
-1
-1
-1
-1
-1
-1
-1
-1
-1
-1
-1
-1
-1
-1
-1
-1
-1
-1
-1
-1
-1
-1
-1
-1
-1
-1
-1
-1
-1
-1
-1
-1
-1
-1
-1
-1
-1
-1
-1
-1
-1
-1
-1
-1
-1
-1
-1
-1
-1
-1
-1
-1
-1
-1
-1
-1
-1
-1
-1
-1
-1
-1
-1
-1
-1
-1
-1
-1
-1
-1
-1
-1
-1
-1
-1
-1
-1
-1
-1
-1
-1
-1
