0 41 37
1 41 36
1 41 35
1 41 34
1 41 33
1 41 32
1 41 31
1 41 30
1 41 29
1 41 28
1 41 27
1 41 26
1 41 25
1 41 24
1 41 23
1 41 22
1 41 21
1 41 20
1 41 19
1 41 18
1 41 17
1 41 16
1 41 15
1 41 14
1 41 13
1 41 12
1 41 11
1 41 10
6 41 9
4 42 9
1 42 8
1 42 7
0 42 6
1 41 38
1 41 39
4 41 40
2 40 40
2 39 40
2 38 40
2 37 40
-1
-1
-1
-1
-1
-1
-1
-1
-1
-1
-1
-1
-1
-1
-1
-1
-1
-1
-1
-1
0 36 40
3 35 40
1 35 39
5 35 38
2 34 38
2 33 38
3 32 38
5 32 37
2 31 37
3 30 37
1 30 36
1 30 35
1 30 34
1 30 33
5 30 32
2 29 32
2 28 32
2 27 32
2 26 32
2 25 32
2 24 32
2 23 32
2 22 32
3 21 32
1 21 31
1 21 30
1 21 29
1 21 28
1 21 27
5 21 26
2 20 26
2 19 26
2 18 26
2 17 26
2 16 26
2 15 26
2 14 26
2 13 26
2 12 26
2 11 26
2 10 26
2 9 26
0 8 26
0 39 40
4 43 6
6 43 5
2 44 5
4 45 5
1 45 4
1 45 3
0 45 2
1 8 27
1 8 28
1 8 29
1 8 30
3 8 31
2 9 31
2 10 31
2 11 31
0 12 31
1 36 39
1 36 38
1 36 37
0 36 36
0 41 10
1 36 35
1 36 34
1 36 33
0 36 32
2 41 6
2 40 6
-1
0 39 6
1 39 41
1 39 42
1 39 43
0 39 44
2 38 6
2 37 6
6 36 6
1 36 7
0 36 8
2 42 37
5 43 37
1 43 38
1 43 39
3 43 40
0 44 40
0 27 32
0 21 32
0 15 26
1 15 25
1 15 24
1 15 23
0 15 22
0 10 26
1 15 21
1 15 20
1 15 19
5 15 18
0 14 18
0 18 26
1 44 41
4 44 42
0 43 42
3 13 18
1 13 17
5 13 16
2 12 16
0 11 16
2 10 16
2 9 16
2 8 16
2 7 16
2 6 16
2 5 16
2 4 16
0 3 16
0 8 29
6 38 44
4 38 45
0 37 45
1 3 17
1 3 18
1 3 19
0 3 20
0 41 19
1 39 5
0 39 4
0 41 34
0 9 31
1 36 41
0 36 42
0 24 32
0 45 5
0 32 38
3 43 43
2 44 43
2 45 43
0 46 43
0 16 22
0 41 29
2 35 42
2 34 42
0 33 42
1 21 33
1 21 34
0 21 35
0 39 3
0 41 25
0 37 36
0 21 26
1 3 21
1 3 22
1 3 23
0 3 24
0 34 38
2 40 10
0 39 10
0 8 16
2 22 26
2 23 26
0 24 26
0 3 22
0 39 43
1 39 11
1 39 12
1 39 13
0 39 14
0 3 25
1 46 44
0 46 45
1 21 36
0 21 37
0 4 16
1 21 25
1 21 24
1 21 23
0 21 22
0 30 32
1 21 21
1 21 20
0 21 19
2 22 19
2 23 19
0 24 19
0 21 30
2 32 42
2 31 42
0 30 42
1 3 15
5 3 14
0 2 14
0 38 36
0 7 29
0 24 20
0 43 37
0 7 16
2 20 35
2 19 35
2 18 35
0 17 35
2 35 8
2 34 8
0 33 8
0 18 25
0 43 6
0 41 22
1 14 17
1 14 16
6 14 15
2 15 15
0 16 15
1 16 14
1 16 13
0 16 12
2 17 12
2 18 12
0 19 12
2 13 31
2 14 31
0 15 31
2 22 37
2 23 37
0 24 37
2 42 29
2 43 29
0 44 29
1 24 27
0 24 28
0 11 26
1 16 11
1 16 10
0 16 9
1 11 17
1 11 18
1 11 19
0 11 20
2 36 45
2 35 45
0 34 45
2 20 19
0 19 19
3 35 36
5 35 35
0 34 35
0 17 9
0 30 37
3 45 6
0 46 6
1 46 7
0 46 8
1 30 31
1 30 30
1 30 29
6 30 28
0 31 28
0 47 8
2 32 28
0 33 28
1 33 7
1 33 6
0 33 5
1 33 4
0 33 3
5 16 8
2 15 8
2 14 8
0 13 8
1 44 30
0 44 31
1 44 32
3 44 33
0 45 33
1 39 45
1 39 46
0 39 47
0 45 45
0 18 19
1 21 18
1 21 17
0 21 16
0 12 8
2 44 2
0 43 2
2 10 20
0 9 20
2 38 14
0 37 14
0 8 25
1 47 9
1 47 10
1 47 11
0 47 12
0 34 46
1 47 13
1 47 14
0 47 15
0 47 16
1 12 32
1 12 33
0 12 34
1 12 35
0 12 36
1 8 24
5 8 23
0 7 23
1 21 38
0 21 39
3 12 37
2 13 37
0 14 37
1 21 40
0 21 41
1 21 42
0 21 43
0 21 44
4 42 19
1 42 18
1 42 17
0 42 16
0 24 25
2 11 36
0 10 36
0 22 41
2 25 20
2 26 20
2 27 20
2 28 20
0 29 20
0 29 21
0 17 34
2 4 20
0 5 20
2 45 40
2 46 40
2 47 40
0 48 40
1 48 39
0 48 38
2 11 8
2 10 8
0 9 8
1 14 38
1 14 39
0 14 40
1 27 31
0 27 30
0 14 41
2 25 25
2 26 25
0 27 25
1 11 15
6 11 14
0 12 14
2 32 8
0 31 8
1 31 9
1 31 10
0 31 11
0 30 11
2 6 29
0 5 29
0 13 41
0 5 28
1 9 9
0 9 10
6 33 27
2 34 27
0 35 27
1 18 27
1 18 28
0 18 29
1 37 15
1 37 16
1 37 17
4 37 18
0 36 18
0 35 18
0 34 18
0 47 17
1 47 18
1 47 19
0 47 20
0 47 21
0 47 22
2 9 36
0 8 36
2 7 36
2 6 36
2 5 36
0 4 36
2 3 36
2 2 36
0 1 36
1 1 35
1 1 34
0 1 33
1 11 25
6 11 24
0 12 24
2 38 4
0 37 4
0 8 35
2 46 12
2 45 12
0 44 12
2 40 47
2 41 47
0 42 47
0 39 13
0 15 27
0 30 34
0 17 15
0 42 8
0 0 33
0 33 18
1 1 37
1 1 38
0 1 39
4 30 43
2 29 43
2 28 43
0 27 43
0 42 42
2 8 10
2 7 10
0 6 10
1 33 29
0 33 30
0 30 28
0 8 8
1 24 36
0 24 35
2 30 21
0 31 21
1 31 22
0 31 23
2 46 2
4 47 2
6 47 1
0 48 1
2 45 31
0 46 31
2 47 31
2 48 31
0 49 31
2 33 46
0 32 46
1 46 46
3 46 47
0 47 47
2 36 14
0 35 14
0 36 27
0 32 23
0 39 15
0 32 3
0 19 29
0 42 22
0 48 47
1 30 12
1 30 13
0 30 14
1 37 3
1 37 2
5 37 1
0 36 1
0 47 23
2 20 12
0 21 12
1 47 24
1 47 25
0 47 26
3 40 25
5 40 24
2 39 24
0 38 24
2 29 14
0 28 14
1 2 13
1 2 12
1 2 11
1 2 10
0 2 9
1 13 7
1 13 6
1 13 5
0 13 4
2 20 44
0 19 44
0 18 44
2 46 26
0 45 26
0 17 44
1 48 37
0 48 36
0 12 13
1 27 42
5 27 41
0 26 41
3 2 20
5 2 19
0 1 19
2 37 32
0 38 32
2 30 8
2 29 8
0 28 8
1 13 3
0 13 2
2 27 8
2 26 8
0 25 8
1 30 41
0 30 40
1 24 18
1 24 17
0 24 16
1 24 21
0 24 22
1 25 9
1 25 10
0 25 11
0 47 27
2 29 37
0 28 37
0 47 10
0 25 12
0 47 13
4 3 26
2 2 26
0 1 26
1 17 45
1 17 46
1 17 47
0 17 48
0 40 29
3 24 8
1 24 7
1 24 6
0 24 5
6 4 15
0 5 15
1 17 36
1 17 37
0 17 38
0 30 33
5 43 1
3 42 1
5 42 0
0 41 0
3 32 18
0 32 17
1 8 37
3 8 38
0 9 38
0 24 36
1 13 42
1 13 43
0 13 44
1 1 40
1 1 41
1 1 42
1 1 43
1 1 44
1 1 45
0 1 46
5 25 16
3 25 17
0 26 17
4 32 47
2 31 47
2 30 47
0 29 47
0 1 47
2 12 2
2 11 2
2 10 2
2 9 2
2 8 2
2 7 2
2 6 2
0 5 2
2 12 44
2 11 44
0 10 44
2 9 44
2 8 44
0 7 44
0 6 44
1 6 43
1 6 42
0 6 41
1 36 19
1 36 20
0 36 21
1 11 27
0 11 28
5 5 1
2 4 1
2 3 1
2 2 1
0 1 1
2 18 48
2 19 48
2 20 48
2 21 48
2 22 48
0 23 48
1 8 7
5 8 6
0 7 6
6 17 8
4 18 8
1 18 7
0 18 6
6 23 5
4 23 6
6 22 6
0 22 7
-1
-1
-1
-1
-1
-1
-1
-1
-1
-1
-1
-1
-1
-1
-1
-1
-1
-1
-1
-1
-1
-1
-1
-1
-1
-1
-1
-1
-1
-1
-1
-1
-1
-1
-1
-1
-1
-1
-1
-1
-1
-1
-1
-1
-1
-1
-1
-1
-1
-1
-1
-1
-1
-1
-1
-1
-1
-1
-1
-1
-1
-1
-1
-1
-1
-1
-1
-1
-1
-1
-1
-1
-1
-1
-1
-1
-1
-1
-1
-1
-1
-1
-1
-1
-1
-1
-1
-1
-1
-1
-1
-1
-1
-1
-1
-1
-1
-1
-1
-1
-1
-1
-1
-1
-1
-1
-1
-1
-1
-1
-1
-1
-1
-1
-1
-1
-1
-1
-1
