0 27 20
3 27 21
2 28 21
2 29 21
2 30 21
2 31 21
2 32 21
2 33 21
2 34 21
2 35 21
2 36 21
2 37 21
2 38 21
2 39 21
2 40 21
2 41 21
2 42 21
2 43 21
2 44 21
2 45 21
2 46 21
0 47 21
1 27 19
-1
1 27 18
-1
1 27 17
-1
6 27 16
-1
4 28 16
-1
1 28 15
-1
-1
1 28 14
-1
1 28 13
-1
1 28 12
-1
1 28 11
-1
-1
-1
-1
-1
-1
-1
-1
-1
-1
-1
-1
-1
-1
-1
-1
-1
-1
-1
-1
-1
-1
-1
-1
-1
-1
-1
-1
-1
-1
-1
-1
-1
-1
-1
-1
-1
-1
-1
-1
-1
-1
-1
-1
-1
-1
-1
-1
-1
-1
-1
-1
-1
-1
-1
-1
-1
-1
-1
-1
-1
-1
-1
-1
-1
-1
-1
-1
-1
-1
-1
-1
-1
-1
-1
-1
-1
-1
-1
-1
-1
-1
-1
-1
-1
-1
-1
-1
-1
-1
-1
-1
-1
-1
-1
-1
-1
-1
-1
-1
-1
-1
-1
-1
-1
-1
-1
-1
0 28 10
1 47 22
1 47 23
-1
1 47 24
1 47 25
1 47 26
1 47 27
1 47 28
1 47 29
1 47 30
-1
1 47 31
-1
-1
-1
-1
-1
-1
-1
-1
-1
-1
-1
-1
-1
-1
-1
-1
-1
-1
-1
-1
-1
-1
-1
-1
-1
-1
-1
-1
-1
-1
-1
-1
-1
-1
-1
-1
-1
-1
-1
-1
-1
-1
-1
-1
-1
-1
-1
-1
-1
-1
-1
-1
-1
-1
-1
-1
0 47 32
5 28 9
2 27 9
2 26 9
2 25 9
2 24 9
2 23 9
2 22 9
2 21 9
2 20 9
3 19 9
5 19 8
2 18 8
2 17 8
-1
-1
-1
-1
-1
-1
-1
-1
-1
-1
-1
-1
-1
-1
-1
-1
-1
-1
-1
-1
-1
-1
-1
-1
-1
-1
-1
-1
-1
-1
-1
-1
-1
-1
-1
-1
0 16 8
4 47 33
2 46 33
2 45 33
2 44 33
2 43 33
2 42 33
2 41 33
2 40 33
2 39 33
6 38 33
1 38 34
1 38 35
1 38 36
1 38 37
1 38 38
4 38 39
2 37 39
2 36 39
-1
-1
-1
-1
-1
-1
-1
-1
-1
-1
-1
-1
-1
-1
-1
-1
-1
-1
0 35 39
-1
-1
-1
-1
-1
-1
-1
-1
-1
-1
-1
-1
-1
-1
-1
-1
-1
-1
0 47 26
2 15 8
2 14 8
2 13 8
3 12 8
1 12 7
1 12 6
1 12 5
1 12 4
-1
-1
-1
-1
-1
-1
-1
-1
-1
0 12 3
2 29 10
2 30 10
5 31 10
1 31 11
1 31 12
3 31 13
-1
-1
-1
-1
-1
-1
-1
-1
0 32 13
6 26 20
1 26 21
1 26 22
1 26 23
1 26 24
1 26 25
1 26 26
1 26 27
-1
-1
-1
-1
-1
0 26 28
2 13 3
2 14 3
2 15 3
2 16 3
2 17 3
4 18 3
6 18 2
2 19 2
2 20 2
2 21 2
2 22 2
2 23 2
0 24 2
1 35 40
1 35 41
1 35 42
4 35 43
2 34 43
2 33 43
2 32 43
2 31 43
2 30 43
-1
0 29 43
1 47 20
1 47 19
1 47 18
1 47 17
1 47 16
1 47 15
1 47 14
1 47 13
1 47 12
1 47 11
0 47 10
1 26 29
1 26 30
1 26 31
4 26 32
2 25 32
2 24 32
2 23 32
2 22 32
2 21 32
2 20 32
2 19 32
2 18 32
2 17 32
2 16 32
2 15 32
2 14 32
2 13 32
2 12 32
0 11 32
0 18 3
2 28 43
2 27 43
-1
-1
0 26 43
1 32 14
1 32 15
1 32 16
1 32 17
3 32 18
2 33 18
0 34 18
4 11 33
2 10 33
2 9 33
2 8 33
2 7 33
2 6 33
0 5 33
1 5 34
1 5 35
1 5 36
-1
0 5 37
1 47 9
1 47 8
1 47 7
1 47 6
1 47 5
0 47 4
6 27 10
1 27 11
1 27 12
-1
-1
0 27 13
1 5 38
1 5 39
1 5 40
4 5 41
0 4 41
3 46 32
1 46 31
5 46 30
2 45 30
2 44 30
2 43 30
2 42 30
0 41 30
2 25 2
2 26 2
2 27 2
2 28 2
2 29 2
2 30 2
0 31 2
0 12 8
-1
0 38 33
3 26 13
5 26 12
2 25 12
2 24 12
0 23 12
6 31 1
2 32 1
2 33 1
2 34 1
2 35 1
2 36 1
0 37 1
0 38 21
6 46 10
1 46 11
1 46 12
4 46 13
2 45 13
0 44 13
0 28 16
5 27 28
1 27 29
3 27 30
2 28 30
2 29 30
0 30 30
0 31 10
1 24 3
1 24 4
1 24 5
1 24 6
0 24 7
0 18 32
1 29 44
3 29 45
2 30 45
2 31 45
2 32 45
2 33 45
5 34 45
0 34 46
0 37 39
1 44 14
1 44 15
0 44 16
0 43 33
2 35 46
2 36 46
2 37 46
2 38 46
0 39 46
0 24 12
0 28 15
1 37 2
4 37 3
0 36 3
5 38 1
3 38 2
2 39 2
0 40 2
0 34 45
1 12 9
1 12 10
1 12 11
1 12 12
1 12 13
4 12 14
2 11 14
2 10 14
0 9 14
1 38 20
0 38 19
5 9 13
2 8 13
2 7 13
2 6 13
2 5 13
0 4 13
0 19 9
0 6 37
1 31 9
1 31 8
0 31 7
2 40 46
2 41 46
2 42 46
0 43 46
1 40 3
1 40 4
4 40 5
0 39 5
1 41 29
1 41 28
1 41 27
0 41 26
2 7 37
2 8 37
2 9 37
2 10 37
2 11 37
0 12 37
1 30 29
1 30 28
1 30 27
1 30 26
0 30 25
5 38 32
3 37 32
1 37 31
1 37 30
1 37 29
5 37 28
0 36 28
-1
-1
-1
-1
-1
-1
-1
-1
-1
-1
-1
-1
-1
-1
-1
-1
-1
-1
-1
-1
-1
-1
-1
-1
-1
-1
-1
-1
-1
-1
-1
-1
-1
-1
-1
-1
-1
-1
-1
-1
-1
-1
-1
-1
-1
-1
-1
-1
-1
-1
-1
-1
-1
-1
-1
-1
-1
-1
-1
-1
-1
-1
-1
-1
-1
-1
-1
-1
-1
-1
-1
-1
-1
-1
-1
-1
-1
-1
-1
-1
-1
-1
-1
-1
-1
-1
-1
-1
-1
-1
-1
-1
-1
-1
-1
-1
-1
-1
-1
-1
-1
-1
-1
-1
-1
-1
-1
-1
-1
-1
-1
-1
-1
-1
-1
-1
-1
-1
-1
-1
-1
-1
-1
-1
-1
-1
-1
-1
-1
-1
-1
-1
-1
-1
-1
-1
-1
-1
-1
-1
-1
-1
-1
-1
-1
-1
-1
-1
-1
-1
-1
-1
-1
-1
-1
-1
-1
-1
-1
-1
-1
-1
-1
-1
-1
-1
-1
-1
-1
-1
-1
-1
-1
-1
-1
-1
-1
-1
-1
-1
-1
-1
-1
-1
-1
-1
-1
-1
-1
-1
-1
-1
-1
-1
-1
-1
-1
-1
-1
-1
