0 16 7
1 16 8
1 16 9
1 16 10
1 16 11
1 16 12
1 16 13
1 16 14
1 16 15
1 16 16
1 16 17
1 16 18
1 16 19
1 16 20
1 16 21
1 16 22
3 16 23
2 17 23
5 18 23
3 18 24
2 19 24
2 20 24
5 21 24
1 21 25
3 21 26
2 22 26
0 23 26
1 16 6
1 16 5
1 16 4
5 16 3
2 15 3
2 14 3
2 13 3
-1
-1
-1
-1
-1
-1
-1
-1
-1
0 12 3
1 12 4
4 12 5
2 11 5
6 10 5
1 10 6
1 10 7
1 10 8
1 10 9
-1
-1
-1
-1
-1
-1
-1
-1
-1
-1
-1
-1
-1
-1
-1
-1
-1
-1
-1
-1
-1
-1
-1
-1
-1
-1
-1
-1
-1
-1
-1
-1
-1
-1
-1
-1
-1
-1
-1
0 10 10
1 23 27
3 23 28
-1
-1
-1
-1
-1
-1
-1
-1
-1
-1
-1
-1
-1
-1
-1
-1
-1
-1
-1
-1
-1
-1
-1
-1
-1
-1
-1
-1
-1
-1
0 24 28
1 24 29
1 24 30
1 24 31
4 24 32
2 23 32
-1
-1
-1
-1
-1
-1
-1
-1
-1
-1
-1
-1
-1
-1
-1
-1
-1
-1
-1
0 22 32
1 23 25
1 23 24
1 23 23
6 23 22
2 24 22
2 25 22
2 26 22
2 27 22
4 28 22
6 28 21
2 29 21
2 30 21
2 31 21
2 32 21
2 33 21
2 34 21
2 35 21
4 36 21
1 36 20
1 36 19
1 36 18
1 36 17
1 36 16
-1
0 36 15
3 22 33
2 23 33
2 24 33
2 25 33
2 26 33
5 27 33
1 27 34
1 27 35
1 27 36
1 27 37
1 27 38
1 27 39
1 27 40
-1
-1
-1
0 27 41
1 10 11
1 10 12
4 10 13
2 9 13
-1
-1
-1
-1
-1
-1
-1
0 8 13
5 25 28
1 25 29
3 25 30
2 26 30
2 27 30
2 28 30
2 29 30
2 30 30
2 31 30
2 32 30
2 33 30
2 34 30
2 35 30
2 36 30
2 37 30
0 38 30
5 17 7
3 17 8
2 18 8
-1
0 19 8
2 39 30
2 40 30
2 41 30
5 42 30
3 42 31
2 43 31
2 44 31
-1
0 45 31
3 8 14
2 9 14
2 10 14
5 11 14
1 11 15
3 11 16
-1
0 12 16
1 22 31
1 22 30
1 22 29
5 22 28
2 21 28
2 20 28
2 19 28
0 18 28
1 36 14
1 36 13
1 36 12
1 36 11
1 36 10
1 36 9
0 36 8
1 18 29
4 18 30
2 17 30
2 16 30
0 15 30
-1
-1
-1
0 16 3
1 15 31
3 15 32
5 16 32
1 16 33
3 16 34
0 17 34
4 37 15
1 37 14
1 37 13
0 37 12
6 21 32
1 21 33
1 21 34
1 21 35
0 21 36
6 14 30
1 14 31
1 14 32
4 14 33
2 13 33
2 12 33
0 11 33
0 36 18
3 11 34
5 12 34
0 12 35
1 17 35
1 17 36
1 17 37
1 17 38
1 17 39
0 17 40
1 19 7
1 19 6
0 19 5
1 38 31
1 38 32
0 38 33
1 38 34
3 38 35
2 39 35
2 40 35
5 41 35
1 41 36
1 41 37
0 41 38
0 18 23
0 13 35
2 9 10
2 8 10
2 7 10
0 6 10
2 5 10
2 4 10
2 3 10
0 2 10
2 10 33
2 9 33
2 8 33
0 7 33
0 16 10
1 6 9
1 6 8
1 6 7
5 6 6
0 5 6
0 27 38
0 14 35
0 10 7
2 35 15
2 34 15
0 33 15
2 26 41
2 25 41
2 24 41
0 23 41
0 12 17
1 17 41
1 17 42
1 17 43
1 17 44
0 17 45
0 25 22
0 33 21
6 17 33
2 18 33
0 19 33
2 16 40
2 15 40
2 14 40
0 13 40
0 16 20
0 36 21
1 7 32
1 7 31
0 7 30
0 42 30
2 6 30
2 5 30
2 4 30
0 3 30
0 27 33
6 7 13
0 7 14
2 15 20
2 14 20
0 13 20
0 35 8
0 26 38
1 33 14
5 33 13
2 32 13
2 31 13
2 30 13
0 29 13
0 17 46
0 41 35
0 16 32
2 40 38
2 39 38
0 38 38
0 17 37
0 10 5
2 11 10
0 12 10
0 24 33
0 11 14
1 33 22
1 33 23
1 33 24
0 33 25
1 13 21
0 13 22
1 5 5
1 5 4
1 5 3
1 5 2
0 5 1
1 38 39
1 38 40
1 38 41
0 38 42
1 15 29
5 15 28
2 14 28
2 13 28
0 12 28
2 4 1
2 3 1
0 2 1
1 19 4
1 19 3
1 19 2
6 19 1
2 20 1
0 21 1
0 34 21
0 21 24
1 3 29
1 3 28
6 3 27
0 4 27
0 28 22
1 21 23
1 21 22
1 21 21
1 21 20
0 21 19
6 15 10
1 15 11
0 15 12
0 36 12
2 12 22
2 11 22
2 10 22
2 9 22
0 8 22
2 37 33
2 36 33
2 35 33
2 34 33
0 33 33
1 36 7
1 36 6
1 36 5
1 36 4
6 36 3
2 37 3
0 38 3
0 38 2
2 37 18
2 38 18
2 39 18
0 40 18
1 12 2
1 12 1
0 12 0
1 23 42
1 23 43
1 23 44
1 23 45
1 23 46
0 23 47
0 24 47
2 25 47
2 26 47
2 27 47
2 28 47
2 29 47
0 30 47
2 38 12
2 39 12
2 40 12
2 41 12
2 42 12
2 43 12
0 44 12
1 44 13
0 44 14
1 40 19
3 40 20
2 41 20
2 42 20
2 43 20
2 44 20
0 45 20
2 12 40
2 11 40
0 10 40
1 45 21
1 45 22
3 45 23
2 46 23
0 47 23
2 9 40
2 8 40
2 7 40
2 6 40
2 5 40
2 4 40
0 3 40
1 18 27
1 18 26
5 18 25
2 17 25
0 16 25
0 10 41
2 2 40
2 1 40
0 0 40
1 7 15
1 7 16
4 7 17
2 6 17
0 5 17
2 34 25
2 35 25
2 36 25
0 37 25
2 39 3
2 40 3
2 41 3
2 42 3
2 43 3
2 44 3
0 45 3
1 21 2
3 21 3
2 22 3
2 23 3
2 24 3
2 25 3
2 26 3
2 27 3
0 28 3
-1
-1
-1
-1
-1
-1
-1
-1
-1
-1
-1
-1
-1
-1
-1
-1
-1
-1
-1
-1
-1
-1
-1
-1
-1
-1
-1
-1
-1
-1
-1
-1
-1
-1
-1
-1
-1
-1
-1
-1
-1
-1
-1
-1
-1
-1
-1
-1
-1
-1
-1
-1
-1
-1
-1
-1
-1
-1
-1
-1
-1
-1
-1
-1
-1
-1
-1
-1
-1
-1
-1
-1
-1
-1
-1
-1
-1
-1
-1
-1
-1
-1
-1
-1
-1
-1
-1
-1
-1
-1
-1
-1
-1
-1
-1
-1
-1
-1
-1
-1
-1
-1
-1
-1
-1
-1
-1
-1
-1
-1
-1
-1
-1
-1
-1
-1
-1
-1
-1
-1
-1
-1
-1
-1
-1
-1
-1
-1
-1
-1
-1
-1
-1
-1
-1
-1
-1
-1
-1
-1
-1
-1
-1
-1
-1
-1
-1
-1
-1
-1
-1
-1
-1
-1
-1
-1
-1
-1
-1
-1
-1
-1
-1
-1
-1
-1
-1
-1
-1
-1
-1
-1
-1
-1
-1
-1
-1
-1
-1
-1
-1
-1
-1
-1
-1
-1
-1
-1
-1
-1
-1
-1
-1
-1
-1
-1
-1
-1
-1
-1
-1
-1
-1
-1
-1
-1
-1
-1
-1
-1
-1
-1
-1
-1
-1
-1
-1
-1
-1
-1
-1
-1
-1
-1
-1
-1
-1
-1
-1
-1
-1
-1
-1
-1
-1
-1
-1
-1
-1
-1
-1
-1
-1
-1
-1
-1
-1
-1
-1
-1
-1
-1
-1
-1
-1
-1
-1
-1
-1
