0 13 4
1 13 5
1 13 6
3 13 7
2 14 7
2 15 7
2 16 7
2 17 7
2 18 7
5 19 7
1 19 8
1 19 9
1 19 10
1 19 11
1 19 12
1 19 13
1 19 14
3 19 15
5 20 15
1 20 16
1 20 17
3 20 18
2 21 18
2 22 18
5 23 18
1 23 19
1 23 20
1 23 21
1 23 22
1 23 23
1 23 24
1 23 25
1 23 26
1 23 27
1 23 28
1 23 29
1 23 30
1 23 31
1 23 32
1 23 33
1 23 34
1 23 35
1 23 36
1 23 37
1 23 38
1 23 39
1 23 40
1 23 41
1 23 42
1 23 43
1 23 44
0 23 45
4 24 45
6 24 44
2 25 44
4 26 44
1 26 43
1 26 42
6 26 41
-1
-1
-1
-1
-1
-1
-1
-1
-1
-1
-1
-1
-1
-1
-1
-1
-1
-1
0 27 41
6 12 4
4 12 5
2 11 5
2 10 5
2 9 5
2 8 5
6 7 5
1 7 6
1 7 7
1 7 8
4 7 9
-1
-1
-1
-1
-1
-1
-1
-1
-1
-1
-1
-1
-1
-1
-1
-1
-1
-1
-1
-1
-1
-1
-1
-1
-1
-1
-1
-1
-1
0 6 9
2 28 41
2 29 41
2 30 41
2 31 41
2 32 41
2 33 41
2 34 41
2 35 41
-1
-1
-1
-1
-1
-1
-1
-1
-1
-1
-1
-1
-1
-1
-1
-1
-1
-1
-1
-1
0 36 41
-1
-1
-1
-1
-1
-1
-1
-1
-1
-1
-1
-1
-1
-1
-1
-1
-1
-1
0 23 21
1 36 40
1 36 39
1 36 38
1 36 37
1 36 36
1 36 35
1 36 34
6 36 33
2 37 33
2 38 33
2 39 33
2 40 33
4 41 33
1 41 32
1 41 31
1 41 30
-1
-1
-1
0 41 29
1 41 28
1 41 27
1 41 26
1 41 25
1 41 24
1 41 23
1 41 22
1 41 21
1 41 20
1 41 19
1 41 18
1 41 17
1 41 16
-1
-1
-1
0 41 15
1 23 46
3 23 47
-1
-1
-1
-1
-1
-1
-1
-1
-1
-1
0 24 47
1 41 14
6 41 13
2 42 13
2 43 13
2 44 13
2 45 13
2 46 13
2 47 13
-1
-1
-1
-1
0 48 13
3 22 45
1 22 44
1 22 43
5 22 42
3 21 42
1 21 41
5 21 40
2 20 40
2 19 40
2 18 40
2 17 40
0 16 40
3 40 15
1 40 14
1 40 13
1 40 12
1 40 11
1 40 10
1 40 9
1 40 8
1 40 7
1 40 6
1 40 5
1 40 4
1 40 3
0 40 2
5 40 1
2 39 1
2 38 1
2 37 1
0 36 1
2 14 4
2 15 4
2 16 4
2 17 4
2 18 4
2 19 4
5 20 4
3 20 5
2 21 5
2 22 5
2 23 5
2 24 5
0 25 5
2 37 41
2 38 41
0 39 41
1 27 42
1 27 43
1 27 44
3 27 45
-1
-1
0 28 45
6 22 21
4 22 22
2 21 22
2 20 22
-1
0 19 22
1 39 42
3 39 43
2 40 43
2 41 43
2 42 43
2 43 43
0 44 43
5 42 15
1 42 16
1 42 17
1 42 18
0 42 19
2 18 22
2 17 22
2 16 22
2 15 22
2 14 22
2 13 22
2 12 22
0 11 22
-1
0 41 25
1 11 23
1 11 24
4 11 25
2 10 25
0 9 25
1 11 21
1 11 20
1 11 19
1 11 18
1 11 17
1 11 16
1 11 15
1 11 14
0 11 13
6 40 25
4 40 26
0 39 26
-1
0 36 33
4 42 25
1 42 24
6 42 23
2 43 23
0 44 23
1 44 44
1 44 45
1 44 46
3 44 47
2 45 47
2 46 47
2 47 47
0 48 47
1 25 6
1 25 7
1 25 8
1 25 9
0 25 10
2 26 10
2 27 10
2 28 10
0 29 10
1 39 25
1 39 24
1 39 23
1 39 22
0 39 21
1 39 20
1 39 19
5 39 18
0 38 18
0 20 15
1 36 42
0 36 43
2 26 5
0 27 5
0 21 42
6 35 33
1 35 34
1 35 35
1 35 36
1 35 37
4 35 38
0 34 38
0 20 4
0 41 33
2 38 26
2 37 26
2 36 26
2 35 26
0 34 26
0 23 39
1 38 17
5 38 16
2 37 16
0 36 16
0 14 22
2 42 33
2 43 33
2 44 33
2 45 33
0 46 33
1 9 26
1 9 27
0 9 28
1 36 15
1 36 14
0 36 13
0 11 17
1 41 34
1 41 35
4 41 36
2 40 36
2 39 36
0 38 36
0 19 11
0 19 7
0 28 46
5 36 32
2 35 32
2 34 32
2 33 32
0 32 32
2 18 11
0 17 11
1 32 31
5 32 30
0 31 30
0 19 8
2 30 30
2 29 30
0 28 30
1 29 11
1 29 12
0 29 13
1 21 43
4 21 44
2 20 44
0 19 44
6 28 44
2 29 44
2 30 44
2 31 44
0 32 44
0 17 22
3 9 29
2 10 29
2 11 29
2 12 29
2 13 29
0 14 29
2 10 17
2 9 17
2 8 17
2 7 17
2 6 17
2 5 17
0 4 17
0 4 18
4 4 19
2 3 19
0 2 19
1 14 30
0 14 31
1 28 29
1 28 28
1 28 27
1 28 26
1 28 25
0 28 24
0 10 13
4 24 21
1 24 20
1 24 19
6 24 18
0 25 18
2 35 1
0 34 1
2 30 10
2 31 10
2 32 10
2 33 10
0 34 10
0 26 44
1 2 20
1 2 21
0 2 22
2 47 33
2 48 33
0 49 33
5 41 2
1 41 3
1 41 4
0 41 5
2 15 40
2 14 40
3 13 40
5 13 39
2 12 39
2 11 39
2 10 39
0 9 39
1 9 40
1 9 41
1 9 42
1 9 43
1 9 44
3 9 45
0 10 45
1 49 34
1 49 35
1 49 36
0 49 37
1 2 23
1 2 24
1 2 25
1 2 26
1 2 27
1 2 28
1 2 29
0 2 30
2 45 23
2 46 23
0 47 23
-1
-1
-1
-1
-1
-1
-1
-1
-1
-1
-1
-1
-1
-1
-1
-1
-1
-1
-1
-1
-1
-1
-1
-1
-1
-1
-1
-1
-1
-1
-1
-1
-1
-1
-1
-1
-1
-1
-1
-1
-1
-1
-1
-1
-1
-1
-1
-1
-1
-1
-1
-1
-1
-1
-1
-1
-1
-1
-1
-1
-1
-1
-1
-1
-1
-1
-1
-1
-1
-1
-1
-1
-1
-1
-1
-1
-1
-1
-1
-1
-1
-1
-1
-1
-1
-1
-1
-1
-1
-1
-1
-1
-1
-1
-1
-1
-1
-1
-1
-1
-1
-1
-1
-1
-1
-1
-1
-1
-1
-1
-1
-1
-1
-1
-1
-1
-1
-1
-1
-1
-1
-1
-1
-1
-1
-1
-1
-1
-1
-1
-1
-1
-1
-1
-1
-1
-1
-1
-1
-1
-1
-1
-1
-1
-1
-1
-1
-1
-1
-1
-1
-1
-1
-1
-1
-1
-1
-1
-1
-1
-1
-1
-1
-1
-1
-1
-1
-1
-1
-1
-1
-1
-1
-1
-1
-1
-1
-1
-1
-1
-1
-1
-1
-1
-1
-1
-1
-1
-1
-1
-1
-1
-1
-1
-1
-1
-1
-1
-1
-1
-1
-1
-1
-1
-1
-1
-1
-1
-1
-1
-1
-1
-1
-1
-1
-1
-1
-1
-1
-1
-1
-1
-1
-1
-1
-1
-1
-1
-1
-1
-1
-1
-1
-1
-1
-1
-1
-1
-1
-1
-1
-1
-1
-1
-1
-1
-1
-1
-1
-1
-1
-1
-1
-1
-1
-1
-1
-1
-1
-1
-1
-1
-1
-1
-1
-1
-1
-1
-1
-1
-1
-1
-1
-1
-1
-1
-1
-1
-1
-1
-1
-1
-1
-1
-1
