0 10 43
2 11 43
2 12 43
2 13 43
4 14 43
1 14 42
6 14 41
2 15 41
2 16 41
2 17 41
4 18 41
1 18 40
1 18 39
1 18 38
1 18 37
1 18 36
1 18 35
1 18 34
0 18 33
1 18 32
-1
1 18 31
-1
-1
1 18 30
-1
6 18 29
-1
4 19 29
-1
-1
1 19 28
-1
1 19 27
-1
1 19 26
-1
-1
1 19 25
-1
1 19 24
-1
1 19 23
-1
-1
1 19 22
-1
1 19 21
-1
1 19 20
-1
-1
1 19 19
-1
1 19 18
-1
1 19 17
-1
-1
1 19 16
-1
1 19 15
-1
6 19 14
-1
-1
-1
-1
-1
-1
-1
-1
-1
-1
-1
-1
-1
-1
-1
-1
-1
-1
-1
-1
-1
-1
-1
-1
-1
-1
-1
-1
-1
-1
-1
-1
-1
-1
-1
-1
-1
-1
-1
-1
-1
-1
-1
-1
-1
-1
-1
-1
-1
-1
-1
-1
-1
-1
-1
-1
-1
-1
-1
-1
-1
-1
-1
-1
-1
-1
-1
-1
-1
-1
-1
-1
-1
-1
-1
-1
-1
-1
-1
-1
-1
-1
-1
-1
-1
-1
-1
-1
-1
-1
-1
-1
-1
-1
-1
-1
-1
-1
-1
-1
-1
-1
-1
-1
-1
-1
-1
-1
-1
-1
-1
-1
-1
-1
-1
0 20 14
-1
-1
-1
-1
-1
-1
-1
-1
-1
-1
-1
-1
-1
-1
-1
-1
-1
-1
-1
-1
-1
-1
-1
-1
-1
-1
-1
-1
-1
-1
-1
-1
-1
-1
-1
-1
-1
-1
-1
-1
-1
-1
-1
-1
-1
-1
-1
-1
-1
-1
-1
-1
-1
-1
-1
-1
-1
-1
-1
-1
0 14 43
5 19 33
3 19 34
2 20 34
2 21 34
5 22 34
1 22 35
3 22 36
2 23 36
2 24 36
2 25 36
2 26 36
5 27 36
3 27 37
5 28 37
1 28 38
1 28 39
3 28 40
2 29 40
2 30 40
2 31 40
2 32 40
-1
-1
-1
-1
-1
-1
-1
-1
-1
-1
-1
-1
-1
-1
-1
-1
-1
-1
-1
-1
-1
-1
-1
-1
-1
-1
-1
-1
-1
-1
-1
0 33 40
1 20 13
5 20 12
2 19 12
2 18 12
2 17 12
2 16 12
2 15 12
2 14 12
3 13 12
5 13 11
2 12 11
2 11 11
2 10 11
2 9 11
-1
-1
-1
-1
-1
-1
-1
-1
-1
-1
-1
-1
-1
-1
-1
-1
-1
-1
-1
-1
-1
-1
-1
-1
0 8 11
1 10 44
1 10 45
1 10 46
1 10 47
4 10 48
-1
-1
-1
-1
-1
-1
-1
-1
-1
-1
-1
-1
-1
-1
-1
-1
-1
-1
-1
0 9 48
1 33 39
1 33 38
6 33 37
4 34 37
1 34 36
1 34 35
1 34 34
1 34 33
1 34 32
6 34 31
-1
-1
-1
-1
-1
-1
-1
-1
-1
-1
0 35 31
1 8 12
1 8 13
1 8 14
1 8 15
1 8 16
1 8 17
1 8 18
1 8 19
1 8 20
1 8 21
1 8 22
1 8 23
1 8 24
3 8 25
-1
-1
-1
-1
-1
0 9 25
1 33 41
1 33 42
1 33 43
3 33 44
2 34 44
-1
-1
-1
-1
-1
-1
-1
0 35 44
3 35 32
2 36 32
2 37 32
2 38 32
2 39 32
2 40 32
2 41 32
2 42 32
2 43 32
2 44 32
2 45 32
2 46 32
0 47 32
1 8 10
1 8 9
1 8 8
1 8 7
1 8 6
1 8 5
6 8 4
-1
0 9 4
-1
-1
-1
-1
-1
-1
-1
0 22 34
4 21 14
1 21 13
1 21 12
6 21 11
4 22 11
1 22 10
1 22 9
0 22 8
2 9 43
2 8 43
2 7 43
2 6 43
-1
-1
-1
0 5 43
4 9 26
2 8 26
3 7 26
1 7 25
1 7 24
5 7 23
2 6 23
2 5 23
2 4 23
2 3 23
2 2 23
0 1 23
0 13 12
2 34 40
2 35 40
2 36 40
4 37 40
1 37 39
6 37 38
0 38 38
1 5 44
1 5 45
1 5 46
4 5 47
2 4 47
0 3 47
2 4 43
2 3 43
2 2 43
0 1 43
1 47 31
5 47 30
2 46 30
2 45 30
2 44 30
2 43 30
0 42 30
-1
-1
0 18 41
1 13 13
1 13 14
1 13 15
1 13 16
1 13 17
1 13 18
0 13 19
1 20 15
1 20 16
1 20 17
1 20 18
3 20 19
2 21 19
2 22 19
2 23 19
2 24 19
2 25 19
2 26 19
0 27 19
0 16 12
0 34 37
0 5 45
4 35 45
2 34 45
2 33 45
2 32 45
0 31 45
1 5 42
1 5 41
1 5 40
1 5 39
1 5 38
0 5 37
0 27 36
6 35 43
2 36 43
2 37 43
2 38 43
0 39 43
0 37 40
1 5 36
1 5 35
5 5 34
2 4 34
2 3 34
0 2 34
0 19 29
3 39 44
2 40 44
2 41 44
2 42 44
2 43 44
0 44 44
0 13 18
1 14 44
1 14 45
0 14 46
0 21 19
1 13 20
1 13 21
1 13 22
0 13 23
4 48 32
1 48 31
0 48 30
2 17 33
6 16 33
1 16 34
1 16 35
1 16 36
4 16 37
0 15 37
0 19 24
0 6 23
1 48 29
1 48 28
1 48 27
1 48 26
1 48 25
1 48 24
1 48 23
1 48 22
1 48 21
0 48 20
0 22 11
5 31 44
2 30 44
2 29 44
2 28 44
2 27 44
0 26 44
6 7 11
4 7 12
2 6 12
0 5 12
3 14 47
2 15 47
2 16 47
2 17 47
0 18 47
1 35 30
1 35 29
6 35 28
0 36 28
1 5 13
1 5 14
4 5 15
2 4 15
2 3 15
0 2 15
-1
-1
-1
-1
-1
-1
-1
-1
-1
-1
-1
-1
-1
-1
-1
-1
-1
-1
-1
-1
-1
-1
-1
-1
-1
-1
-1
-1
-1
-1
-1
-1
-1
-1
-1
-1
-1
-1
-1
-1
-1
-1
-1
-1
-1
-1
-1
-1
-1
-1
-1
-1
-1
-1
-1
-1
-1
-1
-1
-1
-1
-1
-1
-1
-1
-1
-1
-1
-1
-1
-1
-1
-1
-1
-1
-1
-1
-1
-1
-1
-1
-1
-1
-1
-1
-1
-1
-1
-1
-1
-1
-1
-1
-1
-1
-1
-1
-1
-1
-1
-1
-1
-1
-1
-1
-1
-1
-1
-1
-1
-1
-1
-1
-1
-1
-1
-1
-1
-1
-1
-1
-1
-1
-1
-1
-1
-1
-1
-1
-1
-1
-1
-1
-1
-1
-1
-1
-1
-1
-1
-1
-1
-1
-1
-1
-1
-1
-1
-1
-1
-1
-1
-1
-1
-1
-1
-1
-1
-1
-1
-1
-1
-1
-1
-1
-1
-1
-1
-1
-1
-1
-1
-1
-1
-1
-1
-1
-1
-1
-1
-1
-1
-1
-1
-1
-1
-1
-1
-1
-1
-1
-1
