0 15 17
1 15 18
1 15 19
3 15 20
2 16 20
2 17 20
2 18 20
2 19 20
2 20 20
2 21 20
2 22 20
2 23 20
2 24 20
2 25 20
2 26 20
2 27 20
2 28 20
5 29 20
1 29 21
1 29 22
1 29 23
1 29 24
1 29 25
1 29 26
0 29 27
4 16 17
1 16 16
1 16 15
1 16 14
6 16 13
4 17 13
1 17 12
1 17 11
1 17 10
1 17 9
1 17 8
1 17 7
1 17 6
1 17 5
0 17 4
6 14 17
1 14 18
4 14 19
2 13 19
2 12 19
2 11 19
6 10 19
1 10 20
1 10 21
1 10 22
1 10 23
1 10 24
1 10 25
1 10 26
1 10 27
1 10 28
1 10 29
-1
-1
-1
-1
-1
-1
-1
-1
-1
-1
-1
-1
-1
-1
-1
0 10 30
5 15 16
2 14 16
2 13 16
2 12 16
2 11 16
2 10 16
2 9 16
2 8 16
2 7 16
2 6 16
6 5 16
1 5 17
1 5 18
4 5 19
2 4 19
-1
-1
-1
-1
-1
-1
-1
-1
-1
-1
-1
-1
-1
-1
0 3 19
1 29 28
3 29 29
2 30 29
5 31 29
3 31 30
2 32 30
2 33 30
2 34 30
2 35 30
2 36 30
2 37 30
2 38 30
2 39 30
2 40 30
2 41 30
5 42 30
1 42 31
1 42 32
1 42 33
3 42 34
2 43 34
2 44 34
2 45 34
2 46 34
-1
0 47 34
2 18 4
2 19 4
4 20 4
6 20 3
2 21 3
2 22 3
2 23 3
2 24 3
2 25 3
2 26 3
2 27 3
2 28 3
2 29 3
2 30 3
2 31 3
2 32 3
2 33 3
0 34 3
1 34 4
4 34 5
2 33 5
2 32 5
2 31 5
2 30 5
2 29 5
2 28 5
6 27 5
1 27 6
4 27 7
2 26 7
2 25 7
2 24 7
2 23 7
2 22 7
2 21 7
2 20 7
0 19 7
1 10 31
1 10 32
4 10 33
2 9 33
2 8 33
0 7 33
1 47 33
5 47 32
3 46 32
1 46 31
1 46 30
1 46 29
1 46 28
1 46 27
1 46 26
1 46 25
1 46 24
1 46 23
1 46 22
1 46 21
0 46 20
5 35 3
3 35 4
2 36 4
2 37 4
0 38 4
4 11 30
1 11 29
6 11 28
2 12 28
0 13 28
2 28 27
2 27 27
2 26 27
2 25 27
0 24 27
5 17 3
2 16 3
2 15 3
3 14 3
5 14 2
2 13 2
2 12 2
0 11 2
2 39 4
2 40 4
0 41 4
0 46 29
1 13 29
3 13 30
2 14 30
0 15 30
1 7 34
4 7 35
2 6 35
2 5 35
0 4 35
0 39 30
1 24 28
1 24 29
1 24 30
1 24 31
1 24 32
1 24 33
3 24 34
5 25 34
1 25 35
1 25 36
1 25 37
0 25 38
3 3 20
2 4 20
0 5 20
0 26 20
0 36 30
0 10 20
0 17 13
0 30 5
1 4 36
4 4 37
0 3 37
1 46 19
1 46 18
1 46 17
1 46 16
0 46 15
0 29 20
0 25 34
2 45 15
6 44 15
0 44 16
2 3 35
0 2 35
1 47 35
1 47 36
1 47 37
1 47 38
0 47 39
0 15 19
1 2 34
1 2 33
0 2 32
0 5 16
0 32 3
0 15 20
0 10 23
0 42 30
0 20 4
1 46 14
0 46 13
1 30 6
3 30 7
0 31 7
0 42 34
0 10 33
0 15 3
0 16 17
2 43 16
2 42 16
0 41 16
2 26 38
0 27 38
1 31 8
1 31 9
0 31 10
2 32 10
2 33 10
0 34 10
1 41 15
0 41 14
4 47 29
1 47 28
6 47 27
0 48 27
0 21 20
0 12 19
0 17 8
1 19 8
3 19 9
2 20 9
0 21 9
1 15 21
3 15 22
5 16 22
0 16 23
0 29 23
1 41 17
1 41 18
1 41 19
0 41 20
1 5 21
1 5 22
0 5 23
1 47 40
1 47 41
0 47 42
2 4 23
2 3 23
0 2 23
3 41 21
5 42 21
0 42 22
1 5 15
1 5 14
1 5 13
0 5 12
0 27 6
2 16 30
2 17 30
0 18 30
1 15 31
1 15 32
0 15 33
1 42 23
1 42 24
0 42 25
0 30 29
0 1 32
2 4 12
2 3 12
0 2 12
1 21 21
0 21 22
0 17 10
1 2 11
1 2 10
1 2 9
0 2 8
0 24 26
1 47 43
1 47 44
1 47 45
0 47 46
1 38 5
1 38 6
3 38 7
0 39 7
4 31 11
2 30 11
0 29 11
1 3 38
1 3 39
1 3 40
1 3 41
4 3 42
0 2 42
2 30 20
2 31 20
0 32 20
2 16 10
2 15 10
0 14 10
1 42 35
1 42 36
1 42 37
0 42 38
0 21 19
1 29 12
1 29 13
0 29 14
1 15 34
1 15 35
1 15 36
0 15 37
2 47 20
0 48 20
1 39 8
1 39 9
0 39 10
0 21 23
1 21 18
1 21 17
0 21 16
3 5 24
5 6 24
0 6 25
0 2 9
2 19 30
2 20 30
0 21 30
1 14 9
5 14 8
2 13 8
2 12 8
0 11 8
2 10 2
0 9 2
2 41 25
2 40 25
0 39 25
1 42 39
4 42 40
2 41 40
0 40 40
0 37 4
6 2 31
2 3 31
0 4 31
0 22 30
1 40 41
1 40 42
0 40 43
0 39 43
2 39 40
2 38 40
2 37 40
0 36 40
0 49 27
1 2 24
1 2 25
1 2 26
0 2 27
0 4 30
1 37 3
0 37 2
1 18 29
1 18 28
0 18 27
0 26 19
2 18 13
2 19 13
0 20 13
1 41 5
3 41 6
2 42 6
2 43 6
2 44 6
0 45 6
2 16 37
0 17 37
2 38 25
0 37 25
1 25 39
3 25 40
5 26 40
1 26 41
1 26 42
0 26 43
1 30 30
1 30 31
0 30 32
2 27 43
2 28 43
0 29 43
1 17 38
1 17 39
1 17 40
0 17 41
0 20 3
2 22 9
2 23 9
2 24 9
0 25 9
1 41 3
1 41 2
6 41 1
0 42 1
0 35 40
1 10 34
4 10 35
0 9 35
0 45 34
1 35 39
0 35 38
1 13 27
0 13 26
1 39 31
0 39 32
1 14 11
4 14 12
0 13 12
4 47 47
2 46 47
2 45 47
2 44 47
0 43 47
0 2 19
0 24 25
2 21 13
2 22 13
2 23 13
0 24 13
2 33 20
2 34 20
0 35 20
5 32 2
0 31 2
0 42 47
0 13 13
1 9 36
1 9 37
1 9 38
1 9 39
4 9 40
0 8 40
2 30 2
2 29 2
2 28 2
2 27 2
0 26 2
0 11 23
2 41 47
2 40 47
2 39 47
0 38 47
2 43 25
0 44 25
5 25 13
1 25 14
0 25 15
2 43 1
2 44 1
2 45 1
0 46 1
1 30 33
1 30 34
0 30 35
1 6 26
3 6 27
0 7 27
0 2 43
1 17 42
3 17 43
2 18 43
2 19 43
0 20 43
1 2 7
1 2 6
1 2 5
0 2 4
3 24 38
5 24 37
2 23 37
0 22 37
1 46 12
6 46 11
2 47 11
0 48 11
2 37 47
0 36 47
2 40 10
0 41 10
1 26 44
3 26 45
0 27 45
1 39 33
4 39 34
0 38 34
6 5 11
2 6 11
0 7 11
0 19 20
3 36 25
5 36 24
2 35 24
0 34 24
0 46 32
1 20 44
1 20 45
3 20 46
2 21 46
0 22 46
1 20 2
1 20 1
0 20 0
2 14 37
2 13 37
2 12 37
0 11 37
6 35 19
4 36 19
0 36 18
2 30 14
2 31 14
2 32 14
0 33 14
1 17 36
5 17 35
0 16 35
6 2 3
2 3 3
0 4 3
2 34 14
2 35 14
2 36 14
0 37 14
1 8 41
1 8 42
3 8 43
0 9 43
1 34 9
0 34 8
4 9 44
2 8 44
6 7 44
1 7 45
4 7 46
0 6 46
0 47 47
1 29 19
0 29 18
1 22 47
1 22 48
3 22 49
0 23 49
2 1 12
0 0 12
-1
-1
-1
-1
-1
-1
-1
-1
-1
-1
-1
-1
-1
-1
-1
-1
-1
-1
-1
-1
-1
-1
-1
-1
-1
-1
-1
-1
-1
-1
-1
-1
-1
-1
-1
-1
-1
-1
-1
-1
-1
-1
-1
-1
-1
-1
-1
-1
-1
-1
-1
-1
-1
-1
-1
-1
-1
-1
-1
-1
-1
-1
-1
-1
-1
-1
-1
-1
-1
-1
-1
-1
-1
-1
-1
-1
-1
-1
-1
-1
-1
-1
-1
-1
-1
-1
-1
-1
-1
-1
-1
-1
-1
-1
-1
-1
-1
-1
-1
-1
-1
-1
-1
-1
-1
-1
-1
-1
-1
-1
-1
-1
-1
-1
-1
-1
-1
-1
-1
-1
-1
-1
-1
-1
-1
-1
-1
-1
-1
-1
-1
-1
-1
-1
-1
-1
-1
-1
-1
-1
-1
-1
-1
-1
-1
-1
-1
-1
-1
-1
-1
-1
-1
-1
-1
-1
-1
-1
-1
-1
-1
-1
-1
-1
-1
-1
-1
