0 10 12
1 10 13
1 10 14
1 10 15
1 10 16
1 10 17
1 10 18
1 10 19
1 10 20
1 10 21
3 10 22
2 11 22
5 12 22
3 12 23
5 13 23
3 13 24
2 14 24
2 15 24
2 16 24
2 17 24
5 18 24
1 18 25
1 18 26
1 18 27
1 18 28
1 18 29
1 18 30
1 18 31
3 18 32
2 19 32
0 20 32
2 21 32
2 22 32
2 23 32
2 24 32
5 25 32
1 25 33
3 25 34
5 26 34
3 26 35
5 27 35
3 27 36
2 28 36
2 29 36
2 30 36
2 31 36
2 32 36
2 33 36
2 34 36
2 35 36
5 36 36
3 36 37
2 37 37
2 38 37
2 39 37
2 40 37
2 41 37
2 42 37
5 43 37
3 43 38
-1
-1
-1
-1
-1
-1
-1
-1
-1
-1
-1
-1
-1
-1
-1
-1
-1
-1
-1
-1
-1
-1
-1
-1
-1
-1
-1
-1
-1
-1
-1
-1
-1
-1
-1
-1
-1
0 44 38
-1
-1
-1
-1
-1
-1
-1
-1
-1
-1
-1
-1
-1
-1
-1
-1
-1
-1
0 10 14
-1
-1
-1
-1
-1
-1
-1
-1
-1
-1
-1
-1
-1
-1
0 39 37
2 9 14
2 8 14
6 7 14
1 7 15
1 7 16
1 7 17
4 7 18
2 6 18
2 5 18
2 4 18
2 3 18
2 2 18
-1
-1
0 1 18
1 39 38
1 39 39
4 39 40
2 38 40
2 37 40
2 36 40
2 35 40
2 34 40
2 33 40
2 32 40
2 31 40
2 30 40
0 29 40
1 10 11
1 10 10
1 10 9
6 10 8
2 11 8
4 12 8
1 12 7
1 12 6
-1
0 12 5
1 39 36
1 39 35
1 39 34
5 39 33
2 38 33
2 37 33
2 36 33
0 35 33
-1
-1
-1
-1
-1
-1
0 37 40
3 34 33
1 34 32
1 34 31
1 34 30
5 34 29
2 33 29
2 32 29
2 31 29
2 30 29
0 29 29
1 37 41
1 37 42
0 37 43
1 29 28
1 29 27
1 29 26
6 29 25
0 30 25
4 31 25
1 31 24
1 31 23
1 31 22
1 31 21
1 31 20
1 31 19
6 31 18
0 32 18
2 33 18
2 34 18
4 35 18
1 35 17
1 35 16
1 35 15
1 35 14
1 35 13
1 35 12
6 35 11
4 36 11
1 36 10
0 36 9
0 36 36
0 10 10
0 25 32
1 32 17
5 32 16
2 31 16
2 30 16
0 29 16
6 35 32
2 36 32
2 37 32
4 38 32
0 38 31
2 11 5
2 10 5
6 9 5
4 9 6
0 8 6
2 11 14
0 12 14
1 1 17
6 1 16
0 2 16
0 7 17
0 27 35
1 38 30
1 38 29
0 38 28
1 38 27
1 38 26
1 38 25
1 38 24
6 38 23
2 39 23
0 40 23
0 12 22
0 36 11
1 12 21
6 12 20
0 13 20
0 10 22
0 35 12
2 36 43
0 35 43
0 10 17
2 38 43
2 39 43
0 40 43
0 21 32
1 21 31
6 21 30
0 22 30
0 9 10
2 34 12
2 33 12
0 32 12
0 9 5
5 36 8
2 35 8
2 34 8
0 33 8
1 40 24
1 40 25
3 40 26
0 41 26
2 42 26
2 43 26
2 44 26
0 45 26
0 34 29
2 31 12
0 30 12
2 29 12
2 28 12
0 27 12
0 43 38
2 13 5
0 14 5
2 11 10
2 12 10
2 13 10
5 14 10
0 14 11
1 20 33
0 20 34
4 10 23
2 9 23
2 8 23
0 7 23
1 27 11
1 27 10
0 27 9
5 27 8
2 26 8
2 25 8
0 24 8
2 39 31
0 40 31
0 18 28
0 35 36
0 7 24
0 12 8
0 7 14
0 6 14
2 28 40
2 27 40
0 26 40
0 35 18
1 7 25
1 7 26
0 7 27
2 25 40
2 24 40
2 23 40
0 22 40
0 31 36
4 28 9
1 28 8
0 28 7
0 22 29
2 8 10
0 7 10
2 37 11
2 38 11
2 39 11
2 40 11
0 41 11
2 42 11
2 43 11
2 44 11
4 45 11
1 45 10
1 45 9
1 45 8
1 45 7
1 45 6
0 45 5
0 46 5
0 45 11
1 33 7
1 33 6
6 33 5
0 34 5
0 6 18
2 41 31
2 42 31
2 43 31
0 44 31
1 22 28
1 22 27
1 22 26
1 22 25
0 22 24
2 23 24
0 24 24
2 45 38
0 46 38
0 26 39
1 34 4
1 34 3
1 34 2
0 34 1
2 44 5
0 43 5
0 17 24
0 31 25
0 34 0
1 29 30
1 29 31
0 29 32
0 32 40
1 41 10
5 41 9
0 40 9
4 22 41
2 21 41
2 20 41
2 19 41
0 18 41
1 45 12
1 45 13
1 45 14
1 45 15
0 45 16
5 18 40
2 17 40
2 16 40
0 15 40
2 14 40
2 13 40
2 12 40
0 11 40
0 38 25
0 26 12
5 7 9
0 6 9
2 25 12
2 24 12
0 23 12
0 28 6
1 40 22
0 40 21
0 47 5
2 35 1
2 36 1
2 37 1
2 38 1
0 39 1
1 15 41
1 15 42
0 15 43
1 28 5
1 28 4
0 28 3
1 7 28
1 7 29
0 7 30
1 30 24
1 30 23
5 30 22
0 29 22
1 46 37
1 46 36
1 46 35
0 46 34
0 11 39
2 6 23
2 5 23
0 4 23
1 20 35
4 20 36
2 19 36
2 18 36
0 17 36
1 15 44
1 15 45
4 15 46
2 14 46
2 13 46
0 12 46
2 11 46
2 10 46
2 9 46
0 8 46
3 45 27
2 46 27
0 47 27
1 45 25
1 45 24
1 45 23
0 45 22
1 2 15
1 2 14
1 2 13
0 2 12
2 45 34
2 44 34
2 43 34
0 42 34
1 26 41
1 26 42
0 26 43
1 11 38
5 11 37
2 10 37
2 9 37
0 8 37
2 37 25
0 36 25
2 7 46
2 6 46
2 5 46
0 4 46
1 41 12
1 41 13
1 41 14
0 41 15
1 8 36
5 8 35
2 7 35
2 6 35
2 5 35
0 4 35
3 3 35
5 3 34
0 2 34
2 27 3
2 26 3
2 25 3
2 24 3
2 23 3
0 22 3
0 22 2
1 14 4
1 14 3
1 14 2
0 14 1
2 34 43
2 33 43
6 32 43
1 32 44
0 32 45
1 45 17
0 45 18
0 6 30
4 15 11
6 15 10
2 16 10
2 17 10
0 18 10
1 35 44
1 35 45
1 35 46
1 35 47
0 35 48
2 46 22
2 47 22
0 48 22
2 14 20
0 15 20
1 40 44
3 40 45
2 41 45
2 42 45
2 43 45
0 44 45
0 16 20
3 40 15
5 40 14
2 39 14
0 38 14
1 24 23
1 24 22
1 24 21
1 24 20
1 24 19
0 24 18
2 39 21
0 38 21
1 44 46
1 44 47
0 44 48
2 23 18
0 22 18
0 15 1
2 46 16
2 47 16
4 48 16
0 48 15
1 18 11
1 18 12
4 18 13
0 17 13
1 8 47
4 8 48
0 7 48
1 47 6
1 47 7
0 47 8
3 28 29
5 28 28
0 27 28
6 22 39
0 23 39
5 34 28
0 33 28
1 4 45
1 4 44
1 4 43
1 4 42
0 4 41
6 17 28
1 17 29
1 17 30
4 17 31
2 16 31
2 15 31
0 14 31
2 45 45
2 46 45
2 47 45
2 48 45
0 49 45
1 2 35
1 2 36
1 2 37
4 2 38
2 1 38
0 0 38
-1
-1
-1
-1
-1
-1
-1
-1
-1
-1
-1
-1
-1
-1
-1
-1
-1
-1
-1
-1
-1
-1
-1
-1
-1
-1
-1
-1
-1
-1
-1
-1
-1
-1
-1
-1
-1
-1
-1
-1
-1
-1
-1
-1
-1
-1
-1
-1
-1
-1
-1
-1
-1
-1
-1
-1
-1
-1
-1
-1
-1
-1
-1
-1
-1
-1
-1
-1
-1
-1
-1
-1
-1
-1
-1
-1
-1
-1
-1
-1
-1
-1
-1
-1
-1
-1
-1
-1
-1
-1
-1
-1
-1
-1
-1
-1
-1
-1
-1
-1
-1
-1
-1
-1
-1
-1
-1
-1
-1
-1
-1
-1
-1
-1
-1
-1
-1
-1
-1
-1
-1
-1
-1
-1
-1
-1
-1
-1
-1
-1
-1
-1
-1
-1
-1
-1
-1
-1
-1
-1
-1
-1
-1
-1
-1
-1
-1
-1
-1
-1
-1
-1
-1
-1
-1
-1
-1
-1
-1
-1
-1
-1
-1
-1
-1
-1
-1
-1
-1
-1
-1
-1
-1
-1
-1
-1
-1
-1
-1
-1
-1
-1
-1
-1
-1
-1
