0 2 8
1 2 9
1 2 10
1 2 11
1 2 12
3 2 13
2 3 13
5 4 13
1 4 14
1 4 15
3 4 16
2 5 16
2 6 16
2 7 16
5 8 16
1 8 17
3 8 18
2 9 18
2 10 18
2 11 18
2 12 18
2 13 18
2 14 18
5 15 18
1 15 19
0 15 20
1 15 21
1 15 22
1 15 23
3 15 24
5 16 24
1 16 25
1 16 26
1 16 27
1 16 28
1 16 29
1 16 30
1 16 31
3 16 32
2 17 32
2 18 32
-1
-1
-1
-1
-1
-1
-1
-1
-1
-1
-1
-1
-1
-1
-1
-1
-1
-1
-1
-1
-1
-1
-1
-1
-1
-1
-1
-1
-1
-1
-1
-1
-1
-1
-1
-1
-1
-1
-1
-1
-1
-1
-1
-1
-1
-1
0 19 32
2 20 32
2 21 32
2 22 32
2 23 32
2 24 32
2 25 32
2 26 32
2 27 32
2 28 32
2 29 32
2 30 32
2 31 32
2 32 32
2 33 32
2 34 32
2 35 32
2 36 32
2 37 32
2 38 32
2 39 32
2 40 32
2 41 32
2 42 32
2 43 32
2 44 32
2 45 32
2 46 32
-1
-1
-1
-1
-1
-1
-1
-1
-1
-1
-1
-1
-1
-1
-1
-1
-1
-1
-1
-1
0 47 32
-1
-1
-1
-1
-1
-1
-1
-1
-1
-1
-1
-1
-1
-1
-1
0 2 13
6 14 20
4 14 21
2 13 21
2 12 21
2 11 21
2 10 21
2 9 21
2 8 21
-1
-1
-1
0 7 21
3 7 22
2 8 22
2 9 22
2 10 22
5 11 22
1 11 23
1 11 24
1 11 25
1 11 26
1 11 27
0 11 28
1 47 33
1 47 34
1 47 35
4 47 36
2 46 36
2 45 36
2 44 36
2 43 36
2 42 36
2 41 36
0 40 36
5 3 8
3 3 9
2 4 9
2 5 9
2 6 9
0 7 9
1 47 31
1 47 30
1 47 29
-1
0 47 28
1 19 33
1 19 34
3 19 35
5 20 35
1 20 36
3 20 37
2 21 37
5 22 37
1 22 38
1 22 39
1 22 40
1 22 41
1 22 42
1 22 43
0 22 44
0 5 16
6 6 21
4 6 22
0 5 22
6 10 28
4 10 29
2 9 29
2 8 29
0 7 29
1 7 30
3 7 31
0 8 31
1 2 7
5 2 6
0 1 6
0 44 36
2 21 44
2 20 44
0 19 44
2 39 36
3 38 36
1 38 35
0 38 34
1 1 5
1 1 4
0 1 3
1 7 28
5 7 27
2 6 27
2 5 27
0 4 27
0 11 22
2 46 28
2 45 28
2 44 28
2 43 28
0 42 28
0 22 37
0 9 18
1 8 32
0 8 33
0 29 32
1 7 8
0 7 7
2 16 20
2 17 20
0 18 20
0 11 24
2 7 33
2 6 33
0 5 33
0 22 40
1 5 34
4 5 35
6 4 35
0 4 36
0 41 32
0 15 18
0 4 22
0 47 36
2 41 28
0 40 28
0 7 6
1 29 31
1 29 30
1 29 29
0 29 28
0 7 27
2 12 24
2 13 24
0 14 24
0 3 27
1 29 33
1 29 34
3 29 35
2 30 35
0 31 35
1 31 36
1 31 37
1 31 38
1 31 39
1 31 40
0 31 41
0 2 11
1 7 26
0 7 25
0 16 30
0 16 24
0 8 16
0 13 18
2 30 28
2 31 28
2 32 28
2 33 28
0 34 28
0 3 11
2 2 27
0 1 27
2 32 41
2 33 41
0 34 41
2 32 35
0 33 35
2 2 3
2 3 3
0 4 3
0 45 28
0 1 2
0 34 42
1 47 37
1 47 38
0 47 39
2 23 37
0 24 37
2 35 42
0 36 42
0 47 40
0 5 17
1 40 27
1 40 26
1 40 25
1 40 24
0 40 23
0 20 35
0 17 24
2 8 6
4 9 6
1 9 5
1 9 4
0 9 3
2 21 40
2 20 40
2 19 40
0 18 40
1 47 41
1 47 42
1 47 43
1 47 44
0 47 45
0 16 29
1 18 19
0 18 18
2 17 40
2 16 40
0 15 40
1 15 41
0 15 42
0 10 3
0 38 36
0 10 28
6 8 15
2 9 15
0 10 15
1 47 46
1 47 47
0 47 48
1 10 14
1 10 13
0 10 12
1 4 37
1 4 38
3 4 39
0 5 39
1 31 42
1 31 43
1 31 44
1 31 45
0 31 46
2 41 23
2 42 23
0 43 23
0 31 39
5 4 21
0 3 21
4 31 47
2 30 47
0 29 47
1 34 27
0 34 26
1 34 25
1 34 24
0 34 23
6 3 36
4 3 37
2 2 37
0 1 37
1 43 22
1 43 21
1 43 20
1 43 19
1 43 18
1 43 17
0 43 16
0 46 45
4 19 18
1 19 17
6 19 16
0 20 16
2 18 24
2 19 24
2 20 24
0 21 24
1 19 45
0 19 46
2 21 16
2 22 16
0 23 16
1 29 27
1 29 26
0 29 25
2 9 33
2 10 33
2 11 33
0 12 33
0 12 34
2 22 24
0 23 24
1 23 23
1 23 22
0 23 21
2 11 12
2 12 12
2 13 12
0 14 12
1 14 11
1 14 10
0 14 9
2 11 3
2 12 3
2 13 3
2 14 3
0 15 3
1 15 2
1 15 1
6 15 0
0 16 0
3 28 28
5 28 27
2 27 27
0 26 27
2 45 45
2 44 45
0 43 45
1 43 46
1 43 47
0 43 48
0 14 8
4 15 43
2 14 43
0 13 43
0 11 21
1 1 36
1 1 35
0 1 34
1 26 28
1 26 29
0 26 30
2 42 45
0 41 45
2 42 48
2 41 48
2 40 48
0 39 48
2 44 16
0 45 16
1 20 15
1 20 14
1 20 13
6 20 12
0 21 12
1 21 11
1 21 10
1 21 9
1 21 8
6 21 7
0 22 7
5 22 6
2 21 6
0 20 6
3 22 8
2 23 8
0 24 8
0 7 10
1 2 14
4 2 15
0 1 15
0 14 25
1 24 7
1 24 6
1 24 5
1 24 4
0 24 3
0 15 9
1 18 39
5 18 38
0 17 38
2 25 8
5 26 8
1 26 9
3 26 10
0 27 10
2 25 3
2 26 3
2 27 3
2 28 3
2 29 3
2 30 3
2 31 3
2 32 3
0 33 3
6 30 41
4 30 42
0 29 42
4 13 44
2 12 44
6 11 44
1 11 45
1 11 46
1 11 47
0 11 48
0 40 22
1 19 47
1 19 48
0 19 49
1 22 45
1 22 46
3 22 47
0 23 47
1 1 26
1 1 25
0 1 24
4 29 43
2 28 43
0 27 43
1 24 2
5 24 1
0 23 1
5 13 42
2 12 42
3 11 42
0 11 41
2 10 48
2 9 48
2 8 48
2 7 48
0 6 48
2 39 22
0 38 22
4 44 23
6 44 22
2 45 22
2 46 22
2 47 22
0 48 22
1 34 22
5 34 21
2 33 21
2 32 21
0 31 21
2 5 48
2 4 48
2 3 48
0 2 48
1 10 2
6 10 1
0 11 1
1 43 15
1 43 14
1 43 13
1 43 12
0 43 11
3 39 28
5 39 27
0 38 27
2 42 11
2 41 11
2 40 11
3 39 11
5 39 10
2 38 10
2 37 10
0 36 10
3 25 30
5 25 29
2 24 29
2 23 29
0 22 29
1 1 38
4 1 39
6 0 39
1 0 40
0 0 41
6 43 10
2 44 10
2 45 10
2 46 10
4 47 10
1 47 9
0 47 8
1 31 20
1 31 19
1 31 18
1 31 17
1 31 16
5 31 15
0 30 15
4 30 16
6 29 16
4 29 17
0 28 17
1 47 7
1 47 6
5 47 5
2 46 5
2 45 5
2 44 5
2 43 5
0 42 5
5 32 46
3 32 47
0 33 47
2 15 12
2 16 12
2 17 12
2 18 12
0 19 12
1 24 36
6 24 35
2 25 35
2 26 35
0 27 35
-1
-1
-1
-1
-1
-1
-1
-1
-1
-1
-1
-1
-1
-1
-1
-1
-1
-1
-1
-1
-1
-1
-1
-1
-1
-1
-1
-1
-1
-1
-1
-1
-1
-1
-1
-1
-1
-1
-1
-1
-1
-1
-1
-1
-1
-1
-1
-1
-1
-1
-1
-1
-1
-1
-1
-1
-1
-1
-1
-1
-1
-1
-1
-1
-1
-1
-1
-1
-1
-1
-1
-1
-1
-1
-1
-1
-1
-1
-1
-1
-1
-1
-1
-1
-1
-1
-1
-1
-1
-1
-1
-1
-1
-1
-1
-1
-1
-1
-1
-1
-1
-1
-1
-1
-1
-1
-1
-1
-1
-1
-1
-1
-1
-1
-1
-1
-1
-1
-1
-1
-1
-1
-1
-1
-1
-1
-1
-1
-1
-1
-1
-1
-1
-1
-1
-1
-1
-1
-1
-1
-1
-1
-1
-1
-1
-1
-1
-1
-1
-1
-1
-1
-1
-1
-1
-1
-1
