0 6 9
1 6 10
3 6 11
5 7 11
1 7 12
1 7 13
3 7 14
2 8 14
2 9 14
2 10 14
2 11 14
5 12 14
1 12 15
3 12 16
2 13 16
2 14 16
2 15 16
2 16 16
5 17 16
1 17 17
1 17 18
1 17 19
1 17 20
1 17 21
1 17 22
1 17 23
1 17 24
1 17 25
3 17 26
2 18 26
2 19 26
2 20 26
2 21 26
0 22 26
1 22 27
1 22 28
4 22 29
2 21 29
2 20 29
6 19 29
1 19 30
0 19 31
2 20 31
2 21 31
2 22 31
2 23 31
2 24 31
2 25 31
2 26 31
2 27 31
2 28 31
2 29 31
2 30 31
2 31 31
2 32 31
2 33 31
2 34 31
5 35 31
3 35 32
2 36 32
2 37 32
2 38 32
2 39 32
2 40 32
2 41 32
5 42 32
3 42 33
2 43 33
2 44 33
2 45 33
0 46 33
3 18 31
1 18 30
5 18 29
2 17 29
2 16 29
2 15 29
2 14 29
2 13 29
3 12 29
1 12 28
1 12 27
1 12 26
1 12 25
-1
-1
0 12 24
6 6 8
2 7 8
2 8 8
2 9 8
2 10 8
2 11 8
-1
-1
-1
-1
0 12 8
1 12 7
1 12 6
1 12 5
6 12 4
2 13 4
4 14 4
-1
-1
0 14 3
1 22 25
1 22 24
1 22 23
1 22 22
1 22 21
1 22 20
1 22 19
0 22 18
1 19 32
1 19 33
3 19 34
5 20 34
1 20 35
1 20 36
3 20 37
2 21 37
2 22 37
2 23 37
2 24 37
2 25 37
2 26 37
2 27 37
5 28 37
1 28 38
0 28 39
0 13 29
1 13 30
1 13 31
1 13 32
3 13 33
0 14 33
0 19 26
1 12 9
1 12 10
3 12 11
2 13 11
2 14 11
0 15 11
1 46 32
1 46 31
6 46 30
2 47 30
0 48 30
0 7 14
1 48 29
5 48 28
0 47 28
1 15 10
6 15 9
2 16 9
2 17 9
2 18 9
0 19 9
0 16 9
0 10 14
1 19 25
1 19 24
0 19 23
0 12 14
1 14 34
4 14 35
2 13 35
2 12 35
0 11 35
2 10 35
2 9 35
2 8 35
2 7 35
2 6 35
2 5 35
2 4 35
2 3 35
0 2 35
1 2 36
1 2 37
1 2 38
1 2 39
1 2 40
1 2 41
0 2 42
0 17 20
0 28 31
0 20 37
0 24 37
0 12 26
2 20 9
2 21 9
0 22 9
0 24 31
0 40 32
2 23 9
0 24 9
0 35 31
0 30 31
0 8 35
1 28 30
1 28 29
0 28 28
0 19 29
0 15 12
1 22 17
0 22 16
0 17 25
1 19 8
0 19 7
0 13 16
2 23 18
2 24 18
0 25 18
1 40 33
4 40 34
0 39 34
0 17 16
0 40 31
1 11 36
0 11 37
2 5 9
0 4 9
1 11 38
0 11 39
0 22 23
2 25 9
4 26 9
6 26 8
2 27 8
2 28 8
4 29 8
0 29 7
2 46 28
0 45 28
2 29 28
4 30 28
1 30 27
1 30 26
1 30 25
1 30 24
0 30 23
1 29 6
1 29 5
1 29 4
0 29 3
6 29 2
2 30 2
2 31 2
0 32 2
0 7 11
1 22 15
1 22 14
5 22 13
0 21 13
2 33 2
2 34 2
0 35 2
1 13 17
1 13 18
0 13 19
0 12 19
0 29 8
0 30 28
1 2 43
0 2 44
1 35 30
1 35 29
1 35 28
6 35 27
2 36 27
0 37 27
1 19 6
0 19 5
2 3 44
2 4 44
0 5 44
0 26 9
1 37 26
0 37 25
2 20 5
2 21 5
0 22 5
0 11 19
1 26 10
1 26 11
1 26 12
0 26 13
1 32 3
0 32 4
5 36 2
1 36 3
3 36 4
0 37 4
2 27 28
0 26 28
0 5 45
0 10 19
0 20 34
1 30 22
1 30 21
6 30 20
0 31 20
1 5 43
1 5 42
0 5 41
0 22 15
2 38 25
2 39 25
2 40 25
0 41 25
2 31 28
0 32 28
0 17 26
1 2 34
0 2 33
0 35 32
1 31 19
6 31 18
0 32 18
0 28 40
6 38 34
1 38 35
1 38 36
0 38 37
2 12 39
2 13 39
2 14 39
5 15 39
0 15 40
0 22 20
0 19 37
2 9 19
2 8 19
2 7 19
0 6 19
2 27 13
0 28 13
1 38 38
1 38 39
1 38 40
0 38 41
0 2 32
2 33 18
0 34 18
1 8 34
1 8 33
0 8 32
0 2 38
0 5 40
1 32 17
1 32 16
0 32 15
0 39 41
2 20 13
0 19 13
0 16 16
1 2 45
1 2 46
0 2 47
0 1 47
6 34 17
2 35 17
2 36 17
0 37 17
1 39 42
3 39 43
2 40 43
2 41 43
0 42 43
0 14 2
1 41 24
1 41 23
1 41 22
0 41 21
2 11 26
0 10 26
0 32 14
1 26 27
1 26 26
0 26 25
1 15 41
1 15 42
1 15 43
4 15 44
2 14 44
0 13 44
0 9 32
0 5 35
1 6 20
0 6 21
1 42 44
0 42 45
1 6 22
1 6 23
0 6 24
1 2 31
1 2 30
0 2 29
6 16 20
1 16 21
4 16 22
0 15 22
0 23 37
0 42 25
1 6 25
1 6 26
0 6 27
0 10 25
0 11 8
0 12 4
0 15 41
2 10 39
0 9 39
2 6 14
2 5 14
0 4 14
0 40 30
2 15 2
0 16 2
0 17 2
0 26 18
1 37 5
1 37 6
0 37 7
0 43 33
0 36 2
0 22 31
2 28 3
2 27 3
0 26 3
2 38 7
2 39 7
2 40 7
0 41 7
1 41 8
3 41 9
0 42 9
5 16 41
1 16 42
3 16 43
2 17 43
0 18 43
1 42 10
1 42 11
1 42 12
0 42 13
0 41 13
5 31 23
3 31 24
0 32 24
3 5 46
0 6 46
0 33 24
2 42 21
0 43 21
1 26 2
0 26 1
2 15 33
0 16 33
0 33 2
2 25 1
2 24 1
0 23 1
1 13 45
0 13 46
0 18 44
4 38 42
2 37 42
2 36 42
0 35 42
0 29 23
3 42 46
2 43 46
0 44 46
0 44 47
0 1 42
0 9 31
0 34 42
1 9 40
1 9 41
0 9 42
0 8 11
2 23 5
0 24 5
0 7 46
0 27 18
0 3 29
0 33 23
0 10 24
2 19 44
0 20 44
3 11 4
5 11 3
0 10 3
2 3 14
0 2 14
4 2 15
2 1 15
0 0 15
0 28 12
1 16 8
0 16 7
1 24 32
1 24 33
3 24 34
2 25 34
0 26 34
1 0 16
0 0 17
2 5 21
0 4 21
2 23 23
0 24 23
1 16 34
0 16 35
0 28 18
0 24 10
2 9 3
0 8 3
1 37 18
1 37 19
0 37 20
2 22 1
0 21 1
1 41 6
1 41 5
0 41 4
2 21 44
2 22 44
2 23 44
2 24 44
0 25 44
0 12 29
2 3 9
2 2 9
2 1 9
0 0 9
1 25 45
0 25 46
0 29 28
1 25 47
4 25 48
2 24 48
2 23 48
0 22 48
2 40 13
3 39 13
1 39 12
0 39 11
2 21 18
0 20 18
0 40 29
0 20 29
2 38 17
2 39 17
0 40 17
6 38 11
4 38 12
0 37 12
2 45 47
2 46 47
5 47 47
0 47 48
2 39 37
2 40 37
0 41 37
1 34 41
1 34 40
0 34 39
1 34 38
1 34 37
6 34 36
0 35 36
5 35 35
2 34 35
2 33 35
0 32 35
0 20 23
4 48 48
1 48 47
0 48 46
1 2 28
1 2 27
1 2 26
0 2 25
1 23 38
1 23 39
0 23 40
1 13 47
3 13 48
2 14 48
2 15 48
0 16 48
1 48 45
1 48 44
1 48 43
0 48 42
0 12 11
1 11 7
5 11 6
0 10 6
1 43 20
6 43 19
0 44 19
1 28 41
0 28 42
2 7 21
0 8 21
0 35 30
1 47 27
0 47 26
6 12 46
4 12 47
0 11 47
1 44 48
4 44 49
0 43 49
2 43 13
2 44 13
2 45 13
4 46 13
6 46 12
0 47 12
1 4 8
6 4 7
2 5 7
0 6 7
2 43 47
2 42 47
2 41 47
0 40 47
2 30 8
5 31 8
3 31 9
2 32 9
0 33 9
0 45 13
6 48 41
0 49 41
2 8 31
2 7 31
0 6 31
4 34 43
0 33 43
3 33 42
5 33 41
0 32 41
3 41 38
2 42 38
2 43 38
2 44 38
5 45 38
0 45 39
1 33 44
1 33 45
1 33 46
1 33 47
0 33 48
0 28 23
1 4 15
4 4 16
0 3 16
-1
-1
-1
-1
-1
-1
-1
-1
-1
-1
-1
-1
-1
-1
-1
-1
-1
-1
-1
-1
-1
-1
-1
-1
-1
-1
-1
-1
-1
-1
-1
-1
-1
-1
-1
-1
-1
-1
-1
-1
-1
-1
-1
-1
-1
-1
-1
-1
-1
-1
-1
-1
-1
-1
-1
-1
-1
-1
-1
-1
-1
-1
-1
-1
-1
-1
-1
-1
-1
-1
-1
-1
-1
-1
-1
-1
-1
-1
-1
-1
-1
-1
-1
-1
-1
-1
-1
-1
-1
-1
-1
-1
-1
-1
-1
-1
-1
-1
-1
-1
-1
-1
-1
-1
-1
-1
-1
-1
-1
-1
-1
-1
-1
-1
-1
-1
-1
-1
-1
-1
-1
-1
-1
-1
-1
-1
-1
-1
-1
-1
-1
-1
-1
-1
-1
