0 2 21
1 2 20
1 2 19
1 2 18
6 2 17
2 3 17
2 4 17
2 5 17
2 6 17
2 7 17
2 8 17
2 9 17
2 10 17
2 11 17
2 12 17
2 13 17
2 14 17
2 15 17
2 16 17
2 17 17
2 18 17
2 19 17
2 20 17
2 21 17
2 22 17
2 23 17
2 24 17
2 25 17
2 26 17
2 27 17
2 28 17
2 29 17
2 30 17
2 31 17
2 32 17
2 33 17
2 34 17
2 35 17
2 36 17
2 37 17
4 38 17
6 38 16
2 39 16
4 40 16
1 40 15
1 40 14
6 40 13
0 41 13
1 2 22
1 2 23
1 2 24
1 2 25
1 2 26
1 2 27
1 2 28
1 2 29
1 2 30
1 2 31
1 2 32
-1
-1
-1
-1
-1
-1
-1
-1
-1
-1
-1
-1
-1
-1
-1
-1
-1
-1
-1
-1
-1
-1
-1
-1
-1
-1
-1
0 2 33
5 41 12
2 40 12
2 39 12
-1
-1
-1
-1
-1
-1
-1
-1
-1
-1
-1
-1
-1
-1
-1
-1
-1
-1
-1
-1
-1
-1
-1
0 38 12
1 2 34
3 2 35
2 3 35
2 4 35
2 5 35
2 6 35
2 7 35
2 8 35
2 9 35
2 10 35
5 11 35
1 11 36
1 11 37
1 11 38
1 11 39
1 11 40
1 11 41
1 11 42
1 11 43
1 11 44
1 11 45
1 11 46
1 11 47
1 11 48
3 11 49
2 12 49
-1
-1
0 13 49
2 37 12
2 36 12
2 35 12
2 34 12
2 33 12
2 32 12
2 31 12
2 30 12
2 29 12
3 28 12
5 28 11
2 27 11
2 26 11
2 25 11
2 24 11
2 23 11
2 22 11
0 21 11
4 14 49
6 14 48
2 15 48
2 16 48
2 17 48
2 18 48
2 19 48
2 20 48
2 21 48
4 22 48
1 22 47
6 22 46
2 23 46
2 24 46
2 25 46
0 26 46
4 42 13
1 42 12
1 42 11
5 42 10
-1
-1
0 41 10
-1
-1
-1
-1
-1
-1
0 3 17
5 3 21
1 3 22
3 3 23
2 4 23
2 5 23
-1
0 6 23
1 13 48
6 13 47
2 14 47
4 15 47
1 15 46
1 15 45
0 15 44
1 6 24
1 6 25
4 6 26
2 5 26
2 4 26
0 3 26
1 6 22
1 6 21
1 6 20
6 6 19
0 7 19
1 21 10
1 21 9
1 21 8
1 21 7
5 21 6
3 20 6
5 20 5
0 19 5
4 3 33
6 3 32
2 4 32
0 5 32
1 21 12
4 21 13
2 20 13
0 19 13
1 3 16
1 3 15
5 3 14
2 2 14
0 1 14
1 15 43
5 15 42
0 14 42
3 7 20
2 8 20
2 9 20
2 10 20
2 11 20
0 12 20
0 40 16
2 27 46
2 28 46
0 29 46
1 26 45
1 26 44
1 26 43
1 26 42
5 26 41
0 25 41
3 41 14
2 42 14
2 43 14
0 44 14
0 11 47
6 18 5
1 18 6
1 18 7
1 18 8
4 18 9
2 17 9
0 16 9
0 28 11
0 2 35
6 19 4
2 20 4
5 21 4
3 21 5
2 22 5
2 23 5
0 24 5
0 22 48
0 11 35
0 22 11
2 1 21
0 0 21
1 29 47
0 29 48
1 12 21
1 12 22
1 12 23
0 12 24
2 16 44
2 17 44
2 18 44
0 19 44
0 0 22
0 23 17
0 18 5
0 10 17
1 23 16
1 23 15
0 23 14
1 25 40
1 25 39
6 25 38
0 26 38
0 26 37
1 26 36
1 26 35
0 26 34
2 10 47
0 9 47
0 6 26
1 10 16
0 10 15
0 21 17
0 2 26
5 27 34
3 27 35
2 28 35
2 29 35
0 30 35
0 28 12
2 25 5
0 26 5
2 25 37
2 24 37
0 23 37
0 22 37
1 12 25
1 12 26
1 12 27
3 12 28
2 13 28
0 14 28
4 16 10
2 15 10
0 14 10
1 14 29
0 14 30
2 15 30
2 16 30
2 17 30
2 18 30
2 19 30
0 20 30
1 14 9
1 14 8
0 14 7
0 14 6
4 2 36
0 1 36
1 40 17
1 40 18
0 40 19
1 20 29
6 20 28
2 21 28
0 22 28
0 11 42
2 30 48
2 31 48
2 32 48
2 33 48
2 34 48
2 35 48
2 36 48
2 37 48
2 38 48
2 39 48
2 40 48
2 41 48
0 42 48
0 42 11
1 23 18
1 23 19
1 23 20
3 23 21
2 24 21
0 25 21
1 42 47
1 42 46
1 42 45
1 42 44
1 42 43
1 42 42
1 42 41
1 42 40
1 42 39
6 42 38
2 43 38
2 44 38
2 45 38
0 46 38
2 6 32
0 7 32
0 21 4
6 30 34
2 31 34
2 32 34
2 33 34
0 34 34
3 25 22
2 26 22
2 27 22
2 28 22
0 29 22
2 8 47
2 7 47
2 6 47
2 5 47
2 4 47
2 3 47
0 2 47
1 14 41
6 14 40
2 15 40
0 16 40
1 34 33
1 34 32
6 34 31
0 35 31
3 10 42
1 10 41
5 10 40
2 9 40
0 8 40
1 28 10
1 28 9
6 28 8
2 29 8
0 30 8
4 8 41
2 7 41
2 6 41
2 5 41
0 4 41
1 46 37
1 46 36
1 46 35
1 46 34
1 46 33
6 46 32
0 47 32
0 7 26
1 47 31
5 47 30
2 46 30
0 45 30
0 18 17
5 45 29
0 44 29
1 44 28
1 44 27
0 44 26
1 30 7
6 30 6
2 31 6
2 32 6
2 33 6
2 34 6
0 35 6
3 28 13
2 29 13
2 30 13
2 31 13
0 32 13
1 1 13
1 1 12
0 1 11
1 18 18
1 18 19
1 18 20
1 18 21
0 18 22
1 35 5
6 35 4
2 36 4
2 37 4
0 38 4
1 30 36
1 30 37
3 30 38
2 31 38
0 32 38
1 40 20
4 40 21
2 39 21
0 38 21
1 14 5
1 14 4
5 14 3
3 13 3
1 13 2
5 13 1
2 12 1
0 11 1
0 18 23
4 43 48
1 43 47
1 43 46
6 43 45
2 44 45
2 45 45
2 46 45
0 47 45
6 29 45
2 30 45
2 31 45
2 32 45
2 33 45
2 34 45
2 35 45
0 36 45
1 35 30
1 35 29
1 35 28
5 35 27
0 34 27
-1
-1
-1
-1
-1
-1
-1
-1
-1
-1
-1
-1
-1
-1
-1
-1
-1
-1
-1
-1
-1
-1
-1
-1
-1
-1
-1
-1
-1
-1
-1
-1
-1
-1
-1
-1
-1
-1
-1
-1
-1
-1
-1
-1
-1
-1
-1
-1
-1
-1
-1
-1
-1
-1
-1
-1
-1
-1
-1
-1
-1
-1
-1
-1
-1
-1
-1
-1
-1
-1
-1
-1
-1
-1
-1
-1
-1
-1
-1
-1
-1
-1
-1
-1
-1
-1
-1
-1
-1
-1
-1
-1
-1
-1
-1
-1
-1
-1
-1
-1
-1
-1
-1
-1
-1
-1
-1
-1
-1
-1
-1
-1
-1
-1
-1
-1
-1
-1
-1
-1
-1
-1
-1
-1
-1
-1
-1
-1
-1
-1
-1
-1
-1
-1
-1
-1
-1
-1
-1
-1
-1
-1
-1
-1
-1
-1
-1
-1
-1
-1
-1
-1
-1
-1
-1
-1
-1
-1
-1
-1
-1
-1
-1
-1
-1
-1
-1
-1
-1
-1
-1
-1
-1
-1
-1
-1
-1
-1
-1
-1
-1
-1
-1
-1
-1
-1
-1
-1
-1
-1
-1
-1
-1
-1
-1
-1
-1
-1
-1
-1
-1
-1
-1
-1
-1
-1
-1
-1
-1
-1
-1
-1
-1
-1
-1
-1
-1
-1
-1
-1
-1
-1
-1
-1
-1
-1
-1
-1
-1
-1
-1
-1
-1
-1
-1
-1
-1
-1
-1
-1
-1
-1
-1
-1
-1
-1
-1
-1
-1
-1
-1
-1
-1
-1
-1
-1
-1
-1
-1
-1
-1
-1
-1
-1
-1
-1
-1
-1
-1
-1
-1
-1
-1
-1
-1
-1
-1
-1
-1
-1
-1
-1
-1
-1
