0 6 23
1 6 22
1 6 21
6 6 20
2 7 20
2 8 20
2 9 20
2 10 20
2 11 20
2 12 20
2 13 20
2 14 20
4 15 20
1 15 19
1 15 18
1 15 17
1 15 16
6 15 15
2 16 15
2 17 15
2 18 15
2 19 15
2 20 15
2 21 15
2 22 15
4 23 15
6 23 14
2 24 14
2 25 14
2 26 14
2 27 14
2 28 14
2 29 14
2 30 14
2 31 14
2 32 14
2 33 14
2 34 14
2 35 14
2 36 14
2 37 14
2 38 14
2 39 14
2 40 14
2 41 14
2 42 14
2 43 14
2 44 14
0 45 14
1 6 24
1 6 25
3 6 26
5 7 26
1 7 27
1 7 28
1 7 29
1 7 30
1 7 31
1 7 32
1 7 33
-1
-1
-1
-1
-1
-1
-1
-1
-1
-1
-1
-1
-1
-1
-1
-1
-1
-1
-1
-1
-1
-1
-1
-1
-1
-1
-1
-1
-1
-1
-1
-1
-1
-1
-1
-1
-1
-1
-1
-1
-1
-1
-1
-1
0 7 34
1 45 15
1 45 16
1 45 17
4 45 18
2 44 18
6 43 18
1 43 19
1 43 20
1 43 21
-1
-1
-1
-1
-1
-1
-1
-1
-1
-1
-1
-1
-1
-1
-1
-1
-1
-1
-1
-1
-1
-1
-1
-1
-1
-1
-1
-1
-1
0 43 22
-1
-1
-1
-1
-1
-1
-1
-1
-1
-1
-1
-1
-1
-1
-1
-1
-1
-1
-1
-1
-1
-1
-1
-1
-1
0 7 32
1 45 13
1 45 12
1 45 11
1 45 10
1 45 9
5 45 8
2 44 8
2 43 8
-1
-1
-1
-1
-1
-1
-1
-1
-1
-1
-1
-1
-1
-1
-1
0 42 8
5 42 7
2 41 7
2 40 7
2 39 7
2 38 7
2 37 7
2 36 7
2 35 7
2 34 7
2 33 7
2 32 7
2 31 7
2 30 7
2 29 7
2 28 7
2 27 7
2 26 7
2 25 7
2 24 7
-1
-1
-1
0 23 7
2 6 34
2 5 34
2 4 34
2 3 34
-1
-1
-1
-1
-1
-1
-1
-1
-1
0 2 34
4 44 22
1 44 21
6 44 20
2 45 20
2 46 20
-1
-1
-1
-1
-1
-1
-1
0 47 20
3 5 23
1 5 22
1 5 21
1 5 20
1 5 19
1 5 18
1 5 17
1 5 16
1 5 15
6 5 14
2 6 14
2 7 14
0 8 14
1 7 35
1 7 36
1 7 37
1 7 38
1 7 39
1 7 40
3 7 41
-1
0 8 41
-1
-1
-1
-1
-1
-1
-1
0 21 15
1 21 16
1 21 17
1 21 18
3 21 19
2 22 19
2 23 19
2 24 19
2 25 19
0 26 19
1 8 13
1 8 12
1 8 11
5 8 10
-1
-1
0 7 10
1 47 21
1 47 22
1 47 23
1 47 24
1 47 25
1 47 26
1 47 27
1 47 28
1 47 29
1 47 30
1 47 31
1 47 32
1 47 33
0 47 34
0 15 15
1 43 23
1 43 24
1 43 25
-1
0 43 26
1 7 9
1 7 8
1 7 7
1 7 6
5 7 5
2 6 5
2 5 5
2 4 5
3 3 5
1 3 4
1 3 3
1 3 2
1 3 1
5 3 0
0 2 0
0 11 20
0 28 7
1 42 9
1 42 10
4 42 11
2 41 11
2 40 11
2 39 11
2 38 11
2 37 11
0 36 11
0 43 18
1 23 6
1 23 5
5 23 4
0 22 4
2 42 26
2 41 26
2 40 26
2 39 26
2 38 26
0 37 26
-1
0 7 26
4 46 14
6 46 13
2 47 13
0 48 13
-1
-1
-1
0 3 5
-1
-1
0 40 14
2 8 32
2 9 32
2 10 32
2 11 32
0 12 32
1 47 35
1 47 36
1 47 37
1 47 38
0 47 39
0 5 14
1 26 20
1 26 21
4 26 22
2 25 22
0 24 22
0 5 17
1 22 3
6 22 2
2 23 2
2 24 2
2 25 2
0 26 2
0 5 18
6 4 18
1 4 19
4 4 20
2 3 20
6 2 20
1 2 21
4 2 22
0 1 22
1 12 33
0 12 34
0 15 20
0 47 26
-1
0 7 28
1 15 14
1 15 13
1 15 12
1 15 11
1 15 10
0 15 9
0 21 17
0 23 15
2 6 28
0 5 28
1 15 8
1 15 7
1 15 6
1 15 5
0 15 4
0 39 11
0 21 14
1 15 21
3 15 22
2 16 22
0 17 22
4 37 27
0 36 27
4 9 14
6 9 13
0 10 13
1 12 35
1 12 36
0 12 37
3 8 42
2 9 42
2 10 42
0 11 42
2 13 37
2 14 37
2 15 37
2 16 37
2 17 37
2 18 37
2 19 37
2 20 37
2 21 37
2 22 37
2 23 37
2 24 37
0 25 37
1 25 38
1 25 39
1 25 40
4 25 41
2 24 41
2 23 41
0 22 41
1 48 12
1 48 11
1 48 10
1 48 9
1 48 8
1 48 7
1 48 6
1 48 5
6 48 4
0 49 4
2 26 37
0 27 37
1 17 23
1 17 24
1 17 25
4 17 26
0 16 26
6 46 34
1 46 35
4 46 36
2 45 36
2 44 36
0 43 36
0 40 7
1 43 37
1 43 38
1 43 39
1 43 40
1 43 41
1 43 42
4 43 43
2 42 43
2 41 43
2 40 43
2 39 43
2 38 43
2 37 43
0 36 43
-1
-1
-1
-1
-1
-1
-1
-1
-1
-1
-1
-1
-1
-1
-1
-1
-1
-1
-1
-1
-1
-1
-1
-1
-1
-1
-1
-1
-1
-1
-1
-1
-1
-1
-1
-1
-1
-1
-1
-1
-1
-1
-1
-1
-1
-1
-1
-1
-1
-1
-1
-1
-1
-1
-1
-1
-1
-1
-1
-1
-1
-1
-1
-1
-1
-1
-1
-1
-1
-1
-1
-1
-1
-1
-1
-1
-1
-1
-1
-1
-1
-1
-1
-1
-1
-1
-1
-1
-1
-1
-1
-1
-1
-1
-1
-1
-1
-1
-1
-1
-1
-1
-1
-1
-1
-1
-1
-1
-1
-1
-1
-1
-1
-1
-1
-1
-1
-1
-1
-1
-1
-1
-1
-1
-1
-1
-1
-1
-1
-1
-1
-1
-1
-1
-1
-1
-1
-1
-1
-1
-1
-1
-1
-1
-1
-1
-1
-1
-1
-1
-1
-1
-1
-1
-1
-1
-1
-1
-1
-1
-1
-1
-1
-1
-1
-1
-1
-1
-1
-1
-1
-1
-1
-1
-1
-1
-1
-1
-1
-1
-1
-1
-1
-1
-1
-1
-1
-1
-1
-1
-1
-1
-1
-1
-1
-1
-1
-1
-1
-1
-1
-1
-1
-1
-1
-1
-1
-1
-1
-1
-1
-1
-1
-1
-1
-1
-1
-1
-1
-1
-1
-1
-1
-1
-1
-1
-1
-1
-1
-1
-1
-1
-1
-1
-1
-1
-1
-1
-1
-1
-1
-1
-1
-1
-1
-1
-1
-1
-1
-1
-1
-1
-1
-1
-1
-1
-1
-1
-1
-1
-1
-1
-1
-1
-1
-1
-1
-1
-1
-1
-1
-1
-1
-1
-1
-1
-1
-1
-1
-1
-1
-1
-1
-1
-1
-1
-1
-1
-1
-1
-1
-1
-1
-1
-1
-1
-1
-1
-1
-1
-1
-1
-1
-1
-1
-1
-1
-1
-1
-1
-1
