0 18 9
1 18 10
1 18 11
3 18 12
2 19 12
5 20 12
1 20 13
1 20 14
1 20 15
1 20 16
1 20 17
1 20 18
1 20 19
1 20 20
1 20 21
1 20 22
1 20 23
1 20 24
1 20 25
1 20 26
1 20 27
1 20 28
1 20 29
1 20 30
1 20 31
1 20 32
1 20 33
1 20 34
1 20 35
1 20 36
3 20 37
5 21 37
1 21 38
3 21 39
2 22 39
2 23 39
2 24 39
2 25 39
2 26 39
2 27 39
2 28 39
2 29 39
5 30 39
3 30 40
5 31 40
1 31 41
1 31 42
1 31 43
3 31 44
2 32 44
2 33 44
0 34 44
2 35 44
2 36 44
2 37 44
2 38 44
2 39 44
2 40 44
2 41 44
2 42 44
2 43 44
-1
-1
-1
-1
-1
-1
-1
-1
-1
-1
-1
-1
-1
-1
-1
-1
-1
-1
-1
-1
-1
-1
-1
-1
-1
-1
-1
-1
-1
-1
-1
-1
0 44 44
6 17 9
4 17 10
2 16 10
2 15 10
-1
-1
-1
-1
-1
-1
-1
-1
-1
-1
-1
-1
-1
-1
-1
-1
-1
-1
-1
-1
-1
-1
-1
-1
-1
-1
-1
-1
0 14 10
1 14 11
-1
-1
-1
-1
-1
-1
-1
-1
-1
-1
-1
-1
-1
-1
-1
-1
-1
-1
-1
-1
0 14 12
1 14 13
1 14 14
4 14 15
2 13 15
2 12 15
2 11 15
2 10 15
6 9 15
1 9 16
4 9 17
2 8 17
2 7 17
2 6 17
2 5 17
-1
-1
-1
-1
-1
-1
-1
-1
-1
0 4 17
1 18 8
1 18 7
6 18 6
2 19 6
2 20 6
2 21 6
2 22 6
2 23 6
2 24 6
2 25 6
2 26 6
4 27 6
1 27 5
6 27 4
2 28 4
2 29 4
2 30 4
2 31 4
2 32 4
2 33 4
0 34 4
1 44 43
6 44 42
2 45 42
2 46 42
2 47 42
2 48 42
-1
-1
-1
-1
-1
-1
0 49 42
1 4 18
1 4 19
1 4 20
3 4 21
5 5 21
1 5 22
1 5 23
1 5 24
1 5 25
1 5 26
1 5 27
1 5 28
1 5 29
1 5 30
1 5 31
1 5 32
1 5 33
1 5 34
3 5 35
2 6 35
0 7 35
2 8 35
2 9 35
2 10 35
2 11 35
0 12 35
1 34 3
1 34 2
6 34 1
2 35 1
2 36 1
2 37 1
2 38 1
2 39 1
2 40 1
2 41 1
2 42 1
2 43 1
2 44 1
0 45 1
5 49 41
2 48 41
3 47 41
1 47 40
1 47 39
1 47 38
1 47 37
1 47 36
1 47 35
1 47 34
1 47 33
0 47 32
0 31 41
1 47 31
1 47 30
1 47 29
1 47 28
1 47 27
6 47 26
2 48 26
0 49 26
1 34 5
1 34 6
1 34 7
1 34 8
1 34 9
1 34 10
1 34 11
1 34 12
4 34 13
0 33 13
1 34 45
1 34 46
1 34 47
0 34 48
6 34 43
2 35 43
2 36 43
2 37 43
0 38 43
4 32 41
1 32 40
1 32 39
1 32 38
1 32 37
1 32 36
0 32 35
0 24 39
5 4 16
2 3 16
2 2 16
-1
0 1 16
1 33 14
3 33 15
2 34 15
2 35 15
2 36 15
2 37 15
0 38 15
-1
0 32 13
1 14 9
1 14 8
6 14 7
0 15 7
1 1 17
1 1 18
1 1 19
0 1 20
1 32 34
1 32 33
6 32 32
2 33 32
2 34 32
0 35 32
0 9 15
1 35 31
5 35 30
2 34 30
2 33 30
2 32 30
2 31 30
0 30 30
1 7 36
1 7 37
1 7 38
4 7 39
0 6 39
0 20 6
0 21 37
4 35 48
6 35 47
2 36 47
0 37 47
1 9 14
1 9 13
1 9 12
5 9 11
2 8 11
0 7 11
0 30 29
3 38 16
2 39 16
2 40 16
2 41 16
2 42 16
0 43 16
0 35 1
0 5 21
2 30 41
0 29 41
1 24 38
1 24 37
6 24 36
0 25 36
1 7 10
1 7 9
0 7 8
0 20 33
1 30 28
6 30 27
2 31 27
0 32 27
0 5 30
2 33 27
2 34 27
2 35 27
2 36 27
0 37 27
1 43 17
1 43 18
1 43 19
3 43 20
2 44 20
2 45 20
0 46 20
0 30 39
0 38 1
0 17 10
0 20 12
0 5 26
0 20 25
1 12 34
1 12 33
1 12 32
1 12 31
0 12 30
0 39 16
0 14 15
1 20 5
1 20 4
6 20 3
2 21 3
0 22 3
1 24 40
1 24 41
1 24 42
0 24 43
2 21 25
2 22 25
2 23 25
0 24 25
0 24 44
1 37 26
1 37 25
1 37 24
0 37 23
1 35 33
3 35 34
2 36 34
2 37 34
2 38 34
2 39 34
0 40 34
0 27 6
2 13 35
5 14 35
3 14 36
0 15 36
0 29 42
0 20 21
2 39 15
0 40 15
2 21 12
2 22 12
2 23 12
0 24 12
1 24 13
1 24 14
0 24 15
1 40 35
4 40 36
0 39 36
1 44 45
1 44 46
0 44 47
2 19 25
2 18 25
2 17 25
2 16 25
0 15 25
3 39 37
2 40 37
2 41 37
2 42 37
0 43 37
1 24 16
1 24 17
1 24 18
0 24 19
1 6 40
3 6 41
2 7 41
2 8 41
0 9 41
6 5 39
1 5 40
1 5 41
4 5 42
0 4 42
2 38 47
0 39 47
1 45 2
1 45 3
3 45 4
2 46 4
0 47 4
6 5 20
2 6 20
0 7 20
1 47 5
1 47 6
1 47 7
1 47 8
0 47 9
1 7 7
1 7 6
1 7 5
1 7 4
6 7 3
0 8 3
6 22 2
2 23 2
2 24 2
2 25 2
2 26 2
0 27 2
1 32 14
1 32 15
4 32 16
6 31 16
1 31 17
1 31 18
0 31 19
-1
-1
-1
-1
-1
-1
-1
-1
-1
-1
-1
-1
-1
-1
-1
-1
-1
-1
-1
-1
-1
-1
-1
-1
-1
-1
-1
-1
-1
-1
-1
-1
-1
-1
-1
-1
-1
-1
-1
-1
-1
-1
-1
-1
-1
-1
-1
-1
-1
-1
-1
-1
-1
-1
-1
-1
-1
-1
-1
-1
-1
-1
-1
-1
-1
-1
-1
-1
-1
-1
-1
-1
-1
-1
-1
-1
-1
-1
-1
-1
-1
-1
-1
-1
-1
-1
-1
-1
-1
-1
-1
-1
-1
-1
-1
-1
-1
-1
-1
-1
-1
-1
-1
-1
-1
-1
-1
-1
-1
-1
-1
-1
-1
-1
-1
-1
-1
-1
-1
-1
-1
-1
-1
-1
-1
-1
-1
-1
-1
-1
-1
-1
-1
-1
-1
-1
-1
-1
-1
-1
-1
-1
-1
-1
-1
-1
-1
-1
-1
-1
-1
-1
-1
-1
-1
-1
-1
-1
-1
-1
-1
-1
-1
-1
-1
-1
-1
-1
-1
-1
-1
-1
-1
-1
-1
-1
-1
-1
-1
-1
-1
-1
-1
-1
-1
-1
-1
-1
-1
-1
-1
-1
-1
-1
-1
-1
-1
-1
-1
-1
-1
-1
-1
-1
-1
-1
-1
-1
-1
-1
-1
-1
-1
-1
-1
-1
-1
-1
-1
-1
-1
-1
-1
-1
-1
-1
-1
-1
-1
-1
-1
-1
-1
-1
-1
-1
-1
-1
-1
-1
-1
-1
-1
-1
-1
-1
-1
-1
-1
-1
-1
-1
-1
-1
-1
-1
-1
-1
-1
-1
-1
-1
-1
-1
-1
-1
-1
-1
-1
-1
-1
-1
-1
-1
-1
-1
-1
-1
-1
-1
-1
-1
-1
-1
-1
-1
-1
-1
-1
-1
-1
-1
-1
-1
-1
-1
-1
-1
