0 24 34
2 25 34
2 26 34
2 27 34
2 28 34
2 29 34
2 30 34
2 31 34
5 32 34
1 32 35
1 32 36
1 32 37
3 32 38
2 33 38
2 34 38
2 35 38
2 36 38
5 37 38
3 37 39
5 38 39
1 38 40
3 38 41
0 39 41
1 24 33
1 24 32
1 24 31
-1
5 24 30
-1
2 23 30
-1
3 22 30
-1
1 22 29
-1
1 22 28
-1
1 22 27
-1
1 22 26
-1
1 22 25
-1
1 22 24
-1
1 22 23
1 22 22
-1
1 22 21
-1
1 22 20
-1
1 22 19
-1
1 22 18
-1
1 22 17
-1
1 22 16
-1
1 22 15
-1
5 22 14
-1
3 21 14
-1
1 21 13
-1
-1
-1
-1
-1
-1
-1
-1
-1
-1
-1
-1
-1
-1
-1
-1
-1
-1
-1
-1
-1
-1
-1
-1
-1
-1
-1
-1
-1
-1
-1
-1
-1
-1
-1
-1
-1
-1
-1
-1
-1
-1
-1
-1
-1
-1
-1
-1
-1
-1
-1
-1
-1
-1
-1
-1
-1
-1
-1
-1
-1
-1
-1
-1
-1
-1
-1
-1
-1
-1
-1
-1
-1
-1
-1
-1
-1
-1
-1
-1
-1
-1
-1
-1
-1
-1
-1
-1
-1
-1
-1
-1
-1
-1
-1
0 21 12
2 40 41
2 41 41
5 42 41
1 42 42
1 42 43
1 42 44
3 42 45
5 43 45
1 43 46
1 43 47
-1
-1
-1
-1
-1
-1
-1
-1
-1
-1
-1
-1
-1
-1
-1
-1
-1
-1
-1
-1
-1
-1
-1
-1
-1
-1
-1
-1
-1
-1
-1
-1
-1
-1
-1
-1
-1
-1
-1
-1
-1
-1
-1
-1
-1
-1
-1
-1
-1
-1
0 43 48
1 39 40
1 39 39
1 39 38
6 39 37
2 40 37
2 41 37
2 42 37
-1
-1
-1
-1
-1
-1
-1
-1
-1
-1
-1
-1
-1
-1
-1
-1
-1
-1
-1
-1
-1
-1
-1
-1
-1
-1
-1
-1
-1
0 43 37
2 23 34
2 22 34
6 21 34
4 21 35
2 20 35
2 19 35
2 18 35
2 17 35
2 16 35
2 15 35
2 14 35
2 13 35
2 12 35
6 11 35
1 11 36
1 11 37
1 11 38
4 11 39
2 10 39
2 9 39
2 8 39
2 7 39
2 6 39
2 5 39
6 4 39
1 4 40
1 4 41
1 4 42
4 4 43
2 3 43
-1
-1
-1
-1
-1
-1
-1
-1
0 2 43
-1
-1
-1
-1
-1
-1
-1
-1
-1
-1
-1
-1
-1
-1
-1
-1
0 22 29
2 23 29
2 24 29
4 25 29
6 25 28
2 26 28
2 27 28
2 28 28
4 29 28
1 29 27
1 29 26
1 29 25
6 29 24
2 30 24
-1
-1
-1
0 31 24
1 43 38
1 43 39
1 43 40
3 43 41
-1
-1
-1
-1
-1
-1
-1
-1
0 44 41
3 21 29
5 21 28
2 20 28
3 19 28
1 19 27
5 19 26
2 18 26
2 17 26
2 16 26
2 15 26
-1
0 14 26
5 22 12
3 22 13
5 23 13
3 23 14
2 24 14
2 25 14
2 26 14
-1
-1
0 27 14
1 27 13
1 27 12
1 27 11
1 27 10
1 27 9
6 27 8
2 28 8
-1
0 29 8
1 29 7
6 29 6
2 30 6
2 31 6
2 32 6
-1
0 33 6
-1
-1
-1
-1
-1
-1
0 40 37
2 42 48
2 41 48
2 40 48
2 39 48
2 38 48
2 37 48
0 36 48
3 33 7
2 34 7
2 35 7
2 36 7
2 37 7
5 38 7
1 38 8
1 38 9
1 38 10
1 38 11
0 38 12
0 43 45
2 32 24
2 33 24
2 34 24
2 35 24
0 36 24
1 43 36
1 43 35
1 43 34
6 43 33
2 44 33
0 45 33
2 44 45
2 45 45
2 46 45
0 47 45
1 14 25
1 14 24
1 14 23
5 14 22
2 13 22
2 12 22
2 11 22
2 10 22
2 9 22
2 8 22
0 7 22
0 29 28
0 39 12
1 39 42
4 39 43
2 38 43
2 37 43
0 36 43
1 45 32
1 45 31
1 45 30
0 45 29
2 6 22
2 5 22
2 4 22
2 3 22
0 2 22
1 27 15
3 27 16
5 28 16
0 28 17
0 42 41
1 28 18
1 28 19
4 28 20
2 27 20
0 26 20
2 35 43
0 34 43
1 36 23
1 36 22
5 36 21
2 35 21
0 34 21
0 28 34
4 14 27
2 13 27
2 12 27
0 11 27
0 38 8
4 37 24
1 37 23
6 37 22
2 38 22
0 39 22
0 4 39
0 21 34
1 28 35
1 28 36
1 28 37
4 28 38
0 27 38
0 27 10
1 11 28
1 11 29
1 11 30
0 11 31
2 37 12
2 36 12
2 35 12
0 34 12
0 22 22
1 34 13
1 34 14
0 34 15
0 19 26
0 40 48
2 40 22
2 41 22
4 42 22
0 42 21
0 44 29
0 13 35
1 27 39
1 27 40
1 27 41
1 27 42
0 27 43
0 26 43
0 47 46
1 36 25
1 36 26
1 36 27
0 36 28
0 22 19
0 32 37
4 11 32
2 10 32
2 9 32
0 8 32
0 43 29
2 40 12
2 41 12
2 42 12
2 43 12
0 44 12
0 19 28
0 29 26
0 25 29
5 44 37
3 44 38
2 45 38
0 46 38
2 25 43
2 24 43
2 23 43
0 22 43
4 33 37
1 33 36
1 33 35
6 33 34
0 34 34
1 13 36
1 13 37
1 13 38
1 13 39
1 13 40
3 13 41
0 14 41
2 15 41
2 16 41
0 17 41
0 22 30
0 21 14
0 37 38
1 34 44
1 34 45
4 34 46
2 33 46
2 32 46
0 31 46
0 38 7
1 2 44
1 2 45
1 2 46
1 2 47
0 2 48
2 43 21
2 44 21
2 45 21
2 46 21
0 47 21
1 33 5
1 33 4
5 33 3
0 32 3
5 32 2
2 31 2
2 30 2
2 29 2
2 28 2
2 27 2
0 26 2
5 26 1
2 25 1
2 24 1
2 23 1
0 22 1
1 2 23
1 2 24
1 2 25
1 2 26
1 2 27
0 2 28
2 21 19
2 20 19
2 19 19
2 18 19
2 17 19
2 16 19
0 15 19
1 17 42
1 17 43
4 17 44
0 16 44
1 2 21
1 2 20
1 2 19
0 2 18
-1
-1
-1
-1
-1
-1
-1
-1
-1
-1
-1
-1
-1
-1
-1
-1
-1
-1
-1
-1
-1
-1
-1
-1
-1
-1
-1
-1
-1
-1
-1
-1
-1
-1
-1
-1
-1
-1
-1
-1
-1
-1
-1
-1
-1
-1
-1
-1
-1
-1
-1
-1
-1
-1
-1
-1
-1
-1
-1
-1
-1
-1
-1
-1
-1
-1
-1
-1
-1
-1
-1
-1
-1
-1
-1
-1
-1
-1
-1
-1
-1
-1
-1
-1
-1
-1
-1
-1
-1
-1
-1
-1
-1
-1
-1
-1
-1
-1
-1
-1
-1
-1
-1
-1
-1
-1
-1
-1
-1
-1
-1
-1
-1
-1
-1
-1
-1
-1
-1
-1
-1
-1
-1
-1
-1
-1
-1
-1
-1
-1
-1
-1
-1
-1
-1
-1
-1
-1
-1
-1
-1
-1
-1
-1
-1
-1
-1
-1
-1
-1
-1
-1
-1
-1
-1
-1
-1
-1
-1
-1
-1
-1
-1
-1
-1
-1
-1
-1
-1
-1
-1
-1
-1
-1
-1
-1
-1
-1
-1
-1
-1
-1
-1
-1
-1
