0 29 21
1 29 22
3 29 23
2 30 23
2 31 23
2 32 23
2 33 23
2 34 23
2 35 23
2 36 23
2 37 23
2 38 23
5 39 23
1 39 24
3 39 25
5 40 25
0 40 26
2 28 21
2 27 21
2 26 21
2 25 21
2 24 21
2 23 21
2 22 21
2 21 21
2 20 21
3 19 21
5 19 20
2 18 20
3 17 20
1 17 19
5 17 18
2 16 18
2 15 18
2 14 18
2 13 18
2 12 18
2 11 18
2 10 18
2 9 18
3 8 18
5 8 17
2 7 17
-1
-1
-1
-1
-1
-1
-1
-1
-1
-1
-1
-1
-1
-1
-1
-1
-1
-1
-1
-1
-1
-1
-1
-1
-1
-1
-1
-1
-1
-1
-1
-1
-1
-1
-1
-1
-1
-1
-1
-1
-1
-1
-1
-1
-1
-1
-1
-1
-1
-1
0 6 17
1 29 20
6 29 19
2 30 19
2 31 19
2 32 19
2 33 19
2 34 19
2 35 19
-1
-1
-1
-1
-1
-1
-1
-1
-1
-1
-1
-1
-1
-1
-1
-1
-1
-1
-1
-1
0 36 19
1 40 27
1 40 28
1 40 29
1 40 30
1 40 31
1 40 32
1 40 33
1 40 34
1 40 35
4 40 36
6 39 36
1 39 37
1 39 38
1 39 39
4 39 40
2 38 40
2 37 40
2 36 40
2 35 40
2 34 40
2 33 40
2 32 40
2 31 40
6 30 40
4 30 41
2 29 41
6 28 41
1 28 42
4 28 43
2 27 43
2 26 43
6 25 43
1 25 44
4 25 45
2 24 45
2 23 45
0 22 45
1 6 18
1 6 19
1 6 20
1 6 21
1 6 22
1 6 23
1 6 24
1 6 25
1 6 26
1 6 27
1 6 28
1 6 29
0 6 30
-1
-1
0 36 23
4 41 26
6 41 25
2 42 25
2 43 25
2 44 25
-1
0 45 25
1 6 31
1 6 32
1 6 33
1 6 34
1 6 35
1 6 36
4 6 37
6 5 37
1 5 38
4 5 39
6 4 39
1 4 40
1 4 41
0 4 42
0 32 19
2 3 42
2 2 42
0 1 42
1 45 26
1 45 27
1 45 28
1 45 29
1 45 30
0 45 31
6 36 18
2 37 18
2 38 18
2 39 18
2 40 18
0 41 18
1 45 32
1 45 33
4 45 34
6 44 34
1 44 35
1 44 36
1 44 37
0 44 38
0 17 18
1 44 39
1 44 40
1 44 41
1 44 42
1 44 43
0 44 44
0 8 18
-1
0 45 28
1 32 18
1 32 17
0 32 16
4 7 30
6 7 29
2 8 29
0 9 29
2 5 42
2 6 42
0 7 42
2 42 18
2 43 18
4 44 18
1 44 17
1 44 16
1 44 15
1 44 14
0 44 13
0 39 40
1 44 45
0 44 46
1 1 43
0 1 44
0 33 23
6 7 41
2 8 41
2 9 41
0 10 41
0 44 18
0 25 43
0 39 23
0 19 21
1 44 19
0 44 20
0 6 33
3 5 33
5 5 32
0 4 32
0 40 34
0 44 41
0 43 13
0 40 31
2 3 32
2 2 32
0 1 32
0 35 19
1 32 15
6 32 14
0 33 14
1 7 43
0 7 44
0 7 45
0 5 37
0 36 40
0 40 25
0 29 23
0 39 36
2 45 20
2 46 20
0 47 20
0 26 21
1 43 12
1 43 11
1 43 10
1 43 9
1 43 8
0 43 7
6 43 6
2 44 6
0 45 6
1 7 46
0 7 47
0 28 41
1 39 22
0 39 21
1 33 24
1 33 25
0 33 26
2 42 7
0 41 7
2 39 31
2 38 31
0 37 31
2 32 26
0 31 26
0 11 18
1 6 16
1 6 15
0 6 14
1 44 47
0 44 48
5 46 31
3 46 32
0 47 32
0 4 39
0 47 21
1 37 30
1 37 29
0 37 28
1 41 8
1 41 9
0 41 10
1 17 17
1 17 16
1 17 15
1 17 14
0 17 13
2 40 23
0 41 23
1 44 12
6 44 11
2 45 11
2 46 11
0 47 11
1 6 13
1 6 12
5 6 11
2 5 11
0 4 11
2 43 48
2 42 48
2 41 48
2 40 48
0 39 48
6 16 13
1 16 14
4 16 15
2 15 15
0 14 15
2 7 14
2 8 14
0 9 14
2 11 41
2 12 41
0 13 41
1 9 13
1 9 12
1 9 11
1 9 10
0 9 9
1 17 12
6 17 11
0 18 11
2 36 31
0 35 31
2 38 48
0 37 48
1 37 47
0 37 46
0 5 17
2 44 28
0 43 28
2 6 47
2 5 47
0 4 47
1 8 19
0 8 20
1 8 21
0 8 22
1 45 5
1 45 4
0 45 3
2 31 16
0 30 16
0 45 2
0 13 42
0 8 23
2 29 16
2 28 16
2 27 16
2 26 16
0 25 16
2 46 28
0 47 28
1 5 18
1 5 19
1 5 20
4 5 21
0 4 21
2 45 41
2 46 41
0 47 41
0 48 41
0 44 34
0 29 19
0 17 20
2 10 9
2 11 9
2 12 9
2 13 9
0 14 9
0 30 40
0 24 16
0 36 24
1 4 10
1 4 9
1 4 8
5 4 7
0 3 7
2 40 7
2 39 7
0 38 7
5 38 6
3 37 6
1 37 5
1 37 4
1 37 3
0 37 2
2 36 2
2 35 2
2 34 2
0 33 2
2 32 2
0 31 2
0 2 7
2 34 14
2 35 14
2 36 14
0 37 14
2 40 40
0 41 40
0 37 15
2 9 22
0 10 22
1 33 13
1 33 12
0 33 11
1 1 31
1 1 30
0 1 29
0 10 40
1 14 8
1 14 7
0 14 6
0 33 10
0 37 6
1 1 28
1 1 27
0 1 26
1 14 5
0 14 4
2 13 4
2 12 4
2 11 4
0 10 4
1 17 21
1 17 22
1 17 23
0 17 24
1 37 45
0 37 44
2 36 44
2 35 44
0 34 44
1 24 15
1 24 14
1 24 13
0 24 12
2 38 36
2 37 36
0 36 36
2 38 2
2 39 2
0 40 2
2 35 36
2 34 36
0 33 36
1 24 11
1 24 10
1 24 9
1 24 8
0 24 7
2 25 7
0 26 7
1 31 27
0 31 28
2 36 48
2 35 48
0 34 48
0 47 22
0 33 22
0 33 44
1 26 22
1 26 23
4 26 24
2 25 24
0 24 24
0 17 25
1 10 39
1 10 38
1 10 37
1 10 36
0 10 35
0 23 16
0 23 24
6 5 14
4 5 15
2 4 15
2 3 15
0 2 15
0 32 44
2 32 36
0 31 36
2 32 11
2 31 11
0 30 11
1 10 34
6 10 33
2 11 33
0 12 33
1 47 33
0 47 34
0 1 45
2 29 11
0 28 11
2 41 34
0 42 34
0 28 12
1 9 28
6 9 27
2 10 27
0 11 27
6 9 8
0 10 8
0 22 16
0 14 10
2 2 26
2 3 26
0 4 26
1 37 1
0 37 0
2 3 21
0 2 21
1 31 29
0 31 30
0 23 7
0 33 37
2 14 41
2 15 41
0 16 41
1 47 12
1 47 13
1 47 14
0 47 15
1 16 40
0 16 39
0 44 17
1 18 10
1 18 9
1 18 8
0 18 7
1 17 26
0 17 27
5 31 1
2 30 1
2 29 1
0 28 1
2 8 47
2 9 47
0 10 47
0 26 16
2 16 24
2 15 24
2 14 24
0 13 24
2 30 28
2 29 28
0 28 28
3 37 16
0 38 16
0 39 37
2 13 33
2 14 33
2 15 33
0 16 33
2 17 33
2 18 33
0 19 33
3 45 7
2 46 7
2 47 7
0 48 7
1 19 34
1 19 35
3 19 36
0 20 36
5 4 38
2 3 38
0 2 38
2 3 11
2 2 11
0 1 11
1 48 42
1 48 43
1 48 44
0 48 45
3 22 46
2 23 46
2 24 46
0 25 46
2 26 46
2 27 46
2 28 46
0 29 46
1 41 17
0 41 16
2 21 45
2 20 45
0 19 45
1 48 40
0 48 39
2 10 14
0 11 14
1 25 42
1 25 41
1 25 40
0 25 39
1 2 37
0 2 36
6 20 35
2 21 35
0 22 35
0 27 28
0 48 28
2 9 4
2 8 4
0 7 4
0 16 38
2 46 3
2 47 3
0 48 3
1 37 13
1 37 12
0 37 11
1 41 41
0 41 42
1 14 3
1 14 2
0 14 1
4 25 47
0 24 47
1 28 29
1 28 30
1 28 31
1 28 32
0 28 33
2 27 33
0 26 33
4 19 46
2 18 46
0 17 46
2 18 27
2 19 27
5 20 27
1 20 28
0 20 29
-1
-1
-1
-1
-1
-1
-1
-1
-1
-1
-1
-1
-1
-1
-1
-1
-1
-1
-1
-1
-1
-1
-1
-1
-1
-1
-1
-1
-1
-1
-1
-1
-1
-1
-1
-1
-1
-1
-1
-1
-1
-1
-1
-1
-1
-1
-1
-1
-1
-1
-1
-1
-1
-1
-1
-1
-1
-1
-1
-1
-1
-1
-1
-1
-1
-1
-1
-1
-1
-1
-1
-1
-1
-1
-1
-1
-1
-1
-1
-1
-1
-1
-1
-1
-1
-1
-1
-1
-1
-1
-1
-1
-1
-1
-1
-1
-1
-1
-1
-1
-1
-1
-1
-1
-1
-1
-1
-1
-1
-1
-1
-1
-1
