0 14 22
2 15 22
2 16 22
2 17 22
2 18 22
2 19 22
5 20 22
1 20 23
1 20 24
1 20 25
3 20 26
2 21 26
2 22 26
2 23 26
2 24 26
5 25 26
1 25 27
1 25 28
1 25 29
3 25 30
5 26 30
1 26 31
1 26 32
3 26 33
2 27 33
2 28 33
2 29 33
5 30 33
1 30 34
1 30 35
1 30 36
3 30 37
2 31 37
2 32 37
5 33 37
1 33 38
3 33 39
2 34 39
5 35 39
1 35 40
1 35 41
1 35 42
1 35 43
3 35 44
2 36 44
0 37 44
0 37 45
2 13 22
2 12 22
2 11 22
3 10 22
1 10 21
1 10 20
1 10 19
1 10 18
1 10 17
1 10 16
1 10 15
1 10 14
1 10 13
1 10 12
1 10 11
5 10 10
3 9 10
1 9 9
1 9 8
5 9 7
2 8 7
2 7 7
-1
-1
-1
-1
-1
-1
-1
-1
-1
-1
-1
-1
-1
-1
-1
-1
-1
-1
-1
-1
-1
-1
-1
-1
-1
-1
-1
-1
0 6 7
6 6 6
2 7 6
2 8 6
2 9 6
2 10 6
2 11 6
2 12 6
2 13 6
2 14 6
2 15 6
2 16 6
2 17 6
2 18 6
-1
-1
-1
-1
-1
-1
-1
-1
-1
0 19 6
2 36 45
2 35 45
2 34 45
2 33 45
-1
-1
-1
-1
-1
-1
-1
-1
-1
-1
-1
-1
-1
-1
-1
0 32 45
2 5 7
2 4 7
2 3 7
2 2 7
6 1 7
1 1 8
1 1 9
1 1 10
-1
-1
-1
-1
-1
-1
-1
0 1 11
4 20 6
6 20 5
2 21 5
2 22 5
2 23 5
4 24 5
6 24 4
4 25 4
6 25 3
4 26 3
6 26 2
2 27 2
2 28 2
2 29 2
2 30 2
2 31 2
2 32 2
2 33 2
0 34 2
3 14 23
2 15 23
5 16 23
1 16 24
1 16 25
3 16 26
5 17 26
-1
0 17 27
1 34 3
3 34 4
2 35 4
2 36 4
2 37 4
5 38 4
1 38 5
1 38 6
3 38 7
0 39 7
2 31 45
2 30 45
2 29 45
2 28 45
2 27 45
2 26 45
-1
-1
0 25 45
1 14 21
1 14 20
6 14 19
4 15 19
1 15 18
1 15 17
1 15 16
0 15 15
2 16 27
2 15 27
2 14 27
2 13 27
6 12 27
1 12 28
1 12 29
1 12 30
1 12 31
1 12 32
4 12 33
2 11 33
2 10 33
2 9 33
0 8 33
2 40 7
5 41 7
3 41 8
2 42 8
0 43 8
0 20 22
3 17 28
5 18 28
1 18 29
1 18 30
1 18 31
1 18 32
1 18 33
1 18 34
1 18 35
0 18 36
1 37 46
4 37 47
0 36 47
1 43 7
1 43 6
1 43 5
1 43 4
1 43 3
1 43 2
0 43 1
0 12 32
1 25 44
1 25 43
5 25 42
2 24 42
0 23 42
1 8 32
1 8 31
1 8 30
1 8 29
1 8 28
1 8 27
5 8 26
2 7 26
2 6 26
0 5 26
0 1 7
0 30 2
1 39 8
1 39 9
1 39 10
1 39 11
3 39 12
0 40 12
0 22 26
4 40 13
2 39 13
2 38 13
0 37 13
0 38 45
2 17 36
6 16 36
1 16 37
1 16 38
0 16 39
0 30 33
5 37 12
2 36 12
2 35 12
0 34 12
1 16 40
1 16 41
1 16 42
4 16 43
2 15 43
0 14 43
0 35 40
0 15 19
2 33 12
2 32 12
2 31 12
2 30 12
2 29 12
2 28 12
0 27 12
0 16 36
2 36 40
2 37 40
0 38 40
0 25 26
0 8 27
0 30 36
1 38 39
1 38 38
0 38 37
6 25 25
2 26 25
2 27 25
2 28 25
0 29 25
0 24 5
1 29 24
0 29 23
0 9 10
1 29 22
1 29 21
5 29 20
0 28 20
0 30 45
0 12 27
1 30 46
0 30 47
0 26 3
1 28 19
6 28 18
2 29 18
2 30 18
0 31 18
2 15 39
2 14 39
2 13 39
2 12 39
2 11 39
0 10 39
0 18 32
0 9 39
0 10 21
2 2 11
0 3 11
1 15 14
0 15 13
1 5 27
1 5 28
0 5 29
2 39 40
0 40 40
5 19 32
3 19 33
2 20 33
2 21 33
0 22 33
0 38 4
4 9 40
2 8 40
2 7 40
0 6 40
5 19 5
0 18 5
1 6 39
1 6 38
1 6 37
0 6 36
5 44 1
3 44 2
0 45 2
0 18 28
0 28 12
1 23 43
4 23 44
2 22 44
2 21 44
0 20 44
0 33 37
1 27 13
4 27 14
2 26 14
2 25 14
2 24 14
0 23 14
1 15 12
6 15 11
0 16 11
0 26 30
1 20 21
0 20 20
0 16 23
0 6 41
1 6 42
1 6 43
1 6 44
4 6 45
0 5 45
2 41 12
2 42 12
0 43 12
2 31 33
2 32 33
2 33 33
2 34 33
2 35 33
0 36 33
2 44 8
2 45 8
2 46 8
0 47 8
1 43 13
1 43 14
1 43 15
3 43 16
2 44 16
0 45 16
1 20 45
1 20 46
0 20 47
1 18 4
1 18 3
1 18 2
1 18 1
5 18 0
2 17 0
0 16 0
0 14 44
1 47 9
1 47 10
0 47 11
1 1 6
1 1 5
0 1 4
1 23 41
1 23 40
5 23 39
0 22 39
1 23 15
0 23 16
1 34 11
1 34 10
1 34 9
0 34 8
3 29 26
2 30 26
2 31 26
0 32 26
2 37 33
2 38 33
2 39 33
2 40 33
2 41 33
2 42 33
2 43 33
2 44 33
0 45 33
1 45 34
1 45 35
3 45 36
2 46 36
2 47 36
0 48 36
1 48 37
1 48 38
1 48 39
0 48 40
1 37 14
0 37 15
1 30 3
1 30 4
0 30 5
1 48 41
4 48 42
0 47 42
5 5 25
2 4 25
2 3 25
0 2 25
2 33 26
2 34 26
2 35 26
2 36 26
2 37 26
2 38 26
2 39 26
0 40 26
3 3 12
2 4 12
0 5 12
1 36 32
1 36 31
5 36 30
0 35 30
1 38 46
3 38 47
2 39 47
2 40 47
2 41 47
0 42 47
-1
-1
-1
-1
-1
-1
-1
-1
-1
-1
-1
-1
-1
-1
-1
-1
-1
-1
-1
-1
-1
-1
-1
-1
-1
-1
-1
-1
-1
-1
-1
-1
-1
-1
-1
-1
-1
-1
-1
-1
-1
-1
-1
-1
-1
-1
-1
-1
-1
-1
-1
-1
-1
-1
-1
-1
-1
-1
-1
-1
-1
-1
-1
-1
-1
-1
-1
-1
-1
-1
-1
-1
-1
-1
-1
-1
-1
-1
-1
-1
-1
-1
-1
-1
-1
-1
-1
-1
-1
-1
-1
-1
-1
-1
-1
-1
-1
-1
-1
-1
-1
-1
-1
-1
-1
-1
-1
-1
-1
-1
-1
-1
-1
-1
-1
-1
-1
-1
-1
-1
-1
-1
-1
-1
-1
-1
-1
-1
-1
-1
-1
-1
-1
-1
-1
-1
-1
-1
-1
-1
-1
-1
-1
-1
-1
-1
-1
-1
-1
-1
-1
-1
-1
-1
-1
-1
-1
-1
-1
-1
-1
-1
-1
-1
-1
-1
-1
-1
-1
-1
-1
-1
-1
-1
-1
-1
-1
-1
-1
-1
-1
-1
-1
-1
-1
-1
-1
-1
-1
-1
-1
-1
-1
-1
-1
-1
-1
-1
-1
-1
-1
-1
-1
-1
-1
-1
-1
-1
-1
-1
-1
-1
-1
-1
-1
-1
-1
-1
-1
-1
-1
-1
-1
-1
-1
-1
-1
-1
-1
-1
-1
-1
-1
-1
-1
-1
-1
-1
-1
-1
-1
-1
-1
-1
-1
-1
-1
-1
-1
-1
-1
-1
-1
-1
-1
-1
-1
-1
-1
-1
-1
-1
-1
-1
-1
-1
-1
-1
-1
-1
-1
-1
-1
-1
-1
-1
-1
-1
-1
-1
-1
-1
-1
-1
-1
-1
-1
-1
-1
-1
-1
-1
-1
