0 10 29
1 10 30
1 10 31
1 10 32
3 10 33
2 11 33
2 12 33
2 13 33
5 14 33
3 14 34
2 15 34
2 16 34
2 17 34
2 18 34
2 19 34
2 20 34
5 21 34
1 21 35
1 21 36
1 21 37
1 21 38
3 21 39
2 22 39
2 23 39
5 24 39
1 24 40
3 24 41
2 25 41
2 26 41
2 27 41
2 28 41
0 29 41
1 10 28
1 10 27
1 10 26
6 10 25
2 11 25
4 12 25
1 12 24
1 12 23
1 12 22
6 12 21
2 13 21
4 14 21
1 14 20
1 14 19
1 14 18
1 14 17
1 14 16
1 14 15
1 14 14
1 14 13
6 14 12
-1
-1
-1
-1
-1
-1
-1
-1
-1
-1
-1
-1
-1
-1
-1
-1
-1
-1
-1
-1
-1
-1
-1
-1
-1
-1
-1
-1
-1
-1
-1
-1
-1
-1
-1
-1
-1
-1
-1
-1
-1
-1
-1
-1
-1
-1
-1
-1
0 15 12
1 29 42
1 29 43
4 29 44
2 28 44
6 27 44
1 27 45
-1
-1
-1
-1
-1
-1
-1
-1
-1
-1
-1
-1
-1
-1
-1
-1
-1
-1
-1
-1
-1
-1
-1
-1
-1
-1
-1
-1
-1
-1
-1
-1
-1
-1
0 27 46
1 15 11
1 15 10
1 15 9
1 15 8
6 15 7
2 16 7
4 17 7
1 17 6
-1
-1
-1
-1
-1
-1
-1
-1
-1
-1
-1
-1
0 17 5
3 15 13
2 16 13
2 17 13
2 18 13
2 19 13
2 20 13
2 21 13
-1
-1
-1
-1
-1
-1
-1
0 22 13
2 9 29
2 8 29
2 7 29
2 6 29
2 5 29
2 4 29
-1
-1
-1
-1
-1
-1
0 3 29
4 27 47
2 26 47
2 25 47
2 24 47
2 23 47
-1
-1
-1
-1
0 22 47
2 16 5
2 15 5
2 14 5
6 13 5
1 13 6
1 13 7
1 13 8
-1
0 13 9
5 30 41
1 30 42
1 30 43
3 30 44
2 31 44
2 32 44
-1
0 33 44
1 3 30
1 3 31
3 3 32
2 4 32
-1
0 5 32
1 22 46
6 22 45
4 23 45
1 23 44
-1
0 23 43
5 34 44
1 34 45
1 34 46
3 34 47
2 35 47
2 36 47
2 37 47
2 38 47
2 39 47
0 40 47
6 2 29
1 2 30
4 2 31
0 1 31
2 23 13
2 24 13
2 25 13
2 26 13
2 27 13
2 28 13
2 29 13
0 30 13
0 14 17
0 24 39
1 30 12
6 30 11
0 31 11
2 28 46
2 29 46
0 30 46
2 12 9
2 11 9
0 10 9
-1
0 24 13
2 22 43
2 21 43
0 20 43
1 5 33
1 5 34
4 5 35
2 4 35
0 3 35
0 14 21
2 18 5
2 19 5
2 20 5
2 21 5
2 22 5
2 23 5
0 24 5
0 27 44
1 24 4
6 24 3
0 25 3
0 13 6
0 29 43
2 6 32
2 7 32
0 8 32
0 21 34
6 25 2
2 26 2
2 27 2
4 28 2
0 28 1
0 10 25
0 13 5
1 24 14
1 24 15
3 24 16
0 25 16
0 19 13
1 25 17
3 25 18
0 26 18
0 21 39
2 13 17
0 12 17
2 32 11
2 33 11
2 34 11
2 35 11
2 36 11
0 37 11
0 26 47
0 25 47
1 37 12
1 37 13
0 37 14
0 10 10
3 37 15
2 38 15
2 39 15
2 40 15
2 41 15
2 42 15
0 43 15
1 43 16
1 43 17
0 43 18
1 19 14
1 19 15
0 19 16
2 42 18
2 41 18
0 40 18
2 21 47
2 20 47
0 19 47
4 10 11
2 9 11
2 8 11
0 7 11
1 10 24
5 10 23
2 9 23
2 8 23
0 7 23
2 44 15
2 45 15
2 46 15
0 47 15
0 12 25
2 19 43
2 18 43
2 17 43
2 16 43
0 15 43
2 6 11
2 5 11
2 4 11
0 3 11
5 13 4
3 12 4
1 12 3
1 12 2
5 12 1
0 11 1
2 10 1
2 9 1
2 8 1
0 7 1
0 27 41
1 3 36
1 3 37
0 3 38
1 31 10
5 31 9
2 30 9
0 29 9
1 3 10
1 3 9
0 3 8
2 4 38
2 5 38
2 6 38
2 7 38
0 8 38
1 7 12
1 7 13
1 7 14
0 7 15
0 14 33
1 3 7
1 3 6
5 3 5
2 2 5
2 1 5
0 0 5
2 2 35
0 1 35
6 36 14
1 36 15
1 36 16
4 36 17
0 35 17
1 33 43
6 33 42
2 34 42
0 35 42
1 35 18
4 35 19
2 34 19
2 33 19
0 32 19
2 6 1
0 5 1
2 22 34
2 23 34
2 24 34
2 25 34
2 26 34
0 27 34
2 38 11
0 39 11
1 30 14
0 30 15
6 27 33
2 28 33
2 29 33
0 30 33
5 7 22
2 6 22
2 5 22
2 4 22
2 3 22
2 2 22
0 1 22
1 32 20
1 32 21
1 32 22
0 32 23
1 1 21
1 1 20
0 1 19
2 15 21
2 16 21
0 17 21
0 17 20
0 26 19
0 17 7
3 31 23
5 31 22
0 30 22
1 1 23
0 1 24
2 29 1
2 30 1
2 31 1
0 32 1
2 31 33
2 32 33
2 33 33
2 34 33
2 35 33
2 36 33
0 37 33
1 37 34
1 37 35
1 37 36
3 37 37
0 38 37
2 39 37
2 40 37
2 41 37
0 42 37
2 43 37
2 44 37
2 45 37
2 46 37
2 47 37
0 48 37
0 46 37
1 43 19
1 43 20
1 43 21
3 43 22
2 44 22
2 45 22
5 46 22
1 46 23
1 46 24
0 46 25
0 46 23
1 30 34
3 30 35
2 31 35
2 32 35
0 33 35
1 17 22
1 17 23
1 17 24
1 17 25
0 17 26
2 18 21
2 19 21
2 20 21
0 21 21
2 33 1
2 34 1
2 35 1
2 36 1
2 37 1
2 38 1
0 39 1
2 18 7
0 19 7
0 21 22
6 29 8
2 30 8
2 31 8
0 32 8
6 11 0
2 12 0
2 13 0
2 14 0
2 15 0
0 16 0
1 12 16
6 12 15
0 13 15
2 41 47
2 42 47
2 43 47
2 44 47
2 45 47
2 46 47
0 47 47
5 33 23
1 33 24
1 33 25
1 33 26
1 33 27
0 33 28
6 8 37
2 9 37
4 10 37
1 10 36
6 10 35
2 11 35
0 12 35
4 3 39
2 2 39
2 1 39
0 0 39
1 33 45
1 33 46
1 33 47
0 33 48
1 17 27
1 17 28
1 17 29
3 17 30
2 18 30
0 19 30
2 13 35
2 14 35
2 15 35
0 16 35
-1
-1
-1
-1
-1
-1
-1
-1
-1
-1
-1
-1
-1
-1
-1
-1
-1
-1
-1
-1
-1
-1
-1
-1
-1
-1
-1
-1
-1
-1
-1
-1
-1
-1
-1
-1
-1
-1
-1
-1
-1
-1
-1
-1
-1
-1
-1
-1
-1
-1
-1
-1
-1
-1
-1
-1
-1
-1
-1
-1
-1
-1
-1
-1
-1
-1
-1
-1
-1
-1
-1
-1
-1
-1
-1
-1
-1
-1
-1
-1
-1
-1
-1
-1
-1
-1
-1
-1
-1
-1
-1
-1
-1
-1
-1
-1
-1
-1
-1
-1
-1
-1
-1
-1
-1
-1
-1
-1
-1
-1
-1
-1
-1
-1
-1
-1
-1
-1
-1
-1
-1
-1
-1
-1
-1
-1
-1
-1
-1
-1
-1
-1
-1
-1
-1
-1
-1
-1
-1
-1
-1
-1
-1
-1
-1
-1
-1
-1
-1
-1
-1
-1
-1
-1
-1
-1
-1
-1
-1
-1
-1
-1
-1
-1
-1
-1
-1
-1
-1
-1
-1
-1
-1
-1
-1
-1
-1
-1
-1
-1
-1
-1
-1
-1
-1
-1
-1
-1
-1
-1
-1
-1
-1
-1
-1
-1
-1
-1
-1
-1
-1
-1
-1
-1
-1
-1
-1
-1
-1
-1
-1
-1
-1
-1
-1
-1
-1
-1
-1
-1
-1
-1
-1
-1
-1
-1
-1
-1
-1
