0 18 27
1 18 28
1 18 29
1 18 30
1 18 31
1 18 32
1 18 33
1 18 34
1 18 35
1 18 36
1 18 37
1 18 38
1 18 39
1 18 40
1 18 41
1 18 42
1 18 43
0 18 44
-1
2 17 27
2 16 27
-1
2 15 27
-1
2 14 27
2 13 27
-1
2 12 27
-1
2 11 27
-1
2 10 27
2 9 27
-1
2 8 27
-1
2 7 27
2 6 27
-1
2 5 27
-1
2 4 27
2 3 27
-1
2 2 27
-1
3 1 27
1 1 26
-1
1 1 25
-1
-1
-1
-1
-1
-1
-1
-1
-1
-1
-1
-1
-1
-1
-1
-1
-1
-1
-1
-1
-1
-1
-1
-1
-1
-1
-1
-1
-1
-1
-1
-1
-1
-1
-1
-1
-1
-1
-1
-1
-1
-1
-1
-1
-1
-1
-1
-1
-1
-1
-1
-1
-1
-1
-1
-1
-1
-1
-1
-1
-1
-1
-1
-1
-1
-1
-1
-1
-1
-1
-1
-1
-1
-1
-1
-1
-1
-1
-1
-1
-1
-1
-1
-1
0 1 24
1 18 26
6 18 25
2 19 25
2 20 25
2 21 25
4 22 25
1 22 24
1 22 23
1 22 22
1 22 21
1 22 20
6 22 19
2 23 19
2 24 19
2 25 19
2 26 19
4 27 19
1 27 18
6 27 17
2 28 17
2 29 17
2 30 17
2 31 17
2 32 17
2 33 17
2 34 17
2 35 17
2 36 17
2 37 17
2 38 17
2 39 17
2 40 17
2 41 17
2 42 17
2 43 17
2 44 17
2 45 17
4 46 17
6 46 16
2 47 16
-1
-1
-1
-1
-1
-1
-1
-1
-1
-1
-1
-1
-1
-1
-1
-1
-1
-1
-1
-1
-1
-1
-1
-1
-1
-1
-1
-1
-1
-1
-1
-1
-1
-1
-1
-1
-1
-1
-1
0 48 16
-1
-1
-1
-1
-1
-1
-1
-1
-1
-1
-1
-1
0 3 27
1 48 15
1 48 14
1 48 13
1 48 12
1 48 11
1 48 10
1 48 9
-1
-1
-1
-1
-1
0 48 8
2 17 44
2 16 44
3 15 44
1 15 43
5 15 42
2 14 42
2 13 42
3 12 42
1 12 41
1 12 40
0 12 39
-1
-1
-1
0 22 19
1 12 38
1 12 37
1 12 36
6 12 35
2 13 35
2 14 35
0 15 35
6 47 8
1 47 9
1 47 10
1 47 11
1 47 12
4 47 13
2 46 13
0 45 13
0 28 17
2 21 19
2 20 19
2 19 19
2 18 19
2 17 19
0 16 19
0 32 17
1 32 18
1 32 19
1 32 20
1 32 21
0 32 22
0 22 25
2 23 25
2 24 25
2 25 25
2 26 25
0 27 25
0 18 33
1 22 26
1 22 27
1 22 28
3 22 29
0 23 29
0 18 25
0 18 40
1 45 12
1 45 11
1 45 10
5 45 9
0 44 9
0 6 27
0 13 27
0 15 42
0 38 17
-1
0 22 22
0 30 17
4 33 22
6 33 21
2 34 21
0 35 21
0 46 17
0 24 19
0 1 27
1 18 24
1 18 23
0 18 22
1 32 23
1 32 24
0 32 25
0 18 35
0 48 11
2 11 39
2 10 39
0 9 39
0 27 19
1 6 26
0 6 25
5 48 7
0 47 7
0 41 17
1 3 28
1 3 29
0 3 30
0 32 26
1 24 18
1 24 17
0 24 16
1 3 31
1 3 32
3 3 33
0 4 33
1 23 30
0 23 31
2 43 9
2 42 9
0 41 9
0 4 34
0 9 27
0 32 19
0 14 35
1 32 27
1 32 28
1 32 29
1 32 30
0 32 31
2 31 22
0 30 22
2 40 9
2 39 9
0 38 9
1 9 28
3 9 29
0 10 29
1 24 15
0 24 14
1 6 24
6 6 23
0 7 23
2 2 30
0 1 30
5 38 8
2 37 8
0 36 8
0 24 13
2 35 8
2 34 8
0 33 8
2 23 16
2 22 16
2 21 16
0 20 16
1 27 26
0 27 27
0 19 16
1 32 32
1 32 33
1 32 34
4 32 35
0 31 35
1 33 7
1 33 6
5 33 5
3 32 5
0 32 4
1 38 16
1 38 15
0 38 14
1 32 3
0 32 2
2 31 4
2 30 4
2 29 4
0 28 4
1 31 36
1 31 37
1 31 38
0 31 39
1 28 3
0 28 2
1 31 40
1 31 41
0 31 42
2 27 2
2 26 2
2 25 2
2 24 2
0 23 2
1 23 32
3 23 33
0 24 33
2 19 40
2 20 40
2 21 40
0 22 40
2 25 33
2 26 33
0 27 33
0 28 33
0 48 13
2 25 14
0 26 14
2 22 2
2 21 2
2 20 2
0 19 2
2 23 40
2 24 40
0 25 40
1 24 34
0 24 35
1 41 10
1 41 11
0 41 12
1 9 40
1 9 41
1 9 42
0 9 43
1 41 18
0 41 19
1 41 20
1 41 21
0 41 22
1 10 30
1 10 31
0 10 32
2 18 2
0 17 2
2 16 2
2 15 2
2 14 2
2 13 2
0 12 2
4 12 3
2 11 3
2 10 3
2 9 3
2 8 3
0 7 3
1 13 26
1 13 25
0 13 24
1 25 41
3 25 42
0 26 42
1 36 7
6 36 6
0 37 6
0 12 42
1 35 22
0 35 23
2 33 2
0 34 2
2 35 2
2 36 2
2 37 2
0 38 2
1 10 33
0 10 34
2 40 22
0 39 22
2 8 43
2 7 43
0 6 43
1 13 28
1 13 29
3 13 30
2 14 30
0 15 30
0 35 2
1 22 41
0 22 42
0 33 5
0 5 43
1 18 45
1 18 46
0 18 47
1 19 15
5 19 14
2 18 14
2 17 14
0 16 14
0 19 47
2 6 3
2 5 3
2 4 3
0 3 3
1 3 4
0 3 5
0 32 29
0 24 36
0 27 28
2 33 29
2 34 29
2 35 29
0 36 29
1 3 6
0 3 7
2 37 14
2 36 14
0 35 14
2 22 31
2 21 31
0 20 31
2 15 19
2 14 19
0 13 19
0 16 13
5 4 5
3 4 6
0 5 6
0 15 44
2 15 13
2 14 13
2 13 13
0 12 13
1 1 23
6 1 22
0 2 22
1 41 8
1 41 7
1 41 6
6 41 5
0 42 5
4 32 39
6 32 38
0 33 38
1 13 18
0 13 17
1 7 22
1 7 21
1 7 20
1 7 19
0 7 18
1 33 37
1 33 36
0 33 35
2 34 35
2 35 35
2 36 35
0 37 35
2 28 27
0 29 27
1 24 12
1 24 11
1 24 10
1 24 9
5 24 8
0 23 8
0 16 30
2 8 39
0 7 39
1 48 17
1 48 18
1 48 19
1 48 20
1 48 21
0 48 22
1 37 36
1 37 37
1 37 38
3 37 39
2 38 39
0 39 39
1 39 40
1 39 41
1 39 42
0 39 43
1 3 2
1 3 1
5 3 0
2 2 0
0 1 0
1 47 6
1 47 5
6 47 4
0 48 4
2 12 24
0 11 24
1 39 44
3 39 45
0 40 45
6 38 43
4 38 44
0 37 44
1 16 12
1 16 11
0 16 10
1 9 44
0 9 45
0 19 35
1 26 43
1 26 44
1 26 45
3 26 46
0 27 46
1 16 9
5 16 8
2 15 8
3 14 8
0 14 7
1 40 46
1 40 47
3 40 48
2 41 48
0 42 48
1 30 16
1 30 15
0 30 14
3 27 47
2 28 47
2 29 47
2 30 47
0 31 47
1 6 28
3 6 29
2 7 29
0 8 29
5 17 10
3 17 11
2 18 11
0 19 11
2 20 47
2 21 47
2 22 47
0 23 47
2 32 8
0 31 8
1 2 21
1 2 20
5 2 19
0 1 19
1 7 17
1 7 16
5 7 15
0 6 15
1 28 34
1 28 35
0 28 36
5 23 22
3 23 23
0 24 23
3 47 22
5 47 21
2 46 21
0 45 21
-1
-1
-1
-1
-1
-1
-1
-1
-1
-1
-1
-1
-1
-1
-1
-1
-1
-1
-1
-1
-1
-1
-1
-1
-1
-1
-1
-1
-1
-1
-1
-1
-1
-1
-1
-1
-1
-1
-1
-1
-1
-1
-1
-1
-1
-1
-1
-1
-1
-1
-1
-1
-1
-1
-1
-1
-1
-1
-1
-1
-1
-1
-1
-1
-1
-1
-1
-1
-1
-1
-1
-1
-1
-1
-1
-1
-1
-1
-1
-1
-1
-1
-1
-1
-1
-1
-1
-1
-1
-1
-1
-1
-1
-1
-1
-1
-1
-1
-1
-1
-1
-1
-1
-1
-1
-1
-1
-1
-1
-1
-1
-1
-1
-1
-1
-1
-1
-1
-1
-1
-1
