0 33 8
2 32 8
6 31 8
1 31 9
1 31 10
1 31 11
1 31 12
1 31 13
4 31 14
2 30 14
2 29 14
2 28 14
2 27 14
2 26 14
2 25 14
2 24 14
6 23 14
1 23 15
1 23 16
1 23 17
4 23 18
2 22 18
2 21 18
2 20 18
6 19 18
1 19 19
1 19 20
4 19 21
2 18 21
2 17 21
2 16 21
2 15 21
2 14 21
6 13 21
1 13 22
1 13 23
1 13 24
1 13 25
4 13 26
2 12 26
2 11 26
2 10 26
2 9 26
2 8 26
2 7 26
0 6 26
1 6 27
1 6 28
1 6 29
1 6 30
4 6 31
-1
-1
-1
-1
-1
-1
-1
0 5 31
3 5 32
2 6 32
2 7 32
2 8 32
2 9 32
2 10 32
2 11 32
2 12 32
2 13 32
2 14 32
2 15 32
4 16 32
1 16 31
6 16 30
2 17 30
2 18 30
-1
-1
-1
-1
-1
-1
-1
-1
-1
-1
-1
0 19 30
2 34 8
2 35 8
2 36 8
2 37 8
2 38 8
2 39 8
2 40 8
2 41 8
2 42 8
2 43 8
2 44 8
2 45 8
-1
-1
-1
-1
-1
-1
-1
-1
-1
-1
0 46 8
6 4 31
1 4 32
1 4 33
1 4 34
1 4 35
1 4 36
1 4 37
1 4 38
1 4 39
1 4 40
1 4 41
1 4 42
1 4 43
1 4 44
1 4 45
-1
-1
-1
-1
0 4 46
1 19 31
3 19 32
2 20 32
2 21 32
2 22 32
2 23 32
2 24 32
2 25 32
2 26 32
2 27 32
2 28 32
2 29 32
2 30 32
5 31 32
3 31 33
2 32 33
2 33 33
0 34 33
-1
-1
-1
-1
-1
-1
-1
-1
0 19 18
1 34 34
4 34 35
2 33 35
6 32 35
1 32 36
1 32 37
1 32 38
4 32 39
6 31 39
1 31 40
1 31 41
0 31 42
1 6 25
1 6 24
1 6 23
1 6 22
1 6 21
1 6 20
1 6 19
1 6 18
5 6 17
2 5 17
0 4 17
1 33 7
1 33 6
1 33 5
6 33 4
2 34 4
2 35 4
0 36 4
1 4 47
1 4 48
4 4 49
2 3 49
-1
0 2 49
1 34 32
1 34 31
1 34 30
1 34 29
1 34 28
1 34 27
0 34 26
1 19 29
1 19 28
1 19 27
1 19 26
1 19 25
1 19 24
1 19 23
5 19 22
0 18 22
1 31 43
1 31 44
1 31 45
1 31 46
1 31 47
4 31 48
6 30 48
4 30 49
0 29 49
0 15 21
5 35 33
1 35 34
3 35 35
0 36 35
1 15 20
1 15 19
1 15 18
1 15 17
0 15 16
1 4 16
1 4 15
1 4 14
1 4 13
1 4 12
6 4 11
2 5 11
2 6 11
2 7 11
4 8 11
1 8 10
1 8 9
0 8 8
0 10 32
0 31 8
-1
0 31 40
2 28 49
2 27 49
2 26 49
0 25 49
3 3 17
1 3 16
5 3 15
0 2 15
1 25 48
1 25 47
1 25 46
1 25 45
5 25 44
2 24 44
0 23 44
1 34 25
1 34 24
1 34 23
5 34 22
0 33 22
0 16 32
1 8 7
1 8 6
6 8 5
2 9 5
2 10 5
4 11 5
1 11 4
6 11 3
2 12 3
0 13 3
0 13 25
0 32 35
0 13 26
2 5 26
2 4 26
2 3 26
2 2 26
0 1 26
0 4 41
0 23 14
2 3 41
2 2 41
0 1 41
1 16 33
1 16 34
0 16 35
0 23 18
3 33 9
2 34 9
0 35 9
2 5 46
2 6 46
0 7 46
1 31 7
1 31 6
5 31 5
0 30 5
0 31 39
0 4 49
5 30 4
2 29 4
2 28 4
0 27 4
0 4 12
0 13 21
2 32 40
4 33 40
0 33 39
2 8 46
2 9 46
2 10 46
0 11 46
0 25 32
0 31 12
0 19 26
2 26 4
0 25 4
0 27 32
6 23 43
2 24 43
2 25 43
5 26 43
0 26 44
0 11 5
0 6 25
0 8 11
0 17 30
1 10 31
0 10 30
1 11 45
5 11 44
0 10 44
0 15 17
0 13 32
1 1 40
1 1 39
1 1 38
1 1 37
1 1 36
0 1 35
0 36 36
6 1 34
2 2 34
0 3 34
2 35 26
2 36 26
0 37 26
0 1 25
2 32 42
2 33 42
0 34 42
2 37 36
2 38 36
2 39 36
0 40 36
5 9 11
1 9 12
3 9 13
0 10 13
0 26 14
3 7 8
5 7 7
0 6 7
3 40 37
2 41 37
0 42 37
1 1 24
0 1 23
1 35 10
1 35 11
3 35 12
2 36 12
2 37 12
0 38 12
1 15 15
1 15 14
0 15 13
1 15 12
0 15 11
2 35 42
2 36 42
2 37 42
0 38 42
1 38 43
1 38 44
1 38 45
3 38 46
2 39 46
0 40 46
5 13 20
2 12 20
2 11 20
2 10 20
2 9 20
0 8 20
1 23 19
1 23 20
1 23 21
3 23 22
2 24 22
2 25 22
0 26 22
1 27 33
1 27 34
1 27 35
0 27 36
1 13 2
6 13 1
2 14 1
2 15 1
2 16 1
2 17 1
0 18 1
1 40 47
3 40 48
2 41 48
2 42 48
2 43 48
2 44 48
2 45 48
2 46 48
0 47 48
2 16 11
2 17 11
0 18 11
1 27 31
6 27 30
2 28 30
2 29 30
0 30 30
6 36 3
2 37 3
2 38 3
0 39 3
0 3 46
2 20 26
2 21 26
2 22 26
0 23 26
3 37 27
2 38 27
2 39 27
2 40 27
2 41 27
2 42 27
2 43 27
0 44 27
1 26 15
3 26 16
2 27 16
2 28 16
0 29 16
2 12 46
2 13 46
2 14 46
2 15 46
2 16 46
0 17 46
1 16 36
1 16 37
3 16 38
2 17 38
0 18 38
1 36 34
1 36 33
1 36 32
0 36 31
1 18 2
3 18 3
2 19 3
0 20 3
1 38 13
3 38 14
2 39 14
2 40 14
0 41 14
3 41 15
2 42 15
2 43 15
2 44 15
2 45 15
2 46 15
0 47 15
4 27 37
2 26 37
2 25 37
2 24 37
0 23 37
2 24 4
3 23 4
1 23 3
0 23 2
1 10 43
1 10 42
1 10 41
0 10 40
1 6 8
0 6 9
6 30 8
4 30 9
2 29 9
0 28 9
1 10 33
4 10 34
2 9 34
2 8 34
2 7 34
0 6 34
1 6 6
1 6 5
1 6 4
5 6 3
2 5 3
2 4 3
2 3 3
2 2 3
2 1 3
0 0 3
-1
-1
-1
-1
-1
-1
-1
-1
-1
-1
-1
-1
-1
-1
-1
-1
-1
-1
-1
-1
-1
-1
-1
-1
-1
-1
-1
-1
-1
-1
-1
-1
-1
-1
-1
-1
-1
-1
-1
-1
-1
-1
-1
-1
-1
-1
-1
-1
-1
-1
-1
-1
-1
-1
-1
-1
-1
-1
-1
-1
-1
-1
-1
-1
-1
-1
-1
-1
-1
-1
-1
-1
-1
-1
-1
-1
-1
-1
-1
-1
-1
-1
-1
-1
-1
-1
-1
-1
-1
-1
-1
-1
-1
-1
-1
-1
-1
-1
-1
-1
-1
-1
-1
-1
-1
-1
-1
-1
-1
-1
-1
-1
-1
-1
-1
-1
-1
-1
-1
-1
-1
-1
-1
-1
-1
-1
-1
-1
-1
-1
-1
-1
-1
-1
-1
-1
-1
-1
-1
-1
-1
-1
-1
-1
-1
-1
-1
-1
-1
-1
-1
-1
-1
-1
-1
-1
-1
-1
-1
-1
-1
-1
-1
-1
-1
-1
-1
-1
-1
-1
-1
-1
-1
-1
-1
-1
-1
-1
-1
-1
-1
-1
-1
-1
-1
-1
-1
-1
-1
-1
-1
-1
-1
-1
-1
-1
-1
-1
-1
-1
-1
-1
-1
-1
-1
-1
-1
-1
-1
-1
-1
-1
-1
-1
-1
-1
-1
-1
-1
-1
-1
-1
-1
-1
-1
-1
-1
-1
-1
-1
-1
-1
-1
-1
-1
-1
-1
-1
-1
-1
-1
-1
-1
-1
-1
-1
-1
-1
-1
-1
-1
-1
-1
-1
-1
-1
-1
-1
-1
-1
-1
-1
-1
-1
-1
-1
-1
-1
-1
-1
-1
-1
-1
-1
-1
-1
