0 2 23
1 2 24
1 2 25
1 2 26
1 2 27
1 2 28
1 2 29
1 2 30
1 2 31
1 2 32
1 2 33
1 2 34
3 2 35
2 3 35
5 4 35
1 4 36
1 4 37
3 4 38
2 5 38
5 6 38
3 6 39
2 7 39
0 8 39
2 3 23
2 4 23
4 5 23
6 5 22
2 6 22
2 7 22
2 8 22
2 9 22
2 10 22
2 11 22
2 12 22
2 13 22
4 14 22
6 14 21
2 15 21
2 16 21
2 17 21
4 18 21
6 18 20
2 19 20
2 20 20
4 21 20
1 21 19
6 21 18
2 22 18
2 23 18
2 24 18
2 25 18
2 26 18
2 27 18
2 28 18
2 29 18
2 30 18
2 31 18
4 32 18
1 32 17
1 32 16
1 32 15
1 32 14
1 32 13
1 32 12
1 32 11
6 32 10
2 33 10
4 34 10
1 34 9
1 34 8
6 34 7
-1
-1
-1
-1
-1
-1
-1
-1
-1
-1
-1
-1
-1
-1
-1
-1
-1
-1
-1
-1
-1
-1
-1
-1
-1
-1
-1
-1
-1
-1
-1
-1
-1
-1
-1
-1
-1
-1
-1
-1
-1
-1
-1
-1
-1
-1
-1
-1
0 35 7
1 35 8
3 35 9
2 36 9
2 37 9
-1
-1
-1
-1
-1
-1
-1
-1
-1
-1
-1
-1
0 38 9
1 38 8
1 38 7
1 38 6
-1
-1
-1
-1
-1
0 38 5
1 8 40
4 8 41
6 7 41
-1
-1
-1
0 7 42
5 35 6
2 34 6
2 33 6
3 32 6
0 32 5
2 8 42
2 9 42
2 10 42
0 11 42
2 39 5
2 40 5
2 41 5
2 42 5
2 43 5
2 44 5
0 45 5
0 33 10
4 39 9
6 39 8
0 40 8
2 9 39
2 10 39
0 11 39
1 40 9
1 40 10
3 40 11
2 41 11
0 42 11
0 6 38
2 43 11
2 44 11
2 45 11
0 46 11
0 5 23
0 20 20
1 5 24
3 5 25
2 6 25
5 7 25
1 7 26
0 7 27
0 25 18
3 46 12
2 47 12
0 48 12
0 32 18
0 29 18
0 25 17
0 2 34
0 13 22
0 32 13
1 2 22
1 2 21
1 2 20
6 2 19
2 3 19
0 4 19
0 2 30
1 48 13
1 48 14
4 48 15
0 47 15
0 7 41
1 4 18
1 4 17
1 4 16
0 4 15
1 4 14
6 4 13
0 5 13
2 46 15
2 45 15
2 44 15
0 43 15
1 5 12
1 5 11
1 5 10
1 5 9
1 5 8
1 5 7
1 5 6
1 5 5
1 5 4
1 5 3
0 5 2
2 33 13
2 34 13
2 35 13
0 36 13
2 4 2
2 3 2
0 2 2
1 43 16
1 43 17
1 43 18
4 43 19
0 42 19
1 42 20
0 42 21
0 5 5
1 42 22
1 42 23
1 42 24
1 42 25
4 42 26
2 41 26
2 40 26
0 39 26
0 42 26
0 34 10
0 7 25
2 38 26
2 37 26
3 36 26
1 36 25
1 36 24
0 36 23
2 31 13
2 30 13
0 29 13
0 2 20
1 5 1
0 5 0
1 11 38
1 11 37
0 11 36
0 2 27
0 36 26
1 45 6
0 45 7
2 43 26
0 44 26
0 28 18
0 5 9
1 38 4
0 38 3
0 10 36
0 9 22
0 44 15
0 46 5
0 4 38
2 45 26
2 46 26
0 47 26
1 47 25
1 47 24
1 47 23
0 47 22
5 32 4
2 31 4
2 30 4
2 29 4
0 28 4
2 4 9
0 3 9
5 3 8
0 2 8
2 35 26
2 34 26
0 33 26
0 47 27
0 37 13
1 47 28
1 47 29
0 47 30
1 47 31
1 47 32
1 47 33
1 47 34
0 47 35
2 32 26
2 31 26
0 30 26
1 30 27
1 30 28
1 30 29
0 30 30
0 2 1
2 27 4
0 26 4
2 46 35
2 45 35
0 44 35
2 29 26
0 28 26
2 43 35
2 42 35
2 41 35
2 40 35
0 39 35
0 4 35
0 30 31
2 38 35
0 37 35
0 44 34
2 6 0
2 7 0
2 8 0
0 9 0
1 39 36
3 39 37
0 40 37
2 38 13
0 39 13
0 38 2
2 31 31
0 32 31
1 26 5
1 26 6
0 26 7
0 26 8
0 32 14
2 10 0
0 11 0
1 36 22
1 36 21
0 36 20
0 2 24
0 42 5
4 28 27
6 27 27
0 27 28
0 28 13
1 47 16
0 47 17
1 37 34
1 37 33
0 37 32
1 32 32
1 32 33
0 32 34
2 37 3
2 36 3
0 35 3
0 33 34
4 4 39
2 3 39
0 2 39
0 29 31
0 1 30
1 29 32
4 29 33
0 28 33
2 6 9
0 7 9
2 37 20
0 38 20
0 35 2
0 27 13
0 47 31
6 31 5
0 31 6
1 39 25
0 39 24
1 47 36
0 47 37
0 39 14
2 25 7
2 24 7
0 23 7
2 12 36
0 13 36
0 39 2
0 13 37
0 3 15
2 14 37
2 15 37
2 16 37
2 17 37
0 18 37
1 32 19
0 32 20
1 45 4
1 45 3
1 45 2
0 45 1
2 22 7
0 21 7
2 20 7
2 19 7
2 18 7
0 17 7
2 46 1
0 47 1
2 16 7
0 15 7
1 39 15
0 39 16
0 15 6
1 15 8
1 15 9
0 15 10
1 15 11
1 15 12
0 15 13
1 15 14
0 15 15
1 28 3
6 28 2
2 29 2
0 30 2
0 44 36
2 16 15
0 17 15
1 30 1
0 30 0
2 29 0
0 28 0
1 28 34
1 28 35
1 28 36
1 28 37
4 28 38
0 27 38
0 26 38
1 37 36
1 37 37
4 37 38
0 36 38
1 36 39
1 36 40
1 36 41
1 36 42
4 36 43
0 35 43
2 8 9
2 9 9
0 10 9
3 35 44
2 36 44
0 37 44
0 14 22
1 25 19
1 25 20
1 25 21
1 25 22
0 25 23
2 26 28
0 25 28
1 10 8
1 10 7
1 10 6
0 10 5
0 25 29
6 11 41
2 12 41
0 13 41
2 24 29
2 23 29
2 22 29
2 21 29
0 20 29
1 20 28
1 20 27
0 20 26
1 13 23
0 13 24
0 20 25
0 20 24
2 3 27
0 4 27
1 26 3
5 26 2
2 25 2
2 24 2
0 23 2
0 32 10
1 23 8
1 23 9
0 23 10
0 33 25
1 13 25
1 13 26
1 13 27
1 13 28
0 13 29
0 18 21
0 12 29
2 19 37
2 20 37
0 21 37
0 27 8
1 7 28
1 7 29
0 7 30
0 44 37
1 7 43
0 7 44
1 2 3
0 2 4
3 13 30
2 14 30
5 15 30
0 15 31
1 21 36
6 21 35
2 22 35
0 23 35
1 48 11
0 48 10
1 18 38
1 18 39
0 18 40
1 18 41
1 18 42
1 18 43
3 18 44
2 19 44
2 20 44
0 21 44
1 44 27
4 44 28
0 43 28
0 31 14
5 25 16
0 24 16
1 27 39
1 27 40
0 27 41
6 47 21
0 48 21
1 37 45
3 37 46
2 38 46
0 39 46
2 22 2
0 21 2
4 26 23
0 26 22
2 5 35
2 6 35
0 7 35
1 17 6
1 17 5
0 17 4
1 33 35
0 33 36
2 48 1
0 49 1
1 11 43
1 11 44
1 11 45
3 11 46
0 12 46
4 16 13
6 16 12
0 17 12
1 15 32
3 15 33
2 16 33
0 17 33
2 13 46
2 14 46
2 15 46
0 16 46
4 33 18
6 33 17
0 34 17
3 16 47
0 17 47
1 27 42
1 27 43
1 27 44
1 27 45
4 27 46
0 26 46
6 9 21
4 10 21
6 10 20
0 11 20
1 17 3
1 17 2
1 17 1
0 17 0
1 39 47
0 39 48
1 7 45
1 7 46
1 7 47
4 7 48
0 6 48
4 15 16
0 14 16
1 21 45
1 21 46
1 21 47
0 21 48
2 38 44
2 39 44
2 40 44
2 41 44
0 42 44
-1
-1
-1
-1
-1
-1
-1
-1
-1
-1
-1
-1
-1
-1
-1
-1
-1
-1
-1
-1
-1
-1
-1
-1
-1
-1
-1
-1
-1
-1
-1
-1
-1
-1
-1
-1
-1
-1
-1
-1
-1
-1
-1
-1
-1
-1
-1
-1
-1
-1
-1
-1
-1
-1
-1
-1
-1
-1
-1
-1
-1
-1
-1
-1
-1
-1
-1
-1
-1
-1
-1
-1
-1
-1
-1
-1
-1
-1
-1
-1
-1
-1
-1
-1
-1
-1
-1
-1
-1
-1
-1
-1
-1
-1
-1
-1
-1
-1
-1
-1
-1
-1
-1
-1
-1
-1
-1
-1
-1
-1
-1
-1
-1
-1
-1
-1
-1
-1
-1
-1
-1
-1
-1
-1
-1
-1
-1
-1
-1
-1
-1
-1
-1
-1
-1
-1
-1
-1
-1
-1
-1
-1
-1
-1
-1
-1
-1
-1
-1
-1
-1
-1
-1
-1
-1
