0 16 27
1 16 26
1 16 25
1 16 24
1 16 23
1 16 22
1 16 21
6 16 20
2 17 20
2 18 20
4 19 20
6 19 19
2 20 19
2 21 19
2 22 19
2 23 19
2 24 19
2 25 19
2 26 19
4 27 19
1 27 18
6 27 17
2 28 17
2 29 17
2 30 17
2 31 17
2 32 17
2 33 17
2 34 17
4 35 17
6 35 16
2 36 16
2 37 16
4 38 16
6 38 15
2 39 15
2 40 15
2 41 15
2 42 15
2 43 15
2 44 15
2 45 15
0 46 15
1 16 28
4 16 29
6 15 29
1 15 30
1 15 31
4 15 32
6 14 32
1 14 33
1 14 34
1 14 35
1 14 36
4 14 37
6 13 37
1 13 38
1 13 39
1 13 40
1 13 41
1 13 42
1 13 43
4 13 44
2 12 44
2 11 44
2 10 44
2 9 44
2 8 44
-1
-1
-1
-1
0 7 44
3 7 45
2 8 45
2 9 45
2 10 45
2 11 45
2 12 45
2 13 45
2 14 45
2 15 45
2 16 45
2 17 45
2 18 45
2 19 45
5 20 45
3 20 46
2 21 46
2 22 46
5 23 46
3 23 47
2 24 47
2 25 47
2 26 47
2 27 47
2 28 47
2 29 47
2 30 47
2 31 47
2 32 47
2 33 47
2 34 47
2 35 47
0 36 47
1 46 14
1 46 13
1 46 12
1 46 11
1 46 10
1 46 9
5 46 8
-1
0 45 8
3 15 27
1 15 26
1 15 25
1 15 24
1 15 23
1 15 22
1 15 21
1 15 20
1 15 19
1 15 18
1 15 17
1 15 16
5 15 15
3 14 15
1 14 14
1 14 13
1 14 12
0 14 11
2 44 8
2 43 8
2 42 8
2 41 8
2 40 8
2 39 8
2 38 8
0 37 8
5 37 7
2 36 7
2 35 7
2 34 7
2 33 7
2 32 7
2 31 7
2 30 7
0 29 7
-1
-1
0 13 42
6 6 44
1 6 45
1 6 46
3 6 47
2 7 47
2 8 47
2 9 47
5 10 47
3 10 48
2 11 48
2 12 48
2 13 48
0 14 48
2 47 15
0 48 15
1 29 8
1 29 9
1 29 10
3 29 11
0 30 11
2 37 47
2 38 47
4 39 47
1 39 46
1 39 45
1 39 44
6 39 43
0 40 43
0 33 47
1 29 6
6 29 5
2 30 5
0 31 5
-1
-1
0 14 15
1 7 43
1 7 42
5 7 41
0 6 41
1 14 16
1 14 17
1 14 18
4 14 19
2 13 19
0 12 19
0 24 19
1 36 46
1 36 45
5 36 44
0 35 44
1 40 42
1 40 41
1 40 40
1 40 39
1 40 38
1 40 37
0 40 36
0 40 8
1 12 20
1 12 21
1 12 22
1 12 23
1 12 24
0 12 25
0 10 47
0 35 17
1 40 7
1 40 6
1 40 5
1 40 4
0 40 3
0 46 12
1 40 35
0 40 34
4 12 26
2 11 26
2 10 26
6 9 26
4 9 27
2 8 27
0 7 27
4 7 28
2 6 28
2 5 28
2 4 28
0 3 28
0 39 47
2 45 12
0 44 12
0 13 45
4 41 43
0 41 42
0 14 33
2 13 33
2 12 33
2 11 33
0 10 33
0 38 15
0 28 17
0 31 17
0 23 46
2 41 36
0 42 36
2 42 42
2 43 42
0 44 42
2 31 11
2 32 11
0 33 11
0 27 19
0 14 49
1 40 33
1 40 32
0 40 31
1 24 18
1 24 17
1 24 16
5 24 15
0 23 15
0 47 12
2 45 42
2 46 42
0 47 42
5 15 11
1 15 12
3 15 13
2 16 13
2 17 13
0 18 13
1 47 41
1 47 40
0 47 39
1 40 30
6 40 29
2 41 29
2 42 29
0 43 29
1 6 40
1 6 39
5 6 38
0 5 38
0 39 48
0 19 20
0 34 11
0 13 37
5 17 27
3 17 28
2 18 28
2 19 28
0 20 28
1 14 10
1 14 9
0 14 8
2 40 48
2 41 48
0 42 48
2 32 5
0 33 5
0 18 45
3 20 29
2 21 29
2 22 29
0 23 29
4 46 16
2 45 16
0 44 16
1 23 30
0 23 31
1 43 28
1 43 27
1 43 26
5 43 25
0 42 25
6 42 24
0 43 24
0 9 26
1 14 7
6 14 6
0 15 6
2 44 29
2 45 29
2 46 29
2 47 29
0 48 29
1 48 16
1 48 17
1 48 18
3 48 19
0 49 19
1 15 5
1 15 4
0 15 3
6 18 12
2 19 12
0 20 12
1 48 28
1 48 27
0 48 26
2 39 34
2 38 34
2 37 34
0 36 34
1 48 30
1 48 31
4 48 32
0 47 32
2 14 3
2 13 3
2 12 3
2 11 3
2 10 3
2 9 3
0 8 3
0 29 5
1 44 17
0 44 18
0 10 32
1 7 26
1 7 25
0 7 24
2 16 6
0 17 6
0 15 29
0 41 25
0 15 18
1 44 19
1 44 20
0 44 21
0 8 2
5 10 31
0 9 31
1 31 18
1 31 19
1 31 20
3 31 21
0 32 21
4 47 43
0 46 43
3 30 12
0 31 12
0 47 11
1 35 43
1 35 42
0 35 41
5 35 40
2 34 40
2 33 40
2 32 40
0 31 40
2 30 40
2 29 40
2 28 40
0 27 40
1 27 39
1 27 38
0 27 37
1 36 33
5 36 32
2 35 32
2 34 32
2 33 32
0 32 32
1 5 37
1 5 36
5 5 35
2 4 35
2 3 35
0 2 35
0 34 10
1 32 31
1 32 30
0 32 29
2 41 34
0 42 34
0 38 16
2 43 12
2 42 12
0 41 12
0 2 34
1 32 28
6 32 27
0 33 27
1 45 7
1 45 6
6 45 5
2 46 5
0 47 5
1 3 27
5 3 26
2 2 26
0 1 26
2 31 29
2 30 29
0 29 29
2 5 41
2 4 41
2 3 41
2 2 41
0 1 41
1 1 25
1 1 24
1 1 23
1 1 22
1 1 21
0 1 20
5 15 33
3 15 34
2 16 34
0 17 34
5 12 18
2 11 18
2 10 18
3 9 18
0 9 17
0 20 45
1 23 14
1 23 13
6 23 12
0 24 12
2 8 17
3 7 17
1 7 16
1 7 15
5 7 14
2 6 14
2 5 14
0 4 14
1 8 4
1 8 5
1 8 6
0 8 7
1 27 36
6 27 35
0 28 35
2 43 48
2 44 48
2 45 48
2 46 48
0 47 48
3 17 35
5 18 35
1 18 36
1 18 37
1 18 38
0 18 39
1 20 27
1 20 26
1 20 25
6 20 24
2 21 24
0 22 24
1 41 26
4 41 27
2 40 27
0 39 27
1 38 17
3 38 18
5 39 18
0 39 19
1 47 4
1 47 3
5 47 2
0 46 2
1 17 5
6 17 4
2 18 4
2 19 4
2 20 4
2 21 4
0 22 4
1 15 2
1 15 1
6 15 0
2 16 0
0 17 0
1 13 36
5 13 35
0 12 35
-1
-1
-1
-1
-1
-1
-1
-1
-1
-1
-1
-1
-1
-1
-1
-1
-1
-1
-1
-1
-1
-1
-1
-1
-1
-1
-1
-1
-1
-1
-1
-1
-1
-1
-1
-1
-1
-1
-1
-1
-1
-1
-1
-1
-1
-1
-1
-1
-1
-1
-1
-1
-1
-1
-1
-1
-1
-1
-1
-1
-1
-1
-1
-1
-1
-1
-1
-1
-1
-1
-1
-1
-1
-1
-1
-1
-1
-1
-1
-1
-1
-1
-1
-1
-1
-1
-1
-1
-1
-1
-1
-1
-1
-1
-1
-1
-1
-1
-1
-1
-1
-1
-1
-1
-1
-1
-1
-1
-1
-1
-1
-1
-1
-1
-1
-1
-1
-1
-1
-1
-1
-1
-1
-1
-1
-1
-1
-1
-1
-1
-1
-1
-1
-1
-1
-1
-1
-1
-1
-1
-1
-1
-1
-1
-1
-1
-1
-1
-1
-1
-1
-1
-1
-1
-1
-1
-1
-1
-1
-1
-1
-1
-1
-1
-1
-1
-1
-1
-1
-1
-1
-1
-1
-1
-1
-1
-1
-1
-1
-1
-1
-1
-1
-1
-1
-1
-1
-1
-1
-1
-1
-1
-1
-1
-1
-1
-1
-1
-1
-1
-1
-1
-1
-1
-1
-1
-1
-1
-1
-1
-1
-1
-1
-1
-1
-1
-1
-1
-1
-1
-1
-1
-1
-1
-1
-1
-1
-1
-1
-1
-1
-1
-1
-1
-1
-1
-1
-1
-1
-1
-1
-1
-1
-1
-1
-1
-1
-1
-1
-1
-1
-1
-1
-1
-1
-1
-1
-1
-1
-1
-1
-1
-1
-1
-1
-1
-1
-1
-1
