0 7 24
2 8 24
2 9 24
2 10 24
2 11 24
2 12 24
2 13 24
2 14 24
2 15 24
2 16 24
4 17 24
6 17 23
2 18 23
2 19 23
2 20 23
2 21 23
2 22 23
2 23 23
2 24 23
2 25 23
4 26 23
1 26 22
1 26 21
6 26 20
2 27 20
2 28 20
2 29 20
2 30 20
2 31 20
2 32 20
2 33 20
2 34 20
2 35 20
2 36 20
2 37 20
2 38 20
4 39 20
1 39 19
1 39 18
6 39 17
2 40 17
0 41 17
1 7 25
1 7 26
1 7 27
3 7 28
0 8 28
1 7 23
1 7 22
1 7 21
1 7 20
1 7 19
1 7 18
1 7 17
1 7 16
1 7 15
5 7 14
-1
-1
-1
-1
-1
-1
-1
-1
-1
-1
-1
-1
-1
-1
-1
-1
-1
-1
-1
-1
-1
-1
-1
-1
-1
-1
-1
-1
-1
-1
-1
0 6 14
-1
-1
-1
-1
-1
-1
-1
-1
-1
-1
-1
-1
-1
-1
-1
-1
-1
-1
-1
-1
-1
-1
-1
-1
-1
-1
-1
-1
-1
-1
0 26 23
1 8 29
1 8 30
1 8 31
1 8 32
1 8 33
1 8 34
1 8 35
1 8 36
1 8 37
4 8 38
2 7 38
-1
-1
-1
-1
-1
-1
-1
-1
-1
-1
-1
-1
-1
-1
-1
-1
-1
-1
-1
-1
-1
0 6 38
1 6 13
6 6 12
2 7 12
2 8 12
2 9 12
2 10 12
2 11 12
2 12 12
2 13 12
2 14 12
2 15 12
-1
-1
-1
-1
-1
-1
-1
-1
-1
-1
-1
-1
-1
-1
-1
0 16 12
3 6 39
2 7 39
2 8 39
2 9 39
2 10 39
2 11 39
2 12 39
2 13 39
2 14 39
2 15 39
2 16 39
2 17 39
2 18 39
5 19 39
1 19 40
1 19 41
1 19 42
1 19 43
-1
-1
-1
-1
-1
-1
0 19 44
3 5 14
1 5 13
1 5 12
1 5 11
1 5 10
1 5 9
-1
-1
-1
-1
-1
-1
-1
-1
-1
-1
-1
0 5 8
-1
-1
-1
-1
-1
-1
-1
-1
-1
-1
-1
-1
0 28 20
-1
-1
-1
-1
-1
-1
-1
-1
-1
-1
-1
-1
0 15 24
6 5 38
1 5 39
4 5 40
2 4 40
2 3 40
6 2 40
1 2 41
1 2 42
1 2 43
-1
-1
-1
0 2 44
-1
-1
-1
-1
-1
-1
-1
-1
-1
-1
0 19 39
-1
-1
-1
-1
-1
-1
-1
-1
0 2 40
-1
-1
-1
-1
-1
-1
-1
-1
0 39 20
2 3 44
2 4 44
2 5 44
5 6 44
1 6 45
3 6 46
2 7 46
2 8 46
2 9 46
0 10 46
1 28 19
1 28 18
1 28 17
1 28 16
1 28 15
1 28 14
1 28 13
1 28 12
1 28 11
1 28 10
1 28 9
1 28 8
1 28 7
6 28 6
2 29 6
0 30 6
0 8 35
3 28 21
2 29 21
2 30 21
2 31 21
2 32 21
-1
0 33 21
1 16 11
1 16 10
1 16 9
1 16 8
1 16 7
1 16 6
1 16 5
1 16 4
6 16 3
0 17 3
1 26 24
1 26 25
1 26 26
0 26 27
1 26 28
1 26 29
3 26 30
2 27 30
2 28 30
0 29 30
1 6 15
4 6 16
2 5 16
2 4 16
-1
0 3 16
1 16 13
1 16 14
1 16 15
1 16 16
-1
0 16 17
4 11 46
1 11 45
1 11 44
1 11 43
0 11 42
2 20 44
2 21 44
2 22 44
2 23 44
2 24 44
2 25 44
2 26 44
2 27 44
0 28 44
-1
0 13 12
4 17 12
1 17 11
1 17 10
6 17 9
2 18 9
2 19 9
2 20 9
2 21 9
0 22 9
0 17 24
1 17 25
1 17 26
1 17 27
1 17 28
0 17 29
3 17 30
2 18 30
-1
0 19 30
3 1 40
1 1 39
-1
0 1 38
1 28 45
3 28 46
2 29 46
2 30 46
2 31 46
2 32 46
2 33 46
2 34 46
2 35 46
2 36 46
0 37 46
0 11 24
0 25 27
1 28 43
1 28 42
1 28 41
1 28 40
0 28 39
1 19 45
-1
0 19 46
2 42 17
2 43 17
2 44 17
0 45 17
1 45 16
1 45 15
6 45 14
2 46 14
0 47 14
3 19 47
0 20 47
1 37 45
1 37 44
1 37 43
6 37 42
2 38 42
2 39 42
2 40 42
0 41 42
0 6 44
-1
0 14 39
2 6 24
2 5 24
0 4 24
4 16 18
2 15 18
2 14 18
2 13 18
2 12 18
0 11 18
0 42 42
1 41 41
1 41 40
1 41 39
1 41 38
1 41 37
1 41 36
5 41 35
0 40 35
0 17 27
1 40 34
1 40 33
0 40 32
2 41 32
2 42 32
2 43 32
0 44 32
6 44 31
2 45 31
2 46 31
2 47 31
2 48 31
0 49 31
0 6 8
1 41 16
5 41 15
2 40 15
0 39 15
-1
-1
-1
-1
-1
-1
-1
-1
-1
-1
-1
-1
-1
-1
-1
-1
-1
-1
-1
-1
-1
-1
-1
-1
-1
-1
-1
-1
-1
-1
-1
-1
-1
-1
-1
-1
-1
-1
-1
-1
-1
-1
-1
-1
-1
-1
-1
-1
-1
-1
-1
-1
-1
-1
-1
-1
-1
-1
-1
-1
-1
-1
-1
-1
-1
-1
-1
-1
-1
-1
-1
-1
-1
-1
-1
-1
-1
-1
-1
-1
-1
-1
-1
-1
-1
-1
-1
-1
-1
-1
-1
-1
-1
-1
-1
-1
-1
-1
-1
-1
-1
-1
-1
-1
-1
-1
-1
-1
-1
-1
-1
-1
-1
-1
-1
-1
-1
-1
-1
-1
-1
-1
-1
-1
-1
-1
-1
-1
-1
-1
-1
-1
-1
-1
-1
-1
-1
-1
-1
-1
-1
-1
-1
-1
-1
-1
-1
-1
-1
-1
-1
-1
-1
-1
-1
-1
-1
-1
-1
-1
-1
-1
-1
-1
-1
-1
-1
-1
-1
-1
-1
-1
-1
-1
-1
-1
-1
-1
-1
-1
-1
-1
-1
-1
-1
-1
-1
-1
-1
-1
-1
-1
-1
-1
-1
-1
-1
-1
-1
-1
-1
-1
-1
-1
-1
-1
-1
-1
-1
-1
-1
-1
-1
-1
-1
-1
-1
-1
-1
-1
-1
-1
-1
-1
-1
-1
-1
-1
-1
-1
-1
-1
-1
-1
-1
-1
-1
-1
-1
-1
-1
-1
-1
-1
-1
-1
-1
-1
-1
-1
-1
-1
-1
-1
-1
-1
-1
-1
-1
-1
-1
-1
-1
-1
-1
-1
-1
-1
-1
-1
-1
-1
-1
-1
-1
-1
-1
-1
-1
-1
-1
-1
-1
-1
-1
-1
-1
-1
-1
-1
-1
-1
-1
-1
-1
-1
-1
-1
-1
-1
-1
-1
-1
-1
-1
-1
-1
-1
-1
-1
-1
-1
-1
-1
-1
-1
-1
-1
-1
-1
-1
-1
-1
-1
