0 8 20
2 9 20
2 10 20
2 11 20
4 12 20
6 12 19
2 13 19
2 14 19
2 15 19
2 16 19
2 17 19
2 18 19
2 19 19
4 20 19
6 20 18
2 21 18
2 22 18
2 23 18
2 24 18
2 25 18
2 26 18
2 27 18
2 28 18
2 29 18
2 30 18
2 31 18
4 32 18
6 32 17
2 33 17
2 34 17
0 35 17
2 36 17
4 37 17
1 37 16
1 37 15
6 37 14
2 38 14
2 39 14
-1
-1
-1
-1
-1
-1
-1
-1
-1
0 40 14
3 8 21
2 9 21
2 10 21
5 11 21
1 11 22
1 11 23
1 11 24
1 11 25
3 11 26
2 12 26
5 13 26
3 13 27
5 14 27
1 14 28
1 14 29
1 14 30
3 14 31
2 15 31
2 16 31
5 17 31
1 17 32
1 17 33
1 17 34
3 17 35
2 18 35
5 19 35
1 19 36
1 19 37
3 19 38
0 20 38
1 40 15
1 40 16
1 40 17
3 40 18
-1
0 41 18
1 20 39
1 20 40
4 20 41
2 19 41
2 18 41
-1
-1
0 17 41
1 40 13
6 40 12
2 41 12
2 42 12
4 43 12
1 43 11
0 43 10
6 7 20
1 7 21
4 7 22
2 6 22
0 5 22
1 17 40
5 17 39
2 16 39
2 15 39
2 14 39
2 13 39
2 12 39
0 11 39
0 37 14
1 35 18
1 35 19
1 35 20
1 35 21
3 35 22
0 36 22
1 43 9
1 43 8
1 43 7
0 43 6
1 37 13
1 37 12
0 37 11
0 11 21
1 8 19
0 8 18
0 20 41
0 19 35
3 20 42
2 21 42
2 22 42
2 23 42
0 24 42
1 24 43
3 24 44
0 25 44
0 29 18
2 36 14
2 35 14
2 34 14
0 33 14
0 17 39
1 25 45
0 25 46
0 13 19
0 11 24
0 25 47
0 37 17
2 42 6
2 41 6
0 40 6
1 8 17
0 8 16
0 14 39
0 4 22
0 40 12
0 32 18
2 20 35
0 21 35
0 3 22
0 17 31
1 24 41
0 24 40
0 35 22
1 17 42
1 17 43
1 17 44
1 17 45
3 17 46
0 18 46
1 41 19
0 41 20
1 14 38
0 14 37
0 22 18
2 22 35
2 23 35
0 24 35
2 26 47
2 27 47
2 28 47
2 29 47
0 30 47
2 7 18
2 6 18
0 5 18
2 19 46
0 20 46
2 34 22
0 33 22
2 36 11
0 35 11
0 14 31
2 32 14
2 31 14
0 30 14
1 37 10
0 37 9
2 42 18
2 43 18
0 44 18
0 17 44
0 45 18
2 29 14
2 28 14
0 27 14
0 31 47
1 22 19
3 22 20
0 23 20
2 26 14
2 25 14
0 24 14
1 24 34
0 24 33
0 7 22
1 18 47
0 18 48
0 43 12
0 2 22
1 2 23
1 2 24
1 2 25
1 2 26
0 2 27
0 1 27
1 33 23
4 33 24
2 32 24
0 31 24
2 30 24
2 29 24
2 28 24
2 27 24
0 26 24
3 41 21
0 42 21
1 1 28
1 1 29
0 1 30
0 20 18
0 1 22
0 9 18
1 11 38
1 11 37
0 11 36
1 42 22
0 42 23
2 10 36
2 9 36
0 8 36
0 7 23
0 17 34
4 8 37
2 7 37
0 6 37
0 2 30
1 6 38
1 6 39
1 6 40
1 6 41
0 6 42
4 18 31
6 18 30
2 19 30
0 20 30
2 24 20
0 25 20
0 20 29
1 6 43
1 6 44
1 6 45
0 6 46
0 37 18
2 16 44
0 15 44
5 8 15
0 7 15
1 6 47
0 6 48
0 14 44
2 44 12
0 45 12
2 46 12
0 47 12
0 7 46
1 30 13
0 30 12
0 13 26
0 21 38
0 7 14
2 41 23
2 40 23
0 39 23
2 8 46
0 9 46
2 5 48
2 4 48
2 3 48
0 2 48
2 43 23
2 44 23
2 45 23
0 46 23
2 36 9
2 35 9
0 34 9
1 7 24
0 7 25
1 46 24
0 46 25
2 25 40
2 26 40
2 27 40
0 28 40
1 26 25
1 26 26
0 26 27
0 26 28
0 26 29
0 24 15
1 2 31
1 2 32
0 2 33
0 29 40
0 30 40
1 44 17
0 44 16
1 8 35
1 8 34
0 8 33
1 28 39
1 28 38
0 28 37
0 8 32
1 7 26
1 7 27
0 7 28
0 29 19
1 29 20
0 29 21
6 28 36
2 29 36
2 30 36
2 31 36
0 32 36
2 33 36
2 34 36
0 35 36
0 44 6
2 5 37
0 4 37
1 34 8
0 34 7
1 34 6
5 34 5
0 33 5
2 32 5
2 31 5
0 30 5
0 30 4
1 30 3
1 30 2
0 30 1
2 29 1
2 28 1
2 27 1
0 26 1
1 26 2
1 26 3
0 26 4
2 25 4
0 24 4
2 4 18
2 3 18
0 2 18
0 17 19
1 17 20
0 17 21
1 17 22
1 17 23
0 17 24
1 24 13
0 24 12
1 17 18
1 17 17
0 17 16
1 24 11
0 24 10
0 3 27
1 35 23
1 35 24
1 35 25
0 35 26
1 2 47
1 2 46
0 2 45
1 2 44
0 2 43
1 35 27
1 35 28
0 35 29
2 46 18
2 47 18
2 48 18
0 49 18
0 14 36
1 44 5
1 44 4
6 44 3
2 45 3
2 46 3
0 47 3
1 2 42
1 2 41
0 2 40
0 1 33
2 8 28
0 9 28
1 47 11
6 47 10
2 48 10
0 49 10
1 30 11
0 30 10
1 39 24
1 39 25
0 39 26
3 23 10
0 23 9
1 32 35
1 32 34
0 32 33
2 22 9
0 21 9
2 34 29
0 33 29
4 18 24
6 18 23
0 19 23
1 9 47
0 9 48
1 17 15
1 17 14
0 17 13
0 26 47
0 11 35
1 31 46
1 31 45
6 31 44
0 32 44
0 13 44
1 31 25
0 31 26
3 19 24
2 20 24
0 21 24
1 26 30
3 26 31
2 27 31
2 28 31
0 29 31
2 25 1
2 24 1
2 23 1
0 22 1
5 40 26
1 40 27
0 40 28
1 40 29
3 40 30
2 41 30
0 42 30
1 42 31
0 42 32
2 33 44
2 34 44
0 35 44
2 36 44
0 37 44
2 38 44
2 39 44
2 40 44
0 41 44
1 35 30
3 35 31
0 36 31
0 14 28
1 41 43
1 41 42
0 41 41
0 42 41
1 37 45
1 37 46
0 37 47
1 47 2
0 47 1
1 11 40
0 11 41
0 21 8
0 1 18
1 35 37
0 35 38
2 20 8
2 19 8
2 18 8
2 17 8
2 16 8
2 15 8
0 14 8
2 8 14
2 9 14
2 10 14
0 11 14
2 43 41
2 44 41
2 45 41
2 46 41
0 47 41
1 14 7
1 14 6
1 14 5
5 14 4
2 13 4
0 12 4
3 42 33
2 43 33
2 44 33
2 45 33
2 46 33
0 47 33
1 41 40
1 41 39
1 41 38
5 41 37
0 40 37
0 3 45
6 20 45
0 21 45
1 7 13
1 7 12
5 7 11
3 6 11
1 6 10
1 6 9
0 6 8
0 21 18
0 25 10
3 9 49
2 10 49
0 11 49
0 20 19
6 12 3
2 13 3
2 14 3
5 15 3
1 15 4
0 15 5
1 33 21
0 33 20
1 11 48
0 11 47
2 11 4
0 10 4
1 47 32
0 47 31
6 37 43
0 38 43
2 12 21
2 13 21
0 14 21
1 47 42
1 47 43
1 47 44
1 47 45
4 47 46
0 46 46
1 36 32
3 36 33
0 37 33
6 5 8
4 5 9
2 4 9
2 3 9
2 2 9
0 1 9
-1
-1
-1
-1
-1
-1
-1
-1
-1
-1
-1
-1
-1
-1
-1
-1
-1
-1
-1
-1
-1
-1
-1
-1
-1
-1
-1
-1
-1
-1
-1
-1
-1
-1
-1
-1
-1
-1
-1
-1
-1
-1
-1
-1
-1
-1
-1
-1
-1
-1
-1
-1
-1
-1
-1
-1
-1
-1
-1
-1
-1
-1
-1
-1
-1
-1
-1
-1
-1
-1
-1
-1
-1
-1
-1
-1
-1
-1
-1
-1
-1
-1
-1
-1
-1
-1
-1
-1
-1
-1
-1
-1
-1
-1
-1
-1
-1
-1
-1
-1
-1
-1
-1
-1
-1
-1
-1
-1
-1
-1
-1
-1
-1
-1
-1
-1
-1
-1
-1
-1
-1
-1
-1
-1
-1
-1
-1
-1
-1
-1
-1
-1
-1
-1
-1
-1
-1
-1
-1
-1
-1
-1
-1
-1
-1
-1
-1
-1
-1
-1
-1
-1
-1
-1
-1
-1
-1
-1
-1
-1
-1
-1
-1
-1
-1
-1
-1
-1
-1
-1
-1
-1
-1
-1
-1
-1
-1
-1
-1
-1
-1
-1
-1
-1
-1
-1
-1
-1
-1
-1
-1
-1
-1
-1
-1
-1
-1
-1
-1
-1
-1
-1
-1
-1
-1
-1
-1
-1
-1
-1
-1
