0 16 26
1 16 25
6 16 24
2 17 24
2 18 24
2 19 24
4 20 24
1 20 23
1 20 22
1 20 21
1 20 20
1 20 19
1 20 18
1 20 17
1 20 16
1 20 15
1 20 14
1 20 13
1 20 12
1 20 11
6 20 10
2 21 10
0 22 10
1 16 27
1 16 28
4 16 29
2 15 29
2 14 29
6 13 29
1 13 30
-1
1 13 31
1 13 32
-1
1 13 33
1 13 34
-1
1 13 35
1 13 36
-1
4 13 37
2 12 37
-1
2 11 37
2 10 37
-1
2 9 37
2 8 37
-1
2 7 37
6 6 37
-1
1 6 38
1 6 39
-1
1 6 40
4 6 41
-1
6 5 41
-1
-1
-1
-1
-1
-1
-1
-1
-1
-1
-1
-1
-1
-1
-1
-1
-1
-1
-1
-1
-1
-1
-1
-1
-1
-1
-1
-1
-1
-1
-1
-1
-1
-1
-1
-1
-1
-1
-1
-1
-1
-1
-1
-1
-1
-1
-1
-1
-1
-1
-1
-1
-1
-1
-1
-1
-1
-1
-1
-1
-1
-1
-1
-1
-1
-1
-1
-1
-1
-1
-1
-1
-1
0 5 42
5 17 26
3 17 27
2 18 27
2 19 27
2 20 27
2 21 27
2 22 27
2 23 27
2 24 27
2 25 27
2 26 27
2 27 27
2 28 27
2 29 27
2 30 27
2 31 27
2 32 27
2 33 27
2 34 27
2 35 27
2 36 27
2 37 27
2 38 27
2 39 27
2 40 27
2 41 27
2 42 27
2 43 27
-1
-1
-1
-1
-1
-1
-1
-1
-1
-1
-1
-1
-1
-1
-1
-1
-1
-1
-1
0 44 27
1 22 9
5 22 8
3 21 8
1 21 7
1 21 6
1 21 5
1 21 4
1 21 3
1 21 2
1 21 1
-1
-1
-1
-1
-1
-1
-1
-1
-1
-1
-1
0 21 0
1 44 28
4 44 29
6 43 29
1 43 30
1 43 31
1 43 32
1 43 33
1 43 34
1 43 35
4 43 36
2 42 36
6 41 36
1 41 37
1 41 38
1 41 39
1 41 40
1 41 41
1 41 42
1 41 43
1 41 44
1 41 45
1 41 46
1 41 47
0 41 48
-1
-1
-1
-1
-1
-1
-1
-1
-1
0 6 38
2 23 10
2 24 10
2 25 10
2 26 10
2 27 10
2 28 10
2 29 10
5 30 10
1 30 11
3 30 12
2 31 12
2 32 12
2 33 12
5 34 12
1 34 13
3 34 14
5 35 14
1 35 15
0 35 16
4 42 48
1 42 47
1 42 46
1 42 45
6 42 44
0 43 44
3 15 26
5 15 25
2 14 25
2 13 25
3 12 25
1 12 24
1 12 23
1 12 22
0 12 21
6 5 38
4 5 39
2 4 39
2 3 39
0 2 39
-1
-1
0 36 27
1 35 17
4 35 18
2 34 18
2 33 18
2 32 18
0 31 18
6 20 0
1 20 1
1 20 2
1 20 3
4 20 4
2 19 4
2 18 4
0 17 4
0 20 24
3 40 48
5 40 47
2 39 47
0 38 47
1 17 3
5 17 2
2 16 2
0 15 2
5 7 38
1 7 39
3 7 40
2 8 40
0 9 40
1 2 38
1 2 37
0 2 36
5 38 46
2 37 46
2 36 46
2 35 46
2 34 46
2 33 46
2 32 46
0 31 46
2 30 18
2 29 18
2 28 18
0 27 18
0 41 36
0 27 27
0 13 29
1 17 5
1 17 6
1 17 7
1 17 8
1 17 9
1 17 10
3 17 11
0 18 11
0 43 29
0 41 42
2 30 46
2 29 46
0 28 46
0 34 12
0 30 27
0 21 27
0 17 10
1 44 26
6 44 25
2 45 25
2 46 25
2 47 25
0 48 25
0 6 37
0 33 46
0 27 46
0 20 17
2 16 10
2 15 10
2 14 10
0 13 10
0 39 27
0 21 8
0 28 10
1 13 9
1 13 8
5 13 7
0 12 7
1 48 24
1 48 23
0 48 22
1 48 21
0 48 20
0 11 37
0 20 21
0 16 24
2 11 7
2 10 7
2 9 7
2 8 7
0 7 7
2 6 7
2 5 7
0 4 7
2 44 44
0 45 44
1 45 45
1 45 46
0 45 47
3 45 48
2 46 48
0 47 48
0 30 10
0 5 41
1 36 28
0 36 29
1 18 12
1 18 13
0 18 14
1 48 19
1 48 18
0 48 17
2 26 46
2 25 46
0 24 46
2 3 7
0 2 7
1 36 30
1 36 31
4 36 32
2 35 32
0 34 32
0 12 25
1 24 47
4 24 48
2 23 48
0 22 48
0 12 20
0 21 6
1 2 8
1 2 9
0 2 10
4 34 33
2 33 33
2 32 33
2 31 33
0 30 33
2 47 20
2 46 20
0 45 20
2 21 24
2 22 24
2 23 24
0 24 24
1 30 9
1 30 8
1 30 7
0 30 6
0 35 14
1 27 45
1 27 44
1 27 43
5 27 42
0 26 42
1 2 6
1 2 5
0 2 4
6 2 3
2 3 3
2 4 3
0 5 3
1 45 21
0 45 22
1 12 6
1 12 5
0 12 4
0 29 6
1 30 34
1 30 35
3 30 36
0 31 36
2 28 6
0 27 6
1 12 19
1 12 18
1 12 17
0 12 16
0 31 37
2 11 25
0 10 25
1 5 43
0 5 44
1 21 28
1 21 29
1 21 30
1 21 31
0 21 32
2 25 42
2 24 42
2 23 42
2 22 42
0 21 42
2 31 6
2 32 6
0 33 6
2 4 44
2 3 44
0 2 44
1 21 33
1 21 34
4 21 35
2 20 35
2 19 35
2 18 35
0 17 35
2 34 6
2 35 6
2 36 6
2 37 6
2 38 6
2 39 6
0 40 6
5 5 2
0 4 2
1 5 45
0 5 46
1 40 5
1 40 4
0 40 3
1 48 26
1 48 27
1 48 28
1 48 29
0 48 30
1 26 41
0 26 40
1 33 45
1 33 44
6 33 43
2 34 43
0 35 43
1 2 35
1 2 34
0 2 33
1 31 47
0 31 48
1 30 26
1 30 25
1 30 24
0 30 23
1 9 41
1 9 42
3 9 43
0 10 43
2 29 33
2 28 33
2 27 33
0 26 33
1 31 38
3 31 39
0 32 39
4 13 11
2 12 11
0 11 11
1 2 11
1 2 12
1 2 13
1 2 14
0 2 15
0 1 15
3 10 44
2 11 44
5 12 44
1 12 45
0 12 46
0 22 32
2 44 20
2 43 20
2 42 20
0 41 20
1 40 7
1 40 8
1 40 9
1 40 10
0 40 11
3 40 42
0 40 41
0 41 11
6 45 43
0 46 43
1 30 5
1 30 4
1 30 3
6 30 2
0 31 2
3 20 32
1 20 31
5 20 30
2 19 30
0 18 30
2 11 16
2 10 16
2 9 16
0 8 16
1 39 28
1 39 29
1 39 30
3 39 31
0 40 31
1 2 32
1 2 31
0 2 30
1 41 19
1 41 18
1 41 17
6 41 16
2 42 16
0 43 16
2 3 30
0 4 30
2 41 3
2 42 3
2 43 3
2 44 3
2 45 3
2 46 3
2 47 3
0 48 3
0 16 2
5 41 35
2 40 35
2 39 35
0 38 35
1 39 26
0 39 25
0 41 47
1 48 16
1 48 15
1 48 14
1 48 13
1 48 12
0 48 11
1 6 36
6 6 35
0 7 35
0 14 25
1 17 36
4 17 37
2 16 37
0 15 37
1 27 19
0 27 20
4 13 46
6 13 45
2 14 45
2 15 45
0 16 45
1 27 28
4 27 29
2 26 29
0 25 29
1 12 3
5 12 2
0 11 2
1 36 26
1 36 25
1 36 24
0 36 23
1 36 22
1 36 21
0 36 20
0 41 18
1 26 39
0 26 38
5 36 14
3 36 15
2 37 15
2 38 15
0 39 15
1 48 4
1 48 5
4 48 6
2 47 6
0 46 6
1 4 29
1 4 28
0 4 27
1 46 42
1 46 41
1 46 40
6 46 39
0 47 39
1 22 11
1 22 12
3 22 13
0 23 13
-1
-1
-1
-1
-1
-1
-1
-1
-1
-1
-1
-1
-1
-1
-1
-1
-1
-1
-1
-1
-1
-1
-1
-1
-1
-1
-1
-1
-1
-1
-1
-1
-1
-1
-1
-1
-1
-1
-1
-1
-1
-1
-1
-1
-1
-1
-1
-1
-1
-1
-1
-1
-1
-1
-1
-1
-1
-1
-1
-1
-1
-1
-1
-1
-1
-1
-1
-1
-1
-1
-1
-1
-1
-1
-1
-1
-1
-1
-1
-1
-1
-1
-1
-1
-1
-1
-1
-1
-1
-1
-1
-1
-1
-1
-1
-1
-1
-1
-1
-1
-1
-1
-1
-1
-1
-1
-1
-1
-1
-1
-1
-1
-1
-1
-1
-1
-1
-1
-1
-1
-1
-1
-1
-1
-1
-1
-1
-1
-1
