0 41 37
5 41 36
2 40 36
2 39 36
2 38 36
2 37 36
2 36 36
2 35 36
2 34 36
2 33 36
2 32 36
3 31 36
1 31 35
1 31 34
5 31 33
2 30 33
2 29 33
2 28 33
3 27 33
1 27 32
1 27 31
1 27 30
1 27 29
5 27 28
2 26 28
2 25 28
2 24 28
2 23 28
2 22 28
2 21 28
2 20 28
2 19 28
3 18 28
1 18 27
1 18 26
0 18 25
1 18 24
1 18 23
1 18 22
6 18 21
-1
-1
-1
-1
-1
-1
-1
-1
-1
-1
-1
-1
-1
-1
-1
-1
-1
-1
-1
-1
-1
-1
-1
-1
-1
-1
-1
-1
-1
0 19 21
1 41 38
1 41 39
1 41 40
1 41 41
3 41 42
5 42 42
1 42 43
1 42 44
1 42 45
1 42 46
3 42 47
2 43 47
-1
-1
-1
-1
-1
-1
-1
-1
-1
-1
-1
-1
0 44 47
1 19 20
6 19 19
4 20 19
1 20 18
1 20 17
1 20 16
1 20 15
1 20 14
1 20 13
1 20 12
1 20 11
1 20 10
1 20 9
1 20 8
1 20 7
6 20 6
2 21 6
2 22 6
2 23 6
0 24 6
2 20 21
2 21 21
2 22 21
4 23 21
1 23 20
1 23 19
6 23 18
2 24 18
-1
0 25 18
6 44 46
2 45 46
4 46 46
1 46 45
1 46 44
-1
-1
0 46 43
3 17 25
1 17 24
5 17 23
2 16 23
2 15 23
-1
0 14 23
2 26 18
5 27 18
1 27 19
3 27 20
2 28 20
2 29 20
2 30 20
2 31 20
2 32 20
2 33 20
0 34 20
0 20 16
1 24 5
1 24 4
5 24 3
0 23 3
1 25 17
6 25 16
4 26 16
1 26 15
6 26 14
2 27 14
2 28 14
2 29 14
0 30 14
0 42 45
2 31 14
2 32 14
2 33 14
2 34 14
0 35 14
1 14 24
1 14 25
1 14 26
3 14 27
0 15 27
0 16 23
0 26 14
2 42 37
2 43 37
5 44 37
1 44 38
0 44 39
0 20 28
2 47 43
0 48 43
1 26 13
1 26 12
0 26 11
2 13 23
0 12 23
0 27 28
0 27 33
1 15 28
4 15 29
0 14 29
2 19 16
0 18 16
0 29 20
0 42 42
0 27 11
0 23 21
2 17 16
2 16 16
2 15 16
0 14 16
0 38 36
1 14 15
0 14 14
0 21 21
0 46 46
0 20 6
2 19 6
0 18 6
2 13 14
2 12 14
2 11 14
0 10 14
0 25 6
0 31 36
0 23 28
0 27 18
2 11 23
0 10 23
1 14 17
0 14 18
0 27 30
2 47 46
2 48 46
0 49 46
1 34 21
0 34 22
0 31 20
0 20 13
0 44 37
0 30 33
0 18 28
1 18 7
1 18 8
1 18 9
0 18 10
0 17 10
1 10 24
1 10 25
0 10 26
0 16 10
0 9 26
0 30 15
4 9 27
2 8 27
2 7 27
2 6 27
2 5 27
0 4 27
1 20 29
1 20 30
0 20 31
1 20 32
1 20 33
0 20 34
2 3 27
2 2 27
0 1 27
2 41 45
2 40 45
0 39 45
1 27 27
1 27 26
0 27 25
0 20 5
0 21 13
2 28 25
0 29 25
6 34 19
2 35 19
0 36 19
0 43 47
1 34 23
3 34 24
2 35 24
0 36 24
5 27 24
0 26 24
2 37 24
2 38 24
0 39 24
0 28 11
0 39 23
2 45 39
2 46 39
2 47 39
0 48 39
0 36 18
1 48 38
1 48 37
1 48 36
0 48 35
1 1 26
1 1 25
0 1 24
1 4 28
1 4 29
3 4 30
2 5 30
0 6 30
2 40 24
2 41 24
0 42 24
2 43 24
0 44 24
1 6 31
1 6 32
0 6 33
1 36 25
0 36 26
0 5 33
1 36 27
0 36 28
2 13 29
0 12 29
1 10 13
0 10 12
1 10 11
1 10 10
0 10 9
0 36 29
1 20 35
1 20 36
0 20 37
1 48 34
1 48 33
0 48 32
5 10 22
2 9 22
0 8 22
1 21 22
1 21 23
0 21 24
2 35 28
0 34 28
1 8 21
0 8 20
6 1 23
2 2 23
0 3 23
1 8 19
0 8 18
1 20 38
0 20 39
2 35 18
0 34 18
2 19 39
2 18 39
0 17 39
0 33 28
2 21 37
2 22 37
0 23 37
1 23 36
0 23 35
2 9 12
2 8 12
0 7 12
2 21 16
0 22 16
0 25 7
0 45 43
2 4 33
0 3 33
1 44 36
1 44 35
1 44 34
5 44 33
0 43 33
1 12 30
1 12 31
0 12 32
1 12 33
3 12 34
0 13 34
1 39 44
1 39 43
0 39 42
2 19 31
0 18 31
4 7 13
2 6 13
0 5 13
1 42 23
1 42 22
0 42 21
1 10 8
1 10 7
5 10 6
0 9 6
0 42 20
1 42 19
1 42 18
0 42 17
1 18 17
4 18 18
0 17 18
5 39 41
2 38 41
0 37 41
1 44 25
0 44 26
2 9 20
0 10 20
1 23 38
1 23 39
1 23 40
3 23 41
0 24 41
0 36 41
1 24 42
1 24 43
1 24 44
0 24 45
0 41 36
6 11 32
4 11 33
0 10 33
1 36 30
1 36 31
0 36 32
0 36 33
1 3 22
1 3 21
0 3 20
6 9 5
0 10 5
2 11 5
0 12 5
4 39 46
0 38 46
6 25 5
2 26 5
2 27 5
0 28 5
5 28 4
3 27 4
0 27 3
1 3 34
1 3 35
4 3 36
0 2 36
2 8 6
2 7 6
0 6 6
1 2 37
1 2 38
0 2 39
0 30 16
1 48 31
1 48 30
1 48 29
0 48 28
1 24 46
4 24 47
2 23 47
2 22 47
0 21 47
1 12 4
0 12 3
1 12 2
0 12 1
1 20 40
1 20 41
1 20 42
0 20 43
4 20 44
2 19 44
0 18 44
1 31 37
3 31 38
0 32 38
1 3 32
0 3 31
1 35 13
0 35 12
0 7 18
2 37 46
2 36 46
0 35 46
1 27 34
3 27 35
0 28 35
0 26 28
0 24 7
2 4 13
0 3 13
1 42 16
6 42 15
2 43 15
2 44 15
0 45 15
1 18 5
0 18 4
3 45 16
2 46 16
0 47 16
1 47 15
6 47 14
0 48 14
0 31 33
2 16 39
0 15 39
1 15 40
4 15 41
2 14 41
2 13 41
2 12 41
0 11 41
1 11 42
1 11 43
0 11 44
1 11 40
5 11 39
0 10 39
2 19 34
0 18 34
1 44 23
6 44 22
2 45 22
2 46 22
0 47 22
5 12 0
2 11 0
2 10 0
2 9 0
2 8 0
0 7 0
1 33 27
0 33 26
4 11 9
0 11 8
3 2 40
0 3 40
3 26 33
5 26 32
0 25 32
2 28 3
2 29 3
2 30 3
2 31 3
0 32 3
1 46 47
3 46 48
0 47 48
1 3 41
1 3 42
3 3 43
2 4 43
2 5 43
0 6 43
4 11 45
0 10 45
0 20 19
6 35 11
2 36 11
0 37 11
2 36 14
2 37 14
5 38 14
3 38 15
0 39 15
5 25 41
3 25 42
2 26 42
2 27 42
2 28 42
0 29 42
6 13 16
0 13 17
0 23 2
2 22 2
0 21 2
4 13 1
6 13 0
2 14 0
0 15 0
1 6 44
4 6 45
2 5 45
2 4 45
2 3 45
0 2 45
4 35 47
2 34 47
2 33 47
0 32 47
1 48 13
1 48 12
1 48 11
0 48 10
1 32 2
6 32 1
2 33 1
2 34 1
0 35 1
2 25 24
0 24 24
1 37 10
1 37 9
6 37 8
2 38 8
2 39 8
2 40 8
2 41 8
0 42 8
-1
-1
-1
-1
-1
-1
-1
-1
-1
-1
-1
-1
-1
-1
-1
-1
-1
-1
-1
-1
-1
-1
-1
-1
-1
-1
-1
-1
-1
-1
-1
-1
-1
-1
-1
-1
-1
-1
-1
-1
-1
-1
-1
-1
-1
-1
-1
-1
-1
-1
-1
-1
-1
-1
-1
-1
-1
-1
-1
-1
-1
-1
-1
-1
-1
-1
-1
-1
-1
-1
-1
-1
-1
-1
-1
-1
-1
-1
-1
-1
-1
-1
-1
-1
-1
-1
-1
-1
-1
-1
-1
-1
-1
-1
-1
-1
-1
-1
-1
-1
-1
-1
-1
-1
-1
-1
-1
-1
-1
-1
-1
-1
-1
-1
-1
-1
-1
-1
-1
-1
-1
-1
-1
-1
-1
-1
-1
-1
-1
-1
-1
-1
-1
-1
-1
-1
-1
-1
-1
-1
-1
-1
-1
-1
-1
-1
-1
-1
-1
-1
-1
-1
-1
-1
-1
-1
-1
-1
-1
-1
-1
-1
-1
-1
-1
-1
-1
-1
-1
-1
-1
-1
-1
-1
-1
-1
-1
-1
-1
-1
-1
-1
-1
-1
-1
-1
-1
-1
-1
