0 5 47
2 6 47
2 7 47
2 8 47
2 9 47
4 10 47
1 10 46
1 10 45
1 10 44
1 10 43
6 10 42
2 11 42
2 12 42
4 13 42
1 13 41
1 13 40
6 13 39
2 14 39
2 15 39
2 16 39
2 17 39
2 18 39
2 19 39
2 20 39
2 21 39
2 22 39
2 23 39
2 24 39
2 25 39
2 26 39
2 27 39
2 28 39
0 29 39
5 29 38
2 28 38
3 27 38
1 27 37
1 27 36
1 27 35
1 27 34
1 27 33
1 27 32
1 27 31
1 27 30
1 27 29
1 27 28
1 27 27
-1
1 27 26
1 27 25
-1
1 27 24
1 27 23
-1
1 27 22
1 27 21
-1
1 27 20
1 27 19
1 27 18
-1
1 27 17
1 27 16
-1
1 27 15
1 27 14
-1
5 27 13
-1
-1
-1
-1
-1
-1
-1
-1
-1
-1
-1
-1
-1
-1
-1
-1
-1
-1
-1
-1
-1
-1
-1
-1
-1
-1
-1
-1
-1
-1
-1
-1
-1
-1
-1
-1
-1
-1
-1
-1
-1
-1
-1
-1
-1
-1
-1
-1
-1
-1
-1
-1
-1
-1
-1
-1
-1
-1
-1
-1
-1
-1
-1
-1
-1
-1
-1
-1
-1
-1
-1
-1
0 26 13
2 30 39
2 31 39
2 32 39
2 33 39
5 34 39
1 34 40
1 34 41
1 34 42
3 34 43
-1
-1
-1
-1
-1
-1
-1
-1
-1
-1
-1
-1
-1
-1
-1
-1
0 35 43
1 26 14
4 26 15
6 25 15
1 25 16
4 25 17
2 24 17
2 23 17
2 22 17
2 21 17
2 20 17
2 19 17
2 18 17
2 17 17
2 16 17
2 15 17
-1
-1
-1
-1
-1
0 14 17
1 5 46
5 5 45
-1
-1
-1
-1
-1
-1
-1
-1
-1
-1
0 4 45
1 26 12
6 26 11
2 27 11
2 28 11
-1
-1
-1
-1
-1
-1
0 29 11
2 36 43
2 37 43
4 38 43
1 38 42
1 38 41
1 38 40
1 38 39
1 38 38
1 38 37
1 38 36
0 38 35
1 4 44
1 4 43
1 4 42
1 4 41
1 4 40
1 4 39
1 4 38
0 4 37
2 39 35
4 40 35
1 40 34
6 40 33
2 41 33
4 42 33
1 42 32
1 42 31
1 42 30
0 42 29
1 29 12
1 29 13
3 29 14
2 30 14
0 31 14
1 29 10
1 29 9
1 29 8
1 29 7
6 29 6
2 30 6
2 31 6
0 32 6
-1
0 10 47
1 42 28
1 42 27
1 42 26
5 42 25
3 41 25
1 41 24
0 41 23
4 14 18
6 13 18
1 13 19
4 13 20
6 12 20
1 12 21
0 12 22
0 27 39
2 13 22
2 14 22
0 15 22
1 27 40
1 27 41
1 27 42
0 27 43
0 19 17
1 19 18
1 19 19
1 19 20
3 19 21
0 20 21
1 41 22
1 41 21
6 41 20
2 42 20
2 43 20
2 44 20
2 45 20
2 46 20
0 47 20
0 27 36
0 13 42
0 10 42
0 27 23
3 25 13
1 25 12
1 25 11
5 25 10
0 24 10
2 4 47
2 3 47
2 2 47
0 1 47
1 20 22
1 20 23
1 20 24
0 20 25
0 38 43
0 39 43
6 24 9
2 25 9
0 26 9
0 4 42
0 13 39
0 12 20
1 4 36
1 4 35
1 4 34
1 4 33
0 4 32
0 32 39
6 3 32
4 3 33
0 2 33
2 3 42
0 2 42
0 41 25
0 42 33
1 4 31
1 4 30
0 4 29
5 5 37
0 5 38
0 4 28
0 27 28
0 27 33
1 26 8
1 26 7
1 26 6
1 26 5
5 26 4
2 25 4
3 24 4
0 24 3
1 14 16
1 14 15
1 14 14
0 14 13
1 10 48
0 10 49
5 43 29
3 43 30
2 44 30
0 45 30
3 40 23
1 40 22
1 40 21
1 40 20
5 40 19
2 39 19
0 38 19
2 37 19
2 36 19
0 35 19
1 20 26
1 20 27
1 20 28
0 20 29
0 25 15
2 11 22
6 10 22
4 10 23
0 9 23
2 8 23
2 7 23
0 6 23
1 32 5
1 32 4
6 32 3
2 33 3
2 34 3
2 35 3
0 36 3
2 28 43
0 29 43
0 27 14
2 37 3
2 38 3
0 39 3
2 46 30
0 47 30
1 12 23
1 12 24
1 12 25
1 12 26
0 12 27
0 40 35
1 12 28
1 12 29
0 12 30
3 39 44
2 40 44
0 41 44
1 20 30
1 20 31
1 20 32
0 20 33
0 28 28
2 29 28
2 30 28
2 31 28
2 32 28
0 33 28
0 21 21
1 39 4
1 39 5
3 39 6
0 40 6
0 5 45
0 19 25
1 31 15
4 31 16
0 30 16
5 12 19
2 11 19
2 10 19
2 9 19
0 8 19
2 26 43
2 25 43
0 24 43
2 41 29
2 40 29
0 39 29
0 5 48
6 13 13
4 13 14
2 12 14
0 11 14
6 15 21
2 16 21
0 17 21
1 24 44
0 24 45
1 38 18
1 38 17
1 38 16
6 38 15
2 39 15
0 40 15
1 13 43
3 13 44
2 14 44
0 15 44
2 19 29
0 18 29
2 40 3
2 41 3
2 42 3
2 43 3
2 44 3
2 45 3
2 46 3
2 47 3
0 48 3
2 41 15
2 42 15
0 43 15
2 42 44
2 43 44
2 44 44
2 45 44
0 46 44
1 40 36
3 40 37
2 41 37
2 42 37
0 43 37
1 48 4
1 48 5
1 48 6
1 48 7
0 48 8
1 46 45
1 46 46
4 46 47
0 45 47
1 48 9
4 48 10
2 47 10
2 46 10
0 45 10
2 5 23
2 4 23
3 3 23
1 3 22
5 3 21
0 2 21
0 16 39
6 33 27
0 34 27
2 37 35
2 36 35
0 35 35
2 44 15
2 45 15
2 46 15
0 47 15
6 23 3
4 23 4
2 22 4
2 21 4
0 20 4
6 26 33
4 26 34
2 25 34
0 24 34
5 5 32
3 5 33
2 6 33
0 7 33
2 1 42
0 0 42
4 28 36
6 28 35
2 29 35
0 30 35
2 23 45
2 22 45
2 21 45
6 20 45
0 20 46
1 20 34
1 20 35
0 20 36
1 47 31
1 47 32
1 47 33
1 47 34
0 47 35
1 2 20
1 2 19
1 2 18
1 2 17
1 2 16
1 2 15
1 2 14
1 2 13
1 2 12
1 2 11
1 2 10
0 2 9
2 19 4
2 18 4
2 17 4
2 16 4
3 15 4
1 15 3
1 15 2
1 15 1
5 15 0
2 14 0
0 13 0
1 31 13
6 31 12
2 32 12
2 33 12
2 34 12
0 35 12
0 34 39
3 1 21
1 1 20
1 1 19
1 1 18
0 1 17
-1
-1
-1
-1
-1
-1
-1
-1
-1
-1
-1
-1
-1
-1
-1
-1
-1
-1
-1
-1
-1
-1
-1
-1
-1
-1
-1
-1
-1
-1
-1
-1
-1
-1
-1
-1
-1
-1
-1
-1
-1
-1
-1
-1
-1
-1
-1
-1
-1
-1
-1
-1
-1
-1
-1
-1
-1
-1
-1
-1
-1
-1
-1
-1
-1
-1
-1
-1
-1
-1
-1
-1
-1
-1
-1
-1
-1
-1
-1
-1
-1
-1
-1
-1
-1
-1
-1
-1
-1
-1
-1
-1
-1
-1
-1
-1
-1
-1
-1
-1
-1
-1
-1
-1
-1
-1
-1
-1
-1
-1
-1
-1
-1
-1
-1
-1
-1
-1
-1
-1
-1
-1
-1
-1
-1
-1
-1
-1
-1
-1
-1
-1
-1
-1
-1
-1
-1
-1
-1
-1
-1
-1
-1
-1
-1
-1
-1
-1
-1
-1
-1
-1
-1
-1
-1
-1
-1
-1
-1
-1
-1
-1
-1
-1
-1
-1
-1
-1
-1
-1
-1
-1
-1
-1
-1
-1
-1
-1
-1
-1
-1
-1
-1
-1
-1
-1
-1
-1
-1
-1
-1
-1
-1
-1
-1
-1
-1
-1
-1
-1
-1
-1
-1
-1
-1
-1
-1
-1
-1
-1
-1
-1
-1
-1
-1
-1
-1
-1
-1
-1
-1
-1
