0 30 41
1 30 40
1 30 39
1 30 38
6 30 37
4 31 37
1 31 36
1 31 35
1 31 34
1 31 33
1 31 32
6 31 31
2 32 31
4 33 31
1 33 30
1 33 29
1 33 28
1 33 27
1 33 26
1 33 25
1 33 24
1 33 23
1 33 22
1 33 21
1 33 20
1 33 19
1 33 18
1 33 17
1 33 16
1 33 15
1 33 14
1 33 13
0 33 12
2 34 12
2 35 12
2 36 12
2 37 12
2 38 12
2 39 12
2 40 12
2 41 12
4 42 12
1 42 11
1 42 10
1 42 9
1 42 8
1 42 7
-1
-1
-1
-1
-1
-1
-1
-1
-1
-1
-1
-1
-1
-1
-1
-1
-1
-1
-1
-1
-1
-1
-1
-1
-1
0 42 6
3 29 41
1 29 40
1 29 39
1 29 38
1 29 37
1 29 36
1 29 35
5 29 34
2 28 34
2 27 34
-1
-1
-1
-1
-1
-1
-1
-1
-1
-1
-1
-1
-1
-1
-1
-1
-1
-1
-1
-1
-1
-1
-1
-1
-1
-1
-1
-1
-1
-1
-1
-1
-1
-1
-1
-1
-1
-1
-1
-1
-1
-1
0 26 34
-1
-1
-1
-1
-1
-1
-1
-1
-1
-1
-1
-1
-1
-1
-1
-1
-1
-1
-1
-1
-1
-1
-1
-1
-1
-1
-1
-1
-1
-1
0 42 12
1 33 11
5 33 10
2 32 10
2 31 10
2 30 10
3 29 10
1 29 9
1 29 8
1 29 7
1 29 6
-1
-1
-1
-1
-1
-1
-1
-1
-1
-1
-1
-1
-1
-1
-1
-1
-1
-1
-1
-1
0 29 5
4 26 35
2 25 35
2 24 35
2 23 35
2 22 35
2 21 35
2 20 35
2 19 35
2 18 35
2 17 35
2 16 35
2 15 35
2 14 35
2 13 35
2 12 35
2 11 35
2 10 35
2 9 35
2 8 35
2 7 35
2 6 35
-1
-1
-1
-1
-1
-1
-1
-1
-1
-1
-1
0 5 35
6 28 5
4 28 6
2 27 6
2 26 6
2 25 6
2 24 6
2 23 6
2 22 6
2 21 6
2 20 6
2 19 6
2 18 6
2 17 6
2 16 6
2 15 6
2 14 6
2 13 6
2 12 6
2 11 6
2 10 6
0 9 6
2 31 41
2 32 41
2 33 41
2 34 41
2 35 41
-1
-1
-1
-1
-1
-1
-1
-1
-1
0 36 41
1 42 5
1 42 4
1 42 3
5 42 2
2 41 2
-1
-1
-1
-1
-1
-1
-1
0 40 2
-1
-1
-1
-1
-1
-1
-1
-1
-1
-1
-1
0 7 35
1 36 42
1 36 43
1 36 44
4 36 45
-1
-1
-1
-1
-1
-1
0 35 45
-1
-1
-1
-1
-1
-1
-1
-1
0 18 35
1 7 36
1 7 37
1 7 38
1 7 39
1 7 40
1 7 41
1 7 42
3 7 43
2 8 43
5 9 43
1 9 44
1 9 45
0 9 46
1 9 7
1 9 8
1 9 9
3 9 10
-1
0 10 10
1 42 13
1 42 14
1 42 15
1 42 16
1 42 17
1 42 18
-1
-1
0 42 19
6 8 6
1 8 7
1 8 8
4 8 9
2 7 9
-1
-1
0 6 9
2 10 46
2 11 46
2 12 46
2 13 46
2 14 46
2 15 46
2 16 46
2 17 46
0 18 46
1 9 5
1 9 4
1 9 3
5 9 2
-1
0 8 2
-1
-1
-1
-1
-1
-1
0 29 10
1 42 20
1 42 21
1 42 22
1 42 23
1 42 24
1 42 25
1 42 26
3 42 27
2 43 27
2 44 27
0 45 27
-1
0 31 37
1 36 40
1 36 39
1 36 38
6 36 37
2 37 37
2 38 37
0 39 37
1 26 33
-1
-1
-1
0 26 32
-1
-1
-1
-1
0 29 7
2 11 10
2 12 10
2 13 10
2 14 10
0 15 10
1 10 11
1 10 12
1 10 13
1 10 14
1 10 15
1 10 16
4 10 17
0 9 17
-1
0 34 45
3 9 47
2 10 47
2 11 47
2 12 47
0 13 47
-1
-1
-1
-1
0 9 43
-1
-1
-1
0 33 14
1 7 34
1 7 33
1 7 32
1 7 31
1 7 30
0 7 29
1 45 28
1 45 29
1 45 30
0 45 31
1 18 36
1 18 37
1 18 38
0 18 39
6 25 32
4 25 33
2 24 33
0 23 33
3 9 18
2 10 18
2 11 18
0 12 18
1 39 36
5 39 35
-1
0 38 35
2 33 45
2 32 45
2 31 45
2 30 45
2 29 45
0 28 45
2 4 35
2 3 35
2 2 35
2 1 35
0 0 35
0 42 23
1 12 19
1 12 20
1 12 21
1 12 22
0 12 23
5 43 12
1 43 13
3 43 14
2 44 14
2 45 14
2 46 14
0 47 14
0 33 31
6 8 17
4 8 18
2 7 18
2 6 18
2 5 18
2 4 18
2 3 18
0 2 18
4 34 31
6 34 30
0 35 30
1 2 19
1 2 20
0 2 21
2 13 18
0 14 18
6 8 46
4 8 47
2 7 47
2 6 47
2 5 47
2 4 47
0 3 47
2 15 18
2 16 18
2 17 18
2 18 18
2 19 18
0 20 18
-1
-1
-1
-1
-1
-1
-1
-1
-1
-1
-1
-1
-1
-1
-1
-1
-1
-1
-1
-1
-1
-1
-1
-1
-1
-1
-1
-1
-1
-1
-1
-1
-1
-1
-1
-1
-1
-1
-1
-1
-1
-1
-1
-1
-1
-1
-1
-1
-1
-1
-1
-1
-1
-1
-1
-1
-1
-1
-1
-1
-1
-1
-1
-1
-1
-1
-1
-1
-1
-1
-1
-1
-1
-1
-1
-1
-1
-1
-1
-1
-1
-1
-1
-1
-1
-1
-1
-1
-1
-1
-1
-1
-1
-1
-1
-1
-1
-1
-1
-1
-1
-1
-1
-1
-1
-1
-1
-1
-1
-1
-1
-1
-1
-1
-1
-1
-1
-1
-1
-1
-1
-1
-1
-1
-1
-1
-1
-1
-1
-1
-1
-1
-1
-1
-1
-1
-1
-1
-1
-1
-1
-1
-1
-1
-1
-1
-1
-1
-1
-1
-1
-1
-1
-1
-1
-1
-1
-1
-1
-1
-1
-1
-1
-1
-1
-1
-1
-1
-1
-1
-1
-1
-1
-1
-1
-1
-1
-1
-1
-1
-1
-1
-1
-1
-1
-1
-1
-1
-1
-1
-1
-1
-1
-1
-1
-1
-1
-1
-1
-1
-1
-1
-1
-1
-1
-1
-1
-1
-1
-1
-1
-1
-1
-1
-1
-1
-1
-1
-1
-1
-1
-1
-1
-1
-1
-1
-1
-1
-1
-1
-1
-1
-1
-1
-1
-1
-1
-1
-1
-1
-1
-1
-1
-1
-1
-1
-1
-1
-1
-1
-1
-1
-1
-1
-1
-1
-1
-1
-1
-1
-1
-1
-1
-1
-1
-1
-1
-1
-1
-1
-1
-1
-1
-1
-1
-1
-1
-1
-1
-1
-1
-1
-1
-1
-1
-1
-1
-1
-1
-1
-1
-1
-1
-1
-1
-1
-1
-1
-1
-1
-1
