0 4 19
1 4 20
1 4 21
3 4 22
2 5 22
5 6 22
1 6 23
3 6 24
2 7 24
2 8 24
5 9 24
1 9 25
3 9 26
2 10 26
2 11 26
5 12 26
1 12 27
3 12 28
2 13 28
2 14 28
2 15 28
2 16 28
2 17 28
2 18 28
2 19 28
2 20 28
5 21 28
1 21 29
3 21 30
2 22 30
2 23 30
2 24 30
2 25 30
2 26 30
2 27 30
2 28 30
2 29 30
5 30 30
3 30 31
5 31 31
1 31 32
1 31 33
1 31 34
3 31 35
0 32 35
1 4 18
1 4 17
1 4 16
1 4 15
-1
-1
-1
-1
-1
-1
-1
-1
-1
-1
-1
-1
-1
-1
-1
-1
-1
-1
-1
-1
-1
-1
-1
-1
-1
-1
-1
-1
-1
-1
-1
-1
-1
-1
-1
-1
-1
-1
-1
-1
-1
-1
-1
-1
-1
-1
-1
-1
-1
-1
-1
-1
-1
-1
-1
-1
-1
0 4 14
4 32 36
2 31 36
2 30 36
2 29 36
2 28 36
2 27 36
6 26 36
1 26 37
1 26 38
-1
-1
-1
-1
-1
-1
-1
-1
-1
-1
-1
-1
-1
-1
-1
-1
-1
-1
-1
-1
-1
-1
-1
0 26 39
1 32 34
6 32 33
2 33 33
4 34 33
1 34 32
1 34 31
1 34 30
1 34 29
1 34 28
1 34 27
1 34 26
1 34 25
1 34 24
1 34 23
6 34 22
2 35 22
4 36 22
1 36 21
1 36 20
1 36 19
1 36 18
1 36 17
1 36 16
-1
-1
-1
0 36 15
2 37 15
2 38 15
2 39 15
4 40 15
1 40 14
1 40 13
1 40 12
1 40 11
1 40 10
1 40 9
-1
-1
-1
-1
-1
-1
0 40 8
2 3 19
6 2 19
1 2 20
1 2 21
1 2 22
1 2 23
1 2 24
1 2 25
-1
-1
-1
-1
-1
-1
0 2 26
1 4 13
1 4 12
1 4 11
1 4 10
1 4 9
1 4 8
1 4 7
6 4 6
2 5 6
2 6 6
2 7 6
2 8 6
2 9 6
4 10 6
1 10 5
6 10 4
2 11 4
2 12 4
2 13 4
2 14 4
2 15 4
2 16 4
2 17 4
2 18 4
0 19 4
0 30 30
1 30 29
1 30 28
1 30 27
5 30 26
-1
-1
-1
0 29 26
-1
-1
-1
-1
-1
-1
-1
0 4 9
-1
-1
-1
-1
-1
0 34 33
1 26 40
3 26 41
2 27 41
2 28 41
2 29 41
2 30 41
0 31 41
2 3 9
6 2 9
1 2 10
-1
0 2 11
6 35 15
1 35 16
1 35 17
1 35 18
4 35 19
2 34 19
2 33 19
0 32 19
6 3 14
1 3 15
0 3 16
1 32 18
5 32 17
2 31 17
3 30 17
1 30 16
1 30 15
1 30 14
1 30 13
0 30 12
0 26 36
1 2 27
1 2 28
1 2 29
0 2 30
2 31 12
2 32 12
4 33 12
1 33 11
6 33 10
0 34 10
1 40 7
1 40 6
6 40 5
2 41 5
2 42 5
2 43 5
2 44 5
2 45 5
2 46 5
0 47 5
2 32 41
0 33 41
0 2 23
1 30 11
1 30 10
0 30 9
1 47 4
1 47 3
0 47 2
5 41 8
1 41 9
3 41 10
0 42 10
0 6 22
2 29 9
2 28 9
2 27 9
2 26 9
2 25 9
0 24 9
0 12 26
1 42 11
1 42 12
1 42 13
1 42 14
0 42 15
0 30 17
1 42 16
1 42 17
1 42 18
3 42 19
2 43 19
0 44 19
0 28 36
0 34 27
4 5 19
6 5 18
0 6 18
1 28 35
0 28 34
0 13 4
6 25 39
4 25 40
2 24 40
0 23 40
0 42 11
1 32 20
1 32 21
1 32 22
0 32 23
0 2 19
0 2 9
2 23 9
2 22 9
2 21 9
0 20 9
0 28 41
1 20 10
1 20 11
1 20 12
0 20 13
0 27 30
0 10 6
0 36 22
0 44 5
0 15 28
3 44 20
2 45 20
2 46 20
0 47 20
2 22 40
0 21 40
0 19 13
0 31 31
6 33 40
2 34 40
0 35 40
2 36 40
2 37 40
2 38 40
2 39 40
0 40 40
3 39 8
5 39 7
0 38 7
0 21 13
0 33 12
0 21 28
1 40 39
1 40 38
1 40 37
1 40 36
0 40 35
2 41 35
2 42 35
2 43 35
0 44 35
1 44 34
1 44 33
1 44 32
0 44 31
6 6 17
2 7 17
2 8 17
2 9 17
2 10 17
0 11 17
1 47 6
1 47 7
0 47 8
5 20 8
2 19 8
2 18 8
0 17 8
0 11 16
1 19 14
1 19 15
1 19 16
1 19 17
1 19 18
0 19 19
0 40 41
5 29 25
2 28 25
2 27 25
0 26 25
0 9 24
2 25 25
0 24 25
2 3 26
0 4 26
1 26 24
1 26 23
0 26 22
1 4 27
3 4 28
2 5 28
2 6 28
0 7 28
2 45 35
0 46 35
0 27 34
2 35 27
2 36 27
2 37 27
2 38 27
4 39 27
0 39 26
1 21 39
1 21 38
1 21 37
1 21 36
1 21 35
5 21 34
0 20 34
3 19 20
2 20 20
0 21 20
2 37 7
2 36 7
0 35 7
1 30 8
1 30 7
1 30 6
1 30 5
1 30 4
1 30 3
1 30 2
0 30 1
2 18 13
0 17 13
1 24 10
0 24 11
6 41 15
1 41 16
4 41 17
0 40 17
0 17 4
0 8 6
2 35 33
0 36 33
0 17 14
1 23 41
1 23 42
0 23 43
1 36 32
1 36 31
0 36 30
1 8 5
1 8 4
6 8 3
0 9 3
1 47 21
1 47 22
1 47 23
4 47 24
2 46 24
0 45 24
6 29 1
1 29 2
1 29 3
4 29 4
0 28 4
0 1 23
1 23 44
1 23 45
1 23 46
0 23 47
2 31 9
0 32 9
1 2 31
1 2 32
1 2 33
1 2 34
1 2 35
1 2 36
1 2 37
1 2 38
0 2 39
1 2 40
1 2 41
0 2 42
2 20 4
0 21 4
0 24 47
1 31 40
1 31 39
0 31 38
1 47 9
1 47 10
1 47 11
1 47 12
0 47 13
0 24 8
1 2 8
1 2 7
1 2 6
1 2 5
1 2 4
0 2 3
1 35 41
1 35 42
0 35 43
2 3 39
2 4 39
2 5 39
0 6 39
6 21 19
2 22 19
4 23 19
1 23 18
6 23 17
0 24 17
1 39 25
1 39 24
6 39 23
2 40 23
0 41 23
6 21 3
2 22 3
2 23 3
0 24 3
6 18 19
1 18 20
1 18 21
1 18 22
0 18 23
1 2 43
1 2 44
1 2 45
1 2 46
1 2 47
3 2 48
0 3 48
1 6 38
1 6 37
1 6 36
1 6 35
6 6 34
2 7 34
0 8 34
0 39 8
2 7 39
2 8 39
2 9 39
2 10 39
0 11 39
-1
-1
-1
-1
-1
-1
-1
-1
-1
-1
-1
-1
-1
-1
-1
-1
-1
-1
-1
-1
-1
-1
-1
-1
-1
-1
-1
-1
-1
-1
-1
-1
-1
-1
-1
-1
-1
-1
-1
-1
-1
-1
-1
-1
-1
-1
-1
-1
-1
-1
-1
-1
-1
-1
-1
-1
-1
-1
-1
-1
-1
-1
-1
-1
-1
-1
-1
-1
-1
-1
-1
-1
-1
-1
-1
-1
-1
-1
-1
-1
-1
-1
-1
-1
-1
-1
-1
-1
-1
-1
-1
-1
-1
-1
-1
-1
-1
-1
-1
-1
-1
-1
-1
-1
-1
-1
-1
-1
-1
-1
-1
-1
-1
-1
-1
-1
-1
-1
-1
-1
-1
-1
-1
-1
-1
-1
-1
-1
-1
-1
-1
-1
-1
-1
-1
-1
-1
-1
-1
-1
-1
-1
-1
-1
-1
-1
-1
-1
-1
-1
-1
-1
-1
-1
-1
-1
-1
-1
-1
-1
-1
-1
-1
-1
-1
-1
-1
-1
-1
-1
-1
-1
-1
-1
-1
-1
-1
-1
-1
-1
-1
-1
-1
-1
-1
-1
-1
-1
-1
-1
-1
-1
-1
-1
-1
-1
-1
-1
-1
-1
-1
-1
-1
-1
-1
-1
-1
-1
-1
-1
-1
-1
-1
