0 36 4
1 36 5
1 36 6
1 36 7
1 36 8
1 36 9
1 36 10
1 36 11
1 36 12
1 36 13
1 36 14
4 36 15
6 35 15
4 35 16
2 34 16
2 33 16
2 32 16
6 31 16
1 31 17
1 31 18
1 31 19
1 31 20
1 31 21
1 31 22
4 31 23
2 30 23
6 29 23
1 29 24
1 29 25
1 29 26
1 29 27
1 29 28
1 29 29
4 29 30
2 28 30
2 27 30
2 26 30
2 25 30
2 24 30
2 23 30
2 22 30
2 21 30
2 20 30
2 19 30
2 18 30
2 17 30
2 16 30
2 15 30
2 14 30
2 13 30
2 12 30
2 11 30
2 10 30
2 9 30
2 8 30
2 7 30
0 6 30
1 6 31
1 6 32
1 6 33
1 6 34
1 6 35
1 6 36
1 6 37
1 6 38
4 6 39
6 5 39
1 5 40
1 5 41
1 5 42
1 5 43
4 5 44
-1
-1
-1
-1
-1
-1
-1
-1
-1
-1
-1
-1
-1
-1
-1
-1
-1
-1
-1
-1
-1
-1
-1
-1
-1
-1
-1
-1
-1
-1
-1
-1
-1
-1
-1
-1
-1
-1
-1
-1
-1
-1
0 4 44
-1
-1
-1
-1
-1
-1
-1
-1
-1
-1
-1
-1
-1
-1
-1
-1
-1
-1
-1
0 36 10
1 36 3
-1
-1
-1
-1
-1
-1
-1
-1
-1
-1
-1
-1
-1
-1
0 36 2
-1
-1
-1
-1
-1
-1
-1
-1
-1
-1
-1
-1
0 31 20
1 4 45
3 4 46
2 5 46
2 6 46
-1
-1
-1
-1
-1
-1
-1
-1
0 7 46
2 37 10
2 38 10
2 39 10
2 40 10
2 41 10
2 42 10
2 43 10
2 44 10
2 45 10
-1
-1
0 46 10
-1
-1
-1
-1
-1
-1
-1
-1
0 29 30
1 7 45
1 7 44
1 7 43
1 7 42
6 7 41
2 8 41
2 9 41
2 10 41
2 11 41
2 12 41
2 13 41
0 14 41
2 30 30
2 31 30
2 32 30
2 33 30
2 34 30
2 35 30
2 36 30
2 37 30
5 38 30
3 38 31
2 39 31
2 40 31
2 41 31
5 42 31
1 42 32
1 42 33
1 42 34
3 42 35
2 43 35
2 44 35
2 45 35
2 46 35
0 47 35
6 3 44
1 3 45
0 3 46
0 5 39
3 35 10
1 35 9
5 35 8
0 34 8
1 5 38
5 5 37
2 4 37
2 3 37
-1
0 2 37
1 46 9
6 46 8
2 47 8
2 48 8
-1
0 49 8
1 29 31
1 29 32
1 29 33
3 29 34
0 30 34
-1
-1
-1
-1
0 29 26
6 28 26
1 28 27
4 28 28
2 27 28
0 26 28
1 46 11
1 46 12
1 46 13
1 46 14
0 46 15
1 30 35
1 30 36
4 30 37
2 29 37
2 28 37
2 27 37
2 26 37
0 25 37
3 45 15
5 45 14
0 44 14
1 25 38
1 25 39
1 25 40
1 25 41
1 25 42
1 25 43
1 25 44
0 25 45
5 4 43
2 3 43
2 2 43
0 1 43
1 25 46
1 25 47
4 25 48
0 24 48
0 35 4
5 37 4
3 37 5
5 38 5
1 38 6
0 38 7
0 6 34
1 14 42
1 14 43
1 14 44
1 14 45
3 14 46
0 15 46
1 47 34
1 47 33
1 47 32
1 47 31
1 47 30
1 47 29
1 47 28
1 47 27
6 47 26
0 48 26
0 38 30
2 16 46
2 17 46
0 18 46
0 23 48
0 38 5
1 6 29
1 6 28
1 6 27
1 6 26
1 6 25
1 6 24
1 6 23
1 6 22
0 6 21
0 42 31
0 35 15
1 6 20
1 6 19
1 6 18
1 6 17
6 6 16
0 7 16
0 31 16
0 25 43
5 25 36
2 24 36
2 23 36
2 22 36
0 21 36
0 45 35
2 30 16
2 29 16
2 28 16
2 27 16
2 26 16
0 25 16
0 5 40
0 40 31
5 7 34
1 7 35
1 7 36
3 7 37
2 8 37
0 9 37
0 47 34
0 44 10
3 7 17
2 8 17
2 9 17
2 10 17
0 11 17
0 29 24
4 26 29
2 25 29
0 24 29
1 25 15
6 25 14
0 26 14
2 26 43
2 27 43
2 28 43
0 29 43
0 29 23
1 11 18
1 11 19
1 11 20
1 11 21
3 11 22
2 12 22
2 13 22
0 14 22
1 38 29
1 38 28
1 38 27
0 38 26
1 9 36
1 9 35
1 9 34
6 9 33
2 10 33
0 11 33
2 35 2
2 34 2
2 33 2
2 32 2
2 31 2
2 30 2
2 29 2
0 28 2
1 11 34
3 11 35
2 12 35
2 13 35
0 14 35
1 14 23
3 14 24
2 15 24
2 16 24
0 17 24
1 7 15
1 7 14
1 7 13
1 7 12
1 7 11
1 7 10
1 7 9
1 7 8
1 7 7
1 7 6
1 7 5
1 7 4
5 7 3
2 6 3
0 5 3
2 32 20
2 33 20
2 34 20
2 35 20
0 36 20
1 25 17
1 25 18
1 25 19
1 25 20
0 25 21
6 5 21
1 5 22
4 5 23
2 4 23
0 3 23
-1
-1
-1
-1
-1
-1
-1
-1
-1
-1
-1
-1
-1
-1
-1
-1
-1
-1
-1
-1
-1
-1
-1
-1
-1
-1
-1
-1
-1
-1
-1
-1
-1
-1
-1
-1
-1
-1
-1
-1
-1
-1
-1
-1
-1
-1
-1
-1
-1
-1
-1
-1
-1
-1
-1
-1
-1
-1
-1
-1
-1
-1
-1
-1
-1
-1
-1
-1
-1
-1
-1
-1
-1
-1
-1
-1
-1
-1
-1
-1
-1
-1
-1
-1
-1
-1
-1
-1
-1
-1
-1
-1
-1
-1
-1
-1
-1
-1
-1
-1
-1
-1
-1
-1
-1
-1
-1
-1
-1
-1
-1
-1
-1
-1
-1
-1
-1
-1
-1
-1
-1
-1
-1
-1
-1
-1
-1
-1
-1
-1
-1
-1
-1
-1
-1
-1
-1
-1
-1
-1
-1
-1
-1
-1
-1
-1
-1
-1
-1
-1
-1
-1
-1
-1
-1
-1
-1
-1
-1
-1
-1
-1
-1
-1
-1
-1
-1
-1
-1
-1
-1
-1
-1
-1
-1
-1
-1
-1
-1
-1
-1
-1
-1
-1
-1
-1
-1
-1
-1
-1
-1
-1
-1
-1
-1
-1
-1
-1
-1
-1
-1
-1
-1
-1
-1
-1
-1
-1
-1
-1
-1
-1
-1
-1
-1
-1
-1
-1
-1
-1
-1
-1
-1
-1
-1
-1
-1
-1
-1
-1
-1
-1
-1
-1
-1
-1
-1
-1
-1
-1
-1
-1
-1
-1
-1
-1
-1
-1
-1
-1
-1
-1
-1
-1
-1
-1
-1
-1
-1
-1
-1
-1
-1
-1
-1
-1
-1
-1
-1
-1
-1
-1
-1
-1
-1
-1
-1
-1
-1
-1
-1
-1
-1
-1
-1
-1
-1
-1
-1
-1
-1
-1
-1
-1
-1
-1
-1
-1
-1
-1
-1
-1
-1
-1
-1
-1
-1
-1
-1
-1
-1
-1
-1
-1
-1
-1
-1
-1
-1
-1
-1
-1
-1
-1
-1
-1
-1
-1
-1
-1
-1
-1
-1
-1
-1
-1
-1
-1
-1
-1
-1
-1
-1
-1
-1
-1
-1
