0 1 21
1 1 22
1 1 23
1 1 24
1 1 25
1 1 26
1 1 27
1 1 28
1 1 29
1 1 30
1 1 31
3 1 32
2 2 32
2 3 32
2 4 32
2 5 32
2 6 32
5 7 32
1 7 33
3 7 34
2 8 34
2 9 34
2 10 34
2 11 34
2 12 34
2 13 34
2 14 34
2 15 34
5 16 34
1 16 35
1 16 36
3 16 37
2 17 37
2 18 37
2 19 37
2 20 37
2 21 37
2 22 37
2 23 37
2 24 37
5 25 37
1 25 38
3 25 39
2 26 39
2 27 39
2 28 39
2 29 39
2 30 39
2 31 39
2 32 39
2 33 39
2 34 39
2 35 39
2 36 39
2 37 39
2 38 39
2 39 39
0 40 39
1 40 40
1 40 41
1 40 42
1 40 43
3 40 44
2 41 44
2 42 44
2 43 44
-1
-1
-1
-1
-1
-1
-1
-1
-1
-1
-1
-1
-1
-1
-1
-1
-1
-1
-1
-1
-1
-1
-1
-1
-1
-1
-1
-1
-1
-1
-1
-1
-1
-1
-1
-1
-1
-1
-1
-1
-1
-1
-1
-1
-1
-1
-1
-1
-1
-1
-1
-1
-1
-1
-1
-1
-1
-1
-1
-1
-1
-1
-1
-1
-1
-1
-1
0 44 44
1 1 20
6 1 19
2 2 19
2 3 19
2 4 19
2 5 19
2 6 19
2 7 19
4 8 19
1 8 18
1 8 17
1 8 16
6 8 15
4 9 15
1 9 14
1 9 13
1 9 12
1 9 11
1 9 10
1 9 9
1 9 8
1 9 7
1 9 6
1 9 5
1 9 4
6 9 3
2 10 3
2 11 3
2 12 3
2 13 3
2 14 3
-1
-1
-1
-1
-1
-1
-1
-1
-1
-1
-1
-1
-1
-1
-1
-1
-1
-1
-1
-1
-1
-1
-1
-1
-1
-1
-1
-1
-1
-1
-1
-1
0 15 3
-1
-1
-1
-1
-1
-1
-1
-1
-1
-1
-1
-1
-1
-1
-1
-1
-1
-1
-1
-1
-1
-1
-1
-1
0 9 3
2 45 44
2 46 44
2 47 44
-1
-1
-1
-1
-1
-1
-1
-1
-1
-1
-1
-1
-1
-1
-1
-1
-1
-1
-1
-1
-1
-1
-1
0 48 44
1 15 4
1 15 5
1 15 6
1 15 7
1 15 8
1 15 9
1 15 10
3 15 11
2 16 11
2 17 11
2 18 11
5 19 11
1 19 12
1 19 13
1 19 14
1 19 15
1 19 16
-1
-1
-1
-1
-1
-1
0 19 17
2 20 17
5 21 17
1 21 18
1 21 19
-1
-1
-1
-1
-1
-1
-1
-1
-1
-1
-1
0 21 20
1 40 38
1 40 37
1 40 36
1 40 35
1 40 34
1 40 33
1 40 32
5 40 31
2 39 31
2 38 31
2 37 31
2 36 31
3 35 31
5 35 30
-1
-1
0 34 30
-1
-1
-1
-1
-1
-1
-1
-1
-1
-1
-1
0 9 15
4 44 45
2 43 45
2 42 45
2 41 45
2 40 45
2 39 45
2 38 45
2 37 45
-1
-1
-1
0 36 45
-1
-1
-1
-1
-1
-1
-1
-1
-1
0 4 32
1 34 29
1 34 28
1 34 27
6 34 26
4 35 26
1 35 25
1 35 24
1 35 23
1 35 22
1 35 21
0 35 20
1 35 19
1 35 18
1 35 17
1 35 16
1 35 15
1 35 14
1 35 13
1 35 12
1 35 11
1 35 10
1 35 9
1 35 8
5 35 7
2 34 7
2 33 7
2 32 7
0 31 7
4 41 39
1 41 38
1 41 37
1 41 36
0 41 35
1 21 21
1 21 22
1 21 23
1 21 24
1 21 25
3 21 26
2 22 26
2 23 26
0 24 26
-1
-1
-1
0 38 45
2 8 3
2 7 3
2 6 3
2 5 3
-1
-1
0 4 3
1 41 34
1 41 33
1 41 32
1 41 31
1 41 30
5 41 29
0 40 29
6 31 6
2 32 6
2 33 6
2 34 6
2 35 6
2 36 6
2 37 6
2 38 6
2 39 6
2 40 6
2 41 6
2 42 6
2 43 6
0 44 6
2 45 6
2 46 6
0 47 6
-1
0 9 8
1 40 28
1 40 27
6 40 26
2 41 26
2 42 26
0 43 26
-1
-1
-1
-1
0 8 19
-1
-1
-1
-1
0 47 7
-1
-1
-1
0 12 34
-1
-1
-1
0 19 13
-1
-1
-1
-1
0 25 37
1 25 36
1 25 35
1 25 34
0 25 33
1 43 25
1 43 24
1 43 23
1 43 22
1 43 21
1 43 20
6 43 19
2 44 19
2 45 19
0 46 19
0 9 11
-1
0 31 39
2 8 8
2 7 8
2 6 8
0 5 8
1 12 33
1 12 32
1 12 31
1 12 30
5 12 29
0 11 29
1 11 28
1 11 27
1 11 26
6 11 25
0 12 25
0 43 6
-1
-1
0 21 17
-1
-1
-1
0 35 26
2 10 8
-1
0 11 8
1 21 16
6 21 15
2 22 15
2 23 15
2 24 15
2 25 15
0 26 15
0 17 37
2 24 33
2 23 33
0 22 33
6 20 20
4 20 21
2 19 21
0 18 21
3 9 16
2 10 16
0 11 16
-1
0 7 32
1 26 14
1 26 13
1 26 12
1 26 11
0 26 10
1 17 38
1 17 39
1 17 40
1 17 41
1 17 42
1 17 43
1 17 44
1 17 45
1 17 46
1 17 47
0 17 48
-1
-1
-1
-1
-1
-1
-1
-1
-1
-1
-1
-1
-1
-1
-1
-1
-1
-1
-1
-1
-1
-1
-1
-1
-1
-1
-1
-1
-1
-1
-1
-1
-1
-1
-1
-1
-1
-1
-1
-1
-1
-1
-1
-1
-1
-1
-1
-1
-1
-1
-1
-1
-1
-1
-1
-1
-1
-1
-1
-1
-1
-1
-1
-1
-1
-1
-1
-1
-1
-1
-1
-1
-1
-1
-1
-1
-1
-1
-1
-1
-1
-1
-1
-1
-1
-1
-1
-1
-1
-1
-1
-1
-1
-1
-1
-1
-1
-1
-1
-1
-1
-1
-1
-1
-1
-1
-1
-1
-1
-1
-1
-1
-1
-1
-1
-1
-1
-1
-1
-1
-1
-1
-1
-1
-1
-1
-1
-1
-1
-1
-1
-1
-1
-1
-1
-1
-1
-1
-1
-1
-1
-1
-1
-1
-1
-1
-1
-1
-1
-1
-1
-1
-1
-1
-1
-1
-1
-1
-1
-1
-1
-1
-1
-1
-1
-1
-1
-1
-1
-1
-1
-1
-1
-1
-1
-1
-1
-1
-1
-1
-1
-1
-1
-1
-1
-1
-1
-1
-1
-1
-1
-1
-1
-1
-1
-1
-1
-1
-1
-1
-1
-1
-1
-1
-1
-1
-1
-1
-1
-1
-1
-1
-1
-1
-1
-1
-1
-1
-1
-1
-1
-1
-1
-1
-1
-1
-1
-1
-1
-1
-1
-1
-1
-1
-1
-1
-1
-1
-1
-1
-1
-1
-1
-1
-1
-1
-1
-1
-1
-1
-1
-1
-1
-1
-1
-1
-1
-1
-1
-1
-1
-1
-1
-1
-1
-1
-1
-1
-1
-1
-1
-1
