0 2 44
2 3 44
2 4 44
4 5 44
1 5 43
1 5 42
1 5 41
1 5 40
1 5 39
1 5 38
1 5 37
1 5 36
6 5 35
4 6 35
6 6 34
2 7 34
2 8 34
0 9 34
1 2 45
1 2 46
0 2 47
2 10 34
2 11 34
4 12 34
1 12 33
1 12 32
6 12 31
2 13 31
2 14 31
4 15 31
1 15 30
1 15 29
1 15 28
6 15 27
2 16 27
2 17 27
2 18 27
2 19 27
2 20 27
2 21 27
2 22 27
2 23 27
2 24 27
2 25 27
2 26 27
2 27 27
4 28 27
1 28 26
6 28 25
2 29 25
2 30 25
2 31 25
2 32 25
2 33 25
2 34 25
2 35 25
2 36 25
2 37 25
2 38 25
2 39 25
2 40 25
0 41 25
2 42 25
4 43 25
6 43 24
2 44 24
4 45 24
1 45 23
1 45 22
6 45 21
2 46 21
0 47 21
1 41 26
1 41 27
3 41 28
2 42 28
2 43 28
2 44 28
2 45 28
0 46 28
2 3 47
0 4 47
1 41 24
1 41 23
1 41 22
0 41 21
1 47 20
1 47 19
1 47 18
0 47 17
1 41 20
0 41 19
1 9 35
1 9 36
3 9 37
0 10 37
0 13 31
5 13 30
2 12 30
0 11 30
0 5 44
-1
0 45 24
2 10 30
2 9 30
2 8 30
0 7 30
1 7 29
1 7 28
0 7 27
0 28 26
0 12 34
2 46 24
2 47 24
0 48 24
0 1 44
0 5 41
0 2 48
0 39 25
0 22 27
0 46 21
0 5 39
0 43 28
0 6 35
0 15 27
0 43 25
0 9 37
1 10 38
0 10 39
1 41 18
0 41 17
0 33 25
1 33 24
1 33 23
0 33 22
0 30 25
2 13 34
0 14 34
1 41 16
0 41 15
1 41 14
1 41 13
0 41 12
0 36 25
2 40 15
2 39 15
2 38 15
0 37 15
0 11 29
1 11 28
1 11 27
0 11 26
0 11 25
0 43 29
0 10 40
5 37 14
2 36 14
2 35 14
3 34 14
0 34 13
2 5 47
0 6 47
1 7 26
0 7 25
1 43 30
1 43 31
1 43 32
1 43 33
0 43 34
2 44 34
0 45 34
2 6 30
0 5 30
1 33 21
1 33 20
0 33 19
0 5 35
1 41 11
1 41 10
1 41 9
1 41 8
1 41 7
1 41 6
1 41 5
0 41 4
2 42 4
2 43 4
0 44 4
2 40 4
2 39 4
2 38 4
2 37 4
2 36 4
0 35 4
1 35 3
5 35 2
2 34 2
2 33 2
2 32 2
2 31 2
0 30 2
2 29 2
2 28 2
0 27 2
1 30 3
1 30 4
0 30 5
5 27 1
2 26 1
0 25 1
1 25 2
1 25 3
1 25 4
0 25 5
1 10 41
1 10 42
1 10 43
0 10 44
0 32 2
5 7 24
2 6 24
2 5 24
0 4 24
1 4 23
1 4 22
0 4 21
0 30 6
0 7 31
1 44 3
1 44 2
0 44 1
2 5 21
0 6 21
2 3 21
2 2 21
0 1 21
0 32 19
0 15 31
2 42 34
0 41 34
0 20 27
0 6 39
2 42 19
0 43 19
1 35 5
1 35 6
3 35 7
0 36 7
0 40 34
5 40 33
2 39 33
0 38 33
4 4 25
2 3 25
0 2 25
0 41 35
0 33 13
0 33 14
0 46 29
2 24 5
0 23 5
0 22 5
1 23 6
1 23 7
0 23 8
1 23 9
1 23 10
1 23 11
0 23 12
0 24 12
1 15 26
0 15 25
1 47 16
1 47 15
0 47 14
2 25 12
0 26 12
0 45 4
2 4 39
2 3 39
2 2 39
0 1 39
0 0 44
0 34 2
0 6 48
1 20 26
1 20 25
1 20 24
0 20 23
5 20 22
0 19 22
0 4 35
1 10 45
0 10 46
1 45 35
1 45 36
0 45 37
0 22 8
1 45 38
1 45 39
0 45 40
4 45 41
2 44 41
0 43 41
2 4 30
0 3 30
2 11 46
2 12 46
0 13 46
0 21 23
0 48 21
2 14 46
0 15 46
0 1 38
1 15 45
1 15 44
1 15 43
0 15 42
0 34 19
0 4 41
2 22 12
2 21 12
0 20 12
2 19 12
0 18 12
2 17 12
0 16 12
1 16 11
1 16 10
0 16 9
0 15 9
1 36 8
0 36 9
1 16 13
1 16 14
4 16 15
0 15 15
0 10 41
0 38 25
1 4 20
1 4 19
0 4 18
1 4 17
1 4 16
0 4 15
1 4 14
1 4 13
0 4 12
2 3 15
0 2 15
2 46 14
0 45 14
1 15 41
1 15 40
6 15 39
0 16 39
2 17 39
2 18 39
0 19 39
1 15 16
0 15 17
2 20 39
2 21 39
0 22 39
2 23 39
0 24 39
0 25 39
2 26 39
2 27 39
2 28 39
2 29 39
0 30 39
1 24 38
1 24 37
1 24 36
1 24 35
0 24 34
0 45 1
2 23 34
2 22 34
0 21 34
5 46 40
1 46 41
1 46 42
1 46 43
1 46 44
0 46 45
2 46 37
2 47 37
0 48 37
2 40 21
2 39 21
0 38 21
0 31 39
1 15 8
0 15 7
2 32 39
2 33 39
2 34 39
0 35 39
6 4 11
2 5 11
2 6 11
0 7 11
1 25 40
0 25 41
6 26 11
2 27 11
0 28 11
1 20 28
4 20 29
0 19 29
0 46 30
0 28 10
2 25 34
2 26 34
0 27 34
0 28 27
1 27 33
0 27 32
0 11 24
1 35 40
0 35 41
1 19 21
6 19 20
0 20 20
1 20 19
1 20 18
0 20 17
2 2 30
2 1 30
0 0 30
3 30 7
0 31 7
0 43 18
1 41 3
0 41 2
2 11 39
2 12 39
0 13 39
1 35 42
1 35 43
1 35 44
1 35 45
1 35 46
0 35 47
2 32 14
2 31 14
0 30 14
0 32 39
1 22 4
5 22 3
2 21 3
2 20 3
0 19 3
0 19 27
0 27 1
2 6 44
0 7 44
1 11 23
0 11 22
0 37 7
3 14 35
2 15 35
2 16 35
0 17 35
0 42 41
1 33 26
1 33 27
0 33 28
1 0 31
0 0 32
2 1 15
0 0 15
1 48 36
1 48 35
1 48 34
6 48 33
0 49 33
4 33 29
6 32 29
0 32 30
2 16 17
0 17 17
0 41 22
3 34 47
5 34 46
3 33 46
0 33 45
0 16 46
3 27 26
1 27 25
0 27 24
0 37 21
1 10 47
0 10 48
4 28 24
1 28 23
0 28 22
2 14 9
0 13 9
0 28 21
0 1 48
2 32 45
2 31 45
2 30 45
2 29 45
0 28 45
2 14 7
2 13 7
2 12 7
0 11 7
0 27 45
2 24 1
0 23 1
1 27 46
4 27 47
0 26 47
2 25 47
2 24 47
0 23 47
4 23 48
0 22 48
1 38 32
1 38 31
0 38 30
0 16 25
1 11 6
5 11 5
0 10 5
5 19 2
2 18 2
2 17 2
0 16 2
0 16 7
1 10 4
1 10 3
5 10 2
2 9 2
2 8 2
0 7 2
1 38 34
0 38 35
6 34 1
2 35 1
0 36 1
0 1 25
4 7 3
0 6 3
1 24 13
1 24 14
1 24 15
0 24 16
3 5 3
5 5 2
0 4 2
2 17 46
2 18 46
0 19 46
1 45 13
0 45 12
6 46 27
0 47 27
0 11 28
2 25 16
0 26 16
2 21 8
0 20 8
3 20 21
2 21 21
0 22 21
4 25 42
2 24 42
0 23 42
3 3 12
1 3 11
1 3 10
0 3 9
1 48 38
3 48 39
0 49 39
6 45 11
2 46 11
0 47 11
1 28 46
3 28 47
0 29 47
2 36 47
2 37 47
2 38 47
2 39 47
2 40 47
0 41 47
1 24 33
0 24 32
5 16 1
2 15 1
2 14 1
0 13 1
1 32 31
1 32 32
3 32 33
0 33 33
1 28 9
5 28 8
0 27 8
2 14 15
0 13 15
2 5 18
2 6 18
2 7 18
2 8 18
0 9 18
-1
-1
-1
-1
-1
-1
-1
-1
-1
-1
-1
-1
-1
-1
-1
-1
-1
-1
-1
-1
-1
-1
-1
-1
-1
-1
-1
-1
-1
-1
-1
-1
-1
-1
-1
-1
-1
-1
-1
-1
-1
-1
-1
-1
-1
-1
-1
-1
-1
-1
-1
-1
-1
-1
-1
-1
-1
-1
-1
-1
-1
-1
-1
-1
-1
-1
-1
-1
-1
-1
-1
-1
-1
-1
-1
-1
-1
-1
-1
-1
-1
-1
-1
-1
-1
-1
-1
-1
-1
-1
-1
-1
-1
-1
-1
-1
-1
-1
-1
-1
-1
-1
-1
-1
-1
-1
-1
-1
-1
-1
-1
-1
-1
-1
-1
-1
-1
-1
-1
-1
-1
-1
-1
-1
-1
-1
-1
-1
-1
-1
-1
-1
-1
-1
-1
-1
-1
-1
-1
-1
-1
-1
-1
-1
-1
-1
-1
-1
-1
-1
-1
-1
-1
-1
-1
-1
-1
-1
-1
-1
-1
-1
-1
-1
-1
-1
-1
-1
-1
-1
-1
-1
-1
-1
-1
-1
-1
-1
-1
-1
-1
-1
-1
-1
-1
-1
-1
