0 26 15
1 26 16
1 26 17
1 26 18
1 26 19
1 26 20
1 26 21
1 26 22
1 26 23
1 26 24
1 26 25
1 26 26
1 26 27
1 26 28
1 26 29
1 26 30
1 26 31
1 26 32
1 26 33
4 26 34
6 25 34
1 25 35
1 25 36
1 25 37
4 25 38
2 24 38
6 23 38
1 23 39
1 23 40
0 23 41
1 26 14
6 26 13
2 27 13
2 28 13
2 29 13
4 30 13
1 30 12
1 30 11
6 30 10
2 31 10
2 32 10
2 33 10
4 34 10
1 34 9
1 34 8
1 34 7
-1
-1
-1
-1
-1
-1
-1
-1
-1
-1
0 34 6
-1
1 23 42
1 23 43
4 23 44
2 22 44
-1
2 21 44
2 20 44
6 19 44
4 19 45
-1
2 18 45
2 17 45
2 16 45
2 15 45
-1
2 14 45
2 13 45
2 12 45
2 11 45
-1
2 10 45
2 9 45
2 8 45
2 7 45
-1
-1
-1
-1
-1
-1
-1
-1
-1
-1
-1
-1
-1
-1
-1
-1
-1
-1
-1
-1
-1
-1
-1
-1
-1
-1
-1
-1
-1
-1
-1
-1
-1
-1
-1
-1
-1
-1
-1
-1
-1
-1
-1
-1
-1
-1
-1
-1
-1
-1
-1
-1
-1
-1
-1
-1
-1
-1
-1
-1
-1
-1
0 6 45
3 25 15
5 25 14
2 24 14
3 23 14
1 23 13
1 23 12
5 23 11
2 22 11
2 21 11
2 20 11
2 19 11
2 18 11
2 17 11
2 16 11
2 15 11
2 14 11
2 13 11
-1
-1
-1
-1
-1
-1
-1
-1
-1
-1
-1
-1
-1
-1
-1
-1
-1
-1
-1
-1
-1
-1
-1
-1
-1
-1
-1
-1
-1
-1
-1
-1
-1
0 12 11
5 24 41
1 24 42
1 24 43
3 24 44
2 25 44
2 26 44
2 27 44
-1
-1
-1
-1
-1
-1
-1
-1
-1
-1
-1
-1
-1
-1
-1
-1
-1
-1
-1
-1
-1
-1
-1
-1
-1
0 28 44
5 27 15
3 27 16
2 28 16
2 29 16
2 30 16
2 31 16
-1
-1
-1
-1
-1
-1
-1
-1
-1
-1
-1
-1
-1
-1
-1
-1
-1
-1
0 32 16
3 28 45
2 29 45
2 30 45
2 31 45
2 32 45
2 33 45
2 34 45
2 35 45
2 36 45
2 37 45
2 38 45
2 39 45
2 40 45
-1
-1
-1
-1
-1
-1
-1
-1
-1
-1
-1
0 41 45
1 6 44
1 6 43
1 6 42
1 6 41
1 6 40
1 6 39
1 6 38
1 6 37
1 6 36
1 6 35
1 6 34
1 6 33
1 6 32
1 6 31
1 6 30
1 6 29
5 6 28
-1
-1
-1
-1
0 5 28
1 41 44
1 41 43
6 41 42
2 42 42
2 43 42
2 44 42
2 45 42
2 46 42
-1
-1
-1
-1
-1
-1
-1
-1
0 47 42
6 5 27
2 6 27
2 7 27
-1
-1
-1
-1
-1
-1
-1
-1
-1
0 8 27
1 34 5
1 34 4
5 34 3
2 33 3
-1
-1
-1
-1
-1
-1
-1
-1
0 32 3
-1
-1
-1
-1
-1
-1
-1
-1
-1
-1
0 25 34
1 32 17
1 32 18
1 32 19
1 32 20
1 32 21
4 32 22
2 31 22
-1
-1
-1
0 30 22
2 11 11
2 10 11
2 9 11
2 8 11
2 7 11
6 6 11
1 6 12
4 6 13
2 5 13
-1
0 4 13
-1
-1
-1
-1
-1
-1
-1
-1
0 19 44
-1
-1
-1
-1
-1
-1
-1
0 23 12
1 47 41
1 47 40
5 47 39
2 46 39
2 45 39
2 44 39
2 43 39
2 42 39
0 41 39
6 22 12
1 22 13
4 22 14
2 21 14
2 20 14
2 19 14
-1
0 18 14
2 33 16
2 34 16
2 35 16
2 36 16
5 37 16
3 37 17
2 38 17
2 39 17
2 40 17
0 41 17
1 30 23
3 30 24
2 31 24
2 32 24
-1
0 33 24
1 19 43
1 19 42
1 19 41
5 19 40
2 18 40
2 17 40
2 16 40
2 15 40
2 14 40
2 13 40
2 12 40
0 11 40
-1
-1
0 30 13
1 41 18
1 41 19
1 41 20
1 41 21
3 41 22
-1
0 42 22
1 18 15
1 18 16
1 18 17
1 18 18
1 18 19
1 18 20
1 18 21
1 18 22
0 18 23
-1
-1
0 34 10
6 32 2
2 33 2
2 34 2
2 35 2
2 36 2
2 37 2
2 38 2
2 39 2
0 40 2
1 33 23
1 33 22
1 33 21
1 33 20
0 33 19
-1
-1
-1
0 28 45
-1
-1
-1
0 37 16
-1
-1
-1
-1
0 23 38
1 28 43
1 28 42
1 28 41
-1
0 28 40
5 25 33
2 24 33
2 23 33
-1
0 22 33
6 42 21
2 43 21
2 44 21
2 45 21
2 46 21
0 47 21
1 22 32
1 22 31
5 22 30
0 21 30
6 40 1
2 41 1
2 42 1
2 43 1
2 44 1
2 45 1
2 46 1
0 47 1
0 30 11
-1
-1
-1
0 6 11
1 41 16
6 41 15
2 42 15
0 43 15
-1
-1
-1
0 26 20
2 9 27
2 10 27
2 11 27
2 12 27
0 13 27
2 40 39
2 39 39
2 38 39
2 37 39
2 36 39
0 35 39
-1
-1
-1
-1
-1
-1
-1
-1
-1
-1
-1
-1
-1
-1
-1
-1
-1
-1
-1
-1
-1
-1
-1
-1
-1
-1
-1
-1
-1
-1
-1
-1
-1
-1
-1
-1
-1
-1
-1
-1
-1
-1
-1
-1
-1
-1
-1
-1
-1
-1
-1
-1
-1
-1
-1
-1
-1
-1
-1
-1
-1
-1
-1
-1
-1
-1
-1
-1
-1
-1
-1
-1
-1
-1
-1
-1
-1
-1
-1
-1
-1
-1
-1
-1
-1
-1
-1
-1
-1
-1
-1
-1
-1
-1
-1
-1
-1
-1
-1
-1
-1
-1
-1
-1
-1
-1
-1
-1
-1
-1
-1
-1
-1
-1
-1
-1
-1
-1
-1
-1
-1
-1
-1
-1
-1
-1
-1
-1
-1
-1
-1
-1
-1
-1
-1
-1
-1
-1
-1
-1
-1
-1
-1
-1
-1
-1
-1
-1
-1
-1
-1
-1
-1
-1
-1
-1
-1
-1
-1
-1
-1
-1
-1
-1
-1
-1
-1
-1
-1
-1
-1
-1
-1
-1
-1
-1
-1
-1
-1
-1
-1
-1
-1
-1
-1
-1
-1
-1
-1
-1
-1
-1
-1
-1
-1
-1
-1
-1
-1
-1
-1
-1
-1
-1
-1
-1
-1
-1
-1
-1
-1
-1
-1
-1
-1
-1
-1
-1
-1
-1
-1
-1
-1
-1
-1
-1
-1
-1
-1
-1
-1
-1
-1
-1
-1
-1
-1
-1
-1
-1
-1
-1
-1
-1
-1
-1
-1
-1
-1
-1
-1
-1
-1
-1
-1
-1
-1
-1
-1
-1
