0 37 36
2 36 36
2 35 36
2 34 36
2 33 36
2 32 36
2 31 36
2 30 36
2 29 36
2 28 36
2 27 36
2 26 36
2 25 36
2 24 36
2 23 36
2 22 36
2 21 36
2 20 36
2 19 36
2 18 36
2 17 36
2 16 36
2 15 36
2 14 36
0 13 36
1 37 35
1 37 34
1 37 33
1 37 32
1 37 31
1 37 30
1 37 29
1 37 28
1 37 27
6 37 26
2 38 26
2 39 26
-1
4 40 26
-1
1 40 25
-1
1 40 24
-1
1 40 23
-1
1 40 22
-1
1 40 21
-1
1 40 20
-1
6 40 19
-1
2 41 19
-1
2 42 19
-1
2 43 19
-1
2 44 19
-1
4 45 19
-1
1 45 18
-1
1 45 17
-1
1 45 16
-1
1 45 15
-1
1 45 14
-1
1 45 13
-1
1 45 12
-1
1 45 11
-1
1 45 10
-1
1 45 9
-1
6 45 8
2 46 8
-1
-1
-1
-1
-1
-1
-1
-1
-1
-1
-1
-1
-1
-1
-1
-1
-1
-1
-1
-1
-1
-1
-1
-1
-1
-1
-1
-1
-1
-1
-1
-1
-1
-1
-1
-1
-1
-1
-1
-1
-1
-1
-1
-1
-1
-1
-1
-1
-1
-1
-1
-1
-1
-1
-1
-1
-1
-1
-1
-1
-1
-1
-1
-1
-1
-1
-1
-1
-1
-1
-1
-1
-1
-1
-1
-1
-1
-1
-1
-1
-1
-1
-1
-1
-1
-1
-1
-1
-1
-1
-1
-1
-1
-1
-1
-1
-1
-1
0 47 8
1 13 37
1 13 38
1 13 39
1 13 40
1 13 41
-1
1 13 42
1 13 43
1 13 44
1 13 45
1 13 46
3 13 47
-1
-1
-1
-1
-1
-1
-1
-1
-1
-1
-1
-1
-1
-1
-1
-1
-1
-1
-1
-1
-1
-1
-1
-1
-1
-1
-1
-1
-1
-1
-1
-1
-1
-1
-1
-1
-1
-1
-1
-1
-1
-1
-1
-1
-1
-1
-1
-1
-1
-1
-1
-1
-1
-1
0 14 47
-1
-1
-1
-1
-1
-1
-1
-1
-1
-1
-1
-1
-1
-1
-1
-1
-1
-1
-1
-1
-1
-1
-1
-1
-1
-1
-1
-1
-1
-1
0 31 36
1 47 7
1 47 6
1 47 5
1 47 4
1 47 3
1 47 2
-1
-1
-1
-1
-1
-1
-1
-1
-1
-1
-1
-1
-1
-1
-1
-1
-1
-1
-1
-1
0 47 1
1 31 37
1 31 38
1 31 39
1 31 40
-1
-1
-1
-1
-1
-1
-1
-1
-1
-1
-1
-1
-1
-1
-1
0 31 41
1 13 35
1 13 34
1 13 33
1 13 32
1 13 31
6 13 30
4 14 30
1 14 29
1 14 28
6 14 27
2 15 27
2 16 27
4 17 27
1 17 26
1 17 25
1 17 24
1 17 23
6 17 22
2 18 22
2 19 22
-1
0 20 22
1 20 21
1 20 20
1 20 19
5 20 18
2 19 18
2 18 18
2 17 18
2 16 18
2 15 18
2 14 18
2 13 18
3 12 18
1 12 17
1 12 16
1 12 15
1 12 14
1 12 13
1 12 12
5 12 11
2 11 11
2 10 11
2 9 11
2 8 11
3 7 11
1 7 10
5 7 9
0 6 9
1 6 8
5 6 7
2 5 7
2 4 7
3 3 7
1 3 6
1 3 5
1 3 4
0 3 3
1 37 37
1 37 38
1 37 39
1 37 40
1 37 41
1 37 42
1 37 43
1 37 44
1 37 45
1 37 46
1 37 47
1 37 48
0 37 49
5 38 36
1 38 37
3 38 38
2 39 38
2 40 38
2 41 38
2 42 38
0 43 38
-1
-1
-1
-1
-1
-1
0 14 30
1 43 37
1 43 36
1 43 35
-1
-1
-1
-1
0 43 34
1 6 10
1 6 11
1 6 12
1 6 13
1 6 14
1 6 15
1 6 16
1 6 17
1 6 18
1 6 19
1 6 20
1 6 21
1 6 22
0 6 23
0 45 12
1 31 35
1 31 34
1 31 33
1 31 32
6 31 31
0 32 31
4 15 47
6 15 46
2 16 46
2 17 46
-1
0 18 46
6 43 33
4 44 33
6 44 32
2 45 32
2 46 32
2 47 32
0 48 32
2 5 23
2 4 23
-1
0 3 23
5 46 12
1 46 13
1 46 14
1 46 15
3 46 16
0 47 16
1 6 24
1 6 25
1 6 26
1 6 27
1 6 28
0 6 29
5 7 23
1 7 24
3 7 25
2 8 25
2 9 25
2 10 25
0 11 25
0 37 45
-1
-1
0 37 27
5 4 3
3 4 4
2 5 4
2 6 4
2 7 4
2 8 4
2 9 4
2 10 4
0 11 4
5 32 30
2 31 30
2 30 30
0 29 30
0 12 18
4 31 42
2 30 42
6 29 42
1 29 43
1 29 44
0 29 45
0 37 41
2 12 4
2 13 4
2 14 4
2 15 4
2 16 4
2 17 4
2 18 4
2 19 4
2 20 4
0 21 4
0 40 26
0 22 36
0 26 36
1 47 9
3 47 10
0 48 10
3 36 27
5 36 26
2 35 26
0 34 26
1 21 5
1 21 6
0 21 7
4 33 31
6 33 30
2 34 30
0 35 30
0 17 22
1 34 25
5 34 24
2 33 24
0 32 24
-1
0 20 18
2 22 7
2 23 7
2 24 7
2 25 7
0 26 7
0 36 45
1 22 37
1 22 38
4 22 39
2 21 39
0 20 39
0 45 19
0 9 25
6 20 17
2 21 17
4 22 17
6 22 16
0 23 16
0 17 27
2 24 16
2 25 16
2 26 16
0 27 16
1 23 17
1 23 18
3 23 19
2 24 19
0 25 19
0 3 7
2 28 30
2 27 30
0 26 30
0 7 11
2 28 16
2 29 16
2 30 16
4 31 16
1 31 15
0 31 14
2 46 1
2 45 1
2 44 1
2 43 1
0 42 1
1 26 37
1 26 38
1 26 39
4 26 40
0 25 40
1 6 30
1 6 31
4 6 32
2 5 32
2 4 32
2 3 32
0 2 32
1 2 33
1 2 34
1 2 35
1 2 36
1 2 37
1 2 38
1 2 39
1 2 40
1 2 41
1 2 42
3 2 43
0 3 43
-1
-1
-1
-1
-1
-1
-1
-1
-1
-1
-1
-1
-1
-1
-1
-1
-1
-1
-1
-1
-1
-1
-1
-1
-1
-1
-1
-1
-1
-1
-1
-1
-1
-1
-1
-1
-1
-1
-1
-1
-1
-1
-1
-1
-1
-1
-1
-1
-1
-1
-1
-1
-1
-1
-1
-1
-1
-1
-1
-1
-1
-1
-1
-1
-1
-1
-1
-1
-1
-1
-1
-1
-1
-1
-1
-1
-1
-1
-1
-1
-1
-1
-1
-1
-1
-1
-1
-1
-1
-1
-1
-1
-1
-1
-1
-1
-1
-1
-1
-1
-1
-1
-1
-1
-1
-1
-1
-1
-1
-1
-1
-1
-1
-1
-1
-1
-1
-1
-1
-1
-1
-1
-1
-1
-1
-1
-1
-1
-1
-1
-1
-1
-1
-1
-1
-1
-1
-1
-1
-1
-1
-1
-1
-1
-1
-1
-1
-1
-1
-1
-1
-1
-1
-1
-1
-1
-1
-1
-1
-1
-1
-1
-1
-1
-1
-1
-1
-1
-1
-1
-1
-1
-1
-1
-1
-1
-1
-1
-1
-1
-1
-1
-1
-1
-1
-1
-1
-1
-1
-1
-1
-1
