0 11 27
1 11 28
1 11 29
1 11 30
3 11 31
2 12 31
2 13 31
2 14 31
2 15 31
2 16 31
2 17 31
2 18 31
2 19 31
2 20 31
2 21 31
2 22 31
2 23 31
2 24 31
2 25 31
2 26 31
5 27 31
3 27 32
2 28 32
2 29 32
2 30 32
5 31 32
1 31 33
1 31 34
1 31 35
3 31 36
2 32 36
2 33 36
2 34 36
2 35 36
2 36 36
2 37 36
2 38 36
2 39 36
2 40 36
2 41 36
0 42 36
1 11 26
1 11 25
1 11 24
1 11 23
1 11 22
5 11 21
2 10 21
2 9 21
2 8 21
2 7 21
-1
-1
-1
-1
-1
-1
-1
-1
-1
-1
-1
-1
-1
-1
-1
-1
-1
-1
-1
-1
-1
-1
-1
-1
-1
-1
-1
-1
-1
-1
-1
-1
-1
-1
-1
-1
-1
-1
-1
-1
-1
-1
-1
-1
-1
-1
-1
-1
-1
-1
-1
-1
-1
-1
-1
0 6 21
1 42 37
1 42 38
1 42 39
1 42 40
3 42 41
5 43 41
1 43 42
1 43 43
1 43 44
1 43 45
1 43 46
1 43 47
3 43 48
2 44 48
-1
-1
-1
-1
-1
-1
-1
-1
-1
-1
-1
-1
-1
-1
-1
-1
-1
-1
-1
-1
-1
-1
-1
-1
-1
-1
-1
-1
-1
-1
-1
-1
-1
-1
-1
0 45 48
-1
-1
-1
-1
-1
-1
-1
-1
-1
-1
-1
-1
-1
-1
-1
-1
-1
-1
-1
-1
-1
-1
-1
-1
-1
0 5 21
-1
-1
-1
-1
-1
-1
-1
-1
-1
-1
-1
-1
-1
-1
-1
-1
-1
-1
0 45 49
6 10 27
1 10 28
1 10 29
1 10 30
1 10 31
1 10 32
1 10 33
3 10 34
2 11 34
5 12 34
1 12 35
1 12 36
1 12 37
1 12 38
3 12 39
2 13 39
2 14 39
2 15 39
2 16 39
2 17 39
5 18 39
3 18 40
2 19 40
2 20 40
2 21 40
5 22 40
1 22 41
0 22 42
1 5 20
1 5 19
1 5 18
1 5 17
1 5 16
1 5 15
1 5 14
1 5 13
1 5 12
-1
-1
0 5 11
6 42 35
2 43 35
2 44 35
2 45 35
-1
-1
-1
-1
-1
-1
-1
-1
0 46 35
1 46 34
1 46 33
1 46 32
1 46 31
1 46 30
1 46 29
1 46 28
1 46 27
1 46 26
1 46 25
1 46 24
1 46 23
1 46 22
1 46 21
1 46 20
1 46 19
1 46 18
1 46 17
1 46 16
1 46 15
1 46 14
1 46 13
1 46 12
1 46 11
1 46 10
1 46 9
1 46 8
0 46 7
0 18 39
1 5 10
1 5 9
1 5 8
1 5 7
6 5 6
2 6 6
2 7 6
2 8 6
0 9 6
3 4 21
5 4 20
2 3 20
2 2 20
2 1 20
-1
0 0 20
1 46 36
1 46 37
1 46 38
-1
-1
-1
-1
0 46 39
1 9 7
3 9 8
-1
-1
-1
-1
0 10 8
6 45 7
1 45 8
4 45 9
2 44 9
-1
0 43 9
5 43 8
2 42 8
2 41 8
2 40 8
2 39 8
2 38 8
0 37 8
1 22 43
1 22 44
1 22 45
1 22 46
1 22 47
3 22 48
0 23 48
1 5 22
1 5 23
1 5 24
1 5 25
1 5 26
1 5 27
1 5 28
1 5 29
0 5 30
0 46 6
-1
-1
-1
-1
0 43 41
1 37 7
1 37 6
1 37 5
1 37 4
1 37 3
0 37 2
1 37 9
1 37 10
1 37 11
0 37 12
2 36 2
2 35 2
2 34 2
2 33 2
2 32 2
2 31 2
2 30 2
2 29 2
2 28 2
0 27 2
2 6 30
0 7 30
0 46 29
2 23 42
2 24 42
2 25 42
2 26 42
2 27 42
2 28 42
2 29 42
2 30 42
2 31 42
2 32 42
2 33 42
2 34 42
0 35 42
0 46 20
0 46 25
0 11 23
2 36 8
2 35 8
2 34 8
2 33 8
3 32 8
5 32 7
0 31 7
0 31 36
2 4 30
2 3 30
2 2 30
0 1 30
2 24 48
2 25 48
0 26 48
1 31 37
3 31 38
2 32 38
2 33 38
0 34 38
0 40 36
4 37 13
2 36 13
2 35 13
0 34 13
1 27 3
1 27 4
4 27 5
2 26 5
2 25 5
2 24 5
2 23 5
0 22 5
0 22 40
0 27 31
6 45 25
4 45 26
2 44 26
0 43 26
2 45 20
0 44 20
1 34 14
1 34 15
0 34 16
0 16 39
1 16 40
1 16 41
0 16 42
0 46 33
2 33 13
2 32 13
2 31 13
2 30 13
0 29 13
6 1 29
0 2 29
2 12 23
2 13 23
0 14 23
1 43 25
1 43 24
5 43 23
2 42 23
0 41 23
1 29 14
1 29 15
1 29 16
1 29 17
1 29 18
1 29 19
0 29 20
0 22 45
3 34 39
2 35 39
2 36 39
0 37 39
1 5 31
1 5 32
1 5 33
1 5 34
4 5 35
0 4 35
0 32 42
0 3 35
2 38 2
0 39 2
2 28 13
0 27 13
0 31 32
1 32 43
1 32 44
1 32 45
0 32 46
0 30 7
1 31 31
5 31 30
0 30 30
4 16 43
2 15 43
2 14 43
2 13 43
2 12 43
2 11 43
2 10 43
0 9 43
4 23 49
2 22 49
2 21 49
2 20 49
0 19 49
1 9 5
1 9 4
1 9 3
1 9 2
1 9 1
6 9 0
0 10 0
3 39 3
2 40 3
0 41 3
2 11 8
2 12 8
2 13 8
0 14 8
2 31 46
2 30 46
0 29 46
1 34 17
0 34 18
1 14 22
1 14 21
1 14 20
1 14 19
0 14 18
1 14 17
6 14 16
2 15 16
2 16 16
0 17 16
6 30 29
2 31 29
2 32 29
2 33 29
2 34 29
0 35 29
1 22 39
1 22 38
1 22 37
1 22 36
1 22 35
6 22 34
2 23 34
4 24 34
0 24 33
1 3 36
1 3 37
1 3 38
4 3 39
2 2 39
2 1 39
0 0 39
1 32 47
0 32 48
1 44 19
1 44 18
1 44 17
0 44 16
1 29 21
1 29 22
4 29 23
2 28 23
2 27 23
0 26 23
-1
-1
-1
-1
-1
-1
-1
-1
-1
-1
-1
-1
-1
-1
-1
-1
-1
-1
-1
-1
-1
-1
-1
-1
-1
-1
-1
-1
-1
-1
-1
-1
-1
-1
-1
-1
-1
-1
-1
-1
-1
-1
-1
-1
-1
-1
-1
-1
-1
-1
-1
-1
-1
-1
-1
-1
-1
-1
-1
-1
-1
-1
-1
-1
-1
-1
-1
-1
-1
-1
-1
-1
-1
-1
-1
-1
-1
-1
-1
-1
-1
-1
-1
-1
-1
-1
-1
-1
-1
-1
-1
-1
-1
-1
-1
-1
-1
-1
-1
-1
-1
-1
-1
-1
-1
-1
-1
-1
-1
-1
-1
-1
-1
-1
-1
-1
-1
-1
-1
-1
-1
-1
-1
-1
-1
-1
-1
-1
-1
-1
-1
-1
-1
-1
-1
-1
-1
-1
-1
-1
-1
-1
-1
-1
-1
-1
-1
-1
-1
-1
-1
-1
-1
-1
-1
-1
-1
-1
-1
-1
-1
-1
-1
-1
-1
-1
-1
-1
-1
-1
-1
-1
-1
-1
-1
-1
-1
-1
-1
-1
-1
-1
-1
-1
-1
-1
-1
-1
-1
-1
-1
-1
-1
-1
-1
-1
-1
-1
-1
-1
-1
-1
-1
-1
-1
-1
-1
-1
-1
-1
-1
-1
-1
-1
-1
-1
-1
-1
-1
-1
-1
-1
-1
-1
-1
-1
-1
-1
-1
-1
-1
-1
-1
-1
-1
-1
-1
-1
