0 10 20
1 10 19
1 10 18
6 10 17
2 11 17
2 12 17
4 13 17
1 13 16
1 13 15
6 13 14
2 14 14
2 15 14
2 16 14
2 17 14
2 18 14
2 19 14
2 20 14
2 21 14
2 22 14
2 23 14
2 24 14
2 25 14
2 26 14
2 27 14
2 28 14
2 29 14
2 30 14
2 31 14
4 32 14
6 32 13
2 33 13
2 34 13
2 35 13
4 36 13
1 36 12
1 36 11
1 36 10
1 36 9
1 36 8
1 36 7
1 36 6
1 36 5
6 36 4
0 37 4
2 9 20
2 8 20
2 7 20
2 6 20
6 5 20
1 5 21
4 5 22
2 4 22
2 3 22
-1
-1
-1
-1
-1
0 2 22
5 37 3
2 36 3
2 35 3
2 34 3
2 33 3
2 32 3
2 31 3
2 30 3
2 29 3
-1
-1
-1
-1
-1
-1
-1
-1
-1
-1
-1
-1
-1
-1
-1
-1
-1
-1
-1
-1
-1
-1
-1
-1
-1
-1
-1
-1
-1
-1
0 28 3
1 10 21
1 10 22
1 10 23
1 10 24
1 10 25
1 10 26
3 10 27
2 11 27
2 12 27
2 13 27
2 14 27
2 15 27
5 16 27
1 16 28
3 16 29
5 17 29
1 17 30
1 17 31
1 17 32
1 17 33
1 17 34
1 17 35
1 17 36
1 17 37
1 17 38
1 17 39
1 17 40
1 17 41
1 17 42
1 17 43
1 17 44
1 17 45
1 17 46
3 17 47
2 18 47
2 19 47
2 20 47
-1
-1
-1
-1
-1
-1
-1
0 21 47
1 2 21
1 2 20
1 2 19
1 2 18
1 2 17
1 2 16
-1
-1
-1
-1
-1
-1
-1
-1
-1
-1
-1
-1
-1
-1
-1
-1
0 2 15
1 21 46
6 21 45
4 22 45
6 22 44
2 23 44
-1
-1
-1
-1
-1
-1
-1
-1
-1
-1
-1
-1
0 24 44
3 2 23
2 3 23
2 4 23
-1
-1
-1
-1
-1
-1
-1
-1
-1
-1
-1
0 5 23
1 24 43
6 24 42
4 25 42
1 25 41
6 25 40
2 26 40
2 27 40
2 28 40
2 29 40
4 30 40
6 30 39
-1
-1
-1
-1
0 31 39
1 5 24
1 5 25
1 5 26
1 5 27
-1
-1
-1
-1
-1
-1
-1
0 5 28
-1
-1
-1
-1
-1
-1
-1
-1
0 14 27
1 31 40
3 31 41
2 32 41
5 33 41
1 33 42
1 33 43
3 33 44
-1
-1
0 34 44
2 25 44
2 26 44
5 27 44
1 27 45
3 27 46
-1
-1
0 28 46
1 14 28
4 14 29
6 13 29
1 13 30
1 13 31
1 13 32
-1
0 13 33
2 32 39
2 33 39
2 34 39
2 35 39
2 36 39
-1
-1
0 37 39
2 35 44
2 36 44
2 37 44
2 38 44
2 39 44
0 40 44
1 31 38
1 31 37
1 31 36
1 31 35
1 31 34
5 31 33
0 30 33
-1
-1
-1
0 13 17
1 13 18
3 13 19
2 14 19
2 15 19
2 16 19
2 17 19
0 18 19
-1
-1
0 25 40
-1
-1
-1
-1
0 17 43
-1
-1
-1
0 32 14
6 37 38
2 38 38
2 39 38
4 40 38
1 40 37
1 40 36
1 40 35
1 40 34
0 40 33
0 20 14
-1
0 17 40
2 24 40
2 23 40
0 22 40
3 1 22
1 1 21
-1
0 1 20
5 3 15
1 3 16
3 3 17
2 4 17
2 5 17
2 6 17
2 7 17
0 8 17
0 41 33
0 10 23
4 5 29
2 4 29
2 3 29
0 2 29
1 32 15
4 32 16
2 31 16
0 30 16
0 33 41
5 30 32
2 29 32
0 28 32
4 28 4
2 27 4
2 26 4
2 25 4
2 24 4
0 23 4
0 14 14
0 36 6
4 23 5
2 22 5
2 21 5
2 20 5
0 19 5
0 36 13
4 13 34
0 12 34
1 18 20
1 18 21
3 18 22
2 19 22
0 20 22
0 22 45
0 10 27
1 36 14
1 36 15
1 36 16
1 36 17
0 36 18
0 17 35
2 27 32
2 26 32
0 25 32
0 13 29
1 41 32
1 41 31
0 41 30
0 27 44
1 2 30
1 2 31
1 2 32
1 2 33
1 2 34
1 2 35
0 2 36
0 5 20
0 31 33
0 32 33
2 21 22
0 22 22
1 2 37
1 2 38
1 2 39
1 2 40
1 2 41
1 2 42
1 2 43
1 2 44
1 2 45
1 2 46
1 2 47
0 2 48
6 40 43
2 41 43
2 42 43
2 43 43
2 44 43
2 45 43
0 46 43
0 33 3
1 46 42
1 46 41
1 46 40
0 46 39
1 30 17
1 30 18
1 30 19
0 30 20
0 30 40
0 17 29
1 30 21
0 30 22
1 30 23
3 30 24
2 31 24
2 32 24
0 33 24
2 24 32
2 23 32
0 22 32
0 19 47
1 19 4
1 19 3
5 19 2
2 18 2
0 17 2
3 1 48
1 1 47
1 1 46
5 1 45
0 0 45
4 17 3
2 16 3
2 15 3
2 14 3
2 13 3
2 12 3
0 11 3
1 19 6
1 19 7
4 19 8
2 18 8
0 17 8
6 35 6
4 35 7
2 34 7
2 33 7
0 32 7
1 41 29
1 41 28
1 41 27
1 41 26
6 41 25
2 42 25
2 43 25
2 44 25
2 45 25
2 46 25
0 47 25
1 2 14
1 2 13
1 2 12
6 2 11
2 3 11
2 4 11
0 5 11
-1
-1
-1
-1
-1
-1
-1
-1
-1
-1
-1
-1
-1
-1
-1
-1
-1
-1
-1
-1
-1
-1
-1
-1
-1
-1
-1
-1
-1
-1
-1
-1
-1
-1
-1
-1
-1
-1
-1
-1
-1
-1
-1
-1
-1
-1
-1
-1
-1
-1
-1
-1
-1
-1
-1
-1
-1
-1
-1
-1
-1
-1
-1
-1
-1
-1
-1
-1
-1
-1
-1
-1
-1
-1
-1
-1
-1
-1
-1
-1
-1
-1
-1
-1
-1
-1
-1
-1
-1
-1
-1
-1
-1
-1
-1
-1
-1
-1
-1
-1
-1
-1
-1
-1
-1
-1
-1
-1
-1
-1
-1
-1
-1
-1
-1
-1
-1
-1
-1
-1
-1
-1
-1
-1
-1
-1
-1
-1
-1
-1
-1
-1
-1
-1
-1
-1
-1
-1
-1
-1
-1
-1
-1
-1
-1
-1
-1
-1
-1
-1
-1
-1
-1
-1
-1
-1
-1
-1
-1
-1
-1
-1
-1
-1
-1
-1
-1
-1
-1
-1
-1
-1
-1
-1
-1
-1
-1
-1
-1
-1
-1
-1
-1
-1
-1
-1
-1
-1
-1
-1
-1
-1
-1
-1
-1
-1
-1
-1
-1
-1
-1
-1
-1
-1
-1
-1
-1
-1
-1
-1
-1
-1
-1
-1
-1
-1
-1
-1
-1
-1
-1
-1
-1
-1
-1
-1
-1
-1
-1
-1
-1
-1
-1
-1
-1
-1
-1
-1
-1
-1
-1
-1
-1
-1
-1
-1
-1
-1
-1
-1
-1
-1
-1
-1
-1
-1
-1
-1
-1
-1
-1
-1
-1
-1
-1
-1
-1
-1
-1
-1
-1
-1
-1
-1
-1
-1
-1
-1
-1
-1
-1
-1
-1
-1
-1
-1
-1
-1
-1
-1
-1
-1
-1
-1
-1
-1
-1
-1
-1
-1
-1
-1
-1
-1
-1
-1
-1
-1
-1
-1
-1
-1
-1
-1
-1
-1
-1
