0 17 13
6 17 12
2 18 12
2 19 12
4 20 12
1 20 11
1 20 10
1 20 9
1 20 8
1 20 7
1 20 6
1 20 5
6 20 4
2 21 4
2 22 4
2 23 4
2 24 4
2 25 4
2 26 4
2 27 4
2 28 4
2 29 4
2 30 4
2 31 4
2 32 4
2 33 4
2 34 4
4 35 4
6 35 3
2 36 3
2 37 3
2 38 3
2 39 3
2 40 3
2 41 3
2 42 3
4 43 3
1 43 2
6 43 1
2 44 1
2 45 1
0 46 1
1 17 14
1 17 15
1 17 16
1 17 17
1 17 18
1 17 19
4 17 20
2 16 20
2 15 20
2 14 20
2 13 20
2 12 20
2 11 20
2 10 20
2 9 20
2 8 20
6 7 20
1 7 21
1 7 22
1 7 23
1 7 24
1 7 25
1 7 26
1 7 27
1 7 28
1 7 29
1 7 30
1 7 31
1 7 32
1 7 33
1 7 34
1 7 35
1 7 36
-1
-1
-1
-1
-1
-1
-1
-1
-1
-1
-1
-1
-1
-1
-1
-1
-1
-1
-1
-1
-1
-1
-1
-1
-1
-1
-1
-1
-1
-1
-1
-1
-1
-1
-1
-1
-1
-1
0 7 37
4 7 38
2 6 38
2 5 38
2 4 38
6 3 38
1 3 39
1 3 40
-1
-1
-1
-1
-1
-1
-1
-1
-1
-1
-1
-1
-1
-1
-1
-1
-1
-1
-1
-1
-1
-1
-1
-1
-1
-1
-1
-1
-1
-1
0 3 41
-1
-1
-1
-1
-1
-1
-1
-1
-1
-1
-1
-1
-1
-1
-1
-1
-1
-1
-1
-1
0 38 3
2 8 37
2 9 37
2 10 37
2 11 37
4 12 37
6 12 36
2 13 36
2 14 36
2 15 36
2 16 36
2 17 36
2 18 36
4 19 36
6 19 35
2 20 35
2 21 35
2 22 35
4 23 35
1 23 34
1 23 33
6 23 32
2 24 32
2 25 32
0 26 32
2 4 41
2 5 41
2 6 41
2 7 41
2 8 41
-1
-1
-1
-1
-1
-1
-1
0 9 41
-1
-1
-1
-1
-1
-1
-1
-1
-1
0 10 20
2 27 32
2 28 32
2 29 32
5 30 32
3 30 33
2 31 33
2 32 33
2 33 33
-1
0 34 33
2 35 33
2 36 33
4 37 33
1 37 32
1 37 31
1 37 30
1 37 29
1 37 28
1 37 27
1 37 26
1 37 25
1 37 24
1 37 23
1 37 22
0 37 21
2 10 41
2 11 41
2 12 41
2 13 41
2 14 41
2 15 41
0 16 41
1 9 42
1 9 43
3 9 44
2 10 44
0 11 44
1 34 34
1 34 35
4 34 36
6 33 36
1 33 37
1 33 38
1 33 39
1 33 40
1 33 41
0 33 42
2 38 21
2 39 21
2 40 21
0 41 21
5 38 2
3 37 2
1 37 1
5 37 0
2 36 0
2 35 0
2 34 0
2 33 0
0 32 0
0 43 3
1 26 31
1 26 30
1 26 29
1 26 28
1 26 27
1 26 26
5 26 25
2 25 25
0 24 25
1 11 45
1 11 46
0 11 47
2 17 41
2 18 41
0 19 41
3 46 2
2 47 2
0 48 2
6 36 21
1 36 22
4 36 23
2 35 23
2 34 23
2 33 23
2 32 23
0 31 23
0 37 33
2 23 25
2 22 25
0 21 25
4 34 42
1 34 41
6 34 40
2 35 40
2 36 40
0 37 40
1 33 43
1 33 44
0 33 45
0 17 19
3 37 34
2 38 34
2 39 34
2 40 34
2 41 34
0 42 34
3 11 48
2 12 48
2 13 48
2 14 48
0 15 48
0 20 7
0 7 20
1 37 41
1 37 42
3 37 43
0 38 43
3 32 42
5 32 41
0 31 41
1 7 19
1 7 18
1 7 17
5 7 16
2 6 16
2 5 16
2 4 16
2 3 16
0 2 16
0 12 37
6 42 33
2 43 33
0 44 33
0 23 32
0 30 32
0 6 38
1 33 46
0 33 47
0 16 36
1 44 34
3 44 35
2 45 35
0 46 35
0 33 36
2 42 21
0 43 21
0 23 35
3 16 19
1 16 18
5 16 17
2 15 17
0 14 17
0 20 12
1 31 22
1 31 21
1 31 20
1 31 19
0 31 18
0 19 36
1 31 17
5 31 16
0 30 16
2 22 32
0 21 32
0 14 16
0 37 30
1 16 35
1 16 34
0 16 33
1 31 24
0 31 25
0 9 44
2 29 16
2 28 16
0 27 16
0 7 34
0 26 28
2 27 28
2 28 28
0 29 28
2 20 25
2 19 25
2 18 25
2 17 25
2 16 25
0 15 25
4 8 34
1 8 33
6 8 32
0 9 32
3 6 34
1 6 33
5 6 32
2 5 32
2 4 32
2 3 32
0 2 32
0 2 31
1 15 24
5 15 23
0 14 23
1 43 22
1 43 23
3 43 24
2 44 24
2 45 24
0 46 24
6 19 7
4 19 8
2 18 8
2 17 8
0 16 8
1 31 42
4 31 43
2 30 43
2 29 43
0 28 43
0 3 16
1 46 25
1 46 26
0 46 27
2 27 43
2 26 43
2 25 43
2 24 43
0 23 43
6 37 39
2 38 39
2 39 39
0 40 39
0 35 4
2 10 32
2 11 32
0 12 32
1 35 5
1 35 6
1 35 7
1 35 8
1 35 9
0 35 10
3 36 30
1 36 29
0 36 28
0 15 41
1 21 31
5 21 30
0 20 30
1 41 20
1 41 19
1 41 18
1 41 17
1 41 16
0 41 15
6 10 47
4 10 48
2 9 48
2 8 48
2 7 48
2 6 48
0 5 48
0 3 38
1 23 44
1 23 45
1 23 46
4 23 47
0 22 47
2 41 39
2 42 39
0 43 39
1 38 44
1 38 45
1 38 46
1 38 47
1 38 48
0 38 49
1 48 3
1 48 4
1 48 5
1 48 6
0 48 7
1 41 22
1 41 23
1 41 24
1 41 25
4 41 26
0 40 26
1 12 31
0 12 30
1 21 24
1 21 23
0 21 22
1 26 33
3 26 34
5 27 34
1 27 35
1 27 36
0 27 37
6 40 15
4 40 16
0 39 16
2 15 8
2 14 8
2 13 8
2 12 8
0 11 8
1 28 44
1 28 45
1 28 46
0 28 47
1 2 17
1 2 18
1 2 19
1 2 20
1 2 21
1 2 22
4 2 23
2 1 23
0 0 23
1 35 11
1 35 12
3 35 13
0 36 13
5 11 7
2 10 7
2 9 7
2 8 7
2 7 7
0 6 7
1 6 6
1 6 5
5 6 4
2 5 4
0 4 4
1 16 7
1 16 6
1 16 5
1 16 4
1 16 3
0 16 2
5 42 15
3 42 16
2 43 16
2 44 16
2 45 16
0 46 16
1 43 40
1 43 41
3 43 42
2 44 42
2 45 42
2 46 42
0 47 42
-1
-1
-1
-1
-1
-1
-1
-1
-1
-1
-1
-1
-1
-1
-1
-1
-1
-1
-1
-1
-1
-1
-1
-1
-1
-1
-1
-1
-1
-1
-1
-1
-1
-1
-1
-1
-1
-1
-1
-1
-1
-1
-1
-1
-1
-1
-1
-1
-1
-1
-1
-1
-1
-1
-1
-1
-1
-1
-1
-1
-1
-1
-1
-1
-1
-1
-1
-1
-1
-1
-1
-1
-1
-1
-1
-1
-1
-1
-1
-1
-1
-1
-1
-1
-1
-1
-1
-1
-1
-1
-1
-1
-1
-1
-1
-1
-1
-1
-1
-1
-1
-1
-1
-1
-1
-1
-1
-1
-1
-1
-1
-1
-1
-1
-1
-1
-1
-1
-1
-1
-1
-1
-1
-1
-1
-1
-1
-1
-1
-1
-1
-1
-1
-1
-1
-1
-1
-1
-1
-1
-1
-1
-1
-1
-1
-1
-1
-1
-1
-1
-1
-1
-1
-1
-1
-1
-1
-1
-1
-1
-1
-1
-1
-1
-1
-1
-1
-1
-1
-1
-1
-1
-1
-1
-1
-1
-1
-1
-1
-1
-1
-1
-1
-1
-1
-1
-1
-1
-1
-1
-1
-1
-1
-1
-1
-1
-1
-1
-1
-1
-1
-1
-1
-1
-1
-1
-1
-1
-1
-1
-1
-1
-1
-1
-1
-1
-1
-1
-1
-1
-1
-1
-1
-1
-1
-1
-1
