0 12 48
2 13 48
2 14 48
2 15 48
4 16 48
6 16 47
4 17 47
1 17 46
1 17 45
1 17 44
1 17 43
6 17 42
2 18 42
2 19 42
2 20 42
2 21 42
2 22 42
2 23 42
2 24 42
2 25 42
2 26 42
2 27 42
2 28 42
4 29 42
1 29 41
1 29 40
1 29 39
1 29 38
1 29 37
1 29 36
1 29 35
1 29 34
1 29 33
1 29 32
6 29 31
2 30 31
2 31 31
4 32 31
1 32 30
1 32 29
1 32 28
1 32 27
1 32 26
6 32 25
2 33 25
2 34 25
2 35 25
4 36 25
6 36 24
2 37 24
4 38 24
1 38 23
1 38 22
1 38 21
1 38 20
1 38 19
1 38 18
1 38 17
1 38 16
1 38 15
1 38 14
1 38 13
1 38 12
1 38 11
1 38 10
1 38 9
1 38 8
1 38 7
1 38 6
1 38 5
1 38 4
1 38 3
6 38 2
0 39 2
2 40 2
2 41 2
2 42 2
2 43 2
2 44 2
5 45 2
1 45 3
1 45 4
-1
-1
-1
-1
-1
-1
0 45 5
2 11 48
2 10 48
2 9 48
3 8 48
1 8 47
5 8 46
-1
-1
-1
-1
-1
-1
-1
-1
0 7 46
1 7 45
1 7 44
1 7 43
5 7 42
2 6 42
2 5 42
2 4 42
2 3 42
3 2 42
1 2 41
-1
0 2 40
6 39 1
2 40 1
2 41 1
2 42 1
-1
-1
-1
-1
0 43 1
5 43 0
2 42 0
2 41 0
2 40 0
2 39 0
2 38 0
2 37 0
6 36 0
1 36 1
1 36 2
1 36 3
4 36 4
0 35 4
4 35 5
6 34 5
1 34 6
1 34 7
1 34 8
0 34 9
-1
0 38 10
1 12 47
1 12 46
1 12 45
5 12 44
2 11 44
3 10 44
1 10 43
1 10 42
0 10 41
0 32 25
1 2 39
1 2 38
1 2 37
1 2 36
1 2 35
1 2 34
1 2 33
1 2 32
0 2 31
0 38 16
2 11 41
2 12 41
2 13 41
0 14 41
3 1 31
1 1 30
1 1 29
1 1 28
1 1 27
1 1 26
1 1 25
1 1 24
1 1 23
1 1 22
1 1 21
0 1 20
5 39 16
3 39 17
2 40 17
2 41 17
2 42 17
2 43 17
0 44 17
0 16 48
0 32 31
0 29 31
0 17 44
0 38 24
0 8 48
0 36 0
5 2 20
1 2 21
3 2 22
0 3 22
0 11 44
0 29 39
0 7 42
1 38 25
1 38 26
3 38 27
2 39 27
0 40 27
1 45 6
1 45 7
1 45 8
0 45 9
1 40 28
1 40 29
0 40 30
0 45 2
0 46 9
1 40 31
3 40 32
0 41 32
0 36 25
1 1 19
1 1 18
0 1 17
0 29 42
1 44 18
0 44 19
0 41 2
0 10 44
0 34 5
2 4 22
2 5 22
0 6 22
0 38 14
0 38 8
3 29 43
2 30 43
2 31 43
0 32 43
1 6 21
1 6 20
5 6 19
0 5 19
2 33 9
2 32 9
2 31 9
2 30 9
0 29 9
0 20 42
0 26 42
0 38 20
2 42 32
2 43 32
2 44 32
2 45 32
2 46 32
2 47 32
0 48 32
2 28 9
0 27 9
2 44 5
0 43 5
0 10 40
1 26 43
1 26 44
1 26 45
1 26 46
0 26 47
2 15 41
0 16 41
1 34 10
1 34 11
1 34 12
4 34 13
0 33 13
0 32 13
0 1 23
1 32 44
1 32 45
0 32 46
1 32 47
0 32 48
0 34 6
2 33 46
2 34 46
0 35 46
2 45 17
0 46 17
0 41 33
0 1 31
1 44 16
1 44 15
0 44 14
1 14 42
1 14 43
0 14 44
0 8 49
2 31 25
2 30 25
2 29 25
2 28 25
0 27 25
0 2 42
3 44 20
2 45 20
2 46 20
0 47 20
5 27 24
2 26 24
0 25 24
0 32 28
2 24 24
2 23 24
2 22 24
2 21 24
0 20 24
0 47 21
0 19 24
1 1 16
0 1 15
2 18 24
2 17 24
0 16 24
1 10 39
5 10 38
0 9 38
2 7 49
2 6 49
2 5 49
0 4 49
1 16 40
1 16 39
1 16 38
1 16 37
0 16 36
1 33 14
0 33 15
2 30 39
0 31 39
1 16 23
1 16 22
0 16 21
2 25 47
2 24 47
0 23 47
1 2 43
0 2 44
2 22 47
2 21 47
0 20 47
1 16 25
1 16 26
1 16 27
0 16 28
1 41 34
1 41 35
1 41 36
1 41 37
0 41 38
2 42 38
0 43 38
4 16 29
0 15 29
1 33 16
1 33 17
0 33 18
1 1 14
1 1 13
0 1 12
2 32 39
2 33 39
0 34 39
0 34 40
1 47 22
1 47 23
0 47 24
2 46 24
2 45 24
2 44 24
0 43 24
6 0 23
1 0 24
0 0 25
0 33 19
1 16 20
1 16 19
0 16 18
6 16 17
2 17 17
2 18 17
0 19 17
2 41 30
0 42 30
0 29 33
2 20 17
0 21 17
2 32 19
2 31 19
0 30 19
0 2 45
0 30 20
6 28 33
4 28 34
2 27 34
0 26 34
2 25 34
2 24 34
3 23 34
0 23 33
0 12 47
1 41 39
1 41 40
1 41 41
1 41 42
0 41 43
0 43 23
0 23 32
2 40 43
0 39 43
0 2 38
3 41 44
2 42 44
2 43 44
5 44 44
3 44 45
0 45 45
0 20 25
2 44 9
0 43 9
2 15 36
2 14 36
2 13 36
3 12 36
0 12 35
5 46 5
3 46 6
0 47 6
1 12 34
1 12 33
5 12 32
0 11 32
0 33 25
0 28 39
2 17 36
2 18 36
0 19 36
0 34 38
1 48 31
0 48 30
3 15 18
1 15 17
0 15 16
0 39 20
1 15 15
1 15 14
1 15 13
5 15 12
0 14 12
1 14 11
1 14 10
6 14 9
2 15 9
0 16 9
1 6 23
1 6 24
1 6 25
1 6 26
0 6 27
1 20 41
0 20 40
1 16 8
1 16 7
6 16 6
0 17 6
2 29 19
2 28 19
0 27 19
2 26 19
2 25 19
0 24 19
1 17 5
1 17 4
0 17 3
2 35 0
2 34 0
2 33 0
2 32 0
2 31 0
2 30 0
0 29 0
2 28 0
2 27 0
2 26 0
2 25 0
0 24 0
2 7 22
2 8 22
2 9 22
0 10 22
2 18 6
0 19 6
1 16 10
3 16 11
2 17 11
2 18 11
0 19 11
1 24 1
1 24 2
1 24 3
0 24 4
2 44 38
2 45 38
0 46 38
1 23 31
1 23 30
1 23 29
6 23 28
0 24 28
1 5 18
1 5 17
0 5 16
6 37 20
0 37 21
4 9 39
0 8 39
1 46 10
1 46 11
0 46 12
2 6 16
2 7 16
0 8 16
3 46 39
2 47 39
5 48 39
1 48 40
0 48 41
1 45 46
1 45 47
1 45 48
3 45 49
2 46 49
0 47 49
6 39 30
1 39 31
4 39 32
2 38 32
0 37 32
4 32 14
2 31 14
2 30 14
0 29 14
3 20 43
2 21 43
0 22 43
3 19 37
2 20 37
2 21 37
2 22 37
0 23 37
6 40 33
1 40 34
4 40 35
0 39 35
-1
-1
-1
-1
-1
-1
-1
-1
-1
-1
-1
-1
-1
-1
-1
-1
-1
-1
-1
-1
-1
-1
-1
-1
-1
-1
-1
-1
-1
-1
-1
-1
-1
-1
-1
-1
-1
-1
-1
-1
-1
-1
-1
-1
-1
-1
-1
-1
-1
-1
-1
-1
-1
-1
-1
-1
-1
-1
-1
-1
-1
-1
-1
-1
-1
-1
-1
-1
-1
-1
-1
-1
-1
-1
-1
-1
-1
-1
-1
-1
-1
-1
-1
-1
-1
-1
-1
-1
-1
-1
-1
-1
-1
-1
-1
-1
-1
-1
-1
-1
-1
-1
-1
-1
-1
-1
-1
-1
-1
-1
-1
-1
-1
-1
-1
-1
-1
-1
-1
-1
-1
-1
-1
-1
-1
-1
-1
-1
-1
-1
-1
-1
-1
-1
-1
-1
-1
-1
-1
-1
-1
-1
-1
-1
-1
-1
-1
-1
-1
-1
-1
-1
-1
-1
-1
-1
-1
-1
-1
-1
-1
-1
-1
-1
-1
-1
-1
-1
-1
-1
-1
-1
-1
-1
-1
-1
-1
-1
-1
-1
-1
-1
-1
-1
-1
-1
-1
-1
-1
-1
-1
-1
-1
-1
-1
-1
-1
-1
-1
-1
-1
-1
-1
-1
-1
-1
-1
-1
-1
-1
-1
-1
-1
-1
-1
-1
-1
-1
-1
-1
-1
-1
-1
-1
-1
-1
-1
-1
-1
-1
-1
-1
-1
-1
-1
-1
-1
