0 14 42
1 14 41
1 14 40
1 14 39
1 14 38
1 14 37
1 14 36
1 14 35
1 14 34
1 14 33
1 14 32
1 14 31
1 14 30
1 14 29
1 14 28
1 14 27
1 14 26
1 14 25
1 14 24
1 14 23
1 14 22
1 14 21
1 14 20
6 14 19
4 15 19
1 15 18
1 15 17
1 15 16
1 15 15
1 15 14
1 15 13
1 15 12
1 15 11
1 15 10
0 15 9
3 13 42
1 13 41
1 13 40
5 13 39
2 12 39
2 11 39
2 10 39
2 9 39
2 8 39
2 7 39
2 6 39
2 5 39
2 4 39
2 3 39
0 2 39
2 16 9
2 17 9
2 18 9
2 19 9
5 20 9
1 20 10
1 20 11
3 20 12
2 21 12
2 22 12
2 23 12
2 24 12
2 25 12
5 26 12
3 26 13
-1
-1
-1
-1
-1
0 27 13
-1
-1
-1
-1
-1
-1
-1
-1
-1
-1
0 7 39
1 27 12
1 27 11
6 27 10
4 28 10
6 28 9
2 29 9
2 30 9
2 31 9
-1
-1
0 32 9
1 15 8
1 15 7
1 15 6
1 15 5
6 15 4
2 16 4
-1
0 17 4
1 17 3
5 17 2
2 16 2
2 15 2
2 14 2
2 13 2
2 12 2
0 11 2
1 17 5
1 17 6
3 17 7
2 18 7
0 19 7
1 27 14
1 27 15
3 27 16
2 28 16
2 29 16
0 30 16
4 14 43
2 13 43
2 12 43
2 11 43
0 10 43
-1
-1
0 15 14
2 14 14
2 13 14
-1
0 12 14
6 19 6
2 20 6
2 21 6
2 22 6
2 23 6
2 24 6
0 25 6
0 11 39
0 15 8
2 33 9
4 34 9
1 34 8
0 34 7
4 15 42
6 15 41
0 16 41
0 15 19
4 18 4
1 18 3
0 18 2
0 20 9
1 11 1
0 11 0
1 12 15
1 12 16
0 12 17
0 30 9
1 2 40
1 2 41
1 2 42
1 2 43
0 2 44
0 1 44
0 27 16
0 23 6
1 27 17
1 27 18
1 27 19
0 27 20
0 15 7
0 14 2
1 2 38
0 2 37
0 25 7
0 12 39
0 14 28
3 2 45
2 3 45
2 4 45
0 5 45
0 14 21
0 13 43
2 28 20
5 29 20
1 29 21
3 29 22
0 30 22
2 31 22
0 32 22
6 32 21
0 33 21
2 34 21
2 35 21
0 36 21
0 23 12
1 23 13
1 23 14
0 23 15
1 12 38
1 12 37
1 12 36
0 12 35
1 2 36
1 2 35
6 2 34
2 3 34
0 4 34
1 4 33
1 4 32
1 4 31
1 4 30
0 4 29
0 2 34
2 14 7
2 13 7
2 12 7
0 11 7
2 16 14
2 17 14
0 18 14
0 20 11
4 36 22
6 35 22
1 35 23
0 35 24
2 31 16
2 32 16
2 33 16
0 34 16
1 11 8
1 11 9
0 11 10
0 6 39
2 19 2
0 20 2
2 35 16
0 36 16
2 37 16
2 38 16
0 39 16
1 12 34
0 12 33
1 36 15
1 36 14
0 36 13
0 6 45
0 36 12
0 21 2
0 32 10
5 12 32
2 11 32
0 10 32
2 17 41
2 18 41
0 19 41
1 19 42
1 19 43
0 19 44
2 16 19
2 17 19
0 18 19
1 6 40
0 6 41
2 19 19
0 20 19
0 20 20
2 37 12
0 38 12
0 15 12
1 35 25
1 35 26
1 35 27
0 35 28
0 18 1
2 39 12
2 40 12
0 41 12
2 9 32
2 8 32
0 7 32
2 11 14
0 10 14
0 22 2
2 10 10
0 9 10
0 40 12
0 27 11
2 42 12
2 43 12
0 44 12
0 44 13
1 11 6
6 11 5
0 12 5
1 18 15
0 18 16
4 35 29
2 34 29
0 33 29
5 20 44
3 20 45
2 21 45
2 22 45
0 23 45
4 12 18
2 11 18
2 10 18
0 9 18
0 8 18
0 7 18
3 6 18
5 6 17
3 5 17
5 5 16
0 4 16
0 23 46
1 27 21
4 27 22
2 26 22
2 25 22
0 24 22
1 16 40
1 16 39
0 16 38
2 11 35
0 10 35
1 16 37
0 16 36
0 17 36
4 3 44
0 3 43
3 13 28
5 13 27
0 12 27
0 18 36
1 18 20
1 18 21
0 18 22
0 34 9
6 1 39
4 1 40
0 0 40
3 10 7
5 10 6
2 9 6
2 8 6
0 7 6
0 7 5
1 39 17
0 39 18
0 8 10
1 23 44
1 23 43
1 23 42
1 23 41
0 23 40
1 34 6
0 34 5
1 30 23
0 30 24
1 19 45
1 19 46
0 19 47
1 8 19
1 8 20
1 8 21
0 8 22
2 32 29
2 31 29
0 30 29
1 13 44
0 13 45
2 40 18
0 41 18
1 6 46
0 6 47
2 35 5
2 36 5
2 37 5
2 38 5
0 39 5
1 25 5
6 25 4
0 26 4
1 13 46
1 13 47
4 13 48
2 12 48
0 11 48
1 23 47
3 23 48
2 24 48
2 25 48
2 26 48
0 27 48
6 26 3
2 27 3
0 28 3
0 4 30
1 32 11
1 32 12
0 32 13
1 4 28
6 4 27
0 5 27
1 6 38
0 6 37
1 18 23
1 18 24
0 18 25
1 23 39
1 23 38
1 23 37
1 23 36
1 23 35
0 23 34
5 30 28
2 29 28
0 28 28
1 44 11
6 44 10
0 45 10
2 36 28
2 37 28
2 38 28
2 39 28
2 40 28
0 41 28
0 3 30
0 11 27
6 28 2
2 29 2
0 30 2
2 42 28
0 43 28
2 24 15
0 25 15
1 33 30
1 33 31
3 33 32
0 34 32
2 6 6
2 5 6
2 4 6
2 3 6
0 2 6
2 2 30
2 1 30
0 0 30
0 8 39
1 34 4
1 34 3
1 34 2
0 34 1
3 41 19
2 42 19
0 43 19
2 10 27
0 9 27
0 29 20
4 6 48
2 5 48
2 4 48
0 3 48
0 9 43
1 43 20
0 43 21
0 10 2
0 34 17
0 9 22
1 34 33
4 34 34
2 33 34
0 32 34
5 15 28
3 15 29
0 16 29
1 24 23
1 24 24
1 24 25
4 24 26
0 23 26
1 9 28
0 9 29
1 32 35
1 32 36
0 32 37
1 32 38
1 32 39
1 32 40
0 32 41
3 32 42
2 33 42
2 34 42
2 35 42
2 36 42
2 37 42
0 38 42
1 5 26
1 5 25
0 5 24
1 2 5
1 2 4
1 2 3
1 2 2
0 2 1
1 7 7
4 7 8
2 6 8
0 5 8
0 15 2
5 24 40
1 24 41
3 24 42
2 25 42
0 26 42
0 4 24
5 23 33
2 22 33
2 21 33
0 20 33
4 16 12
0 16 11
4 4 25
2 3 25
2 2 25
0 1 25
2 40 5
2 41 5
0 42 5
0 42 4
1 4 15
1 4 14
5 4 13
0 3 13
4 25 8
0 24 8
5 24 34
1 24 35
3 24 36
2 25 36
0 26 36
4 38 43
0 37 43
1 20 18
0 20 17
0 13 17
1 41 11
6 41 10
0 42 10
1 44 14
3 44 15
2 45 15
0 46 15
1 38 41
1 38 40
1 38 39
6 38 38
2 39 38
2 40 38
2 41 38
2 42 38
2 43 38
2 44 38
2 45 38
2 46 38
2 47 38
0 48 38
1 37 44
1 37 45
1 37 46
1 37 47
1 37 48
3 37 49
2 38 49
0 39 49
5 48 37
2 47 37
2 46 37
2 45 37
2 44 37
0 43 37
-1
-1
-1
-1
-1
-1
-1
-1
-1
-1
-1
-1
-1
-1
-1
-1
-1
-1
-1
-1
-1
-1
-1
-1
-1
-1
-1
-1
-1
-1
-1
-1
-1
-1
-1
-1
-1
-1
-1
-1
-1
-1
-1
-1
-1
-1
-1
-1
-1
-1
-1
-1
-1
-1
-1
-1
-1
-1
-1
-1
-1
-1
-1
-1
-1
-1
-1
-1
-1
-1
-1
-1
-1
-1
-1
-1
-1
-1
-1
-1
-1
-1
-1
-1
-1
-1
-1
-1
-1
-1
-1
-1
-1
-1
-1
-1
-1
-1
-1
-1
-1
-1
-1
-1
-1
-1
-1
-1
-1
-1
-1
-1
-1
-1
-1
-1
-1
-1
-1
-1
-1
-1
-1
-1
-1
-1
-1
-1
-1
-1
-1
-1
-1
-1
-1
-1
-1
-1
-1
-1
-1
-1
-1
-1
-1
-1
-1
-1
-1
-1
-1
-1
-1
-1
-1
-1
-1
-1
-1
-1
-1
-1
-1
-1
-1
-1
-1
-1
-1
-1
-1
-1
-1
-1
-1
-1
-1
-1
-1
-1
-1
-1
-1
-1
-1
-1
-1
-1
-1
-1
-1
-1
-1
-1
-1
-1
-1
-1
-1
-1
-1
-1
-1
-1
-1
-1
-1
-1
-1
-1
-1
-1
-1
-1
-1
-1
