0 4 23
3 4 24
5 5 24
3 5 25
2 6 25
5 7 25
1 7 26
3 7 27
5 8 27
1 8 28
3 8 29
2 9 29
2 10 29
2 11 29
2 12 29
5 13 29
1 13 30
1 13 31
1 13 32
1 13 33
1 13 34
1 13 35
0 13 36
1 4 22
6 4 21
2 5 21
2 6 21
2 7 21
2 8 21
2 9 21
2 10 21
2 11 21
2 12 21
2 13 21
2 14 21
2 15 21
2 16 21
2 17 21
2 18 21
4 19 21
1 19 20
1 19 19
6 19 18
4 20 18
6 20 17
-1
-1
-1
-1
-1
-1
-1
-1
-1
-1
0 21 17
-1
-1
-1
-1
-1
-1
-1
-1
-1
-1
-1
-1
-1
-1
-1
-1
-1
-1
-1
-1
-1
-1
-1
0 7 25
2 22 17
2 23 17
4 24 17
1 24 16
1 24 15
1 24 14
1 24 13
1 24 12
1 24 11
1 24 10
1 24 9
1 24 8
-1
-1
-1
-1
-1
-1
-1
-1
-1
-1
-1
-1
0 24 7
1 24 6
6 24 5
2 25 5
2 26 5
4 27 5
1 27 4
1 27 3
-1
-1
-1
-1
-1
-1
-1
-1
-1
0 27 2
3 3 23
1 3 22
5 3 21
2 2 21
-1
-1
-1
-1
-1
-1
0 1 21
2 26 2
2 25 2
3 24 2
5 24 1
2 23 1
2 22 1
2 21 1
2 20 1
2 19 1
2 18 1
2 17 1
0 16 1
3 21 18
2 22 18
2 23 18
2 24 18
2 25 18
2 26 18
2 27 18
2 28 18
2 29 18
0 30 18
5 25 7
1 25 8
3 25 9
2 26 9
2 27 9
0 28 9
3 13 37
2 14 37
2 15 37
-1
0 16 37
1 30 19
4 30 20
2 29 20
6 28 20
1 28 21
0 28 22
4 16 38
2 15 38
2 14 38
6 13 38
1 13 39
0 13 40
1 21 16
5 21 15
2 20 15
2 19 15
0 18 15
1 1 22
1 1 23
1 1 24
1 1 25
0 1 26
1 16 36
1 16 35
1 16 34
1 16 33
6 16 32
4 17 32
1 17 31
6 17 30
0 18 30
0 24 5
0 8 21
0 19 1
6 23 7
4 23 8
2 22 8
2 21 8
0 20 8
0 13 34
2 8 25
2 9 25
0 10 25
2 17 15
2 16 15
0 15 15
1 28 10
1 28 11
0 28 12
0 13 29
2 12 36
2 11 36
0 10 36
2 9 36
2 8 36
2 7 36
0 6 36
0 8 27
0 19 21
2 29 9
2 30 9
2 31 9
2 32 9
0 33 9
0 9 21
2 28 2
0 29 2
2 12 40
2 11 40
0 10 40
0 13 21
0 18 29
1 18 28
1 18 27
0 18 26
1 1 27
1 1 28
0 1 29
0 27 5
0 24 10
2 2 29
2 3 29
5 4 29
0 4 30
2 34 9
2 35 9
0 36 9
0 13 32
0 16 38
0 20 9
0 11 21
1 16 2
1 16 3
1 16 4
0 16 5
0 1 24
0 17 32
0 17 21
1 28 13
1 28 14
4 28 15
0 27 15
5 19 26
3 19 27
2 20 27
0 21 27
0 27 22
0 8 29
0 12 32
1 15 14
0 15 13
0 24 18
2 29 22
2 30 22
0 31 22
6 1 20
0 2 20
2 29 12
0 30 12
2 15 1
2 14 1
0 13 1
1 31 21
6 31 20
2 32 20
2 33 20
0 34 20
1 16 39
1 16 40
3 16 41
2 17 41
0 18 41
1 10 41
1 10 42
4 10 43
0 9 43
1 9 44
1 9 45
1 9 46
0 9 47
0 24 12
0 14 34
2 26 22
2 25 22
2 24 22
0 23 22
1 13 2
0 13 3
1 2 19
1 2 18
5 2 17
0 1 17
2 19 30
2 20 30
2 21 30
2 22 30
2 23 30
0 24 30
0 25 30
2 35 20
2 36 20
2 37 20
2 38 20
2 39 20
0 40 20
0 13 38
0 1 16
1 8 20
1 8 19
1 8 18
0 8 17
0 7 17
1 25 31
0 25 32
0 24 15
2 30 2
2 31 2
2 32 2
2 33 2
0 34 2
1 6 35
0 6 34
1 20 10
0 20 11
1 7 16
0 7 15
0 28 20
2 35 2
2 36 2
2 37 2
0 38 2
1 40 19
1 40 18
6 40 17
2 41 17
2 42 17
0 43 17
2 44 17
0 45 17
5 9 42
2 8 42
2 7 42
0 6 42
2 8 15
2 9 15
0 10 15
1 18 40
6 18 39
2 19 39
2 20 39
2 21 39
2 22 39
0 23 39
2 46 17
0 47 17
0 24 39
0 5 24
1 43 16
1 43 15
1 43 14
0 43 13
1 34 19
1 34 18
0 34 17
2 42 13
2 41 13
0 40 13
1 31 23
1 31 24
1 31 25
4 31 26
0 30 26
1 38 3
1 38 4
3 38 5
2 39 5
0 40 5
1 18 25
0 18 24
2 41 5
2 42 5
2 43 5
2 44 5
0 45 5
1 34 16
5 34 15
0 33 15
1 6 41
5 6 40
2 5 40
2 4 40
0 3 40
2 23 5
0 22 5
2 17 26
0 16 26
2 28 5
2 29 5
2 30 5
0 31 5
1 40 21
3 40 22
5 41 22
1 41 23
0 41 24
0 24 2
1 10 14
1 10 13
1 10 12
1 10 11
0 10 10
1 30 27
1 30 28
3 30 29
2 31 29
0 32 29
1 13 20
0 13 19
1 32 30
4 32 31
0 31 31
3 10 26
0 11 26
2 12 1
0 11 1
2 33 29
2 34 29
2 35 29
2 36 29
0 37 29
2 25 39
2 26 39
2 27 39
2 28 39
2 29 39
2 30 39
2 31 39
0 32 39
3 32 40
2 33 40
2 34 40
0 35 40
1 35 41
1 35 42
1 35 43
1 35 44
0 35 45
1 1 30
1 1 31
1 1 32
0 1 33
4 42 24
1 42 23
6 42 22
0 43 22
1 40 12
0 40 11
1 45 6
4 45 7
0 44 7
2 9 10
2 8 10
2 7 10
2 6 10
2 5 10
0 4 10
1 4 9
1 4 8
5 4 7
0 3 7
1 45 4
1 45 3
1 45 2
1 45 1
0 45 0
1 24 40
1 24 41
0 24 42
1 18 42
1 18 43
1 18 44
1 18 45
1 18 46
0 18 47
2 17 47
2 16 47
2 15 47
0 14 47
1 35 46
1 35 47
1 35 48
4 35 49
0 34 49
2 33 49
2 32 49
2 31 49
2 30 49
2 29 49
2 28 49
0 27 49
1 35 39
1 35 38
1 35 37
6 35 36
2 36 36
0 37 36
-1
-1
-1
-1
-1
-1
-1
-1
-1
-1
-1
-1
-1
-1
-1
-1
-1
-1
-1
-1
-1
-1
-1
-1
-1
-1
-1
-1
-1
-1
-1
-1
-1
-1
-1
-1
-1
-1
-1
-1
-1
-1
-1
-1
-1
-1
-1
-1
-1
-1
-1
-1
-1
-1
-1
-1
-1
-1
-1
-1
-1
-1
-1
-1
-1
-1
-1
-1
-1
-1
-1
-1
-1
-1
-1
-1
-1
-1
-1
-1
-1
-1
-1
-1
-1
-1
-1
-1
-1
-1
-1
-1
-1
-1
-1
-1
-1
-1
-1
-1
-1
-1
-1
-1
-1
-1
-1
-1
-1
-1
-1
-1
-1
-1
-1
-1
-1
-1
-1
-1
-1
-1
-1
-1
-1
-1
-1
-1
-1
-1
-1
-1
-1
-1
-1
-1
-1
-1
-1
-1
-1
-1
-1
-1
-1
-1
-1
-1
-1
-1
-1
-1
-1
-1
-1
-1
-1
-1
-1
-1
-1
-1
-1
-1
-1
-1
-1
-1
-1
-1
-1
-1
-1
-1
-1
-1
-1
-1
-1
-1
-1
-1
-1
-1
-1
-1
-1
-1
-1
-1
-1
-1
-1
-1
-1
-1
-1
-1
-1
-1
-1
-1
-1
-1
-1
-1
-1
-1
-1
-1
-1
-1
-1
-1
-1
-1
-1
-1
-1
-1
-1
-1
-1
-1
-1
-1
-1
-1
-1
-1
-1
-1
-1
-1
-1
-1
-1
-1
-1
-1
-1
-1
-1
-1
-1
-1
-1
-1
-1
-1
-1
-1
-1
-1
-1
-1
-1
-1
-1
-1
-1
-1
-1
-1
-1
-1
-1
-1
