0 33 22
2 34 22
2 35 22
2 36 22
4 37 22
1 37 21
6 37 20
2 38 20
2 39 20
2 40 20
2 41 20
2 42 20
4 43 20
1 43 19
6 43 18
2 44 18
0 45 18
2 32 22
2 31 22
2 30 22
2 29 22
2 28 22
2 27 22
2 26 22
2 25 22
2 24 22
2 23 22
2 22 22
2 21 22
2 20 22
6 19 22
4 19 23
2 18 23
2 17 23
2 16 23
2 15 23
6 14 23
1 14 24
1 14 25
1 14 26
1 14 27
4 14 28
2 13 28
2 12 28
2 11 28
6 10 28
4 10 29
6 9 29
4 9 30
6 8 30
1 8 31
1 8 32
4 8 33
2 7 33
2 6 33
2 5 33
-1
-1
-1
-1
-1
-1
-1
-1
-1
-1
-1
-1
-1
-1
-1
-1
-1
-1
-1
-1
-1
-1
-1
-1
0 4 33
5 45 17
2 44 17
2 43 17
3 42 17
1 42 16
-1
-1
-1
-1
-1
-1
-1
-1
-1
-1
-1
-1
-1
-1
-1
0 42 15
1 4 34
3 4 35
5 5 35
1 5 36
-1
-1
-1
-1
-1
0 5 37
1 42 14
1 42 13
1 42 12
-1
-1
0 42 11
2 43 15
2 44 15
2 45 15
4 46 15
0 46 14
2 6 37
5 7 37
1 7 38
1 7 39
0 7 40
1 42 10
0 42 9
2 41 11
2 40 11
0 39 11
1 33 21
1 33 20
0 33 19
0 8 33
1 45 19
1 45 20
1 45 21
1 45 22
0 45 23
0 14 23
0 42 17
2 46 18
0 47 18
2 4 37
3 3 37
5 3 36
2 2 36
0 1 36
0 18 23
1 45 24
1 45 25
0 45 26
0 20 22
0 14 27
0 26 22
0 42 8
0 37 22
2 32 19
2 31 19
0 30 19
0 40 20
1 7 41
1 7 42
0 7 43
0 24 22
0 7 37
2 44 23
2 43 23
0 42 23
1 30 18
1 30 17
1 30 16
1 30 15
1 30 14
1 30 13
0 30 12
0 5 35
1 46 13
6 46 12
0 47 12
0 4 32
0 30 16
4 45 27
0 44 27
1 30 11
1 30 10
5 30 9
0 29 9
1 29 8
1 29 7
0 29 6
0 10 28
1 29 5
1 29 4
0 29 3
2 8 43
0 9 43
3 9 44
2 10 44
0 11 44
2 34 19
2 35 19
4 36 19
0 36 18
2 8 37
0 9 37
2 28 6
0 27 6
0 39 12
1 36 17
1 36 16
0 36 15
2 6 40
0 5 40
5 29 2
0 28 2
1 1 37
0 1 38
0 43 20
1 1 39
1 1 40
0 1 41
1 42 7
0 42 6
0 42 24
1 42 5
6 42 4
0 43 4
2 35 15
0 34 15
5 30 6
3 30 7
2 31 7
2 32 7
0 33 7
5 4 31
2 3 31
0 2 31
2 27 2
2 26 2
0 25 2
2 26 6
2 25 6
2 24 6
2 23 6
0 22 6
0 31 22
1 37 23
1 37 24
0 37 25
2 10 37
2 11 37
2 12 37
0 13 37
1 47 11
0 47 10
0 1 42
2 29 16
0 28 16
2 31 12
0 32 12
1 47 9
1 47 8
0 47 7
2 21 6
2 20 6
0 19 6
1 44 28
1 44 29
0 44 30
0 48 18
2 18 6
2 17 6
0 16 6
0 43 11
1 33 6
1 33 5
0 33 4
1 1 43
1 1 44
3 1 45
0 2 45
0 4 40
0 1 35
3 33 8
2 34 8
0 35 8
2 29 12
2 28 12
0 27 12
2 46 26
0 47 26
2 34 4
0 35 4
2 9 33
2 10 33
2 11 33
0 12 33
1 2 30
1 2 29
0 2 28
2 3 28
2 4 28
0 5 28
1 22 7
0 22 8
0 47 25
1 48 19
0 48 20
1 13 38
0 13 39
2 14 37
2 15 37
0 16 37
1 37 26
1 37 27
0 37 28
2 17 37
2 18 37
0 19 37
1 19 38
0 19 39
0 19 40
0 22 9
0 41 15
0 48 7
1 19 41
0 19 42
0 35 9
1 19 43
4 19 44
0 18 44
1 16 5
1 16 4
5 16 3
0 15 3
0 17 23
0 35 10
0 37 29
0 8 30
0 35 22
0 35 11
0 31 16
2 24 2
2 23 2
2 22 2
0 21 2
1 5 27
1 5 26
0 5 25
2 12 39
0 11 39
0 29 19
1 11 45
3 11 46
0 12 46
0 18 45
2 45 30
2 46 30
2 47 30
0 48 30
2 13 33
2 14 33
0 15 33
0 43 3
2 14 3
2 13 3
0 12 3
0 14 25
2 11 3
0 10 3
0 27 16
2 20 39
2 21 39
2 22 39
2 23 39
0 24 39
1 24 40
0 24 41
2 43 30
0 42 30
0 41 30
0 48 21
1 42 31
1 42 32
0 42 33
0 3 45
2 19 45
0 20 45
0 43 2
0 21 45
0 15 32
0 24 38
2 25 38
0 26 38
0 12 2
2 26 16
2 25 16
0 24 16
1 26 37
1 26 36
0 26 35
1 26 34
0 26 33
2 25 33
0 24 33
2 23 33
0 22 33
4 37 18
6 37 17
0 38 17
6 5 24
2 6 24
2 7 24
0 8 24
0 21 33
1 22 32
1 22 31
1 22 30
0 22 29
2 21 29
0 20 29
1 24 23
0 24 24
2 27 33
2 28 33
0 29 33
0 4 45
1 10 4
1 10 5
4 10 6
2 9 6
0 8 6
2 36 4
4 37 4
0 37 3
1 48 6
0 48 5
1 48 4
1 48 3
0 48 2
1 37 30
0 37 31
0 24 42
0 46 15
0 26 21
5 14 22
0 13 22
1 29 32
1 29 31
1 29 30
0 29 29
1 29 28
0 29 27
0 43 8
5 30 29
3 30 30
2 31 30
0 32 30
2 28 27
0 27 27
1 12 47
4 12 48
0 11 48
0 33 30
1 13 40
3 13 41
0 14 41
0 1 28
0 0 28
1 13 21
1 13 20
5 13 19
0 12 19
4 12 20
2 11 20
0 10 20
0 42 34
1 20 21
0 20 20
1 33 3
0 33 2
0 33 1
0 33 0
2 23 24
0 22 24
0 30 9
1 29 34
3 29 35
2 30 35
0 31 35
0 31 36
2 32 35
0 33 35
1 22 10
1 22 11
0 22 12
1 33 36
0 33 37
1 33 38
1 33 39
0 33 40
0 33 41
2 32 41
0 31 41
0 34 35
3 4 46
5 5 46
1 5 47
3 5 48
0 6 48
2 7 6
0 6 6
1 6 7
1 6 8
4 6 9
0 5 9
1 25 3
0 25 4
2 36 25
0 35 25
2 38 25
0 39 25
0 5 10
1 5 11
0 5 12
4 27 28
0 26 28
0 6 12
0 6 5
1 37 2
1 37 1
6 37 0
0 38 0
2 5 5
2 4 5
2 3 5
0 2 5
5 20 28
2 19 28
0 18 28
2 35 35
2 36 35
0 37 35
1 2 4
0 2 3
1 5 13
1 5 14
1 5 15
1 5 16
0 5 17
0 0 42
4 2 6
0 1 6
1 5 18
4 5 19
2 4 19
2 3 19
0 2 19
3 33 42
2 34 42
2 35 42
2 36 42
2 37 42
5 38 42
0 38 43
4 39 43
6 39 42
0 40 42
1 31 42
1 31 43
1 31 44
4 31 45
0 30 45
1 2 20
1 2 21
0 2 22
1 48 31
1 48 32
0 48 33
1 48 34
0 48 35
1 40 41
0 40 40
6 15 2
4 16 2
1 16 1
0 16 0
2 47 35
0 46 35
0 1 22
5 6 17
1 6 18
0 6 19
1 29 26
0 29 25
1 21 1
0 21 0
5 22 45
3 22 46
2 23 46
0 24 46
6 43 1
2 44 1
0 45 1
0 43 33
5 41 42
1 41 43
3 41 44
2 42 44
0 43 44
0 42 16
4 16 7
2 15 7
0 14 7
2 21 9
2 20 9
2 19 9
0 18 9
1 14 8
4 14 9
0 13 9
6 9 36
2 10 36
0 11 36
1 38 44
1 38 45
1 38 46
1 38 47
4 38 48
0 37 48
0 38 35
4 18 46
0 17 46
2 30 27
0 31 27
1 18 10
1 18 11
4 18 12
6 17 12
0 17 13
5 18 13
1 18 14
1 18 15
1 18 16
0 18 17
2 1 3
3 0 3
1 0 2
0 0 1
1 2 46
4 2 47
0 1 47
0 18 15
1 12 18
1 12 17
5 12 16
0 11 16
-1
-1
-1
-1
-1
-1
-1
-1
-1
-1
-1
-1
-1
-1
-1
-1
-1
-1
-1
-1
-1
-1
-1
-1
-1
-1
-1
-1
-1
-1
-1
-1
-1
-1
-1
-1
-1
-1
-1
-1
-1
-1
-1
-1
-1
-1
-1
-1
-1
-1
-1
-1
-1
-1
-1
-1
-1
-1
-1
-1
-1
-1
-1
-1
-1
-1
-1
-1
-1
-1
-1
-1
-1
-1
-1
-1
-1
-1
-1
-1
-1
-1
-1
-1
-1
-1
-1
-1
-1
-1
-1
-1
-1
-1
-1
-1
-1
-1
-1
-1
-1
-1
-1
-1
-1
-1
-1
-1
-1
-1
-1
-1
-1
-1
-1
-1
-1
-1
-1
-1
-1
-1
-1
-1
-1
-1
-1
-1
-1
-1
-1
-1
-1
-1
-1
-1
-1
-1
-1
