0 3 36
6 3 35
2 4 35
2 5 35
2 6 35
2 7 35
2 8 35
2 9 35
2 10 35
4 11 35
1 11 34
1 11 33
1 11 32
1 11 31
6 11 30
2 12 30
2 13 30
2 14 30
2 15 30
2 16 30
2 17 30
2 18 30
2 19 30
2 20 30
2 21 30
2 22 30
2 23 30
2 24 30
2 25 30
2 26 30
2 27 30
2 28 30
2 29 30
4 30 30
1 30 29
6 30 28
2 31 28
2 32 28
2 33 28
2 34 28
2 35 28
4 36 28
1 36 27
1 36 26
1 36 25
1 36 24
1 36 23
1 36 22
1 36 21
1 36 20
1 36 19
1 36 18
1 36 17
1 36 16
1 36 15
1 36 14
1 36 13
1 36 12
6 36 11
2 37 11
2 38 11
2 39 11
0 40 11
1 3 37
1 3 38
1 3 39
1 3 40
1 3 41
1 3 42
-1
-1
-1
-1
-1
-1
-1
-1
-1
-1
-1
-1
-1
-1
-1
-1
-1
-1
-1
-1
-1
-1
-1
-1
-1
-1
-1
-1
-1
-1
-1
-1
-1
-1
-1
-1
-1
-1
-1
-1
-1
-1
-1
-1
-1
-1
-1
-1
-1
-1
-1
-1
-1
-1
-1
-1
-1
0 3 43
1 40 10
1 40 9
1 40 8
1 40 7
1 40 6
1 40 5
-1
-1
-1
-1
-1
-1
-1
-1
-1
-1
-1
-1
-1
-1
-1
-1
-1
-1
-1
-1
-1
-1
-1
-1
-1
-1
-1
-1
-1
-1
-1
-1
-1
-1
0 40 4
2 39 4
2 38 4
2 37 4
3 36 4
5 36 3
2 35 3
2 34 3
2 33 3
2 32 3
2 31 3
2 30 3
2 29 3
-1
-1
-1
-1
-1
-1
-1
-1
-1
-1
-1
-1
-1
-1
-1
-1
0 28 3
-1
-1
-1
-1
-1
-1
-1
-1
-1
-1
-1
-1
-1
-1
-1
-1
-1
0 36 28
2 27 3
2 26 3
2 25 3
2 24 3
2 23 3
2 22 3
2 21 3
2 20 3
2 19 3
2 18 3
2 17 3
2 16 3
-1
-1
-1
-1
-1
-1
-1
0 15 3
1 36 29
1 36 30
1 36 31
1 36 32
1 36 33
3 36 34
2 37 34
2 38 34
2 39 34
2 40 34
2 41 34
2 42 34
2 43 34
2 44 34
-1
-1
-1
0 45 34
1 45 35
1 45 36
1 45 37
1 45 38
1 45 39
1 45 40
1 45 41
1 45 42
1 45 43
1 45 44
1 45 45
1 45 46
4 45 47
2 44 47
2 43 47
2 42 47
0 41 47
2 14 3
2 13 3
2 12 3
2 11 3
2 10 3
2 9 3
-1
-1
-1
-1
0 8 3
1 3 44
1 3 45
3 3 46
2 4 46
2 5 46
2 6 46
2 7 46
2 8 46
-1
-1
0 9 46
1 45 33
1 45 32
1 45 31
1 45 30
1 45 29
1 45 28
1 45 27
6 45 26
0 46 26
-1
-1
-1
-1
-1
-1
-1
0 36 17
2 40 47
2 39 47
2 38 47
2 37 47
2 36 47
2 35 47
2 34 47
0 33 47
1 8 4
1 8 5
1 8 6
4 8 7
2 7 7
2 6 7
2 5 7
0 4 7
1 4 8
1 4 9
1 4 10
1 4 11
1 4 12
1 4 13
1 4 14
1 4 15
0 4 16
-1
-1
-1
0 45 45
1 9 45
1 9 44
6 9 43
2 10 43
2 11 43
2 12 43
2 13 43
2 14 43
0 15 43
6 35 17
1 35 18
1 35 19
1 35 20
1 35 21
1 35 22
0 35 23
-1
0 3 39
-1
-1
-1
-1
0 45 42
1 28 2
5 28 1
2 27 1
2 26 1
2 25 1
0 24 1
2 32 47
-1
0 31 47
1 46 25
1 46 24
1 46 23
1 46 22
1 46 21
6 46 20
0 47 20
2 30 47
2 29 47
0 28 47
1 15 4
1 15 5
1 15 6
1 15 7
1 15 8
1 15 9
1 15 10
0 15 11
1 15 42
1 15 41
0 15 40
0 36 4
2 27 47
2 26 47
2 25 47
0 24 47
1 36 5
1 36 6
1 36 7
0 36 8
1 24 46
1 24 45
1 24 44
6 24 43
0 25 43
-1
0 24 30
1 25 42
1 25 41
1 25 40
1 25 39
1 25 38
5 25 37
0 24 37
0 15 8
5 37 17
1 37 18
1 37 19
0 37 20
1 4 17
1 4 18
1 4 19
1 4 20
1 4 21
0 4 22
0 38 47
2 41 11
2 42 11
2 43 11
2 44 11
2 45 11
2 46 11
2 47 11
0 48 11
0 30 30
0 46 22
0 11 35
3 2 36
1 2 35
0 2 34
2 35 8
2 34 8
0 33 8
1 40 12
1 40 13
3 40 14
2 41 14
0 42 14
0 45 37
1 15 44
1 15 45
1 15 46
1 15 47
1 15 48
0 15 49
1 4 23
3 4 24
2 5 24
2 6 24
2 7 24
2 8 24
2 9 24
0 10 24
1 10 23
1 10 22
6 10 21
2 11 21
2 12 21
2 13 21
2 14 21
2 15 21
0 16 21
5 16 8
3 16 9
2 17 9
2 18 9
2 19 9
2 20 9
2 21 9
2 22 9
2 23 9
0 24 9
-1
-1
-1
-1
-1
-1
-1
-1
-1
-1
-1
-1
-1
-1
-1
-1
-1
-1
-1
-1
-1
-1
-1
-1
-1
-1
-1
-1
-1
-1
-1
-1
-1
-1
-1
-1
-1
-1
-1
-1
-1
-1
-1
-1
-1
-1
-1
-1
-1
-1
-1
-1
-1
-1
-1
-1
-1
-1
-1
-1
-1
-1
-1
-1
-1
-1
-1
-1
-1
-1
-1
-1
-1
-1
-1
-1
-1
-1
-1
-1
-1
-1
-1
-1
-1
-1
-1
-1
-1
-1
-1
-1
-1
-1
-1
-1
-1
-1
-1
-1
-1
-1
-1
-1
-1
-1
-1
-1
-1
-1
-1
-1
-1
-1
-1
-1
-1
-1
-1
-1
-1
-1
-1
-1
-1
-1
-1
-1
-1
-1
-1
-1
-1
-1
-1
-1
-1
-1
-1
-1
-1
-1
-1
-1
-1
-1
-1
-1
-1
-1
-1
-1
-1
-1
-1
-1
-1
-1
-1
-1
-1
-1
-1
-1
-1
-1
-1
-1
-1
-1
-1
-1
-1
-1
-1
-1
-1
-1
-1
-1
-1
-1
-1
-1
-1
-1
-1
-1
-1
-1
-1
-1
-1
-1
-1
-1
-1
-1
-1
-1
-1
-1
-1
-1
-1
-1
-1
-1
-1
-1
-1
-1
-1
-1
-1
-1
-1
-1
-1
-1
-1
-1
-1
-1
-1
-1
-1
-1
-1
-1
-1
-1
-1
-1
-1
-1
-1
-1
-1
-1
-1
-1
-1
-1
-1
-1
-1
-1
-1
-1
-1
-1
-1
-1
-1
-1
-1
-1
-1
-1
-1
-1
-1
-1
-1
-1
-1
-1
-1
-1
-1
-1
-1
-1
-1
-1
-1
-1
-1
-1
-1
-1
-1
-1
-1
-1
-1
-1
-1
-1
-1
-1
-1
-1
-1
-1
-1
-1
-1
-1
-1
-1
-1
-1
-1
-1
-1
-1
-1
-1
-1
-1
-1
-1
-1
-1
-1
-1
