0 9 30
5 9 29
2 8 29
3 7 29
1 7 28
1 7 27
5 7 26
2 6 26
0 5 26
1 9 31
1 9 32
1 9 33
1 9 34
1 9 35
-1
-1
-1
3 9 36
-1
-1
-1
-1
-1
2 10 36
-1
-1
-1
-1
-1
2 11 36
-1
-1
-1
-1
-1
2 12 36
-1
-1
-1
-1
-1
2 13 36
-1
-1
-1
-1
-1
2 14 36
-1
-1
-1
-1
2 15 36
-1
-1
-1
-1
-1
2 16 36
-1
-1
-1
-1
-1
2 17 36
-1
-1
-1
-1
-1
2 18 36
-1
-1
-1
-1
-1
2 19 36
-1
-1
-1
-1
-1
2 20 36
-1
-1
-1
-1
-1
2 21 36
-1
-1
-1
-1
-1
2 22 36
-1
-1
-1
-1
-1
2 23 36
-1
-1
-1
-1
2 24 36
-1
-1
-1
-1
-1
2 25 36
-1
-1
-1
-1
-1
2 26 36
-1
-1
-1
-1
-1
2 27 36
-1
-1
-1
-1
-1
2 28 36
-1
-1
-1
-1
-1
2 29 36
-1
-1
-1
-1
-1
2 30 36
-1
-1
-1
-1
-1
2 31 36
-1
-1
-1
-1
5 32 36
-1
-1
-1
-1
-1
1 32 37
-1
-1
-1
-1
-1
1 32 38
-1
-1
-1
-1
-1
1 32 39
-1
-1
-1
-1
-1
1 32 40
-1
-1
-1
-1
-1
3 32 41
-1
-1
-1
-1
-1
2 33 41
-1
-1
-1
-1
-1
2 34 41
-1
-1
-1
-1
-1
2 35 41
-1
-1
-1
-1
2 36 41
-1
-1
-1
-1
-1
2 37 41
-1
-1
-1
-1
-1
2 38 41
-1
-1
-1
-1
-1
-1
-1
-1
-1
-1
-1
-1
-1
-1
-1
-1
-1
-1
-1
-1
-1
-1
-1
-1
-1
-1
-1
-1
-1
-1
-1
-1
-1
-1
-1
-1
-1
-1
-1
-1
-1
-1
-1
-1
-1
-1
-1
-1
-1
-1
-1
-1
-1
-1
-1
-1
-1
-1
-1
-1
-1
-1
-1
-1
-1
-1
-1
-1
-1
-1
-1
-1
-1
-1
-1
-1
-1
-1
-1
-1
-1
-1
-1
-1
-1
-1
-1
-1
-1
-1
-1
-1
-1
-1
-1
-1
-1
-1
-1
-1
-1
-1
-1
-1
-1
-1
-1
-1
-1
-1
-1
-1
-1
-1
-1
-1
-1
-1
-1
-1
-1
-1
-1
-1
-1
-1
-1
-1
-1
-1
-1
-1
-1
-1
-1
-1
-1
-1
-1
-1
-1
-1
-1
-1
-1
-1
-1
-1
-1
-1
-1
-1
-1
-1
-1
-1
-1
-1
-1
-1
-1
-1
-1
-1
-1
-1
-1
-1
-1
-1
-1
-1
-1
-1
-1
-1
-1
-1
-1
-1
-1
-1
-1
-1
-1
-1
-1
-1
-1
-1
-1
-1
-1
-1
-1
-1
-1
-1
-1
-1
-1
-1
-1
-1
-1
-1
-1
-1
-1
-1
-1
-1
-1
-1
-1
-1
-1
-1
-1
-1
-1
-1
-1
-1
-1
-1
-1
-1
-1
-1
-1
-1
-1
-1
-1
-1
-1
-1
-1
-1
-1
-1
-1
-1
-1
-1
-1
-1
-1
-1
-1
-1
-1
-1
-1
-1
-1
-1
-1
-1
-1
-1
-1
-1
-1
-1
-1
-1
-1
-1
-1
-1
-1
-1
-1
-1
-1
-1
-1
-1
-1
-1
-1
-1
-1
-1
-1
-1
-1
-1
-1
-1
-1
0 39 41
1 39 42
1 39 43
3 39 44
5 40 44
1 40 45
3 40 46
2 41 46
2 42 46
2 43 46
-1
-1
-1
-1
-1
-1
-1
-1
-1
-1
-1
-1
-1
-1
-1
-1
-1
-1
-1
-1
-1
-1
-1
-1
-1
-1
-1
-1
-1
-1
-1
-1
-1
-1
-1
-1
-1
-1
-1
-1
-1
-1
-1
-1
0 44 46
-1
-1
-1
-1
-1
-1
-1
-1
-1
-1
-1
-1
-1
-1
-1
-1
-1
-1
-1
-1
-1
-1
-1
-1
-1
-1
-1
-1
0 7 29
1 5 25
6 5 24
2 6 24
-1
-1
-1
-1
-1
-1
-1
-1
-1
-1
-1
-1
-1
-1
-1
0 7 24
1 44 45
1 44 44
1 44 43
6 44 42
2 45 42
-1
-1
-1
-1
-1
-1
-1
-1
-1
0 46 42
1 46 41
1 46 40
1 46 39
1 46 38
1 46 37
6 46 36
-1
-1
-1
-1
0 47 36
3 46 43
2 47 43
-1
-1
-1
-1
-1
-1
0 48 43
1 7 23
6 7 22
2 8 22
2 9 22
2 10 22
2 11 22
2 12 22
0 13 22
1 44 47
4 44 48
2 43 48
2 42 48
2 41 48
2 40 48
2 39 48
2 38 48
0 37 48
1 13 21
1 13 20
6 13 19
2 14 19
0 15 19
3 15 20
2 16 20
2 17 20
2 18 20
2 19 20
2 20 20
0 21 20
1 21 19
1 21 18
1 21 17
1 21 16
1 21 15
1 21 14
5 21 13
0 20 13
-1
0 40 44
3 4 26
1 4 25
5 4 24
2 3 24
0 2 24
1 47 35
1 47 34
1 47 33
1 47 32
1 47 31
1 47 30
1 47 29
1 47 28
1 47 27
1 47 26
5 47 25
2 46 25
2 45 25
0 44 25
0 32 36
1 44 24
1 44 23
5 44 22
2 43 22
2 42 22
2 41 22
0 40 22
1 20 12
1 20 11
1 20 10
1 20 9
1 20 8
1 20 7
1 20 6
1 20 5
1 20 4
1 20 3
6 20 2
2 21 2
2 22 2
2 23 2
2 24 2
2 25 2
2 26 2
2 27 2
2 28 2
2 29 2
2 30 2
2 31 2
2 32 2
0 33 2
-1
-1
-1
-1
-1
-1
-1
-1
-1
-1
-1
-1
-1
-1
-1
-1
-1
-1
-1
-1
-1
-1
-1
-1
-1
-1
-1
-1
-1
-1
-1
-1
-1
-1
-1
-1
-1
-1
-1
-1
-1
-1
-1
-1
-1
-1
-1
-1
-1
-1
-1
-1
-1
-1
-1
-1
-1
-1
-1
-1
-1
