0 15 18
2 16 18
2 17 18
2 18 18
2 19 18
2 20 18
2 21 18
2 22 18
2 23 18
2 24 18
2 25 18
2 26 18
2 27 18
2 28 18
2 29 18
4 30 18
1 30 17
6 30 16
4 31 16
6 31 15
2 32 15
2 33 15
2 34 15
2 35 15
2 36 15
2 37 15
2 38 15
4 39 15
1 39 14
6 39 13
4 40 13
1 40 12
1 40 11
6 40 10
4 41 10
1 41 9
6 41 8
4 42 8
1 42 7
1 42 6
1 42 5
6 42 4
2 43 4
2 44 4
2 45 4
0 46 4
2 14 18
2 13 18
2 12 18
6 11 18
1 11 19
1 11 20
4 11 21
2 10 21
2 9 21
0 8 21
1 8 22
1 8 23
1 8 24
1 8 25
1 8 26
1 8 27
1 8 28
4 8 29
2 7 29
2 6 29
6 5 29
1 5 30
1 5 31
1 5 32
1 5 33
1 5 34
-1
-1
-1
-1
-1
-1
-1
0 5 35
1 15 19
1 15 20
1 15 21
1 15 22
-1
-1
-1
-1
-1
-1
-1
-1
-1
0 15 23
3 5 36
2 6 36
2 7 36
2 8 36
5 9 36
3 9 37
2 10 37
2 11 37
-1
-1
0 12 37
6 12 36
2 13 36
2 14 36
2 15 36
2 16 36
2 17 36
2 18 36
2 19 36
2 20 36
4 21 36
0 21 35
2 22 35
2 23 35
2 24 35
2 25 35
2 26 35
2 27 35
2 28 35
2 29 35
5 30 35
1 30 36
1 30 37
3 30 38
2 31 38
5 32 38
1 32 39
0 32 40
0 24 18
-1
-1
-1
0 43 4
2 16 23
2 17 23
2 18 23
-1
-1
0 19 23
1 24 19
1 24 20
4 24 21
0 23 21
3 12 38
5 13 38
1 13 39
1 13 40
1 13 41
1 13 42
0 13 43
5 14 43
1 14 44
0 14 45
1 8 20
1 8 19
5 8 18
2 7 18
0 6 18
1 21 34
6 21 33
2 22 33
2 23 33
0 24 33
1 46 3
1 46 2
5 46 1
0 45 1
0 32 38
5 24 17
2 23 17
0 22 17
0 30 18
1 14 46
1 14 47
0 14 48
1 19 24
1 19 25
3 19 26
2 20 26
0 21 26
4 47 4
6 47 3
2 48 3
0 49 3
1 46 5
0 46 6
0 11 18
0 8 24
3 7 24
5 7 23
2 6 23
2 5 23
2 4 23
2 3 23
0 2 23
0 13 40
0 31 16
0 12 43
3 32 41
0 33 41
0 5 29
2 34 41
0 35 41
2 36 41
2 37 41
2 38 41
2 39 41
0 40 41
2 41 41
0 42 41
0 39 15
6 42 40
2 43 40
0 44 40
0 30 35
0 14 36
0 18 23
2 13 48
0 12 48
0 5 32
0 22 26
0 20 18
3 44 41
5 45 41
1 45 42
1 45 43
0 45 44
2 11 43
2 10 43
0 9 43
0 40 13
2 15 45
2 16 45
2 17 45
0 18 45
0 15 48
0 30 38
1 2 24
3 2 25
0 3 25
0 9 36
1 11 17
1 11 16
1 11 15
1 11 14
0 11 13
2 8 43
0 7 43
0 19 36
0 5 18
0 45 45
4 41 13
6 41 12
2 42 12
2 43 12
2 44 12
0 45 12
2 31 18
5 32 18
1 32 19
1 32 20
3 32 21
2 33 21
0 34 21
0 41 8
0 15 24
1 12 47
0 12 46
2 23 26
2 24 26
2 25 26
0 26 26
0 35 21
1 44 39
1 44 38
6 44 37
0 45 37
2 46 12
0 47 12
0 24 21
0 46 37
1 11 12
1 11 11
1 11 10
5 11 9
0 10 9
2 9 9
2 8 9
0 7 9
2 6 9
2 5 9
2 4 9
0 3 9
6 14 24
1 14 25
1 14 26
4 14 27
0 13 27
1 24 32
0 24 31
1 3 8
1 3 7
1 3 6
1 3 5
1 3 4
1 3 3
0 3 2
0 2 2
6 10 8
2 11 8
0 12 8
1 47 13
1 47 14
0 47 15
0 14 43
1 47 16
1 47 17
0 47 18
1 12 7
1 12 6
6 12 5
2 13 5
2 14 5
2 15 5
2 16 5
2 17 5
0 18 5
1 47 19
1 47 20
1 47 21
0 47 22
2 25 33
2 26 33
0 27 33
0 28 33
1 18 4
1 18 3
5 18 2
2 17 2
0 16 2
2 4 35
0 3 35
2 19 5
2 20 5
0 21 5
1 34 22
1 34 23
1 34 24
1 34 25
0 34 26
2 35 26
2 36 26
5 37 26
0 37 27
4 47 23
0 46 23
1 46 24
1 46 25
4 46 26
0 45 26
0 21 36
1 33 42
1 33 43
1 33 44
1 33 45
1 33 46
0 33 47
2 6 43
2 5 43
0 4 43
2 34 47
2 35 47
0 36 47
1 4 42
0 4 41
0 4 18
3 39 16
0 40 16
1 3 36
0 3 37
2 19 45
2 20 45
0 21 45
1 37 28
1 37 29
0 37 30
0 34 23
1 21 4
1 21 3
1 21 2
0 21 1
2 22 1
2 23 1
0 24 1
2 38 30
2 39 30
2 40 30
0 41 30
1 22 16
6 22 15
2 23 15
0 24 15
5 24 14
0 23 14
2 22 14
0 21 14
1 21 37
1 21 38
1 21 39
0 21 40
1 21 46
0 21 47
2 36 21
0 37 21
2 12 13
2 13 13
0 14 13
2 32 47
0 31 47
2 22 40
0 23 40
1 36 48
3 36 49
2 37 49
0 38 49
0 17 18
2 45 40
5 46 40
0 46 41
2 3 18
2 2 18
0 1 18
2 33 23
2 32 23
0 31 23
2 46 18
2 45 18
2 44 18
0 43 18
1 24 2
1 24 3
3 24 4
0 25 4
2 31 35
2 32 35
2 33 35
2 34 35
0 35 35
1 4 44
1 4 45
1 4 46
1 4 47
0 4 48
2 14 23
0 13 23
2 4 2
2 5 2
2 6 2
0 7 2
6 3 43
4 3 44
2 2 44
2 1 44
0 0 44
2 42 30
5 43 30
1 43 31
0 43 32
1 13 28
0 13 29
2 23 31
2 22 31
2 21 31
2 20 31
2 19 31
0 18 31
6 40 8
4 40 9
2 39 9
2 38 9
0 37 9
6 31 40
4 31 41
2 30 41
0 29 41
1 14 37
0 14 38
0 26 18
2 5 41
0 6 41
5 5 28
2 4 28
0 3 28
1 26 27
3 26 28
2 27 28
0 28 28
6 24 0
2 25 0
2 26 0
2 27 0
0 28 0
0 11 19
1 45 46
0 45 47
2 36 30
2 35 30
2 34 30
2 33 30
0 32 30
2 4 32
0 3 32
3 21 48
2 22 48
2 23 48
2 24 48
2 25 48
0 26 48
3 28 1
2 29 1
2 30 1
2 31 1
0 32 1
4 12 49
2 11 49
0 10 49
0 41 29
1 40 40
1 40 39
0 40 38
3 46 7
0 47 7
2 12 29
2 11 29
2 10 29
0 9 29
1 18 6
1 18 7
1 18 8
3 18 9
0 19 9
1 25 5
1 25 6
1 25 7
3 25 8
2 26 8
2 27 8
2 28 8
0 29 8
-1
-1
-1
-1
-1
-1
-1
-1
-1
-1
-1
-1
-1
-1
-1
-1
-1
-1
-1
-1
-1
-1
-1
-1
-1
-1
-1
-1
-1
-1
-1
-1
-1
-1
-1
-1
-1
-1
-1
-1
-1
-1
-1
-1
-1
-1
-1
-1
-1
-1
-1
-1
-1
-1
-1
-1
-1
-1
-1
-1
-1
-1
-1
-1
-1
-1
-1
-1
-1
-1
-1
-1
-1
-1
-1
-1
-1
-1
-1
-1
-1
-1
-1
-1
-1
-1
-1
-1
-1
-1
-1
-1
-1
-1
-1
-1
-1
-1
-1
-1
-1
-1
-1
-1
-1
-1
-1
-1
-1
-1
-1
-1
-1
-1
-1
-1
-1
-1
-1
-1
-1
-1
-1
-1
-1
-1
-1
-1
-1
-1
-1
-1
-1
-1
-1
-1
-1
-1
-1
-1
-1
-1
-1
-1
-1
-1
-1
-1
-1
-1
-1
-1
-1
-1
-1
-1
-1
-1
-1
-1
-1
-1
-1
-1
-1
-1
-1
-1
-1
-1
-1
-1
-1
-1
-1
-1
-1
-1
-1
-1
-1
-1
-1
-1
-1
-1
-1
-1
-1
-1
-1
-1
-1
-1
-1
-1
-1
-1
-1
-1
-1
-1
-1
-1
-1
-1
-1
-1
-1
-1
-1
-1
-1
-1
-1
-1
-1
-1
-1
-1
-1
-1
-1
-1
-1
-1
-1
-1
-1
-1
-1
-1
-1
-1
-1
-1
-1
-1
-1
-1
-1
-1
-1
-1
-1
-1
-1
