0 38 39
2 37 39
2 36 39
2 35 39
3 34 39
1 34 38
1 34 37
5 34 36
2 33 36
2 32 36
3 31 36
1 31 35
1 31 34
1 31 33
1 31 32
1 31 31
1 31 30
5 31 29
2 30 29
2 29 29
3 28 29
5 28 28
2 27 28
3 26 28
5 26 27
2 25 27
2 24 27
2 23 27
2 22 27
3 21 27
1 21 26
1 21 25
1 21 24
1 21 23
5 21 22
2 20 22
2 19 22
2 18 22
2 17 22
3 16 22
5 16 21
2 15 21
2 14 21
2 13 21
2 12 21
3 11 21
5 11 20
0 10 20
-1
-1
-1
-1
-1
-1
-1
-1
-1
-1
-1
-1
-1
-1
-1
-1
-1
-1
-1
-1
-1
-1
-1
-1
-1
-1
-1
-1
-1
-1
-1
-1
-1
-1
-1
-1
-1
-1
-1
-1
-1
-1
-1
-1
0 31 32
2 9 20
-1
2 8 20
2 7 20
3 6 20
1 6 19
1 6 18
-1
1 6 17
1 6 16
1 6 15
5 6 14
-1
-1
-1
-1
-1
-1
-1
-1
-1
-1
-1
-1
-1
-1
-1
-1
-1
-1
-1
-1
-1
-1
-1
-1
-1
-1
-1
-1
-1
-1
-1
-1
-1
-1
-1
-1
-1
-1
-1
-1
-1
-1
-1
-1
-1
-1
-1
-1
-1
-1
-1
-1
-1
-1
-1
-1
-1
-1
0 5 14
-1
-1
-1
-1
-1
-1
-1
-1
-1
-1
-1
-1
-1
-1
-1
-1
-1
-1
-1
-1
-1
-1
-1
-1
-1
-1
-1
-1
-1
-1
-1
-1
-1
-1
-1
-1
-1
-1
0 35 39
1 5 13
1 5 12
1 5 11
6 5 10
2 6 10
-1
-1
-1
-1
-1
-1
-1
-1
-1
-1
-1
-1
-1
-1
-1
-1
-1
-1
-1
-1
-1
-1
-1
-1
0 7 10
1 38 40
1 38 41
1 38 42
1 38 43
1 38 44
3 38 45
2 39 45
2 40 45
2 41 45
-1
-1
-1
-1
-1
-1
-1
-1
-1
-1
-1
-1
-1
-1
-1
-1
-1
-1
-1
-1
-1
-1
0 42 45
4 10 21
2 9 21
2 8 21
2 7 21
2 6 21
2 5 21
2 4 21
-1
-1
-1
-1
-1
-1
-1
-1
-1
-1
-1
-1
-1
-1
-1
0 3 21
1 35 40
4 35 41
2 34 41
2 33 41
2 32 41
2 31 41
2 30 41
2 29 41
2 28 41
2 27 41
2 26 41
2 25 41
2 24 41
2 23 41
6 22 41
4 22 42
2 21 42
2 20 42
6 19 42
1 19 43
1 19 44
4 19 45
2 18 45
2 17 45
0 16 45
5 16 44
2 15 44
-1
-1
-1
-1
-1
-1
-1
-1
-1
-1
-1
0 14 44
4 32 32
1 32 31
1 32 30
1 32 29
1 32 28
1 32 27
1 32 26
1 32 25
1 32 24
1 32 23
1 32 22
1 32 21
1 32 20
1 32 19
1 32 18
1 32 17
1 32 16
1 32 15
1 32 14
1 32 13
1 32 12
1 32 11
1 32 10
0 32 9
-1
-1
-1
-1
-1
-1
0 19 42
5 33 9
1 33 10
1 33 11
1 33 12
1 33 13
3 33 14
2 34 14
2 35 14
-1
-1
-1
-1
0 36 14
2 37 14
2 38 14
2 39 14
2 40 14
2 41 14
2 42 14
2 43 14
2 44 14
2 45 14
2 46 14
-1
0 47 14
1 47 15
1 47 16
1 47 17
1 47 18
-1
-1
-1
-1
-1
-1
0 47 19
-1
-1
-1
-1
-1
-1
-1
0 31 36
-1
-1
-1
-1
-1
-1
-1
0 16 22
2 39 39
2 40 39
2 41 39
2 42 39
2 43 39
2 44 39
2 45 39
2 46 39
2 47 39
0 48 39
1 32 8
1 32 7
1 32 6
1 32 5
5 32 4
3 31 4
5 31 3
2 30 3
0 29 3
1 19 41
1 19 40
1 19 39
1 19 38
1 19 37
1 19 36
-1
0 19 35
1 42 46
1 42 47
4 42 48
2 41 48
-1
-1
0 40 48
6 31 9
1 31 10
4 31 11
2 30 11
2 29 11
2 28 11
2 27 11
6 26 11
1 26 12
0 26 13
2 30 36
2 29 36
2 28 36
2 27 36
6 26 36
1 26 37
0 26 38
1 7 9
1 7 8
5 7 7
2 6 7
0 5 7
1 5 6
1 5 5
5 5 4
2 4 4
2 3 4
2 2 4
0 1 4
-1
-1
-1
0 21 27
1 14 43
1 14 42
1 14 41
5 14 40
2 13 40
2 12 40
2 11 40
2 10 40
0 9 40
-1
-1
0 22 41
-1
-1
-1
-1
0 28 29
6 29 2
2 30 2
2 31 2
2 32 2
-1
0 33 2
-1
-1
-1
0 38 45
1 9 41
1 9 42
4 9 43
2 8 43
2 7 43
2 6 43
2 5 43
2 4 43
0 3 43
-1
0 26 11
1 42 44
6 42 43
2 43 43
0 44 43
1 21 28
1 21 29
1 21 30
3 21 31
0 22 31
1 36 15
1 36 16
1 36 17
1 36 18
1 36 19
1 36 20
0 36 21
2 28 3
2 27 3
3 26 3
0 26 2
-1
-1
0 26 3
1 26 10
1 26 9
5 26 8
2 25 8
2 24 8
2 23 8
2 22 8
2 21 8
2 20 8
0 19 8
0 26 28
1 38 38
1 38 37
1 38 36
1 38 35
0 38 34
-1
-1
-1
-1
-1
-1
-1
-1
-1
-1
-1
-1
-1
-1
-1
-1
-1
-1
-1
-1
-1
-1
-1
-1
-1
-1
-1
-1
-1
-1
-1
-1
-1
-1
-1
-1
-1
-1
-1
-1
-1
-1
-1
-1
-1
-1
-1
-1
-1
-1
-1
-1
-1
-1
-1
-1
-1
-1
-1
-1
-1
-1
-1
-1
-1
-1
-1
-1
-1
-1
-1
-1
-1
-1
-1
-1
-1
-1
-1
-1
-1
-1
-1
-1
-1
-1
-1
-1
-1
-1
-1
-1
-1
-1
-1
-1
-1
-1
-1
-1
-1
-1
-1
-1
-1
-1
-1
-1
-1
-1
-1
-1
-1
-1
-1
-1
-1
-1
-1
-1
-1
-1
-1
-1
-1
-1
-1
-1
-1
-1
-1
-1
-1
-1
-1
-1
-1
-1
-1
-1
-1
-1
-1
-1
-1
-1
-1
-1
-1
-1
-1
-1
-1
-1
-1
-1
-1
-1
-1
-1
-1
-1
-1
-1
-1
-1
-1
-1
-1
-1
-1
-1
-1
-1
-1
-1
-1
-1
-1
-1
-1
-1
-1
-1
-1
-1
-1
-1
-1
-1
-1
-1
-1
-1
-1
-1
-1
-1
-1
-1
-1
-1
-1
-1
-1
-1
-1
-1
-1
-1
-1
-1
-1
-1
-1
-1
-1
-1
-1
-1
-1
-1
-1
-1
-1
-1
-1
-1
-1
-1
-1
-1
-1
-1
-1
-1
-1
-1
-1
-1
-1
-1
-1
-1
-1
-1
