0 3 28
2 4 28
2 5 28
2 6 28
2 7 28
2 8 28
2 9 28
2 10 28
2 11 28
2 12 28
2 13 28
2 14 28
2 15 28
2 16 28
2 17 28
2 18 28
2 19 28
2 20 28
2 21 28
2 22 28
2 23 28
2 24 28
2 25 28
2 26 28
2 27 28
2 28 28
2 29 28
2 30 28
2 31 28
2 32 28
2 33 28
2 34 28
2 35 28
2 36 28
2 37 28
2 38 28
2 39 28
2 40 28
2 41 28
2 42 28
2 43 28
2 44 28
0 45 28
1 45 29
1 45 30
1 45 31
1 45 32
1 45 33
-1
1 45 34
1 45 35
1 45 36
1 45 37
1 45 38
1 45 39
-1
1 45 40
1 45 41
1 45 42
1 45 43
1 45 44
4 45 45
-1
2 44 45
2 43 45
-1
-1
-1
-1
-1
-1
-1
-1
-1
-1
-1
-1
-1
-1
-1
-1
-1
-1
-1
-1
-1
-1
-1
-1
-1
-1
-1
-1
-1
-1
-1
-1
-1
-1
-1
-1
-1
-1
-1
-1
-1
-1
-1
-1
-1
-1
-1
-1
-1
-1
-1
-1
-1
-1
-1
-1
-1
-1
0 42 45
-1
-1
-1
-1
-1
-1
-1
-1
-1
-1
-1
-1
-1
-1
-1
-1
-1
-1
-1
-1
-1
-1
-1
-1
-1
-1
-1
-1
-1
-1
-1
-1
-1
-1
-1
-1
-1
-1
-1
-1
-1
-1
-1
-1
-1
-1
-1
0 8 28
1 3 27
1 3 26
1 3 25
1 3 24
1 3 23
1 3 22
-1
-1
-1
-1
-1
-1
-1
-1
-1
-1
-1
-1
-1
-1
-1
-1
-1
-1
-1
-1
-1
-1
-1
-1
-1
-1
-1
-1
-1
0 3 21
5 45 27
2 44 27
2 43 27
3 42 27
1 42 26
1 42 25
1 42 24
1 42 23
1 42 22
-1
-1
-1
-1
-1
-1
-1
-1
-1
-1
-1
-1
-1
-1
-1
-1
-1
0 42 21
1 42 20
1 42 19
1 42 18
1 42 17
1 42 16
6 42 15
4 43 15
1 43 14
1 43 13
1 43 12
1 43 11
1 43 10
1 43 9
1 43 8
6 43 7
-1
-1
-1
-1
0 44 7
2 4 21
2 5 21
2 6 21
2 7 21
2 8 21
2 9 21
2 10 21
2 11 21
2 12 21
2 13 21
2 14 21
4 15 21
1 15 20
1 15 19
1 15 18
1 15 17
1 15 16
6 15 15
2 16 15
0 17 15
2 41 45
2 40 45
6 39 45
1 39 46
1 39 47
-1
-1
-1
-1
-1
0 39 48
1 17 14
1 17 13
1 17 12
1 17 11
1 17 10
1 17 9
1 17 8
1 17 7
1 17 6
1 17 5
1 17 4
1 17 3
6 17 2
2 18 2
2 19 2
0 20 2
1 8 29
1 8 30
1 8 31
1 8 32
1 8 33
1 8 34
1 8 35
3 8 36
2 9 36
2 10 36
2 11 36
2 12 36
2 13 36
2 14 36
5 15 36
3 15 37
0 16 37
0 43 10
1 44 6
1 44 5
1 44 4
1 44 3
1 44 2
-1
0 44 1
1 16 38
4 16 39
6 15 39
1 15 40
1 15 41
1 15 42
1 15 43
1 15 44
4 15 45
0 14 45
-1
-1
-1
-1
0 18 28
2 42 10
2 41 10
2 40 10
2 39 10
2 38 10
2 37 10
6 36 10
4 36 11
2 35 11
2 34 11
2 33 11
0 32 11
0 42 23
2 17 37
2 18 37
2 19 37
2 20 37
2 21 37
2 22 37
2 23 37
2 24 37
0 25 37
1 25 38
1 25 39
1 25 40
1 25 41
1 25 42
1 25 43
3 25 44
0 26 44
0 3 23
1 25 36
1 25 35
1 25 34
1 25 33
1 25 32
6 25 31
4 26 31
6 26 30
2 27 30
2 28 30
0 29 30
2 21 2
2 22 2
2 23 2
2 24 2
2 25 2
0 26 2
0 6 21
5 32 10
3 31 10
1 31 9
5 31 8
2 30 8
2 29 8
0 28 8
0 44 45
6 43 1
1 43 2
1 43 3
1 43 4
4 43 5
2 42 5
0 41 5
0 35 11
3 41 21
1 41 20
5 41 19
0 40 19
6 41 23
1 41 24
1 41 25
4 41 26
2 40 26
2 39 26
2 38 26
0 37 26
1 42 44
5 42 43
0 41 43
0 17 10
2 40 5
2 39 5
2 38 5
2 37 5
0 36 5
3 2 28
1 2 27
0 2 26
1 8 27
6 8 26
2 9 26
2 10 26
2 11 26
0 12 26
0 15 17
0 9 21
3 14 17
1 14 16
1 14 15
5 14 14
0 13 14
0 26 31
1 18 27
1 18 26
6 18 25
2 19 25
0 20 25
2 43 23
2 44 23
2 45 23
0 46 23
0 25 33
3 29 31
2 30 31
2 31 31
2 32 31
2 33 31
2 34 31
2 35 31
2 36 31
0 37 31
0 15 39
0 12 14
0 15 21
1 32 12
1 32 13
1 32 14
1 32 15
0 32 16
0 45 40
0 24 28
1 37 32
3 37 33
2 38 33
2 39 33
2 40 33
2 41 33
0 42 33
1 36 4
1 36 3
5 36 2
2 35 2
2 34 2
0 33 2
1 20 24
0 20 23
0 43 15
5 28 7
2 27 7
2 26 7
2 25 7
0 24 7
1 3 29
1 3 30
1 3 31
1 3 32
0 3 33
1 3 34
3 3 35
2 4 35
2 5 35
0 6 35
1 32 17
4 32 18
2 31 18
2 30 18
0 29 18
1 29 19
1 29 20
0 29 21
1 33 1
6 33 0
2 34 0
2 35 0
2 36 0
0 37 0
0 36 28
2 33 16
2 34 16
0 35 16
4 46 40
1 46 39
0 46 38
6 2 33
1 2 34
1 2 35
1 2 36
0 2 37
0 33 31
0 39 45
2 36 16
0 37 16
2 28 18
2 27 18
2 26 18
2 25 18
0 24 18
2 40 43
2 39 43
2 38 43
2 37 43
2 36 43
0 35 43
5 20 1
2 19 1
2 18 1
2 17 1
6 16 1
1 16 2
4 16 3
2 15 3
2 14 3
2 13 3
0 12 3
2 11 3
2 10 3
2 9 3
2 8 3
2 7 3
2 6 3
0 5 3
-1
-1
-1
-1
-1
-1
-1
-1
-1
-1
-1
-1
-1
-1
-1
-1
-1
-1
-1
-1
-1
-1
-1
-1
-1
-1
-1
-1
-1
-1
-1
-1
-1
-1
-1
-1
-1
-1
-1
-1
-1
-1
-1
-1
-1
-1
-1
-1
-1
-1
-1
-1
-1
-1
-1
-1
-1
-1
-1
-1
-1
-1
-1
-1
-1
-1
-1
-1
-1
-1
-1
-1
-1
-1
-1
-1
-1
-1
-1
-1
-1
-1
-1
-1
-1
-1
-1
-1
-1
-1
-1
-1
-1
-1
-1
-1
-1
-1
-1
-1
-1
-1
-1
-1
-1
-1
-1
-1
-1
-1
-1
-1
-1
-1
-1
-1
-1
-1
-1
-1
-1
-1
-1
-1
-1
-1
-1
-1
-1
-1
-1
-1
-1
-1
-1
-1
-1
-1
-1
-1
-1
-1
-1
-1
-1
-1
-1
-1
-1
-1
-1
-1
-1
-1
-1
-1
-1
-1
-1
-1
-1
-1
-1
-1
-1
-1
-1
-1
-1
-1
-1
-1
-1
-1
-1
-1
-1
-1
-1
-1
-1
-1
-1
-1
-1
-1
-1
-1
-1
-1
-1
-1
-1
-1
-1
-1
-1
-1
-1
-1
-1
-1
-1
-1
-1
-1
-1
-1
-1
-1
-1
-1
-1
-1
-1
-1
-1
-1
-1
-1
-1
-1
-1
-1
-1
-1
-1
-1
-1
-1
-1
-1
-1
-1
-1
-1
