0 4 14
1 4 15
1 4 16
3 4 17
2 5 17
2 6 17
2 7 17
5 8 17
1 8 18
1 8 19
3 8 20
5 9 20
1 9 21
1 9 22
1 9 23
1 9 24
3 9 25
2 10 25
2 11 25
2 12 25
5 13 25
1 13 26
1 13 27
1 13 28
1 13 29
1 13 30
3 13 31
2 14 31
2 15 31
2 16 31
2 17 31
5 18 31
1 18 32
0 18 33
-1
-1
-1
-1
-1
-1
-1
-1
-1
-1
-1
-1
-1
-1
-1
-1
-1
-1
-1
-1
-1
-1
-1
-1
-1
-1
-1
-1
-1
-1
-1
-1
0 4 17
1 18 34
1 18 35
1 18 36
1 18 37
3 18 38
2 19 38
2 20 38
2 21 38
2 22 38
2 23 38
2 24 38
2 25 38
2 26 38
2 27 38
2 28 38
2 29 38
2 30 38
2 31 38
5 32 38
1 32 39
1 32 40
-1
-1
-1
-1
-1
-1
-1
-1
-1
-1
-1
-1
-1
-1
-1
-1
-1
-1
-1
-1
-1
-1
0 32 41
1 4 13
5 4 12
-1
-1
-1
-1
-1
-1
-1
-1
-1
-1
-1
-1
-1
-1
-1
-1
-1
0 3 12
2 33 41
2 34 41
2 35 41
2 36 41
2 37 41
2 38 41
2 39 41
2 40 41
2 41 41
2 42 41
2 43 41
2 44 41
2 45 41
2 46 41
-1
-1
-1
-1
-1
0 47 41
1 32 42
1 32 43
1 32 44
3 32 45
5 33 45
3 33 46
2 34 46
2 35 46
2 36 46
2 37 46
5 38 46
1 38 47
-1
-1
0 38 48
1 47 40
1 47 39
1 47 38
1 47 37
1 47 36
1 47 35
1 47 34
1 47 33
1 47 32
6 47 31
4 48 31
1 48 30
1 48 29
0 48 28
1 48 27
1 48 26
1 48 25
1 48 24
1 48 23
1 48 22
5 48 21
3 47 21
1 47 20
1 47 19
1 47 18
1 47 17
1 47 16
1 47 15
1 47 14
0 47 13
2 17 33
2 16 33
2 15 33
6 14 33
-1
0 14 34
1 47 12
5 47 11
3 46 11
1 46 10
1 46 9
1 46 8
1 46 7
1 46 6
1 46 5
0 46 4
-1
-1
-1
-1
-1
0 18 35
2 13 34
2 12 34
2 11 34
2 10 34
-1
-1
0 9 34
2 45 4
2 44 4
2 43 4
2 42 4
-1
0 41 4
1 14 35
1 14 36
1 14 37
1 14 38
1 14 39
1 14 40
1 14 41
1 14 42
0 14 43
-1
0 47 18
6 31 41
1 31 42
1 31 43
4 31 44
0 30 44
4 41 5
2 40 5
2 39 5
2 38 5
0 37 5
2 47 28
2 46 28
2 45 28
6 44 28
1 44 29
1 44 30
1 44 31
1 44 32
4 44 33
2 43 33
2 42 33
2 41 33
6 40 33
1 40 34
0 40 35
0 13 28
1 3 11
1 3 10
1 3 9
1 3 8
1 3 7
0 3 6
0 9 20
0 18 31
0 46 9
4 37 6
2 36 6
2 35 6
6 34 6
4 34 7
2 33 7
0 32 7
1 32 8
1 32 9
4 32 10
2 31 10
2 30 10
2 29 10
2 28 10
2 27 10
0 26 10
0 38 46
0 36 41
0 30 10
2 25 10
2 24 10
0 23 10
6 46 3
2 47 3
0 48 3
0 8 20
1 26 9
1 26 8
1 26 7
0 26 6
5 4 6
1 4 7
3 4 8
2 5 8
0 6 8
0 14 33
0 8 17
0 19 33
1 23 11
4 23 12
2 22 12
2 21 12
0 20 12
2 9 17
2 10 17
0 11 17
0 33 45
1 4 18
1 4 19
4 4 20
2 3 20
2 2 20
0 1 20
0 44 28
1 20 13
1 20 14
1 20 15
0 20 16
1 20 17
1 20 18
1 20 19
1 20 20
0 20 21
0 20 22
0 12 25
2 29 44
2 28 44
2 27 44
2 26 44
2 25 44
2 24 44
0 23 44
0 47 21
0 47 33
0 14 37
0 5 14
3 45 9
1 45 8
5 45 7
0 44 7
1 23 45
4 23 46
2 22 46
2 21 46
0 20 46
2 19 21
0 18 21
0 32 38
3 30 11
2 31 11
2 32 11
2 33 11
2 34 11
0 35 11
1 35 12
1 35 13
3 35 14
2 36 14
0 37 14
0 38 14
3 19 16
5 19 15
2 18 15
0 17 15
0 9 33
0 47 15
1 23 9
0 23 8
4 47 22
2 46 22
2 45 22
0 44 22
2 13 43
2 12 43
2 11 43
2 10 43
6 9 43
1 9 44
1 9 45
1 9 46
1 9 47
0 9 48
0 8 48
4 44 23
2 43 23
2 42 23
0 41 23
0 9 43
0 48 31
2 22 8
2 21 8
2 20 8
2 19 8
2 18 8
0 17 8
4 37 15
2 36 15
2 35 15
0 34 15
2 40 23
2 39 23
0 38 23
1 9 42
1 9 41
0 9 40
0 20 38
5 17 7
0 16 7
0 23 43
2 37 23
2 36 23
2 35 23
2 34 23
0 33 23
5 33 22
2 32 22
0 31 22
2 8 40
2 7 40
2 6 40
0 5 40
1 3 5
1 3 4
1 3 3
0 3 2
5 21 16
3 21 17
2 22 17
2 23 17
0 24 17
1 31 23
4 31 24
0 30 24
0 40 33
2 25 17
2 26 17
4 27 17
0 27 16
1 30 25
1 30 26
1 30 27
1 30 28
0 30 29
1 20 23
1 20 24
1 20 25
3 20 26
2 21 26
2 22 26
0 23 26
2 30 22
2 29 22
2 28 22
0 27 22
1 5 39
1 5 38
5 5 37
2 4 37
2 3 37
3 2 37
5 2 36
0 1 36
1 1 21
1 1 22
3 1 23
0 2 23
1 47 42
1 47 43
1 47 44
1 47 45
3 47 46
0 48 46
2 7 8
2 8 8
5 9 8
0 9 9
0 11 16
0 30 38
1 2 24
1 2 25
1 2 26
0 2 27
4 10 9
1 10 8
1 10 7
1 10 6
1 10 5
1 10 4
6 10 3
0 11 3
-1
-1
-1
-1
-1
-1
-1
-1
-1
-1
-1
-1
-1
-1
-1
-1
-1
-1
-1
-1
-1
-1
-1
-1
-1
-1
-1
-1
-1
-1
-1
-1
-1
-1
-1
-1
-1
-1
-1
-1
-1
-1
-1
-1
-1
-1
-1
-1
-1
-1
-1
-1
-1
-1
-1
-1
-1
-1
-1
-1
-1
-1
-1
-1
-1
-1
-1
-1
-1
-1
-1
-1
-1
-1
-1
-1
-1
-1
-1
-1
-1
-1
-1
-1
-1
-1
-1
-1
-1
-1
-1
-1
-1
-1
-1
-1
-1
-1
-1
-1
-1
-1
-1
-1
-1
-1
-1
-1
-1
-1
-1
-1
-1
-1
-1
-1
-1
-1
-1
-1
-1
-1
-1
-1
-1
-1
-1
-1
-1
-1
-1
-1
-1
-1
-1
-1
-1
-1
-1
-1
-1
-1
-1
-1
-1
-1
-1
-1
-1
-1
-1
-1
-1
-1
-1
-1
-1
-1
-1
-1
-1
-1
-1
-1
-1
-1
-1
-1
-1
-1
-1
-1
-1
-1
-1
-1
-1
-1
-1
-1
-1
-1
-1
-1
-1
-1
-1
-1
-1
-1
-1
-1
-1
-1
-1
-1
-1
-1
-1
-1
-1
-1
-1
-1
-1
-1
-1
-1
-1
-1
-1
-1
-1
-1
-1
-1
-1
-1
-1
-1
-1
-1
-1
-1
-1
-1
-1
-1
-1
-1
-1
-1
-1
-1
-1
-1
-1
-1
-1
-1
-1
-1
-1
-1
-1
-1
-1
-1
-1
-1
-1
-1
-1
-1
-1
-1
-1
-1
-1
-1
-1
-1
-1
-1
-1
-1
-1
-1
-1
-1
-1
-1
-1
-1
-1
-1
-1
-1
-1
-1
-1
-1
-1
-1
-1
-1
-1
-1
-1
-1
-1
-1
-1
