0 13 8
2 14 8
5 15 8
1 15 9
3 15 10
2 16 10
2 17 10
5 18 10
1 18 11
3 18 12
2 19 12
5 20 12
1 20 13
1 20 14
3 20 15
2 21 15
5 22 15
3 22 16
2 23 16
2 24 16
2 25 16
2 26 16
5 27 16
1 27 17
3 27 18
2 28 18
2 29 18
2 30 18
2 31 18
0 32 18
1 32 19
1 32 20
1 32 21
1 32 22
1 32 23
1 32 24
1 32 25
1 32 26
1 32 27
1 32 28
4 32 29
6 31 29
1 31 30
1 31 31
1 31 32
1 31 33
1 31 34
1 31 35
1 31 36
1 31 37
1 31 38
1 31 39
1 31 40
-1
-1
-1
-1
-1
-1
-1
-1
-1
-1
-1
-1
-1
-1
-1
-1
-1
-1
-1
-1
0 31 41
2 32 41
2 33 41
2 34 41
4 35 41
6 35 40
2 36 40
2 37 40
2 38 40
-1
-1
-1
-1
-1
-1
-1
-1
-1
-1
0 39 40
2 12 8
6 11 8
1 11 9
-1
-1
-1
-1
-1
-1
-1
0 11 10
2 30 41
3 29 41
1 29 40
1 29 39
1 29 38
5 29 37
2 28 37
-1
0 27 37
1 13 7
6 13 6
2 14 6
2 15 6
2 16 6
2 17 6
0 18 6
1 39 39
1 39 38
1 39 37
1 39 36
1 39 35
1 39 34
1 39 33
1 39 32
5 39 31
0 38 31
5 40 40
3 40 41
2 41 41
2 42 41
2 43 41
0 44 41
0 15 10
2 10 10
2 9 10
2 8 10
2 7 10
2 6 10
2 5 10
0 4 10
0 31 35
2 45 41
2 46 41
0 47 41
0 11 8
1 27 36
1 27 35
0 27 34
0 32 23
1 39 41
1 39 42
1 39 43
4 39 44
0 38 44
1 47 40
0 47 39
0 33 41
0 24 16
1 11 11
0 11 12
0 29 41
2 26 37
0 25 37
0 25 38
0 27 16
0 31 32
2 28 41
2 27 41
6 26 41
1 26 42
0 26 43
0 13 6
5 11 7
2 10 7
2 9 7
0 8 7
0 7 7
0 47 38
1 38 45
0 38 46
0 39 34
2 32 35
2 33 35
0 34 35
2 39 46
2 40 46
0 41 46
2 25 43
2 24 43
2 23 43
2 22 43
2 21 43
6 20 43
4 20 44
2 19 44
6 18 44
0 18 45
1 15 11
1 15 12
0 15 13
0 20 12
0 31 29
0 29 38
0 27 18
1 18 46
1 18 47
0 18 48
3 17 45
5 17 44
0 16 44
5 7 6
2 6 6
0 5 6
1 38 30
1 38 29
0 38 28
0 17 48
0 21 43
1 5 5
1 5 4
1 5 3
0 5 2
0 18 10
0 6 2
0 39 37
2 15 44
2 14 44
0 13 44
3 41 47
2 42 47
0 43 47
1 27 33
1 27 32
0 27 31
0 15 6
1 11 13
1 11 14
0 11 15
1 27 19
0 27 20
2 40 37
0 41 37
0 12 44
1 4 11
1 4 12
0 4 13
4 5 7
2 4 7
2 3 7
0 2 7
2 4 2
2 3 2
2 2 2
0 1 2
0 8 10
6 20 11
2 21 11
2 22 11
2 23 11
0 24 11
1 26 44
0 26 45
1 24 10
1 24 9
0 24 8
2 39 28
2 40 28
0 41 28
1 41 27
6 41 26
2 42 26
2 43 26
2 44 26
2 45 26
0 46 26
1 47 37
6 47 36
0 48 36
0 1 7
0 44 26
1 27 15
5 27 14
0 26 14
1 34 36
0 34 37
1 48 35
1 48 34
1 48 33
0 48 32
0 20 15
1 4 14
1 4 15
1 4 16
0 4 17
0 35 41
0 32 27
1 33 42
1 33 43
0 33 44
0 1 3
5 48 31
2 47 31
2 46 31
0 45 31
0 25 45
5 13 5
0 12 5
0 18 5
2 47 26
0 48 26
1 16 43
0 16 42
1 24 7
1 24 6
1 24 5
6 24 4
0 25 4
2 26 4
2 27 4
0 28 4
2 29 4
0 30 4
2 27 45
2 28 45
0 29 45
5 17 47
2 16 47
0 15 47
2 26 20
2 25 20
2 24 20
0 23 20
2 26 34
0 25 34
2 22 20
0 21 20
2 3 13
0 2 13
0 31 4
1 33 45
0 33 46
1 4 18
1 4 19
1 4 20
0 4 21
0 37 40
1 4 22
1 4 23
0 4 24
1 20 16
4 20 17
2 19 17
2 18 17
0 17 17
2 23 8
2 22 8
0 21 8
2 5 24
0 6 24
0 1 8
2 24 34
2 23 34
0 22 34
2 5 13
0 6 13
2 33 23
2 34 23
2 35 23
0 36 23
1 12 43
1 12 42
0 12 41
1 12 40
0 12 39
0 7 13
3 3 21
5 3 20
0 2 20
1 29 46
1 29 47
0 29 48
1 8 6
0 8 5
1 12 4
1 12 3
0 12 2
6 41 36
2 42 36
2 43 36
0 44 36
2 19 48
2 20 48
0 21 48
2 44 47
0 45 47
0 16 41
0 22 16
0 17 18
1 17 19
1 17 20
1 17 21
0 17 22
2 16 22
2 15 22
0 14 22
2 37 23
2 38 23
0 39 23
2 25 11
2 26 11
2 27 11
0 28 11
1 27 21
0 27 22
0 17 23
0 21 42
1 17 24
0 17 25
0 12 15
0 27 23
0 27 24
2 19 5
0 20 5
4 40 34
6 40 33
0 41 33
0 18 23
0 32 17
1 32 16
1 32 15
5 32 14
0 31 14
0 31 13
2 32 13
2 33 13
2 34 13
2 35 13
0 36 13
1 21 41
0 21 40
0 22 33
0 45 46
1 20 4
1 20 3
1 20 2
0 20 1
0 21 33
0 41 38
2 5 17
2 6 17
0 7 17
1 7 18
0 7 19
0 8 19
1 31 3
1 31 2
0 31 1
2 37 13
2 38 13
0 39 13
2 40 13
2 41 13
0 42 13
1 42 14
0 42 15
2 11 44
2 10 44
0 9 44
0 15 8
0 8 44
0 32 21
2 37 31
0 36 31
2 7 44
2 6 44
2 5 44
0 4 44
1 38 47
4 38 48
0 37 48
0 4 43
0 7 24
2 25 8
2 26 8
0 27 8
1 1 1
0 1 0
1 42 12
1 42 11
1 42 10
1 42 9
1 42 8
0 42 7
0 42 9
2 43 9
2 44 9
0 45 9
2 46 9
0 47 9
0 41 9
0 41 41
2 11 2
0 10 2
1 42 6
1 42 5
0 42 4
0 18 46
0 16 13
0 12 16
3 4 45
0 5 45
1 12 17
0 12 18
0 35 31
2 26 31
3 25 31
1 25 30
0 25 29
2 41 4
2 40 4
2 39 4
0 38 4
1 38 3
0 38 2
6 3 44
4 3 45
2 2 45
0 1 45
2 3 24
0 2 24
0 37 2
2 1 20
0 0 20
0 26 41
2 20 33
2 19 33
0 18 33
0 17 33
4 43 4
6 43 3
0 44 3
6 12 38
2 13 38
0 14 38
0 15 38
2 37 4
0 36 4
2 40 9
0 39 9
0 32 26
0 14 47
5 25 28
2 24 28
0 23 28
2 35 37
0 36 37
0 5 46
0 41 26
2 22 28
0 21 28
0 14 21
2 1 13
0 0 13
2 26 24
2 25 24
2 24 24
0 23 24
0 13 2
0 44 31
3 11 39
1 11 38
1 11 37
0 11 36
1 27 25
3 27 26
0 28 26
1 39 22
6 39 21
0 40 21
1 4 25
1 4 26
0 4 27
0 28 20
6 13 22
4 13 23
0 12 23
2 38 9
2 37 9
0 36 9
5 36 8
2 35 8
0 34 8
0 31 39
0 12 24
1 4 28
1 4 29
4 4 30
2 3 30
2 2 30
0 1 30
0 33 8
1 4 42
1 4 41
5 4 40
0 3 40
0 34 13
6 3 39
2 4 39
0 5 39
1 5 38
1 5 37
1 5 36
0 5 35
1 5 34
1 5 33
0 5 32
2 6 32
2 7 32
0 8 32
0 4 32
1 8 31
0 8 30
5 44 2
0 43 2
0 44 42
0 49 32
1 25 3
1 25 2
6 25 1
4 26 1
0 26 0
3 45 48
2 46 48
2 47 48
0 48 48
0 9 32
0 33 9
2 41 21
2 42 21
2 43 21
0 44 21
1 33 47
0 33 48
1 21 39
0 21 38
4 37 49
0 36 49
1 36 22
0 36 21
2 45 21
0 46 21
1 46 20
1 46 19
0 46 18
2 33 17
2 34 17
2 35 17
0 36 17
4 9 30
1 9 29
0 9 28
0 13 47
-1
-1
-1
-1
-1
-1
-1
-1
-1
-1
-1
-1
-1
-1
-1
-1
-1
-1
-1
-1
-1
-1
-1
-1
-1
-1
-1
-1
-1
-1
-1
-1
-1
-1
-1
-1
-1
-1
-1
-1
-1
-1
-1
-1
-1
-1
-1
-1
-1
-1
-1
-1
-1
-1
-1
-1
-1
-1
-1
-1
-1
-1
-1
-1
-1
-1
-1
-1
-1
-1
-1
-1
-1
-1
-1
-1
-1
-1
-1
-1
-1
-1
-1
-1
-1
-1
-1
-1
-1
-1
-1
-1
-1
-1
-1
-1
-1
-1
-1
-1
-1
-1
-1
-1
-1
-1
-1
-1
-1
-1
-1
-1
-1
-1
-1
-1
-1
-1
-1
-1
-1
-1
-1
-1
-1
-1
-1
-1
-1
-1
-1
-1
-1
-1
