0 12 2
1 12 3
1 12 4
1 12 5
1 12 6
1 12 7
1 12 8
1 12 9
1 12 10
1 12 11
1 12 12
1 12 13
1 12 14
1 12 15
1 12 16
1 12 17
1 12 18
1 12 19
1 12 20
1 12 21
1 12 22
1 12 23
1 12 24
1 12 25
0 12 26
1 12 27
1 12 28
3 12 29
2 13 29
2 14 29
2 15 29
2 16 29
2 17 29
2 18 29
5 19 29
1 19 30
1 19 31
1 19 32
3 19 33
5 20 33
1 20 34
1 20 35
3 20 36
5 21 36
-1
-1
-1
-1
-1
-1
-1
-1
-1
-1
-1
-1
-1
-1
-1
-1
-1
-1
-1
-1
-1
-1
-1
-1
-1
-1
-1
-1
-1
-1
-1
-1
-1
-1
-1
-1
-1
-1
-1
-1
-1
-1
-1
-1
-1
-1
-1
-1
-1
-1
-1
-1
-1
-1
-1
-1
-1
0 21 37
6 11 2
1 11 3
4 11 4
2 10 4
6 9 4
1 9 5
1 9 6
1 9 7
-1
-1
-1
-1
-1
-1
-1
-1
-1
-1
-1
-1
-1
-1
-1
-1
-1
-1
-1
-1
-1
-1
-1
-1
-1
-1
-1
-1
-1
-1
-1
-1
-1
-1
-1
-1
-1
0 9 8
3 21 38
2 22 38
2 23 38
2 24 38
-1
-1
-1
-1
-1
-1
-1
-1
-1
-1
-1
-1
-1
-1
-1
-1
-1
-1
-1
0 25 38
1 9 9
1 9 10
1 9 11
-1
-1
-1
-1
-1
-1
-1
-1
-1
-1
0 9 12
-1
-1
-1
-1
-1
-1
-1
-1
-1
0 9 4
1 25 39
1 25 40
4 25 41
2 24 41
-1
-1
-1
-1
0 23 41
1 25 37
1 25 36
6 25 35
2 26 35
-1
-1
0 27 35
5 13 2
1 13 3
1 13 4
1 13 5
1 13 6
-1
0 13 7
5 26 38
1 26 39
3 26 40
2 27 40
2 28 40
2 29 40
2 30 40
0 31 40
5 14 7
3 14 8
2 15 8
2 16 8
2 17 8
0 18 8
2 22 41
2 21 41
2 20 41
0 19 41
3 8 8
5 8 7
2 7 7
-1
0 6 7
1 18 9
1 18 10
4 18 11
6 17 11
0 17 12
2 18 12
2 19 12
0 20 12
1 19 40
5 19 39
2 18 39
2 17 39
2 16 39
0 15 39
2 14 39
2 13 39
2 12 39
2 11 39
2 10 39
2 9 39
0 8 39
0 19 29
2 20 29
2 21 29
0 22 29
4 19 42
2 18 42
6 17 42
4 17 43
0 16 43
0 20 33
1 17 13
4 17 14
2 16 14
2 15 14
0 14 14
0 12 23
1 19 28
1 19 27
1 19 26
0 19 25
0 25 41
2 32 40
2 33 40
2 34 40
2 35 40
2 36 40
2 37 40
2 38 40
2 39 40
2 40 40
2 41 40
2 42 40
2 43 40
0 44 40
0 14 29
2 45 40
0 46 40
0 12 20
1 46 41
3 46 42
2 47 42
0 48 42
1 23 42
4 23 43
0 22 43
0 25 35
1 19 24
1 19 23
1 19 22
5 19 21
0 18 21
1 22 44
1 22 45
1 22 46
1 22 47
0 22 48
2 5 7
2 4 7
2 3 7
0 2 7
0 13 39
0 14 7
2 21 12
2 22 12
2 23 12
2 24 12
2 25 12
2 26 12
2 27 12
2 28 12
0 29 12
2 30 12
2 31 12
2 32 12
2 33 12
2 34 12
0 35 12
2 36 12
0 37 12
1 37 13
1 37 14
1 37 15
0 37 16
0 21 48
0 30 12
0 21 36
2 11 26
0 10 26
2 38 16
2 39 16
0 40 16
0 41 16
1 37 17
4 37 18
2 36 18
0 35 18
0 9 10
2 13 26
2 14 26
2 15 26
0 16 26
1 37 11
1 37 10
1 37 9
0 37 8
1 2 8
0 2 9
1 9 13
1 9 14
3 9 15
2 10 15
0 11 15
1 35 19
4 35 20
0 34 20
1 8 40
1 8 41
0 8 42
1 16 44
1 16 45
0 16 46
2 9 26
0 8 26
0 23 48
4 8 27
0 7 27
1 7 28
1 7 29
1 7 30
3 7 31
0 8 31
1 41 17
1 41 18
1 41 19
1 41 20
0 41 21
2 17 46
0 18 46
1 41 22
0 41 23
2 7 39
2 6 39
0 5 39
1 41 24
4 41 25
0 40 25
1 30 11
6 30 10
0 31 10
1 44 41
0 44 42
0 20 25
2 33 20
0 32 20
6 12 1
2 13 1
0 14 1
1 40 26
1 40 27
0 40 28
1 8 43
1 8 44
1 8 45
4 8 46
0 7 46
2 19 8
2 20 8
2 21 8
0 22 8
1 40 29
1 40 30
1 40 31
1 40 32
0 40 33
4 40 34
2 39 34
0 38 34
1 14 30
1 14 31
1 14 32
4 14 33
0 13 33
1 22 7
6 22 6
2 23 6
0 24 6
1 5 38
1 5 37
0 5 36
0 18 47
2 37 34
2 36 34
2 35 34
0 34 34
0 12 6
0 21 38
1 25 42
1 25 43
0 25 44
2 4 36
2 3 36
0 2 36
1 48 43
1 48 44
0 48 45
1 32 19
0 32 18
2 13 20
0 14 20
1 37 7
1 37 6
1 37 5
5 37 4
0 36 4
1 31 41
1 31 42
4 31 43
0 30 43
2 42 21
2 43 21
2 44 21
0 45 21
5 9 42
1 9 43
0 9 44
1 46 39
0 46 38
2 24 48
2 25 48
2 26 48
0 27 48
1 34 33
1 34 32
1 34 31
1 34 30
0 34 29
6 27 47
2 28 47
2 29 47
2 30 47
2 31 47
2 32 47
0 33 47
1 24 5
1 24 4
1 24 3
1 24 2
6 24 1
0 25 1
1 44 43
1 44 44
0 44 45
1 20 24
6 20 23
2 21 23
2 22 23
0 23 23
1 23 24
3 23 25
2 24 25
2 25 25
0 26 25
0 17 11
1 34 28
1 34 27
5 34 26
0 33 26
1 16 47
1 16 48
4 16 49
2 15 49
2 14 49
0 13 49
5 38 8
3 38 9
2 39 9
2 40 9
2 41 9
2 42 9
2 43 9
2 44 9
0 45 9
0 27 36
2 6 46
0 5 46
2 20 38
0 19 38
1 2 10
1 2 11
1 2 12
1 2 13
0 2 14
1 20 13
3 20 14
2 21 14
5 22 14
0 22 15
1 38 35
1 38 36
4 38 37
0 37 37
-1
-1
-1
-1
-1
-1
-1
-1
-1
-1
-1
-1
-1
-1
-1
-1
-1
-1
-1
-1
-1
-1
-1
-1
-1
-1
-1
-1
-1
-1
-1
-1
-1
-1
-1
-1
-1
-1
-1
-1
-1
-1
-1
-1
-1
-1
-1
-1
-1
-1
-1
-1
-1
-1
-1
-1
-1
-1
-1
-1
-1
-1
-1
-1
-1
-1
-1
-1
-1
-1
-1
-1
-1
-1
-1
-1
-1
-1
-1
-1
-1
-1
-1
-1
-1
-1
-1
-1
-1
-1
-1
-1
-1
-1
-1
-1
-1
-1
-1
-1
-1
-1
-1
-1
-1
-1
-1
-1
-1
-1
-1
-1
-1
-1
-1
-1
-1
-1
-1
-1
-1
-1
-1
-1
-1
-1
-1
-1
-1
-1
-1
-1
-1
-1
-1
-1
-1
-1
-1
-1
-1
-1
-1
-1
-1
-1
-1
-1
-1
-1
-1
-1
-1
-1
-1
-1
-1
-1
-1
-1
-1
-1
-1
-1
-1
-1
-1
-1
-1
-1
-1
-1
-1
-1
-1
-1
-1
-1
-1
-1
-1
-1
-1
-1
-1
-1
-1
-1
-1
-1
-1
-1
-1
-1
-1
-1
-1
-1
-1
-1
-1
-1
-1
-1
-1
-1
-1
-1
-1
-1
-1
-1
-1
-1
-1
-1
-1
-1
-1
-1
-1
-1
-1
-1
-1
-1
-1
-1
-1
-1
-1
-1
-1
-1
-1
-1
