0 46 8
4 46 9
2 45 9
2 44 9
2 43 9
2 42 9
2 41 9
2 40 9
2 39 9
2 38 9
2 37 9
2 36 9
2 35 9
2 34 9
2 33 9
2 32 9
2 31 9
2 30 9
2 29 9
2 28 9
2 27 9
2 26 9
2 25 9
2 24 9
2 23 9
2 22 9
2 21 9
2 20 9
0 19 9
-1
5 47 8
1 47 9
-1
1 47 10
-1
1 47 11
1 47 12
-1
1 47 13
3 47 14
-1
-1
-1
-1
-1
-1
-1
-1
-1
-1
-1
-1
-1
-1
-1
-1
-1
-1
-1
-1
-1
-1
-1
-1
-1
-1
-1
-1
-1
-1
-1
-1
-1
-1
-1
-1
-1
-1
-1
-1
-1
-1
-1
-1
-1
-1
-1
-1
-1
-1
-1
-1
-1
-1
-1
-1
-1
-1
-1
-1
-1
-1
-1
-1
-1
-1
-1
-1
-1
-1
-1
-1
-1
-1
-1
-1
-1
-1
-1
-1
0 48 14
1 19 10
1 19 11
4 19 12
2 18 12
-1
6 17 12
1 17 13
1 17 14
4 17 15
2 16 15
2 15 15
2 14 15
2 13 15
2 12 15
6 11 15
1 11 16
1 11 17
1 11 18
1 11 19
1 11 20
1 11 21
-1
1 11 22
1 11 23
1 11 24
4 11 25
2 10 25
2 9 25
2 8 25
6 7 25
1 7 26
1 7 27
1 7 28
1 7 29
1 7 30
1 7 31
1 7 32
-1
1 7 33
1 7 34
4 7 35
2 6 35
2 5 35
-1
-1
-1
-1
-1
-1
-1
-1
-1
-1
-1
-1
-1
-1
-1
-1
-1
-1
-1
-1
-1
-1
-1
-1
-1
-1
-1
-1
-1
-1
-1
-1
-1
-1
-1
-1
-1
-1
-1
-1
-1
-1
-1
-1
-1
-1
-1
-1
-1
-1
-1
-1
0 4 35
-1
-1
-1
-1
-1
-1
-1
-1
-1
-1
-1
-1
-1
-1
-1
-1
-1
-1
-1
-1
-1
-1
-1
-1
-1
-1
-1
-1
-1
-1
-1
0 39 9
-1
-1
-1
-1
-1
-1
-1
-1
-1
-1
-1
-1
-1
-1
-1
-1
-1
-1
-1
-1
-1
-1
0 7 33
1 39 8
1 39 7
1 39 6
1 39 5
1 39 4
1 39 3
1 39 2
-1
-1
-1
-1
-1
-1
-1
-1
-1
-1
-1
-1
-1
0 39 1
1 39 10
1 39 11
1 39 12
1 39 13
1 39 14
1 39 15
1 39 16
1 39 17
1 39 18
1 39 19
1 39 20
1 39 21
1 39 22
1 39 23
1 39 24
1 39 25
1 39 26
4 39 27
-1
0 38 27
1 38 28
1 38 29
1 38 30
1 38 31
3 38 32
2 39 32
2 40 32
5 41 32
1 41 33
1 41 34
1 41 35
1 41 36
1 41 37
1 41 38
1 41 39
1 41 40
1 41 41
1 41 42
1 41 43
0 41 44
-1
-1
-1
-1
-1
-1
-1
-1
-1
-1
-1
0 7 25
1 19 8
1 19 7
1 19 6
1 19 5
-1
-1
-1
-1
-1
-1
0 19 4
-1
-1
-1
-1
-1
-1
-1
-1
-1
0 41 38
2 42 38
2 43 38
2 44 38
2 45 38
2 46 38
2 47 38
2 48 38
-1
0 49 38
-1
-1
-1
-1
-1
-1
-1
0 39 23
-1
-1
-1
-1
-1
-1
0 17 12
1 49 37
1 49 36
1 49 35
1 49 34
1 49 33
-1
0 49 32
5 8 33
1 8 34
1 8 35
1 8 36
1 8 37
1 8 38
3 8 39
2 9 39
2 10 39
2 11 39
0 12 39
1 49 31
5 49 30
2 48 30
2 47 30
0 46 30
1 4 36
-1
-1
-1
0 4 37
2 20 4
2 21 4
2 22 4
2 23 4
2 24 4
0 25 4
1 41 45
4 41 46
2 40 46
2 39 46
2 38 46
2 37 46
0 36 46
5 36 45
2 35 45
2 34 45
2 33 45
2 32 45
2 31 45
2 30 45
2 29 45
2 28 45
0 27 45
0 42 9
5 7 24
3 6 24
1 6 23
1 6 22
1 6 21
1 6 20
1 6 19
5 6 18
2 5 18
3 4 18
1 4 17
1 4 16
0 4 15
2 42 44
2 43 44
0 44 44
0 41 32
0 19 5
1 19 3
1 19 2
5 19 1
2 18 1
2 17 1
2 16 1
0 15 1
1 4 14
1 4 13
1 4 12
0 4 11
1 27 44
1 27 43
1 27 42
1 27 41
6 27 40
0 28 40
0 28 9
1 4 38
4 4 39
0 3 39
3 40 38
5 40 37
2 39 37
2 38 37
2 37 37
2 36 37
0 35 37
0 19 12
1 12 40
1 12 41
0 12 42
1 46 29
1 46 28
1 46 27
1 46 26
0 46 25
0 7 27
-1
-1
0 11 15
1 46 7
1 46 6
1 46 5
0 46 4
1 35 36
5 35 35
2 34 35
2 33 35
2 32 35
0 31 35
0 22 9
2 30 35
2 29 35
2 28 35
0 27 35
0 40 23
1 4 34
1 4 33
0 4 32
2 40 1
0 41 1
3 38 23
1 38 22
0 38 21
1 42 10
1 42 11
1 42 12
1 42 13
1 42 14
0 42 15
3 28 10
0 29 10
0 4 31
1 4 30
5 4 29
2 3 29
2 2 29
0 1 29
1 27 34
5 27 33
2 26 33
2 25 33
3 24 33
1 24 32
1 24 31
5 24 30
2 23 30
2 22 30
2 21 30
0 20 30
-1
-1
-1
-1
-1
-1
-1
-1
-1
-1
-1
-1
-1
-1
-1
-1
-1
-1
-1
-1
-1
-1
-1
-1
-1
-1
-1
-1
-1
-1
-1
-1
-1
-1
-1
-1
-1
-1
-1
-1
-1
-1
-1
-1
-1
-1
-1
-1
-1
-1
-1
-1
-1
-1
-1
-1
-1
-1
-1
-1
-1
-1
-1
-1
-1
-1
-1
-1
-1
-1
-1
-1
-1
-1
-1
-1
-1
-1
-1
-1
-1
-1
-1
-1
-1
-1
-1
-1
-1
-1
-1
-1
-1
-1
-1
-1
-1
-1
-1
-1
-1
-1
-1
-1
-1
-1
-1
-1
-1
-1
-1
-1
-1
-1
-1
-1
-1
-1
-1
-1
-1
-1
-1
-1
-1
-1
-1
-1
-1
-1
-1
-1
-1
-1
-1
-1
-1
-1
-1
-1
-1
-1
-1
-1
-1
-1
-1
-1
-1
-1
-1
-1
-1
-1
-1
-1
-1
-1
-1
-1
-1
-1
-1
-1
-1
-1
-1
-1
-1
-1
-1
-1
-1
-1
-1
-1
-1
-1
-1
-1
-1
-1
-1
-1
-1
-1
-1
-1
-1
-1
-1
-1
-1
-1
-1
-1
-1
-1
-1
-1
-1
-1
-1
-1
-1
-1
-1
-1
-1
-1
-1
-1
-1
-1
-1
-1
-1
-1
-1
-1
-1
-1
-1
-1
-1
-1
-1
-1
-1
-1
-1
-1
-1
-1
-1
-1
-1
-1
-1
-1
-1
-1
-1
-1
-1
-1
-1
-1
-1
