0 43 34
1 43 33
1 43 32
1 43 31
1 43 30
5 43 29
2 42 29
2 41 29
2 40 29
2 39 29
2 38 29
2 37 29
2 36 29
2 35 29
2 34 29
2 33 29
2 32 29
2 31 29
2 30 29
2 29 29
2 28 29
2 27 29
2 26 29
2 25 29
2 24 29
3 23 29
5 23 28
2 22 28
2 21 28
2 20 28
2 19 28
2 18 28
2 17 28
2 16 28
0 15 28
1 15 27
1 15 26
1 15 25
1 15 24
1 15 23
1 15 22
6 15 21
2 16 21
2 17 21
2 18 21
4 19 21
1 19 20
1 19 19
1 19 18
6 19 17
4 20 17
1 20 16
1 20 15
1 20 14
1 20 13
1 20 12
1 20 11
6 20 10
4 21 10
1 21 9
-1
-1
-1
-1
-1
-1
-1
-1
-1
-1
-1
-1
-1
-1
-1
-1
-1
-1
-1
-1
-1
-1
-1
-1
-1
-1
-1
-1
-1
-1
-1
-1
-1
-1
-1
-1
-1
-1
-1
-1
-1
-1
-1
-1
-1
-1
-1
-1
-1
-1
-1
-1
-1
-1
-1
-1
-1
-1
-1
-1
-1
-1
-1
-1
-1
-1
-1
-1
0 21 8
2 22 8
2 23 8
2 24 8
2 25 8
5 26 8
1 26 9
1 26 10
1 26 11
1 26 12
1 26 13
1 26 14
3 26 15
-1
-1
-1
-1
-1
-1
-1
-1
-1
-1
-1
-1
-1
-1
-1
-1
-1
-1
-1
-1
-1
-1
-1
-1
0 27 15
3 43 35
2 44 35
2 45 35
5 46 35
1 46 36
1 46 37
1 46 38
1 46 39
1 46 40
1 46 41
1 46 42
1 46 43
-1
-1
-1
-1
-1
-1
-1
-1
-1
-1
-1
-1
-1
-1
-1
-1
-1
-1
0 46 44
2 20 8
2 19 8
2 18 8
2 17 8
2 16 8
3 15 8
1 15 7
1 15 6
1 15 5
1 15 4
1 15 3
5 15 2
-1
-1
-1
-1
-1
-1
-1
-1
0 14 2
6 45 44
1 45 45
1 45 46
1 45 47
-1
-1
-1
-1
-1
-1
-1
-1
-1
0 45 48
3 14 28
5 14 27
2 13 27
2 12 27
3 11 27
5 11 26
2 10 26
2 9 26
2 8 26
3 7 26
1 7 25
5 7 24
2 6 24
0 5 24
2 28 15
2 29 15
4 30 15
1 30 14
1 30 13
1 30 12
1 30 11
6 30 10
-1
-1
0 31 10
4 47 44
1 47 43
1 47 42
1 47 41
-1
-1
-1
0 47 40
2 13 2
2 12 2
2 11 2
3 10 2
5 10 1
2 9 1
-1
0 8 1
1 27 16
1 27 17
4 27 18
2 26 18
-1
-1
0 25 18
3 44 48
1 44 47
5 44 46
2 43 46
2 42 46
-1
0 41 46
1 25 19
1 25 20
1 25 21
1 25 22
1 25 23
1 25 24
4 25 25
2 24 25
2 23 25
2 22 25
0 21 25
0 15 8
1 41 45
1 41 44
5 41 43
2 40 43
2 39 43
2 38 43
0 37 43
-1
0 43 31
4 44 31
1 44 30
6 44 29
2 45 29
0 46 29
5 8 0
2 7 0
2 6 0
2 5 0
2 4 0
0 3 0
1 8 2
1 8 3
1 8 4
1 8 5
1 8 6
4 8 7
6 7 7
0 7 8
0 19 21
2 47 29
0 48 29
1 5 23
1 5 22
6 5 21
2 6 21
0 7 21
2 46 48
2 47 48
0 48 48
1 7 9
4 7 10
2 6 10
2 5 10
0 4 10
1 4 11
1 4 12
1 4 13
0 4 14
0 47 42
1 15 9
1 15 10
4 15 11
2 14 11
2 13 11
0 12 11
0 11 27
0 7 7
0 30 15
1 37 42
1 37 41
0 37 40
1 4 15
4 4 16
2 3 16
2 2 16
0 1 16
0 25 20
2 42 34
2 41 34
0 40 34
0 49 48
0 24 8
1 12 12
0 12 13
1 12 14
1 12 15
3 12 16
2 13 16
0 14 16
0 25 25
2 32 10
2 33 10
2 34 10
2 35 10
0 36 10
0 38 29
2 37 10
2 38 10
0 39 10
1 38 28
1 38 27
5 38 26
0 37 26
2 38 40
2 39 40
2 40 40
4 41 40
0 41 39
1 5 25
1 5 26
1 5 27
1 5 28
1 5 29
1 5 30
0 5 31
1 39 9
0 39 8
1 5 32
1 5 33
4 5 34
2 4 34
0 3 34
1 3 35
1 3 36
1 3 37
1 3 38
0 3 39
0 20 17
1 3 40
3 3 41
2 4 41
2 5 41
2 6 41
2 7 41
2 8 41
2 9 41
0 10 41
1 10 42
1 10 43
1 10 44
0 10 45
0 46 37
0 24 20
1 37 25
1 37 24
1 37 23
0 37 22
0 45 44
1 7 6
5 7 5
0 6 5
2 11 41
2 12 41
0 13 41
0 26 8
2 3 10
2 2 10
0 1 10
0 23 29
1 39 11
1 39 12
0 39 13
0 10 2
6 39 7
2 40 7
0 41 7
1 37 44
1 37 45
1 37 46
4 37 47
0 36 47
1 23 30
1 23 31
1 23 32
1 23 33
1 23 34
1 23 35
0 23 36
1 23 37
1 23 38
0 23 39
3 22 36
5 22 35
2 21 35
2 20 35
2 19 35
0 18 35
6 41 6
2 42 6
2 43 6
2 44 6
2 45 6
0 46 6
2 36 22
2 35 22
2 34 22
2 33 22
0 32 22
4 32 23
0 31 23
0 46 35
1 7 20
1 7 19
6 7 18
0 8 18
1 37 21
1 37 20
6 37 19
2 38 19
2 39 19
2 40 19
2 41 19
0 42 19
3 42 20
2 43 20
0 44 20
1 26 7
1 26 6
1 26 5
1 26 4
1 26 3
0 26 2
1 46 5
0 46 4
2 45 20
2 46 20
2 47 20
2 48 20
0 49 20
1 21 7
1 21 6
1 21 5
5 21 4
2 20 4
0 19 4
3 23 40
2 24 40
0 25 40
0 19 3
6 22 39
4 22 40
2 21 40
2 20 40
0 19 40
6 2 39
1 2 40
1 2 41
1 2 42
3 2 43
0 3 43
4 24 36
1 24 35
1 24 34
6 24 33
2 25 33
2 26 33
0 27 33
4 13 13
6 13 12
2 14 12
2 15 12
0 16 12
-1
-1
-1
-1
-1
-1
-1
-1
-1
-1
-1
-1
-1
-1
-1
-1
-1
-1
-1
-1
-1
-1
-1
-1
-1
-1
-1
-1
-1
-1
-1
-1
-1
-1
-1
-1
-1
-1
-1
-1
-1
-1
-1
-1
-1
-1
-1
-1
-1
-1
-1
-1
-1
-1
-1
-1
-1
-1
-1
-1
-1
-1
-1
-1
-1
-1
-1
-1
-1
-1
-1
-1
-1
-1
-1
-1
-1
-1
-1
-1
-1
-1
-1
-1
-1
-1
-1
-1
-1
-1
-1
-1
-1
-1
-1
-1
-1
-1
-1
-1
-1
-1
-1
-1
-1
-1
-1
-1
-1
-1
-1
-1
-1
-1
-1
-1
-1
-1
-1
-1
-1
-1
-1
-1
-1
-1
-1
-1
-1
-1
-1
-1
-1
-1
-1
-1
-1
-1
-1
-1
-1
-1
-1
-1
-1
-1
-1
-1
-1
-1
-1
-1
-1
-1
-1
-1
-1
-1
-1
-1
-1
-1
-1
-1
-1
-1
-1
-1
-1
-1
-1
-1
-1
-1
-1
-1
-1
-1
-1
-1
-1
-1
-1
-1
-1
-1
-1
-1
-1
-1
-1
-1
-1
-1
-1
-1
-1
-1
-1
-1
-1
-1
-1
-1
-1
-1
-1
-1
-1
-1
-1
-1
-1
-1
-1
-1
-1
-1
-1
-1
-1
-1
-1
-1
-1
-1
-1
-1
-1
-1
-1
-1
-1
-1
-1
-1
-1
-1
-1
-1
-1
-1
-1
-1
-1
-1
-1
-1
-1
