0 22 13
4 23 13
1 23 12
1 23 11
1 23 10
6 23 9
2 24 9
2 25 9
4 26 9
1 26 8
1 26 7
1 26 6
6 26 5
2 27 5
0 28 5
1 22 14
1 22 15
1 22 16
4 22 17
0 21 17
2 20 17
2 19 17
2 18 17
2 17 17
2 16 17
2 15 17
6 14 17
4 14 18
6 13 18
4 13 19
6 12 19
1 12 20
1 12 21
1 12 22
1 12 23
1 12 24
1 12 25
1 12 26
4 12 27
2 11 27
2 10 27
6 9 27
1 9 28
1 9 29
1 9 30
1 9 31
1 9 32
4 9 33
-1
-1
-1
-1
-1
-1
-1
-1
-1
-1
-1
-1
-1
-1
-1
-1
0 8 33
3 8 34
2 9 34
2 10 34
2 11 34
2 12 34
2 13 34
2 14 34
2 15 34
2 16 34
2 17 34
2 18 34
2 19 34
2 20 34
2 21 34
2 22 34
2 23 34
2 24 34
2 25 34
2 26 34
2 27 34
2 28 34
2 29 34
2 30 34
2 31 34
2 32 34
2 33 34
2 34 34
2 35 34
2 36 34
2 37 34
2 38 34
2 39 34
2 40 34
2 41 34
2 42 34
-1
-1
-1
-1
-1
0 43 34
2 21 13
2 20 13
2 19 13
2 18 13
2 17 13
2 16 13
2 15 13
2 14 13
2 13 13
2 12 13
2 11 13
2 10 13
2 9 13
3 8 13
5 8 12
2 7 12
2 6 12
2 5 12
2 4 12
0 3 12
6 7 33
1 7 34
1 7 35
1 7 36
3 7 37
2 8 37
2 9 37
5 10 37
1 10 38
1 10 39
1 10 40
3 10 41
2 11 41
-1
0 12 41
1 3 11
6 3 10
2 4 10
2 5 10
2 6 10
2 7 10
4 8 10
1 8 9
1 8 8
1 8 7
1 8 6
1 8 5
1 8 4
1 8 3
6 8 2
2 9 2
0 10 2
2 29 5
2 30 5
2 31 5
2 32 5
2 33 5
0 34 5
1 34 6
1 34 7
1 34 8
1 34 9
-1
-1
-1
0 34 10
4 12 42
2 11 42
2 10 42
2 9 42
2 8 42
2 7 42
2 6 42
2 5 42
3 4 42
1 4 41
1 4 40
5 4 39
2 3 39
2 2 39
0 1 39
1 43 33
1 43 32
1 43 31
0 43 30
2 11 2
2 12 2
5 13 2
1 13 3
1 13 4
1 13 5
3 13 6
2 14 6
0 15 6
-1
0 8 7
1 43 35
1 43 36
1 43 37
1 43 38
1 43 39
1 43 40
1 43 41
1 43 42
1 43 43
3 43 44
0 44 44
0 6 42
1 34 11
4 34 12
2 33 12
2 32 12
2 31 12
0 30 12
4 30 13
2 29 13
6 28 13
1 28 14
0 28 15
1 28 16
1 28 17
0 28 18
1 28 19
1 28 20
0 28 21
1 12 40
1 12 39
6 12 38
0 13 38
2 35 10
2 36 10
0 37 10
1 44 45
1 44 46
1 44 47
4 44 48
2 43 48
2 42 48
2 41 48
0 40 48
3 2 12
1 2 11
0 2 10
1 28 22
1 28 23
1 28 24
1 28 25
0 28 26
0 8 13
0 43 41
0 14 17
0 13 2
2 27 18
2 26 18
0 25 18
0 24 9
2 14 2
2 15 2
2 16 2
0 17 2
5 45 44
3 45 45
0 46 45
5 13 41
1 13 42
1 13 43
3 13 44
2 14 44
0 15 44
0 9 27
0 8 10
0 13 6
1 15 45
1 15 46
0 15 47
0 26 9
2 27 26
0 26 26
2 16 44
2 17 44
2 18 44
0 19 44
0 11 2
0 20 17
1 28 4
1 28 3
5 28 2
2 27 2
2 26 2
0 25 2
0 26 25
0 4 42
5 40 47
2 39 47
2 38 47
2 37 47
0 36 47
3 19 45
2 20 45
2 21 45
0 22 45
0 28 2
1 17 3
3 17 4
2 18 4
2 19 4
0 20 4
0 36 46
0 26 6
0 25 17
5 38 10
3 38 11
2 39 11
2 40 11
2 41 11
2 42 11
2 43 11
0 44 11
0 8 5
0 34 12
1 36 45
1 36 44
1 36 43
0 36 42
1 4 43
1 4 44
0 4 45
0 21 4
2 45 11
2 46 11
2 47 11
0 48 11
2 25 25
2 24 25
2 23 25
0 22 25
2 14 38
2 15 38
0 16 38
0 23 13
1 48 10
1 48 9
0 48 8
5 36 41
2 35 41
2 34 41
2 33 41
0 32 41
0 48 7
1 46 44
0 46 43
3 33 10
0 33 9
2 42 41
2 41 41
0 40 41
0 12 19
0 31 41
2 27 21
2 26 21
0 25 21
2 17 38
0 18 38
1 22 26
1 22 27
0 22 28
1 2 9
1 2 8
1 2 7
1 2 6
1 2 5
1 2 4
0 2 3
0 32 9
0 2 2
0 44 30
0 10 37
0 32 34
1 34 13
1 34 14
0 34 15
1 3 13
1 3 14
1 3 15
4 3 16
0 2 16
0 29 5
1 44 12
0 44 13
0 22 4
0 12 22
1 46 46
0 46 47
1 22 29
3 22 30
2 23 30
0 24 30
1 40 40
1 40 39
1 40 38
0 40 37
0 28 13
2 35 46
0 34 46
1 48 12
0 48 13
0 8 14
1 20 5
1 20 6
0 20 7
2 29 26
2 30 26
2 31 26
0 32 26
2 24 21
0 23 21
1 18 39
0 18 40
1 2 17
1 2 18
1 2 19
1 2 20
0 2 21
1 2 22
1 2 23
0 2 24
2 3 24
0 4 24
0 38 10
2 25 30
2 26 30
0 27 30
3 8 11
2 9 11
2 10 11
0 11 11
0 42 34
3 32 27
2 33 27
0 34 27
0 34 47
1 34 16
1 34 17
1 34 18
4 34 19
0 33 19
2 35 5
2 36 5
0 37 5
0 2 5
6 7 7
4 7 8
0 6 8
0 44 14
5 8 32
2 7 32
0 6 32
2 5 32
2 4 32
0 3 32
0 38 5
0 44 48
2 45 30
2 46 30
0 47 30
1 47 29
0 47 28
2 16 47
0 17 47
0 14 16
3 22 46
2 23 46
2 24 46
2 25 46
2 26 46
0 27 46
1 22 44
1 22 43
0 22 42
1 48 6
1 48 5
1 48 4
0 48 3
0 19 17
1 6 43
3 6 44
2 7 44
2 8 44
2 9 44
0 10 44
0 23 42
1 47 31
0 47 32
1 47 27
1 47 26
0 47 25
3 33 20
2 34 20
2 35 20
2 36 20
2 37 20
2 38 20
0 39 20
0 28 46
1 39 21
1 39 22
0 39 23
2 47 3
2 46 3
0 45 3
6 19 7
1 19 8
1 19 9
1 19 10
0 19 11
1 45 4
0 45 5
0 12 23
1 6 33
1 6 34
1 6 35
0 6 36
5 29 2
0 29 3
1 40 42
1 40 43
0 40 44
2 22 21
2 21 21
2 20 21
0 19 21
0 45 6
2 21 28
2 20 28
2 19 28
0 18 28
2 18 11
2 17 11
0 16 11
2 40 20
2 41 20
0 42 20
5 40 23
0 40 24
6 14 15
2 15 15
0 16 15
2 43 20
0 44 20
2 2 32
0 1 32
1 47 33
1 47 34
1 47 35
0 47 36
2 42 30
2 41 30
0 40 30
3 39 30
1 39 29
1 39 28
0 39 27
1 32 33
6 32 32
2 33 32
0 34 32
1 4 46
3 4 47
2 5 47
2 6 47
5 7 47
0 7 48
1 46 42
6 46 41
2 47 41
2 48 41
0 49 41
1 20 3
1 20 2
0 20 1
0 16 37
6 2 1
2 3 1
2 4 1
0 5 1
2 8 27
6 7 27
4 7 28
0 6 28
2 30 41
2 29 41
0 28 41
1 8 15
1 8 16
4 8 17
2 7 17
2 6 17
0 5 17
1 37 11
1 37 12
0 37 13
1 23 41
1 23 40
1 23 39
1 23 38
1 23 37
6 23 36
2 24 36
0 25 36
4 18 29
2 17 29
2 16 29
0 15 29
2 39 37
0 38 37
-1
-1
-1
-1
-1
-1
-1
-1
-1
-1
-1
-1
-1
-1
-1
-1
-1
-1
-1
-1
-1
-1
-1
-1
-1
-1
-1
-1
-1
-1
-1
-1
-1
-1
-1
-1
-1
-1
-1
-1
-1
-1
-1
-1
-1
-1
-1
-1
-1
-1
-1
-1
-1
-1
-1
-1
-1
-1
-1
-1
-1
-1
-1
-1
-1
-1
-1
-1
-1
-1
-1
-1
-1
-1
-1
-1
-1
-1
-1
-1
-1
-1
-1
-1
-1
-1
-1
-1
-1
-1
-1
-1
-1
-1
-1
-1
-1
-1
-1
-1
-1
-1
-1
-1
-1
-1
-1
-1
-1
-1
-1
-1
-1
-1
-1
-1
-1
-1
-1
-1
-1
-1
-1
-1
-1
-1
-1
-1
-1
-1
-1
-1
-1
-1
-1
-1
-1
-1
-1
-1
-1
-1
-1
-1
-1
-1
-1
-1
-1
-1
-1
-1
-1
-1
-1
-1
-1
-1
-1
-1
-1
-1
-1
-1
-1
-1
-1
-1
-1
-1
-1
-1
-1
-1
-1
-1
-1
-1
-1
