0 22 19
1 22 20
1 22 21
1 22 22
1 22 23
1 22 24
1 22 25
1 22 26
1 22 27
1 22 28
1 22 29
1 22 30
1 22 31
1 22 32
1 22 33
1 22 34
1 22 35
1 22 36
1 22 37
1 22 38
1 22 39
1 22 40
1 22 41
0 22 42
2 21 19
2 20 19
2 19 19
2 18 19
0 17 19
5 23 42
1 23 43
3 23 44
2 24 44
-1
-1
-1
0 25 44
1 17 18
5 17 17
2 16 17
2 15 17
-1
-1
-1
0 14 17
1 14 18
1 14 19
4 14 20
2 13 20
-1
0 12 20
1 22 43
1 22 44
1 22 45
0 22 46
1 22 18
1 22 17
6 22 16
0 23 16
1 17 20
1 17 21
0 17 22
2 23 19
2 24 19
0 25 19
1 25 43
1 25 42
0 25 41
1 17 23
4 17 24
0 16 24
1 23 15
1 23 14
0 23 13
1 16 25
1 16 26
1 16 27
1 16 28
0 16 29
0 21 42
1 16 30
1 16 31
0 16 32
0 22 22
0 20 42
1 22 47
3 22 48
0 23 48
2 15 29
2 14 29
0 13 29
2 21 46
2 20 46
0 19 46
0 17 17
2 12 29
2 11 29
0 10 29
2 9 29
0 8 29
2 7 29
2 6 29
0 5 29
2 4 29
0 3 29
1 8 30
1 8 31
0 8 32
1 3 28
0 3 27
0 22 39
2 15 24
0 14 24
1 16 33
0 16 34
0 20 19
1 8 33
1 8 34
0 8 35
1 8 36
1 8 37
0 8 38
2 9 38
2 10 38
0 11 38
3 7 38
5 7 37
2 6 37
0 5 37
2 4 37
2 3 37
0 2 37
2 26 19
2 27 19
0 28 19
2 29 19
2 30 19
2 31 19
0 32 19
2 19 42
0 18 42
1 32 18
0 32 17
2 17 42
2 16 42
0 15 42
1 2 36
1 2 35
0 2 34
1 16 35
0 16 36
2 14 42
0 13 42
0 17 36
2 24 48
2 25 48
0 26 48
0 22 35
0 12 42
2 24 13
0 25 13
1 28 18
0 28 17
0 28 16
0 3 34
1 14 16
1 14 15
0 14 14
2 18 46
0 17 46
2 16 46
0 15 46
2 14 46
0 13 46
0 13 24
0 14 13
0 12 24
0 32 20
5 23 22
3 23 23
0 24 23
2 25 23
0 26 23
1 8 39
1 8 40
0 8 41
2 17 29
0 18 29
1 3 26
6 3 25
0 4 25
0 19 29
0 22 38
0 22 29
0 14 20
0 28 15
0 22 32
1 28 14
0 28 13
1 28 12
1 28 11
6 28 10
2 29 10
4 30 10
6 30 9
0 31 9
0 32 9
6 32 8
4 33 8
1 33 7
1 33 6
6 33 5
2 34 5
2 35 5
0 36 5
2 37 5
2 38 5
2 39 5
2 40 5
2 41 5
2 42 5
5 43 5
3 43 6
2 44 6
2 45 6
0 46 6
1 46 5
1 46 4
1 46 3
0 46 2
0 45 2
2 44 2
2 43 2
0 42 2
1 46 7
1 46 8
1 46 9
0 46 10
1 19 28
0 19 27
6 26 47
0 27 47
0 47 2
1 19 26
6 19 25
0 20 25
0 38 5
1 38 6
1 38 7
1 38 8
0 38 9
0 13 47
1 10 28
0 10 27
0 39 9
0 39 10
1 18 41
0 18 40
0 5 30
1 14 12
0 14 11
0 12 38
0 15 41
3 22 13
5 22 12
0 21 12
1 21 11
0 21 10
1 21 9
1 21 8
0 21 7
1 13 30
0 13 31
1 21 6
0 21 5
2 22 5
2 23 5
2 24 5
2 25 5
0 26 5
5 21 4
2 20 4
0 19 4
2 33 17
2 34 17
0 35 17
0 26 6
0 18 4
2 17 4
0 16 4
2 15 4
0 14 4
0 33 5
0 18 22
1 26 4
1 26 3
0 26 2
1 2 38
1 2 39
0 2 40
0 2 41
0 43 5
0 27 2
0 11 42
0 22 16
0 2 42
2 26 41
0 27 41
1 2 43
0 2 44
2 27 23
0 28 23
1 28 24
1 28 25
0 28 26
0 29 26
2 30 26
2 31 26
2 32 26
0 33 26
0 4 24
0 34 26
0 1 44
0 10 42
2 18 36
0 19 36
0 32 26
0 35 18
0 43 6
2 2 27
0 1 27
1 35 16
0 35 15
2 11 20
0 10 20
1 42 1
0 42 0
2 9 20
0 8 20
0 7 20
1 8 42
1 8 43
1 8 44
0 8 45
0 8 46
1 8 47
0 8 48
1 39 11
0 39 12
0 38 12
1 12 37
1 12 36
0 12 35
1 26 7
0 26 8
2 15 11
0 16 11
0 28 11
0 13 4
1 16 10
0 16 9
0 35 14
0 17 16
0 10 19
0 36 18
2 37 18
2 38 18
2 39 18
0 40 18
1 40 19
1 40 20
0 40 21
1 18 3
1 18 2
0 18 1
0 40 22
5 7 19
2 6 19
0 5 19
1 40 23
1 40 24
0 40 25
0 40 26
2 13 13
2 12 13
0 11 13
0 2 33
0 40 17
0 27 40
0 41 17
2 19 1
2 20 1
0 21 1
0 39 22
2 28 47
0 29 47
1 5 18
0 5 17
1 29 46
0 29 45
2 47 6
0 48 6
0 10 13
0 9 13
1 33 4
1 33 3
1 33 2
0 33 1
1 40 27
0 40 28
1 40 29
4 40 30
0 39 30
2 38 30
0 37 30
1 46 11
0 46 12
0 37 31
1 37 32
0 37 33
1 37 34
1 37 35
0 37 36
1 37 37
0 37 38
1 37 39
0 37 40
1 11 14
0 11 15
1 2 45
1 2 46
0 2 47
1 37 41
0 37 42
0 38 42
0 13 38
4 37 43
0 36 43
0 33 8
2 35 43
0 34 43
2 32 5
2 31 5
0 30 5
1 28 27
0 28 28
0 16 26
1 19 47
1 19 48
0 19 49
0 28 2
1 28 29
0 28 30
4 13 48
0 12 48
0 28 31
3 36 36
5 36 35
0 35 35
0 38 7
2 34 1
0 35 1
1 28 32
4 28 33
0 27 33
1 27 34
0 27 35
0 35 26
2 8 13
2 7 13
0 6 13
5 8 28
0 7 28
0 42 6
1 35 25
1 35 24
0 35 23
4 3 30
0 2 30
2 29 30
2 30 30
0 31 30
2 4 19
0 3 19
4 32 21
6 31 21
0 31 22
2 12 4
2 11 4
0 10 4
0 9 4
1 48 5
0 48 4
1 6 12
1 6 11
0 6 10
0 28 27
0 22 5
0 47 12
2 23 29
0 24 29
2 3 24
3 2 24
0 2 23
5 41 28
3 41 29
2 42 29
0 43 29
2 5 24
0 6 24
2 3 44
0 4 44
2 17 1
0 16 1
2 5 13
0 4 13
0 24 28
0 22 28
2 7 41
0 6 41
2 10 15
2 9 15
0 8 15
2 29 13
0 30 13
1 43 30
0 43 31
1 43 32
0 43 33
0 17 47
2 42 17
0 43 17
2 44 33
0 45 33
0 45 34
1 45 35
0 45 36
0 44 36
2 8 4
6 7 4
4 7 5
2 6 5
2 5 5
0 4 5
0 20 12
6 3 13
4 3 14
0 2 14
2 1 23
0 0 23
2 17 32
2 18 32
0 19 32
1 44 37
1 44 38
0 44 39
0 41 22
1 25 12
0 25 11
2 38 36
0 39 36
1 47 13
1 47 14
1 47 15
0 47 16
2 41 2
2 40 2
0 39 2
1 38 43
1 38 44
1 38 45
0 38 46
1 13 5
1 13 6
0 13 7
2 45 10
0 44 10
0 29 44
2 44 29
2 45 29
2 46 29
0 47 29
6 37 46
1 37 47
4 37 48
2 36 48
0 35 48
0 10 21
1 27 36
3 27 37
0 28 37
0 41 25
1 47 17
3 47 18
0 48 18
1 4 4
1 4 3
1 4 2
1 4 1
0 4 0
0 28 38
2 34 35
2 33 35
0 32 35
6 21 0
0 22 0
1 48 19
4 48 20
0 47 20
2 7 48
0 6 48
5 47 28
3 46 28
1 46 27
0 46 26
2 28 41
2 29 41
2 30 41
0 31 41
2 5 0
2 6 0
2 7 0
0 8 0
1 44 40
1 44 41
1 44 42
1 44 43
3 44 44
0 45 44
1 45 37
3 45 38
2 46 38
0 47 38
6 6 9
2 7 9
0 8 9
0 22 34
4 2 48
0 1 48
2 38 40
0 39 40
-1
-1
-1
-1
-1
-1
-1
-1
-1
-1
-1
-1
-1
-1
-1
-1
-1
-1
-1
-1
-1
-1
-1
-1
-1
-1
-1
-1
-1
-1
-1
-1
-1
-1
-1
-1
-1
-1
-1
-1
-1
-1
-1
-1
-1
-1
-1
-1
-1
-1
-1
-1
-1
-1
-1
-1
-1
-1
-1
-1
-1
-1
-1
-1
-1
-1
-1
-1
-1
-1
-1
-1
-1
-1
-1
-1
-1
-1
-1
-1
-1
-1
-1
-1
-1
-1
-1
-1
-1
-1
-1
-1
-1
-1
-1
-1
-1
-1
-1
-1
-1
-1
-1
-1
-1
-1
-1
-1
-1
-1
-1
-1
-1
-1
-1
-1
-1
-1
-1
-1
-1
-1
-1
-1
-1
-1
-1
-1
-1
-1
-1
-1
-1
-1
-1
-1
-1
-1
-1
-1
-1
-1
-1
-1
-1
-1
-1
-1
-1
-1
-1
-1
-1
-1
-1
-1
-1
-1
-1
