0 19 36
1 19 35
6 19 34
2 20 34
4 21 34
6 21 33
2 22 33
4 23 33
1 23 32
1 23 31
6 23 30
2 24 30
2 25 30
4 26 30
1 26 29
1 26 28
1 26 27
6 26 26
4 27 26
1 27 25
1 27 24
1 27 23
6 27 22
2 28 22
2 29 22
4 30 22
0 30 21
1 19 37
1 19 38
1 19 39
1 19 40
1 19 41
1 19 42
1 19 43
1 19 44
1 19 45
4 19 46
0 18 46
1 30 20
1 30 19
1 30 18
1 30 17
1 30 16
1 30 15
1 30 14
1 30 13
5 30 12
3 29 12
5 29 11
3 28 11
1 28 10
1 28 9
-1
-1
-1
-1
-1
-1
-1
-1
-1
-1
-1
-1
-1
-1
-1
0 28 8
4 18 47
2 17 47
2 16 47
2 15 47
2 14 47
2 13 47
-1
-1
-1
-1
-1
-1
-1
-1
-1
0 12 47
4 31 21
1 31 20
6 31 19
2 32 19
4 33 19
6 33 18
2 34 18
2 35 18
2 36 18
4 37 18
1 37 17
1 37 16
1 37 15
0 37 14
2 38 14
2 39 14
2 40 14
5 41 14
3 41 15
2 42 15
5 43 15
1 43 16
1 43 17
1 43 18
1 43 19
3 43 20
2 44 20
0 45 20
3 18 36
1 18 35
5 18 34
2 17 34
2 16 34
0 15 34
6 15 33
2 16 33
4 17 33
1 17 32
1 17 31
1 17 30
1 17 29
1 17 28
0 17 27
-1
-1
0 35 18
2 27 8
2 26 8
2 25 8
2 24 8
6 23 8
0 23 9
1 18 45
1 18 44
1 18 43
5 18 42
0 17 42
2 29 8
2 30 8
2 31 8
0 32 8
2 29 21
3 28 21
5 28 20
2 27 20
0 26 20
1 15 35
1 15 36
1 15 37
0 15 38
1 23 10
1 23 11
0 23 12
1 35 19
1 35 20
3 35 21
0 36 21
3 17 46
5 17 45
2 16 45
0 15 45
0 43 15
1 43 14
1 43 13
1 43 12
1 43 11
0 43 10
0 22 12
0 26 30
1 26 19
1 26 18
6 26 17
0 27 17
0 43 20
2 21 12
0 20 12
0 17 26
1 32 9
1 32 10
1 32 11
0 32 12
0 27 8
0 31 19
2 16 26
2 15 26
2 14 26
0 13 26
2 12 26
2 11 26
2 10 26
0 9 26
0 27 23
1 9 25
1 9 24
1 9 23
1 9 22
0 9 21
1 9 20
1 9 19
0 9 18
0 16 47
2 24 12
0 25 12
0 29 12
0 37 18
0 19 39
1 9 17
1 9 16
5 9 15
2 8 15
2 7 15
0 6 15
2 5 15
2 4 15
2 3 15
0 2 15
2 20 39
0 21 39
0 41 14
0 26 12
1 2 16
1 2 17
1 2 18
0 2 19
0 27 26
2 42 20
0 41 20
0 21 34
0 17 31
0 28 17
2 10 21
0 11 21
0 14 34
1 20 13
1 20 14
4 20 15
2 19 15
0 18 15
0 17 15
1 9 27
1 9 28
0 9 29
0 9 30
1 9 31
0 9 32
2 44 10
2 45 10
2 46 10
0 47 10
1 32 13
3 32 14
0 33 14
1 12 46
1 12 45
1 12 44
0 12 43
0 19 43
0 23 8
0 38 18
2 8 29
2 7 29
2 6 29
2 5 29
2 4 29
0 3 29
1 22 13
1 22 14
1 22 15
0 22 16
0 35 21
0 18 47
1 3 30
4 3 31
0 2 31
0 30 8
2 22 39
2 23 39
2 24 39
2 25 39
2 26 39
0 27 39
1 2 20
3 2 21
2 3 21
0 4 21
1 28 7
1 28 6
0 28 5
1 41 21
4 41 22
0 40 22
0 37 13
0 1 31
1 47 11
0 47 12
2 12 21
0 13 21
2 25 20
2 24 20
0 23 20
5 12 42
0 11 42
1 6 14
1 6 13
0 6 12
0 16 42
2 26 23
0 25 23
2 18 26
2 19 26
0 20 26
1 40 23
1 40 24
1 40 25
0 40 26
5 11 41
2 10 41
2 9 41
0 8 41
4 40 27
0 39 27
0 26 29
0 7 12
0 38 27
0 7 41
1 23 19
0 23 18
6 1 19
1 1 20
0 1 21
1 7 11
1 7 10
1 7 9
1 7 8
1 7 7
0 7 6
1 2 14
0 2 13
1 27 40
3 27 41
2 28 41
0 29 41
0 28 4
0 13 22
3 29 42
2 30 42
2 31 42
2 32 42
0 33 42
0 18 31
1 7 42
4 7 43
0 6 43
2 34 42
2 35 42
0 36 42
1 17 16
1 17 17
4 17 18
0 16 18
1 35 22
0 35 23
1 36 43
1 36 44
1 36 45
3 36 46
2 37 46
0 38 46
2 34 23
0 33 23
1 33 24
1 33 25
4 33 26
0 32 26
0 32 27
2 33 8
0 34 8
1 32 28
1 32 29
0 32 30
1 47 9
1 47 8
1 47 7
6 47 6
0 48 6
2 39 46
2 40 46
2 41 46
0 42 46
2 43 46
2 44 46
2 45 46
0 46 46
1 46 45
1 46 44
1 46 43
1 46 42
1 46 41
6 46 40
2 47 40
0 48 40
1 3 28
1 3 27
0 3 26
0 46 40
0 45 40
5 28 3
2 27 3
2 26 3
0 25 3
1 9 33
3 9 34
5 10 34
1 10 35
0 10 36
2 35 8
2 36 8
0 37 8
0 8 32
0 33 19
1 43 9
1 43 8
6 43 7
0 44 7
2 8 6
0 9 6
2 31 30
0 30 30
0 44 46
4 10 18
1 10 17
6 10 16
0 11 16
1 37 7
1 37 6
1 37 5
1 37 4
1 37 3
1 37 2
0 37 1
5 45 39
2 44 39
3 43 39
1 43 38
1 43 37
0 43 36
1 30 31
1 30 32
0 30 33
5 20 11
2 19 11
2 18 11
0 17 11
1 17 10
1 17 9
1 17 8
5 17 7
0 16 7
1 44 6
1 44 5
1 44 4
0 44 3
1 16 6
0 16 5
3 21 35
0 22 35
1 16 4
0 16 3
2 15 3
2 14 3
0 13 3
1 43 35
6 43 34
2 44 34
4 45 34
1 45 33
0 45 32
1 33 43
1 33 44
0 33 45
2 46 32
0 47 32
2 22 20
2 21 20
0 20 20
0 35 17
1 42 45
1 42 44
0 42 43
1 47 13
3 47 14
5 48 14
0 48 15
3 9 36
5 9 35
2 8 35
2 7 35
0 6 35
1 45 21
1 45 22
1 45 23
1 45 24
0 45 25
2 15 7
6 14 7
1 14 8
4 14 9
0 13 9
5 17 25
3 16 25
0 16 24
0 0 21
2 8 12
2 9 12
0 10 12
1 48 5
1 48 4
1 48 3
0 48 2
2 36 1
2 35 1
2 34 1
2 33 1
0 32 1
1 1 32
1 1 33
1 1 34
0 1 35
1 1 36
1 1 37
0 1 38
1 28 16
0 28 15
2 21 26
2 22 26
0 23 26
1 2 12
1 2 11
5 2 10
0 1 10
1 1 9
5 1 8
3 0 8
1 0 7
1 0 6
1 0 5
0 0 4
0 43 39
1 46 47
3 46 48
0 47 48
1 23 13
0 23 14
4 6 36
0 5 36
1 0 3
1 0 2
6 0 1
0 1 1
1 13 2
1 13 1
5 13 0
0 12 0
1 36 41
1 36 40
1 36 39
1 36 38
1 36 37
5 36 36
0 35 36
1 0 20
0 0 19
5 38 1
3 38 2
0 39 2
1 45 19
0 45 18
5 46 20
3 46 21
0 47 21
4 6 44
2 5 44
2 4 44
2 3 44
0 2 44
-1
-1
-1
-1
-1
-1
-1
-1
-1
-1
-1
-1
-1
-1
-1
-1
-1
-1
-1
-1
-1
-1
-1
-1
-1
-1
-1
-1
-1
-1
-1
-1
-1
-1
-1
-1
-1
-1
-1
-1
-1
-1
-1
-1
-1
-1
-1
-1
-1
-1
-1
-1
-1
-1
-1
-1
-1
-1
-1
-1
-1
-1
-1
-1
-1
-1
-1
-1
-1
-1
-1
-1
-1
-1
-1
-1
-1
-1
-1
-1
-1
-1
-1
-1
-1
-1
-1
-1
-1
-1
-1
-1
-1
-1
-1
-1
-1
-1
-1
-1
-1
-1
-1
-1
-1
-1
-1
-1
-1
-1
-1
-1
-1
-1
-1
-1
-1
-1
-1
-1
-1
-1
-1
-1
-1
-1
-1
-1
-1
-1
-1
-1
-1
-1
-1
-1
-1
-1
-1
-1
-1
-1
-1
-1
-1
-1
-1
-1
-1
-1
-1
-1
-1
-1
-1
-1
-1
-1
-1
-1
-1
-1
-1
-1
-1
-1
-1
-1
-1
-1
-1
-1
-1
-1
-1
-1
-1
-1
-1
-1
-1
-1
-1
-1
-1
-1
-1
-1
-1
-1
-1
-1
-1
-1
-1
-1
-1
-1
-1
-1
-1
-1
-1
-1
-1
-1
-1
-1
-1
-1
-1
