0 34 43
1 34 42
1 34 41
1 34 40
1 34 39
1 34 38
1 34 37
1 34 36
1 34 35
1 34 34
1 34 33
1 34 32
5 34 31
3 33 31
1 33 30
1 33 29
1 33 28
1 33 27
1 33 26
1 33 25
1 33 24
1 33 23
1 33 22
1 33 21
1 33 20
1 33 19
1 33 18
0 33 17
1 34 44
4 34 45
2 33 45
2 32 45
2 31 45
-1
-1
-1
-1
-1
-1
-1
-1
-1
0 30 45
1 33 16
1 33 15
1 33 14
1 33 13
1 33 12
1 33 11
1 33 10
1 33 9
5 33 8
2 32 8
2 31 8
2 30 8
-1
-1
-1
-1
-1
-1
-1
-1
-1
-1
-1
-1
-1
-1
-1
-1
0 29 8
2 28 8
2 27 8
2 26 8
2 25 8
2 24 8
2 23 8
3 22 8
1 22 7
1 22 6
1 22 5
1 22 4
5 22 3
2 21 3
2 20 3
2 19 3
-1
-1
0 18 3
1 30 44
1 30 43
1 30 42
6 30 41
-1
-1
-1
-1
-1
0 31 41
6 17 3
1 17 4
1 17 5
4 17 6
2 16 6
2 15 6
2 14 6
-1
0 13 6
2 29 45
2 28 45
2 27 45
3 26 45
1 26 44
1 26 43
0 26 42
1 29 7
5 29 6
3 28 6
1 28 5
0 28 4
5 35 43
1 35 44
3 35 45
0 36 45
2 29 4
2 30 4
2 31 4
4 32 4
0 32 3
5 33 3
3 33 4
2 34 4
2 35 4
2 36 4
2 37 4
0 38 4
0 25 8
1 30 46
1 30 47
4 30 48
0 29 48
1 25 9
1 25 10
0 25 11
0 33 8
1 36 46
1 36 47
4 36 48
0 35 48
0 33 11
0 34 4
2 39 4
2 40 4
2 41 4
2 42 4
2 43 4
2 44 4
0 45 4
6 32 17
1 32 18
0 32 19
0 26 41
0 31 45
0 26 45
2 25 45
2 24 45
2 23 45
0 22 45
0 33 22
0 34 34
0 22 46
2 31 19
2 30 19
0 29 19
1 13 7
1 13 8
0 13 9
1 13 10
4 13 11
2 12 11
2 11 11
2 10 11
2 9 11
0 8 11
0 22 5
2 34 22
2 35 22
4 36 22
6 36 21
0 37 21
2 38 21
2 39 21
0 40 21
2 32 22
0 31 22
1 25 12
1 25 13
1 25 14
0 25 15
0 34 38
1 26 40
0 26 39
2 28 19
2 27 19
0 26 19
1 31 23
1 31 24
0 31 25
1 26 20
1 26 21
1 26 22
1 26 23
0 26 24
1 26 25
1 26 26
1 26 27
4 26 28
0 25 28
0 36 22
1 8 10
1 8 9
5 8 8
2 7 8
0 6 8
0 33 29
1 37 20
1 37 19
0 37 18
0 17 6
1 6 7
0 6 6
1 22 44
0 22 43
5 32 2
2 31 2
0 30 2
0 31 26
0 25 19
5 22 42
2 21 42
2 20 42
0 19 42
5 26 11
3 26 12
0 27 12
0 24 15
1 8 12
1 8 13
0 8 14
0 32 11
1 38 3
6 38 2
0 39 2
1 18 2
0 18 1
1 36 44
6 36 43
2 37 43
2 38 43
0 39 43
0 22 3
2 25 39
2 24 39
0 23 39
2 18 42
2 17 42
2 16 42
0 15 42
1 15 41
0 15 40
2 34 8
0 35 8
2 32 29
2 31 29
0 30 29
1 29 18
1 29 17
0 29 16
1 39 42
1 39 41
1 39 40
0 39 39
0 35 34
1 8 15
1 8 16
1 8 17
1 8 18
0 8 19
2 9 19
2 10 19
0 11 19
2 7 19
2 6 19
2 5 19
2 4 19
2 3 19
0 2 19
6 23 15
1 23 16
4 23 17
2 22 17
0 21 17
1 2 20
1 2 21
1 2 22
1 2 23
1 2 24
0 2 25
1 2 26
1 2 27
1 2 28
1 2 29
1 2 30
1 2 31
0 2 32
0 3 32
1 8 20
1 8 21
0 8 22
2 7 22
0 6 22
0 45 3
0 33 38
2 34 48
0 33 48
0 33 31
1 13 5
1 13 4
0 13 3
1 11 18
1 11 17
6 11 16
0 12 16
2 13 16
2 14 16
2 15 16
0 16 16
2 24 11
2 23 11
2 22 11
0 21 11
2 41 21
0 42 21
1 2 18
0 2 17
1 13 2
1 13 1
0 13 0
1 23 38
5 23 37
0 22 37
0 16 17
0 27 4
1 11 20
3 11 21
0 12 21
0 27 45
3 12 22
2 13 22
2 14 22
0 15 22
1 15 23
1 15 24
0 15 25
0 32 4
0 15 26
2 14 40
2 13 40
0 12 40
1 37 17
0 37 16
2 34 29
2 35 29
0 36 29
0 19 41
1 22 2
1 22 1
6 22 0
0 23 0
1 36 28
0 36 27
1 27 3
0 27 2
0 44 3
0 2 29
2 21 37
0 20 37
0 37 19
2 14 9
2 15 9
0 16 9
1 20 36
1 20 35
1 20 34
1 20 33
0 20 32
1 20 31
0 20 30
0 16 10
0 28 6
1 37 15
0 37 14
1 6 23
1 6 24
1 6 25
0 6 26
0 26 2
2 12 0
0 11 0
2 19 30
2 18 30
0 17 30
2 38 14
2 39 14
2 40 14
2 41 14
0 42 14
3 22 47
5 23 47
0 23 48
1 37 13
0 37 12
2 43 21
0 44 21
0 19 37
0 37 43
0 13 11
0 29 9
0 27 24
1 39 44
3 39 45
2 40 45
2 41 45
0 42 45
0 33 24
4 25 20
2 24 20
0 23 20
1 34 3
1 34 2
0 34 1
2 22 48
2 21 48
0 20 48
6 16 15
2 17 15
0 18 15
1 45 5
0 45 6
6 5 8
4 5 9
2 4 9
2 3 9
0 2 9
3 45 7
2 46 7
0 47 7
0 30 43
1 2 10
4 2 11
0 1 11
2 18 6
0 19 6
1 25 29
0 25 30
2 16 25
0 17 25
1 39 1
0 39 0
2 3 17
2 4 17
0 5 17
2 43 14
0 44 14
0 21 10
0 45 14
2 33 34
2 32 34
2 31 34
0 30 34
2 7 26
2 8 26
0 9 26
0 1 29
2 11 40
2 10 40
0 9 40
0 30 35
1 47 8
1 47 9
0 47 10
2 4 32
0 5 32
0 8 40
2 7 40
0 6 40
6 37 11
2 38 11
0 39 11
2 25 24
2 24 24
2 23 24
0 22 24
2 27 39
0 28 39
1 13 12
0 13 13
1 44 20
0 44 19
4 38 5
0 37 5
6 36 26
2 37 26
0 38 26
0 29 49
0 5 31
0 16 11
0 24 28
0 22 8
2 6 31
2 7 31
2 8 31
0 9 31
0 34 0
1 9 32
0 9 33
6 45 13
2 46 13
0 47 13
1 12 41
4 12 42
6 11 42
0 11 43
1 42 15
1 42 16
0 42 17
2 22 20
2 21 20
2 20 20
0 19 20
2 19 48
2 18 48
2 17 48
2 16 48
2 15 48
0 14 48
2 12 6
0 11 6
5 37 29
1 37 30
3 37 31
0 38 31
0 44 22
6 38 30
2 39 30
2 40 30
0 41 30
1 37 42
0 37 41
0 2 11
0 30 36
1 32 12
0 32 13
4 10 31
6 10 30
2 11 30
0 12 30
1 6 5
1 6 4
1 6 3
1 6 2
0 6 1
0 22 36
6 44 6
4 44 7
2 43 7
2 42 7
0 41 7
5 37 45
1 37 46
3 37 47
2 38 47
0 39 47
0 23 36
2 5 1
2 4 1
0 3 1
0 29 15
3 42 46
2 43 46
2 44 46
0 45 46
1 39 38
1 39 37
6 39 36
2 40 36
2 41 36
0 42 36
2 40 0
0 41 0
1 38 25
6 38 24
0 39 24
2 13 48
0 12 48
0 41 8
6 19 32
0 19 33
1 6 39
5 6 38
2 5 38
2 4 38
0 3 38
2 43 36
2 44 36
2 45 36
5 46 36
1 46 37
0 46 38
0 27 25
1 42 35
6 42 34
0 43 34
1 9 34
3 9 35
0 10 35
2 2 1
0 1 1
3 43 35
2 44 35
2 45 35
0 46 35
1 3 39
1 3 40
0 3 41
1 6 41
1 6 42
1 6 43
3 6 44
0 7 44
2 45 21
2 46 21
0 47 21
2 29 34
0 28 34
4 28 35
0 27 35
2 14 25
0 13 25
2 10 0
6 9 0
1 9 1
0 9 2
0 28 49
1 35 35
0 35 36
4 2 33
0 1 33
1 15 39
1 15 38
0 15 37
1 44 23
1 44 24
3 44 25
5 45 25
1 45 26
0 45 27
1 45 2
6 45 1
2 46 1
0 47 1
-1
-1
-1
-1
-1
-1
-1
-1
-1
-1
-1
-1
-1
-1
-1
-1
-1
-1
-1
-1
-1
-1
-1
-1
-1
-1
-1
-1
-1
-1
-1
-1
-1
-1
-1
-1
-1
-1
-1
-1
-1
-1
-1
-1
-1
-1
-1
-1
-1
-1
-1
-1
-1
-1
-1
-1
-1
-1
-1
-1
-1
-1
-1
-1
-1
-1
-1
-1
-1
-1
-1
-1
-1
-1
-1
-1
-1
-1
-1
-1
-1
-1
-1
-1
-1
-1
-1
-1
-1
-1
-1
-1
-1
-1
-1
-1
-1
-1
-1
-1
-1
-1
-1
-1
-1
-1
-1
-1
-1
-1
-1
-1
-1
-1
-1
-1
-1
-1
-1
-1
-1
-1
-1
-1
-1
-1
-1
-1
