0 19 16
6 19 15
2 20 15
2 21 15
2 22 15
2 23 15
2 24 15
2 25 15
4 26 15
1 26 14
1 26 13
6 26 12
2 27 12
2 28 12
2 29 12
2 30 12
4 31 12
1 31 11
1 31 10
6 31 9
2 32 9
2 33 9
2 34 9
2 35 9
2 36 9
2 37 9
4 38 9
1 38 8
1 38 7
1 38 6
0 38 5
1 19 17
1 19 18
1 19 19
1 19 20
1 19 21
-1
1 19 22
-1
4 19 23
2 18 23
-1
2 17 23
-1
2 16 23
6 15 23
-1
1 15 24
-1
1 15 25
1 15 26
-1
1 15 27
-1
1 15 28
1 15 29
-1
1 15 30
1 15 31
-1
1 15 32
-1
1 15 33
1 15 34
-1
1 15 35
-1
1 15 36
1 15 37
-1
1 15 38
-1
1 15 39
1 15 40
-1
1 15 41
1 15 42
-1
4 15 43
-1
2 14 43
6 13 43
-1
1 13 44
-1
1 13 45
1 13 46
-1
-1
-1
-1
-1
-1
-1
-1
-1
-1
-1
-1
-1
-1
-1
-1
-1
-1
-1
-1
-1
-1
-1
-1
-1
-1
-1
-1
-1
-1
-1
-1
-1
-1
-1
-1
-1
-1
-1
-1
-1
-1
-1
-1
-1
-1
-1
-1
-1
-1
-1
-1
-1
-1
-1
-1
-1
-1
-1
-1
-1
-1
-1
-1
-1
-1
-1
-1
-1
-1
-1
-1
-1
-1
-1
-1
-1
-1
-1
-1
-1
0 13 47
2 39 5
2 40 5
2 41 5
5 42 5
1 42 6
1 42 7
1 42 8
1 42 9
1 42 10
1 42 11
1 42 12
1 42 13
1 42 14
1 42 15
1 42 16
1 42 17
3 42 18
5 43 18
1 43 19
1 43 20
1 43 21
1 43 22
3 43 23
2 44 23
5 45 23
1 45 24
1 45 25
1 45 26
1 45 27
1 45 28
1 45 29
1 45 30
1 45 31
1 45 32
1 45 33
1 45 34
3 45 35
2 46 35
-1
-1
-1
-1
-1
-1
-1
0 47 35
3 18 16
5 18 15
2 17 15
2 16 15
3 15 15
5 15 14
2 14 14
2 13 14
2 12 14
2 11 14
2 10 14
3 9 14
1 9 13
1 9 12
1 9 11
1 9 10
1 9 9
1 9 8
1 9 7
-1
-1
-1
-1
-1
-1
-1
-1
-1
0 9 6
1 9 5
1 9 4
1 9 3
-1
-1
-1
-1
-1
-1
-1
-1
-1
-1
-1
-1
0 9 2
-1
-1
-1
-1
-1
-1
-1
-1
-1
-1
-1
0 45 32
2 8 2
2 7 2
2 6 2
2 5 2
2 4 2
6 3 2
1 3 3
4 3 4
-1
0 2 4
6 44 32
4 44 33
2 43 33
2 42 33
2 41 33
2 40 33
-1
0 39 33
-1
-1
-1
-1
-1
-1
0 23 15
1 39 34
1 39 35
4 39 36
6 38 36
1 38 37
1 38 38
0 38 39
6 8 6
1 8 7
4 8 8
2 7 8
0 6 8
1 47 36
1 47 37
1 47 38
1 47 39
4 47 40
0 46 40
-1
-1
-1
-1
0 34 9
2 10 6
2 11 6
5 12 6
3 12 7
2 13 7
2 14 7
5 15 7
0 15 8
0 15 23
2 37 39
2 36 39
2 35 39
2 34 39
0 33 39
1 34 10
3 34 11
0 35 11
4 46 41
6 45 41
1 45 42
1 45 43
4 45 44
2 44 44
0 43 44
0 38 36
5 20 16
1 20 17
1 20 18
1 20 19
3 20 20
0 21 20
0 9 13
1 46 39
5 46 38
0 45 38
1 34 8
5 34 7
3 33 7
1 33 6
0 33 5
0 45 25
2 44 25
2 43 25
3 42 25
5 42 24
2 41 24
2 40 24
2 39 24
0 38 24
0 42 10
5 39 32
2 38 32
2 37 32
2 36 32
0 35 32
2 16 8
2 17 8
2 18 8
0 19 8
0 43 18
0 38 9
0 42 33
0 12 47
1 35 31
5 35 30
2 34 30
2 33 30
2 32 30
0 31 30
1 6 9
4 6 10
0 5 10
0 31 12
0 9 9
0 24 15
1 15 9
1 15 10
1 15 11
3 15 12
0 16 12
4 31 31
2 30 31
0 29 31
0 40 5
1 29 30
5 29 29
2 28 29
2 27 29
2 26 29
2 25 29
2 24 29
0 23 29
0 15 25
0 38 40
0 15 34
5 10 9
3 10 10
0 11 10
0 42 15
0 45 44
0 42 25
0 42 5
0 6 2
1 33 38
6 33 37
0 34 37
0 15 15
0 33 7
1 23 30
1 23 31
4 23 32
0 22 32
0 12 6
2 21 32
2 20 32
0 19 32
2 32 7
2 31 7
2 30 7
2 29 7
0 28 7
0 45 27
6 43 17
2 44 17
2 45 17
2 46 17
2 47 17
0 48 17
0 9 14
2 16 25
0 17 25
0 15 7
1 31 13
3 31 14
5 32 14
1 32 15
0 32 16
2 27 7
2 26 7
0 25 7
2 11 47
2 10 47
2 9 47
0 8 47
0 45 23
2 33 16
2 34 16
2 35 16
0 36 16
1 9 15
1 9 16
0 9 17
2 14 47
2 15 47
2 16 47
2 17 47
2 18 47
2 19 47
2 20 47
2 21 47
0 22 47
1 22 46
0 22 45
0 45 41
1 32 17
1 32 18
0 32 19
3 32 39
5 32 38
2 31 38
0 30 38
6 14 34
4 14 35
2 13 35
2 12 35
0 11 35
2 23 45
2 24 45
2 25 45
0 26 45
2 27 45
2 28 45
0 29 45
2 43 5
2 44 5
0 45 5
2 14 25
2 13 25
2 12 25
2 11 25
2 10 25
2 9 25
2 8 25
2 7 25
2 6 25
6 5 25
0 5 26
0 5 25
1 21 21
3 21 22
0 22 22
6 22 21
0 23 21
1 38 25
4 38 26
2 37 26
6 36 26
1 36 27
0 36 28
1 32 20
1 32 21
0 32 22
2 8 17
2 7 17
2 6 17
2 5 17
2 4 17
2 3 17
0 2 17
1 19 7
1 19 6
1 19 5
1 19 4
1 19 3
5 19 2
0 18 2
1 5 27
1 5 28
1 5 29
1 5 30
3 5 31
0 6 31
-1
-1
-1
-1
-1
-1
-1
-1
-1
-1
-1
-1
-1
-1
-1
-1
-1
-1
-1
-1
-1
-1
-1
-1
-1
-1
-1
-1
-1
-1
-1
-1
-1
-1
-1
-1
-1
-1
-1
-1
-1
-1
-1
-1
-1
-1
-1
-1
-1
-1
-1
-1
-1
-1
-1
-1
-1
-1
-1
-1
-1
-1
-1
-1
-1
-1
-1
-1
-1
-1
-1
-1
-1
-1
-1
-1
-1
-1
-1
-1
-1
-1
-1
-1
-1
-1
-1
-1
-1
-1
-1
-1
-1
-1
-1
-1
-1
-1
-1
-1
-1
-1
-1
-1
-1
-1
-1
-1
-1
-1
-1
-1
-1
-1
-1
-1
-1
-1
-1
-1
-1
-1
-1
-1
-1
-1
-1
-1
-1
-1
-1
-1
-1
-1
-1
-1
-1
-1
-1
-1
-1
-1
-1
-1
-1
-1
-1
-1
-1
-1
-1
-1
-1
-1
-1
-1
-1
-1
-1
-1
-1
-1
-1
-1
-1
-1
-1
-1
-1
-1
-1
-1
-1
-1
-1
-1
-1
-1
-1
-1
-1
-1
-1
-1
-1
-1
-1
-1
-1
-1
-1
-1
-1
-1
-1
-1
-1
-1
-1
-1
-1
-1
-1
-1
-1
-1
-1
-1
-1
-1
-1
-1
-1
-1
-1
-1
-1
-1
-1
-1
-1
-1
-1
-1
-1
-1
-1
-1
-1
-1
-1
-1
-1
-1
-1
-1
-1
-1
-1
-1
-1
-1
-1
-1
-1
-1
-1
-1
