0 9 13
1 9 12
1 9 11
6 9 10
2 10 10
2 11 10
2 12 10
2 13 10
2 14 10
2 15 10
2 16 10
2 17 10
0 18 10
-1
1 18 11
-1
1 18 12
3 18 13
-1
5 19 13
-1
1 19 14
1 19 15
-1
1 19 16
-1
1 19 17
1 19 18
-1
1 19 19
-1
1 19 20
-1
1 19 21
1 19 22
-1
1 19 23
-1
1 19 24
1 19 25
-1
1 19 26
-1
3 19 27
5 20 27
-1
1 20 28
-1
1 20 29
-1
1 20 30
1 20 31
-1
1 20 32
-1
3 20 33
5 21 33
-1
1 21 34
-1
3 21 35
2 22 35
-1
2 23 35
-1
-1
-1
-1
-1
-1
-1
-1
-1
-1
-1
-1
-1
-1
-1
-1
-1
-1
-1
-1
-1
-1
-1
-1
-1
-1
-1
-1
-1
-1
-1
-1
-1
-1
-1
-1
-1
-1
-1
-1
-1
-1
-1
-1
-1
-1
-1
-1
-1
-1
-1
-1
-1
-1
-1
-1
-1
-1
-1
-1
-1
-1
-1
-1
-1
-1
-1
-1
-1
-1
-1
-1
-1
-1
-1
-1
-1
-1
-1
-1
-1
-1
-1
-1
0 24 35
2 8 13
3 7 13
1 7 12
1 7 11
1 7 10
5 7 9
2 6 9
3 5 9
1 5 8
1 5 7
1 5 6
1 5 5
1 5 4
1 5 3
1 5 2
-1
-1
-1
-1
-1
-1
-1
-1
-1
-1
-1
-1
-1
-1
-1
-1
-1
-1
-1
-1
-1
-1
0 5 1
2 25 35
2 26 35
5 27 35
1 27 36
1 27 37
1 27 38
1 27 39
1 27 40
1 27 41
1 27 42
1 27 43
3 27 44
2 28 44
2 29 44
2 30 44
2 31 44
2 32 44
2 33 44
2 34 44
2 35 44
2 36 44
2 37 44
2 38 44
2 39 44
2 40 44
0 41 44
1 41 43
1 41 42
6 41 41
2 42 41
2 43 41
2 44 41
2 45 41
2 46 41
0 47 41
2 4 1
6 3 1
4 3 2
2 2 2
0 1 2
1 24 36
1 24 37
1 24 38
4 24 39
2 23 39
2 22 39
0 21 39
0 5 4
2 20 39
2 19 39
3 18 39
1 18 38
1 18 37
0 18 36
0 27 35
1 9 14
1 9 15
1 9 16
4 9 17
2 8 17
0 7 17
1 27 34
1 27 33
0 27 32
0 43 41
0 11 10
-1
0 27 44
2 28 32
0 29 32
1 47 40
5 47 39
0 46 39
1 29 31
1 29 30
1 29 29
0 29 28
0 37 44
0 31 44
0 7 13
0 24 39
0 19 18
0 21 33
0 7 9
2 30 28
2 31 28
0 32 28
1 11 11
3 11 12
2 12 12
2 13 12
0 14 12
1 1 3
1 1 4
1 1 5
0 1 6
0 2 6
1 14 13
1 14 14
0 14 15
5 6 4
3 6 5
2 7 5
0 8 5
1 21 40
0 21 41
0 0 2
0 20 30
1 37 45
1 37 46
0 37 47
0 33 28
0 3 1
2 13 15
0 12 15
0 19 26
1 21 42
0 21 43
0 5 9
2 9 5
0 10 5
0 4 9
1 41 45
3 41 46
0 42 46
0 18 39
0 19 13
0 19 22
2 43 46
2 44 46
0 45 46
5 48 41
1 48 42
0 48 43
1 33 27
1 33 26
1 33 25
0 33 24
0 19 36
2 6 1
0 7 1
2 20 18
2 21 18
0 22 18
2 34 28
2 35 28
2 36 28
0 37 28
1 33 23
1 33 22
0 33 21
0 17 10
2 6 17
0 5 17
0 27 37
2 18 26
2 17 26
0 16 26
1 46 38
0 46 37
2 19 10
0 20 10
0 15 26
1 11 9
6 11 8
2 12 8
2 13 8
0 14 8
2 4 17
2 3 17
0 2 17
3 26 44
1 26 43
0 26 42
1 31 43
1 31 42
1 31 41
0 31 40
1 14 7
6 14 6
0 15 6
2 47 37
0 48 37
5 18 35
2 17 35
0 16 35
1 20 9
1 20 8
1 20 7
6 20 6
2 21 6
2 22 6
0 23 6
5 43 40
2 42 40
0 41 40
2 24 6
2 25 6
0 26 6
1 10 4
1 10 3
0 10 2
2 15 35
0 14 35
1 48 36
1 48 35
0 48 34
2 11 2
2 12 2
2 13 2
0 14 2
2 32 40
2 33 40
2 34 40
0 35 40
3 14 3
2 15 3
2 16 3
0 17 3
1 31 39
6 31 38
0 32 38
1 16 34
1 16 33
0 16 32
1 48 33
0 48 32
0 16 31
1 21 44
4 21 45
0 20 45
2 6 13
2 5 13
2 4 13
0 3 13
0 20 6
1 37 29
1 37 30
3 37 31
0 38 31
2 15 15
0 16 15
2 28 28
2 27 28
2 26 28
0 25 28
1 2 18
1 2 19
0 2 20
2 13 35
2 12 35
0 11 35
1 11 34
1 11 33
0 11 32
4 11 36
2 10 36
2 9 36
0 8 36
0 39 31
1 12 16
1 12 17
0 12 18
1 2 21
1 2 22
0 2 23
2 7 36
2 6 36
2 5 36
2 4 36
0 3 36
0 2 36
1 26 5
1 26 4
1 26 3
6 26 2
0 27 2
2 28 2
2 29 2
2 30 2
2 31 2
2 32 2
0 33 2
2 34 2
2 35 2
2 36 2
2 37 2
0 38 2
1 38 3
1 38 4
1 38 5
0 38 6
1 45 47
0 45 48
0 27 1
1 38 7
1 38 8
1 38 9
1 38 10
0 38 11
0 38 12
0 6 9
0 39 6
0 31 45
1 33 1
6 33 0
0 34 0
4 4 10
2 3 10
2 2 10
0 1 10
1 7 18
0 7 19
2 47 32
2 46 32
2 45 32
0 44 32
1 38 13
1 38 14
0 38 15
1 44 31
1 44 30
0 44 29
0 7 20
2 32 24
0 31 24
2 39 15
2 40 15
2 41 15
2 42 15
0 43 15
2 44 15
2 45 15
0 46 15
0 25 27
2 24 27
0 23 27
0 28 37
0 2 24
1 43 16
1 43 17
1 43 18
3 43 19
0 44 19
0 24 38
1 2 25
1 2 26
0 2 27
3 2 28
2 3 28
2 4 28
2 5 28
0 6 28
1 6 29
0 6 30
0 43 32
0 41 39
1 48 44
3 48 45
0 49 45
1 32 37
0 32 36
1 8 37
1 8 38
1 8 39
1 8 40
0 8 41
1 8 42
3 8 43
0 9 43
2 10 43
2 11 43
0 12 43
2 7 41
0 6 41
0 37 48
1 12 19
0 12 20
0 0 10
0 13 43
2 32 21
2 31 21
2 30 21
2 29 21
0 28 21
1 26 7
3 26 8
2 27 8
0 28 8
2 39 12
0 40 12
2 26 32
0 25 32
1 38 16
1 38 17
0 38 18
1 46 14
1 46 13
1 46 12
0 46 11
1 46 10
0 46 9
1 46 8
1 46 7
1 46 6
1 46 5
0 46 4
1 46 3
6 46 2
0 47 2
0 38 19
1 28 9
0 28 10
0 3 14
0 37 2
0 44 20
3 37 15
5 37 14
2 36 14
2 35 14
2 34 14
0 33 14
1 17 2
6 17 1
2 18 1
2 19 1
0 20 1
2 37 6
2 36 6
0 35 6
0 28 11
1 20 46
4 20 47
2 19 47
2 18 47
0 17 47
0 16 47
1 12 21
1 12 22
0 12 23
0 27 45
6 17 39
0 17 40
0 16 40
0 45 4
0 9 16
1 28 12
1 28 13
4 28 14
0 27 14
1 25 26
1 25 25
0 25 24
0 23 18
1 9 44
0 9 45
6 1 27
1 1 28
1 1 29
0 1 30
1 23 5
1 23 4
0 23 3
1 3 35
0 3 34
1 2 37
0 2 38
1 23 7
0 23 8
1 6 42
4 6 43
2 5 43
0 4 43
0 27 0
0 45 37
1 37 27
0 37 26
1 11 31
0 11 30
4 27 6
6 27 5
2 28 5
2 29 5
0 30 5
6 30 40
4 30 41
0 29 41
1 32 35
0 32 34
2 11 5
0 12 5
4 13 23
6 13 22
2 14 22
0 15 22
6 44 28
2 45 28
2 46 28
0 47 28
1 6 27
6 6 26
2 7 26
2 8 26
0 9 26
1 35 41
4 35 42
2 34 42
2 33 42
0 32 42
5 22 43
1 22 44
1 22 45
3 22 46
0 23 46
4 37 49
0 36 49
-1
-1
-1
-1
-1
-1
-1
-1
-1
-1
-1
-1
-1
-1
-1
-1
-1
-1
-1
-1
-1
-1
-1
-1
-1
-1
-1
-1
-1
-1
-1
-1
-1
-1
-1
-1
-1
-1
-1
-1
-1
-1
-1
-1
-1
-1
-1
-1
-1
-1
-1
-1
-1
-1
-1
-1
-1
-1
-1
-1
-1
-1
-1
-1
-1
-1
-1
-1
-1
-1
-1
-1
-1
-1
-1
-1
-1
-1
-1
-1
-1
-1
-1
-1
-1
-1
-1
-1
-1
-1
-1
-1
-1
-1
-1
-1
-1
