0 4 43
2 5 43
4 6 43
1 6 42
1 6 41
1 6 40
6 6 39
2 7 39
2 8 39
4 9 39
1 9 38
1 9 37
1 9 36
6 9 35
2 10 35
2 11 35
2 12 35
2 13 35
2 14 35
2 15 35
2 16 35
2 17 35
2 18 35
2 19 35
2 20 35
2 21 35
2 22 35
2 23 35
2 24 35
4 25 35
1 25 34
1 25 33
6 25 32
2 26 32
2 27 32
4 28 32
1 28 31
6 28 30
2 29 30
2 30 30
2 31 30
0 32 30
2 33 30
2 34 30
2 35 30
2 36 30
2 37 30
4 38 30
1 38 29
1 38 28
1 38 27
1 38 26
6 38 25
2 39 25
2 40 25
2 41 25
2 42 25
2 43 25
2 44 25
2 45 25
2 46 25
2 47 25
-1
-1
-1
-1
-1
-1
-1
-1
-1
-1
-1
-1
-1
-1
-1
-1
-1
-1
-1
-1
-1
-1
-1
-1
-1
-1
-1
-1
-1
-1
-1
-1
-1
-1
-1
-1
-1
-1
-1
-1
-1
-1
-1
-1
-1
-1
-1
-1
-1
-1
-1
-1
-1
0 48 25
1 4 42
1 4 41
1 4 40
1 4 39
1 4 38
1 4 37
1 4 36
1 4 35
1 4 34
1 4 33
1 4 32
-1
-1
-1
-1
-1
-1
-1
-1
-1
-1
-1
-1
-1
-1
-1
-1
-1
-1
-1
-1
-1
-1
-1
-1
-1
-1
-1
-1
-1
-1
-1
0 4 31
1 32 29
1 32 28
1 32 27
1 32 26
5 32 25
2 31 25
2 30 25
3 29 25
1 29 24
1 29 23
1 29 22
-1
-1
-1
-1
-1
-1
-1
-1
-1
-1
-1
-1
-1
-1
-1
-1
-1
-1
-1
-1
0 29 21
1 4 30
1 4 29
1 4 28
1 4 27
1 4 26
1 4 25
1 4 24
1 4 23
5 4 22
3 3 22
1 3 21
1 3 20
1 3 19
1 3 18
1 3 17
1 3 16
1 3 15
1 3 14
1 3 13
1 3 12
1 3 11
1 3 10
1 3 9
1 3 8
1 3 7
1 3 6
1 3 5
1 3 4
1 3 3
0 3 2
1 32 31
1 32 32
1 32 33
1 32 34
1 32 35
1 32 36
1 32 37
1 32 38
1 32 39
1 32 40
3 32 41
2 33 41
2 34 41
2 35 41
-1
-1
-1
-1
0 36 41
6 2 2
1 2 3
1 2 4
1 2 5
1 2 6
1 2 7
1 2 8
1 2 9
1 2 10
1 2 11
4 2 12
6 1 12
1 1 13
1 1 14
-1
0 1 15
2 28 21
2 27 21
2 26 21
2 25 21
2 24 21
3 23 21
1 23 20
1 23 19
5 23 18
2 22 18
2 21 18
2 20 18
-1
0 19 18
1 36 42
1 36 43
1 36 44
1 36 45
1 36 46
3 36 47
2 37 47
2 38 47
2 39 47
2 40 47
2 41 47
0 42 47
1 19 17
1 19 16
1 19 15
1 19 14
1 19 13
5 19 12
2 18 12
2 17 12
2 16 12
3 15 12
1 15 11
1 15 10
1 15 9
0 15 8
1 48 26
1 48 27
1 48 28
1 48 29
1 48 30
0 48 31
1 15 7
1 15 6
1 15 5
1 15 4
1 15 3
0 15 2
1 4 44
4 4 45
2 3 45
6 2 45
1 2 46
0 2 47
-1
-1
-1
-1
-1
0 38 30
-1
-1
-1
-1
0 38 25
2 3 47
2 4 47
2 5 47
2 6 47
0 7 47
2 30 21
2 31 21
2 32 21
2 33 21
0 34 21
1 36 40
1 36 39
1 36 38
6 36 37
2 37 37
0 38 37
1 48 32
1 48 33
1 48 34
4 48 35
2 47 35
0 46 35
-1
0 9 39
6 7 46
2 8 46
2 9 46
2 10 46
2 11 46
2 12 46
0 13 46
0 7 39
5 4 2
3 4 3
2 5 3
0 6 3
1 34 20
1 34 19
1 34 18
1 34 17
1 34 16
1 34 15
0 34 14
0 32 41
1 34 13
1 34 12
1 34 11
1 34 10
1 34 9
0 34 8
0 42 25
2 35 8
2 36 8
2 37 8
2 38 8
2 39 8
0 40 8
0 2 6
2 41 8
2 42 8
0 43 8
1 43 7
1 43 6
1 43 5
6 43 4
2 44 4
0 45 4
0 19 35
0 15 4
0 25 35
1 13 45
1 13 44
6 13 43
2 14 43
0 15 43
0 11 35
2 14 2
2 13 2
2 12 2
0 11 2
0 21 18
1 34 7
1 34 6
1 34 5
1 34 4
6 34 3
0 35 3
0 7 38
0 34 30
0 6 43
0 3 1
1 11 34
1 11 33
1 11 32
0 11 31
5 38 36
2 37 36
0 36 36
0 18 12
0 29 25
1 11 30
1 11 29
1 11 28
0 11 27
0 23 21
5 16 4
3 16 5
2 17 5
2 18 5
2 19 5
2 20 5
2 21 5
0 22 5
0 3 15
0 2 45
6 22 4
2 23 4
2 24 4
0 25 4
2 14 8
2 13 8
2 12 8
0 11 8
1 32 42
0 32 43
1 43 9
0 43 10
0 32 26
1 25 3
1 25 2
0 25 1
1 11 9
4 11 10
2 10 10
2 9 10
2 8 10
0 7 10
0 12 31
1 38 24
0 38 23
1 25 36
1 25 37
1 25 38
0 25 39
0 1 12
0 38 22
3 15 44
2 16 44
0 17 44
1 43 11
1 43 12
1 43 13
1 43 14
1 43 15
3 43 16
0 44 16
1 46 36
3 46 37
0 47 37
4 32 44
2 31 44
2 30 44
0 29 44
2 24 39
2 23 39
2 22 39
0 21 39
1 17 45
3 17 46
0 18 46
4 19 19
2 18 19
2 17 19
2 16 19
2 15 19
2 14 19
0 13 19
5 13 18
2 12 18
2 11 18
0 10 18
2 6 10
0 5 10
0 28 32
1 21 17
1 21 16
6 21 15
2 22 15
0 23 15
0 38 47
1 38 48
4 38 49
2 37 49
2 36 49
0 35 49
0 13 43
0 15 12
1 23 22
1 23 23
4 23 24
2 22 24
2 21 24
0 20 24
0 41 47
1 42 26
3 42 27
2 43 27
0 44 27
1 19 34
1 19 33
0 19 32
2 12 27
2 13 27
2 14 27
0 15 27
5 21 38
2 20 38
0 19 38
1 45 3
5 45 2
0 44 2
1 42 48
3 42 49
2 43 49
2 44 49
2 45 49
2 46 49
0 47 49
3 33 14
0 33 13
1 29 45
4 29 46
2 28 46
2 27 46
0 26 46
-1
-1
-1
-1
-1
-1
-1
-1
-1
-1
-1
-1
-1
-1
-1
-1
-1
-1
-1
-1
-1
-1
-1
-1
-1
-1
-1
-1
-1
-1
-1
-1
-1
-1
-1
-1
-1
-1
-1
-1
-1
-1
-1
-1
-1
-1
-1
-1
-1
-1
-1
-1
-1
-1
-1
-1
-1
-1
-1
-1
-1
-1
-1
-1
-1
-1
-1
-1
-1
-1
-1
-1
-1
-1
-1
-1
-1
-1
-1
-1
-1
-1
-1
-1
-1
-1
-1
-1
-1
-1
-1
-1
-1
-1
-1
-1
-1
-1
-1
-1
-1
-1
-1
-1
-1
-1
-1
-1
-1
-1
-1
-1
-1
-1
-1
-1
-1
-1
-1
-1
-1
-1
-1
-1
-1
-1
-1
-1
-1
-1
-1
-1
-1
-1
-1
-1
-1
-1
-1
-1
-1
-1
-1
-1
-1
-1
-1
-1
-1
-1
-1
-1
-1
-1
-1
-1
-1
-1
-1
-1
-1
-1
-1
-1
-1
-1
-1
-1
-1
-1
-1
-1
-1
-1
-1
-1
-1
-1
-1
-1
-1
-1
-1
-1
-1
-1
-1
-1
-1
-1
-1
-1
-1
-1
-1
-1
-1
-1
-1
-1
-1
-1
-1
-1
-1
-1
-1
-1
-1
-1
-1
-1
-1
-1
-1
-1
-1
-1
-1
-1
-1
-1
-1
-1
-1
-1
-1
-1
-1
-1
-1
-1
-1
-1
-1
-1
-1
-1
-1
-1
