0 24 17
2 25 17
5 26 17
1 26 18
1 26 19
1 26 20
1 26 21
1 26 22
1 26 23
1 26 24
1 26 25
1 26 26
1 26 27
1 26 28
1 26 29
1 26 30
1 26 31
1 26 32
1 26 33
1 26 34
1 26 35
3 26 36
2 27 36
0 28 36
1 24 16
1 24 15
1 24 14
1 24 13
1 24 12
-1
-1
-1
-1
-1
-1
-1
-1
-1
-1
-1
-1
-1
-1
-1
-1
-1
-1
-1
-1
-1
-1
-1
-1
-1
-1
-1
-1
-1
-1
-1
-1
-1
-1
-1
0 24 11
2 25 11
2 26 11
2 27 11
2 28 11
2 29 11
2 30 11
2 31 11
2 32 11
4 33 11
1 33 10
6 33 9
2 34 9
2 35 9
2 36 9
2 37 9
4 38 9
6 38 8
2 39 8
2 40 8
2 41 8
4 42 8
1 42 7
1 42 6
1 42 5
6 42 4
2 43 4
-1
-1
-1
-1
-1
-1
-1
-1
-1
-1
-1
-1
-1
-1
-1
-1
0 44 4
-1
-1
-1
-1
-1
-1
-1
-1
-1
-1
-1
-1
-1
-1
-1
-1
-1
-1
0 42 8
1 24 18
1 24 19
4 24 20
2 23 20
2 22 20
2 21 20
2 20 20
2 19 20
2 18 20
2 17 20
2 16 20
6 15 20
1 15 21
1 15 22
1 15 23
1 15 24
1 15 25
4 15 26
2 14 26
6 13 26
1 13 27
1 13 28
4 13 29
0 12 29
6 28 35
4 29 35
1 29 34
6 29 33
4 30 33
1 30 32
1 30 31
1 30 30
1 30 29
1 30 28
1 30 27
1 30 26
1 30 25
1 30 24
1 30 23
1 30 22
1 30 21
0 30 20
1 30 19
1 30 18
1 30 17
6 30 16
4 31 16
1 31 15
6 31 14
0 32 14
2 11 29
2 10 29
6 9 29
4 9 30
2 8 30
2 7 30
2 6 30
6 5 30
1 5 31
1 5 32
1 5 33
1 5 34
1 5 35
1 5 36
1 5 37
1 5 38
4 5 39
2 4 39
2 3 39
2 2 39
2 1 39
0 0 39
3 23 17
1 23 16
0 23 15
1 0 40
1 0 41
1 0 42
1 0 43
1 0 44
3 0 45
5 1 45
1 1 46
3 1 47
0 2 47
2 3 47
0 4 47
1 44 3
5 44 2
2 43 2
2 42 2
2 41 2
0 40 2
6 29 20
1 29 21
1 29 22
0 29 23
3 32 15
2 33 15
2 34 15
2 35 15
0 36 15
-1
-1
-1
0 4 39
6 4 46
2 5 46
2 6 46
2 7 46
2 8 46
2 9 46
2 10 46
0 11 46
0 5 35
5 31 20
1 31 21
1 31 22
3 31 23
2 32 23
2 33 23
0 34 23
0 21 20
-1
0 30 33
2 39 2
6 38 2
4 38 3
2 37 3
0 36 3
1 36 4
1 36 5
3 36 6
0 37 6
0 26 25
3 28 37
0 29 37
1 29 38
1 29 39
0 29 40
2 30 40
2 31 40
2 32 40
2 33 40
2 34 40
2 35 40
0 36 40
1 4 40
1 4 41
0 4 42
0 15 24
0 26 34
0 26 17
1 42 9
3 42 10
5 43 10
1 43 11
1 43 12
0 43 13
0 5 30
0 44 13
1 36 41
1 36 42
1 36 43
0 36 44
0 38 9
0 33 9
0 30 27
2 37 15
0 38 15
0 1 45
2 25 25
0 24 25
1 38 16
1 38 17
0 38 18
0 31 16
2 22 15
2 21 15
2 20 15
2 19 15
0 18 15
0 38 2
6 36 39
2 37 39
0 38 39
1 38 38
1 38 37
1 38 36
0 38 35
1 12 30
1 12 31
1 12 32
1 12 33
0 12 34
0 43 10
0 38 34
0 8 46
1 18 14
1 18 13
0 18 12
0 26 22
2 4 35
2 3 35
0 2 35
1 12 35
3 12 36
0 13 36
0 31 14
4 45 4
6 45 3
0 46 3
1 24 10
1 24 9
5 24 8
2 23 8
2 22 8
0 21 8
1 21 7
1 21 6
1 21 5
5 21 4
2 20 4
0 19 4
1 19 3
1 19 2
1 19 1
0 19 0
2 20 8
2 19 8
2 18 8
2 17 8
0 16 8
4 16 9
2 15 9
2 14 9
0 13 9
2 12 9
2 11 9
2 10 9
2 9 9
2 8 9
0 7 9
1 7 8
1 7 7
1 7 6
1 7 5
5 7 4
0 6 4
3 38 40
2 39 40
2 40 40
0 41 40
3 41 41
2 42 41
0 43 41
0 9 29
2 23 25
0 22 25
1 43 42
1 43 43
1 43 44
1 43 45
0 43 46
4 39 18
6 39 17
2 40 17
0 41 17
1 7 10
0 7 11
2 42 46
2 41 46
0 40 46
3 11 47
2 12 47
0 13 47
1 41 18
1 41 19
3 41 20
2 42 20
0 43 20
1 18 16
3 18 17
0 19 17
5 6 3
0 5 3
5 36 2
2 35 2
2 34 2
2 33 2
2 32 2
0 31 2
0 5 2
1 36 45
1 36 46
4 36 47
0 35 47
1 13 8
6 13 7
0 14 7
0 15 20
2 34 47
2 33 47
0 32 47
2 14 20
0 13 20
1 9 28
1 9 27
1 9 26
0 9 25
2 31 27
2 32 27
0 33 27
1 33 28
1 33 29
0 33 30
0 24 13
1 13 19
5 13 18
2 12 18
2 11 18
2 10 18
0 9 18
1 11 45
1 11 44
1 11 43
0 11 42
2 34 27
2 35 27
2 36 27
0 37 27
0 31 40
2 43 8
2 44 8
2 45 8
2 46 8
0 47 8
1 43 21
1 43 22
0 43 23
1 38 33
6 38 32
2 39 32
2 40 32
2 41 32
2 42 32
0 43 32
6 46 2
0 47 2
5 9 24
2 8 24
2 7 24
2 6 24
0 5 24
1 33 8
0 33 7
2 32 7
2 31 7
2 30 7
2 29 7
0 28 7
6 25 34
1 25 35
1 25 36
0 25 37
2 6 2
2 7 2
2 8 2
0 9 2
3 24 37
5 24 36
0 23 36
1 43 24
1 43 25
1 43 26
3 43 27
2 44 27
0 45 27
3 44 14
2 45 14
0 46 14
1 43 40
6 43 39
2 44 39
2 45 39
0 46 39
6 9 1
2 10 1
0 11 1
3 6 9
5 6 8
2 5 8
2 4 8
2 3 8
2 2 8
2 1 8
0 0 8
1 23 37
1 23 38
1 23 39
1 23 40
1 23 41
0 23 42
1 22 26
4 22 27
6 21 27
1 21 28
1 21 29
1 21 30
4 21 31
2 20 31
0 19 31
-1
-1
-1
-1
-1
-1
-1
-1
-1
-1
-1
-1
-1
-1
-1
-1
-1
-1
-1
-1
-1
-1
-1
-1
-1
-1
-1
-1
-1
-1
-1
-1
-1
-1
-1
-1
-1
-1
-1
-1
-1
-1
-1
-1
-1
-1
-1
-1
-1
-1
-1
-1
-1
-1
-1
-1
-1
-1
-1
-1
-1
-1
-1
-1
-1
-1
-1
-1
-1
-1
-1
-1
-1
-1
-1
-1
-1
-1
-1
-1
-1
-1
-1
-1
-1
-1
-1
-1
-1
-1
-1
-1
-1
-1
-1
-1
-1
-1
-1
-1
-1
-1
-1
-1
-1
-1
-1
-1
-1
-1
-1
-1
-1
-1
-1
-1
-1
-1
-1
-1
-1
-1
-1
-1
-1
-1
-1
-1
-1
-1
-1
-1
-1
-1
-1
-1
-1
-1
-1
-1
-1
-1
-1
-1
-1
-1
-1
-1
-1
-1
-1
-1
-1
-1
-1
-1
-1
-1
-1
-1
-1
-1
-1
-1
-1
-1
-1
-1
-1
-1
-1
-1
-1
-1
-1
-1
-1
-1
-1
-1
-1
-1
-1
-1
-1
-1
-1
-1
-1
-1
-1
-1
-1
-1
-1
-1
-1
-1
-1
-1
-1
-1
-1
-1
-1
-1
-1
-1
-1
-1
-1
-1
-1
-1
-1
-1
-1
-1
-1
-1
-1
-1
-1
-1
-1
-1
-1
-1
-1
-1
-1
-1
-1
-1
-1
-1
-1
-1
-1
-1
-1
-1
-1
-1
-1
-1
-1
-1
-1
-1
-1
-1
-1
-1
-1
-1
-1
-1
-1
-1
-1
