0 44 40
2 43 40
2 42 40
2 41 40
2 40 40
2 39 40
2 38 40
2 37 40
2 36 40
2 35 40
2 34 40
2 33 40
2 32 40
2 31 40
2 30 40
2 29 40
2 28 40
2 27 40
2 26 40
2 25 40
3 24 40
5 24 39
2 23 39
2 22 39
2 21 39
2 20 39
2 19 39
2 18 39
2 17 39
2 16 39
2 15 39
0 14 39
1 14 38
1 14 37
1 14 36
1 14 35
5 14 34
2 13 34
3 12 34
1 12 33
1 12 32
1 12 31
1 12 30
1 12 29
1 12 28
1 12 27
1 12 26
1 12 25
1 12 24
1 12 23
1 12 22
5 12 21
2 11 21
2 10 21
2 9 21
2 8 21
2 7 21
2 6 21
-1
-1
-1
-1
-1
-1
-1
-1
-1
-1
-1
-1
-1
-1
-1
-1
-1
-1
-1
0 5 21
1 44 39
1 44 38
1 44 37
5 44 36
2 43 36
-1
-1
-1
-1
-1
-1
-1
-1
-1
-1
-1
-1
0 42 36
1 5 20
1 5 19
1 5 18
6 5 17
4 6 17
1 6 16
1 6 15
6 6 14
2 7 14
2 8 14
2 9 14
2 10 14
2 11 14
2 12 14
4 13 14
1 13 13
1 13 12
1 13 11
1 13 10
1 13 9
1 13 8
6 13 7
2 14 7
2 15 7
2 16 7
0 17 7
-1
-1
-1
0 8 21
1 17 8
1 17 9
1 17 10
3 17 11
2 18 11
2 19 11
2 20 11
2 21 11
2 22 11
2 23 11
2 24 11
5 25 11
0 25 12
1 44 41
3 44 42
2 45 42
2 46 42
0 47 42
2 26 12
2 27 12
5 28 12
1 28 13
0 28 14
1 14 40
1 14 41
4 14 42
0 13 42
4 45 40
1 45 39
1 45 38
6 45 37
0 46 37
1 47 43
1 47 44
1 47 45
0 47 46
3 12 42
5 12 41
2 11 41
0 10 41
1 17 6
1 17 5
1 17 4
6 17 3
2 18 3
2 19 3
0 20 3
1 10 42
1 10 43
4 10 44
2 9 44
0 8 44
0 14 35
0 13 9
0 12 31
0 15 35
1 8 22
1 8 23
1 8 24
0 8 25
1 47 47
0 47 48
0 34 40
1 46 36
6 46 35
0 47 35
0 46 46
0 47 34
0 39 40
1 28 15
1 28 16
0 28 17
0 28 18
0 13 14
2 29 18
2 30 18
2 31 18
0 32 18
0 7 25
3 20 4
2 21 4
2 22 4
0 23 4
1 42 35
6 42 34
0 43 34
5 10 40
2 9 40
2 8 40
0 7 40
0 18 11
0 17 3
2 24 4
2 25 4
2 26 4
2 27 4
2 28 4
2 29 4
0 30 4
0 6 17
1 30 5
1 30 6
0 30 7
2 4 21
2 3 21
2 2 21
0 1 21
0 12 14
0 12 23
1 30 8
3 30 9
2 31 9
2 32 9
0 33 9
1 33 10
1 33 11
1 33 12
0 33 13
1 32 19
3 32 20
2 33 20
2 34 20
2 35 20
2 36 20
0 37 20
2 6 40
0 5 40
0 12 26
0 23 11
0 17 39
1 1 20
1 1 19
1 1 18
6 1 17
2 2 17
0 3 17
0 17 2
0 19 39
0 29 40
0 8 14
3 13 15
2 14 15
0 15 15
1 23 5
0 23 6
0 47 33
0 24 40
0 5 41
0 28 4
1 37 21
1 37 22
0 37 23
0 44 42
0 47 32
0 37 24
0 32 20
1 39 41
4 39 42
0 38 42
1 19 38
0 19 37
1 23 12
1 23 13
1 23 14
0 23 15
1 29 41
0 29 42
2 27 18
2 26 18
0 25 18
1 34 41
1 34 42
1 34 43
0 34 44
1 34 45
0 34 46
1 47 31
1 47 30
1 47 29
0 47 28
1 29 43
1 29 44
1 29 45
0 29 46
1 3 16
1 3 15
0 3 14
0 28 12
1 29 47
0 29 48
5 29 14
3 29 15
0 30 15
1 3 13
1 3 12
0 3 11
0 12 9
1 1 22
1 1 23
0 1 24
1 39 39
0 39 38
0 9 21
1 37 25
0 37 26
4 13 31
1 13 30
6 13 29
0 14 29
1 12 8
5 12 7
3 11 7
1 11 6
0 11 5
5 43 33
2 42 33
2 41 33
2 40 33
0 39 33
0 43 40
0 19 36
2 20 36
2 21 36
2 22 36
0 23 36
1 24 41
1 24 42
0 24 43
1 32 21
1 32 22
0 32 23
2 35 46
2 36 46
0 37 46
0 47 41
0 38 33
3 37 27
2 38 27
0 39 27
2 15 29
0 16 29
0 47 44
0 16 15
2 31 4
0 32 4
2 13 39
0 12 39
1 23 35
0 23 34
0 46 28
1 11 4
1 11 3
0 11 2
6 16 28
2 17 28
2 18 28
0 19 28
1 19 27
0 19 26
3 13 43
2 14 43
0 15 43
1 24 44
1 24 45
0 24 46
1 7 26
4 7 27
2 6 27
2 5 27
0 4 27
1 5 42
4 5 43
0 4 43
0 43 42
1 16 16
1 16 17
0 16 18
2 29 7
2 28 7
0 27 7
1 37 47
0 37 48
5 3 10
0 2 10
0 2 9
1 23 3
1 23 2
0 23 1
0 12 33
2 3 9
2 4 9
4 5 9
0 5 8
0 23 33
1 5 7
0 5 6
1 32 24
1 32 25
1 32 26
0 32 27
2 17 18
2 18 18
2 19 18
0 20 18
1 32 28
0 32 29
2 31 29
2 30 29
2 29 29
0 28 29
0 28 30
0 22 6
0 28 31
0 23 32
5 5 39
0 4 39
5 12 38
2 11 38
0 10 38
0 32 40
1 37 19
6 37 18
0 38 18
1 32 30
1 32 31
1 32 32
1 32 33
0 32 34
3 8 45
2 9 45
2 10 45
0 11 45
0 9 20
1 19 25
1 19 24
0 19 23
1 34 39
1 34 38
0 34 37
3 39 28
2 40 28
0 41 28
0 5 22
2 48 28
0 49 28
2 38 23
0 39 23
1 25 19
1 25 20
1 25 21
1 25 22
0 25 23
0 18 23
1 11 46
0 11 47
6 28 11
2 29 11
0 30 11
0 24 23
0 23 10
0 23 9
0 33 14
4 40 23
6 40 22
2 41 22
2 42 22
0 43 22
1 4 38
1 4 37
5 4 36
0 3 36
2 24 36
2 25 36
0 26 36
0 3 35
1 16 30
0 16 31
3 4 28
2 5 28
0 6 28
2 24 1
0 25 1
2 34 14
2 35 14
2 36 14
0 37 14
0 17 6
1 3 34
0 3 33
2 17 15
4 18 15
0 18 14
1 3 32
5 3 31
2 2 31
0 1 31
3 37 49
0 38 49
1 28 3
0 28 2
1 19 40
1 19 41
3 19 42
0 20 42
1 12 15
0 12 16
3 11 48
2 12 48
0 13 48
0 6 29
2 18 26
0 17 26
0 29 31
0 20 17
2 27 36
2 28 36
0 29 36
6 32 3
2 33 3
2 34 3
0 35 3
2 11 9
0 10 9
0 2 14
0 34 36
6 37 13
2 38 13
0 39 13
0 28 46
2 44 22
2 45 22
2 46 22
0 47 22
0 35 2
1 47 21
1 47 20
1 47 19
5 47 18
2 46 18
0 45 18
1 45 17
1 45 16
1 45 15
1 45 14
1 45 13
1 45 12
1 45 11
1 45 10
0 45 9
0 47 19
6 47 40
0 48 40
2 33 29
2 34 29
0 35 29
0 24 47
0 31 27
1 25 24
1 25 25
0 25 26
2 6 6
2 7 6
0 8 6
1 45 8
6 45 7
2 46 7
0 47 7
2 26 23
2 27 23
0 28 23
0 11 16
2 23 47
6 22 47
4 22 48
2 21 48
0 20 48
2 20 28
0 21 28
6 10 47
4 10 48
2 9 48
0 8 48
1 39 12
1 39 11
1 39 10
1 39 9
1 39 8
0 39 7
1 4 44
1 4 45
1 4 46
4 4 47
2 3 47
2 2 47
0 1 47
0 45 14
1 47 6
1 47 5
0 47 4
1 47 23
1 47 24
0 47 25
0 22 15
1 5 5
1 5 4
5 5 3
2 4 3
2 3 3
2 2 3
2 1 3
0 0 3
0 3 27
-1
-1
-1
-1
-1
-1
-1
-1
-1
-1
-1
-1
-1
-1
-1
-1
-1
-1
-1
-1
-1
-1
-1
-1
-1
-1
-1
-1
-1
-1
-1
-1
-1
-1
-1
-1
-1
-1
-1
-1
-1
-1
-1
-1
-1
-1
-1
-1
-1
-1
-1
-1
-1
-1
-1
-1
-1
-1
-1
-1
-1
-1
-1
-1
-1
-1
-1
-1
-1
-1
-1
-1
-1
-1
-1
-1
-1
-1
-1
-1
-1
-1
-1
-1
-1
-1
-1
-1
-1
-1
-1
-1
-1
-1
-1
-1
-1
-1
-1
-1
-1
-1
-1
-1
-1
-1
-1
-1
-1
-1
-1
-1
-1
-1
-1
-1
-1
-1
-1
-1
-1
-1
-1
-1
-1
-1
-1
-1
-1
-1
-1
-1
-1
-1
-1
-1
-1
-1
-1
-1
-1
-1
-1
-1
-1
-1
-1
-1
-1
-1
-1
-1
-1
-1
-1
-1
-1
-1
-1
-1
-1
-1
