0 40 47
1 40 46
1 40 45
1 40 44
1 40 43
1 40 42
5 40 41
2 39 41
2 38 41
2 37 41
2 36 41
2 35 41
2 34 41
2 33 41
2 32 41
2 31 41
2 30 41
2 29 41
2 28 41
2 27 41
2 26 41
2 25 41
2 24 41
3 23 41
1 23 40
5 23 39
2 22 39
2 21 39
2 20 39
2 19 39
2 18 39
2 17 39
2 16 39
3 15 39
1 15 38
1 15 37
1 15 36
1 15 35
1 15 34
5 15 33
2 14 33
2 13 33
3 12 33
1 12 32
5 12 31
3 11 31
1 11 30
5 11 29
2 10 29
2 9 29
2 8 29
3 7 29
1 7 28
5 7 27
3 6 27
1 6 26
1 6 25
0 6 24
2 41 47
2 42 47
2 43 47
2 44 47
2 45 47
-1
-1
-1
-1
-1
-1
-1
-1
-1
-1
-1
-1
-1
-1
-1
-1
-1
-1
-1
-1
-1
-1
-1
-1
-1
0 46 47
-1
-1
-1
-1
-1
-1
-1
-1
-1
-1
-1
-1
-1
-1
-1
-1
-1
-1
-1
-1
-1
-1
-1
-1
-1
-1
-1
0 15 33
1 46 46
1 46 45
1 46 44
1 46 43
1 46 42
1 46 41
1 46 40
1 46 39
1 46 38
6 46 37
4 47 37
1 47 36
1 47 35
1 47 34
1 47 33
1 47 32
1 47 31
1 47 30
1 47 29
1 47 28
-1
-1
-1
-1
-1
-1
-1
-1
-1
-1
0 47 27
-1
-1
-1
-1
-1
-1
-1
-1
-1
-1
-1
-1
-1
-1
-1
-1
-1
-1
0 15 39
2 46 27
2 45 27
2 44 27
2 43 27
2 42 27
2 41 27
-1
-1
-1
-1
-1
-1
-1
-1
-1
-1
-1
0 40 27
2 14 39
2 13 39
2 12 39
6 11 39
1 11 40
4 11 41
2 10 41
2 9 41
-1
-1
-1
-1
-1
-1
-1
-1
0 8 41
2 39 27
2 38 27
2 37 27
3 36 27
1 36 26
1 36 25
1 36 24
5 36 23
2 35 23
3 34 23
1 34 22
1 34 21
5 34 20
2 33 20
2 32 20
2 31 20
2 30 20
2 29 20
2 28 20
2 27 20
0 26 20
1 47 26
1 47 25
1 47 24
1 47 23
1 47 22
1 47 21
-1
-1
0 47 20
1 47 19
1 47 18
1 47 17
1 47 16
1 47 15
1 47 14
1 47 13
-1
-1
-1
0 47 12
-1
-1
-1
-1
-1
-1
-1
-1
0 20 39
2 46 12
2 45 12
2 44 12
2 43 12
6 42 12
1 42 13
4 42 14
-1
0 41 14
-1
-1
-1
-1
-1
-1
0 26 41
5 6 23
2 5 23
2 4 23
2 3 23
3 2 23
1 2 22
1 2 21
5 2 20
2 1 20
0 0 20
4 40 48
2 39 48
2 38 48
-1
0 37 48
1 41 15
1 41 16
1 41 17
1 41 18
1 41 19
1 41 20
0 41 21
-1
-1
-1
-1
-1
0 6 27
-1
-1
-1
-1
-1
0 38 41
1 47 11
1 47 10
1 47 9
5 47 8
0 46 8
1 15 32
1 15 31
1 15 30
1 15 29
5 15 28
2 14 28
0 13 28
1 38 40
6 38 39
2 39 39
2 40 39
2 41 39
0 42 39
1 15 40
1 15 41
0 15 42
1 8 40
1 8 39
1 8 38
1 8 37
5 8 36
0 7 36
1 42 40
1 42 41
0 42 42
4 8 42
6 7 42
1 7 43
1 7 44
1 7 45
4 7 46
2 6 46
2 5 46
2 4 46
2 3 46
6 2 46
1 2 47
0 2 48
0 11 31
2 5 27
2 4 27
2 3 27
2 2 27
0 1 27
0 35 41
0 36 27
5 46 7
2 45 7
-1
0 44 7
1 0 19
1 0 18
6 0 17
0 1 17
1 26 42
3 26 43
0 27 43
4 16 33
6 16 32
2 17 32
0 18 32
2 7 24
0 8 24
2 19 32
2 20 32
2 21 32
4 22 32
0 22 31
1 36 28
1 36 29
4 36 30
0 35 30
0 7 29
1 27 44
1 27 45
1 27 46
3 27 47
0 28 47
0 47 31
1 8 23
1 8 22
0 8 21
1 35 31
1 35 32
1 35 33
0 35 34
-1
0 11 39
2 9 21
2 10 21
2 11 21
2 12 21
0 13 21
0 47 37
2 46 31
0 45 31
1 20 38
1 20 37
0 20 36
1 26 19
1 26 18
1 26 17
1 26 16
0 26 15
0 46 48
0 25 15
5 7 35
2 6 35
2 5 35
2 4 35
2 3 35
2 2 35
0 1 35
0 41 18
0 6 46
0 23 41
1 25 16
4 25 17
2 24 17
0 23 17
1 35 42
0 35 43
0 42 12
0 8 37
3 34 34
5 34 33
2 33 33
2 32 33
0 31 33
0 47 32
0 2 46
0 13 33
1 18 31
1 18 30
1 18 29
6 18 28
0 19 28
0 2 23
2 43 7
2 42 7
2 41 7
2 40 7
2 39 7
0 38 7
1 13 20
1 13 19
1 13 18
1 13 17
0 13 16
0 34 23
1 15 43
1 15 44
1 15 45
4 15 46
2 14 46
0 13 46
1 1 36
1 1 37
1 1 38
3 1 39
2 2 39
0 3 39
5 23 31
1 23 32
3 23 33
2 24 33
0 25 33
1 25 32
1 25 31
6 25 30
4 26 30
0 26 29
1 1 28
1 1 29
0 1 30
1 26 14
1 26 13
1 26 12
1 26 11
1 26 10
1 26 9
1 26 8
1 26 7
1 26 6
0 26 5
0 29 20
1 13 15
1 13 14
1 13 13
1 13 12
1 13 11
1 13 10
1 13 9
1 13 8
1 13 7
1 13 6
5 13 5
2 12 5
2 11 5
0 10 5
-1
-1
-1
-1
-1
-1
-1
-1
-1
-1
-1
-1
-1
-1
-1
-1
-1
-1
-1
-1
-1
-1
-1
-1
-1
-1
-1
-1
-1
-1
-1
-1
-1
-1
-1
-1
-1
-1
-1
-1
-1
-1
-1
-1
-1
-1
-1
-1
-1
-1
-1
-1
-1
-1
-1
-1
-1
-1
-1
-1
-1
-1
-1
-1
-1
-1
-1
-1
-1
-1
-1
-1
-1
-1
-1
-1
-1
-1
-1
-1
-1
-1
-1
-1
-1
-1
-1
-1
-1
-1
-1
-1
-1
-1
-1
-1
-1
-1
-1
-1
-1
-1
-1
-1
-1
-1
-1
-1
-1
-1
-1
-1
-1
-1
-1
-1
-1
-1
-1
-1
-1
-1
-1
-1
-1
-1
-1
-1
-1
-1
-1
-1
-1
-1
-1
-1
-1
-1
-1
-1
-1
-1
-1
-1
-1
-1
-1
-1
-1
-1
-1
-1
-1
-1
-1
-1
-1
-1
-1
-1
-1
-1
-1
-1
-1
-1
-1
-1
-1
-1
-1
-1
-1
-1
-1
-1
-1
-1
-1
-1
-1
-1
-1
-1
-1
-1
-1
-1
-1
-1
-1
-1
-1
-1
-1
-1
-1
-1
-1
-1
-1
-1
-1
-1
-1
-1
-1
-1
-1
-1
-1
-1
-1
-1
-1
-1
-1
-1
-1
-1
-1
-1
-1
-1
-1
-1
-1
-1
-1
-1
-1
-1
-1
-1
-1
-1
-1
-1
-1
-1
-1
-1
-1
-1
-1
-1
-1
-1
-1
-1
-1
-1
-1
-1
-1
-1
-1
-1
-1
-1
-1
-1
-1
-1
-1
-1
-1
-1
-1
-1
-1
-1
-1
-1
-1
-1
-1
-1
-1
-1
-1
-1
-1
-1
-1
-1
-1
-1
-1
-1
-1
-1
-1
