0 5 36
4 6 36
6 6 35
2 7 35
2 8 35
2 9 35
2 10 35
4 11 35
6 11 34
2 12 34
2 13 34
2 14 34
2 15 34
2 16 34
2 17 34
2 18 34
2 19 34
2 20 34
2 21 34
2 22 34
2 23 34
4 24 34
1 24 33
1 24 32
1 24 31
1 24 30
6 24 29
4 25 29
1 25 28
1 25 27
6 25 26
2 26 26
2 27 26
4 28 26
1 28 25
1 28 24
1 28 23
1 28 22
1 28 21
1 28 20
1 28 19
6 28 18
2 29 18
4 30 18
1 30 17
1 30 16
1 30 15
1 30 14
6 30 13
4 31 13
1 31 12
1 31 11
1 31 10
1 31 9
1 31 8
1 31 7
1 31 6
6 31 5
2 32 5
0 33 5
1 5 37
3 5 38
2 6 38
2 7 38
2 8 38
5 9 38
-1
-1
0 9 39
1 33 4
1 33 3
6 33 2
4 34 2
6 34 1
2 35 1
2 36 1
2 37 1
-1
-1
-1
-1
-1
-1
-1
-1
-1
-1
0 38 1
1 33 6
1 33 7
1 33 8
1 33 9
1 33 10
1 33 11
1 33 12
1 33 13
1 33 14
1 33 15
-1
-1
-1
0 33 16
1 9 40
1 9 41
1 9 42
1 9 43
1 9 44
1 9 45
1 9 46
4 9 47
-1
0 8 47
6 4 36
1 4 37
1 4 38
1 4 39
4 4 40
2 3 40
-1
0 2 40
-1
-1
-1
-1
-1
0 10 35
1 38 2
1 38 3
1 38 4
1 38 5
1 38 6
1 38 7
0 38 8
5 5 35
2 4 35
2 3 35
2 2 35
0 1 35
2 39 8
2 40 8
5 41 8
3 41 9
0 42 9
0 31 6
1 2 41
1 2 42
1 2 43
1 2 44
1 2 45
0 2 46
3 30 6
1 30 5
5 30 4
2 29 4
0 28 4
0 38 4
1 28 5
1 28 6
1 28 7
4 28 8
2 27 8
2 26 8
2 25 8
2 24 8
0 23 8
0 28 26
0 33 10
0 6 36
3 33 17
2 34 17
0 35 17
0 28 22
1 10 34
1 10 33
1 10 32
5 10 31
2 9 31
0 8 31
3 7 31
1 7 30
1 7 29
1 7 28
1 7 27
0 7 26
1 35 16
1 35 15
1 35 14
0 35 13
0 3 35
6 6 26
4 6 27
2 5 27
0 4 27
0 24 34
0 28 8
2 43 9
0 44 9
3 8 48
2 9 48
2 10 48
0 11 48
2 39 4
0 40 4
0 25 29
0 33 2
2 12 48
0 13 48
0 25 26
0 34 2
2 22 8
2 21 8
2 20 8
2 19 8
0 18 8
1 35 18
3 35 19
5 36 19
1 36 20
1 36 21
1 36 22
0 36 23
0 28 9
2 37 23
0 38 23
5 18 7
2 17 7
0 16 7
1 16 6
1 16 5
0 16 4
0 21 34
0 31 13
0 9 40
0 30 17
0 28 24
0 9 44
0 36 19
1 4 26
1 4 25
0 4 24
0 11 35
0 2 45
6 44 8
2 45 8
0 46 8
2 27 9
0 26 9
2 39 23
2 40 23
0 41 23
1 46 7
1 46 6
1 46 5
6 46 4
0 47 4
2 17 4
2 18 4
0 19 4
0 2 47
1 26 10
1 26 11
1 26 12
1 26 13
0 26 14
1 36 24
1 36 25
1 36 26
0 36 27
1 36 28
1 36 29
0 36 30
5 34 5
3 34 6
0 35 6
0 35 23
1 41 22
1 41 21
1 41 20
0 41 19
1 36 31
4 36 32
6 35 32
1 35 33
0 35 34
0 21 8
2 25 14
2 24 14
0 23 14
1 21 9
0 21 10
1 21 35
1 21 36
1 21 37
4 21 38
2 20 38
0 19 38
5 4 23
2 3 23
2 2 23
0 1 23
1 19 39
3 19 40
2 20 40
2 21 40
0 22 40
2 42 19
2 43 19
0 44 19
0 24 35
1 19 3
0 19 2
0 34 23
6 40 3
0 41 3
2 23 40
0 24 40
1 47 3
5 47 2
0 46 2
3 34 34
5 34 33
0 33 33
1 16 3
5 16 2
2 15 2
0 14 2
2 13 2
2 12 2
2 11 2
0 10 2
0 22 14
1 4 28
0 4 29
0 33 32
2 9 2
2 8 2
0 7 2
0 19 1
1 22 15
1 22 16
1 22 17
0 22 18
2 21 18
2 20 18
0 19 18
2 18 38
0 17 38
2 18 18
2 17 18
0 16 18
0 28 3
2 15 18
2 14 18
2 13 18
2 12 18
2 11 18
0 10 18
0 9 18
0 14 1
1 44 18
6 44 17
2 45 17
4 46 17
0 46 16
2 8 26
2 9 26
0 10 26
0 10 31
1 35 35
1 35 36
1 35 37
0 35 38
1 35 39
1 35 40
0 35 41
0 34 41
0 33 9
2 21 14
2 20 14
0 19 14
0 7 31
0 27 14
2 36 13
0 37 13
0 38 13
0 7 3
2 18 14
0 17 14
0 16 14
0 22 19
2 8 18
2 7 18
2 6 18
2 5 18
0 4 18
2 3 18
0 2 18
0 37 30
3 28 27
2 29 27
2 30 27
0 31 27
2 27 22
0 26 22
1 7 4
1 7 5
1 7 6
0 7 7
1 7 8
0 7 9
2 6 9
2 5 9
0 4 9
6 13 47
2 14 47
0 15 47
1 15 46
1 15 45
0 15 44
2 3 27
2 2 27
0 1 27
0 32 2
2 25 40
2 26 40
0 27 40
1 23 7
0 23 6
2 8 44
2 7 44
0 6 44
1 38 14
0 38 15
0 30 18
1 10 25
0 10 24
2 11 26
2 12 26
2 13 26
2 14 26
0 15 26
0 15 27
1 21 33
1 21 32
0 21 31
0 20 31
0 25 22
0 9 38
1 46 15
1 46 14
5 46 13
0 45 13
1 27 39
1 27 38
0 27 37
0 24 6
5 28 2
0 27 2
2 38 30
2 39 30
2 40 30
2 41 30
0 42 30
1 27 41
0 27 42
2 26 2
0 25 2
0 24 22
0 36 41
0 8 40
3 15 7
5 15 6
2 14 6
0 13 6
1 13 7
1 13 8
0 13 9
2 43 30
0 44 30
0 3 40
1 42 29
1 42 28
6 42 27
0 43 27
0 1 40
2 26 29
0 27 29
1 27 43
1 27 44
0 27 45
4 48 4
0 48 3
2 28 37
2 29 37
0 30 37
0 27 46
6 10 17
4 11 17
0 11 16
2 36 38
2 37 38
2 38 38
2 39 38
0 40 38
0 33 31
1 11 15
0 11 14
5 25 1
0 24 1
2 10 40
2 11 40
0 12 40
2 44 27
2 45 27
2 46 27
0 47 27
4 4 10
2 3 10
0 2 10
1 11 13
0 11 12
1 42 10
0 42 11
0 1 36
4 27 47
2 26 47
2 25 47
2 24 47
0 23 47
1 38 24
3 38 25
0 39 25
2 22 47
2 21 47
0 20 47
2 24 26
2 23 26
0 22 26
2 21 26
0 20 26
1 1 34
1 1 33
0 1 32
0 27 30
0 7 35
0 28 10
1 34 42
1 34 43
1 34 44
4 34 45
6 33 45
1 33 46
0 33 47
2 39 15
0 40 15
1 41 2
0 41 1
2 10 16
3 9 16
5 9 15
2 8 15
0 7 15
1 15 25
1 15 24
1 15 23
0 15 22
0 33 45
2 16 38
0 15 38
2 14 22
0 13 22
4 42 31
0 41 31
1 16 8
0 16 9
0 4 17
3 36 42
2 37 42
5 38 42
1 38 43
0 38 44
1 38 45
1 38 46
3 38 47
2 39 47
0 40 47
0 3 46
2 7 40
0 6 40
3 40 48
2 41 48
0 42 48
1 42 47
1 42 46
0 42 45
0 41 32
0 1 22
1 4 19
0 4 20
0 0 32
1 44 31
3 44 32
2 45 32
2 46 32
0 47 32
1 20 46
1 20 45
0 20 44
1 26 15
0 26 16
1 47 33
1 47 34
3 47 35
0 48 35
6 42 44
2 43 44
0 44 44
1 44 43
1 44 42
6 44 41
2 45 41
0 46 41
2 19 31
0 18 31
2 11 31
5 12 31
0 12 32
2 45 19
2 46 19
0 47 19
0 47 18
1 30 19
3 30 20
2 31 20
0 32 20
1 2 9
1 2 8
1 2 7
1 2 6
5 2 5
2 1 5
0 0 5
0 12 33
1 47 26
0 47 25
3 41 33
2 42 33
2 43 33
0 44 33
6 10 30
2 11 30
0 12 30
-1
-1
-1
-1
-1
-1
-1
-1
-1
-1
-1
-1
-1
-1
-1
-1
-1
-1
-1
-1
-1
-1
-1
-1
-1
-1
-1
-1
-1
-1
-1
-1
-1
-1
-1
-1
-1
-1
-1
-1
-1
-1
-1
-1
-1
-1
-1
-1
-1
-1
-1
-1
-1
-1
-1
-1
-1
-1
-1
-1
-1
-1
-1
-1
-1
-1
-1
-1
-1
-1
-1
-1
-1
-1
-1
-1
-1
-1
-1
-1
-1
-1
-1
-1
-1
-1
-1
-1
-1
-1
-1
-1
-1
-1
-1
-1
-1
-1
-1
-1
-1
-1
-1
-1
-1
-1
-1
-1
-1
-1
-1
-1
-1
-1
-1
-1
-1
-1
-1
-1
-1
-1
-1
-1
-1
-1
-1
-1
-1
-1
-1
-1
-1
-1
-1
-1
-1
-1
-1
-1
-1
-1
-1
-1
-1
-1
-1
-1
