0 44 26
2 43 26
2 42 26
2 41 26
2 40 26
2 39 26
2 38 26
2 37 26
2 36 26
2 35 26
0 34 26
1 44 25
1 44 24
-1
-1
1 44 23
-1
-1
-1
-1
-1
-1
1 44 22
-1
-1
-1
-1
-1
-1
1 44 21
-1
-1
-1
-1
-1
-1
1 44 20
-1
-1
-1
-1
-1
-1
1 44 19
-1
-1
-1
-1
-1
-1
1 44 18
-1
-1
-1
-1
-1
-1
5 44 17
-1
-1
-1
-1
-1
-1
-1
3 43 17
-1
-1
-1
-1
-1
-1
1 43 16
-1
-1
-1
-1
-1
-1
1 43 15
-1
-1
-1
-1
-1
-1
1 43 14
-1
-1
-1
-1
-1
-1
-1
-1
-1
-1
-1
-1
-1
-1
-1
-1
-1
-1
-1
-1
-1
-1
-1
-1
-1
-1
-1
-1
-1
-1
-1
-1
-1
-1
-1
-1
-1
-1
-1
-1
-1
-1
-1
-1
-1
-1
-1
-1
-1
-1
-1
-1
-1
-1
-1
-1
-1
-1
-1
-1
-1
-1
-1
-1
-1
-1
-1
-1
-1
-1
-1
-1
-1
-1
-1
-1
-1
-1
-1
-1
-1
-1
-1
-1
-1
-1
-1
-1
-1
-1
-1
-1
-1
-1
-1
-1
-1
-1
-1
-1
-1
-1
-1
-1
-1
-1
-1
-1
-1
-1
-1
-1
-1
-1
-1
-1
-1
-1
-1
-1
-1
-1
-1
-1
-1
-1
-1
-1
-1
-1
-1
-1
-1
-1
-1
-1
-1
-1
-1
-1
-1
-1
-1
-1
-1
-1
-1
-1
-1
-1
-1
-1
-1
-1
-1
-1
-1
-1
-1
-1
-1
-1
-1
-1
-1
-1
-1
-1
-1
-1
-1
-1
-1
-1
-1
-1
-1
-1
-1
-1
-1
-1
-1
-1
-1
-1
-1
-1
-1
-1
-1
-1
-1
-1
-1
-1
-1
-1
-1
-1
-1
-1
-1
-1
-1
-1
-1
-1
-1
-1
-1
-1
-1
-1
-1
-1
-1
-1
-1
-1
-1
-1
-1
-1
-1
-1
-1
-1
-1
-1
-1
-1
-1
-1
-1
-1
-1
-1
-1
-1
-1
-1
-1
-1
-1
-1
-1
-1
-1
-1
-1
-1
-1
-1
-1
-1
-1
-1
-1
-1
-1
-1
-1
-1
-1
-1
-1
-1
-1
-1
-1
-1
-1
-1
-1
-1
-1
-1
-1
-1
-1
-1
-1
-1
-1
-1
-1
-1
-1
-1
-1
-1
-1
-1
-1
-1
-1
-1
-1
-1
-1
-1
-1
-1
-1
-1
-1
-1
-1
-1
-1
-1
-1
-1
-1
-1
-1
-1
-1
-1
-1
-1
-1
-1
-1
-1
-1
-1
-1
-1
-1
-1
-1
-1
-1
-1
-1
-1
-1
-1
-1
-1
-1
-1
-1
-1
-1
-1
-1
-1
-1
-1
-1
-1
-1
-1
0 43 13
-1
1 34 27
-1
1 34 28
-1
-1
1 34 29
-1
1 34 30
-1
1 34 31
-1
1 34 32
-1
1 34 33
-1
1 34 34
-1
4 34 35
-1
2 33 35
-1
2 32 35
-1
2 31 35
-1
2 30 35
-1
2 29 35
-1
2 28 35
-1
2 27 35
-1
2 26 35
-1
2 25 35
-1
2 24 35
-1
2 23 35
-1
2 22 35
-1
2 21 35
-1
2 20 35
-1
2 19 35
-1
2 18 35
-1
2 17 35
-1
-1
2 16 35
-1
2 15 35
-1
2 14 35
-1
2 13 35
-1
2 12 35
-1
2 11 35
-1
2 10 35
-1
2 9 35
-1
2 8 35
-1
2 7 35
-1
-1
-1
-1
-1
-1
-1
-1
-1
-1
-1
-1
-1
-1
-1
-1
-1
-1
-1
-1
-1
-1
-1
-1
-1
-1
-1
-1
-1
-1
-1
-1
-1
-1
-1
-1
-1
-1
-1
-1
-1
-1
-1
-1
-1
-1
-1
-1
-1
-1
-1
-1
-1
-1
-1
-1
-1
-1
-1
-1
-1
-1
-1
-1
-1
-1
-1
-1
-1
-1
-1
-1
-1
-1
-1
-1
-1
-1
-1
-1
-1
-1
-1
-1
-1
-1
-1
-1
-1
-1
-1
-1
-1
-1
-1
-1
-1
-1
-1
-1
-1
0 6 35
-1
-1
-1
-1
-1
-1
-1
-1
-1
-1
-1
-1
-1
-1
-1
-1
-1
-1
-1
-1
-1
-1
-1
-1
-1
-1
-1
-1
-1
-1
-1
-1
-1
-1
-1
-1
-1
-1
-1
-1
-1
-1
-1
-1
-1
-1
-1
-1
-1
-1
-1
-1
0 43 17
2 42 13
2 41 13
-1
-1
-1
-1
-1
-1
-1
-1
-1
-1
-1
-1
-1
-1
-1
-1
-1
-1
-1
-1
-1
-1
0 40 13
1 6 36
1 6 37
1 6 38
4 6 39
2 5 39
2 4 39
2 3 39
2 2 39
2 1 39
-1
-1
-1
-1
-1
-1
-1
-1
-1
-1
-1
-1
-1
0 0 39
5 34 25
2 33 25
-1
-1
-1
-1
-1
-1
-1
-1
-1
-1
0 32 25
-1
-1
-1
-1
-1
-1
-1
-1
-1
-1
-1
-1
-1
-1
-1
-1
-1
-1
-1
-1
-1
-1
-1
-1
-1
-1
-1
-1
-1
-1
-1
-1
-1
-1
-1
-1
-1
-1
-1
-1
-1
-1
-1
-1
-1
-1
-1
-1
-1
-1
-1
-1
-1
-1
-1
-1
-1
-1
-1
-1
-1
-1
-1
-1
-1
-1
