0 22 34
2 23 34
4 24 34
1 24 33
1 24 32
1 24 31
1 24 30
1 24 29
1 24 28
1 24 27
1 24 26
6 24 25
4 25 25
6 25 24
4 26 24
1 26 23
1 26 22
1 26 21
1 26 20
1 26 19
6 26 18
4 27 18
1 27 17
1 27 16
1 27 15
6 27 14
0 28 14
1 22 35
3 22 36
2 23 36
2 24 36
2 25 36
2 26 36
2 27 36
2 28 36
2 29 36
2 30 36
2 31 36
2 32 36
5 33 36
3 33 37
2 34 37
2 35 37
2 36 37
5 37 37
3 37 38
5 38 38
3 38 39
2 39 39
2 40 39
2 41 39
2 42 39
-1
-1
-1
-1
-1
-1
-1
-1
-1
-1
-1
-1
-1
-1
-1
-1
-1
-1
-1
-1
-1
-1
-1
-1
-1
-1
-1
-1
-1
-1
-1
-1
-1
-1
-1
-1
-1
-1
-1
-1
-1
-1
-1
-1
-1
-1
-1
-1
-1
-1
-1
-1
-1
-1
-1
-1
-1
-1
-1
-1
-1
0 43 39
1 28 13
6 28 12
2 29 12
4 30 12
1 30 11
1 30 10
1 30 9
-1
-1
-1
-1
-1
-1
-1
-1
-1
-1
-1
-1
-1
-1
-1
-1
-1
-1
-1
-1
-1
-1
-1
-1
-1
-1
-1
-1
-1
-1
-1
0 30 8
2 21 34
2 20 34
2 19 34
2 18 34
2 17 34
2 16 34
2 15 34
6 14 34
1 14 35
4 14 36
2 13 36
2 12 36
2 11 36
2 10 36
2 9 36
2 8 36
2 7 36
-1
-1
-1
-1
-1
-1
-1
-1
-1
-1
-1
-1
0 6 36
4 43 40
2 42 40
2 41 40
2 40 40
-1
-1
-1
-1
-1
-1
-1
-1
-1
-1
-1
-1
-1
0 39 40
6 30 7
4 31 7
1 31 6
1 31 5
1 31 4
6 31 3
2 32 3
2 33 3
2 34 3
2 35 3
-1
-1
-1
-1
0 36 3
1 6 37
1 6 38
1 6 39
3 6 40
2 7 40
2 8 40
2 9 40
2 10 40
2 11 40
2 12 40
2 13 40
2 14 40
2 15 40
5 16 40
1 16 41
3 16 42
0 17 42
1 36 4
1 36 5
1 36 6
1 36 7
1 36 8
-1
0 36 9
1 28 15
1 28 16
3 28 17
2 29 17
-1
-1
0 30 17
1 22 33
5 22 32
3 21 32
1 21 31
5 21 30
2 20 30
0 19 30
5 37 9
1 37 10
1 37 11
3 37 12
5 38 12
1 38 13
3 38 14
0 39 14
1 19 29
5 19 28
2 18 28
2 17 28
2 16 28
0 15 28
1 39 41
1 39 42
4 39 43
0 38 43
1 15 29
4 15 30
2 14 30
2 13 30
6 12 30
0 12 31
2 31 17
2 32 17
2 33 17
2 34 17
0 35 17
0 14 40
6 29 8
1 29 9
4 29 10
2 28 10
6 27 10
1 27 11
1 27 12
4 27 13
2 26 13
2 25 13
0 24 13
0 18 34
0 37 37
5 44 39
1 44 40
1 44 41
0 44 42
0 30 12
1 18 35
3 18 36
2 19 36
2 20 36
5 21 36
1 21 37
3 21 38
0 22 38
0 27 18
0 26 21
0 24 29
1 24 14
4 24 15
0 23 15
0 38 12
1 17 43
1 17 44
1 17 45
3 17 46
0 18 46
0 7 40
0 25 25
2 19 46
0 20 46
0 11 36
1 20 47
0 20 48
2 18 42
4 19 42
0 19 41
0 25 36
1 43 38
1 43 37
0 43 36
0 24 34
2 45 42
2 46 42
0 47 42
1 38 44
0 38 45
0 27 10
0 10 40
0 39 15
1 38 46
0 38 47
0 19 28
1 6 35
1 6 34
5 6 33
0 5 33
1 47 41
0 47 40
2 5 36
2 4 36
0 3 36
1 10 41
0 10 42
2 21 48
2 22 48
2 23 48
0 24 48
5 25 29
3 25 30
2 26 30
0 27 30
1 43 35
1 43 34
6 43 33
4 44 33
0 44 32
0 21 32
1 24 47
6 24 46
2 25 46
0 26 46
0 31 4
0 38 48
1 26 45
0 26 44
0 14 34
0 19 36
2 45 32
2 46 32
2 47 32
2 48 32
0 49 32
1 35 18
4 35 19
6 34 19
0 34 20
1 26 43
1 26 42
0 26 41
0 49 31
2 11 31
2 10 31
0 9 31
0 9 30
0 31 7
2 40 15
2 41 15
0 42 15
2 25 34
0 26 34
0 33 36
2 33 20
0 32 20
6 20 45
2 21 45
0 22 45
3 42 16
2 43 16
2 44 16
2 45 16
2 46 16
0 47 16
0 15 29
0 19 42
2 29 14
2 30 14
2 31 14
2 32 14
0 33 14
1 15 27
1 15 26
0 15 25
2 38 40
2 37 40
0 36 40
1 3 37
1 3 38
1 3 39
0 3 40
1 44 43
4 44 44
0 43 44
1 15 24
6 15 23
0 16 23
2 43 32
2 42 32
0 41 32
2 30 4
2 29 4
2 28 4
2 27 4
0 26 4
1 14 41
1 14 42
1 14 43
0 14 44
6 36 2
2 37 2
2 38 2
2 39 2
0 40 2
0 8 30
1 22 44
6 22 43
0 23 43
1 47 15
1 47 14
1 47 13
1 47 12
1 47 11
0 47 10
2 41 2
2 42 2
2 43 2
0 44 2
2 25 21
2 24 21
0 23 21
1 40 3
1 40 4
0 40 5
2 46 10
2 45 10
2 44 10
0 43 10
2 35 40
2 34 40
0 33 40
1 47 9
6 47 8
0 48 8
1 34 21
1 34 22
1 34 23
4 34 24
0 33 24
2 32 24
2 31 24
0 30 24
1 47 17
3 47 18
2 48 18
5 49 18
1 49 19
0 49 20
2 22 21
2 21 21
0 20 21
0 37 9
1 10 43
1 10 44
1 10 45
1 10 46
0 10 47
1 33 25
3 33 26
2 34 26
2 35 26
2 36 26
0 37 26
1 7 41
1 7 42
0 7 43
6 19 27
2 20 27
0 21 27
2 27 44
2 28 44
2 29 44
0 30 44
4 26 5
2 25 5
2 24 5
2 23 5
0 22 5
1 30 45
1 30 46
0 30 47
1 22 4
1 22 3
0 22 2
3 14 25
5 14 24
0 13 24
5 5 32
2 4 32
2 3 32
2 2 32
2 1 32
0 0 32
2 6 43
2 5 43
0 4 43
4 19 37
2 18 37
0 17 37
5 24 12
2 23 12
2 22 12
2 21 12
0 20 12
1 20 13
4 20 14
2 19 14
2 18 14
2 17 14
2 16 14
2 15 14
2 14 14
2 13 14
0 12 14
2 11 14
2 10 14
0 9 14
1 9 13
5 9 12
2 8 12
0 7 12
1 7 11
1 7 10
1 7 9
1 7 8
0 7 7
1 37 25
1 37 24
1 37 23
6 37 22
2 38 22
2 39 22
0 40 22
2 48 20
2 47 20
2 46 20
0 45 20
1 47 43
4 47 44
2 46 44
0 45 44
1 16 22
1 16 21
1 16 20
1 16 19
0 16 18
2 12 24
2 11 24
2 10 24
2 9 24
2 8 24
2 7 24
2 6 24
0 5 24
3 4 24
1 4 23
1 4 22
1 4 21
1 4 20
0 4 19
0 38 38
1 26 3
1 26 2
6 26 1
2 27 1
2 28 1
2 29 1
0 30 1
1 4 44
1 4 45
1 4 46
4 4 47
2 3 47
2 2 47
0 1 47
6 7 6
2 8 6
4 9 6
1 9 5
6 9 4
2 10 4
2 11 4
0 12 4
-1
-1
-1
-1
-1
-1
-1
-1
-1
-1
-1
-1
-1
-1
-1
-1
-1
-1
-1
-1
-1
-1
-1
-1
-1
-1
-1
-1
-1
-1
-1
-1
-1
-1
-1
-1
-1
-1
-1
-1
-1
-1
-1
-1
-1
-1
-1
-1
-1
-1
-1
-1
-1
-1
-1
-1
-1
-1
-1
-1
-1
-1
-1
-1
-1
-1
-1
-1
-1
-1
-1
-1
-1
-1
-1
-1
-1
-1
-1
-1
-1
-1
-1
-1
-1
-1
-1
-1
-1
-1
-1
-1
-1
-1
-1
-1
-1
-1
-1
-1
-1
-1
-1
-1
-1
-1
-1
-1
-1
-1
-1
-1
-1
-1
-1
-1
-1
-1
-1
-1
-1
-1
-1
-1
-1
-1
-1
-1
-1
-1
-1
-1
-1
-1
-1
-1
-1
-1
-1
-1
-1
-1
-1
-1
-1
-1
-1
-1
-1
-1
-1
-1
-1
-1
-1
-1
-1
-1
-1
-1
-1
-1
-1
