0 17 14
1 17 15
1 17 16
1 17 17
1 17 18
1 17 19
3 17 20
2 18 20
5 19 20
1 19 21
1 19 22
1 19 23
1 19 24
1 19 25
1 19 26
1 19 27
3 19 28
5 20 28
1 20 29
1 20 30
1 20 31
1 20 32
3 20 33
2 21 33
2 22 33
2 23 33
2 24 33
2 25 33
2 26 33
2 27 33
2 28 33
5 29 33
1 29 34
1 29 35
3 29 36
5 30 36
3 30 37
2 31 37
0 32 37
6 32 36
2 33 36
2 34 36
2 35 36
2 36 36
2 37 36
2 38 36
-1
-1
-1
-1
-1
-1
-1
-1
-1
-1
-1
-1
-1
-1
-1
-1
-1
-1
-1
-1
-1
-1
-1
-1
-1
-1
-1
-1
-1
-1
-1
-1
-1
-1
-1
-1
-1
-1
-1
-1
-1
-1
-1
-1
-1
-1
-1
-1
-1
-1
-1
-1
-1
-1
-1
-1
-1
0 39 36
1 17 13
1 17 12
1 17 11
-1
1 17 10
5 17 9
2 16 9
2 15 9
-1
2 14 9
2 13 9
2 12 9
2 11 9
-1
2 10 9
-1
-1
-1
-1
-1
-1
-1
-1
-1
-1
-1
-1
-1
-1
-1
-1
-1
-1
-1
-1
-1
-1
-1
-1
-1
-1
-1
-1
-1
-1
-1
-1
-1
-1
-1
-1
-1
-1
-1
-1
-1
-1
-1
-1
-1
-1
-1
-1
-1
-1
-1
-1
-1
-1
-1
-1
-1
-1
-1
-1
-1
0 9 9
2 8 9
2 7 9
2 6 9
2 5 9
-1
-1
-1
-1
-1
-1
-1
-1
-1
-1
-1
-1
-1
-1
-1
-1
-1
-1
-1
-1
-1
-1
-1
-1
-1
-1
-1
-1
-1
-1
-1
-1
-1
-1
0 4 9
1 9 8
1 9 7
1 9 6
6 9 5
2 10 5
2 11 5
2 12 5
2 13 5
-1
-1
-1
-1
-1
-1
-1
-1
-1
-1
-1
-1
-1
-1
-1
-1
-1
-1
-1
-1
0 14 5
1 39 35
1 39 34
1 39 33
1 39 32
1 39 31
1 39 30
6 39 29
4 40 29
6 40 28
4 41 28
1 41 27
1 41 26
1 41 25
6 41 24
2 42 24
-1
-1
-1
-1
-1
-1
-1
-1
-1
0 43 24
-1
-1
-1
-1
-1
-1
-1
-1
-1
-1
-1
-1
-1
-1
-1
0 20 33
1 43 23
1 43 22
1 43 21
1 43 20
1 43 19
1 43 18
1 43 17
1 43 16
1 43 15
1 43 14
1 43 13
1 43 12
1 43 11
1 43 10
5 43 9
2 42 9
2 41 9
2 40 9
2 39 9
2 38 9
0 37 9
6 16 14
1 16 15
1 16 16
4 16 17
2 15 17
6 14 17
1 14 18
1 14 19
1 14 20
1 14 21
1 14 22
-1
-1
-1
-1
0 14 23
1 14 24
4 14 25
2 13 25
6 12 25
1 12 26
4 12 27
2 11 27
2 10 27
-1
-1
-1
-1
-1
0 9 27
-1
-1
-1
-1
-1
-1
-1
-1
-1
-1
0 41 28
5 15 23
1 15 24
1 15 25
1 15 26
1 15 27
1 15 28
-1
-1
-1
-1
0 15 29
6 37 8
2 38 8
2 39 8
2 40 8
2 41 8
2 42 8
2 43 8
2 44 8
-1
-1
0 45 8
-1
-1
-1
-1
-1
-1
-1
-1
0 19 20
1 45 7
1 45 6
1 45 5
1 45 4
-1
-1
-1
-1
0 45 3
-1
-1
-1
-1
-1
-1
-1
0 30 36
3 36 9
1 36 8
1 36 7
1 36 6
6 36 5
4 37 5
1 37 4
1 37 3
0 37 2
2 20 20
2 21 20
2 22 20
2 23 20
2 24 20
2 25 20
2 26 20
2 27 20
2 28 20
2 29 20
0 30 20
1 4 10
1 4 11
1 4 12
1 4 13
1 4 14
1 4 15
1 4 16
1 4 17
4 4 18
0 3 18
0 20 28
1 9 10
1 9 11
4 9 12
-1
-1
-1
0 8 12
2 21 28
2 22 28
2 23 28
2 24 28
2 25 28
2 26 28
0 27 28
1 45 2
6 45 1
-1
-1
-1
0 46 1
-1
-1
-1
-1
-1
0 36 36
-1
-1
-1
-1
0 24 20
1 39 37
3 39 38
2 40 38
2 41 38
2 42 38
2 43 38
2 44 38
2 45 38
2 46 38
2 47 38
0 48 38
0 29 20
1 4 8
1 4 7
1 4 6
1 4 5
0 4 4
1 36 35
1 36 34
1 36 33
-1
0 36 32
1 24 19
1 24 18
-1
-1
0 24 17
1 9 28
1 9 29
1 9 30
1 9 31
1 9 32
1 9 33
1 9 34
1 9 35
4 9 36
2 8 36
2 7 36
2 6 36
0 5 36
0 37 5
1 24 16
1 24 15
1 24 14
0 24 13
0 29 33
4 37 10
-1
-1
-1
0 36 10
1 5 37
1 5 38
1 5 39
3 5 40
2 6 40
2 7 40
0 8 40
0 12 25
1 20 34
1 20 35
1 20 36
1 20 37
0 20 38
-1
-1
0 14 17
1 20 39
4 20 40
2 19 40
2 18 40
0 17 40
2 35 10
2 34 10
0 33 10
-1
-1
-1
-1
-1
-1
-1
-1
-1
-1
-1
-1
-1
-1
-1
-1
-1
-1
-1
-1
-1
-1
-1
-1
-1
-1
-1
-1
-1
-1
-1
-1
-1
-1
-1
-1
-1
-1
-1
-1
-1
-1
-1
-1
-1
-1
-1
-1
-1
-1
-1
-1
-1
-1
-1
-1
-1
-1
-1
-1
-1
-1
-1
-1
-1
-1
-1
-1
-1
-1
-1
-1
-1
-1
-1
-1
-1
-1
-1
-1
-1
-1
-1
-1
-1
-1
-1
-1
-1
-1
-1
-1
-1
-1
-1
-1
-1
-1
-1
-1
-1
-1
-1
-1
-1
-1
-1
-1
-1
-1
-1
-1
-1
-1
-1
-1
-1
-1
-1
-1
-1
-1
-1
-1
-1
-1
-1
-1
-1
-1
-1
-1
-1
-1
-1
-1
-1
-1
-1
-1
-1
-1
-1
-1
-1
-1
-1
-1
-1
-1
-1
-1
-1
-1
-1
-1
-1
-1
-1
-1
-1
-1
-1
-1
-1
-1
-1
-1
-1
-1
-1
-1
-1
-1
-1
-1
-1
-1
-1
-1
-1
-1
-1
-1
-1
-1
-1
-1
-1
-1
-1
-1
-1
-1
-1
-1
-1
-1
-1
-1
-1
-1
-1
-1
-1
-1
-1
-1
-1
-1
-1
-1
-1
-1
-1
-1
-1
-1
-1
-1
-1
-1
-1
-1
-1
-1
-1
-1
-1
-1
-1
-1
-1
-1
-1
-1
-1
-1
-1
-1
-1
-1
-1
-1
-1
-1
-1
-1
-1
-1
-1
-1
-1
-1
-1
-1
-1
-1
-1
-1
-1
-1
-1
