0 15 21
1 15 22
1 15 23
3 15 24
2 16 24
5 17 24
1 17 25
3 17 26
2 18 26
2 19 26
2 20 26
5 21 26
1 21 27
1 21 28
3 21 29
2 22 29
5 23 29
1 23 30
1 23 31
1 23 32
1 23 33
1 23 34
1 23 35
1 23 36
1 23 37
0 23 38
1 15 20
5 15 19
2 14 19
2 13 19
2 12 19
2 11 19
2 10 19
3 9 19
1 9 18
1 9 17
1 9 16
1 9 15
1 9 14
1 9 13
1 9 12
1 9 11
1 9 10
1 9 9
5 9 8
2 8 8
2 7 8
2 6 8
3 5 8
1 5 7
1 5 6
1 5 5
5 5 4
2 4 4
3 3 4
1 3 3
0 3 2
1 23 39
1 23 40
1 23 41
1 23 42
4 23 43
2 22 43
2 21 43
2 20 43
2 19 43
6 18 43
1 18 44
4 18 45
2 17 45
2 16 45
2 15 45
2 14 45
2 13 45
2 12 45
6 11 45
4 11 46
6 10 46
4 10 47
2 9 47
2 8 47
2 7 47
2 6 47
2 5 47
2 4 47
-1
-1
-1
-1
-1
-1
-1
-1
-1
0 3 47
2 24 38
2 25 38
4 26 38
6 26 37
2 27 37
2 28 37
2 29 37
2 30 37
2 31 37
2 32 37
2 33 37
2 34 37
2 35 37
2 36 37
2 37 37
2 38 37
2 39 37
2 40 37
2 41 37
2 42 37
2 43 37
-1
0 44 37
1 3 46
1 3 45
1 3 44
1 3 43
6 3 42
2 4 42
2 5 42
2 6 42
2 7 42
2 8 42
-1
-1
-1
-1
-1
0 9 42
6 2 2
1 2 3
1 2 4
1 2 5
1 2 6
4 2 7
2 1 7
-1
-1
-1
-1
0 0 7
1 44 36
1 44 35
1 44 34
5 44 33
3 43 33
1 43 32
1 43 31
1 43 30
1 43 29
1 43 28
5 43 27
0 42 27
1 0 8
1 0 9
3 0 10
2 1 10
5 2 10
1 2 11
3 2 12
2 3 12
0 4 12
1 42 26
1 42 25
1 42 24
1 42 23
1 42 22
1 42 21
1 42 20
1 42 19
1 42 18
1 42 17
1 42 16
1 42 15
1 42 14
0 42 13
1 42 12
1 42 11
1 42 10
1 42 9
1 42 8
5 42 7
2 41 7
3 40 7
1 40 6
0 40 5
0 6 47
6 14 21
1 14 22
1 14 23
1 14 24
1 14 25
1 14 26
4 14 27
2 13 27
2 12 27
2 11 27
0 10 27
0 5 8
1 10 28
1 10 29
3 10 30
2 11 30
0 12 30
2 9 27
2 8 27
2 7 27
2 6 27
2 5 27
2 4 27
0 3 27
1 42 28
1 42 29
4 42 30
2 41 30
2 40 30
2 39 30
0 38 30
0 6 42
1 40 4
5 40 3
2 39 3
2 38 3
0 37 3
0 23 43
0 21 26
5 22 26
3 22 27
2 23 27
2 24 27
2 25 27
0 26 27
1 23 44
3 23 45
0 24 45
1 24 46
1 24 47
0 24 48
0 18 43
1 37 4
1 37 5
1 37 6
1 37 7
1 37 8
4 37 9
2 36 9
2 35 9
2 34 9
2 33 9
2 32 9
0 31 9
0 10 29
0 34 9
0 44 35
1 6 41
1 6 40
1 6 39
1 6 38
0 6 37
0 42 11
2 45 35
2 46 35
0 47 35
0 17 24
0 14 27
0 25 38
2 30 9
2 29 9
0 28 9
0 42 16
0 43 13
0 43 30
0 37 7
2 37 30
2 36 30
0 35 30
0 12 31
2 27 9
2 26 9
0 25 9
1 35 29
1 35 28
0 35 27
0 10 26
0 23 33
0 2 10
0 3 42
0 41 37
0 14 22
2 43 11
2 44 11
2 45 11
2 46 11
0 47 11
0 29 9
0 22 29
0 11 45
0 15 45
2 24 9
2 23 9
2 22 9
0 21 9
1 47 10
1 47 9
0 47 8
0 3 4
1 31 8
1 31 7
1 31 6
0 31 5
0 9 19
0 17 45
0 40 3
1 47 34
1 47 33
6 47 32
0 48 32
2 44 30
0 45 30
1 21 10
1 21 11
1 21 12
1 21 13
1 21 14
0 21 15
2 20 15
0 19 15
1 19 14
1 19 13
5 19 12
2 18 12
2 17 12
0 16 12
0 42 23
1 34 10
0 34 11
2 34 30
2 33 30
2 32 30
0 31 30
0 23 48
0 9 10
0 7 8
2 36 3
2 35 3
0 34 3
1 44 38
1 44 39
0 44 40
1 34 12
1 34 13
0 34 14
4 10 10
0 10 9
1 12 32
3 12 33
2 13 33
2 14 33
0 15 33
2 43 40
2 42 40
0 41 40
2 4 2
2 5 2
0 6 2
2 40 40
0 39 40
1 28 10
1 28 11
0 28 12
0 37 37
2 22 15
0 23 15
1 9 41
6 9 40
2 10 40
0 11 40
0 16 33
1 34 15
1 34 16
4 34 17
2 33 17
0 32 17
3 23 16
0 24 16
1 3 28
1 3 29
1 3 30
4 3 31
0 2 31
1 3 26
1 3 25
1 3 24
0 3 23
0 34 27
4 22 30
2 21 30
2 20 30
0 19 30
0 5 5
1 38 31
1 38 32
3 38 33
0 39 33
0 23 14
0 3 22
1 4 13
0 4 14
1 40 2
1 40 1
0 40 0
2 4 22
0 5 22
0 26 28
1 2 32
1 2 33
1 2 34
0 2 35
1 21 8
5 21 7
0 20 7
1 24 17
1 24 18
1 24 19
1 24 20
1 24 21
0 24 22
0 49 32
1 32 18
4 32 19
2 31 19
2 30 19
2 29 19
0 28 19
1 11 39
1 11 38
0 11 37
0 40 7
1 28 20
3 28 21
0 29 21
0 26 38
0 42 9
1 31 31
0 31 32
1 3 41
0 3 40
0 7 2
1 6 36
1 6 35
0 6 34
0 26 39
0 43 33
5 3 39
0 2 39
1 18 42
1 18 41
1 18 40
0 18 39
5 34 2
2 33 2
0 32 2
0 22 38
1 20 6
1 20 5
1 20 4
5 20 3
0 19 3
2 43 23
2 44 23
0 45 23
2 25 45
2 26 45
2 27 45
0 28 45
1 17 46
1 17 47
1 17 48
3 17 49
0 18 49
0 31 33
0 25 10
1 10 8
0 10 7
2 2 23
0 1 23
2 18 15
2 17 15
2 16 15
2 15 15
0 14 15
1 35 26
0 35 25
1 19 2
0 19 1
2 27 27
2 28 27
0 29 27
2 2 47
2 1 47
0 0 47
6 3 14
4 3 15
0 2 15
5 35 14
1 35 15
1 35 16
1 35 17
0 35 18
2 5 14
2 6 14
2 7 14
0 8 14
6 11 36
0 12 36
2 45 40
2 46 40
0 47 40
1 19 16
1 19 17
1 19 18
0 19 19
2 41 3
2 42 3
0 43 3
2 44 3
0 45 3
2 9 29
0 8 29
5 3 1
0 2 1
0 37 2
2 43 16
2 44 16
0 45 16
2 6 22
0 7 22
1 45 22
1 45 21
5 45 20
0 44 20
0 16 32
2 20 1
2 21 1
2 22 1
2 23 1
0 24 1
6 41 23
4 41 24
0 40 24
6 41 13
4 41 14
0 40 14
0 10 46
1 25 8
6 25 7
0 26 7
1 40 23
5 40 22
2 39 22
0 38 22
2 29 45
5 30 45
3 30 46
2 31 46
2 32 46
0 33 46
0 47 7
3 26 40
2 27 40
2 28 40
2 29 40
2 30 40
0 31 40
2 18 3
2 17 3
2 16 3
0 15 3
2 34 25
2 33 25
0 32 25
1 31 34
1 31 35
3 31 36
2 32 36
0 33 36
2 24 33
2 25 33
0 26 33
6 44 19
2 45 19
5 46 19
0 46 20
-1
-1
-1
-1
-1
-1
-1
-1
-1
-1
-1
-1
-1
-1
-1
-1
-1
-1
-1
-1
-1
-1
-1
-1
-1
-1
-1
-1
-1
-1
-1
-1
-1
-1
-1
-1
-1
-1
-1
-1
-1
-1
-1
-1
-1
-1
-1
-1
-1
-1
-1
-1
-1
-1
-1
-1
-1
-1
-1
-1
-1
-1
-1
-1
-1
-1
-1
-1
-1
-1
-1
-1
-1
-1
-1
-1
-1
-1
-1
-1
-1
-1
-1
-1
-1
-1
-1
-1
-1
-1
-1
-1
-1
-1
-1
-1
-1
-1
-1
-1
-1
-1
-1
-1
-1
-1
-1
-1
-1
-1
-1
-1
-1
-1
-1
-1
-1
-1
-1
-1
-1
-1
-1
-1
-1
-1
-1
-1
-1
-1
-1
-1
-1
-1
-1
-1
-1
-1
-1
-1
-1
-1
-1
-1
-1
-1
-1
-1
-1
-1
-1
-1
-1
-1
-1
-1
-1
-1
-1
-1
-1
-1
-1
-1
-1
-1
-1
-1
-1
-1
-1
-1
-1
-1
-1
-1
-1
-1
-1
-1
-1
-1
-1
-1
-1
-1
-1
-1
-1
-1
-1
-1
-1
-1
-1
-1
-1
-1
-1
-1
-1
-1
