0 20 30
2 21 30
2 22 30
2 23 30
2 24 30
2 25 30
2 26 30
2 27 30
5 28 30
1 28 31
1 28 32
1 28 33
1 28 34
1 28 35
1 28 36
1 28 37
1 28 38
1 28 39
3 28 40
2 29 40
2 30 40
2 31 40
2 32 40
2 33 40
5 34 40
1 34 41
1 34 42
3 34 43
2 35 43
5 36 43
1 36 44
1 36 45
1 36 46
3 36 47
2 37 47
5 38 47
3 38 48
2 39 48
2 40 48
2 41 48
0 42 48
1 20 29
1 20 28
1 20 27
1 20 26
5 20 25
2 19 25
2 18 25
3 17 25
1 17 24
1 17 23
1 17 22
5 17 21
2 16 21
2 15 21
3 14 21
1 14 20
1 14 19
5 14 18
2 13 18
-1
-1
-1
-1
-1
-1
-1
-1
-1
-1
-1
-1
-1
-1
-1
-1
-1
-1
-1
-1
-1
-1
-1
-1
-1
-1
-1
-1
-1
-1
-1
-1
-1
-1
-1
-1
-1
-1
-1
-1
-1
-1
-1
-1
-1
-1
-1
-1
-1
-1
-1
-1
-1
0 12 18
1 12 17
5 12 16
2 11 16
2 10 16
2 9 16
-1
-1
-1
-1
-1
-1
-1
-1
-1
-1
-1
-1
-1
-1
-1
-1
-1
-1
-1
-1
-1
-1
-1
-1
-1
-1
-1
0 8 16
2 43 48
2 44 48
2 45 48
2 46 48
4 47 48
1 47 47
1 47 46
-1
-1
-1
-1
-1
-1
-1
-1
-1
-1
-1
-1
-1
-1
-1
-1
-1
0 47 45
-1
-1
-1
-1
-1
-1
-1
-1
-1
-1
-1
-1
-1
0 34 40
1 8 17
1 8 18
1 8 19
1 8 20
1 8 21
-1
-1
-1
-1
-1
-1
0 8 22
2 7 22
2 6 22
2 5 22
6 4 22
1 4 23
1 4 24
4 4 25
2 3 25
2 2 25
-1
0 1 25
1 1 26
1 1 27
1 1 28
1 1 29
3 1 30
5 2 30
1 2 31
1 2 32
1 2 33
1 2 34
3 2 35
2 3 35
5 4 35
1 4 36
1 4 37
3 4 38
2 5 38
0 6 38
0 36 46
1 8 15
1 8 14
1 8 13
6 8 12
2 9 12
2 10 12
2 11 12
0 12 12
1 42 47
1 42 46
1 42 45
-1
0 42 44
1 12 11
1 12 10
1 12 9
1 12 8
1 12 7
1 12 6
1 12 5
6 12 4
4 13 4
0 13 3
-1
0 29 40
2 7 16
2 6 16
2 5 16
2 4 16
2 3 16
0 2 16
1 34 39
6 34 38
2 35 38
2 36 38
4 37 38
1 37 37
6 37 36
2 38 36
4 39 36
1 39 35
0 39 34
0 14 21
0 23 30
1 20 31
1 20 32
1 20 33
3 20 34
0 21 34
2 40 34
2 41 34
2 42 34
2 43 34
0 44 34
0 28 36
1 2 15
1 2 14
1 2 13
1 2 12
1 2 11
1 2 10
0 2 9
1 44 33
1 44 32
1 44 31
1 44 30
1 44 29
0 44 28
0 44 27
0 8 20
0 36 43
6 19 30
1 19 31
4 19 32
2 18 32
0 17 32
0 17 25
2 12 3
0 11 3
6 2 8
2 3 8
2 4 8
2 5 8
2 6 8
0 7 8
0 20 28
0 37 38
3 12 13
0 13 13
1 44 35
1 44 36
1 44 37
1 44 38
0 44 39
0 9 12
2 16 32
2 15 32
2 14 32
0 13 32
0 2 13
0 13 31
4 13 33
2 12 33
2 11 33
2 10 33
0 9 33
0 12 8
0 38 47
0 11 16
1 44 26
5 44 25
2 43 25
0 42 25
0 48 45
0 2 30
1 42 24
1 42 23
6 42 22
0 43 22
0 17 21
0 28 30
1 28 29
0 28 28
0 2 35
1 28 27
1 28 26
0 28 25
0 13 4
1 6 39
1 6 40
1 6 41
1 6 42
0 6 43
1 6 44
0 6 45
0 6 16
0 4 35
0 7 20
1 43 21
1 43 20
1 43 19
6 43 18
2 44 18
0 45 18
0 45 17
1 45 16
1 45 15
1 45 14
1 45 13
1 45 12
1 45 11
1 45 10
1 45 9
1 45 8
1 45 7
6 45 6
4 46 6
1 46 5
1 46 4
6 46 3
2 47 3
0 48 3
0 20 26
1 6 46
1 6 47
0 6 48
1 48 2
1 48 1
5 48 0
0 47 0
1 21 35
1 21 36
0 21 37
1 23 31
3 23 32
0 24 32
0 46 6
1 21 38
1 21 39
1 21 40
1 21 41
4 21 42
2 20 42
2 19 42
2 18 42
0 17 42
1 17 20
1 17 19
0 17 18
0 46 3
2 18 18
2 19 18
2 20 18
0 21 18
0 21 17
2 14 4
2 15 4
2 16 4
2 17 4
0 18 4
6 45 3
4 45 4
0 44 4
1 18 3
6 18 2
0 19 2
0 34 38
1 29 41
1 29 42
0 29 43
1 17 17
1 17 16
0 17 15
0 18 15
1 34 37
0 34 36
4 6 49
2 5 49
2 4 49
2 3 49
0 2 49
2 21 26
2 22 26
2 23 26
0 24 26
4 29 44
2 28 44
2 27 44
0 26 44
1 34 35
5 34 34
2 33 34
0 32 34
0 39 36
0 43 39
1 14 22
0 14 23
1 24 25
1 24 24
0 24 23
0 24 22
2 37 43
2 38 43
0 39 43
0 4 8
0 17 43
2 16 43
0 15 43
2 1 13
0 0 13
1 15 44
0 15 45
2 16 15
0 15 15
2 7 48
0 8 48
6 27 36
1 27 37
0 27 38
1 43 23
3 43 24
2 44 24
2 45 24
2 46 24
0 47 24
2 45 34
0 46 34
1 18 14
1 18 13
6 18 12
2 19 12
0 20 12
3 41 25
5 41 24
2 40 24
0 39 24
1 20 11
1 20 10
0 20 9
2 45 28
2 46 28
2 47 28
2 48 28
0 49 28
1 13 30
1 13 29
0 13 28
1 2 29
6 2 28
2 3 28
2 4 28
2 5 28
0 6 28
2 21 12
0 22 12
3 44 17
1 44 16
0 44 15
5 22 37
1 22 38
1 22 39
3 22 40
0 23 40
2 22 17
2 23 17
2 24 17
0 25 17
1 2 36
1 2 37
1 2 38
3 2 39
0 3 39
2 12 28
2 11 28
0 10 28
1 39 23
1 39 22
1 39 21
1 39 20
0 39 19
2 26 17
2 27 17
2 28 17
2 29 17
2 30 17
0 31 17
0 20 8
2 29 25
2 30 25
2 31 25
2 32 25
0 33 25
1 4 7
1 4 6
1 4 5
1 4 4
1 4 3
1 4 2
0 4 1
1 44 5
4 44 6
2 43 6
2 42 6
0 41 6
1 9 34
3 9 35
5 10 35
3 10 36
0 11 36
1 20 7
6 20 6
2 21 6
2 22 6
2 23 6
2 24 6
2 25 6
2 26 6
2 27 6
0 28 6
1 15 46
1 15 47
3 15 48
2 16 48
0 17 48
5 30 43
1 30 44
1 30 45
1 30 46
1 30 47
0 30 48
-1
-1
-1
-1
-1
-1
-1
-1
-1
-1
-1
-1
-1
-1
-1
-1
-1
-1
-1
-1
-1
-1
-1
-1
-1
-1
-1
-1
-1
-1
-1
-1
-1
-1
-1
-1
-1
-1
-1
-1
-1
-1
-1
-1
-1
-1
-1
-1
-1
-1
-1
-1
-1
-1
-1
-1
-1
-1
-1
-1
-1
-1
-1
-1
-1
-1
-1
-1
-1
-1
-1
-1
-1
-1
-1
-1
-1
-1
-1
-1
-1
-1
-1
-1
-1
-1
-1
-1
-1
-1
-1
-1
-1
-1
-1
-1
-1
-1
-1
-1
-1
-1
-1
-1
-1
-1
-1
-1
-1
-1
-1
-1
-1
-1
-1
-1
-1
-1
-1
-1
-1
-1
-1
-1
-1
-1
-1
-1
-1
-1
-1
-1
-1
-1
-1
-1
-1
-1
-1
-1
-1
-1
-1
-1
-1
-1
-1
-1
-1
-1
-1
-1
-1
-1
-1
-1
-1
-1
-1
-1
-1
-1
-1
-1
-1
-1
-1
-1
-1
-1
-1
-1
-1
-1
-1
-1
-1
-1
-1
-1
-1
-1
-1
-1
-1
-1
-1
-1
-1
-1
-1
-1
-1
-1
-1
-1
-1
-1
-1
-1
-1
-1
