0 35 23
1 35 24
1 35 25
3 35 26
2 36 26
2 37 26
2 38 26
5 39 26
1 39 27
3 39 28
5 40 28
1 40 29
1 40 30
3 40 31
2 41 31
5 42 31
1 42 32
1 42 33
1 42 34
1 42 35
1 42 36
1 42 37
1 42 38
3 42 39
2 43 39
2 44 39
2 45 39
0 46 39
2 34 23
2 33 23
2 32 23
2 31 23
2 30 23
2 29 23
2 28 23
2 27 23
3 26 23
1 26 22
1 26 21
1 26 20
1 26 19
1 26 18
5 26 17
-1
-1
-1
-1
-1
-1
-1
-1
-1
-1
-1
-1
-1
-1
-1
-1
-1
-1
-1
-1
-1
-1
-1
-1
0 25 17
2 24 17
2 23 17
2 22 17
2 21 17
2 20 17
6 19 17
4 19 18
2 18 18
2 17 18
2 16 18
2 15 18
2 14 18
6 13 18
-1
-1
-1
-1
-1
-1
-1
-1
-1
-1
-1
-1
-1
0 13 19
1 46 38
1 46 37
1 46 36
5 46 35
-1
-1
-1
-1
-1
-1
-1
-1
-1
0 45 35
3 12 19
1 12 18
1 12 17
1 12 16
1 12 15
1 12 14
6 12 13
4 13 13
6 13 12
2 14 12
4 15 12
1 15 11
1 15 10
0 15 9
-1
-1
-1
-1
0 42 33
6 15 8
2 16 8
2 17 8
4 18 8
-1
-1
0 18 7
1 25 18
4 25 19
2 24 19
2 23 19
0 22 19
1 13 20
1 13 21
4 13 22
2 12 22
0 11 22
2 41 33
2 40 33
2 39 33
2 38 33
2 37 33
2 36 33
2 35 33
0 34 33
2 19 7
2 20 7
2 21 7
2 22 7
0 23 7
1 23 6
5 23 5
0 22 5
0 23 8
1 34 34
1 34 35
1 34 36
1 34 37
4 34 38
0 33 38
0 18 6
1 33 39
1 33 40
1 33 41
3 33 42
2 34 42
2 35 42
0 36 42
1 36 43
1 36 44
0 36 45
4 36 46
2 35 46
2 34 46
0 33 46
0 22 20
5 18 5
2 17 5
2 16 5
0 15 5
0 12 13
0 26 23
0 34 42
0 40 28
0 40 31
0 12 15
0 15 12
2 14 9
0 13 9
2 16 12
0 17 12
2 24 7
2 25 7
2 26 7
0 27 7
0 35 26
4 28 7
1 28 6
1 28 5
0 28 4
0 42 37
1 22 4
0 22 3
0 19 17
0 32 23
2 47 39
0 48 39
1 25 16
1 25 15
6 25 14
2 26 14
0 27 14
1 17 13
0 17 14
2 32 46
0 31 46
1 48 38
0 48 37
0 26 21
3 41 37
5 41 36
0 40 36
2 37 45
2 38 45
0 39 45
2 40 45
2 41 45
0 42 45
2 18 12
0 19 12
1 48 40
1 48 41
0 48 42
0 26 24
2 34 26
0 33 26
2 28 14
2 29 14
0 30 14
1 30 13
1 30 12
0 30 11
2 32 38
2 31 38
0 30 38
0 39 26
1 11 23
1 11 24
0 11 25
1 15 4
1 15 3
0 15 2
2 12 9
2 11 9
0 10 9
1 48 43
0 48 44
1 11 26
1 11 27
0 11 28
2 27 21
2 28 21
0 29 21
1 29 20
0 29 19
6 30 10
2 31 10
0 32 10
1 35 22
1 35 21
6 35 20
0 36 20
6 36 41
0 37 41
1 11 29
1 11 30
1 11 31
1 11 32
1 11 33
1 11 34
1 11 35
0 11 36
2 33 10
2 34 10
2 35 10
0 36 10
0 11 31
1 36 9
1 36 8
0 36 7
2 37 7
2 38 7
2 39 7
2 40 7
0 41 7
1 11 37
1 11 38
1 11 39
1 11 40
3 11 41
0 12 41
1 41 6
1 41 5
1 41 4
5 41 3
0 40 3
2 41 28
0 42 28
2 13 41
0 14 41
2 29 38
2 28 38
2 27 38
0 26 38
2 29 4
2 30 4
2 31 4
0 32 4
2 10 36
2 9 36
2 8 36
2 7 36
2 6 36
0 5 36
0 43 39
2 14 2
0 13 2
0 13 22
1 5 37
0 5 38
2 39 31
2 38 31
0 37 31
0 4 38
2 43 28
2 44 28
2 45 28
0 46 28
0 35 7
1 10 8
1 10 7
1 10 6
0 10 5
1 46 29
0 46 30
2 32 26
2 31 26
0 30 26
0 29 18
0 18 8
2 25 38
2 24 38
0 23 38
0 10 25
0 10 4
4 42 7
6 42 6
2 43 6
2 44 6
2 45 6
2 46 6
0 47 6
0 10 36
1 22 2
0 22 1
0 47 5
1 30 27
1 30 28
1 30 29
0 30 30
0 28 7
1 47 7
1 47 8
0 47 9
1 26 39
1 26 40
1 26 41
3 26 42
0 27 42
1 5 35
1 5 34
0 5 33
2 9 5
2 8 5
0 7 5
1 40 2
0 40 1
1 27 43
0 27 44
1 12 42
1 12 43
1 12 44
0 12 45
1 4 39
0 4 40
1 4 41
1 4 42
1 4 43
4 4 44
0 3 44
0 11 45
2 14 22
2 15 22
0 16 22
4 11 46
2 10 46
0 9 46
1 36 11
3 36 12
0 37 12
0 36 19
1 30 37
1 30 36
0 30 35
1 42 46
0 42 47
2 26 44
2 25 44
0 24 44
2 12 28
2 13 28
0 14 28
0 28 3
1 14 40
1 14 39
0 14 38
2 15 28
2 16 28
0 17 28
2 43 47
2 44 47
0 45 47
0 36 18
2 4 33
2 3 33
0 2 33
0 47 10
2 6 5
0 5 5
1 47 11
1 47 12
1 47 13
0 47 14
0 15 18
2 38 12
2 39 12
2 40 12
0 41 12
2 15 38
2 16 38
0 17 38
0 8 46
3 19 13
5 20 13
3 20 14
0 21 14
1 23 37
0 23 36
5 13 1
0 12 1
0 17 29
0 23 35
0 23 34
3 29 35
5 29 34
0 28 34
1 23 33
1 23 32
0 23 31
2 46 14
0 45 14
1 5 32
1 5 31
1 5 30
1 5 29
0 5 28
2 23 1
2 24 1
0 25 1
1 42 44
0 42 43
2 37 19
2 38 19
2 39 19
0 40 19
1 2 32
5 2 31
0 1 31
5 5 4
2 4 4
0 3 4
2 22 14
0 23 14
4 31 47
0 30 47
1 46 27
0 46 26
1 46 25
1 46 24
1 46 23
0 46 22
1 5 27
1 5 26
1 5 25
5 5 24
0 4 24
1 4 23
1 4 22
1 4 21
1 4 20
1 4 19
1 4 18
0 4 17
6 4 16
2 5 16
0 6 16
0 34 37
1 45 15
4 45 16
0 44 16
0 4 21
1 23 39
1 23 40
0 23 41
1 14 37
1 14 36
0 14 35
1 47 4
1 47 3
0 47 2
2 36 23
2 37 23
0 38 23
3 30 15
2 31 15
2 32 15
0 33 15
0 32 9
6 15 1
2 16 1
0 17 1
1 41 13
0 41 14
0 46 21
2 23 44
2 22 44
2 21 44
2 20 44
0 19 44
2 24 31
0 25 31
0 45 26
1 24 45
1 24 46
1 24 47
0 24 48
2 23 48
2 22 48
2 21 48
0 20 48
1 48 36
1 48 35
1 48 34
0 48 33
2 19 48
2 18 48
0 17 48
1 16 23
0 16 24
0 49 33
0 30 28
1 26 25
1 26 26
0 26 27
1 6 15
1 6 14
0 6 13
1 6 12
0 6 11
0 17 24
0 11 13
1 9 47
0 9 48
1 33 47
0 33 48
0 36 26
2 10 31
2 9 31
0 8 31
2 39 36
0 38 36
2 39 1
2 38 1
0 37 1
4 15 6
2 14 6
0 13 6
6 36 17
0 37 17
1 22 21
1 22 22
0 22 23
2 5 11
2 4 11
2 3 11
2 2 11
0 1 11
1 14 34
6 14 33
0 15 33
2 2 4
0 1 4
0 24 46
1 1 12
0 1 13
1 46 20
0 46 19
1 3 45
4 3 46
0 2 46
4 34 15
0 34 14
2 5 40
0 6 40
1 11 44
5 11 43
0 10 43
1 7 4
1 7 3
6 7 2
0 8 2
3 46 5
5 46 4
2 45 4
0 44 4
1 39 46
0 39 47
2 18 29
2 19 29
0 20 29
6 3 17
4 3 18
2 2 18
0 1 18
6 11 15
1 11 16
4 11 17
0 10 17
4 47 26
0 47 25
2 3 24
2 2 24
0 1 24
2 39 23
0 40 23
2 21 23
0 20 23
2 9 25
0 8 25
0 13 13
3 22 41
5 22 40
0 21 40
0 19 6
3 23 9
2 24 9
0 25 9
3 33 27
0 34 27
-1
-1
-1
-1
-1
-1
-1
-1
-1
-1
-1
-1
-1
-1
-1
-1
-1
-1
-1
-1
-1
-1
-1
-1
-1
-1
-1
-1
-1
-1
-1
-1
-1
-1
-1
-1
-1
-1
-1
-1
-1
-1
-1
-1
-1
-1
-1
-1
-1
-1
-1
-1
-1
-1
-1
-1
-1
-1
-1
-1
-1
-1
-1
-1
-1
-1
-1
-1
-1
-1
-1
-1
-1
-1
-1
-1
-1
-1
-1
-1
-1
-1
-1
-1
-1
-1
-1
-1
-1
-1
-1
-1
-1
-1
-1
-1
-1
-1
-1
-1
-1
-1
-1
-1
-1
-1
-1
-1
-1
-1
-1
-1
-1
-1
-1
-1
-1
-1
-1
-1
-1
-1
-1
