0 4 46
6 4 45
2 5 45
2 6 45
4 7 45
1 7 44
1 7 43
1 7 42
1 7 41
6 7 40
2 8 40
2 9 40
2 10 40
2 11 40
2 12 40
2 13 40
2 14 40
2 15 40
2 16 40
2 17 40
2 18 40
2 19 40
2 20 40
2 21 40
2 22 40
2 23 40
2 24 40
4 25 40
1 25 39
6 25 38
2 26 38
2 27 38
2 28 38
4 29 38
1 29 37
1 29 36
1 29 35
1 29 34
1 29 33
1 29 32
0 29 31
2 30 31
4 31 31
1 31 30
1 31 29
1 31 28
1 31 27
1 31 26
1 31 25
1 31 24
1 31 23
6 31 22
4 32 22
0 32 21
1 32 20
1 32 19
1 32 18
1 32 17
1 32 16
1 32 15
1 32 14
1 32 13
1 32 12
1 32 11
1 32 10
1 32 9
1 32 8
5 32 7
3 31 7
1 31 6
-1
-1
0 31 5
3 3 46
1 3 45
5 3 44
3 2 44
1 2 43
-1
-1
-1
-1
-1
0 2 42
-1
-1
-1
-1
-1
-1
0 7 44
4 33 21
1 33 20
6 33 19
2 34 19
2 35 19
0 36 19
1 31 4
5 31 3
3 30 3
0 30 2
2 29 2
2 28 2
6 27 2
1 27 3
0 27 4
-1
0 31 28
2 32 28
2 33 28
2 34 28
5 35 28
0 35 29
0 2 43
4 4 47
2 3 47
0 2 47
1 35 30
1 35 31
1 35 32
1 35 33
0 35 34
0 31 6
0 2 44
2 31 21
2 30 21
2 29 21
0 28 21
0 29 34
5 5 46
1 5 47
3 5 48
0 6 48
2 28 31
2 27 31
0 26 31
0 26 38
1 26 30
1 26 29
0 26 28
1 26 27
1 26 26
0 26 25
0 6 49
0 25 25
0 10 40
0 7 40
0 1 47
0 32 22
2 37 19
0 38 19
1 38 20
1 38 21
1 38 22
0 38 23
0 27 2
0 21 40
0 38 24
0 16 40
2 39 24
2 40 24
0 41 24
2 42 24
2 43 24
2 44 24
2 45 24
2 46 24
0 47 24
2 24 25
2 23 25
0 22 25
0 21 25
2 26 2
0 25 2
0 29 38
0 32 19
1 29 39
1 29 40
1 29 41
1 29 42
1 29 43
1 29 44
1 29 45
0 29 46
2 30 46
0 31 46
0 39 19
2 32 46
2 33 46
2 34 46
2 35 46
2 36 46
0 37 46
0 37 47
2 38 47
2 39 47
2 40 47
0 41 47
2 42 47
4 43 47
1 43 46
1 43 45
0 43 44
0 33 28
0 43 43
0 32 5
0 32 15
1 39 18
1 39 17
1 39 16
1 39 15
0 39 14
1 39 13
1 39 12
1 39 11
1 39 10
0 39 9
2 40 9
0 41 9
2 36 34
2 37 34
0 38 34
1 41 8
6 41 7
2 42 7
2 43 7
2 44 7
0 45 7
0 38 9
1 43 42
1 43 41
0 43 40
0 28 22
2 7 49
2 8 49
2 9 49
2 10 49
2 11 49
2 12 49
2 13 49
0 14 49
0 30 38
0 33 22
1 45 6
1 45 5
1 45 4
5 45 3
0 44 3
4 26 32
2 25 32
2 24 32
0 23 32
0 15 49
1 47 23
0 47 22
1 16 39
1 16 38
5 16 37
0 15 37
0 32 11
2 31 38
0 32 38
1 47 21
1 47 20
1 47 19
0 47 18
0 25 40
1 44 2
0 44 1
1 36 18
0 36 17
1 25 41
1 25 42
0 25 43
0 31 47
2 43 1
2 42 1
0 41 1
1 23 33
1 23 34
0 23 35
0 35 28
0 37 9
2 40 1
2 39 1
0 38 1
1 45 8
1 45 9
1 45 10
0 45 11
0 34 22
0 45 12
0 31 25
4 25 44
2 24 44
0 23 44
1 21 24
1 21 23
1 21 22
1 21 21
5 21 20
2 20 20
2 19 20
0 18 20
2 17 20
2 16 20
0 15 20
1 15 19
1 15 18
1 15 17
1 15 16
0 15 15
1 30 1
0 30 0
5 33 11
3 33 12
0 34 12
0 7 39
2 16 15
0 17 15
0 35 12
2 14 15
0 13 15
6 17 14
0 18 14
2 37 1
2 36 1
0 35 1
0 31 31
0 35 2
1 15 48
1 15 47
6 15 46
0 16 46
2 42 40
2 41 40
0 40 40
1 7 38
1 7 37
0 7 36
0 31 7
2 44 44
2 45 44
0 46 44
2 43 3
0 42 3
0 21 20
1 7 35
1 7 34
1 7 33
0 7 32
0 33 46
5 47 17
0 46 17
2 22 20
0 23 20
1 23 19
0 23 18
2 45 1
2 46 1
0 47 1
6 6 36
4 6 37
2 5 37
2 4 37
0 3 37
0 23 17
1 3 36
5 3 35
2 2 35
0 1 35
1 23 16
1 23 15
1 23 14
0 23 13
0 13 40
0 39 40
1 7 31
0 7 30
3 46 45
0 47 45
5 36 29
3 36 30
2 37 30
0 38 30
6 7 29
2 8 29
2 9 29
2 10 29
0 11 29
2 46 12
0 47 12
1 11 28
1 11 27
1 11 26
5 11 25
0 10 25
1 15 36
0 15 35
1 23 12
1 23 11
1 23 10
0 23 9
2 9 25
2 8 25
0 7 25
0 7 24
0 18 21
2 6 24
2 5 24
2 4 24
2 3 24
0 2 24
2 30 7
0 29 7
4 24 9
1 24 8
0 24 7
6 6 32
0 6 33
0 2 23
1 41 25
0 41 26
1 13 16
0 13 17
0 29 42
0 38 2
0 23 36
1 1 34
1 1 33
1 1 32
1 1 31
5 1 30
0 0 30
1 15 14
1 15 13
0 15 12
1 28 20
1 28 19
1 28 18
0 28 17
0 29 17
1 15 34
1 15 33
1 15 32
0 15 31
1 38 35
0 38 36
2 38 40
0 37 40
4 46 7
1 46 6
6 46 5
2 47 5
0 48 5
0 23 15
0 37 48
0 48 12
1 15 11
5 15 10
2 14 10
2 13 10
0 12 10
1 12 9
1 12 8
1 12 7
0 12 6
1 2 22
1 2 21
1 2 20
0 2 19
2 27 22
0 26 22
2 11 10
2 10 10
0 9 10
1 12 5
0 12 4
1 43 39
1 43 38
6 43 37
0 44 37
3 44 38
2 45 38
2 46 38
0 47 38
0 47 39
2 11 6
2 10 6
2 9 6
0 8 6
1 47 46
1 47 47
0 47 48
2 8 44
2 9 44
0 10 44
1 32 39
1 32 40
3 32 41
0 33 41
2 45 17
2 44 17
0 43 17
0 29 47
1 2 18
1 2 17
1 2 16
0 2 15
1 29 8
0 29 9
1 15 21
4 15 22
0 14 22
2 3 15
2 4 15
0 5 15
0 28 46
2 6 15
2 7 15
0 8 15
1 41 27
1 41 28
3 41 29
2 42 29
2 43 29
0 44 29
1 8 16
1 8 17
0 8 18
6 44 28
2 45 28
0 46 28
5 2 14
3 1 14
5 1 13
0 0 13
1 35 27
1 35 26
0 35 25
2 12 17
0 11 17
1 8 5
1 8 4
1 8 3
1 8 2
6 8 1
0 9 1
1 37 8
1 37 7
0 37 6
1 28 16
1 28 15
5 28 14
0 27 14
0 26 29
6 15 30
2 16 30
0 17 30
1 0 12
1 0 11
1 0 10
1 0 9
1 0 8
1 0 7
1 0 6
0 0 5
0 45 28
1 17 29
1 17 28
1 17 27
0 17 26
2 23 7
2 22 7
2 21 7
2 20 7
2 19 7
0 18 7
1 39 20
0 39 21
1 47 37
1 47 36
1 47 35
1 47 34
0 47 33
1 18 6
1 18 5
0 18 4
4 23 45
6 22 45
0 22 46
1 5 14
1 5 13
5 5 12
2 4 12
0 3 12
-1
-1
-1
-1
-1
-1
-1
-1
-1
-1
-1
-1
-1
-1
-1
-1
-1
-1
-1
-1
-1
-1
-1
-1
-1
-1
-1
-1
-1
-1
-1
-1
-1
-1
-1
-1
-1
-1
-1
-1
-1
-1
-1
-1
-1
-1
-1
-1
-1
-1
-1
-1
-1
-1
-1
-1
-1
-1
-1
-1
-1
-1
-1
-1
-1
-1
-1
-1
-1
-1
-1
-1
-1
-1
-1
-1
-1
-1
-1
-1
-1
-1
-1
-1
-1
-1
-1
-1
-1
-1
-1
-1
-1
-1
-1
-1
-1
-1
-1
-1
-1
-1
-1
-1
-1
-1
-1
-1
-1
-1
-1
-1
-1
-1
-1
-1
-1
-1
-1
-1
-1
-1
-1
-1
-1
-1
-1
-1
-1
-1
-1
-1
-1
-1
-1
-1
-1
-1
-1
-1
-1
-1
-1
-1
-1
-1
-1
-1
-1
-1
-1
-1
-1
-1
-1
-1
-1
-1
-1
-1
-1
-1
-1
-1
-1
-1
-1
-1
-1
-1
-1
-1
-1
-1
-1
-1
-1
-1
-1
-1
-1
-1
-1
-1
-1
-1
-1
-1
-1
-1
-1
-1
-1
-1
-1
-1
-1
-1
-1
-1
-1
-1
-1
-1
