0 4 27
1 4 26
1 4 25
6 4 24
2 5 24
2 6 24
2 7 24
2 8 24
2 9 24
2 10 24
2 11 24
2 12 24
2 13 24
2 14 24
2 15 24
2 16 24
2 17 24
2 18 24
2 19 24
4 20 24
6 20 23
2 21 23
2 22 23
2 23 23
2 24 23
2 25 23
2 26 23
2 27 23
2 28 23
2 29 23
2 30 23
2 31 23
2 32 23
0 33 23
1 33 22
1 33 21
-1
-1
1 33 20
-1
-1
6 33 19
-1
-1
2 34 19
-1
-1
2 35 19
-1
-1
2 36 19
-1
-1
-1
2 37 19
-1
-1
2 38 19
-1
-1
2 39 19
-1
-1
2 40 19
-1
-1
4 41 19
-1
-1
1 41 18
-1
-1
1 41 17
-1
-1
1 41 16
-1
-1
-1
1 41 15
-1
-1
1 41 14
-1
-1
1 41 13
-1
-1
1 41 12
-1
-1
1 41 11
-1
-1
6 41 10
-1
-1
-1
-1
-1
-1
-1
-1
-1
-1
-1
-1
-1
-1
-1
-1
-1
-1
-1
-1
-1
-1
-1
-1
-1
-1
-1
-1
-1
-1
-1
-1
-1
-1
-1
-1
-1
-1
-1
-1
-1
-1
-1
-1
-1
-1
-1
-1
-1
-1
-1
-1
-1
-1
-1
-1
-1
-1
-1
-1
-1
-1
-1
-1
-1
-1
-1
-1
-1
-1
-1
-1
-1
-1
-1
-1
-1
-1
-1
-1
-1
-1
-1
-1
-1
-1
-1
-1
-1
-1
-1
-1
-1
-1
-1
-1
-1
-1
-1
-1
-1
-1
-1
-1
-1
-1
-1
-1
-1
-1
-1
-1
-1
-1
-1
-1
-1
-1
-1
-1
-1
-1
-1
-1
-1
-1
-1
-1
-1
-1
-1
-1
-1
-1
-1
-1
-1
-1
-1
-1
-1
-1
-1
-1
-1
-1
-1
-1
-1
-1
-1
-1
-1
-1
-1
0 42 10
1 42 9
5 42 8
3 41 8
1 41 7
1 41 6
-1
-1
-1
-1
-1
-1
-1
-1
-1
-1
-1
-1
-1
-1
-1
-1
-1
-1
-1
-1
-1
-1
-1
-1
-1
-1
-1
-1
-1
-1
-1
-1
0 41 5
1 41 4
1 41 3
1 41 2
5 41 1
2 40 1
2 39 1
2 38 1
2 37 1
-1
-1
-1
-1
-1
-1
-1
-1
-1
-1
-1
-1
-1
-1
-1
-1
-1
-1
-1
0 36 1
1 4 28
1 4 29
1 4 30
1 4 31
1 4 32
1 4 33
1 4 34
1 4 35
1 4 36
1 4 37
1 4 38
3 4 39
2 5 39
2 6 39
5 7 39
1 7 40
1 7 41
1 7 42
1 7 43
-1
-1
-1
-1
-1
-1
-1
0 7 44
2 6 44
2 5 44
2 4 44
2 3 44
-1
-1
-1
-1
-1
-1
-1
-1
-1
0 2 44
1 33 24
1 33 25
1 33 26
1 33 27
3 33 28
2 34 28
-1
-1
-1
-1
-1
-1
0 35 28
1 2 45
1 2 46
3 2 47
2 3 47
-1
-1
-1
-1
-1
-1
0 4 47
2 35 1
2 34 1
2 33 1
2 32 1
2 31 1
2 30 1
2 29 1
2 28 1
2 27 1
2 26 1
2 25 1
6 24 1
1 24 2
1 24 3
1 24 4
1 24 5
1 24 6
1 24 7
1 24 8
1 24 9
1 24 10
1 24 11
1 24 12
1 24 13
1 24 14
1 24 15
1 24 16
0 24 17
0 41 19
1 42 11
1 42 12
1 42 13
3 42 14
0 43 14
4 35 29
2 34 29
2 33 29
3 32 29
1 32 28
5 32 27
0 31 27
-1
-1
-1
-1
-1
0 4 24
1 31 28
1 31 29
1 31 30
1 31 31
1 31 32
0 31 33
1 31 34
1 31 35
3 31 36
5 32 36
1 32 37
1 32 38
3 32 39
2 33 39
2 34 39
2 35 39
2 36 39
0 37 39
-1
0 7 39
1 37 38
1 37 37
1 37 36
6 37 35
2 38 35
0 39 35
4 8 44
6 8 43
2 9 43
2 10 43
2 11 43
0 12 43
-1
-1
-1
0 32 36
1 7 38
1 7 37
1 7 36
1 7 35
6 7 34
2 8 34
2 9 34
0 10 34
2 23 17
2 22 17
0 21 17
1 10 33
1 10 32
0 10 31
4 11 31
1 11 30
1 11 29
1 11 28
0 11 27
1 37 40
1 37 41
1 37 42
1 37 43
3 37 44
0 38 44
-1
0 24 1
2 39 44
2 40 44
2 41 44
0 42 44
5 42 5
3 42 6
-1
0 43 6
1 21 16
1 21 15
1 21 14
1 21 13
5 21 12
0 20 12
0 12 42
1 39 34
1 39 33
6 39 32
2 40 32
2 41 32
0 42 32
0 41 8
3 42 33
2 43 33
2 44 33
2 45 33
0 46 33
-1
0 32 39
6 35 27
2 36 27
2 37 27
2 38 27
0 39 27
0 20 24
1 4 23
5 4 22
2 3 22
0 2 22
5 24 0
2 23 0
2 22 0
2 21 0
2 20 0
2 19 0
2 18 0
2 17 0
2 16 0
2 15 0
0 14 0
3 24 18
2 25 18
2 26 18
2 27 18
2 28 18
0 29 18
1 29 17
1 29 16
1 29 15
1 29 14
1 29 13
1 29 12
5 29 11
0 28 11
-1
-1
-1
-1
-1
-1
-1
-1
-1
-1
-1
-1
-1
-1
-1
-1
-1
-1
-1
-1
-1
-1
-1
-1
-1
-1
-1
-1
-1
-1
-1
-1
-1
-1
-1
-1
-1
-1
-1
-1
-1
-1
-1
-1
-1
-1
-1
-1
-1
-1
-1
-1
-1
-1
-1
-1
-1
-1
-1
-1
-1
-1
-1
-1
-1
-1
-1
-1
-1
-1
-1
-1
-1
-1
-1
-1
-1
-1
-1
-1
-1
-1
-1
-1
-1
-1
-1
-1
-1
-1
-1
-1
-1
-1
-1
-1
-1
-1
-1
-1
-1
-1
-1
-1
-1
-1
-1
-1
-1
-1
-1
-1
-1
-1
-1
-1
-1
-1
-1
-1
-1
-1
-1
-1
-1
-1
-1
-1
-1
-1
-1
-1
-1
-1
-1
-1
-1
-1
-1
-1
-1
-1
-1
-1
-1
-1
-1
-1
-1
-1
-1
-1
-1
-1
-1
-1
-1
-1
-1
-1
-1
-1
-1
-1
-1
-1
-1
-1
-1
-1
-1
-1
-1
-1
-1
-1
-1
-1
-1
-1
-1
-1
-1
-1
-1
-1
-1
-1
-1
-1
-1
-1
-1
-1
-1
-1
-1
-1
-1
-1
-1
-1
-1
-1
-1
-1
-1
-1
-1
-1
-1
-1
-1
-1
-1
-1
-1
-1
-1
-1
-1
-1
-1
-1
-1
-1
-1
-1
-1
-1
-1
-1
-1
-1
-1
-1
-1
-1
-1
-1
-1
-1
-1
-1
