0 36 17
1 36 18
1 36 19
1 36 20
1 36 21
1 36 22
1 36 23
3 36 24
5 37 24
1 37 25
1 37 26
1 37 27
1 37 28
1 37 29
1 37 30
1 37 31
1 37 32
1 37 33
1 37 34
1 37 35
1 37 36
1 37 37
1 37 38
0 37 39
2 35 17
2 34 17
2 33 17
6 32 17
1 32 18
1 32 19
1 32 20
1 32 21
1 32 22
4 32 23
2 31 23
2 30 23
2 29 23
2 28 23
2 27 23
2 26 23
2 25 23
2 24 23
2 23 23
2 22 23
2 21 23
2 20 23
2 19 23
2 18 23
2 17 23
6 16 23
1 16 24
4 16 25
2 15 25
2 14 25
2 13 25
2 12 25
2 11 25
2 10 25
2 9 25
2 8 25
2 7 25
2 6 25
2 5 25
0 4 25
-1
-1
-1
-1
-1
-1
-1
-1
-1
-1
-1
-1
-1
-1
-1
-1
-1
-1
-1
-1
-1
-1
0 32 17
1 4 26
4 4 27
2 3 27
2 2 27
2 1 27
-1
-1
-1
-1
-1
-1
-1
-1
-1
-1
-1
-1
-1
-1
-1
-1
-1
-1
-1
-1
-1
-1
-1
-1
0 0 27
2 36 39
2 35 39
2 34 39
2 33 39
6 32 39
1 32 40
1 32 41
1 32 42
1 32 43
4 32 44
2 31 44
2 30 44
2 29 44
2 28 44
2 27 44
2 26 44
6 25 44
4 25 45
2 24 45
2 23 45
2 22 45
2 21 45
2 20 45
2 19 45
2 18 45
-1
-1
-1
-1
-1
-1
0 17 45
1 17 46
1 17 47
1 17 48
3 17 49
2 18 49
-1
-1
-1
-1
-1
-1
-1
-1
-1
-1
-1
-1
0 19 49
1 4 24
1 4 23
1 4 22
1 4 21
1 4 20
1 4 19
6 4 18
2 5 18
4 6 18
1 6 17
1 6 16
-1
-1
-1
-1
-1
0 6 15
1 6 14
1 6 13
1 6 12
1 6 11
1 6 10
1 6 9
1 6 8
5 6 7
2 5 7
-1
-1
-1
-1
0 4 7
2 37 17
4 38 17
1 38 16
1 38 15
1 38 14
1 38 13
1 38 12
1 38 11
-1
-1
0 38 10
-1
-1
-1
-1
-1
-1
-1
-1
0 19 23
1 0 28
1 0 29
1 0 30
3 0 31
2 1 31
2 2 31
2 3 31
2 4 31
-1
0 5 31
1 19 24
1 19 25
1 19 26
1 19 27
1 19 28
1 19 29
-1
-1
0 19 30
1 32 16
5 32 15
2 31 15
2 30 15
2 29 15
3 28 15
1 28 14
1 28 13
0 28 12
1 5 32
1 5 33
1 5 34
1 5 35
1 5 36
1 5 37
1 5 38
4 5 39
0 4 39
-1
-1
-1
0 32 39
6 28 11
2 29 11
2 30 11
2 31 11
2 32 11
-1
0 33 11
1 19 31
1 19 32
1 19 33
3 19 34
2 20 34
2 21 34
0 22 34
1 4 6
1 4 5
1 4 4
1 4 3
1 4 2
0 4 1
-1
-1
0 20 45
3 27 12
1 27 11
1 27 10
1 27 9
5 27 8
2 26 8
0 25 8
-1
-1
0 30 44
1 19 22
1 19 21
1 19 20
1 19 19
6 19 18
0 20 18
-1
0 2 31
1 30 45
1 30 46
4 30 47
2 29 47
0 28 47
1 17 44
1 17 43
1 17 42
1 17 41
6 17 40
0 18 40
0 32 22
1 33 10
1 33 9
6 33 8
4 34 8
1 34 7
0 34 6
0 15 25
4 33 22
6 33 21
-1
0 34 21
1 15 24
1 15 23
1 15 22
1 15 21
0 15 20
0 4 23
3 16 45
1 16 44
5 16 43
2 15 43
2 14 43
0 13 43
0 28 15
-1
0 23 34
1 23 33
6 23 32
2 24 32
2 25 32
0 26 32
0 6 18
1 25 7
1 25 6
1 25 5
1 25 4
1 25 3
6 25 2
2 26 2
0 27 2
0 25 23
0 37 30
0 38 17
1 37 40
1 37 41
1 37 42
0 37 43
0 19 27
1 18 39
1 18 38
0 18 37
2 5 1
2 6 1
0 7 1
0 34 8
2 3 39
6 2 39
1 2 40
1 2 41
1 2 42
0 2 43
0 37 38
2 27 15
2 26 15
0 25 15
0 6 13
5 30 43
2 29 43
2 28 43
2 27 43
0 26 43
0 37 24
2 3 7
0 2 7
1 20 17
1 20 16
1 20 15
0 20 14
2 19 40
2 20 40
0 21 40
0 19 33
5 32 38
0 31 38
1 2 44
0 2 45
0 24 45
2 38 43
0 39 43
1 13 44
1 13 45
1 13 46
1 13 47
0 13 48
1 20 13
0 20 12
6 14 20
1 14 21
4 14 22
0 13 22
2 7 13
2 8 13
0 9 13
5 6 31
1 6 32
3 6 33
2 7 33
2 8 33
0 9 33
1 31 37
0 31 36
5 27 1
2 26 1
2 25 1
6 24 1
4 24 2
2 23 2
2 22 2
0 21 2
6 9 12
2 10 12
0 11 12
0 20 30
1 11 11
1 11 10
0 11 9
3 36 43
0 36 42
1 9 32
1 9 31
6 9 30
0 10 30
2 12 43
2 11 43
0 10 43
1 11 8
1 11 7
1 11 6
6 11 5
2 12 5
0 13 5
0 2 39
1 2 46
0 2 47
2 5 13
2 4 13
2 3 13
2 2 13
0 1 13
2 38 38
2 39 38
2 40 38
4 41 38
6 41 37
2 42 37
2 43 37
2 44 37
2 45 37
2 46 37
2 47 37
0 48 37
2 33 6
0 32 6
3 28 48
2 29 48
2 30 48
2 31 48
0 32 48
-1
-1
-1
-1
-1
-1
-1
-1
-1
-1
-1
-1
-1
-1
-1
-1
-1
-1
-1
-1
-1
-1
-1
-1
-1
-1
-1
-1
-1
-1
-1
-1
-1
-1
-1
-1
-1
-1
-1
-1
-1
-1
-1
-1
-1
-1
-1
-1
-1
-1
-1
-1
-1
-1
-1
-1
-1
-1
-1
-1
-1
-1
-1
-1
-1
-1
-1
-1
-1
-1
-1
-1
-1
-1
-1
-1
-1
-1
-1
-1
-1
-1
-1
-1
-1
-1
-1
-1
-1
-1
-1
-1
-1
-1
-1
-1
-1
-1
-1
-1
-1
-1
-1
-1
-1
-1
-1
-1
-1
-1
-1
-1
-1
-1
-1
-1
-1
-1
-1
-1
-1
-1
-1
-1
-1
-1
-1
-1
-1
-1
-1
-1
-1
-1
-1
-1
-1
-1
-1
-1
-1
-1
-1
-1
-1
-1
-1
-1
-1
-1
-1
-1
-1
-1
-1
-1
-1
-1
-1
-1
-1
-1
-1
-1
-1
-1
-1
-1
-1
-1
-1
-1
-1
-1
-1
-1
-1
-1
-1
-1
-1
-1
-1
-1
-1
-1
-1
-1
-1
-1
-1
-1
-1
-1
-1
-1
-1
-1
-1
-1
-1
-1
-1
-1
-1
-1
-1
-1
-1
-1
-1
-1
-1
-1
-1
-1
-1
-1
-1
-1
-1
-1
-1
-1
-1
-1
-1
-1
-1
-1
-1
-1
-1
-1
-1
-1
-1
-1
-1
-1
-1
-1
-1
-1
-1
-1
-1
-1
-1
-1
-1
-1
-1
-1
-1
-1
-1
-1
-1
-1
-1
-1
-1
-1
-1
-1
-1
-1
-1
-1
-1
-1
-1
-1
-1
-1
-1
-1
-1
-1
-1
-1
-1
-1
-1
-1
-1
-1
-1
-1
-1
-1
-1
-1
-1
-1
-1
-1
-1
-1
-1
-1
-1
-1
-1
-1
-1
-1
-1
-1
-1
-1
-1
-1
-1
-1
-1
-1
-1
-1
