0 11 6
1 11 7
1 11 8
1 11 9
1 11 10
3 11 11
2 12 11
5 13 11
1 13 12
3 13 13
2 14 13
2 15 13
2 16 13
2 17 13
2 18 13
5 19 13
1 19 14
3 19 15
2 20 15
2 21 15
2 22 15
5 23 15
3 23 16
2 24 16
5 25 16
1 25 17
1 25 18
1 25 19
3 25 20
2 26 20
2 27 20
2 28 20
0 29 20
2 30 20
2 31 20
5 32 20
1 32 21
1 32 22
1 32 23
1 32 24
3 32 25
2 33 25
2 34 25
2 35 25
2 36 25
2 37 25
2 38 25
-1
-1
-1
-1
-1
-1
-1
-1
-1
-1
-1
-1
-1
-1
-1
-1
-1
-1
-1
-1
-1
-1
-1
-1
-1
-1
-1
-1
-1
-1
-1
0 39 25
2 40 25
2 41 25
2 42 25
-1
-1
-1
-1
-1
-1
-1
-1
-1
0 43 25
5 12 6
1 12 7
3 12 8
2 13 8
5 14 8
1 14 9
3 14 10
2 15 10
2 16 10
0 17 10
1 11 5
1 11 4
6 11 3
2 12 3
-1
0 13 3
1 43 24
1 43 23
5 43 22
2 42 22
-1
0 41 22
1 43 26
4 43 27
6 42 27
1 42 28
0 42 29
1 29 19
1 29 18
1 29 17
1 29 16
1 29 15
0 29 14
2 30 14
2 31 14
4 32 14
6 32 13
2 33 13
2 34 13
0 35 13
2 36 13
2 37 13
2 38 13
0 39 13
2 10 6
0 9 6
2 8 6
2 7 6
2 6 6
2 5 6
2 4 6
0 3 6
0 13 2
0 41 29
0 11 10
1 41 21
0 41 20
0 19 15
1 39 12
1 39 11
0 39 10
1 39 9
0 39 8
0 2 6
1 9 5
1 9 4
0 9 3
1 2 7
1 2 8
0 2 9
0 36 25
0 39 14
0 14 8
0 32 14
0 32 25
0 13 13
0 25 18
0 23 15
0 1 9
0 35 12
2 14 3
2 15 3
0 16 3
0 16 4
1 1 10
1 1 11
0 1 12
1 1 13
1 1 14
1 1 15
0 1 16
1 1 17
1 1 18
1 1 19
3 1 20
0 2 20
1 2 21
1 2 22
1 2 23
1 2 24
3 2 25
5 3 25
1 3 26
1 3 27
1 3 28
1 3 29
1 3 30
1 3 31
0 3 32
4 3 33
2 2 33
6 1 33
1 1 34
1 1 35
0 1 36
1 1 37
3 1 38
2 2 38
5 3 38
1 3 39
1 3 40
0 3 41
2 4 41
2 5 41
2 6 41
5 7 41
0 7 42
1 7 43
1 7 44
1 7 45
3 7 46
0 8 46
0 3 25
0 3 38
2 2 41
0 1 41
5 8 42
3 8 43
2 9 43
2 10 43
0 11 43
1 35 14
1 35 15
0 35 16
2 40 20
2 39 20
0 38 20
0 1 33
0 7 41
1 7 40
6 7 39
0 8 39
0 29 17
6 8 38
2 9 38
2 10 38
4 11 38
0 11 37
1 11 36
1 11 35
1 11 34
0 11 33
2 4 25
0 5 25
0 10 10
1 29 21
0 29 22
2 12 43
2 13 43
2 14 43
0 15 43
1 15 44
1 15 45
0 15 46
0 36 26
0 31 20
0 10 33
0 9 33
2 38 8
0 37 8
0 28 14
0 5 6
0 40 25
0 2 12
0 25 16
0 12 33
4 29 23
2 28 23
0 27 23
1 8 47
0 8 48
2 2 16
2 3 16
0 4 16
0 26 23
1 15 42
0 15 41
1 35 11
5 35 10
0 34 10
1 39 7
0 39 6
2 25 23
2 24 23
2 23 23
0 22 23
0 22 24
1 38 19
0 38 18
2 16 46
2 17 46
2 18 46
0 19 46
2 20 46
2 21 46
0 22 46
5 23 46
3 23 47
2 24 47
2 25 47
0 26 47
2 27 47
0 28 47
2 29 47
2 30 47
2 31 47
2 32 47
0 33 47
2 34 47
2 35 47
0 36 47
1 36 46
0 36 45
0 19 13
2 13 33
0 14 33
0 29 47
0 16 5
1 36 44
1 36 43
0 36 42
1 26 46
1 26 45
1 26 44
0 26 43
1 5 26
1 5 27
1 5 28
0 5 29
6 35 42
4 35 43
2 34 43
2 33 43
0 32 43
0 26 48
0 16 2
4 44 25
6 44 24
2 45 24
2 46 24
0 47 24
0 2 23
0 31 43
0 30 43
1 15 47
0 15 48
2 42 20
2 43 20
2 44 20
0 45 20
1 9 2
5 9 1
2 8 1
0 7 1
1 28 13
0 28 12
2 37 47
2 38 47
2 39 47
0 40 47
2 7 48
2 6 48
0 5 48
0 45 19
0 32 20
2 6 29
2 7 29
0 8 29
0 38 21
0 48 24
0 10 43
1 2 5
0 2 4
2 15 33
0 16 33
4 9 34
2 8 34
2 7 34
0 6 34
1 5 47
1 5 46
0 5 45
2 9 10
0 8 10
1 8 11
1 8 12
0 8 13
1 16 34
0 16 35
0 36 41
1 42 30
0 42 31
0 33 20
0 16 36
0 36 48
1 27 24
0 27 25
1 26 42
0 26 41
2 9 48
2 10 48
0 11 48
0 22 25
1 39 5
0 39 4
1 26 40
0 26 39
1 27 26
1 27 27
0 27 28
2 40 10
2 41 10
2 42 10
0 43 10
1 27 29
0 27 30
0 26 30
1 26 31
1 26 32
0 26 33
1 14 32
1 14 31
1 14 30
0 14 29
2 17 4
0 18 4
0 27 39
0 6 25
0 11 38
0 25 20
0 43 9
0 36 44
2 38 4
0 37 4
1 34 9
1 34 8
0 34 7
1 6 35
0 6 36
2 41 47
0 42 47
2 43 47
0 44 47
2 45 47
2 46 47
2 47 47
0 48 47
0 43 23
1 1 32
1 1 31
1 1 30
1 1 29
0 1 28
6 2 11
2 3 11
0 4 11
1 22 26
1 22 27
4 22 28
2 21 28
0 20 28
0 23 46
0 34 6
2 37 41
0 38 41
1 48 46
1 48 45
1 48 44
1 48 43
0 48 42
0 34 25
2 47 42
2 46 42
0 45 42
0 43 27
0 6 6
2 40 4
0 41 4
2 42 4
2 43 4
2 44 4
2 45 4
0 46 4
0 15 40
2 16 40
2 17 40
0 18 40
2 7 25
2 8 25
0 9 25
0 39 41
0 3 20
0 10 25
0 0 16
3 46 5
2 47 5
0 48 5
3 39 15
2 40 15
2 41 15
5 42 15
0 42 16
0 19 40
6 10 24
2 11 24
0 12 24
0 16 13
0 32 47
2 19 4
2 20 4
2 21 4
0 22 4
1 22 3
0 22 2
1 13 1
0 13 0
1 36 27
3 36 28
0 37 28
2 34 20
0 35 20
0 20 13
2 21 23
2 20 23
0 19 23
2 16 48
5 17 48
3 17 49
0 18 49
1 1 42
0 1 43
2 33 7
2 32 7
2 31 7
0 30 7
1 30 8
0 30 9
1 42 32
1 42 33
1 42 34
1 42 35
0 42 36
6 24 18
4 24 19
2 23 19
2 22 19
0 21 19
2 29 9
2 28 9
2 27 9
2 26 9
0 25 9
0 25 8
1 48 41
1 48 40
1 48 39
1 48 38
0 48 37
1 19 45
0 19 44
2 46 19
0 47 19
1 47 18
1 47 17
0 47 16
4 32 26
0 31 26
0 47 15
1 47 14
0 47 13
2 4 20
0 5 20
2 20 19
2 19 19
2 18 19
0 17 19
1 1 44
1 1 45
0 1 46
1 37 3
5 37 2
2 36 2
0 35 2
0 42 15
0 48 19
2 26 8
0 27 8
0 11 44
0 35 1
1 41 3
1 41 2
1 41 1
0 41 0
2 17 36
2 18 36
2 19 36
2 20 36
0 21 36
1 36 40
1 36 39
0 36 38
0 20 40
2 37 38
0 38 38
0 27 27
0 47 47
1 13 14
0 13 15
2 27 33
2 28 33
0 29 33
4 13 16
2 12 16
2 11 16
0 10 16
3 10 17
0 11 17
1 22 5
4 22 6
0 21 6
0 16 19
5 40 6
0 40 7
2 25 33
2 24 33
0 23 33
4 42 37
2 41 37
0 40 37
0 42 33
4 48 6
0 47 6
0 15 19
1 29 34
1 29 35
3 29 36
2 30 36
0 31 36
1 47 25
1 47 26
1 47 27
1 47 28
0 47 29
3 47 37
1 47 36
0 47 35
2 23 2
2 24 2
0 25 2
1 4 15
6 4 14
0 5 14
2 26 2
0 27 2
2 24 9
0 23 9
0 44 10
6 27 12
4 27 13
0 26 13
1 31 27
3 31 28
5 32 28
1 32 29
0 32 30
6 19 28
4 19 29
0 18 29
2 32 36
2 33 36
0 34 36
-1
-1
-1
-1
-1
-1
-1
-1
-1
-1
-1
-1
-1
-1
-1
-1
-1
-1
-1
-1
-1
-1
-1
-1
-1
-1
-1
-1
-1
-1
-1
-1
-1
-1
-1
-1
-1
-1
-1
-1
-1
-1
-1
-1
-1
-1
-1
-1
-1
-1
-1
-1
-1
-1
-1
-1
-1
-1
-1
-1
-1
-1
-1
-1
-1
-1
-1
-1
-1
-1
-1
-1
-1
-1
-1
-1
-1
-1
-1
-1
-1
-1
-1
-1
-1
-1
-1
-1
-1
-1
-1
-1
-1
-1
-1
-1
-1
-1
-1
-1
-1
-1
-1
-1
-1
-1
-1
-1
-1
-1
-1
-1
-1
-1
-1
-1
-1
