0 30 44
2 29 44
2 28 44
3 27 44
5 27 43
2 26 43
2 25 43
2 24 43
2 23 43
3 22 43
1 22 42
1 22 41
5 22 40
2 21 40
2 20 40
2 19 40
2 18 40
2 17 40
2 16 40
2 15 40
2 14 40
2 13 40
2 12 40
2 11 40
2 10 40
2 9 40
2 8 40
0 7 40
1 7 39
1 7 38
1 7 37
1 7 36
1 7 35
6 7 34
2 8 34
2 9 34
4 10 34
1 10 33
6 10 32
2 11 32
2 12 32
4 13 32
1 13 31
1 13 30
1 13 29
1 13 28
1 13 27
1 13 26
1 13 25
1 13 24
6 13 23
2 14 23
4 15 23
1 15 22
1 15 21
1 15 20
1 15 19
1 15 18
1 15 17
1 15 16
1 15 15
6 15 14
-1
-1
-1
-1
-1
-1
-1
-1
-1
-1
-1
-1
-1
-1
-1
-1
-1
-1
-1
-1
-1
-1
-1
-1
-1
-1
-1
-1
-1
-1
-1
-1
-1
-1
-1
-1
-1
-1
-1
0 16 14
2 17 14
2 18 14
2 19 14
2 20 14
2 21 14
2 22 14
2 23 14
2 24 14
2 25 14
2 26 14
2 27 14
2 28 14
2 29 14
2 30 14
2 31 14
2 32 14
2 33 14
2 34 14
2 35 14
4 36 14
6 36 13
-1
-1
-1
0 37 13
2 6 40
2 5 40
2 4 40
2 3 40
3 2 40
1 2 39
5 2 38
-1
-1
-1
-1
-1
-1
-1
0 1 38
1 30 45
4 30 46
2 29 46
2 28 46
2 27 46
-1
-1
-1
-1
-1
-1
0 26 46
2 38 13
2 39 13
2 40 13
2 41 13
2 42 13
2 43 13
-1
-1
0 44 13
1 1 37
1 1 36
1 1 35
1 1 34
6 1 33
2 2 33
2 3 33
2 4 33
0 5 33
1 30 43
5 30 42
3 29 42
1 29 41
1 29 40
1 29 39
0 29 38
4 31 44
1 31 43
6 31 42
-1
0 32 42
1 32 43
1 32 44
1 32 45
3 32 46
0 33 46
1 1 39
1 1 40
1 1 41
1 1 42
1 1 43
1 1 44
1 1 45
1 1 46
0 1 47
0 2 33
1 33 47
4 33 48
2 32 48
2 31 48
0 30 48
0 7 37
1 44 12
6 44 11
2 45 11
2 46 11
2 47 11
0 48 11
0 15 23
1 48 10
0 48 9
0 22 43
2 25 46
0 24 46
1 48 8
1 48 7
5 48 6
0 47 6
0 15 40
0 13 32
3 46 6
1 46 5
1 46 4
1 46 3
0 46 2
0 29 42
0 10 34
0 26 14
0 1 35
0 34 14
0 22 14
2 2 47
2 3 47
0 4 47
0 2 40
2 16 23
2 17 23
2 18 23
0 19 23
0 10 40
0 25 43
0 19 14
0 29 48
1 19 22
1 19 21
0 19 20
0 1 45
0 15 16
0 21 40
0 33 48
0 27 44
0 29 14
2 28 38
2 27 38
0 26 38
0 5 32
1 34 13
0 34 12
0 13 25
6 45 2
4 45 3
2 44 3
2 43 3
2 42 3
0 41 3
0 5 40
1 26 39
0 26 40
2 6 37
0 5 37
2 40 3
2 39 3
0 38 3
1 41 4
1 41 5
1 41 6
1 41 7
0 41 8
2 20 23
5 21 23
0 21 24
0 32 41
0 38 2
1 21 25
1 21 26
0 21 27
1 21 28
0 21 29
0 46 6
6 15 39
2 16 39
4 17 39
1 17 38
0 17 37
2 5 47
2 6 47
2 7 47
2 8 47
0 9 47
1 41 9
0 41 10
1 9 46
0 9 45
2 14 32
2 15 32
0 16 32
4 22 44
2 21 44
0 20 44
0 13 29
1 20 45
1 20 46
0 20 47
1 26 37
0 26 36
2 33 41
2 34 41
0 35 41
5 26 35
2 25 35
2 24 35
0 23 35
5 16 13
0 15 13
0 23 34
1 26 15
1 26 16
0 26 17
1 35 42
0 35 43
0 10 39
3 14 13
5 14 12
0 13 12
2 17 32
0 18 32
0 2 47
4 20 48
2 19 48
0 18 48
2 22 24
2 23 24
2 24 24
2 25 24
0 26 24
1 44 14
1 44 15
1 44 16
3 44 17
0 45 17
0 29 15
1 2 32
1 2 31
0 2 30
2 25 17
0 24 17
1 2 29
1 2 28
0 2 27
1 26 25
0 26 26
2 27 26
2 28 26
2 29 26
2 30 26
0 31 26
2 3 27
2 4 27
2 5 27
0 6 27
1 6 26
1 6 25
1 6 24
0 6 23
1 26 13
1 26 12
1 26 11
1 26 10
5 26 9
3 25 9
0 25 8
1 5 41
1 5 42
0 5 43
2 19 44
2 18 44
0 17 44
0 18 20
2 32 26
0 33 26
2 20 27
0 19 27
1 33 25
1 33 24
1 33 23
1 33 22
0 33 21
1 35 40
1 35 39
0 35 38
0 26 27
0 13 23
1 35 37
1 35 36
1 35 35
1 35 34
0 35 33
0 34 33
2 33 33
2 32 33
2 31 33
0 30 33
2 34 21
2 35 21
0 36 21
1 30 32
1 30 31
0 30 30
1 13 11
1 13 10
0 13 9
1 33 20
0 33 19
0 10 33
0 30 38
2 11 39
0 12 39
2 24 8
0 23 8
1 25 7
1 25 6
1 25 5
0 25 4
1 25 3
6 25 2
2 26 2
2 27 2
2 28 2
0 29 2
2 26 8
2 27 8
0 28 8
0 30 2
1 34 11
0 34 10
2 29 33
0 28 33
1 37 14
1 37 15
3 37 16
2 38 16
0 39 16
2 20 20
2 21 20
2 22 20
0 23 20
1 34 9
1 34 8
1 34 7
5 34 6
0 33 6
0 32 6
6 14 16
4 14 17
2 13 17
0 12 17
2 11 17
2 10 17
0 9 17
3 39 17
0 40 17
1 24 47
0 24 48
3 24 4
5 24 3
2 23 3
0 22 3
2 21 3
2 20 3
0 19 3
3 6 28
2 7 28
0 8 28
2 36 43
0 37 43
1 2 26
1 2 25
0 2 24
2 18 3
2 17 3
0 16 3
1 16 2
0 16 1
2 12 9
2 11 9
0 10 9
0 34 8
1 9 16
1 9 15
1 9 14
5 9 13
2 8 13
0 7 13
2 12 25
2 11 25
0 10 25
0 34 46
2 15 1
2 14 1
2 13 1
0 12 1
2 47 2
2 48 2
0 49 2
1 10 8
5 10 7
2 9 7
2 8 7
2 7 7
2 6 7
2 5 7
0 4 7
2 25 38
0 24 38
6 45 16
0 46 16
1 4 6
5 4 5
0 3 5
4 34 26
6 34 25
2 35 25
2 36 25
0 37 25
1 6 22
1 6 21
0 6 20
2 5 20
2 4 20
2 3 20
3 2 20
1 2 19
0 2 18
1 41 2
6 41 1
2 42 1
0 43 1
2 36 33
2 37 33
2 38 33
4 39 33
1 39 32
6 39 31
2 40 31
4 41 31
6 41 30
0 42 30
6 26 23
0 27 23
0 41 31
2 10 47
2 11 47
2 12 47
0 13 47
2 34 48
0 35 48
1 38 1
5 38 0
2 37 0
0 36 0
2 35 46
2 36 46
2 37 46
2 38 46
0 39 46
5 7 12
2 6 12
2 5 12
2 4 12
2 3 12
2 2 12
2 1 12
0 0 12
-1
-1
-1
-1
-1
-1
-1
-1
-1
-1
-1
-1
-1
-1
-1
-1
-1
-1
-1
-1
-1
-1
-1
-1
-1
-1
-1
-1
-1
-1
-1
-1
-1
-1
-1
-1
-1
-1
-1
-1
-1
-1
-1
-1
-1
-1
-1
-1
-1
-1
-1
-1
-1
-1
-1
-1
-1
-1
-1
-1
-1
-1
-1
-1
-1
-1
-1
-1
-1
-1
-1
-1
-1
-1
-1
-1
-1
-1
-1
-1
-1
-1
-1
-1
-1
-1
-1
-1
-1
-1
-1
-1
-1
-1
-1
-1
-1
-1
-1
-1
-1
-1
-1
-1
-1
-1
-1
-1
-1
-1
-1
-1
-1
-1
-1
-1
-1
-1
-1
-1
-1
-1
-1
-1
-1
-1
-1
-1
-1
-1
-1
-1
-1
-1
-1
-1
-1
-1
-1
-1
-1
-1
-1
-1
-1
-1
-1
-1
-1
-1
-1
-1
-1
-1
-1
-1
-1
-1
-1
-1
-1
-1
-1
-1
-1
-1
-1
-1
-1
-1
-1
-1
-1
-1
-1
-1
-1
-1
-1
-1
-1
-1
-1
-1
-1
-1
-1
-1
-1
-1
-1
-1
-1
-1
-1
-1
-1
-1
-1
-1
-1
-1
-1
-1
-1
-1
-1
-1
-1
-1
-1
-1
-1
-1
