0 23 26
6 23 25
2 24 25
2 25 25
2 26 25
2 27 25
2 28 25
2 29 25
2 30 25
2 31 25
2 32 25
2 33 25
4 34 25
1 34 24
1 34 23
6 34 22
2 35 22
2 36 22
2 37 22
2 38 22
4 39 22
1 39 21
1 39 20
1 39 19
1 39 18
1 39 17
6 39 16
2 40 16
4 41 16
6 41 15
2 42 15
2 43 15
2 44 15
2 45 15
4 46 15
1 46 14
1 46 13
1 46 12
1 46 11
1 46 10
1 46 9
1 46 8
1 46 7
1 46 6
0 46 5
2 22 26
2 21 26
2 20 26
2 19 26
2 18 26
2 17 26
2 16 26
2 15 26
2 14 26
3 13 26
1 13 25
1 13 24
1 13 23
1 13 22
1 13 21
5 13 20
2 12 20
2 11 20
2 10 20
2 9 20
2 8 20
2 7 20
-1
-1
-1
-1
-1
-1
-1
-1
-1
-1
-1
-1
-1
-1
-1
-1
-1
-1
-1
-1
-1
-1
-1
-1
-1
-1
0 6 20
-1
-1
-1
-1
-1
-1
-1
-1
-1
-1
-1
-1
-1
-1
-1
-1
-1
-1
-1
-1
-1
-1
-1
-1
-1
-1
-1
-1
-1
-1
-1
-1
-1
-1
0 46 15
1 6 21
3 6 22
2 7 22
2 8 22
2 9 22
5 10 22
1 10 23
1 10 24
1 10 25
1 10 26
1 10 27
1 10 28
1 10 29
1 10 30
1 10 31
1 10 32
1 10 33
1 10 34
1 10 35
1 10 36
1 10 37
-1
-1
-1
-1
-1
-1
-1
-1
-1
-1
-1
-1
-1
-1
-1
0 10 38
1 46 4
1 46 3
5 46 2
-1
-1
-1
-1
-1
-1
-1
-1
-1
-1
-1
-1
-1
-1
-1
-1
-1
-1
0 45 2
1 6 19
1 6 18
1 6 17
1 6 16
1 6 15
6 6 14
-1
-1
-1
-1
-1
-1
-1
-1
-1
-1
-1
0 7 14
-1
-1
-1
-1
-1
-1
-1
-1
-1
-1
-1
-1
0 46 11
1 7 13
1 7 12
1 7 11
1 7 10
1 7 9
1 7 8
1 7 7
5 7 6
2 6 6
3 5 6
1 5 5
1 5 4
5 5 3
2 4 3
2 3 3
0 2 3
-1
-1
-1
-1
-1
-1
-1
-1
-1
-1
0 13 20
1 23 27
1 23 28
1 23 29
1 23 30
1 23 31
1 23 32
1 23 33
1 23 34
-1
-1
0 23 35
-1
-1
-1
-1
-1
-1
-1
-1
0 7 6
-1
-1
-1
-1
-1
-1
-1
-1
0 39 22
-1
-1
-1
-1
-1
-1
0 18 26
2 14 20
2 15 20
4 16 20
6 16 19
2 17 19
2 18 19
2 19 19
4 20 19
1 20 18
0 20 17
1 20 16
1 20 15
6 20 14
2 21 14
-1
0 22 14
-1
-1
-1
-1
-1
-1
0 10 28
-1
-1
-1
-1
-1
0 46 9
6 7 5
2 8 5
2 9 5
4 10 5
1 10 4
1 10 3
6 10 2
0 11 2
4 11 38
1 11 37
6 11 36
2 12 36
2 13 36
0 14 36
3 9 28
5 9 27
2 8 27
2 7 27
2 6 27
0 5 27
2 4 27
2 3 27
2 2 27
0 1 27
1 46 16
1 46 17
3 46 18
2 47 18
2 48 18
0 49 18
-1
-1
0 5 5
1 1 26
1 1 25
1 1 24
1 1 23
0 1 22
5 8 6
1 8 7
3 8 8
2 9 8
0 10 8
3 11 3
2 12 3
2 13 3
2 14 3
2 15 3
0 16 3
3 14 37
2 15 37
2 16 37
2 17 37
0 18 37
0 34 25
1 10 39
1 10 40
1 10 41
1 10 42
1 10 43
4 10 44
2 9 44
0 8 44
1 2 2
6 2 1
0 3 1
0 13 26
1 8 45
1 8 46
3 8 47
2 9 47
0 10 47
3 22 15
2 23 15
2 24 15
2 25 15
2 26 15
2 27 15
2 28 15
2 29 15
2 30 15
0 31 15
0 10 5
0 41 15
0 41 16
3 9 38
1 9 37
1 9 36
1 9 35
0 9 34
6 10 46
2 11 46
2 12 46
0 13 46
0 20 19
1 34 26
1 34 27
1 34 28
1 34 29
1 34 30
0 34 31
0 16 20
3 34 32
2 35 32
2 36 32
2 37 32
0 38 32
0 10 22
1 23 36
1 23 37
1 23 38
3 23 39
0 24 39
3 5 20
5 5 19
2 4 19
0 3 19
0 26 25
1 16 21
0 16 22
2 7 44
2 6 44
2 5 44
2 4 44
2 3 44
2 2 44
0 1 44
1 16 2
1 16 1
6 16 0
2 17 0
2 18 0
2 19 0
2 20 0
2 21 0
2 22 0
0 23 0
1 31 16
1 31 17
3 31 18
0 32 18
1 38 33
1 38 34
1 38 35
1 38 36
1 38 37
1 38 38
3 38 39
2 39 39
2 40 39
2 41 39
2 42 39
2 43 39
2 44 39
2 45 39
0 46 39
2 8 14
2 9 14
2 10 14
2 11 14
2 12 14
0 13 14
-1
-1
-1
-1
-1
-1
-1
-1
-1
-1
-1
-1
-1
-1
-1
-1
-1
-1
-1
-1
-1
-1
-1
-1
-1
-1
-1
-1
-1
-1
-1
-1
-1
-1
-1
-1
-1
-1
-1
-1
-1
-1
-1
-1
-1
-1
-1
-1
-1
-1
-1
-1
-1
-1
-1
-1
-1
-1
-1
-1
-1
-1
-1
-1
-1
-1
-1
-1
-1
-1
-1
-1
-1
-1
-1
-1
-1
-1
-1
-1
-1
-1
-1
-1
-1
-1
-1
-1
-1
-1
-1
-1
-1
-1
-1
-1
-1
-1
-1
-1
-1
-1
-1
-1
-1
-1
-1
-1
-1
-1
-1
-1
-1
-1
-1
-1
-1
-1
-1
-1
-1
-1
-1
-1
-1
-1
-1
-1
-1
-1
-1
-1
-1
-1
-1
-1
-1
-1
-1
-1
-1
-1
-1
-1
-1
-1
-1
-1
-1
-1
-1
-1
-1
-1
-1
-1
-1
-1
-1
-1
-1
-1
-1
-1
-1
-1
-1
-1
-1
-1
-1
-1
-1
-1
-1
-1
-1
-1
-1
-1
-1
-1
-1
-1
-1
-1
-1
-1
-1
-1
-1
-1
-1
-1
-1
-1
-1
-1
-1
-1
-1
-1
-1
-1
-1
-1
-1
-1
-1
-1
-1
-1
-1
-1
-1
-1
-1
-1
-1
-1
-1
-1
-1
-1
-1
-1
-1
-1
-1
-1
-1
-1
-1
-1
-1
-1
-1
-1
-1
-1
-1
-1
-1
-1
-1
-1
-1
-1
-1
-1
-1
-1
-1
-1
-1
-1
-1
-1
-1
-1
-1
-1
-1
-1
-1
-1
-1
-1
-1
-1
-1
-1
-1
-1
-1
-1
-1
-1
-1
-1
-1
-1
-1
-1
-1
-1
-1
-1
-1
-1
-1
-1
-1
-1
-1
-1
-1
-1
-1
-1
-1
-1
-1
-1
-1
-1
-1
-1
-1
-1
-1
-1
-1
-1
-1
-1
-1
-1
-1
-1
-1
-1
-1
-1
-1
-1
-1
