0 11 22
1 11 23
1 11 24
3 11 25
2 12 25
2 13 25
5 14 25
1 14 26
1 14 27
1 14 28
1 14 29
3 14 30
2 15 30
2 16 30
2 17 30
2 18 30
2 19 30
2 20 30
5 21 30
1 21 31
1 21 32
3 21 33
2 22 33
2 23 33
5 24 33
1 24 34
1 24 35
1 24 36
1 24 37
3 24 38
2 25 38
2 26 38
2 27 38
2 28 38
2 29 38
2 30 38
2 31 38
5 32 38
1 32 39
1 32 40
3 32 41
2 33 41
2 34 41
2 35 41
2 36 41
2 37 41
2 38 41
2 39 41
2 40 41
0 41 41
1 41 42
4 41 43
2 40 43
2 39 43
2 38 43
6 37 43
1 37 44
1 37 45
1 37 46
4 37 47
-1
-1
-1
-1
-1
-1
-1
-1
-1
0 36 47
6 10 22
1 10 23
1 10 24
1 10 25
1 10 26
1 10 27
1 10 28
1 10 29
1 10 30
3 10 31
2 11 31
-1
-1
-1
-1
-1
-1
-1
-1
-1
-1
-1
-1
-1
-1
-1
-1
-1
-1
0 12 31
1 11 21
1 11 20
1 11 19
6 11 18
4 12 18
1 12 17
1 12 16
1 12 15
1 12 14
6 12 13
2 13 13
4 14 13
1 14 12
1 14 11
1 14 10
6 14 9
2 15 9
2 16 9
2 17 9
2 18 9
4 19 9
6 19 8
2 20 8
2 21 8
4 22 8
1 22 7
1 22 6
1 22 5
1 22 4
1 22 3
1 22 2
6 22 1
0 23 1
1 12 32
1 12 33
1 12 34
1 12 35
1 12 36
4 12 37
2 11 37
6 10 37
1 10 38
4 10 39
6 9 39
1 9 40
4 9 41
6 8 41
1 8 42
1 8 43
1 8 44
1 8 45
1 8 46
0 8 47
5 23 0
2 22 0
2 21 0
6 20 0
1 20 1
4 20 2
2 19 2
2 18 2
2 17 2
2 16 2
2 15 2
2 14 2
6 13 2
1 13 3
1 13 4
4 13 5
2 12 5
6 11 5
1 11 6
4 11 7
6 10 7
1 10 8
1 10 9
4 10 10
2 9 10
2 8 10
2 7 10
2 6 10
0 5 10
1 23 2
1 23 3
3 23 4
2 24 4
5 25 4
0 25 5
-1
0 12 35
3 11 35
1 11 34
5 11 33
2 10 33
3 9 33
1 9 32
1 9 31
1 9 30
1 9 29
0 9 28
1 25 6
1 25 7
3 25 8
2 26 8
2 27 8
2 28 8
2 29 8
2 30 8
5 31 8
3 31 9
2 32 9
0 33 9
2 8 28
2 7 28
2 6 28
2 5 28
6 4 28
1 4 29
1 4 30
0 4 31
0 31 8
5 13 35
1 13 36
1 13 37
3 13 38
0 14 38
1 33 10
1 33 11
1 33 12
3 33 13
2 34 13
2 35 13
2 36 13
0 37 13
2 24 1
2 25 1
2 26 1
0 27 1
1 14 39
1 14 40
1 14 41
1 14 42
3 14 43
2 15 43
2 16 43
0 17 43
0 9 33
0 12 16
1 37 12
1 37 11
6 37 10
2 38 10
2 39 10
0 40 10
0 6 28
5 42 41
1 42 42
3 42 43
2 43 43
0 44 43
1 37 14
1 37 15
0 37 16
0 34 41
0 21 30
6 34 40
2 35 40
2 36 40
4 37 40
1 37 39
0 37 38
0 20 0
2 36 16
2 35 16
2 34 16
0 33 16
0 18 30
0 13 2
2 45 43
0 46 43
1 6 27
1 6 26
0 6 25
0 24 37
0 19 9
1 33 17
1 33 18
4 33 19
2 32 19
0 31 19
0 14 28
1 46 42
1 46 41
1 46 40
6 46 39
0 47 39
0 32 38
0 14 13
0 8 43
0 6 24
0 11 5
0 22 8
0 9 39
0 35 47
1 4 32
1 4 33
0 4 34
0 26 38
0 14 10
0 8 10
0 37 43
0 9 31
1 46 44
0 46 45
1 31 20
0 31 21
5 13 1
2 12 1
0 11 1
1 4 35
0 4 36
0 27 8
1 4 37
0 4 38
0 10 7
0 4 28
5 4 27
2 3 27
0 2 27
1 37 17
0 37 18
0 17 2
0 24 33
1 47 38
1 47 37
0 47 36
0 14 25
2 46 36
0 45 36
6 11 16
4 11 17
2 10 17
2 9 17
0 8 17
2 32 16
2 31 16
2 30 16
0 29 16
2 32 21
2 33 21
0 34 21
4 12 22
6 12 21
2 13 21
0 14 21
1 27 9
4 27 10
0 26 10
0 35 21
2 15 21
2 16 21
2 17 21
0 18 21
6 7 17
4 7 18
0 6 18
0 25 33
1 45 35
1 45 34
1 45 33
1 45 32
0 45 31
4 35 48
2 34 48
2 33 48
2 32 48
2 31 48
0 30 48
0 18 22
2 44 31
2 43 31
2 42 31
0 41 31
0 35 22
5 11 4
2 10 4
2 9 4
2 8 4
0 7 4
1 7 3
5 7 2
2 6 2
0 5 2
1 30 47
1 30 46
0 30 45
0 46 46
1 2 26
1 2 25
1 2 24
0 2 23
1 2 22
0 2 21
0 12 18
2 40 31
0 39 31
0 7 47
0 31 45
2 38 16
2 39 16
2 40 16
0 41 16
1 41 17
0 41 18
0 14 43
2 4 2
2 3 2
0 2 2
5 13 31
3 13 32
0 14 32
0 25 4
0 12 25
1 2 3
1 2 4
0 2 5
1 19 10
1 19 11
1 19 12
0 19 13
1 6 17
0 6 16
2 42 16
2 43 16
2 44 16
2 45 16
2 46 16
2 47 16
2 48 16
0 49 16
1 26 39
1 26 40
0 26 41
0 8 41
3 41 19
2 42 19
2 43 19
0 44 19
1 19 14
0 19 15
1 32 37
1 32 36
5 32 35
0 31 35
1 26 42
1 26 43
0 26 44
2 30 21
2 29 21
0 28 21
1 21 29
1 21 28
6 21 27
0 22 27
2 28 1
2 29 1
2 30 1
0 31 1
4 34 42
0 33 42
1 18 31
1 18 32
0 18 33
1 35 23
1 35 24
0 35 25
4 2 28
0 1 28
5 33 15
0 32 15
0 4 37
2 3 34
2 2 34
0 1 34
2 13 18
2 14 18
0 15 18
4 46 47
2 45 47
2 44 47
0 43 47
2 28 16
2 27 16
2 26 16
0 25 16
1 41 30
1 41 29
1 41 28
0 41 27
2 24 16
0 23 16
1 17 44
1 17 45
1 17 46
1 17 47
3 17 48
2 18 48
2 19 48
0 20 48
2 3 38
2 2 38
6 1 38
1 1 39
0 1 40
1 18 23
3 18 24
0 19 24
0 28 38
2 15 25
0 16 25
1 44 20
1 44 21
1 44 22
1 44 23
3 44 24
2 45 24
0 46 24
2 21 48
0 22 48
2 4 10
2 3 10
2 2 10
2 1 10
0 0 10
0 37 46
1 31 34
1 31 33
1 31 32
5 31 31
0 30 31
1 0 11
1 0 12
0 0 13
0 44 36
4 39 32
2 38 32
6 37 32
4 37 33
0 36 33
2 32 1
2 33 1
2 34 1
2 35 1
0 36 1
6 45 30
2 46 30
2 47 30
0 48 30
2 5 34
2 6 34
5 7 34
0 7 35
2 5 16
0 4 16
6 17 42
2 18 42
0 19 42
1 31 22
1 31 23
0 31 24
3 36 2
2 37 2
2 38 2
2 39 2
0 40 2
1 17 3
1 17 4
1 17 5
4 17 6
2 16 6
0 15 6
2 27 21
2 26 21
0 25 21
1 8 18
1 8 19
1 8 20
3 8 21
2 9 21
0 10 21
2 23 27
2 24 27
0 25 27
3 25 28
2 26 28
0 27 28
-1
-1
-1
-1
-1
-1
-1
-1
-1
-1
-1
-1
-1
-1
-1
-1
-1
-1
-1
-1
-1
-1
-1
-1
-1
-1
-1
-1
-1
-1
-1
-1
-1
-1
-1
-1
-1
-1
-1
-1
-1
-1
-1
-1
-1
-1
-1
-1
-1
-1
-1
-1
-1
-1
-1
-1
-1
-1
-1
-1
-1
-1
-1
-1
-1
-1
-1
-1
-1
-1
-1
-1
-1
-1
-1
-1
-1
-1
-1
-1
-1
-1
-1
-1
-1
-1
-1
-1
-1
-1
-1
-1
-1
-1
-1
-1
-1
-1
-1
-1
-1
-1
-1
-1
-1
-1
-1
-1
-1
-1
-1
-1
-1
-1
-1
-1
-1
-1
-1
-1
-1
-1
-1
-1
-1
-1
-1
-1
-1
-1
-1
-1
-1
-1
-1
-1
-1
-1
-1
-1
-1
-1
-1
-1
-1
-1
-1
-1
-1
-1
-1
-1
-1
-1
-1
-1
-1
-1
-1
-1
-1
-1
-1
-1
-1
-1
-1
-1
-1
-1
-1
-1
-1
-1
-1
-1
-1
-1
-1
-1
-1
-1
-1
-1
-1
-1
-1
-1
-1
-1
-1
-1
-1
-1
-1
-1
-1
-1
-1
-1
-1
-1
-1
-1
