0 6 47
2 7 47
4 8 47
1 8 46
6 8 45
2 9 45
2 10 45
2 11 45
2 12 45
2 13 45
2 14 45
2 15 45
2 16 45
2 17 45
2 18 45
4 19 45
1 19 44
1 19 43
1 19 42
1 19 41
1 19 40
1 19 39
1 19 38
1 19 37
1 19 36
1 19 35
1 19 34
1 19 33
1 19 32
6 19 31
2 20 31
4 21 31
6 21 30
2 22 30
2 23 30
4 24 30
6 24 29
2 25 29
4 26 29
1 26 28
1 26 27
1 26 26
6 26 25
2 27 25
2 28 25
2 29 25
2 30 25
0 31 25
1 31 24
1 31 23
1 31 22
1 31 21
5 31 20
2 30 20
-1
-1
-1
-1
-1
-1
-1
-1
-1
-1
-1
0 29 20
1 31 26
1 31 27
1 31 28
1 31 29
1 31 30
1 31 31
1 31 32
3 31 33
2 32 33
-1
-1
-1
-1
-1
-1
-1
-1
-1
-1
-1
-1
-1
-1
-1
-1
-1
-1
-1
-1
0 33 33
5 29 19
2 28 19
2 27 19
2 26 19
2 25 19
2 24 19
2 23 19
2 22 19
-1
-1
-1
-1
-1
-1
-1
-1
-1
-1
-1
-1
-1
-1
0 21 19
-1
-1
-1
-1
-1
-1
-1
-1
-1
-1
-1
-1
-1
-1
-1
-1
0 26 29
4 32 25
1 32 24
1 32 23
1 32 22
1 32 21
6 32 20
2 33 20
2 34 20
2 35 20
4 36 20
1 36 19
1 36 18
1 36 17
1 36 16
1 36 15
6 36 14
2 37 14
-1
-1
-1
-1
0 38 14
6 38 13
4 39 13
1 39 12
1 39 11
6 39 10
4 40 10
1 40 9
1 40 8
1 40 7
6 40 6
2 41 6
2 42 6
2 43 6
2 44 6
2 45 6
2 46 6
-1
-1
0 47 6
-1
-1
-1
-1
-1
-1
-1
-1
-1
-1
-1
0 40 6
-1
-1
-1
-1
-1
-1
-1
-1
-1
-1
0 19 45
1 47 7
1 47 8
1 47 9
1 47 10
1 47 11
1 47 12
1 47 13
1 47 14
1 47 15
1 47 16
1 47 17
1 47 18
0 47 19
1 6 46
1 6 45
1 6 44
1 6 43
1 6 42
1 6 41
5 6 40
2 5 40
2 4 40
2 3 40
2 2 40
0 1 40
-1
-1
-1
-1
-1
0 19 35
1 47 20
1 47 21
1 47 22
1 47 23
1 47 24
4 47 25
2 46 25
0 45 25
3 18 35
1 18 34
1 18 33
5 18 32
3 17 32
1 17 31
1 17 30
5 17 29
2 16 29
0 15 29
2 39 6
2 38 6
2 37 6
2 36 6
2 35 6
2 34 6
2 33 6
2 32 6
2 31 6
2 30 6
0 29 6
2 20 19
2 19 19
2 18 19
0 17 19
2 44 25
2 43 25
2 42 25
2 41 25
0 40 25
1 29 5
1 29 4
1 29 3
5 29 2
2 28 2
2 27 2
2 26 2
2 25 2
2 24 2
2 23 2
2 22 2
2 21 2
2 20 2
0 19 2
4 15 30
2 14 30
2 13 30
2 12 30
2 11 30
0 10 30
0 24 29
1 29 7
1 29 8
1 29 9
1 29 10
4 29 11
2 28 11
0 27 11
-1
-1
0 36 19
6 33 32
2 34 32
2 35 32
2 36 32
0 37 32
1 37 33
1 37 34
1 37 35
1 37 36
1 37 37
3 37 38
2 38 38
0 39 38
0 40 10
1 26 30
-1
-1
-1
0 26 31
1 27 12
3 27 13
2 28 13
2 29 13
0 30 13
-1
-1
0 21 31
1 6 48
4 6 49
-1
0 5 49
4 29 21
2 28 21
2 27 21
0 26 21
2 18 2
2 17 2
2 16 2
6 15 2
4 15 3
2 14 3
2 13 3
2 12 3
0 11 3
0 32 20
4 17 20
0 16 20
2 39 25
2 38 25
0 37 25
5 20 35
3 20 36
2 21 36
2 22 36
0 23 36
2 15 20
2 14 20
2 13 20
0 12 20
-1
0 47 14
1 23 37
1 23 38
3 23 39
2 24 39
0 25 39
0 6 40
1 40 24
1 40 23
0 40 22
2 20 45
2 21 45
2 22 45
2 23 45
2 24 45
0 25 45
0 8 47
1 40 5
1 40 4
6 40 3
2 41 3
0 42 3
0 19 39
2 11 20
2 10 20
2 9 20
0 8 20
0 29 25
1 39 39
1 39 40
1 39 41
1 39 42
1 39 43
3 39 44
2 40 44
0 41 44
0 15 2
0 41 10
4 8 21
0 7 21
1 7 22
4 7 23
2 6 23
2 5 23
0 4 23
3 10 31
0 11 31
1 25 46
1 25 47
0 25 48
0 17 32
1 37 31
5 37 30
0 36 30
1 11 2
1 11 1
5 11 0
2 10 0
2 9 0
2 8 0
2 7 0
2 6 0
2 5 0
2 4 0
2 3 0
2 2 0
2 1 0
0 0 0
-1
-1
-1
-1
-1
-1
-1
-1
-1
-1
-1
-1
-1
-1
-1
-1
-1
-1
-1
-1
-1
-1
-1
-1
-1
-1
-1
-1
-1
-1
-1
-1
-1
-1
-1
-1
-1
-1
-1
-1
-1
-1
-1
-1
-1
-1
-1
-1
-1
-1
-1
-1
-1
-1
-1
-1
-1
-1
-1
-1
-1
-1
-1
-1
-1
-1
-1
-1
-1
-1
-1
-1
-1
-1
-1
-1
-1
-1
-1
-1
-1
-1
-1
-1
-1
-1
-1
-1
-1
-1
-1
-1
-1
-1
-1
-1
-1
-1
-1
-1
-1
-1
-1
-1
-1
-1
-1
-1
-1
-1
-1
-1
-1
-1
-1
-1
-1
-1
-1
-1
-1
-1
-1
-1
-1
-1
-1
-1
-1
-1
-1
-1
-1
-1
-1
-1
-1
-1
-1
-1
-1
-1
-1
-1
-1
-1
-1
-1
-1
-1
-1
-1
-1
-1
-1
-1
-1
-1
-1
-1
-1
-1
-1
-1
-1
-1
-1
-1
-1
-1
-1
-1
-1
-1
-1
-1
-1
-1
-1
-1
-1
-1
-1
-1
-1
-1
-1
-1
-1
-1
-1
-1
-1
-1
-1
-1
-1
-1
-1
-1
-1
-1
-1
-1
-1
-1
-1
-1
-1
-1
-1
-1
-1
-1
-1
-1
-1
-1
-1
-1
-1
-1
-1
-1
-1
-1
-1
-1
-1
-1
-1
-1
-1
-1
-1
-1
-1
-1
-1
-1
-1
-1
-1
-1
-1
-1
-1
-1
-1
-1
-1
-1
-1
-1
-1
-1
-1
-1
-1
-1
-1
-1
-1
-1
-1
-1
-1
-1
-1
-1
-1
-1
-1
-1
-1
-1
-1
-1
-1
-1
-1
-1
-1
-1
-1
-1
-1
-1
-1
-1
-1
-1
-1
-1
-1
-1
-1
-1
-1
-1
-1
-1
-1
-1
-1
-1
-1
-1
-1
-1
-1
-1
-1
-1
-1
-1
-1
-1
-1
-1
-1
-1
-1
-1
-1
-1
-1
-1
-1
-1
-1
-1
-1
-1
-1
-1
-1
-1
-1
-1
-1
-1
-1
-1
-1
-1
-1
-1
-1
-1
-1
-1
-1
-1
-1
-1
-1
-1
-1
-1
-1
-1
-1
-1
-1
-1
-1
-1
-1
-1
-1
-1
