0 11 43
4 12 43
6 12 42
2 13 42
2 14 42
2 15 42
2 16 42
2 17 42
2 18 42
2 19 42
4 20 42
1 20 41
6 20 40
2 21 40
2 22 40
2 23 40
2 24 40
2 25 40
2 26 40
2 27 40
2 28 40
4 29 40
6 29 39
2 30 39
2 31 39
0 32 39
1 32 38
1 32 37
6 32 36
4 33 36
1 33 35
1 33 34
1 33 33
1 33 32
1 33 31
1 33 30
1 33 29
1 33 28
1 33 27
1 33 26
1 33 25
6 33 24
2 34 24
2 35 24
2 36 24
2 37 24
2 38 24
2 39 24
2 40 24
2 41 24
2 42 24
2 43 24
2 44 24
2 45 24
2 46 24
-1
-1
-1
-1
-1
-1
-1
-1
-1
-1
-1
-1
-1
-1
-1
-1
-1
-1
-1
-1
-1
-1
-1
-1
-1
-1
-1
-1
-1
-1
-1
-1
-1
-1
-1
-1
-1
-1
-1
-1
-1
-1
-1
-1
-1
-1
-1
-1
-1
-1
-1
-1
-1
-1
-1
-1
-1
-1
-1
-1
-1
-1
-1
-1
-1
-1
-1
-1
-1
-1
-1
-1
-1
-1
-1
-1
-1
-1
-1
-1
-1
-1
-1
-1
-1
-1
-1
-1
-1
-1
-1
-1
-1
-1
-1
0 47 24
1 11 44
4 11 45
2 10 45
2 9 45
-1
-1
-1
-1
-1
-1
-1
-1
-1
-1
-1
-1
-1
-1
-1
-1
-1
-1
-1
-1
-1
-1
-1
-1
-1
-1
-1
-1
0 8 45
1 47 23
1 47 22
1 47 21
1 47 20
1 47 19
1 47 18
1 47 17
1 47 16
1 47 15
1 47 14
1 47 13
1 47 12
1 47 11
1 47 10
1 47 9
-1
-1
-1
-1
-1
-1
-1
-1
-1
-1
-1
-1
-1
0 47 8
2 7 45
3 6 45
1 6 44
1 6 43
1 6 42
1 6 41
1 6 40
1 6 39
1 6 38
1 6 37
1 6 36
1 6 35
1 6 34
1 6 33
1 6 32
5 6 31
3 5 31
1 5 30
1 5 29
1 5 28
1 5 27
1 5 26
1 5 25
1 5 24
1 5 23
1 5 22
1 5 21
1 5 20
1 5 19
5 5 18
3 4 18
1 4 17
1 4 16
1 4 15
1 4 14
5 4 13
2 3 13
3 2 13
0 2 12
0 26 40
1 47 7
1 47 6
1 47 5
5 47 4
2 46 4
2 45 4
2 44 4
2 43 4
-1
0 42 4
1 2 11
1 2 10
1 2 9
1 2 8
1 2 7
1 2 6
1 2 5
0 2 4
1 26 41
1 26 42
3 26 43
2 27 43
-1
-1
0 28 43
5 3 4
1 3 5
3 3 6
2 4 6
2 5 6
2 6 6
2 7 6
0 8 6
5 42 3
2 41 3
2 40 3
2 39 3
2 38 3
0 37 3
1 11 42
1 11 41
1 11 40
5 11 39
3 10 39
1 10 38
1 10 37
1 10 36
1 10 35
1 10 34
1 10 33
1 10 32
1 10 31
1 10 30
1 10 29
0 10 28
0 2 7
0 6 42
3 5 42
1 5 41
1 5 40
1 5 39
5 5 38
2 4 38
2 3 38
0 2 38
0 6 6
1 28 44
3 28 45
5 29 45
0 29 46
1 37 2
5 37 1
2 36 1
2 35 1
0 34 1
1 42 5
1 42 6
1 42 7
1 42 8
1 42 9
1 42 10
1 42 11
1 42 12
0 42 13
0 34 24
0 6 7
1 34 2
1 34 3
1 34 4
1 34 5
1 34 6
0 34 7
0 4 18
0 11 39
1 8 46
3 8 47
2 9 47
2 10 47
0 11 47
5 11 28
1 11 29
3 11 30
2 12 30
0 13 30
0 5 31
0 34 5
0 5 19
2 3 12
2 4 12
2 5 12
2 6 12
0 7 12
0 33 28
0 5 28
3 32 40
2 33 40
2 34 40
2 35 40
0 36 40
0 2 13
0 29 40
4 43 13
6 43 12
0 44 12
0 43 24
0 42 9
2 14 30
5 15 30
0 15 31
0 13 42
0 33 36
2 28 46
0 27 46
1 8 7
0 8 8
0 10 39
2 37 40
0 38 40
2 8 12
2 9 12
2 10 12
0 11 12
0 4 16
2 16 31
2 17 31
0 18 31
1 38 41
3 38 42
2 39 42
2 40 42
2 41 42
0 42 42
0 42 3
0 20 42
0 47 4
0 10 34
1 42 14
0 42 15
1 42 43
1 42 44
1 42 45
0 42 46
2 6 19
0 7 19
1 47 25
1 47 26
1 47 27
1 47 28
0 47 29
0 11 11
4 27 47
2 26 47
2 25 47
2 24 47
0 23 47
1 34 23
6 34 22
2 35 22
0 36 22
2 33 7
0 32 7
5 36 21
2 35 21
2 34 21
0 33 21
1 6 5
1 6 4
1 6 3
0 6 2
2 43 42
2 44 42
0 45 42
1 7 20
1 7 21
1 7 22
3 7 23
2 8 23
0 9 23
1 18 30
1 18 29
6 18 28
0 19 28
2 43 15
0 44 15
1 19 27
6 19 26
0 20 26
2 43 46
2 44 46
2 45 46
2 46 46
0 47 46
2 32 21
6 31 21
4 31 22
0 30 22
1 30 21
5 30 20
2 29 20
2 28 20
0 27 20
5 6 28
0 6 29
1 45 41
1 45 40
1 45 39
5 45 38
0 44 38
0 42 2
2 26 20
2 25 20
0 24 20
1 11 13
0 11 14
1 20 43
1 20 44
4 20 45
2 19 45
0 18 45
2 9 6
2 10 6
0 11 6
0 38 24
2 10 23
2 11 23
0 12 23
1 43 23
0 43 22
2 29 43
2 30 43
2 31 43
2 32 43
0 33 43
0 6 45
2 33 5
2 32 5
2 31 5
2 30 5
0 29 5
2 20 28
2 21 28
2 22 28
0 23 28
3 33 44
5 34 44
1 34 45
1 34 46
0 34 47
2 12 12
2 13 12
2 14 12
0 15 12
1 34 8
1 34 9
3 34 10
0 35 10
6 41 4
4 41 5
0 40 5
0 29 45
1 2 39
1 2 40
1 2 41
4 2 42
2 1 42
0 0 42
1 27 19
1 27 18
1 27 17
0 27 16
1 29 4
1 29 3
0 29 2
1 2 37
1 2 36
0 2 35
5 26 39
2 25 39
0 24 39
3 6 30
5 7 30
0 7 31
1 11 15
1 11 16
1 11 17
0 11 18
0 10 35
2 28 16
0 29 16
4 42 16
2 41 16
2 40 16
2 39 16
0 38 16
1 6 46
4 6 47
0 5 47
4 42 47
2 41 47
0 40 47
2 12 6
2 13 6
2 14 6
0 15 6
0 6 38
1 38 17
1 38 18
3 38 19
0 39 19
2 4 47
2 3 47
2 2 47
0 1 47
2 28 5
2 27 5
2 26 5
0 25 5
0 47 10
1 27 21
1 27 22
1 27 23
0 27 24
1 2 34
1 2 33
5 2 32
0 1 32
3 4 28
1 4 27
1 4 26
1 4 25
5 4 24
2 3 24
0 2 24
1 27 15
5 27 14
2 26 14
2 25 14
0 24 14
6 32 28
1 32 29
4 32 30
2 31 30
0 30 30
0 46 10
1 23 29
1 23 30
3 23 31
2 24 31
0 25 31
1 11 5
1 11 4
1 11 3
1 11 2
1 11 1
0 11 0
1 15 13
3 15 14
0 16 14
1 24 19
5 24 18
2 23 18
2 22 18
0 21 18
2 12 39
2 13 39
0 14 39
1 16 15
1 16 16
1 16 17
1 16 18
0 16 19
2 34 28
2 35 28
2 36 28
0 37 28
-1
-1
-1
-1
-1
-1
-1
-1
-1
-1
-1
-1
-1
-1
-1
-1
-1
-1
-1
-1
-1
-1
-1
-1
-1
-1
-1
-1
-1
-1
-1
-1
-1
-1
-1
-1
-1
-1
-1
-1
-1
-1
-1
-1
-1
-1
-1
-1
-1
-1
-1
-1
-1
-1
-1
-1
-1
-1
-1
-1
-1
-1
-1
-1
-1
-1
-1
-1
-1
-1
-1
-1
-1
-1
-1
-1
-1
-1
-1
-1
-1
-1
-1
-1
-1
-1
-1
-1
-1
-1
-1
-1
-1
-1
-1
-1
-1
-1
-1
-1
-1
-1
-1
-1
-1
-1
-1
-1
-1
-1
-1
-1
-1
-1
-1
-1
-1
-1
-1
-1
-1
-1
-1
-1
-1
-1
-1
-1
-1
-1
-1
-1
-1
-1
-1
-1
-1
-1
-1
-1
-1
-1
-1
-1
-1
-1
-1
-1
-1
-1
-1
-1
