0 20 23
1 20 22
1 20 21
6 20 20
2 21 20
2 22 20
2 23 20
2 24 20
2 25 20
2 26 20
2 27 20
2 28 20
2 29 20
2 30 20
4 31 20
1 31 19
1 31 18
1 31 17
1 31 16
1 31 15
6 31 14
4 32 14
1 32 13
1 32 12
1 32 11
6 32 10
4 33 10
1 33 9
6 33 8
2 34 8
2 35 8
2 36 8
2 37 8
0 38 8
1 20 24
1 20 25
4 20 26
2 19 26
2 18 26
2 17 26
2 16 26
2 15 26
2 14 26
2 13 26
0 12 26
5 38 7
2 37 7
2 36 7
2 35 7
-1
-1
-1
-1
-1
-1
-1
-1
-1
-1
-1
-1
-1
-1
-1
-1
-1
-1
-1
-1
-1
-1
-1
-1
-1
-1
-1
-1
-1
-1
-1
-1
-1
-1
0 34 7
4 39 8
6 39 7
2 40 7
2 41 7
2 42 7
4 43 7
1 43 6
1 43 5
1 43 4
6 43 3
2 44 3
-1
-1
-1
-1
-1
-1
-1
-1
-1
-1
-1
-1
-1
-1
-1
-1
-1
-1
0 45 3
1 12 25
1 12 24
1 12 23
1 12 22
1 12 21
5 12 20
3 11 20
1 11 19
1 11 18
1 11 17
1 11 16
1 11 15
5 11 14
3 10 14
-1
-1
-1
-1
-1
-1
-1
0 10 13
1 45 2
5 45 1
2 44 1
2 43 1
2 42 1
2 41 1
2 40 1
2 39 1
-1
-1
-1
-1
-1
-1
0 38 1
1 12 27
1 12 28
3 12 29
2 13 29
2 14 29
2 15 29
2 16 29
2 17 29
5 18 29
-1
-1
-1
0 18 30
6 11 26
1 11 27
1 11 28
1 11 29
1 11 30
1 11 31
1 11 32
-1
-1
0 11 33
-1
-1
-1
-1
-1
-1
-1
0 43 7
4 11 34
2 10 34
2 9 34
2 8 34
2 7 34
2 6 34
2 5 34
0 4 34
2 33 7
2 32 7
2 31 7
2 30 7
6 29 7
1 29 8
4 29 9
0 28 9
1 4 35
1 4 36
4 4 37
-1
-1
0 3 37
1 4 33
5 4 32
2 3 32
2 2 32
3 1 32
1 1 31
1 1 30
1 1 29
0 1 28
2 12 33
2 13 33
2 14 33
0 15 33
3 19 23
5 19 22
2 18 22
2 17 22
0 16 22
1 1 27
6 1 26
2 2 26
2 3 26
2 4 26
2 5 26
2 6 26
0 7 26
1 7 25
1 7 24
6 7 23
0 8 23
0 32 14
1 43 8
1 43 9
1 43 10
1 43 11
3 43 12
5 44 12
1 44 13
1 44 14
0 44 15
6 9 13
1 9 14
1 9 15
0 9 16
0 20 26
-1
0 18 29
1 7 27
1 7 28
3 7 29
0 8 29
1 38 2
1 38 3
1 38 4
3 38 5
2 39 5
0 40 5
1 10 12
1 10 11
1 10 10
5 10 9
0 9 9
0 20 20
0 14 29
1 38 9
3 38 10
0 39 10
1 44 16
1 44 17
1 44 18
1 44 19
0 44 20
0 33 10
2 16 33
2 17 33
0 18 33
0 7 34
5 44 7
1 44 8
3 44 9
2 45 9
0 46 9
0 1 32
0 11 20
4 11 13
1 11 12
6 11 11
2 12 11
0 13 11
0 1 26
0 31 20
2 21 26
0 22 26
1 13 10
1 13 9
6 13 8
2 14 8
0 15 8
0 13 29
0 29 7
2 32 20
2 33 20
2 34 20
0 35 20
5 15 7
3 14 7
1 14 6
0 14 5
0 28 10
2 23 26
0 24 26
2 46 3
2 47 3
0 48 3
0 11 16
1 46 10
1 46 11
3 46 12
2 47 12
0 48 12
1 44 21
4 44 22
2 43 22
0 42 22
1 16 21
0 16 20
1 16 23
1 16 24
3 16 25
0 17 25
1 28 11
4 28 12
2 27 12
2 26 12
2 25 12
0 24 12
2 40 10
0 41 10
1 16 19
1 16 18
0 16 17
1 31 21
1 31 22
1 31 23
1 31 24
0 31 25
1 31 26
1 31 27
1 31 28
1 31 29
1 31 30
1 31 31
1 31 32
1 31 33
0 31 34
1 31 35
1 31 36
1 31 37
1 31 38
0 31 39
1 18 34
1 18 35
1 18 36
1 18 37
1 18 38
1 18 39
1 18 40
1 18 41
3 18 42
0 19 42
1 19 43
1 19 44
4 19 45
0 18 45
1 31 40
1 31 41
1 31 42
0 31 43
1 31 44
4 31 45
0 30 45
0 0 32
2 32 25
2 33 25
2 34 25
2 35 25
2 36 25
2 37 25
0 38 25
3 8 16
5 8 15
2 7 15
2 6 15
2 5 15
2 4 15
0 3 15
0 38 5
1 38 26
1 38 27
1 38 28
0 38 29
1 3 16
1 3 17
1 3 18
3 3 19
0 4 19
2 15 5
2 16 5
2 17 5
2 18 5
2 19 5
0 20 5
3 13 12
2 14 12
2 15 12
2 16 12
0 17 12
1 20 4
0 20 3
2 43 15
2 42 15
2 41 15
0 40 15
3 42 23
0 43 23
1 24 25
1 24 24
0 24 23
2 32 39
0 33 39
1 43 24
1 43 25
0 43 26
1 9 8
1 9 7
1 9 6
5 9 5
0 8 5
6 30 34
4 30 35
2 29 35
2 28 35
2 27 35
0 26 35
0 44 12
1 29 6
6 29 5
0 30 5
2 7 5
2 6 5
2 5 5
2 4 5
2 3 5
0 2 5
1 18 46
3 18 47
2 19 47
0 20 47
5 32 43
3 32 44
2 33 44
2 34 44
2 35 44
2 36 44
2 37 44
2 38 44
2 39 44
2 40 44
2 41 44
2 42 44
0 43 44
1 24 13
1 24 14
3 24 15
0 25 15
1 8 4
1 8 3
1 8 2
1 8 1
6 8 0
2 9 0
0 10 0
1 2 4
1 2 3
1 2 2
5 2 1
2 1 1
0 0 1
4 25 16
0 24 16
-1
-1
-1
-1
-1
-1
-1
-1
-1
-1
-1
-1
-1
-1
-1
-1
-1
-1
-1
-1
-1
-1
-1
-1
-1
-1
-1
-1
-1
-1
-1
-1
-1
-1
-1
-1
-1
-1
-1
-1
-1
-1
-1
-1
-1
-1
-1
-1
-1
-1
-1
-1
-1
-1
-1
-1
-1
-1
-1
-1
-1
-1
-1
-1
-1
-1
-1
-1
-1
-1
-1
-1
-1
-1
-1
-1
-1
-1
-1
-1
-1
-1
-1
-1
-1
-1
-1
-1
-1
-1
-1
-1
-1
-1
-1
-1
-1
-1
-1
-1
-1
-1
-1
-1
-1
-1
-1
-1
-1
-1
-1
-1
-1
-1
-1
-1
-1
-1
-1
-1
-1
-1
-1
-1
-1
-1
-1
-1
-1
-1
-1
-1
-1
-1
-1
-1
-1
-1
-1
-1
-1
-1
-1
-1
-1
-1
-1
-1
-1
-1
-1
-1
-1
-1
-1
-1
-1
-1
-1
-1
-1
-1
-1
-1
-1
-1
-1
-1
-1
-1
-1
-1
-1
-1
-1
-1
-1
-1
-1
-1
-1
-1
-1
-1
-1
-1
-1
-1
-1
-1
-1
-1
-1
-1
-1
-1
-1
-1
-1
-1
-1
-1
-1
-1
-1
-1
-1
-1
-1
-1
-1
-1
-1
-1
-1
-1
-1
-1
-1
-1
-1
-1
-1
-1
-1
-1
-1
-1
-1
-1
-1
-1
-1
-1
-1
-1
-1
-1
-1
-1
-1
-1
-1
-1
-1
-1
-1
-1
-1
-1
-1
-1
-1
-1
-1
-1
-1
-1
-1
-1
-1
-1
-1
-1
-1
-1
-1
-1
-1
-1
-1
-1
-1
-1
-1
-1
-1
-1
-1
-1
-1
-1
-1
-1
-1
-1
-1
-1
-1
-1
-1
-1
-1
-1
-1
-1
-1
-1
-1
-1
-1
-1
-1
-1
-1
-1
