0 6 16
2 7 16
2 8 16
2 9 16
2 10 16
2 11 16
2 12 16
2 13 16
2 14 16
5 15 16
1 15 17
1 15 18
1 15 19
1 15 20
3 15 21
2 16 21
2 17 21
2 18 21
2 19 21
2 20 21
2 21 21
2 22 21
2 23 21
2 24 21
2 25 21
5 26 21
1 26 22
1 26 23
3 26 24
2 27 24
2 28 24
2 29 24
2 30 24
2 31 24
0 32 24
1 6 17
4 6 18
2 5 18
2 4 18
6 3 18
1 3 19
-1
1 3 20
-1
1 3 21
-1
-1
1 3 22
-1
-1
-1
-1
-1
-1
-1
-1
-1
-1
-1
-1
-1
-1
-1
-1
-1
-1
-1
-1
-1
-1
-1
-1
-1
-1
-1
-1
-1
-1
-1
-1
-1
-1
-1
-1
-1
-1
-1
-1
-1
-1
-1
-1
-1
-1
-1
-1
-1
-1
-1
-1
-1
-1
-1
-1
-1
-1
-1
-1
-1
-1
-1
-1
-1
-1
-1
-1
-1
-1
-1
-1
-1
-1
-1
-1
-1
-1
-1
-1
-1
-1
-1
-1
-1
-1
-1
-1
-1
-1
-1
-1
-1
-1
-1
-1
-1
-1
-1
-1
-1
-1
-1
-1
-1
-1
-1
-1
-1
-1
-1
-1
-1
-1
-1
-1
-1
-1
-1
-1
-1
-1
-1
-1
-1
-1
-1
-1
-1
-1
-1
0 3 23
2 33 24
-1
2 34 24
2 35 24
-1
2 36 24
5 37 24
-1
1 37 25
3 37 26
-1
2 38 26
2 39 26
-1
2 40 26
2 41 26
-1
2 42 26
2 43 26
-1
2 44 26
2 45 26
-1
2 46 26
5 47 26
1 47 27
-1
1 47 28
1 47 29
-1
3 47 30
5 48 30
-1
1 48 31
3 48 32
-1
-1
-1
-1
-1
-1
-1
-1
-1
-1
-1
-1
-1
-1
-1
-1
-1
-1
-1
-1
-1
-1
-1
-1
-1
-1
-1
-1
-1
-1
-1
-1
-1
-1
-1
-1
-1
-1
-1
-1
-1
-1
-1
-1
-1
-1
-1
-1
-1
-1
-1
-1
-1
-1
-1
-1
-1
-1
-1
-1
-1
-1
-1
-1
-1
-1
-1
-1
-1
-1
-1
-1
-1
0 49 32
2 4 23
5 5 23
3 5 24
5 6 24
1 6 25
1 6 26
1 6 27
1 6 28
1 6 29
1 6 30
1 6 31
1 6 32
1 6 33
1 6 34
3 6 35
2 7 35
2 8 35
2 9 35
2 10 35
5 11 35
1 11 36
1 11 37
1 11 38
1 11 39
1 11 40
1 11 41
1 11 42
1 11 43
1 11 44
1 11 45
1 11 46
1 11 47
-1
-1
-1
-1
-1
-1
-1
-1
-1
-1
-1
-1
-1
0 11 48
1 32 23
1 32 22
1 32 21
1 32 20
1 32 19
1 32 18
1 32 17
1 32 16
1 32 15
1 32 14
1 32 13
1 32 12
1 32 11
1 32 10
1 32 9
6 32 8
-1
-1
-1
-1
-1
-1
-1
-1
-1
-1
-1
0 33 8
6 33 7
2 34 7
2 35 7
2 36 7
2 37 7
2 38 7
-1
-1
-1
-1
-1
-1
-1
-1
-1
-1
0 39 7
-1
-1
-1
-1
-1
-1
-1
-1
-1
-1
-1
-1
0 6 24
-1
-1
-1
-1
-1
-1
-1
-1
-1
-1
0 15 16
1 15 15
1 15 14
1 15 13
1 15 12
5 15 11
2 14 11
3 13 11
1 13 10
1 13 9
1 13 8
1 13 7
5 13 6
0 12 6
4 16 16
1 16 15
6 16 14
2 17 14
2 18 14
2 19 14
2 20 14
2 21 14
2 22 14
2 23 14
0 24 14
-1
-1
-1
-1
-1
-1
-1
0 47 26
6 47 25
2 48 25
-1
-1
-1
-1
-1
0 49 25
2 40 7
2 41 7
2 42 7
4 43 7
1 43 6
1 43 5
-1
0 43 4
-1
-1
-1
-1
-1
-1
0 11 43
4 49 33
2 48 33
2 47 33
2 46 33
2 45 33
2 44 33
6 43 33
1 43 34
1 43 35
1 43 36
1 43 37
1 43 38
1 43 39
4 43 40
2 42 40
2 41 40
6 40 40
1 40 41
1 40 42
1 40 43
1 40 44
1 40 45
1 40 46
4 40 47
0 39 47
0 13 11
3 10 48
1 10 47
5 10 46
2 9 46
0 8 46
4 8 47
2 7 47
2 6 47
2 5 47
0 4 47
1 6 15
6 6 14
0 7 14
-1
-1
0 37 26
2 25 14
2 26 14
2 27 14
2 28 14
2 29 14
0 30 14
-1
-1
-1
0 7 35
-1
-1
-1
0 40 40
-1
-1
-1
-1
0 3 18
1 12 5
1 12 4
1 12 3
5 12 2
0 11 2
2 7 24
2 8 24
2 9 24
0 10 24
2 39 40
2 38 40
2 37 40
2 36 40
2 35 40
2 34 40
2 33 40
2 32 40
2 31 40
2 30 40
2 29 40
2 28 40
0 27 40
0 11 1
0 47 33
-1
-1
-1
-1
-1
-1
-1
-1
-1
-1
-1
-1
-1
-1
-1
-1
-1
-1
-1
-1
-1
-1
-1
-1
-1
-1
-1
-1
-1
-1
-1
-1
-1
-1
-1
-1
-1
-1
-1
-1
-1
-1
-1
-1
-1
-1
-1
-1
-1
-1
-1
-1
-1
-1
-1
-1
-1
-1
-1
-1
-1
-1
-1
-1
-1
-1
-1
-1
-1
-1
-1
-1
-1
-1
-1
-1
-1
-1
-1
-1
-1
-1
-1
-1
-1
-1
-1
-1
-1
-1
-1
-1
-1
-1
-1
-1
-1
-1
-1
-1
-1
-1
-1
-1
-1
-1
-1
-1
-1
-1
-1
-1
-1
-1
-1
-1
-1
-1
-1
-1
-1
-1
-1
-1
-1
-1
-1
-1
-1
-1
-1
-1
-1
-1
-1
-1
-1
-1
-1
-1
-1
-1
-1
-1
-1
-1
-1
-1
-1
-1
-1
-1
-1
-1
-1
-1
-1
-1
-1
-1
-1
-1
-1
-1
-1
-1
-1
-1
-1
-1
-1
-1
-1
-1
-1
-1
-1
-1
-1
-1
-1
-1
-1
-1
-1
-1
-1
-1
-1
-1
-1
-1
-1
-1
-1
-1
-1
-1
-1
-1
-1
-1
-1
-1
-1
-1
-1
-1
-1
-1
-1
-1
-1
-1
-1
-1
-1
-1
-1
-1
-1
-1
-1
-1
-1
-1
-1
-1
-1
-1
-1
-1
-1
-1
-1
-1
-1
-1
-1
-1
-1
-1
-1
-1
-1
-1
-1
-1
-1
-1
-1
-1
-1
-1
-1
-1
