0 10 36
2 11 36
2 12 36
2 13 36
4 14 36
1 14 35
1 14 34
1 14 33
6 14 32
2 15 32
2 16 32
4 17 32
1 17 31
6 17 30
4 18 30
1 18 29
1 18 28
1 18 27
1 18 26
6 18 25
2 19 25
2 20 25
2 21 25
2 22 25
4 23 25
1 23 24
1 23 23
1 23 22
1 23 21
1 23 20
1 23 19
1 23 18
1 23 17
1 23 16
1 23 15
1 23 14
1 23 13
6 23 12
4 24 12
1 24 11
1 24 10
1 24 9
1 24 8
1 24 7
1 24 6
1 24 5
6 24 4
4 25 4
6 25 3
2 26 3
0 27 3
2 28 3
2 29 3
-1
-1
-1
-1
-1
-1
0 30 3
1 10 37
4 10 38
2 9 38
2 8 38
2 7 38
2 6 38
2 5 38
6 4 38
1 4 39
1 4 40
4 4 41
2 3 41
2 2 41
-1
-1
-1
0 1 41
3 1 42
2 2 42
2 3 42
2 4 42
2 5 42
2 6 42
2 7 42
2 8 42
2 9 42
2 10 42
2 11 42
2 12 42
2 13 42
0 14 42
1 10 35
1 10 34
1 10 33
1 10 32
5 10 31
2 9 31
2 8 31
0 7 31
1 30 2
1 30 1
0 30 0
3 30 4
2 31 4
0 32 4
4 7 32
2 6 32
2 5 32
2 4 32
2 3 32
0 2 32
0 10 33
1 27 4
1 27 5
3 27 6
0 28 6
1 2 33
1 2 34
3 2 35
2 3 35
0 4 35
0 4 39
1 32 5
1 32 6
3 32 7
0 33 7
0 25 3
0 1 32
2 5 35
0 6 35
2 34 7
2 35 7
2 36 7
0 37 7
0 4 38
0 6 42
0 9 31
1 33 8
1 33 9
1 33 10
0 33 11
0 23 21
0 9 42
0 23 12
2 38 7
2 39 7
0 40 7
0 10 38
0 13 36
0 17 32
4 41 7
6 41 6
2 42 6
0 43 6
4 44 6
6 44 5
0 45 5
2 46 5
0 47 5
1 47 6
1 47 7
1 47 8
0 47 9
4 47 10
2 46 10
0 45 10
0 23 19
1 45 11
1 45 12
1 45 13
0 45 14
1 45 15
1 45 16
4 45 17
6 44 17
1 44 18
1 44 19
1 44 20
1 44 21
1 44 22
1 44 23
1 44 24
1 44 25
1 44 26
4 44 27
6 43 27
1 43 28
0 43 29
1 43 30
3 43 31
0 44 31
0 7 38
1 7 30
1 7 29
0 7 28
0 14 43
2 45 31
0 46 31
0 14 41
0 18 27
3 17 33
2 18 33
2 19 33
5 20 33
1 20 34
3 20 35
0 21 35
1 37 6
1 37 5
1 37 4
0 37 3
2 15 41
0 16 41
1 2 31
1 2 30
0 2 29
2 32 11
2 31 11
0 30 11
0 44 32
0 22 12
0 18 25
0 23 25
0 1 42
0 44 26
0 33 4
1 9 43
0 9 44
0 44 20
0 14 34
1 21 36
1 21 37
0 21 38
2 20 38
0 19 38
0 18 30
0 1 43
0 47 31
0 25 4
6 43 32
4 43 33
2 42 33
0 41 33
2 22 19
2 21 19
0 20 19
1 9 45
4 9 46
0 8 46
0 43 28
3 10 39
0 11 39
2 19 19
2 18 19
0 17 19
2 16 19
2 15 19
0 14 19
1 14 18
1 14 17
1 14 16
1 14 15
1 14 14
0 14 13
1 30 12
4 30 13
2 29 13
0 28 13
0 14 20
2 13 13
2 12 13
2 11 13
2 10 13
3 9 13
5 9 12
2 8 12
2 7 12
2 6 12
3 5 12
1 5 11
1 5 10
0 5 9
5 5 8
2 4 8
0 3 8
0 5 12
2 17 27
2 16 27
0 15 27
1 28 14
0 28 15
0 37 2
0 17 41
2 13 19
2 12 19
2 11 19
2 10 19
0 9 19
1 3 7
0 3 6
1 3 5
0 3 4
0 5 32
1 28 7
0 28 8
0 37 1
6 7 27
2 8 27
4 9 27
0 9 26
0 9 12
0 4 4
2 4 12
2 3 12
0 2 12
1 15 28
4 15 29
0 14 29
1 17 18
1 17 17
0 17 16
0 9 20
1 41 32
5 41 31
0 40 31
4 6 9
6 6 8
2 7 8
0 8 8
0 24 25
2 25 25
2 26 25
0 27 25
2 22 38
0 23 38
3 23 39
0 24 39
2 5 4
2 6 4
0 7 4
0 33 12
1 33 13
1 33 14
1 33 15
1 33 16
0 33 17
2 34 17
2 35 17
0 36 17
2 48 9
0 49 9
1 33 18
1 33 19
0 33 20
0 37 17
2 38 17
2 39 17
2 40 17
0 41 17
2 36 1
0 35 1
1 41 16
0 41 15
0 14 36
0 44 22
2 7 46
0 6 46
1 27 26
1 27 27
1 27 28
0 27 29
0 6 47
0 23 18
0 27 30
0 25 2
0 27 31
2 21 12
0 20 12
1 20 11
1 20 10
1 20 9
1 20 8
0 20 7
2 13 29
0 12 29
1 14 21
1 14 22
0 14 23
0 21 7
2 26 30
0 25 30
2 24 30
0 23 30
2 27 15
0 26 15
1 20 6
0 20 5
0 20 4
0 18 16
1 24 40
3 24 41
2 25 41
0 26 41
1 27 32
1 27 33
0 27 34
0 28 34
0 47 6
1 5 13
0 5 14
1 28 35
1 28 36
0 28 37
1 3 3
0 3 2
1 21 39
1 21 40
1 21 41
1 21 42
0 21 43
2 13 23
0 12 23
2 32 20
2 31 20
0 30 20
1 21 44
1 21 45
0 21 46
0 24 2
1 21 47
0 21 48
1 41 14
5 41 13
0 40 13
0 39 13
2 20 48
2 19 48
2 18 48
2 17 48
0 16 48
2 39 31
0 38 31
2 45 26
0 46 26
0 37 31
0 36 31
2 35 31
0 34 31
2 9 8
2 10 8
0 11 8
0 20 33
1 43 5
1 43 4
0 43 3
2 46 14
0 47 14
4 3 9
2 2 9
0 1 9
1 34 30
1 34 29
1 34 28
0 34 27
0 18 38
0 29 20
0 47 15
0 16 47
1 9 18
6 9 17
2 10 17
0 11 17
1 20 3
0 20 2
2 19 2
2 18 2
2 17 2
0 16 2
0 16 1
1 47 16
1 47 17
3 47 18
0 48 18
0 11 16
2 15 2
2 14 2
0 13 2
1 29 21
0 29 22
1 48 19
1 48 20
0 48 21
2 29 37
2 30 37
2 31 37
2 32 37
0 33 37
0 13 29
0 47 26
2 8 20
2 7 20
0 6 20
0 24 12
6 18 24
2 19 24
0 20 24
1 6 19
0 6 18
2 5 47
2 4 47
0 3 47
1 2 28
1 2 27
0 2 26
6 28 33
2 29 33
0 30 33
0 33 13
0 37 6
0 27 2
0 41 7
0 29 15
6 33 36
2 34 36
2 35 36
0 36 36
0 35 7
1 33 38
1 33 39
0 33 40
4 14 44
6 13 44
0 13 45
2 33 27
2 32 27
0 31 27
0 20 43
2 12 2
0 11 2
1 14 12
0 14 11
3 36 37
2 37 37
2 38 37
2 39 37
0 40 37
5 4 37
2 3 37
2 2 37
0 1 37
1 40 38
1 40 39
0 40 40
1 6 21
1 6 22
0 6 23
2 22 48
2 23 48
2 24 48
2 25 48
0 26 48
2 5 18
2 4 18
2 3 18
0 2 18
1 17 20
0 17 21
0 43 27
4 41 18
0 40 18
1 46 32
1 46 33
1 46 34
1 46 35
1 46 36
0 46 37
1 40 41
1 40 42
1 40 43
1 40 44
0 40 45
1 46 38
1 46 39
0 46 40
2 15 11
0 16 11
0 6 24
6 20 18
0 21 18
1 2 19
4 2 20
0 1 20
1 33 41
1 33 42
3 33 43
5 34 43
0 34 44
1 28 38
0 28 39
1 34 26
6 34 25
0 35 25
6 3 46
0 4 46
1 40 19
1 40 20
0 40 21
2 6 14
2 7 14
0 8 14
6 2 4
0 2 5
2 27 41
2 28 41
2 29 41
0 30 41
3 26 49
2 27 49
0 28 49
1 8 47
1 8 48
3 8 49
2 9 49
0 10 49
2 24 21
0 25 21
0 33 14
4 40 22
2 39 22
0 38 22
-1
-1
-1
-1
-1
-1
-1
-1
-1
-1
-1
-1
-1
-1
-1
-1
-1
-1
-1
-1
-1
-1
-1
-1
-1
-1
-1
-1
-1
-1
-1
-1
-1
-1
-1
-1
-1
-1
-1
-1
-1
-1
-1
-1
-1
-1
-1
-1
-1
-1
-1
-1
-1
-1
-1
-1
-1
-1
-1
-1
-1
-1
-1
-1
-1
-1
-1
-1
-1
-1
-1
-1
-1
-1
-1
-1
-1
-1
-1
-1
-1
-1
-1
-1
-1
-1
-1
-1
-1
-1
-1
-1
-1
-1
-1
-1
-1
-1
-1
-1
-1
-1
-1
-1
-1
-1
-1
-1
-1
-1
-1
-1
-1
-1
-1
-1
-1
-1
-1
-1
-1
-1
-1
-1
-1
-1
-1
-1
-1
-1
-1
-1
-1
-1
-1
-1
-1
-1
-1
-1
-1
-1
-1
-1
-1
-1
-1
-1
-1
-1
-1
-1
-1
-1
-1
-1
-1
-1
-1
-1
-1
-1
-1
-1
-1
-1
-1
-1
-1
-1
