0 11 26
1 11 25
1 11 24
6 11 23
2 12 23
2 13 23
2 14 23
2 15 23
2 16 23
2 17 23
2 18 23
2 19 23
2 20 23
2 21 23
2 22 23
2 23 23
4 24 23
6 24 22
2 25 22
2 26 22
2 27 22
2 28 22
2 29 22
2 30 22
2 31 22
2 32 22
2 33 22
4 34 22
1 34 21
1 34 20
6 34 19
4 35 19
6 35 18
2 36 18
2 37 18
2 38 18
2 39 18
4 40 18
1 40 17
1 40 16
1 40 15
1 40 14
1 40 13
1 40 12
1 40 11
6 40 10
2 41 10
2 42 10
2 43 10
2 44 10
2 45 10
2 46 10
0 47 10
1 47 9
1 47 8
5 47 7
2 46 7
-1
-1
-1
-1
-1
-1
-1
-1
-1
-1
-1
-1
-1
-1
-1
-1
0 45 7
1 11 27
1 11 28
1 11 29
1 11 30
-1
-1
-1
-1
-1
-1
-1
-1
-1
-1
-1
-1
-1
-1
-1
-1
-1
-1
-1
-1
-1
-1
-1
-1
-1
-1
-1
-1
0 11 31
-1
-1
-1
-1
-1
-1
-1
-1
-1
-1
-1
-1
-1
-1
-1
-1
-1
-1
-1
-1
-1
-1
0 43 10
3 10 26
5 10 25
2 9 25
2 8 25
2 7 25
2 6 25
2 5 25
3 4 25
1 4 24
1 4 23
1 4 22
1 4 21
1 4 20
-1
-1
-1
-1
-1
-1
-1
-1
-1
0 4 19
5 43 9
2 42 9
2 41 9
2 40 9
2 39 9
2 38 9
-1
-1
-1
-1
-1
-1
-1
-1
-1
-1
0 37 9
1 4 18
6 4 17
4 5 17
1 5 16
1 5 15
6 5 14
-1
-1
-1
-1
-1
-1
0 6 14
1 47 11
1 47 12
1 47 13
1 47 14
1 47 15
1 47 16
1 47 17
1 47 18
1 47 19
1 47 20
1 47 21
1 47 22
1 47 23
4 47 24
2 46 24
0 45 24
1 45 6
1 45 5
5 45 4
-1
-1
-1
0 44 4
1 11 32
4 11 33
2 10 33
2 9 33
2 8 33
2 7 33
2 6 33
-1
0 5 33
-1
-1
-1
-1
-1
-1
0 12 23
1 45 25
1 45 26
4 45 27
2 44 27
2 43 27
-1
-1
0 42 27
1 6 13
5 6 12
-1
-1
-1
0 5 12
1 37 8
5 37 7
2 36 7
2 35 7
-1
0 34 7
2 7 14
2 8 14
4 9 14
6 9 13
2 10 13
2 11 13
2 12 13
2 13 13
2 14 13
0 15 13
-1
0 7 33
2 33 7
2 32 7
2 31 7
2 30 7
0 29 7
1 29 6
1 29 5
1 29 4
1 29 3
1 29 2
0 29 1
1 15 12
1 15 11
1 15 10
1 15 9
0 15 8
-1
0 47 21
2 41 27
2 40 27
2 39 27
-1
0 38 27
4 44 5
2 43 5
0 42 5
1 38 28
1 38 29
1 38 30
0 38 31
1 38 32
1 38 33
1 38 34
1 38 35
1 38 36
1 38 37
1 38 38
1 38 39
1 38 40
1 38 41
1 38 42
1 38 43
0 38 44
0 40 18
0 47 16
0 19 23
2 39 44
2 40 44
2 41 44
2 42 44
0 43 44
0 38 37
1 38 45
1 38 46
4 38 47
2 37 47
2 36 47
2 35 47
0 34 47
0 34 22
2 33 47
2 32 47
2 31 47
2 30 47
2 29 47
0 28 47
0 4 25
0 45 27
2 27 47
2 26 47
2 25 47
2 24 47
2 23 47
0 22 47
1 45 28
1 45 29
1 45 30
0 45 31
0 9 14
1 22 46
5 22 45
0 21 45
0 5 17
0 39 18
5 15 7
2 14 7
2 13 7
2 12 7
0 11 7
0 24 23
2 20 45
0 19 45
-1
0 27 22
2 16 13
0 17 13
1 27 21
1 27 20
1 27 19
1 27 18
1 27 17
5 27 16
2 26 16
0 25 16
4 48 21
6 48 20
0 49 20
1 44 3
0 44 2
0 43 2
0 15 23
1 9 15
1 9 16
0 9 17
1 5 34
1 5 35
1 5 36
1 5 37
1 5 38
1 5 39
1 5 40
1 5 41
1 5 42
1 5 43
3 5 44
0 6 44
1 7 32
1 7 31
1 7 30
0 7 29
1 24 24
1 24 25
1 24 26
3 24 27
0 25 27
1 43 43
1 43 42
1 43 41
6 43 40
2 44 40
2 45 40
0 46 40
2 12 31
2 13 31
2 14 31
2 15 31
2 16 31
0 17 31
4 39 37
1 39 36
6 39 35
2 40 35
0 41 35
2 37 37
2 36 37
0 35 37
0 47 7
2 34 37
2 33 37
2 32 37
2 31 37
2 30 37
2 29 37
0 28 37
1 34 8
1 34 9
1 34 10
0 34 11
1 28 38
0 28 39
1 11 6
1 11 5
1 11 4
0 11 3
1 25 28
1 25 29
3 25 30
0 26 30
-1
-1
-1
-1
-1
-1
-1
-1
-1
-1
-1
-1
-1
-1
-1
-1
-1
-1
-1
-1
-1
-1
-1
-1
-1
-1
-1
-1
-1
-1
-1
-1
-1
-1
-1
-1
-1
-1
-1
-1
-1
-1
-1
-1
-1
-1
-1
-1
-1
-1
-1
-1
-1
-1
-1
-1
-1
-1
-1
-1
-1
-1
-1
-1
-1
-1
-1
-1
-1
-1
-1
-1
-1
-1
-1
-1
-1
-1
-1
-1
-1
-1
-1
-1
-1
-1
-1
-1
-1
-1
-1
-1
-1
-1
-1
-1
-1
-1
-1
-1
-1
-1
-1
-1
-1
-1
-1
-1
-1
-1
-1
-1
-1
-1
-1
-1
-1
-1
-1
-1
-1
-1
-1
-1
-1
-1
-1
-1
-1
-1
-1
-1
-1
-1
-1
-1
-1
-1
-1
-1
-1
-1
-1
-1
-1
-1
-1
-1
-1
-1
-1
-1
-1
-1
-1
-1
-1
-1
-1
-1
-1
-1
-1
-1
-1
-1
-1
-1
-1
-1
-1
-1
-1
-1
-1
-1
-1
-1
-1
-1
-1
-1
-1
-1
-1
-1
-1
-1
-1
-1
-1
-1
-1
-1
-1
-1
-1
-1
-1
-1
-1
-1
-1
-1
-1
-1
-1
-1
-1
-1
-1
-1
-1
-1
-1
-1
-1
-1
-1
-1
-1
-1
-1
-1
-1
-1
-1
-1
-1
-1
-1
-1
-1
-1
-1
-1
-1
-1
-1
-1
-1
-1
-1
-1
-1
-1
-1
-1
-1
-1
-1
-1
-1
-1
-1
-1
-1
-1
-1
-1
-1
-1
-1
-1
-1
-1
-1
-1
-1
-1
-1
-1
-1
-1
-1
-1
-1
-1
-1
-1
-1
-1
-1
-1
-1
-1
-1
-1
-1
-1
-1
-1
-1
-1
-1
-1
-1
-1
-1
-1
-1
-1
-1
-1
-1
-1
-1
-1
-1
-1
-1
-1
-1
-1
-1
-1
-1
-1
-1
-1
-1
-1
-1
-1
-1
-1
-1
-1
-1
-1
-1
-1
-1
-1
-1
-1
-1
-1
-1
-1
-1
-1
-1
-1
-1
-1
-1
-1
-1
-1
-1
-1
-1
-1
-1
-1
-1
-1
-1
-1
-1
-1
-1
-1
-1
-1
-1
-1
