0 1 4
1 1 5
3 1 6
2 2 6
2 3 6
2 4 6
2 5 6
2 6 6
5 7 6
1 7 7
3 7 8
5 8 8
1 8 9
1 8 10
1 8 11
3 8 12
5 9 12
1 9 13
1 9 14
1 9 15
1 9 16
1 9 17
1 9 18
1 9 19
1 9 20
1 9 21
1 9 22
1 9 23
1 9 24
1 9 25
1 9 26
1 9 27
3 9 28
5 10 28
1 10 29
1 10 30
1 10 31
1 10 32
3 10 33
2 11 33
2 12 33
2 13 33
5 14 33
1 14 34
1 14 35
1 14 36
1 14 37
1 14 38
1 14 39
1 14 40
1 14 41
1 14 42
1 14 43
1 14 44
3 14 45
2 15 45
2 16 45
2 17 45
2 18 45
2 19 45
0 20 45
6 20 44
2 21 44
4 22 44
1 22 43
1 22 42
6 22 41
2 23 41
2 24 41
2 25 41
2 26 41
2 27 41
2 28 41
2 29 41
2 30 41
2 31 41
2 32 41
2 33 41
2 34 41
2 35 41
2 36 41
2 37 41
2 38 41
4 39 41
1 39 40
1 39 39
1 39 38
1 39 37
1 39 36
0 39 35
-1
-1
-1
-1
-1
-1
0 4 6
5 39 34
2 38 34
3 37 34
5 37 33
2 36 33
2 35 33
3 34 33
1 34 32
1 34 31
0 34 30
4 40 35
1 40 34
1 40 33
6 40 32
0 41 32
1 4 5
1 4 4
6 4 3
2 5 3
2 6 3
2 7 3
2 8 3
2 9 3
0 10 3
0 39 37
1 1 3
1 1 2
-1
0 1 1
2 42 32
2 43 32
2 44 32
0 45 32
1 20 46
1 20 47
0 20 48
0 39 41
1 45 31
1 45 30
1 45 29
1 45 28
0 45 27
0 14 41
0 2 1
2 21 48
2 22 48
0 23 48
0 8 8
1 41 31
1 41 30
1 41 29
5 41 28
0 40 28
1 34 29
0 34 28
0 9 24
1 34 27
0 34 26
0 35 41
2 9 8
2 10 8
2 11 8
2 12 8
0 13 8
0 7 3
0 9 12
0 18 45
0 10 28
0 35 26
0 7 2
0 24 41
1 39 42
1 39 43
0 39 44
1 24 40
0 24 39
1 35 40
0 35 39
1 45 26
1 45 25
0 45 24
3 13 9
2 14 9
0 15 9
2 25 39
2 26 39
0 27 39
0 14 33
1 23 47
6 23 46
2 24 46
2 25 46
0 26 46
0 10 33
2 27 46
2 28 46
0 29 46
0 45 28
2 16 9
2 17 9
5 18 9
1 18 10
1 18 11
0 18 12
0 15 45
1 18 13
1 18 14
0 18 15
0 9 21
0 1 6
0 39 45
2 44 24
0 43 24
0 45 33
2 39 28
0 38 28
1 38 27
1 38 26
1 38 25
0 38 24
2 33 26
2 32 26
0 31 26
6 17 12
4 17 13
2 16 13
0 15 13
2 40 44
0 41 44
0 22 44
0 31 41
2 23 39
2 22 39
2 21 39
0 20 39
0 18 9
0 10 4
2 14 13
2 13 13
6 12 13
1 12 14
0 12 15
2 46 32
0 47 32
1 38 23
1 38 22
1 38 21
0 38 20
1 35 25
1 35 24
1 35 23
0 35 22
1 18 44
0 18 43
0 14 37
2 42 44
2 43 44
0 44 44
0 5 6
0 34 33
1 44 45
3 44 46
2 45 46
2 46 46
2 47 46
0 48 46
2 33 30
2 32 30
0 31 30
0 10 30
0 38 19
2 11 28
2 12 28
0 13 28
2 46 27
0 47 27
1 48 47
0 48 48
0 11 15
0 18 16
3 13 29
2 14 29
0 15 29
2 16 29
0 17 29
1 47 33
0 47 34
1 17 28
1 17 27
1 17 26
1 17 25
6 17 24
2 18 24
0 19 24
1 35 42
0 35 43
0 17 27
2 10 24
0 11 24
2 20 24
2 21 24
0 22 24
2 12 24
2 13 24
0 14 24
0 31 31
2 19 39
3 18 39
0 18 38
0 39 24
2 18 29
2 19 29
0 20 29
1 44 43
0 44 42
0 45 46
2 21 29
2 22 29
0 23 29
1 47 35
0 47 36
1 18 8
0 18 7
2 46 36
2 45 36
2 44 36
0 43 36
1 14 23
1 14 22
1 14 21
0 14 20
0 17 38
2 24 29
0 25 29
0 46 24
1 18 6
6 18 5
2 19 5
2 20 5
2 21 5
0 22 5
2 23 5
2 24 5
2 25 5
2 26 5
2 27 5
2 28 5
0 29 5
1 29 6
1 29 7
1 29 8
0 29 9
1 23 30
1 23 31
0 23 32
0 37 33
0 42 24
0 14 45
0 19 5
4 30 5
1 30 4
1 30 3
6 30 2
0 31 2
2 32 2
2 33 2
0 34 2
0 48 36
1 34 3
1 34 4
3 34 5
2 35 5
2 36 5
0 37 5
2 38 5
0 39 5
1 39 4
0 39 3
1 23 33
3 23 34
0 24 34
2 8 21
2 7 21
3 6 21
0 6 20
1 1 7
1 1 8
0 1 9
0 28 5
2 13 45
0 12 45
2 11 45
0 10 45
1 39 6
1 39 7
1 39 8
0 39 9
0 39 10
0 39 11
0 30 41
2 34 22
0 33 22
2 32 22
2 31 22
0 30 22
0 20 40
1 6 19
1 6 18
0 6 17
1 45 47
0 45 48
0 34 34
1 29 10
1 29 11
0 29 12
2 30 46
2 31 46
0 32 46
2 9 30
0 8 30
2 47 24
0 48 24
0 14 42
4 8 31
2 7 31
0 6 31
1 48 23
1 48 22
1 48 21
0 48 20
0 6 16
0 43 37
0 10 8
1 7 1
0 7 0
1 39 46
4 39 47
0 38 47
0 3 1
1 18 37
1 18 36
1 18 35
0 18 34
0 28 12
0 26 45
2 19 12
2 20 12
0 21 12
2 22 12
0 23 12
4 31 27
2 30 27
0 29 27
1 10 34
1 10 35
4 10 36
0 9 36
0 8 36
1 8 37
1 8 38
0 8 39
0 24 38
2 7 39
6 6 39
1 6 40
4 6 41
2 5 41
2 4 41
2 3 41
0 2 41
2 30 9
0 31 9
0 2 42
1 2 40
1 2 39
0 2 38
2 28 9
2 27 9
0 26 9
0 10 2
2 11 2
2 12 2
2 13 2
0 14 2
0 31 25
1 2 37
0 2 36
0 30 5
0 40 5
0 6 41
3 1 10
0 2 10
0 2 43
1 29 13
1 29 14
0 29 15
0 41 24
1 29 47
1 29 48
0 29 49
1 33 21
1 33 20
0 33 19
0 25 34
0 23 24
0 15 37
0 29 16
6 44 28
4 44 29
0 43 29
0 48 19
1 15 46
1 15 47
0 15 48
0 15 2
0 21 13
0 32 9
1 47 31
0 47 30
1 37 32
0 37 31
0 34 1
1 10 46
4 10 47
0 9 47
0 38 48
0 38 18
0 33 18
6 44 41
0 45 41
2 8 47
2 7 47
0 6 47
2 41 5
2 42 5
0 43 5
1 48 45
1 48 44
0 48 43
2 5 31
0 4 31
1 13 7
0 13 6
0 24 5
0 22 6
0 27 38
1 47 37
0 47 38
4 29 17
2 28 17
0 27 17
1 4 30
1 4 29
0 4 28
0 25 28
2 26 17
2 25 17
0 24 17
2 22 32
0 21 32
0 33 17
1 33 16
6 33 15
2 34 15
0 35 15
0 37 34
1 18 17
1 18 18
0 18 19
0 6 39
3 18 20
2 19 20
0 20 20
0 30 42
2 3 28
2 2 28
0 1 28
0 1 27
1 1 26
1 1 25
0 1 24
0 29 22
0 44 5
1 44 6
1 44 7
3 44 8
2 45 8
0 46 8
2 48 27
0 49 27
0 38 17
0 28 38
2 28 22
0 27 22
3 9 48
0 10 48
1 2 11
3 2 12
2 3 12
2 4 12
0 5 12
0 31 1
2 33 46
0 34 46
0 32 45
2 39 17
2 40 17
2 41 17
2 42 17
0 43 17
0 2 35
0 39 2
1 44 4
1 44 3
0 44 2
2 44 48
0 43 48
0 12 13
1 25 30
3 25 31
2 26 31
0 27 31
1 43 16
0 43 15
0 33 9
0 34 9
2 45 2
0 46 2
0 7 6
1 20 38
6 20 37
0 21 37
2 13 20
0 12 20
0 27 5
0 10 44
2 29 38
0 30 38
1 30 37
1 30 36
0 30 35
1 39 12
3 39 13
0 40 13
3 8 40
2 9 40
2 10 40
0 11 40
2 38 37
0 37 37
2 8 24
0 7 24
5 6 15
2 5 15
2 4 15
0 3 15
5 27 21
0 26 21
0 45 23
1 14 19
0 14 18
3 46 9
0 47 9
0 47 10
1 22 4
1 22 3
5 22 2
0 21 2
4 47 11
2 46 11
0 45 11
2 16 48
0 17 48
1 21 1
6 21 0
2 22 0
2 23 0
0 24 0
0 7 8
0 35 14
0 34 14
0 6 32
0 27 4
0 5 47
0 9 28
0 23 17
6 13 5
0 14 5
1 11 16
4 11 17
0 10 17
4 40 41
0 40 40
0 41 23
0 47 20
-1
-1
-1
-1
-1
-1
-1
-1
-1
-1
-1
-1
-1
-1
-1
-1
-1
-1
-1
-1
-1
-1
-1
-1
-1
-1
-1
-1
-1
-1
-1
-1
-1
-1
-1
-1
-1
-1
-1
-1
-1
-1
-1
-1
-1
-1
-1
-1
-1
-1
-1
-1
-1
-1
-1
-1
-1
-1
-1
-1
-1
-1
-1
-1
-1
-1
-1
-1
-1
-1
-1
-1
-1
-1
-1
-1
-1
-1
-1
-1
-1
-1
-1
-1
-1
-1
-1
-1
-1
-1
-1
-1
-1
-1
-1
-1
-1
-1
-1
-1
-1
-1
-1
-1
-1
-1
-1
-1
