0 16 23
2 17 23
4 18 23
1 18 22
1 18 21
1 18 20
1 18 19
1 18 18
1 18 17
1 18 16
1 18 15
1 18 14
6 18 13
2 19 13
2 20 13
2 21 13
2 22 13
2 23 13
2 24 13
2 25 13
2 26 13
2 27 13
2 28 13
4 29 13
6 29 12
2 30 12
4 31 12
1 31 11
1 31 10
1 31 9
1 31 8
1 31 7
0 31 6
2 32 6
2 33 6
2 34 6
2 35 6
2 36 6
2 37 6
0 38 6
1 38 7
1 38 8
1 38 9
1 38 10
1 38 11
3 38 12
2 39 12
2 40 12
5 41 12
1 41 13
1 41 14
1 41 15
1 41 16
1 41 17
3 41 18
2 42 18
2 43 18
5 44 18
1 44 19
1 44 20
3 44 21
5 45 21
1 45 22
3 45 23
2 46 23
5 47 23
1 47 24
0 47 25
-1
-1
-1
-1
-1
-1
-1
-1
-1
-1
-1
-1
-1
0 18 20
2 15 23
6 14 23
1 14 24
1 14 25
1 14 26
4 14 27
2 13 27
2 12 27
2 11 27
-1
-1
0 10 27
1 10 28
1 10 29
1 10 30
1 10 31
4 10 32
2 9 32
2 8 32
2 7 32
-1
0 6 32
2 30 6
6 29 6
1 29 7
1 29 8
1 29 9
4 29 10
2 28 10
0 27 10
1 31 5
1 31 4
1 31 3
1 31 2
5 31 1
0 30 1
2 5 32
2 4 32
2 3 32
3 2 32
1 2 31
0 2 30
2 48 25
4 49 25
1 49 24
1 49 23
1 49 22
1 49 21
0 49 20
1 6 33
1 6 34
1 6 35
1 6 36
1 6 37
4 6 38
2 5 38
0 4 38
0 14 26
2 29 1
2 28 1
0 27 1
2 26 1
2 25 1
2 24 1
0 23 1
3 17 20
5 17 19
2 16 19
2 15 19
2 14 19
2 13 19
0 12 19
0 20 13
5 15 26
1 15 27
1 15 28
0 15 29
0 47 23
0 29 13
1 2 29
1 2 28
1 2 27
0 2 26
0 10 32
2 3 26
4 4 26
1 4 25
1 4 24
0 4 23
1 38 5
5 38 4
0 37 4
2 16 29
2 17 29
0 18 29
0 25 13
0 4 26
3 18 30
2 19 30
0 20 30
1 20 31
1 20 32
1 20 33
1 20 34
1 20 35
1 20 36
0 20 37
0 31 9
1 20 38
1 20 39
1 20 40
1 20 41
4 20 42
0 19 42
0 41 12
0 18 23
0 45 21
0 49 25
6 18 42
4 18 43
2 17 43
0 16 43
1 27 2
0 27 3
2 15 43
2 14 43
2 13 43
0 12 43
0 20 35
0 38 9
0 14 23
1 20 12
1 20 11
0 20 10
1 12 42
0 12 41
0 18 16
4 19 23
6 19 22
2 20 22
2 21 22
2 22 22
2 23 22
0 24 22
2 25 22
2 26 22
0 27 22
1 27 23
3 27 24
2 28 24
2 29 24
0 30 24
0 31 12
1 30 25
1 30 26
0 30 27
1 30 28
1 30 29
3 30 30
2 31 30
0 32 30
6 11 19
1 11 20
0 11 21
0 22 13
6 29 27
1 29 28
1 29 29
4 29 30
0 28 30
1 28 31
0 28 32
1 12 44
1 12 45
0 12 46
2 11 41
2 10 41
0 9 41
6 1 26
4 1 27
0 0 27
1 37 3
1 37 2
0 37 1
0 4 22
0 15 19
2 21 35
2 22 35
2 23 35
0 24 35
0 27 24
1 12 18
0 12 17
2 38 1
2 39 1
2 40 1
2 41 1
2 42 1
2 43 1
0 44 1
1 19 43
1 19 44
1 19 45
0 19 46
1 12 40
0 12 39
2 3 22
2 2 22
0 1 22
0 29 14
0 19 47
1 24 34
0 24 33
1 44 2
4 44 3
0 43 3
2 13 39
0 14 39
0 41 18
2 33 30
2 34 30
0 35 30
4 19 48
0 18 48
2 20 47
2 21 47
2 22 47
2 23 47
0 24 47
2 11 17
2 10 17
0 9 17
0 23 2
1 35 29
1 35 28
0 35 27
0 10 30
1 24 46
1 24 45
5 24 44
0 23 44
1 23 43
1 23 42
0 23 41
0 18 13
1 23 3
1 23 4
1 23 5
0 23 6
1 22 14
0 22 15
4 36 30
6 36 29
2 37 29
2 38 29
0 39 29
0 43 4
1 47 26
0 47 27
2 25 47
0 26 47
1 9 42
1 9 43
4 9 44
0 8 44
2 40 18
2 39 18
2 38 18
2 37 18
2 36 18
0 35 18
1 29 15
4 29 16
0 28 16
0 23 40
1 20 9
5 20 8
0 19 8
0 18 8
1 15 30
0 15 31
0 23 39
1 35 17
1 35 16
0 35 15
0 29 6
1 28 17
0 28 18
1 10 26
0 10 25
2 9 25
0 8 25
0 32 6
0 19 20
0 22 22
2 22 2
2 21 2
2 20 2
0 19 2
2 37 9
0 36 9
1 15 32
0 15 33
0 41 15
1 20 29
1 20 28
1 20 27
0 20 26
1 16 24
0 16 25
2 31 24
0 32 24
1 41 19
1 41 20
1 41 21
1 41 22
0 41 23
2 18 2
2 17 2
2 16 2
2 15 2
0 14 2
2 16 33
2 17 33
0 18 33
0 14 3
2 27 18
2 26 18
0 25 18
0 24 39
2 17 13
0 16 13
4 35 19
0 34 19
6 41 11
2 42 11
0 43 11
0 35 14
3 43 5
2 44 5
2 45 5
0 46 5
3 40 23
5 40 22
0 39 22
2 8 41
0 7 41
0 40 1
1 9 16
1 9 15
1 9 14
1 9 13
1 9 12
0 9 11
1 9 10
6 9 9
0 10 9
1 10 8
1 10 7
0 10 6
1 6 31
1 6 30
0 6 29
1 26 46
1 26 45
6 26 44
2 27 44
0 28 44
1 39 30
1 39 31
0 39 32
1 12 38
0 12 37
5 14 1
2 13 1
0 12 1
1 10 5
5 10 4
2 9 4
0 8 4
2 21 30
2 22 30
0 23 30
0 23 29
0 32 12
0 44 18
2 11 9
2 12 9
0 13 9
1 12 36
0 12 35
1 7 40
1 7 39
0 7 38
0 24 6
1 1 21
1 1 20
6 1 19
0 2 19
2 27 47
2 28 47
2 29 47
0 30 47
2 15 13
0 14 13
2 31 47
2 32 47
2 33 47
0 34 47
0 2 32
1 34 46
6 34 45
0 35 45
6 9 6
4 9 7
2 8 7
2 7 7
0 6 7
2 36 45
2 37 45
0 38 45
1 2 18
1 2 17
1 2 16
0 2 15
1 12 47
3 12 48
0 13 48
0 2 14
3 14 40
2 15 40
0 16 40
1 27 25
0 27 26
0 36 27
1 28 43
6 28 42
4 29 42
0 29 41
6 29 40
2 30 40
2 31 40
2 32 40
0 33 40
1 28 19
3 28 20
0 29 20
0 7 37
0 10 21
1 32 31
1 32 32
0 32 33
2 5 7
3 4 7
5 4 6
2 3 6
2 2 6
2 1 6
0 0 6
6 7 44
4 7 45
2 6 45
0 5 45
1 33 39
0 33 38
5 3 15
3 3 16
2 4 16
0 5 16
0 36 26
1 15 18
6 15 17
0 16 17
6 38 44
2 39 44
2 40 44
2 41 44
2 42 44
0 43 44
3 32 38
5 32 37
0 31 37
6 30 0
0 31 0
1 47 28
0 47 29
2 40 32
0 41 32
1 41 33
3 41 34
2 42 34
2 43 34
0 44 34
1 44 35
1 44 36
1 44 37
0 44 38
2 46 27
0 45 27
1 15 34
1 15 35
3 15 36
0 16 36
1 33 37
0 33 36
3 43 45
2 44 45
0 45 45
4 44 39
2 43 39
2 42 39
2 41 39
2 40 39
0 39 39
5 45 34
1 45 35
3 45 36
2 46 36
0 47 36
1 0 5
1 0 4
1 0 3
1 0 2
6 0 1
2 1 1
0 2 1
-1
-1
-1
-1
-1
-1
-1
-1
-1
-1
-1
-1
-1
-1
-1
-1
-1
-1
-1
-1
-1
-1
-1
-1
-1
-1
-1
-1
-1
-1
-1
-1
-1
-1
-1
-1
-1
-1
-1
-1
-1
-1
-1
-1
-1
-1
-1
-1
-1
-1
-1
-1
-1
-1
-1
-1
-1
-1
-1
-1
-1
-1
-1
-1
-1
-1
-1
-1
-1
-1
-1
-1
-1
-1
-1
-1
-1
-1
-1
-1
-1
-1
-1
-1
-1
-1
-1
-1
-1
-1
-1
-1
-1
-1
-1
-1
-1
-1
-1
-1
-1
-1
-1
-1
-1
-1
-1
-1
-1
-1
-1
-1
-1
-1
-1
-1
-1
-1
-1
-1
-1
-1
-1
-1
-1
-1
-1
-1
-1
-1
-1
-1
-1
-1
-1
-1
-1
-1
-1
-1
-1
-1
-1
-1
-1
-1
-1
-1
-1
-1
-1
-1
-1
-1
-1
-1
-1
-1
-1
-1
-1
-1
-1
-1
-1
-1
-1
-1
-1
-1
-1
-1
-1
-1
-1
-1
-1
-1
-1
-1
-1
-1
-1
-1
-1
-1
-1
-1
-1
-1
-1
-1
