0 10 25
2 11 25
2 12 25
5 13 25
1 13 26
3 13 27
5 14 27
1 14 28
1 14 29
1 14 30
3 14 31
5 15 31
1 15 32
3 15 33
2 16 33
2 17 33
5 18 33
1 18 34
1 18 35
1 18 36
1 18 37
3 18 38
2 19 38
2 20 38
2 21 38
2 22 38
2 23 38
2 24 38
5 25 38
1 25 39
1 25 40
1 25 41
1 25 42
1 25 43
1 25 44
1 25 45
0 25 46
1 10 24
1 10 23
6 10 22
4 11 22
1 11 21
1 11 20
1 11 19
1 11 18
1 11 17
1 11 16
1 11 15
0 11 14
2 12 14
2 13 14
4 14 14
1 14 13
1 14 12
1 14 11
1 14 10
1 14 9
6 14 8
2 15 8
2 16 8
-1
-1
-1
-1
-1
-1
-1
-1
-1
0 17 8
2 24 46
2 23 46
2 22 46
2 21 46
2 20 46
2 19 46
2 18 46
6 17 46
4 17 47
2 16 47
2 15 47
2 14 47
2 13 47
-1
-1
-1
-1
-1
0 12 47
2 18 8
2 19 8
2 20 8
2 21 8
2 22 8
2 23 8
2 24 8
2 25 8
2 26 8
-1
-1
-1
-1
0 27 8
-1
-1
-1
-1
-1
-1
-1
-1
-1
0 16 33
2 11 47
2 10 47
2 9 47
3 8 47
1 8 46
1 8 45
1 8 44
1 8 43
1 8 42
1 8 41
5 8 40
2 7 40
0 6 40
1 25 47
4 25 48
2 24 48
2 23 48
0 22 48
1 17 7
1 17 6
5 17 5
2 16 5
2 15 5
0 14 5
4 26 46
1 26 45
6 26 44
2 27 44
2 28 44
0 29 44
-1
-1
-1
-1
0 14 10
6 10 14
1 10 15
4 10 16
2 9 16
2 8 16
0 7 16
1 27 9
1 27 10
1 27 11
1 27 12
3 27 13
2 28 13
0 29 13
2 30 13
2 31 13
2 32 13
0 33 13
0 8 47
3 17 9
2 18 9
2 19 9
2 20 9
0 21 9
0 18 33
1 27 7
1 27 6
1 27 5
1 27 4
0 27 3
1 18 32
1 18 31
1 18 30
1 18 29
0 18 28
0 19 38
2 26 3
2 25 3
0 24 3
1 12 46
1 12 45
6 12 44
2 13 44
0 14 44
0 25 38
0 13 25
1 7 15
5 7 14
0 6 14
0 11 20
1 14 4
1 14 3
1 14 2
0 14 1
4 24 4
2 23 4
2 22 4
0 21 4
0 18 38
0 17 47
1 29 45
1 29 46
0 29 47
0 30 47
0 12 44
1 33 12
1 33 11
1 33 10
1 33 9
0 33 8
0 25 43
0 21 10
0 29 14
2 15 44
2 16 44
0 17 44
0 15 31
2 34 8
2 35 8
2 36 8
2 37 8
2 38 8
0 39 8
2 5 14
2 4 14
0 3 14
0 8 42
0 8 40
1 25 37
6 25 36
2 26 36
2 27 36
0 28 36
1 39 9
1 39 10
1 39 11
1 39 12
1 39 13
0 39 14
1 29 15
1 29 16
1 29 17
0 29 18
2 30 18
0 31 18
0 39 15
0 23 8
0 25 48
1 31 19
1 31 20
1 31 21
1 31 22
1 31 23
0 31 24
0 31 25
0 17 5
0 19 33
2 28 18
2 27 18
2 26 18
0 25 18
1 16 34
0 16 35
0 14 31
2 29 36
2 30 36
2 31 36
2 32 36
0 33 36
1 33 35
1 33 34
1 33 33
1 33 32
0 33 31
0 26 8
0 14 14
0 34 31
0 35 31
1 39 7
1 39 6
0 39 5
0 14 27
2 15 14
2 16 14
2 17 14
2 18 14
0 19 14
2 15 35
2 14 35
0 13 35
1 25 19
1 25 20
0 25 21
0 19 28
0 33 7
1 39 4
1 39 3
1 39 2
0 39 1
0 25 39
0 22 46
1 10 26
0 10 27
0 10 16
2 26 21
0 27 21
1 14 43
0 14 42
0 5 40
2 15 1
0 16 1
1 19 27
1 19 26
0 19 25
3 33 37
2 34 37
2 35 37
0 36 37
1 7 17
0 7 18
1 25 17
0 25 16
3 19 29
2 20 29
0 21 29
4 10 28
6 9 28
1 9 29
0 9 30
3 14 15
0 15 15
2 8 30
2 7 30
0 6 30
0 6 13
2 31 47
2 32 47
2 33 47
0 34 47
1 25 22
1 25 23
0 25 24
0 6 29
5 32 18
3 32 19
2 33 19
2 34 19
0 35 19
0 22 45
0 25 40
5 6 28
2 5 28
2 4 28
0 3 28
3 21 11
2 22 11
0 23 11
0 27 12
0 18 44
0 17 48
1 6 12
1 6 11
0 6 10
0 11 44
4 7 19
0 6 19
1 6 20
0 6 21
2 40 15
2 41 15
2 42 15
2 43 15
0 44 15
1 44 16
1 44 17
4 44 18
0 43 18
1 29 43
1 29 42
0 29 41
0 17 28
2 13 5
0 12 5
6 7 42
0 7 43
1 3 27
1 3 26
0 3 25
0 25 15
1 3 24
5 3 23
2 2 23
0 1 23
2 36 31
2 37 31
0 38 31
1 43 19
0 43 20
2 24 16
2 23 16
0 22 16
1 28 35
0 28 34
1 6 31
1 6 32
0 6 33
2 7 10
0 8 10
2 35 47
2 36 47
2 37 47
2 38 47
0 39 47
1 12 4
5 12 3
2 11 3
2 10 3
0 9 3
0 5 33
0 30 41
2 24 21
0 23 21
4 3 15
2 2 15
0 1 15
2 22 21
0 21 21
1 1 16
0 1 17
5 9 2
2 8 2
0 7 2
4 7 3
2 6 3
2 5 3
0 4 3
2 3 3
0 2 3
1 44 14
1 44 13
1 44 12
1 44 11
0 44 10
6 24 40
4 24 41
2 23 41
0 22 41
1 2 4
1 2 5
0 2 6
3 43 21
2 44 21
2 45 21
2 46 21
2 47 21
0 48 21
1 13 36
1 13 37
0 13 38
4 9 4
0 8 4
1 38 30
0 38 29
5 28 3
3 28 4
2 29 4
0 30 4
2 27 34
2 26 34
0 25 34
0 21 30
1 34 46
1 34 45
0 34 44
1 38 28
1 38 27
1 38 26
6 38 25
0 39 25
2 40 25
0 41 25
0 19 34
1 29 12
1 29 11
6 29 10
0 30 10
2 7 47
2 6 47
0 5 47
2 38 1
2 37 1
2 36 1
2 35 1
2 34 1
0 33 1
2 40 1
2 41 1
2 42 1
2 43 1
2 44 1
2 45 1
2 46 1
0 47 1
1 47 2
3 47 3
0 48 3
1 19 15
0 19 16
0 24 34
2 45 10
2 46 10
0 47 10
1 1 14
1 1 13
0 1 12
0 32 31
6 27 2
0 28 2
2 31 31
0 30 31
2 37 37
2 38 37
0 39 37
6 33 6
2 34 6
0 35 6
2 2 28
2 1 28
6 0 28
0 0 29
4 40 5
6 40 4
2 41 4
0 42 4
0 35 1
4 34 13
1 34 12
6 34 11
0 35 11
0 35 20
1 19 24
5 19 23
2 18 23
0 17 23
0 9 31
3 9 25
1 9 24
0 9 23
2 4 40
2 3 40
6 2 40
4 2 41
0 1 41
4 12 20
6 12 19
2 13 19
0 14 19
0 29 48
2 42 25
2 43 25
0 44 25
1 39 36
6 39 35
2 40 35
2 41 35
2 42 35
2 43 35
2 44 35
0 45 35
6 24 24
0 24 25
1 44 26
1 44 27
1 44 28
0 44 29
3 47 11
2 48 11
0 49 11
3 24 26
2 25 26
0 26 26
1 34 30
0 34 29
1 45 36
1 45 37
1 45 38
0 45 39
2 45 29
0 46 29
-1
-1
-1
-1
-1
-1
-1
-1
-1
-1
-1
-1
-1
-1
-1
-1
-1
-1
-1
-1
-1
-1
-1
-1
-1
-1
-1
-1
-1
-1
-1
-1
-1
-1
-1
-1
-1
-1
-1
-1
-1
-1
-1
-1
-1
-1
-1
-1
-1
-1
-1
-1
-1
-1
-1
-1
-1
-1
-1
-1
-1
-1
-1
-1
-1
-1
-1
-1
-1
-1
-1
-1
-1
-1
-1
-1
-1
-1
-1
-1
-1
-1
-1
-1
-1
-1
-1
-1
-1
-1
-1
-1
-1
-1
-1
-1
-1
-1
-1
-1
-1
-1
-1
-1
-1
-1
-1
-1
-1
-1
-1
-1
-1
-1
-1
-1
-1
-1
-1
-1
-1
-1
-1
-1
-1
-1
-1
-1
-1
-1
-1
-1
-1
-1
-1
-1
-1
-1
-1
-1
-1
-1
-1
-1
-1
-1
-1
-1
-1
-1
-1
-1
-1
-1
-1
-1
-1
-1
-1
-1
-1
-1
-1
-1
-1
-1
-1
-1
-1
-1
-1
-1
-1
-1
-1
-1
-1
-1
-1
-1
-1
-1
-1
-1
-1
-1
-1
-1
-1
-1
-1
-1
-1
-1
-1
-1
-1
-1
-1
-1
-1
-1
-1
-1
