0 10 12
1 10 13
1 10 14
1 10 15
1 10 16
1 10 17
1 10 18
1 10 19
1 10 20
3 10 21
2 11 21
2 12 21
2 13 21
5 14 21
1 14 22
1 14 23
3 14 24
2 15 24
0 16 24
6 16 23
-1
2 17 23
-1
2 18 23
2 19 23
-1
2 20 23
-1
2 21 23
2 22 23
-1
2 23 23
-1
2 24 23
-1
2 25 23
2 26 23
-1
2 27 23
-1
2 28 23
-1
-1
-1
-1
-1
-1
-1
-1
-1
-1
-1
-1
-1
-1
-1
-1
-1
-1
-1
-1
-1
-1
-1
-1
-1
-1
-1
-1
-1
-1
-1
-1
-1
-1
-1
-1
-1
-1
-1
-1
-1
-1
-1
-1
-1
-1
-1
-1
-1
-1
-1
-1
-1
-1
-1
-1
-1
-1
-1
-1
-1
-1
-1
-1
-1
-1
-1
-1
-1
-1
-1
-1
-1
-1
-1
-1
-1
-1
-1
-1
-1
-1
-1
0 29 23
2 30 23
2 31 23
5 32 23
1 32 24
1 32 25
1 32 26
1 32 27
1 32 28
1 32 29
3 32 30
5 33 30
1 33 31
-1
-1
-1
-1
-1
-1
-1
-1
-1
-1
-1
-1
-1
-1
-1
-1
-1
-1
-1
-1
-1
-1
-1
-1
-1
-1
-1
-1
-1
0 33 32
4 16 25
2 15 25
2 14 25
6 13 25
1 13 26
1 13 27
1 13 28
1 13 29
1 13 30
1 13 31
1 13 32
1 13 33
1 13 34
1 13 35
1 13 36
1 13 37
4 13 38
2 12 38
6 11 38
1 11 39
1 11 40
1 11 41
1 11 42
1 11 43
1 11 44
1 11 45
1 11 46
4 11 47
2 10 47
0 9 47
5 11 12
1 11 13
3 11 14
2 12 14
5 13 14
1 13 15
1 13 16
3 13 17
2 14 17
2 15 17
-1
-1
-1
-1
-1
-1
0 16 17
1 29 22
1 29 21
1 29 20
1 29 19
1 29 18
6 29 17
4 30 17
1 30 16
1 30 15
1 30 14
1 30 13
1 30 12
1 30 11
1 30 10
1 30 9
1 30 8
1 30 7
1 30 6
6 30 5
2 31 5
2 32 5
2 33 5
2 34 5
2 35 5
2 36 5
0 37 5
5 10 11
2 9 11
2 8 11
2 7 11
2 6 11
0 5 11
3 9 48
2 10 48
2 11 48
2 12 48
2 13 48
2 14 48
0 15 48
-1
-1
-1
-1
0 13 14
1 33 33
1 33 34
3 33 35
5 34 35
1 34 36
1 34 37
1 34 38
1 34 39
0 34 40
2 35 40
2 36 40
0 37 40
1 13 13
6 13 12
2 14 12
2 15 12
0 16 12
1 15 47
6 15 46
2 16 46
2 17 46
2 18 46
0 19 46
2 17 12
4 18 12
1 18 11
1 18 10
1 18 9
1 18 8
0 18 7
0 10 17
0 14 21
2 9 17
2 8 17
2 7 17
2 6 17
0 5 17
0 11 41
1 18 6
6 18 5
4 19 5
6 19 4
2 20 4
0 21 4
0 15 46
0 30 11
2 34 32
2 35 32
2 36 32
0 37 32
0 13 25
2 20 46
2 21 46
0 22 46
0 10 20
0 13 33
0 12 48
6 21 3
2 22 3
2 23 3
2 24 3
0 25 3
0 13 29
0 34 35
0 30 16
6 9 12
1 9 13
4 9 14
0 8 14
0 30 5
1 37 39
0 37 38
0 33 30
0 32 23
0 13 38
1 37 4
1 37 3
0 37 2
0 17 17
2 10 41
2 9 41
2 8 41
2 7 41
0 6 41
0 22 23
1 22 24
1 22 25
1 22 26
0 22 27
2 21 27
0 20 27
6 12 33
1 12 34
4 12 35
2 11 35
2 10 35
0 9 35
2 8 47
2 7 47
0 6 47
1 6 48
0 6 49
0 29 19
1 22 22
1 22 21
0 22 20
1 20 28
1 20 29
0 20 30
1 37 6
1 37 7
1 37 8
4 37 9
0 36 9
0 19 5
2 12 25
2 11 25
0 10 25
1 20 31
3 20 32
0 21 32
5 36 8
2 35 8
0 34 8
1 5 12
4 5 13
0 4 13
0 5 41
3 5 18
2 6 18
0 7 18
2 33 23
2 34 23
0 35 23
0 11 17
1 9 36
4 9 37
0 8 37
2 38 32
2 39 32
2 40 32
0 41 32
2 42 32
2 43 32
2 44 32
0 45 32
2 38 5
2 39 5
2 40 5
2 41 5
0 42 5
1 9 34
5 9 33
2 8 33
2 7 33
0 6 33
2 5 47
2 4 47
0 3 47
0 5 33
0 30 14
1 41 33
1 41 34
0 41 35
5 16 11
0 15 11
1 6 32
1 6 31
1 6 30
0 6 29
2 9 25
2 8 25
2 7 25
0 6 25
1 3 46
0 3 45
1 22 19
0 22 18
0 15 10
2 4 17
0 3 17
1 10 26
0 10 27
1 42 6
1 42 7
3 42 8
2 43 8
2 44 8
2 45 8
0 46 8
1 46 9
0 46 10
1 3 18
1 3 19
0 3 20
1 22 17
0 22 16
0 18 5
2 4 41
2 3 41
0 2 41
1 46 11
3 46 12
0 47 12
0 1 41
0 38 2
1 2 40
0 2 39
2 31 16
0 32 16
0 18 12
1 45 31
0 45 30
4 3 48
2 2 48
0 1 48
2 36 2
0 35 2
1 47 13
1 47 14
1 47 15
1 47 16
0 47 17
2 23 27
2 24 27
0 25 27
3 13 39
2 14 39
2 15 39
2 16 39
2 17 39
0 18 39
0 21 33
2 19 39
2 20 39
0 21 39
0 10 11
1 10 10
0 10 9
2 32 32
2 31 32
2 30 32
0 29 32
0 10 8
2 2 17
0 1 17
2 36 23
2 37 23
2 38 23
2 39 23
0 40 23
1 40 22
1 40 21
1 40 20
0 40 19
1 25 28
1 25 29
0 25 30
1 47 18
1 47 19
1 47 20
1 47 21
0 47 22
0 46 17
1 47 23
0 47 24
2 39 19
2 38 19
0 37 19
2 18 17
0 19 17
1 40 24
0 40 25
1 17 18
1 17 19
0 17 20
4 29 33
0 28 33
1 35 24
1 35 25
1 35 26
3 35 27
0 36 27
2 20 33
2 19 33
0 18 33
1 28 34
1 28 35
1 28 36
0 28 37
0 28 38
0 40 35
4 3 39
1 3 38
0 3 37
2 9 8
2 8 8
0 7 8
0 22 39
2 19 12
2 20 12
0 21 12
2 22 12
0 23 12
1 22 40
0 22 41
4 18 34
6 17 34
0 17 35
2 23 18
2 24 18
0 25 18
1 15 45
5 15 44
2 14 44
0 13 44
1 14 20
0 14 19
1 25 26
1 25 25
6 25 24
0 26 24
0 19 45
3 37 41
2 38 41
2 39 41
2 40 41
2 41 41
0 42 41
1 10 24
0 10 23
1 29 24
1 29 25
0 29 26
3 21 34
2 22 34
0 23 34
2 5 25
0 4 25
1 45 33
1 45 34
1 45 35
1 45 36
3 45 37
2 46 37
2 47 37
0 48 37
1 34 41
1 34 42
1 34 43
1 34 44
0 34 45
1 37 18
0 37 17
1 36 10
1 36 11
3 36 12
0 37 12
1 25 4
1 25 5
3 25 6
0 26 6
6 37 11
2 38 11
2 39 11
0 40 11
1 25 2
1 25 1
6 25 0
2 26 0
2 27 0
0 28 0
4 35 45
6 35 44
2 36 44
2 37 44
0 38 44
1 23 11
1 23 10
0 23 9
0 14 29
2 43 41
2 44 41
0 45 41
1 19 44
5 19 43
2 18 43
0 17 43
1 22 47
3 22 48
2 23 48
2 24 48
2 25 48
2 26 48
0 27 48
1 42 4
1 42 3
1 42 2
6 42 1
0 43 1
1 10 7
1 10 6
6 10 5
0 11 5
1 26 7
3 26 8
0 27 8
1 27 47
1 27 46
1 27 45
5 27 44
0 26 44
1 7 7
1 7 6
1 7 5
1 7 4
5 7 3
2 6 3
0 5 3
1 40 26
1 40 27
3 40 28
0 41 28
1 34 46
0 34 47
-1
-1
-1
-1
-1
-1
-1
-1
-1
-1
-1
-1
-1
-1
-1
-1
-1
-1
-1
-1
-1
-1
-1
-1
-1
-1
-1
-1
-1
-1
-1
-1
-1
-1
-1
-1
-1
-1
-1
-1
-1
-1
-1
-1
-1
-1
-1
-1
-1
-1
-1
-1
-1
-1
-1
-1
-1
-1
-1
-1
-1
-1
-1
-1
-1
-1
-1
-1
-1
-1
-1
-1
-1
-1
-1
-1
-1
-1
-1
-1
-1
-1
-1
-1
-1
-1
-1
-1
-1
-1
-1
-1
-1
-1
-1
-1
-1
-1
-1
-1
-1
-1
-1
-1
-1
-1
-1
-1
-1
-1
-1
-1
-1
-1
-1
-1
-1
