0 16 25
1 16 26
1 16 27
1 16 28
1 16 29
1 16 30
1 16 31
3 16 32
2 17 32
2 18 32
2 19 32
2 20 32
2 21 32
2 22 32
2 23 32
5 24 32
3 24 33
2 25 33
2 26 33
2 27 33
2 28 33
2 29 33
2 30 33
2 31 33
2 32 33
2 33 33
2 34 33
2 35 33
2 36 33
2 37 33
2 38 33
2 39 33
5 40 33
3 40 34
2 41 34
2 42 34
5 43 34
3 43 35
2 44 35
2 45 35
2 46 35
5 47 35
1 47 36
1 47 37
1 47 38
1 47 39
1 47 40
1 47 41
1 47 42
1 47 43
1 47 44
0 47 45
6 15 25
4 15 26
2 14 26
2 13 26
2 12 26
2 11 26
2 10 26
2 9 26
2 8 26
2 7 26
2 6 26
-1
-1
-1
-1
-1
-1
-1
-1
-1
-1
-1
-1
-1
-1
-1
0 5 26
1 5 25
1 5 24
1 5 23
1 5 22
1 5 21
5 5 20
2 4 20
2 3 20
-1
-1
-1
-1
-1
-1
-1
0 2 20
3 47 46
2 48 46
-1
-1
-1
-1
-1
-1
-1
-1
0 49 46
2 17 25
2 18 25
2 19 25
2 20 25
2 21 25
2 22 25
2 23 25
2 24 25
2 25 25
2 26 25
2 27 25
4 28 25
1 28 24
6 28 23
2 29 23
2 30 23
4 31 23
1 31 22
1 31 21
1 31 20
1 31 19
0 31 18
0 16 32
4 16 33
2 15 33
2 14 33
-1
0 13 33
1 13 34
1 13 35
1 13 36
4 13 37
-1
0 12 37
3 46 45
1 46 44
5 46 43
2 45 43
0 44 43
5 16 24
3 15 24
1 15 23
1 15 22
1 15 21
0 15 20
2 32 18
2 33 18
2 34 18
2 35 18
2 36 18
0 37 18
1 37 19
0 37 20
2 14 20
2 13 20
0 12 20
3 12 38
2 13 38
4 14 38
1 14 37
6 14 36
2 15 36
2 16 36
0 17 36
0 11 26
2 11 37
2 10 37
2 9 37
0 8 37
0 31 23
1 5 27
1 5 28
1 5 29
0 5 30
0 47 38
3 37 21
2 38 21
2 39 21
0 40 21
0 47 42
2 6 30
2 7 30
2 8 30
0 9 30
0 16 27
1 44 44
1 44 45
3 44 46
2 45 46
0 46 46
0 28 25
1 28 26
1 28 27
0 28 28
0 8 38
0 6 26
0 14 38
1 40 22
1 40 23
4 40 24
0 39 24
0 24 25
0 40 34
1 49 47
0 49 48
0 42 34
2 41 21
0 42 21
1 12 19
1 12 18
1 12 17
1 12 16
0 12 15
0 39 25
0 15 23
6 11 15
4 11 16
2 10 16
0 9 16
1 12 14
1 12 13
1 12 12
1 12 11
1 12 10
1 12 9
0 12 8
0 28 33
0 20 32
0 47 35
2 11 8
2 10 8
2 9 8
0 8 8
1 28 32
0 28 31
1 28 34
1 28 35
0 28 36
1 42 20
1 42 19
1 42 18
6 42 17
0 43 17
1 8 7
1 8 6
0 8 5
1 43 16
1 43 15
0 43 14
1 37 17
1 37 16
1 37 15
0 37 14
0 8 39
2 36 14
0 35 14
2 44 14
0 45 14
1 8 40
1 8 41
0 8 42
1 8 43
1 8 44
1 8 45
1 8 46
0 8 47
0 32 33
5 8 4
0 7 4
1 20 31
0 20 30
1 28 37
1 28 38
1 28 39
0 28 40
2 29 40
2 30 40
0 31 40
6 30 18
4 30 19
2 29 19
2 28 19
0 27 19
2 7 37
0 6 37
4 9 47
1 9 46
6 9 45
0 10 45
0 36 20
2 27 40
2 26 40
2 25 40
2 24 40
0 23 40
2 7 47
2 6 47
2 5 47
0 4 47
1 14 39
1 14 40
1 14 41
0 14 42
0 10 44
0 23 39
1 47 34
1 47 33
0 47 32
1 47 31
0 47 30
2 29 28
2 30 28
0 31 28
1 44 42
1 44 41
5 44 40
0 43 40
1 39 26
4 39 27
0 38 27
0 16 30
0 48 42
0 47 31
0 22 32
1 24 24
1 24 23
0 24 22
6 43 43
1 43 44
1 43 45
0 43 46
0 43 13
2 4 30
0 3 30
1 43 47
1 43 48
0 43 49
0 23 22
1 23 41
1 23 42
4 23 43
2 22 43
0 21 43
1 8 9
0 8 10
4 8 11
2 7 11
2 6 11
2 5 11
2 4 11
2 3 11
0 2 11
0 1 11
1 17 37
1 17 38
0 17 39
5 47 29
2 46 29
2 45 29
0 44 29
2 42 40
2 41 40
0 40 40
5 40 39
2 39 39
2 38 39
3 37 39
0 37 38
0 18 25
0 33 18
3 9 31
0 10 31
0 48 35
0 5 22
0 11 27
1 21 44
1 21 45
1 21 46
0 21 47
1 10 32
0 10 33
0 43 34
1 43 12
5 43 11
2 42 11
2 41 11
0 40 11
2 22 47
2 23 47
0 24 47
2 3 47
0 2 47
1 40 10
1 40 9
1 40 8
5 40 7
0 39 7
0 17 27
2 25 47
0 26 47
0 27 47
2 7 42
0 6 42
1 35 13
1 35 12
0 35 11
0 47 39
2 20 47
2 19 47
2 18 47
2 17 47
0 16 47
1 2 12
0 2 13
0 18 36
2 32 23
2 33 23
0 34 23
0 23 38
2 13 8
0 14 8
3 14 9
2 15 9
0 16 9
2 28 47
2 29 47
0 30 47
0 27 28
1 27 18
5 27 17
2 26 17
0 25 17
0 28 34
1 25 16
1 25 15
0 25 14
1 25 13
1 25 12
6 25 11
0 26 11
1 26 10
1 26 9
1 26 8
1 26 7
0 26 6
1 26 5
0 26 4
1 32 34
0 32 35
1 44 28
1 44 27
0 44 26
0 24 32
2 8 16
2 7 16
0 6 16
1 39 6
6 39 5
0 40 5
1 31 41
1 31 42
0 31 43
0 12 14
0 19 36
0 24 46
2 9 10
0 10 10
1 38 28
4 38 29
0 37 29
2 32 40
0 33 40
2 22 22
0 21 22
1 40 41
1 40 42
0 40 43
2 5 37
2 4 37
2 3 37
2 2 37
0 1 37
0 1 36
1 26 3
6 26 2
2 27 2
2 28 2
0 29 2
6 15 19
2 16 19
2 17 19
0 18 19
0 40 35
1 1 38
1 1 39
1 1 40
4 1 41
0 0 41
2 42 49
2 41 49
2 40 49
0 39 49
2 38 49
2 37 49
0 36 49
1 36 48
1 36 47
1 36 46
0 36 45
1 16 46
0 16 45
0 9 33
2 2 30
0 1 30
6 29 1
2 30 1
2 31 1
0 32 1
2 20 43
0 19 43
0 21 30
2 41 5
2 42 5
0 43 5
2 32 28
0 33 28
0 31 22
3 37 30
2 38 30
0 39 30
1 18 18
5 18 17
0 17 17
0 30 48
1 43 6
3 43 7
2 44 7
2 45 7
2 46 7
5 47 7
3 47 8
0 48 8
1 7 3
0 7 2
2 15 47
2 14 47
0 13 47
2 6 22
2 7 22
2 8 22
0 9 22
0 6 47
2 8 2
2 9 2
2 10 2
0 11 2
1 48 7
1 48 6
1 48 5
1 48 4
1 48 3
0 48 2
0 35 45
2 43 21
0 44 21
5 38 14
3 38 15
2 39 15
0 40 15
6 17 16
2 18 16
2 19 16
2 20 16
0 21 16
2 25 4
2 24 4
2 23 4
2 22 4
2 21 4
0 20 4
1 32 2
1 32 3
1 32 4
0 32 5
1 32 6
1 32 7
3 32 8
0 33 8
0 13 38
1 16 10
0 16 11
2 25 6
0 24 6
6 6 2
4 6 3
2 5 3
2 4 3
2 3 3
0 2 3
1 40 4
5 40 3
2 39 3
0 38 3
2 45 21
2 46 21
0 47 21
2 44 17
2 45 17
2 46 17
2 47 17
0 48 17
1 27 20
0 27 21
-1
-1
-1
-1
-1
-1
-1
-1
-1
-1
-1
-1
-1
-1
-1
-1
-1
-1
-1
-1
-1
-1
-1
-1
-1
-1
-1
-1
-1
-1
-1
-1
-1
-1
-1
-1
-1
-1
-1
-1
-1
-1
-1
-1
-1
-1
-1
-1
-1
-1
-1
-1
-1
-1
-1
-1
-1
-1
-1
-1
-1
-1
-1
-1
-1
-1
-1
-1
-1
-1
-1
-1
-1
-1
-1
-1
-1
-1
-1
-1
-1
-1
-1
-1
-1
-1
-1
-1
-1
-1
-1
-1
-1
-1
-1
-1
-1
-1
-1
-1
-1
-1
-1
-1
-1
-1
-1
-1
-1
-1
-1
-1
-1
-1
-1
-1
-1
-1
-1
-1
-1
-1
-1
-1
-1
-1
-1
-1
-1
-1
-1
-1
-1
-1
-1
-1
-1
-1
-1
-1
-1
-1
-1
-1
-1
-1
-1
-1
-1
-1
-1
-1
-1
-1
-1
-1
-1
-1
-1
-1
-1
-1
-1
-1
-1
-1
-1
-1
-1
-1
-1
-1
-1
-1
-1
-1
-1
-1
-1
-1
-1
