0 9 2
1 9 3
1 9 4
1 9 5
1 9 6
1 9 7
1 9 8
1 9 9
3 9 10
2 10 10
2 11 10
2 12 10
2 13 10
2 14 10
2 15 10
5 16 10
3 16 11
2 17 11
2 18 11
2 19 11
2 20 11
2 21 11
2 22 11
2 23 11
5 24 11
3 24 12
2 25 12
2 26 12
2 27 12
2 28 12
2 29 12
2 30 12
2 31 12
2 32 12
2 33 12
5 34 12
1 34 13
1 34 14
1 34 15
1 34 16
1 34 17
1 34 18
3 34 19
0 35 19
3 35 20
2 36 20
2 37 20
2 38 20
5 39 20
1 39 21
3 39 22
2 40 22
-1
-1
-1
-1
-1
-1
-1
-1
-1
-1
-1
-1
-1
-1
-1
-1
-1
-1
-1
-1
-1
-1
-1
-1
-1
-1
-1
-1
-1
-1
-1
-1
-1
-1
-1
-1
-1
-1
-1
-1
-1
-1
-1
-1
-1
-1
-1
-1
-1
-1
-1
-1
0 41 22
1 41 23
1 41 24
1 41 25
1 41 26
3 41 27
2 42 27
2 43 27
2 44 27
2 45 27
2 46 27
5 47 27
1 47 28
1 47 29
1 47 30
1 47 31
-1
-1
-1
-1
-1
-1
-1
-1
-1
-1
-1
-1
-1
-1
-1
-1
-1
-1
-1
-1
-1
-1
-1
-1
-1
-1
-1
-1
-1
-1
-1
-1
0 47 32
6 8 2
4 8 3
2 7 3
6 6 3
1 6 4
4 6 5
2 5 5
2 4 5
6 3 5
1 3 6
1 3 7
1 3 8
-1
-1
-1
-1
-1
-1
-1
-1
-1
-1
-1
-1
-1
-1
-1
-1
-1
0 3 9
1 47 33
1 47 34
1 47 35
1 47 36
1 47 37
1 47 38
4 47 39
2 46 39
-1
-1
-1
-1
-1
-1
-1
-1
-1
-1
-1
-1
0 45 39
1 3 10
1 3 11
1 3 12
1 3 13
1 3 14
1 3 15
1 3 16
1 3 17
1 3 18
1 3 19
1 3 20
1 3 21
1 3 22
1 3 23
1 3 24
1 3 25
1 3 26
3 3 27
2 4 27
0 5 27
1 5 28
1 5 29
1 5 30
1 5 31
3 5 32
2 6 32
5 7 32
1 7 33
1 7 34
1 7 35
3 7 36
2 8 36
5 9 36
1 9 37
1 9 38
3 9 39
2 10 39
2 11 39
0 12 39
1 35 18
6 35 17
2 36 17
4 37 17
1 37 16
1 37 15
1 37 14
1 37 13
1 37 12
1 37 11
6 37 10
2 38 10
0 39 10
3 12 40
2 13 40
2 14 40
2 15 40
-1
0 16 40
2 6 27
2 7 27
2 8 27
2 9 27
2 10 27
2 11 27
2 12 27
2 13 27
2 14 27
2 15 27
2 16 27
2 17 27
2 18 27
2 19 27
2 20 27
2 21 27
2 22 27
2 23 27
4 24 27
1 24 26
1 24 25
1 24 24
6 24 23
0 25 23
0 18 11
0 6 3
-1
-1
-1
0 27 12
-1
-1
-1
-1
0 3 15
1 27 11
1 27 10
1 27 9
1 27 8
0 27 7
1 27 6
1 27 5
6 27 4
2 28 4
2 29 4
2 30 4
2 31 4
0 32 4
0 47 38
1 5 26
1 5 25
1 5 24
6 5 23
0 6 23
1 16 41
-1
0 16 42
1 16 39
6 16 38
2 17 38
2 18 38
0 19 38
3 39 11
2 40 11
2 41 11
2 42 11
2 43 11
2 44 11
2 45 11
0 46 11
0 19 27
0 5 30
1 45 40
1 45 41
1 45 42
3 45 43
0 46 43
0 3 20
1 18 12
1 18 13
3 18 14
2 19 14
5 20 14
1 20 15
1 20 16
0 20 17
0 47 27
0 34 12
0 24 27
6 44 39
4 44 40
0 43 40
0 30 4
1 24 28
1 24 29
1 24 30
1 24 31
3 24 32
0 25 32
1 27 13
1 27 14
0 27 15
0 31 12
0 9 9
4 16 43
2 15 43
2 14 43
2 13 43
2 12 43
2 11 43
0 10 43
0 7 36
0 41 25
0 25 12
0 12 27
2 26 15
0 25 15
1 6 2
5 6 1
2 5 1
2 4 1
0 3 1
0 39 20
0 18 13
0 10 2
1 19 26
0 19 25
5 39 9
2 38 9
0 37 9
4 40 10
1 40 9
1 40 8
1 40 7
0 40 6
0 13 43
2 19 17
2 18 17
0 17 17
2 16 17
2 15 17
2 14 17
0 13 17
1 13 16
0 13 15
1 25 33
4 25 34
2 24 34
0 23 34
0 16 10
0 9 36
0 27 16
2 26 7
2 25 7
2 24 7
0 23 7
5 4 9
3 4 10
0 5 10
1 25 22
0 25 21
2 26 23
2 27 23
2 28 23
2 29 23
0 30 23
5 19 24
2 18 24
2 17 24
2 16 24
0 15 24
1 17 18
1 17 19
4 17 20
0 16 20
0 37 17
0 7 32
2 40 25
2 39 25
2 38 25
2 37 25
2 36 25
0 35 25
5 23 6
2 22 6
2 21 6
0 20 6
1 20 5
0 20 4
6 4 30
1 4 31
4 4 32
2 3 32
0 2 32
1 2 33
1 2 34
0 2 35
1 32 3
1 32 2
0 32 1
3 23 35
2 24 35
2 25 35
2 26 35
2 27 35
2 28 35
2 29 35
0 30 35
6 30 34
2 31 34
2 32 34
0 33 34
1 30 36
3 30 37
0 31 37
2 40 20
2 41 20
2 42 20
2 43 20
2 44 20
0 45 20
3 2 9
5 2 8
2 1 8
0 0 8
0 12 28
1 31 11
1 31 10
5 31 9
0 30 9
3 46 12
0 47 12
2 7 23
2 8 23
0 9 23
1 33 33
6 33 32
2 34 32
2 35 32
2 36 32
0 37 32
5 17 42
1 17 43
1 17 44
1 17 45
1 17 46
1 17 47
3 17 48
2 18 48
2 19 48
2 20 48
2 21 48
2 22 48
2 23 48
0 24 48
1 31 38
1 31 39
1 31 40
1 31 41
1 31 42
1 31 43
3 31 44
0 32 44
-1
-1
-1
-1
-1
-1
-1
-1
-1
-1
-1
-1
-1
-1
-1
-1
-1
-1
-1
-1
-1
-1
-1
-1
-1
-1
-1
-1
-1
-1
-1
-1
-1
-1
-1
-1
-1
-1
-1
-1
-1
-1
-1
-1
-1
-1
-1
-1
-1
-1
-1
-1
-1
-1
-1
-1
-1
-1
-1
-1
-1
-1
-1
-1
-1
-1
-1
-1
-1
-1
-1
-1
-1
-1
-1
-1
-1
-1
-1
-1
-1
-1
-1
-1
-1
-1
-1
-1
-1
-1
-1
-1
-1
-1
-1
-1
-1
-1
-1
-1
-1
-1
-1
-1
-1
-1
-1
-1
-1
-1
-1
-1
-1
-1
-1
-1
-1
-1
-1
-1
-1
-1
-1
-1
-1
-1
-1
-1
-1
-1
-1
-1
-1
-1
-1
-1
-1
-1
-1
-1
-1
-1
-1
-1
-1
-1
-1
-1
-1
-1
-1
-1
-1
-1
-1
-1
-1
-1
-1
-1
-1
-1
-1
-1
-1
-1
-1
-1
-1
-1
-1
-1
-1
-1
-1
-1
-1
-1
-1
-1
-1
-1
-1
-1
-1
-1
-1
-1
-1
-1
-1
-1
-1
-1
-1
-1
-1
-1
-1
-1
-1
-1
-1
-1
-1
-1
-1
-1
-1
-1
-1
-1
-1
-1
-1
-1
-1
-1
-1
-1
-1
-1
-1
-1
-1
-1
-1
-1
-1
-1
-1
-1
-1
-1
-1
-1
-1
-1
-1
-1
-1
-1
-1
-1
-1
-1
-1
-1
-1
-1
-1
-1
-1
-1
-1
-1
-1
-1
-1
-1
-1
-1
-1
-1
-1
-1
-1
-1
-1
-1
-1
-1
-1
-1
-1
