0 29 14
1 29 15
1 29 16
1 29 17
1 29 18
3 29 19
2 30 19
2 31 19
5 32 19
1 32 20
1 32 21
1 32 22
1 32 23
3 32 24
2 33 24
2 34 24
2 35 24
2 36 24
5 37 24
1 37 25
1 37 26
3 37 27
5 38 27
1 38 28
1 38 29
1 38 30
1 38 31
1 38 32
1 38 33
1 38 34
1 38 35
1 38 36
1 38 37
1 38 38
1 38 39
0 38 40
4 38 41
2 37 41
2 36 41
2 35 41
2 34 41
2 33 41
2 32 41
6 31 41
4 31 42
2 30 42
2 29 42
2 28 42
2 27 42
2 26 42
2 25 42
2 24 42
2 23 42
2 22 42
2 21 42
2 20 42
2 19 42
2 18 42
2 17 42
2 16 42
2 15 42
2 14 42
6 13 42
4 13 43
2 12 43
2 11 43
2 10 43
2 9 43
2 8 43
2 7 43
2 6 43
2 5 43
2 4 43
0 3 43
2 28 14
3 27 14
1 27 13
5 27 12
3 26 12
1 26 11
5 26 10
2 25 10
2 24 10
-1
-1
-1
-1
-1
-1
-1
-1
-1
-1
-1
-1
0 23 10
5 39 40
1 39 41
1 39 42
1 39 43
4 39 44
2 38 44
2 37 44
6 36 44
-1
-1
-1
-1
-1
-1
-1
-1
-1
0 36 45
1 23 11
1 23 12
1 23 13
1 23 14
1 23 15
1 23 16
-1
-1
-1
-1
-1
0 23 17
2 37 45
2 38 45
2 39 45
2 40 45
5 41 45
3 41 46
2 42 46
2 43 46
2 44 46
2 45 46
2 46 46
0 47 46
1 29 13
1 29 12
6 29 11
4 30 11
1 30 10
1 30 9
1 30 8
-1
0 30 7
1 47 45
1 47 44
1 47 43
5 47 42
2 46 42
2 45 42
0 44 42
6 30 6
2 31 6
4 32 6
1 32 5
1 32 4
-1
0 32 3
1 36 46
1 36 47
3 36 48
2 37 48
0 38 48
5 32 2
2 31 2
2 30 2
2 29 2
2 28 2
0 27 2
2 22 17
2 21 17
2 20 17
2 19 17
2 18 17
2 17 17
0 16 17
2 35 45
2 34 45
2 33 45
0 32 45
1 32 46
1 32 47
1 32 48
0 32 49
1 16 18
4 16 19
2 15 19
2 14 19
2 13 19
0 12 19
2 43 42
2 42 42
0 41 42
2 33 3
2 34 3
0 35 3
0 26 12
1 44 41
6 44 40
2 45 40
0 46 40
0 20 17
1 46 39
1 46 38
6 46 37
0 47 37
1 3 42
6 3 41
0 4 41
0 41 45
1 20 18
1 20 19
1 20 20
4 20 21
2 19 21
0 18 21
1 18 22
4 18 23
6 17 23
1 17 24
1 17 25
0 17 26
0 36 48
0 16 16
0 8 43
1 17 27
1 17 28
1 17 29
1 17 30
0 17 31
0 30 11
0 26 42
0 16 26
1 35 4
3 35 5
2 36 5
2 37 5
0 38 5
0 32 19
0 38 44
0 31 41
0 23 9
0 38 27
1 38 6
1 38 7
0 38 8
1 17 32
1 17 33
3 17 34
2 18 34
0 19 34
0 13 42
0 29 18
2 15 26
2 14 26
2 13 26
2 12 26
2 11 26
0 10 26
1 10 27
4 10 28
2 9 28
0 8 28
2 39 5
2 40 5
0 41 5
0 32 23
2 20 34
2 21 34
2 22 34
0 23 34
2 37 8
0 36 8
0 17 34
1 36 9
1 36 10
0 36 11
1 20 16
1 20 15
0 20 14
1 4 40
0 4 39
1 4 38
1 4 37
1 4 36
1 4 35
0 4 34
0 21 42
2 5 34
2 6 34
2 7 34
0 8 34
2 9 34
0 10 34
0 37 24
1 26 43
1 26 44
0 26 45
0 16 31
1 10 25
1 10 24
5 10 23
0 9 23
0 11 43
4 3 44
0 2 44
2 8 23
2 7 23
0 6 23
0 6 22
1 36 12
1 36 13
3 36 14
2 37 14
0 38 14
6 23 33
2 24 33
0 25 33
1 25 32
1 25 31
1 25 30
1 25 29
0 25 28
1 23 35
1 23 36
3 23 37
0 24 37
2 39 14
2 40 14
2 41 14
0 42 14
1 42 15
1 42 16
1 42 17
0 42 18
1 23 8
6 23 7
0 24 7
1 8 35
1 8 36
0 8 37
1 42 19
1 42 20
0 42 21
1 13 41
1 13 40
0 13 39
0 33 45
1 6 21
1 6 20
1 6 19
1 6 18
0 6 17
0 35 8
1 26 46
3 26 47
0 27 47
0 38 32
0 2 45
0 23 14
2 3 34
0 2 34
1 2 46
0 2 47
0 35 41
0 11 19
2 18 26
0 19 26
0 47 44
4 38 15
2 37 15
2 36 15
0 35 15
2 26 28
0 27 28
0 8 44
2 25 37
0 26 37
1 13 38
0 13 37
0 16 19
6 19 25
2 20 25
0 21 25
1 12 20
0 12 21
1 23 18
1 23 19
0 23 20
1 27 27
1 27 26
1 27 25
0 27 24
0 27 1
2 28 24
0 29 24
1 38 4
1 38 3
0 38 2
5 39 32
3 39 33
2 40 33
0 41 33
2 42 33
0 43 33
1 6 16
1 6 15
1 6 14
1 6 13
1 6 12
0 6 11
0 8 42
2 3 47
0 4 47
1 6 10
1 6 9
1 6 8
1 6 7
1 6 6
6 6 5
0 7 5
1 19 35
3 19 36
0 20 36
2 8 5
0 9 5
0 44 33
2 26 2
2 25 2
2 24 2
0 23 2
0 17 42
1 31 40
1 31 39
5 31 38
0 30 38
0 30 10
0 32 6
4 47 47
2 46 47
2 45 47
2 44 47
0 43 47
2 7 11
0 8 11
2 34 15
0 33 15
2 9 11
0 10 11
3 25 34
2 26 34
2 27 34
2 28 34
0 29 34
1 37 23
1 37 22
6 37 21
0 38 21
1 17 43
1 17 44
1 17 45
3 17 46
0 18 46
1 41 34
1 41 35
1 41 36
0 41 37
0 24 17
0 12 39
1 16 15
1 16 14
6 16 13
0 17 13
0 32 15
4 18 47
2 17 47
0 16 47
1 10 33
6 10 32
0 11 32
5 19 46
3 19 47
2 20 47
2 21 47
0 22 47
0 32 22
1 42 22
3 42 23
2 43 23
2 44 23
0 45 23
1 45 24
1 45 25
1 45 26
3 45 27
0 46 27
0 5 17
3 22 9
5 22 8
2 21 8
2 20 8
0 19 8
1 16 27
4 16 28
2 15 28
2 14 28
0 13 28
2 28 28
2 29 28
2 30 28
2 31 28
0 32 28
1 9 6
3 9 7
0 10 7
1 21 41
1 21 40
0 21 39
2 43 14
2 44 14
0 45 14
0 16 18
6 41 4
2 42 4
0 43 4
2 24 28
0 23 28
6 29 7
4 29 8
0 28 8
3 29 35
2 30 35
2 31 35
2 32 35
2 33 35
0 34 35
1 6 24
4 6 25
2 5 25
2 4 25
2 3 25
2 2 25
0 1 25
5 5 16
2 4 16
2 3 16
0 2 16
1 9 4
1 9 3
6 9 2
4 10 2
6 10 1
0 11 1
3 11 33
0 12 33
2 5 11
2 4 11
0 3 11
5 7 4
2 6 4
6 5 4
4 5 5
2 4 5
2 3 5
0 2 5
2 45 33
2 46 33
0 47 33
2 15 16
2 14 16
3 13 16
0 13 15
1 42 13
1 42 12
6 42 11
0 43 11
1 29 33
6 29 32
2 30 32
0 31 32
3 11 2
2 12 2
2 13 2
0 14 2
5 14 37
3 14 38
0 15 38
-1
-1
-1
-1
-1
-1
-1
-1
-1
-1
-1
-1
-1
-1
-1
-1
-1
-1
-1
-1
-1
-1
-1
-1
-1
-1
-1
-1
-1
-1
-1
-1
-1
-1
-1
-1
-1
-1
-1
-1
-1
-1
-1
-1
-1
-1
-1
-1
-1
-1
-1
-1
-1
-1
-1
-1
-1
-1
-1
-1
-1
-1
-1
-1
-1
-1
-1
-1
-1
-1
-1
-1
-1
-1
-1
-1
-1
-1
-1
-1
-1
-1
-1
-1
-1
-1
-1
-1
-1
-1
-1
-1
-1
-1
-1
-1
-1
-1
-1
-1
-1
-1
-1
-1
-1
-1
-1
-1
-1
-1
-1
-1
-1
-1
-1
-1
-1
-1
-1
-1
-1
-1
-1
-1
-1
-1
-1
-1
-1
-1
-1
-1
-1
-1
-1
-1
-1
-1
-1
-1
-1
-1
-1
-1
-1
-1
-1
-1
-1
-1
-1
-1
-1
-1
-1
-1
-1
-1
-1
-1
-1
-1
-1
-1
-1
-1
-1
-1
-1
-1
-1
-1
-1
-1
-1
-1
-1
-1
-1
-1
-1
-1
-1
-1
-1
-1
-1
-1
-1
-1
-1
-1
-1
-1
-1
-1
-1
-1
-1
-1
-1
-1
-1
-1
-1
-1
-1
-1
-1
-1
