0 36 4
1 36 5
1 36 6
1 36 7
1 36 8
1 36 9
1 36 10
3 36 11
5 37 11
3 37 12
2 38 12
2 39 12
5 40 12
1 40 13
1 40 14
1 40 15
1 40 16
1 40 17
1 40 18
3 40 19
5 41 19
1 41 20
1 41 21
1 41 22
1 41 23
1 41 24
1 41 25
1 41 26
1 41 27
1 41 28
1 41 29
1 41 30
1 41 31
3 41 32
2 42 32
2 43 32
5 44 32
1 44 33
1 44 34
1 44 35
0 44 36
6 43 36
1 43 37
1 43 38
4 43 39
2 42 39
6 41 39
1 41 40
0 41 41
1 36 3
6 36 2
2 37 2
2 38 2
-1
-1
-1
-1
-1
-1
0 39 2
5 42 41
3 42 42
2 43 42
2 44 42
2 45 42
-1
-1
-1
-1
0 46 42
1 41 42
1 41 43
1 41 44
1 41 45
1 41 46
4 41 47
0 40 47
5 40 2
1 40 3
1 40 4
1 40 5
0 40 6
1 46 43
1 46 44
1 46 45
3 46 46
0 47 46
2 39 47
-1
0 38 47
1 38 46
1 38 45
0 38 44
4 40 7
2 39 7
0 38 7
2 45 36
2 46 36
0 47 36
2 47 42
0 48 42
1 47 35
0 47 34
1 47 33
0 47 32
-1
0 40 2
5 38 43
2 37 43
0 36 43
0 41 44
2 35 43
2 34 43
0 33 43
0 40 12
0 40 15
2 41 15
2 42 15
2 43 15
0 44 15
1 33 42
1 33 41
1 33 40
1 33 39
0 33 38
0 36 8
0 41 39
0 37 2
0 36 11
1 44 16
1 44 17
1 44 18
0 44 19
0 41 27
1 33 37
0 33 36
0 42 32
2 39 15
0 38 15
2 41 2
0 42 2
2 37 15
2 36 15
0 35 15
2 32 38
0 31 38
1 47 47
0 47 48
2 34 36
2 35 36
2 36 36
0 37 36
0 37 35
0 41 12
0 32 43
2 31 43
0 30 43
2 35 11
0 34 11
0 41 21
2 35 4
2 34 4
0 33 4
2 29 43
2 28 43
0 27 43
2 45 19
2 46 19
0 47 19
1 27 44
1 27 45
0 27 46
0 27 47
0 37 34
2 42 44
0 43 44
1 36 42
0 36 41
1 47 37
0 47 38
2 40 21
0 39 21
2 26 47
2 25 47
2 24 47
2 23 47
0 22 47
2 21 47
2 20 47
0 19 47
0 41 32
2 18 47
2 17 47
2 16 47
2 15 47
2 14 47
2 13 47
0 12 47
2 11 47
2 10 47
2 9 47
2 8 47
0 7 47
1 7 46
1 7 45
1 7 44
1 7 43
1 7 42
0 7 41
0 7 48
3 6 41
1 6 40
5 6 39
2 5 39
0 4 39
1 7 40
6 7 39
2 8 39
2 9 39
0 10 39
0 48 48
1 10 38
5 10 37
0 9 37
1 4 40
1 4 41
1 4 42
4 4 43
0 3 43
1 12 46
0 12 45
1 4 38
1 4 37
1 4 36
1 4 35
0 4 34
6 9 36
4 10 36
0 10 35
0 5 34
1 4 33
1 4 32
1 4 31
0 4 30
1 4 29
1 4 28
1 4 27
0 4 26
0 2 43
6 41 11
2 42 11
2 43 11
2 44 11
0 45 11
0 44 32
1 4 25
1 4 24
1 4 23
0 4 22
2 5 22
2 6 22
0 7 22
0 36 40
0 32 4
1 12 44
0 12 43
2 13 43
2 14 43
2 15 43
0 16 43
0 7 45
0 47 39
1 16 42
0 16 41
2 3 30
0 2 30
0 17 47
0 43 15
0 43 36
2 11 35
2 12 35
2 13 35
0 14 35
0 15 35
1 15 34
1 15 33
1 15 32
1 15 31
0 15 30
0 41 19
1 15 29
1 15 28
5 15 27
2 14 27
0 13 27
1 43 45
1 43 46
0 43 47
2 38 35
0 39 35
1 13 26
0 13 25
0 3 26
2 6 48
2 5 48
2 4 48
0 3 48
2 12 25
2 11 25
2 10 25
0 9 25
0 37 11
1 27 42
0 27 41
2 42 27
0 43 27
0 43 28
0 7 42
0 2 42
2 5 30
2 6 30
2 7 30
0 8 30
0 9 30
1 33 44
0 33 45
0 5 26
0 37 47
1 47 31
0 47 30
0 46 11
1 35 16
0 35 17
0 47 40
1 37 33
1 37 32
0 37 31
0 15 41
2 34 15
0 33 15
0 48 30
1 47 20
1 47 21
1 47 22
0 47 23
0 2 29
1 33 3
0 33 2
2 47 11
0 48 11
0 33 35
2 36 31
0 35 31
2 2 48
0 1 48
6 13 24
0 14 24
1 22 46
1 22 45
0 22 44
1 33 5
0 33 6
2 8 22
2 9 22
2 10 22
0 11 22
0 15 24
0 13 45
1 11 21
1 11 20
0 11 19
0 16 30
2 40 27
2 39 27
0 38 27
0 38 26
0 11 47
1 8 31
0 8 32
6 3 34
1 3 35
4 3 36
2 2 36
0 1 36
0 7 21
0 43 48
0 36 47
1 7 20
1 7 19
1 7 18
1 7 17
0 7 16
3 16 31
2 17 31
2 18 31
2 19 31
0 20 31
0 33 1
2 32 35
0 31 35
1 19 48
0 19 49
0 31 34
1 45 10
0 45 9
0 32 15
6 15 23
2 16 23
0 17 23
1 42 3
3 42 4
0 43 4
1 4 21
5 4 20
0 3 20
0 48 36
2 2 20
0 1 20
1 47 24
0 47 25
0 7 49
0 47 18
1 35 18
1 35 19
0 35 20
1 14 36
0 14 37
0 1 19
1 22 43
0 22 42
2 18 23
2 19 23
0 20 23
1 22 41
0 22 40
0 6 26
0 35 21
1 40 11
0 40 10
2 32 2
2 31 2
0 30 2
1 17 22
1 17 21
0 17 20
5 3 25
0 2 25
1 17 19
0 17 18
1 12 48
0 12 49
0 13 49
0 18 18
0 1 43
1 22 39
0 22 38
0 40 39
2 34 20
2 33 20
2 32 20
0 31 20
2 30 20
2 29 20
6 28 20
0 28 21
5 7 15
0 6 15
1 22 37
6 22 36
0 23 36
5 17 17
2 16 17
3 15 17
5 15 16
0 14 16
1 14 15
1 14 14
0 14 13
0 13 13
1 38 25
1 38 24
0 38 23
1 13 12
1 13 11
1 13 10
1 13 9
0 13 8
1 13 7
0 13 6
2 12 8
0 11 8
2 21 42
0 20 42
1 11 9
0 11 10
1 23 35
0 23 34
2 5 15
2 4 15
0 3 15
1 3 14
5 3 13
0 2 13
0 2 12
1 28 22
0 28 23
0 38 36
1 16 29
1 16 28
6 16 27
0 17 27
6 23 33
2 24 33
2 25 33
0 26 33
1 48 10
1 48 9
0 48 8
0 10 36
0 42 41
4 32 16
2 31 16
0 30 16
2 21 23
2 22 23
0 23 23
1 23 24
4 23 25
0 22 25
2 15 13
2 16 13
0 17 13
0 8 37
1 2 11
6 2 10
2 3 10
2 4 10
0 5 10
1 33 46
4 33 47
0 32 47
1 13 5
5 13 4
2 12 4
0 11 4
5 11 3
2 10 3
0 9 3
1 26 32
1 26 31
0 26 30
3 15 36
2 16 36
2 17 36
0 18 36
0 31 47
3 17 14
2 18 14
2 19 14
2 20 14
2 21 14
0 22 14
4 30 3
2 29 3
2 28 3
0 27 3
1 27 4
4 27 5
0 26 5
1 44 20
0 44 21
0 11 39
2 33 11
2 32 11
2 31 11
0 30 11
4 26 6
2 25 6
0 24 6
2 23 6
0 22 6
0 2 36
1 22 7
0 22 8
2 19 18
2 20 18
0 21 18
2 8 3
2 7 3
2 6 3
2 5 3
3 4 3
5 4 2
0 3 2
4 8 16
6 8 15
0 9 15
2 29 23
0 30 23
1 5 9
6 5 8
0 6 8
1 42 1
6 42 0
2 43 0
0 44 0
1 3 1
6 3 0
2 4 0
2 5 0
0 6 0
-1
-1
-1
-1
-1
-1
-1
-1
-1
-1
-1
-1
-1
-1
-1
-1
-1
-1
-1
-1
-1
-1
-1
-1
-1
-1
-1
-1
-1
-1
-1
-1
-1
-1
-1
-1
-1
-1
-1
-1
-1
-1
-1
-1
-1
-1
-1
-1
-1
-1
-1
-1
-1
-1
-1
-1
-1
-1
-1
-1
-1
-1
-1
-1
-1
-1
-1
-1
-1
-1
-1
-1
-1
-1
-1
-1
-1
-1
-1
-1
-1
-1
-1
-1
-1
-1
-1
-1
-1
-1
-1
-1
-1
-1
-1
-1
-1
-1
-1
-1
-1
-1
-1
-1
-1
-1
-1
-1
-1
-1
-1
-1
-1
-1
-1
-1
-1
-1
-1
-1
-1
-1
-1
-1
-1
-1
-1
-1
-1
-1
-1
-1
-1
-1
-1
-1
-1
-1
-1
-1
-1
-1
-1
-1
-1
-1
-1
-1
-1
-1
-1
-1
-1
-1
-1
-1
-1
-1
-1
-1
-1
-1
-1
-1
-1
-1
-1
-1
-1
-1
-1
-1
-1
-1
-1
-1
-1
-1
-1
-1
-1
-1
-1
-1
-1
-1
-1
-1
-1
