0 7 42
2 8 42
2 9 42
2 10 42
2 11 42
2 12 42
4 13 42
1 13 41
6 13 40
2 14 40
2 15 40
2 16 40
2 17 40
2 18 40
4 19 40
1 19 39
6 19 38
4 20 38
1 20 37
6 20 36
2 21 36
2 22 36
2 23 36
2 24 36
2 25 36
2 26 36
2 27 36
2 28 36
2 29 36
2 30 36
2 31 36
2 32 36
2 33 36
4 34 36
1 34 35
6 34 34
2 35 34
2 36 34
2 37 34
2 38 34
4 39 34
0 39 33
1 39 32
1 39 31
1 39 30
1 39 29
1 39 28
1 39 27
1 39 26
1 39 25
1 39 24
1 39 23
1 39 22
6 39 21
2 40 21
-1
-1
-1
-1
-1
-1
-1
-1
-1
-1
-1
-1
-1
-1
-1
-1
-1
-1
-1
-1
-1
-1
-1
0 41 21
1 7 41
6 7 40
4 8 40
1 8 39
1 8 38
1 8 37
-1
-1
-1
-1
-1
-1
-1
-1
-1
-1
0 8 36
1 41 20
1 41 19
1 41 18
1 41 17
1 41 16
1 41 15
1 41 14
5 41 13
3 40 13
1 40 12
1 40 11
5 40 10
2 39 10
2 38 10
2 37 10
2 36 10
2 35 10
0 34 10
1 34 9
1 34 8
5 34 7
2 33 7
3 32 7
1 32 6
-1
0 32 5
6 7 36
4 7 37
2 6 37
2 5 37
6 4 37
4 4 38
2 3 38
0 2 38
1 34 11
1 34 12
1 34 13
1 34 14
3 34 15
2 35 15
5 36 15
1 36 16
1 36 17
0 36 18
2 33 5
2 34 5
2 35 5
2 36 5
0 37 5
1 8 35
-1
0 8 34
2 31 5
2 30 5
2 29 5
2 28 5
2 27 5
2 26 5
2 25 5
0 24 5
0 40 12
1 7 43
1 7 44
1 7 45
1 7 46
3 7 47
2 8 47
2 9 47
2 10 47
2 11 47
2 12 47
0 13 47
1 24 6
1 24 7
3 24 8
2 25 8
0 26 8
1 2 39
1 2 40
0 2 41
0 1 41
0 7 47
0 19 40
3 23 5
1 23 4
5 23 3
2 22 3
2 21 3
3 20 3
0 20 2
0 29 5
0 35 10
0 6 47
2 19 2
2 18 2
2 17 2
2 16 2
0 15 2
2 33 10
2 32 10
2 31 10
0 30 10
6 14 2
1 14 3
1 14 4
1 14 5
1 14 6
1 14 7
0 14 8
0 8 40
2 5 47
2 4 47
2 3 47
0 2 47
0 30 11
0 34 36
0 36 15
0 20 3
6 6 42
4 6 43
0 5 43
2 13 8
2 12 8
0 11 8
0 39 28
0 8 47
0 39 10
0 32 7
2 42 21
2 43 21
2 44 21
0 45 21
2 10 8
2 9 8
0 8 8
0 14 9
0 39 24
6 37 4
2 38 4
2 39 4
2 40 4
0 41 4
5 40 33
3 40 34
2 41 34
0 42 34
0 13 42
0 38 24
0 17 40
0 11 47
1 11 7
1 11 6
1 11 5
0 11 4
3 10 4
1 10 3
5 10 2
0 9 2
1 36 19
1 36 20
0 36 21
1 14 10
1 14 11
1 14 12
4 14 13
0 13 13
0 43 34
1 45 20
1 45 19
0 45 18
1 17 41
1 17 42
1 17 43
0 17 44
0 4 37
2 37 15
0 38 15
3 17 45
2 18 45
2 19 45
2 20 45
0 21 45
0 15 9
2 8 2
0 7 2
0 14 2
0 45 22
0 37 4
0 20 36
0 9 42
1 43 35
1 43 36
3 43 37
2 44 37
5 45 37
1 45 38
0 45 39
0 45 23
2 40 28
2 41 28
0 42 28
1 41 5
3 41 6
0 42 6
2 7 8
2 6 8
0 5 8
1 34 37
1 34 38
0 34 39
0 6 2
1 45 40
1 45 41
3 45 42
5 46 42
1 46 43
1 46 44
0 46 45
0 46 42
2 45 45
2 44 45
2 43 45
0 42 45
2 22 45
2 23 45
2 24 45
2 25 45
2 26 45
0 27 45
5 5 7
2 4 7
2 3 7
0 2 7
0 47 42
0 32 36
0 23 36
0 5 37
1 27 46
1 27 47
0 27 48
0 45 37
2 26 48
0 25 48
2 33 39
0 32 39
1 11 9
0 11 10
1 6 3
0 6 4
2 43 6
2 44 6
2 45 6
2 46 6
0 47 6
1 42 46
0 42 47
1 13 14
0 13 15
0 14 47
0 39 34
3 14 48
2 15 48
0 16 48
4 9 40
6 9 39
2 10 39
0 11 39
2 12 15
2 11 15
0 10 15
4 38 25
2 37 25
2 36 25
0 35 25
3 13 16
2 14 16
0 15 16
2 12 39
0 13 39
1 26 9
1 26 10
4 26 11
0 25 11
0 38 16
1 34 40
3 34 41
0 35 41
1 2 37
1 2 36
1 2 35
0 2 34
1 15 3
1 15 4
3 15 5
2 16 5
0 17 5
1 30 12
1 30 13
3 30 14
0 31 14
6 35 9
0 36 9
1 45 17
1 45 16
1 45 15
0 45 14
1 10 16
1 10 17
0 10 18
1 32 40
1 32 41
1 32 42
1 32 43
0 32 44
0 31 15
1 46 46
0 46 47
0 47 47
1 8 33
0 8 32
0 13 43
2 36 4
0 35 4
2 30 15
2 29 15
2 28 15
0 27 15
1 35 3
0 35 2
0 23 5
1 39 35
1 39 36
1 39 37
0 39 38
2 43 28
2 44 28
2 45 28
2 46 28
2 47 28
0 48 28
1 42 44
0 42 43
0 27 8
0 34 37
0 43 36
2 35 21
0 34 21
0 8 35
6 45 13
2 46 13
0 47 13
0 39 32
3 19 41
2 20 41
2 21 41
0 22 41
3 38 32
5 38 31
0 37 31
0 32 43
2 31 43
0 30 43
0 16 16
6 24 11
4 24 12
0 23 12
5 2 46
0 1 46
5 10 14
2 9 14
0 8 14
1 32 45
0 32 46
2 5 4
0 4 4
0 1 34
3 22 42
2 23 42
0 24 42
1 10 19
1 10 20
3 10 21
0 11 21
1 39 39
0 39 40
1 48 29
0 48 30
1 8 13
0 8 12
2 9 35
2 10 35
2 11 35
0 12 35
1 1 33
1 1 32
1 1 31
0 1 30
0 34 35
1 32 4
0 32 3
1 15 17
0 15 18
3 5 9
0 6 9
5 37 30
2 36 30
2 35 30
2 34 30
0 33 30
0 9 43
2 41 47
0 40 47
0 1 40
0 8 39
0 41 14
0 12 34
0 15 10
1 12 33
1 12 32
6 12 31
2 13 31
0 14 31
0 10 47
0 46 6
0 32 30
2 44 18
0 43 18
2 46 37
0 47 37
0 48 37
5 34 20
0 33 20
1 24 4
1 24 3
0 24 2
1 32 47
3 32 48
0 33 48
5 20 35
2 19 35
2 18 35
0 17 35
0 46 5
6 23 35
0 24 35
1 23 13
1 23 14
1 23 15
0 23 16
1 9 1
6 9 0
0 10 0
1 2 48
0 2 49
1 23 17
1 23 18
1 23 19
3 23 20
2 24 20
0 25 20
0 33 49
2 48 47
0 49 47
2 46 18
2 47 18
0 48 18
1 40 46
5 40 45
0 39 45
0 12 36
2 16 18
2 17 18
2 18 18
2 19 18
0 20 18
1 16 15
1 16 14
6 16 13
0 17 13
1 2 8
1 2 9
1 2 10
4 2 11
0 1 11
0 10 4
2 46 23
0 47 23
2 25 2
2 26 2
2 27 2
0 28 2
6 15 1
0 16 1
6 31 39
4 31 40
2 30 40
0 29 40
1 29 39
5 29 38
0 28 38
2 9 18
2 8 18
2 7 18
2 6 18
0 5 18
0 8 7
2 47 30
2 46 30
0 45 30
1 41 3
5 41 2
0 40 2
1 5 19
0 5 20
3 44 14
1 44 13
0 44 12
5 6 1
2 5 1
0 4 1
1 24 34
5 24 33
3 23 33
1 23 32
5 23 31
0 22 31
1 42 27
0 42 26
0 8 48
5 23 11
2 22 11
0 21 11
4 32 31
6 31 31
4 31 32
6 30 32
4 30 33
0 29 33
5 8 31
2 7 31
3 6 31
1 6 30
1 6 29
1 6 28
0 6 27
0 40 40
1 11 22
1 11 23
1 11 24
3 11 25
2 12 25
0 13 25
0 48 6
1 32 29
5 32 28
2 31 28
2 30 28
2 29 28
2 28 28
0 27 28
2 27 38
0 26 38
-1
-1
-1
-1
-1
-1
-1
-1
-1
-1
-1
-1
-1
-1
-1
-1
-1
-1
-1
-1
-1
-1
-1
-1
-1
-1
-1
-1
-1
-1
-1
-1
-1
-1
-1
-1
-1
-1
-1
-1
-1
-1
-1
-1
-1
-1
-1
-1
-1
-1
-1
-1
-1
-1
-1
-1
-1
-1
-1
-1
-1
-1
-1
-1
-1
-1
-1
-1
-1
-1
-1
-1
-1
-1
-1
-1
-1
-1
-1
-1
-1
-1
-1
-1
-1
-1
-1
-1
-1
-1
-1
-1
-1
-1
-1
-1
-1
-1
-1
-1
-1
-1
-1
-1
-1
-1
-1
-1
-1
-1
-1
-1
-1
-1
-1
-1
-1
-1
-1
-1
-1
-1
-1
-1
-1
-1
-1
-1
-1
-1
-1
-1
-1
-1
-1
-1
-1
-1
-1
-1
-1
-1
