0 29 32
1 29 31
6 29 30
2 30 30
2 31 30
2 32 30
2 33 30
2 34 30
2 35 30
2 36 30
2 37 30
2 38 30
2 39 30
2 40 30
2 41 30
0 42 30
3 28 32
-1
-1
1 28 31
-1
-1
1 28 30
-1
-1
1 28 29
-1
-1
-1
1 28 28
-1
-1
1 28 27
-1
-1
1 28 26
-1
-1
-1
1 28 25
-1
-1
1 28 24
-1
-1
1 28 23
-1
-1
-1
1 28 22
-1
-1
1 28 21
-1
-1
1 28 20
-1
-1
-1
1 28 19
-1
-1
1 28 18
-1
-1
1 28 17
-1
-1
-1
1 28 16
-1
-1
1 28 15
-1
-1
1 28 14
-1
-1
-1
1 28 13
-1
-1
1 28 12
-1
-1
1 28 11
-1
-1
-1
1 28 10
-1
-1
5 28 9
-1
-1
2 27 9
-1
-1
-1
2 26 9
-1
-1
2 25 9
-1
-1
2 24 9
-1
-1
-1
2 23 9
-1
-1
2 22 9
-1
-1
-1
-1
-1
-1
-1
-1
-1
-1
-1
-1
-1
-1
-1
-1
-1
-1
-1
-1
-1
-1
-1
-1
-1
-1
-1
-1
-1
-1
-1
-1
-1
-1
-1
-1
-1
-1
-1
-1
-1
-1
-1
-1
-1
-1
-1
-1
-1
-1
-1
-1
-1
-1
-1
-1
-1
-1
-1
-1
-1
-1
-1
-1
-1
-1
-1
-1
-1
-1
-1
-1
-1
-1
-1
-1
-1
-1
-1
-1
-1
-1
-1
-1
-1
-1
-1
-1
-1
-1
-1
-1
-1
-1
-1
-1
-1
-1
-1
-1
-1
-1
-1
-1
-1
-1
-1
-1
-1
-1
-1
-1
-1
-1
-1
-1
-1
-1
-1
-1
-1
-1
-1
-1
-1
-1
-1
-1
-1
-1
-1
-1
-1
-1
-1
-1
-1
-1
-1
-1
-1
-1
-1
-1
-1
-1
-1
-1
-1
-1
-1
-1
-1
-1
-1
-1
-1
-1
-1
-1
-1
-1
-1
-1
-1
-1
0 21 9
-1
1 29 33
1 29 34
1 29 35
-1
1 29 36
1 29 37
3 29 38
-1
2 30 38
-1
-1
-1
-1
-1
-1
-1
-1
-1
-1
-1
-1
-1
-1
-1
-1
-1
-1
-1
-1
-1
-1
-1
-1
-1
-1
-1
-1
-1
-1
-1
-1
-1
-1
-1
-1
-1
-1
-1
-1
-1
-1
-1
-1
-1
-1
-1
-1
-1
-1
-1
-1
-1
-1
-1
-1
-1
-1
-1
-1
-1
-1
-1
-1
-1
-1
-1
-1
0 31 38
2 43 30
2 44 30
2 45 30
2 46 30
2 47 30
-1
-1
-1
-1
-1
-1
-1
-1
-1
-1
-1
-1
-1
-1
-1
-1
-1
-1
-1
-1
-1
-1
-1
-1
-1
-1
-1
-1
-1
-1
-1
-1
-1
-1
-1
-1
-1
-1
-1
-1
-1
-1
-1
-1
0 48 30
1 21 10
1 21 11
4 21 12
2 20 12
2 19 12
2 18 12
2 17 12
2 16 12
2 15 12
2 14 12
2 13 12
2 12 12
-1
-1
-1
-1
-1
-1
-1
-1
-1
-1
-1
-1
-1
-1
-1
-1
-1
-1
-1
-1
-1
-1
-1
-1
-1
-1
-1
-1
-1
-1
-1
-1
-1
-1
-1
-1
-1
-1
-1
-1
0 11 12
1 42 29
1 42 28
1 42 27
1 42 26
1 42 25
1 42 24
1 42 23
-1
-1
-1
-1
-1
-1
-1
-1
-1
-1
-1
-1
-1
-1
-1
-1
-1
-1
-1
-1
-1
-1
-1
-1
-1
0 42 22
1 11 13
1 11 14
1 11 15
3 11 16
2 12 16
2 13 16
2 14 16
2 15 16
-1
-1
-1
-1
-1
-1
-1
-1
-1
-1
-1
-1
-1
-1
-1
-1
-1
-1
0 16 16
5 42 21
2 41 21
2 40 21
2 39 21
2 38 21
2 37 21
2 36 21
2 35 21
-1
-1
-1
-1
-1
-1
-1
-1
-1
-1
-1
-1
-1
-1
0 34 21
1 21 8
1 21 7
1 21 6
1 21 5
1 21 4
1 21 3
5 21 2
-1
-1
-1
-1
-1
-1
-1
-1
-1
-1
-1
-1
0 20 2
1 31 39
1 31 40
1 31 41
1 31 42
4 31 43
-1
-1
-1
-1
-1
-1
-1
-1
-1
-1
-1
-1
0 30 43
1 30 44
1 30 45
1 30 46
3 30 47
2 31 47
-1
-1
-1
-1
-1
-1
-1
-1
-1
0 32 47
-1
-1
-1
-1
-1
-1
-1
-1
-1
-1
-1
-1
-1
-1
-1
-1
-1
-1
-1
-1
-1
-1
-1
-1
-1
-1
-1
-1
-1
-1
-1
-1
-1
-1
-1
-1
-1
-1
-1
-1
-1
-1
-1
-1
-1
-1
-1
-1
-1
-1
-1
-1
-1
-1
-1
-1
-1
-1
-1
-1
-1
-1
-1
-1
-1
-1
-1
-1
-1
-1
-1
-1
-1
-1
-1
-1
-1
-1
-1
-1
-1
-1
-1
-1
-1
-1
-1
-1
-1
-1
-1
-1
-1
-1
-1
-1
-1
-1
-1
-1
-1
-1
-1
-1
-1
-1
-1
-1
-1
-1
-1
-1
-1
-1
-1
-1
-1
-1
-1
-1
-1
-1
-1
-1
-1
-1
-1
-1
-1
-1
-1
-1
-1
-1
-1
-1
-1
-1
-1
-1
-1
-1
-1
-1
-1
-1
-1
-1
-1
-1
-1
-1
-1
-1
-1
-1
-1
-1
-1
-1
-1
-1
-1
-1
-1
-1
-1
-1
-1
-1
-1
-1
-1
-1
-1
-1
-1
-1
-1
-1
-1
-1
-1
-1
-1
-1
-1
-1
-1
-1
-1
-1
-1
-1
-1
-1
-1
-1
-1
-1
-1
-1
