0 14 10
1 14 11
3 14 12
5 15 12
3 15 13
2 16 13
2 17 13
2 18 13
2 19 13
5 20 13
1 20 14
1 20 15
1 20 16
1 20 17
3 20 18
5 21 18
1 21 19
1 21 20
3 21 21
2 22 21
2 23 21
2 24 21
2 25 21
2 26 21
2 27 21
2 28 21
2 29 21
2 30 21
5 31 21
3 31 22
2 32 22
2 33 22
2 34 22
0 35 22
3 35 23
2 36 23
2 37 23
2 38 23
5 39 23
1 39 24
1 39 25
1 39 26
1 39 27
1 39 28
1 39 29
3 39 30
2 40 30
2 41 30
2 42 30
2 43 30
5 44 30
1 44 31
-1
-1
-1
-1
-1
-1
-1
-1
-1
-1
-1
-1
-1
-1
-1
-1
-1
-1
-1
-1
-1
-1
-1
-1
-1
-1
-1
-1
-1
-1
-1
-1
-1
-1
-1
-1
-1
-1
-1
-1
-1
-1
-1
-1
0 44 32
2 13 10
2 12 10
2 11 10
2 10 10
2 9 10
2 8 10
2 7 10
2 6 10
-1
-1
-1
-1
-1
-1
-1
-1
-1
-1
-1
-1
-1
-1
-1
-1
-1
-1
-1
-1
0 5 10
1 44 33
1 44 34
4 44 35
2 43 35
-1
-1
-1
-1
-1
-1
-1
-1
-1
-1
-1
-1
-1
-1
0 42 35
2 41 35
2 40 35
6 39 35
1 39 36
1 39 37
4 39 38
2 38 38
2 37 38
2 36 38
6 35 38
1 35 39
1 35 40
1 35 41
4 35 42
2 34 42
2 33 42
2 32 42
2 31 42
2 30 42
2 29 42
2 28 42
2 27 42
2 26 42
2 25 42
2 24 42
2 23 42
2 22 42
2 21 42
2 20 42
2 19 42
2 18 42
2 17 42
2 16 42
2 15 42
2 14 42
2 13 42
0 12 42
2 4 10
2 3 10
3 2 10
1 2 9
1 2 8
0 2 7
2 43 32
2 42 32
2 41 32
2 40 32
2 39 32
2 38 32
0 37 32
1 37 31
1 37 30
1 37 29
5 37 28
2 36 28
2 35 28
2 34 28
2 33 28
0 32 28
4 45 32
1 45 31
1 45 30
1 45 29
1 45 28
1 45 27
1 45 26
0 45 25
6 14 9
2 15 9
0 16 9
2 11 42
2 10 42
2 9 42
6 8 42
4 8 43
2 7 43
0 6 43
1 5 11
3 5 12
2 6 12
2 7 12
5 8 12
3 8 13
2 9 13
2 10 13
0 11 13
0 20 42
3 31 28
5 31 27
2 30 27
2 29 27
3 28 27
1 28 26
0 28 25
0 32 42
0 20 15
0 17 13
1 2 6
1 2 5
6 2 4
0 3 4
0 21 21
2 5 43
2 4 43
2 3 43
6 2 43
1 2 44
1 2 45
1 2 46
0 2 47
0 28 42
0 35 28
1 11 14
0 11 15
0 39 38
1 16 8
0 16 7
0 12 10
0 35 42
0 8 42
1 32 27
1 32 26
6 32 25
0 33 25
0 39 24
1 39 39
0 39 40
2 40 38
2 41 38
2 42 38
2 43 38
0 44 38
0 39 35
0 28 21
0 8 12
0 40 30
0 21 19
0 2 44
0 35 38
1 28 41
0 28 40
0 15 12
0 39 26
0 20 13
0 25 21
0 31 21
1 28 39
1 28 38
0 28 37
1 28 20
0 28 19
2 38 35
0 37 35
0 20 43
1 32 43
1 32 44
0 32 45
2 45 38
2 46 38
0 47 38
1 45 24
1 45 23
1 45 22
1 45 21
1 45 20
0 45 19
0 3 3
1 21 22
1 21 23
1 21 24
1 21 25
1 21 26
1 21 27
0 21 28
0 22 28
3 32 46
0 33 46
2 27 25
2 26 25
0 25 25
1 5 9
6 5 8
2 6 8
0 7 8
1 35 43
3 35 44
0 36 44
0 2 10
1 33 47
0 33 48
2 20 28
2 19 28
0 18 28
0 45 28
0 8 41
2 17 28
2 16 28
2 15 28
0 14 28
2 37 44
2 38 44
2 39 44
0 40 44
2 44 19
0 43 19
5 43 18
2 42 18
0 41 18
0 28 27
5 8 40
2 7 40
2 6 40
0 5 40
1 20 12
0 20 11
1 5 39
0 5 38
0 31 28
1 7 7
0 7 6
1 11 16
1 11 17
0 11 18
2 8 6
2 9 6
0 10 6
2 41 44
5 42 44
0 42 45
1 2 48
0 2 49
2 21 11
2 22 11
0 23 11
2 12 18
0 13 18
0 32 41
1 35 21
1 35 20
5 35 19
0 34 19
1 13 19
1 13 20
1 13 21
1 13 22
0 13 23
1 42 46
0 42 47
3 23 12
2 24 12
0 25 12
2 12 23
2 11 23
0 10 23
1 28 28
1 28 29
0 28 30
1 25 11
1 25 10
1 25 9
0 25 8
2 9 23
0 8 23
2 3 47
2 4 47
0 5 47
2 17 7
2 18 7
0 19 7
2 6 47
0 7 47
1 2 11
1 2 12
3 2 13
0 3 13
1 41 17
1 41 16
1 41 15
0 41 14
1 10 5
1 10 4
0 10 3
0 39 25
0 36 28
2 8 47
2 9 47
2 10 47
0 11 47
1 22 29
1 22 30
3 22 31
2 23 31
0 24 31
0 7 48
1 47 39
1 47 40
0 47 41
3 40 18
5 40 17
2 39 17
0 38 17
1 18 27
1 18 26
0 18 25
0 2 43
1 25 13
1 25 14
0 25 15
0 9 3
0 35 39
0 18 24
1 20 44
4 20 45
2 19 45
2 18 45
0 17 45
0 25 16
2 42 14
0 43 14
1 43 20
1 43 21
0 43 22
0 41 30
0 48 41
5 28 36
2 27 36
0 26 36
2 44 14
2 45 14
0 46 14
0 25 36
2 27 40
2 26 40
0 25 40
0 1 10
1 17 46
0 17 47
1 20 41
1 20 40
5 20 39
0 19 39
0 17 48
0 47 14
0 9 2
2 46 19
0 47 19
1 19 38
0 19 37
1 19 36
1 19 35
0 19 34
2 43 45
2 44 45
0 45 45
3 45 46
2 46 46
0 47 46
1 18 29
0 18 30
2 20 34
0 21 34
5 26 12
3 26 13
2 27 13
0 28 13
2 2 3
2 1 3
0 0 3
0 21 18
1 19 6
1 19 5
6 19 4
2 20 4
0 21 4
1 47 47
1 47 48
0 47 49
5 25 24
2 24 24
0 23 24
2 32 48
2 31 48
0 30 48
6 21 3
2 22 3
2 23 3
0 24 3
0 2 42
0 28 43
2 34 48
0 35 48
0 8 24
0 24 2
2 29 13
2 30 13
0 31 13
1 47 20
1 47 21
0 47 22
0 29 21
4 8 25
2 7 25
2 6 25
2 5 25
2 4 25
2 3 25
0 2 25
0 24 36
2 10 18
0 9 18
1 14 29
0 14 30
1 32 29
1 32 30
3 32 31
0 33 31
1 33 32
0 33 33
2 32 33
2 31 33
0 30 33
1 3 2
0 3 1
0 31 22
5 14 18
1 14 19
3 14 20
2 15 20
0 16 20
0 42 48
1 2 26
1 2 27
1 2 28
3 2 29
2 3 29
0 4 29
4 28 44
2 27 44
2 26 44
0 25 44
1 31 12
1 31 11
0 31 10
1 16 6
0 16 5
1 25 45
1 25 46
0 25 47
2 25 3
2 26 3
2 27 3
2 28 3
0 29 3
1 14 31
1 14 32
1 14 33
1 14 34
0 14 35
2 30 3
0 31 3
2 24 47
0 23 47
2 10 15
2 9 15
2 8 15
0 7 15
1 41 13
1 41 12
1 41 11
1 41 10
1 41 9
5 41 8
2 40 8
0 39 8
6 25 7
2 26 7
2 27 7
0 28 7
6 39 7
2 40 7
2 41 7
2 42 7
0 43 7
2 5 29
0 6 29
3 38 8
1 38 7
1 38 6
0 38 5
5 46 25
3 46 26
2 47 26
0 48 26
1 10 24
1 10 25
1 10 26
0 10 27
1 20 10
0 20 9
0 49 26
6 37 5
4 37 6
2 36 6
2 35 6
0 34 6
3 31 14
0 32 14
0 39 23
5 46 28
1 46 29
1 46 30
1 46 31
0 46 32
3 46 33
2 47 33
0 48 33
1 25 48
0 25 49
0 13 10
1 39 22
0 39 21
0 10 42
0 26 35
0 14 23
1 12 41
1 12 40
0 12 39
2 24 15
0 23 15
5 5 37
2 4 37
2 3 37
0 2 37
6 28 18
2 29 18
0 30 18
2 40 14
2 39 14
2 38 14
0 37 14
-1
-1
-1
-1
-1
-1
-1
-1
-1
-1
-1
-1
-1
-1
-1
-1
-1
-1
-1
-1
-1
-1
-1
-1
-1
-1
-1
-1
-1
-1
-1
-1
-1
-1
-1
-1
-1
-1
-1
-1
-1
-1
-1
-1
-1
-1
-1
-1
-1
-1
-1
-1
-1
-1
-1
-1
-1
-1
-1
-1
-1
-1
-1
-1
-1
-1
-1
-1
-1
-1
-1
-1
-1
-1
-1
-1
-1
-1
-1
-1
-1
-1
-1
-1
-1
-1
-1
-1
-1
-1
-1
-1
-1
-1
-1
-1
-1
-1
-1
-1
-1
-1
-1
-1
-1
-1
-1
-1
-1
-1
-1
-1
-1
-1
-1
