0 4 17
2 5 17
2 6 17
5 7 17
1 7 18
1 7 19
1 7 20
1 7 21
1 7 22
1 7 23
1 7 24
1 7 25
1 7 26
1 7 27
1 7 28
1 7 29
3 7 30
5 8 30
1 8 31
1 8 32
1 8 33
1 8 34
1 8 35
1 8 36
1 8 37
3 8 38
5 9 38
1 9 39
1 9 40
1 9 41
1 9 42
1 9 43
1 9 44
1 9 45
3 9 46
0 10 46
1 4 16
6 4 15
2 5 15
2 6 15
2 7 15
2 8 15
2 9 15
4 10 15
1 10 14
1 10 13
6 10 12
2 11 12
2 12 12
2 13 12
2 14 12
2 15 12
2 16 12
2 17 12
2 18 12
2 19 12
2 20 12
2 21 12
2 22 12
2 23 12
2 24 12
2 25 12
2 26 12
2 27 12
2 28 12
4 29 12
6 29 11
2 30 11
2 31 11
0 32 11
2 33 11
2 34 11
5 35 11
1 35 12
0 35 13
3 10 47
2 11 47
2 12 47
-1
-1
0 13 47
2 36 13
2 37 13
2 38 13
2 39 13
0 40 13
1 40 12
1 40 11
5 40 10
0 39 10
1 39 9
1 39 8
1 39 7
0 39 6
1 13 48
4 13 49
2 12 49
2 11 49
0 10 49
0 5 15
0 24 12
1 4 18
1 4 19
4 4 20
0 3 20
0 9 42
2 41 13
2 42 13
0 43 13
0 35 11
5 10 42
3 10 43
2 11 43
0 12 43
2 40 6
0 41 6
2 14 47
2 15 47
0 16 47
2 44 13
4 45 13
1 45 12
1 45 11
0 45 10
0 29 12
2 3 17
2 2 17
0 1 17
1 16 46
0 16 45
5 10 48
3 9 48
5 9 47
2 8 47
0 7 47
0 8 38
0 32 10
0 20 12
2 42 6
2 43 6
0 44 6
1 24 11
1 24 10
0 24 9
1 32 12
1 32 13
1 32 14
1 32 15
0 32 16
1 32 17
4 32 18
6 31 18
0 31 19
2 6 47
2 5 47
2 4 47
2 3 47
0 2 47
1 32 9
1 32 8
1 32 7
1 32 6
0 32 5
1 32 4
1 32 3
1 32 2
0 32 1
2 31 5
2 30 5
2 29 5
0 28 5
0 45 13
0 8 30
1 12 42
1 12 41
1 12 40
0 12 39
0 7 22
0 7 26
2 13 39
2 14 39
0 15 39
1 7 46
1 7 45
0 7 44
0 7 17
0 15 38
0 7 19
2 7 38
0 6 38
0 2 46
2 27 5
2 26 5
0 25 5
2 46 10
0 47 10
1 28 4
1 28 3
0 28 2
0 28 1
2 17 45
2 18 45
2 19 45
0 20 45
0 1 16
1 40 14
1 40 15
0 40 16
1 6 39
0 6 40
2 38 6
2 37 6
0 36 6
1 24 13
1 24 14
1 24 15
3 24 16
0 25 16
0 35 14
0 21 45
2 26 16
0 27 16
1 2 45
0 2 44
0 26 12
1 6 37
1 6 36
0 6 35
0 16 12
0 33 1
1 36 5
0 36 4
0 10 15
0 16 44
1 2 43
0 2 42
0 1 42
1 43 14
3 43 15
0 44 15
1 15 40
0 15 41
2 45 6
2 46 6
2 47 6
0 48 6
0 3 21
1 16 13
0 16 14
2 22 45
2 23 45
2 24 45
2 25 45
0 26 45
0 3 22
1 26 46
0 26 47
5 16 11
2 15 11
2 14 11
0 13 11
0 10 12
0 38 10
1 31 20
0 31 21
5 24 8
2 23 8
0 22 8
0 31 22
2 32 22
2 33 22
5 34 22
3 34 23
0 35 23
1 35 22
6 35 21
0 36 21
0 36 20
2 25 47
0 24 47
1 25 17
1 25 18
0 25 19
1 28 6
1 28 7
0 28 8
1 6 34
1 6 33
5 6 32
2 5 32
0 4 32
1 44 16
1 44 17
0 44 18
2 45 18
0 46 18
0 48 5
0 22 7
1 15 37
0 15 36
0 36 7
2 16 36
2 17 36
0 18 36
1 18 35
1 18 34
1 18 33
1 18 32
0 18 31
0 18 30
1 18 29
0 18 28
2 44 10
0 43 10
3 18 37
0 19 37
2 20 37
0 21 37
2 24 19
2 23 19
0 22 19
0 2 41
0 21 19
0 20 13
5 21 18
2 20 18
2 19 18
0 18 18
1 20 46
1 20 47
0 20 48
1 18 19
1 18 20
1 18 21
0 18 22
0 8 34
0 30 22
0 22 37
2 19 28
2 20 28
0 21 28
1 21 29
3 21 30
0 22 30
0 10 16
0 9 30
2 23 30
2 24 30
0 25 30
0 26 30
0 48 10
1 35 24
1 35 25
0 35 26
1 2 40
1 2 39
1 2 38
0 2 37
0 20 18
0 41 7
2 3 32
0 2 32
0 35 27
0 35 28
2 34 28
2 33 28
0 32 28
2 10 30
0 11 30
2 27 1
0 26 1
0 1 32
6 11 29
2 12 29
0 13 29
2 27 45
2 28 45
0 29 45
0 7 30
0 21 27
1 39 5
1 39 4
6 39 3
0 40 3
1 32 29
0 32 30
0 32 31
0 32 32
0 32 33
0 31 33
2 30 33
2 29 33
0 28 33
0 36 19
2 17 22
0 16 22
0 15 22
0 23 37
2 24 37
0 25 37
0 25 36
4 30 23
2 29 23
0 28 23
1 15 21
0 15 20
0 14 20
2 45 15
2 46 15
2 47 15
0 48 15
0 16 43
2 33 32
2 34 32
0 35 32
2 17 31
0 16 31
0 20 11
0 2 36
0 18 27
2 39 16
0 38 16
2 26 37
0 27 37
2 22 27
2 23 27
0 24 27
2 36 32
2 37 32
0 38 32
0 0 32
1 28 24
1 28 25
0 28 26
3 27 38
2 28 38
0 29 38
2 30 38
0 31 38
1 46 19
0 46 20
1 16 48
0 16 49
2 24 5
0 23 5
2 16 41
0 17 41
1 10 11
1 10 10
1 10 9
1 10 8
0 10 7
4 2 48
0 1 48
1 21 36
1 21 35
0 21 34
1 23 38
0 23 39
0 31 18
2 22 5
2 21 5
0 20 5
0 35 24
0 1 18
2 9 7
3 8 7
5 8 6
2 7 6
0 6 6
1 44 5
0 44 4
0 19 38
1 21 44
0 21 43
0 6 5
2 6 26
2 5 26
2 4 26
2 3 26
0 2 26
0 40 2
3 9 12
5 9 11
0 8 11
2 36 24
2 37 24
0 38 24
2 39 24
2 40 24
0 41 24
0 32 9
3 38 33
0 39 33
2 40 33
0 41 33
1 13 28
0 13 27
0 9 38
1 25 20
0 25 21
3 41 34
0 42 34
3 18 23
0 19 23
0 20 23
0 26 44
0 26 43
1 36 3
0 36 2
0 41 25
0 31 5
6 5 14
0 6 14
1 39 34
1 39 35
1 39 36
4 39 37
0 38 37
1 48 4
0 48 3
1 38 38
1 38 39
0 38 40
2 41 2
4 42 2
0 42 1
0 36 13
0 5 47
1 29 46
1 29 47
0 29 48
2 14 36
2 13 36
0 12 36
2 30 19
0 29 19
6 1 15
0 2 15
1 24 26
0 24 25
2 21 7
2 20 7
2 19 7
0 18 7
1 41 26
1 41 27
3 41 28
0 42 28
0 17 7
1 17 6
1 17 5
5 17 4
0 16 4
4 30 48
6 30 47
2 31 47
0 32 47
1 38 41
1 38 42
0 38 43
0 6 47
0 32 38
6 38 31
4 39 31
0 39 30
0 33 38
0 28 38
1 20 4
1 20 3
1 20 2
6 20 1
0 21 1
2 8 22
0 9 22
4 44 19
2 43 19
0 42 19
2 15 4
2 14 4
0 13 4
4 17 8
2 16 8
0 15 8
1 4 31
0 4 30
2 39 40
2 40 40
2 41 40
2 42 40
0 43 40
0 14 22
0 28 27
2 33 47
0 34 47
4 6 7
6 5 7
0 5 8
0 4 8
1 29 13
0 29 14
4 2 27
0 1 27
0 0 27
2 37 20
0 38 20
0 35 33
2 47 20
2 48 20
5 49 20
1 49 21
0 49 22
4 7 5
1 7 4
1 7 3
6 7 2
0 8 2
1 20 14
3 20 15
0 21 15
2 12 27
3 11 27
0 11 26
6 8 1
2 9 1
0 10 1
0 7 23
0 24 48
1 11 31
1 11 32
0 11 33
0 24 24
2 1 41
0 0 41
1 42 29
0 42 30
5 6 4
2 5 4
3 4 4
0 4 3
2 39 43
0 40 43
1 16 3
6 16 2
0 17 2
6 3 3
0 3 4
1 42 35
3 42 36
2 43 36
2 44 36
2 45 36
0 46 36
1 40 44
1 40 45
1 40 46
3 40 47
0 41 47
-1
-1
-1
-1
-1
-1
-1
-1
-1
-1
-1
-1
-1
-1
-1
-1
-1
-1
-1
-1
-1
-1
-1
-1
-1
-1
-1
-1
-1
-1
-1
-1
-1
-1
-1
-1
-1
-1
-1
-1
-1
-1
-1
-1
-1
-1
-1
-1
-1
-1
-1
-1
-1
-1
-1
-1
-1
-1
-1
-1
-1
-1
-1
-1
-1
-1
-1
-1
-1
-1
-1
-1
-1
-1
-1
-1
-1
-1
-1
-1
-1
-1
-1
-1
-1
-1
-1
-1
-1
-1
-1
-1
-1
-1
-1
-1
-1
-1
-1
-1
-1
-1
-1
-1
-1
-1
-1
-1
-1
-1
-1
-1
-1
-1
-1
-1
-1
-1
-1
-1
-1
-1
-1
-1
-1
-1
-1
-1
-1
-1
-1
-1
-1
-1
-1
-1
-1
-1
-1
-1
-1
-1
