0 6 35
1 6 34
1 6 33
1 6 32
6 6 31
2 7 31
2 8 31
2 9 31
2 10 31
2 11 31
2 12 31
2 13 31
2 14 31
2 15 31
2 16 31
2 17 31
2 18 31
2 19 31
2 20 31
2 21 31
4 22 31
1 22 30
1 22 29
6 22 28
2 23 28
4 24 28
6 24 27
2 25 27
4 26 27
1 26 26
1 26 25
1 26 24
1 26 23
6 26 22
2 27 22
2 28 22
2 29 22
2 30 22
2 31 22
0 32 22
1 32 21
1 32 20
1 32 19
1 32 18
1 32 17
1 32 16
1 32 15
1 32 14
1 32 13
1 32 12
1 32 11
1 32 10
1 32 9
1 32 8
1 32 7
-1
-1
-1
-1
-1
-1
-1
-1
-1
-1
-1
-1
-1
-1
-1
-1
-1
-1
-1
-1
-1
-1
-1
-1
-1
-1
-1
-1
-1
-1
-1
-1
-1
-1
-1
-1
-1
-1
-1
-1
-1
-1
-1
-1
-1
-1
-1
-1
-1
-1
-1
-1
-1
-1
-1
-1
-1
-1
-1
-1
-1
-1
-1
-1
-1
-1
-1
-1
-1
-1
-1
-1
0 32 6
1 32 23
1 32 24
1 32 25
-1
1 32 26
1 32 27
1 32 28
1 32 29
1 32 30
1 32 31
1 32 32
1 32 33
1 32 34
1 32 35
1 32 36
4 32 37
-1
-1
-1
-1
-1
-1
-1
-1
-1
-1
-1
-1
-1
-1
-1
-1
-1
-1
-1
-1
-1
-1
-1
-1
-1
-1
-1
-1
-1
-1
-1
-1
-1
-1
-1
-1
-1
-1
-1
-1
-1
-1
-1
-1
-1
-1
-1
-1
-1
-1
0 31 37
1 6 36
1 6 37
1 6 38
1 6 39
1 6 40
1 6 41
1 6 42
3 6 43
2 7 43
2 8 43
2 9 43
2 10 43
2 11 43
2 12 43
2 13 43
2 14 43
2 15 43
-1
-1
-1
-1
-1
-1
-1
-1
-1
-1
-1
-1
-1
-1
-1
-1
-1
-1
-1
-1
-1
-1
-1
-1
-1
-1
-1
-1
-1
-1
-1
-1
-1
-1
0 16 43
6 31 6
4 31 7
2 30 7
2 29 7
6 28 7
1 28 8
1 28 9
1 28 10
4 28 11
2 27 11
2 26 11
2 25 11
2 24 11
2 23 11
2 22 11
2 21 11
2 20 11
2 19 11
2 18 11
2 17 11
2 16 11
2 15 11
2 14 11
2 13 11
2 12 11
-1
-1
-1
-1
-1
-1
-1
-1
-1
-1
-1
-1
-1
-1
-1
-1
-1
-1
-1
0 11 11
-1
-1
-1
-1
-1
-1
-1
-1
-1
-1
-1
-1
-1
-1
-1
-1
-1
-1
-1
-1
0 6 31
4 33 22
1 33 21
1 33 20
1 33 19
1 33 18
1 33 17
6 33 16
2 34 16
-1
-1
-1
-1
-1
-1
-1
-1
-1
-1
-1
-1
-1
-1
-1
-1
0 35 16
1 31 38
1 31 39
1 31 40
1 31 41
1 31 42
1 31 43
1 31 44
4 31 45
-1
-1
-1
-1
-1
-1
-1
-1
-1
-1
-1
-1
0 30 45
1 35 17
1 35 18
3 35 19
2 36 19
2 37 19
2 38 19
2 39 19
2 40 19
2 41 19
2 42 19
2 43 19
5 44 19
1 44 20
1 44 21
1 44 22
1 44 23
3 44 24
2 45 24
2 46 24
2 47 24
-1
0 48 24
-1
-1
-1
-1
-1
-1
-1
-1
-1
-1
-1
-1
-1
0 28 7
1 48 25
1 48 26
1 48 27
1 48 28
1 48 29
1 48 30
1 48 31
1 48 32
1 48 33
-1
-1
-1
-1
-1
-1
-1
0 48 34
2 17 43
2 18 43
2 19 43
2 20 43
2 21 43
-1
-1
-1
-1
-1
-1
-1
0 22 43
1 11 12
1 11 13
3 11 14
2 12 14
2 13 14
2 14 14
2 15 14
5 16 14
3 16 15
2 17 15
5 18 15
-1
-1
0 18 16
1 18 17
1 18 18
1 18 19
1 18 20
-1
-1
-1
-1
-1
-1
0 18 21
2 29 45
2 28 45
-1
-1
-1
-1
-1
-1
-1
-1
0 27 45
2 19 16
2 20 16
2 21 16
2 22 16
2 23 16
2 24 16
2 25 16
2 26 16
2 27 16
-1
0 28 16
1 11 10
1 11 9
1 11 8
1 11 7
1 11 6
1 11 5
1 11 4
5 11 3
2 10 3
2 9 3
2 8 3
3 7 3
1 7 2
5 7 1
2 6 1
2 5 1
2 4 1
2 3 1
2 2 1
0 1 1
0 22 31
6 10 11
1 10 12
1 10 13
1 10 14
1 10 15
1 10 16
1 10 17
0 10 18
1 10 19
4 10 20
2 9 20
-1
-1
-1
-1
0 8 20
-1
-1
-1
-1
-1
-1
0 44 19
5 49 24
1 49 25
1 49 26
-1
-1
-1
0 49 27
4 7 35
6 7 34
-1
-1
-1
-1
0 8 34
1 8 21
1 8 22
3 8 23
-1
-1
-1
0 9 23
-1
-1
-1
-1
-1
0 32 11
-1
-1
-1
-1
-1
0 7 3
-1
-1
-1
-1
-1
0 15 31
5 33 6
3 33 7
2 34 7
2 35 7
2 36 7
0 37 7
1 18 22
3 18 23
2 19 23
2 20 23
-1
0 21 23
-1
-1
-1
-1
0 26 27
-1
-1
-1
-1
0 6 40
-1
-1
-1
-1
0 16 14
-1
-1
-1
-1
-1
-1
-1
-1
-1
-1
-1
-1
-1
-1
-1
-1
-1
-1
-1
-1
-1
-1
-1
-1
-1
-1
-1
-1
-1
-1
-1
-1
-1
-1
-1
-1
-1
-1
-1
-1
-1
-1
-1
-1
-1
-1
-1
-1
-1
-1
-1
-1
-1
-1
-1
-1
-1
-1
-1
-1
-1
-1
-1
-1
-1
-1
-1
-1
-1
-1
-1
-1
-1
-1
-1
-1
-1
-1
-1
-1
-1
-1
-1
-1
-1
-1
-1
-1
-1
-1
-1
-1
-1
-1
-1
-1
-1
-1
-1
-1
-1
-1
-1
-1
-1
-1
-1
-1
-1
-1
-1
-1
-1
-1
-1
-1
-1
-1
-1
-1
-1
-1
-1
-1
-1
-1
-1
-1
-1
-1
-1
-1
-1
-1
-1
-1
-1
-1
-1
-1
-1
-1
-1
-1
-1
-1
-1
-1
-1
-1
-1
-1
-1
-1
-1
-1
-1
-1
-1
-1
-1
-1
-1
-1
-1
-1
-1
-1
-1
-1
-1
-1
-1
-1
-1
-1
-1
-1
-1
-1
-1
-1
-1
-1
-1
-1
-1
-1
-1
-1
-1
-1
-1
-1
-1
-1
-1
-1
-1
-1
-1
-1
-1
-1
-1
-1
-1
-1
-1
-1
-1
-1
-1
-1
-1
-1
-1
-1
