0 17 4
2 18 4
2 19 4
2 20 4
2 21 4
2 22 4
2 23 4
2 24 4
2 25 4
2 26 4
2 27 4
2 28 4
2 29 4
2 30 4
2 31 4
0 32 4
1 32 5
1 32 6
1 32 7
1 32 8
1 32 9
1 32 10
1 32 11
1 32 12
1 32 13
1 32 14
4 32 15
6 31 15
1 31 16
1 31 17
1 31 18
1 31 19
1 31 20
1 31 21
1 31 22
1 31 23
1 31 24
1 31 25
1 31 26
-1
4 31 27
2 30 27
2 29 27
6 28 27
1 28 28
-1
1 28 29
4 28 30
2 27 30
6 26 30
1 26 31
-1
-1
-1
-1
-1
-1
-1
-1
-1
-1
-1
-1
-1
-1
-1
-1
-1
-1
-1
-1
-1
-1
-1
-1
-1
-1
-1
-1
-1
-1
-1
-1
-1
-1
-1
-1
-1
-1
-1
-1
-1
-1
-1
-1
-1
-1
-1
-1
-1
-1
-1
-1
-1
-1
-1
-1
-1
-1
-1
-1
0 26 32
5 33 4
1 33 5
3 33 6
2 34 6
-1
-1
-1
-1
-1
-1
0 35 6
1 26 33
1 26 34
1 26 35
4 26 36
2 25 36
-1
0 24 36
2 23 36
2 22 36
2 21 36
2 20 36
2 19 36
2 18 36
2 17 36
2 16 36
0 15 36
1 32 3
1 32 2
0 32 1
0 29 4
2 25 32
2 24 32
0 23 32
2 33 1
2 34 1
0 35 1
1 15 35
1 15 34
0 15 33
0 21 36
0 26 35
0 32 6
2 36 1
2 37 1
0 38 1
5 15 32
2 14 32
0 13 32
1 13 31
1 13 30
0 13 29
1 15 37
3 15 38
5 16 38
1 16 39
1 16 40
0 16 41
1 16 42
1 16 43
0 16 44
0 32 9
2 12 29
2 11 29
2 10 29
2 9 29
0 8 29
1 38 2
1 38 3
0 38 4
0 16 38
0 22 32
0 28 30
2 15 44
2 14 44
2 13 44
2 12 44
2 11 44
0 10 44
4 17 41
6 17 40
2 18 40
2 19 40
0 20 40
2 9 44
0 8 44
2 33 9
2 34 9
2 35 9
0 36 9
0 31 27
1 8 28
1 8 27
5 8 26
2 7 26
2 6 26
0 5 26
1 5 25
1 5 24
1 5 23
1 5 22
1 5 21
1 5 20
1 5 19
0 5 18
0 5 22
4 16 33
0 16 32
2 4 18
2 3 18
2 2 18
0 1 18
0 13 44
1 1 17
1 1 16
1 1 15
6 1 14
0 2 14
1 2 13
1 2 12
1 2 11
1 2 10
0 2 9
2 39 4
2 40 4
2 41 4
2 42 4
0 43 4
2 6 18
0 7 18
0 22 4
1 43 5
0 43 6
1 2 8
1 2 7
1 2 6
0 2 5
1 2 4
1 2 3
1 2 2
0 2 1
2 3 1
2 4 1
0 5 1
1 1 19
0 1 20
0 26 4
1 1 21
1 1 22
0 1 23
2 6 1
2 7 1
2 8 1
2 9 1
0 10 1
0 35 2
2 3 5
0 4 5
2 6 22
2 7 22
0 8 22
0 37 9
1 10 2
0 10 3
0 10 4
2 14 36
0 13 36
2 3 9
2 4 9
2 5 9
0 6 9
0 1 14
0 6 8
2 44 6
2 45 6
0 46 6
2 27 35
2 28 35
0 29 35
2 9 22
2 10 22
0 11 22
2 21 40
0 22 40
1 11 21
5 11 20
0 10 20
1 10 19
1 10 18
1 10 17
1 10 16
0 10 15
1 43 7
0 43 8
0 8 30
0 3 14
1 8 31
1 8 32
0 8 33
2 7 33
2 6 33
2 5 33
0 4 33
0 23 40
1 4 34
1 4 35
0 4 36
0 28 27
0 31 23
1 43 9
0 43 10
1 4 37
1 4 38
0 4 39
0 4 14
1 10 14
1 10 13
0 10 12
0 13 37
0 9 15
1 37 10
1 37 11
0 37 12
2 9 4
0 8 4
2 44 10
2 45 10
2 46 10
0 47 10
1 6 10
0 6 11
0 33 9
1 10 11
0 10 10
0 38 12
0 32 27
0 2 3
3 10 5
2 11 5
2 12 5
0 13 5
1 47 11
0 47 12
0 38 9
6 13 28
2 14 28
2 15 28
0 16 28
2 12 37
0 11 37
0 11 38
0 31 15
6 43 3
2 44 3
0 45 3
1 16 27
0 16 26
0 13 6
3 12 32
0 12 31
5 29 3
3 28 3
0 28 2
2 39 1
2 40 1
0 41 1
1 16 45
0 16 46
0 1 9
2 30 35
0 31 35
0 31 34
1 11 23
1 11 24
1 11 25
0 11 26
0 22 31
0 45 2
0 26 30
0 1 17
2 17 28
0 18 28
1 26 5
1 26 6
0 26 7
3 26 8
2 27 8
0 28 8
0 16 47
0 6 18
0 28 1
1 16 25
1 16 24
6 16 23
0 17 23
2 11 10
0 12 10
2 13 10
2 14 10
0 15 10
2 21 32
0 20 32
1 47 13
1 47 14
0 47 15
0 28 31
0 30 15
0 6 26
1 38 13
1 38 14
0 38 15
0 38 16
2 39 15
2 40 15
0 41 15
1 41 16
0 41 17
0 42 17
2 11 15
0 12 15
0 45 10
2 13 15
2 14 15
0 15 15
2 16 10
2 17 10
0 18 10
2 16 15
0 17 15
2 24 40
0 25 40
0 1 24
1 8 45
1 8 46
1 8 47
0 8 48
2 18 23
0 19 23
0 20 23
0 20 22
0 15 35
0 32 14
2 33 14
2 34 14
0 35 14
0 4 22
2 17 44
2 18 44
2 19 44
0 20 44
1 6 12
0 6 13
2 3 39
2 2 39
0 1 39
0 33 27
1 20 21
1 20 20
1 20 19
6 20 18
0 21 18
0 33 28
2 27 27
2 26 27
2 25 27
0 24 27
2 18 15
0 19 15
1 10 9
1 10 8
0 10 7
2 22 18
0 23 18
6 25 7
1 25 8
1 25 9
4 25 10
0 24 10
1 25 41
1 25 42
1 25 43
0 25 44
3 38 5
2 39 5
0 40 5
6 45 1
2 46 1
2 47 1
0 48 1
0 17 22
5 4 32
2 3 32
0 2 32
1 8 34
0 8 35
0 15 41
0 10 43
1 17 5
1 17 6
0 17 7
1 22 3
1 22 2
1 22 1
0 22 0
1 31 36
1 31 37
1 31 38
0 31 39
0 1 25
1 1 26
0 1 27
4 31 40
2 30 40
0 29 40
1 22 5
3 22 6
0 23 6
0 15 14
6 41 14
0 42 14
1 48 2
0 48 3
1 15 16
1 15 17
0 15 18
2 26 44
2 27 44
2 28 44
0 29 44
2 14 18
0 13 18
1 42 18
1 42 19
1 42 20
1 42 21
1 42 22
1 42 23
3 42 24
0 43 24
1 17 3
1 17 2
5 17 1
0 16 1
2 24 18
5 25 18
1 25 19
3 25 20
0 26 20
0 29 8
0 43 25
1 28 9
1 28 10
0 28 11
3 8 49
2 9 49
2 10 49
0 11 49
6 23 17
4 24 17
1 24 16
0 24 15
1 33 29
1 33 30
3 33 31
2 34 31
0 35 31
1 8 43
0 8 42
1 31 33
0 31 32
5 28 26
3 27 26
1 27 25
0 27 24
1 35 15
1 35 16
1 35 17
1 35 18
4 35 19
0 34 19
2 7 44
6 6 44
4 6 45
2 5 45
2 4 45
0 3 45
4 3 46
6 2 46
4 2 47
0 1 47
1 34 20
3 34 21
2 35 21
0 36 21
1 36 22
0 36 23
1 29 45
1 29 46
1 29 47
1 29 48
3 29 49
2 30 49
0 31 49
1 47 16
1 47 17
1 47 18
1 47 19
1 47 20
0 47 21
0 5 2
1 20 45
1 20 46
1 20 47
0 20 48
2 36 31
4 37 31
1 37 30
6 37 29
2 38 29
0 39 29
0 47 17
5 32 39
3 32 40
2 33 40
2 34 40
2 35 40
2 36 40
2 37 40
2 38 40
2 39 40
2 40 40
0 41 40
-1
-1
-1
-1
-1
-1
-1
-1
-1
-1
-1
-1
-1
-1
-1
-1
-1
-1
-1
-1
-1
-1
-1
-1
-1
-1
-1
-1
-1
-1
-1
-1
-1
-1
-1
-1
-1
-1
-1
-1
-1
-1
-1
-1
-1
-1
-1
-1
-1
-1
-1
-1
-1
-1
-1
-1
-1
-1
-1
-1
-1
-1
-1
-1
-1
-1
-1
-1
-1
-1
-1
-1
-1
-1
-1
-1
-1
-1
-1
-1
-1
-1
-1
-1
-1
-1
-1
-1
-1
-1
-1
-1
-1
-1
-1
-1
-1
-1
-1
-1
-1
-1
-1
-1
-1
-1
-1
-1
-1
-1
-1
-1
-1
-1
-1
-1
-1
-1
-1
-1
-1
-1
-1
-1
-1
-1
-1
-1
-1
-1
-1
-1
-1
-1
-1
-1
-1
-1
-1
-1
-1
-1
-1
-1
-1
-1
-1
-1
-1
-1
-1
-1
-1
-1
-1
-1
