0 5 13
2 6 13
2 7 13
2 8 13
2 9 13
2 10 13
5 11 13
3 11 14
5 12 14
1 12 15
1 12 16
1 12 17
1 12 18
1 12 19
1 12 20
1 12 21
1 12 22
1 12 23
1 12 24
1 12 25
1 12 26
1 12 27
1 12 28
1 12 29
1 12 30
1 12 31
1 12 32
1 12 33
1 12 34
1 12 35
1 12 36
0 12 37
1 12 38
1 12 39
1 12 40
1 12 41
1 12 42
1 12 43
-1
-1
-1
-1
-1
0 12 44
6 5 12
2 6 12
2 7 12
-1
-1
-1
-1
-1
-1
-1
-1
-1
-1
-1
0 8 12
4 13 44
1 13 43
6 13 42
2 14 42
2 15 42
2 16 42
2 17 42
2 18 42
2 19 42
2 20 42
2 21 42
2 22 42
2 23 42
2 24 42
2 25 42
2 26 42
2 27 42
2 28 42
2 29 42
2 30 42
2 31 42
2 32 42
2 33 42
2 34 42
2 35 42
2 36 42
2 37 42
2 38 42
2 39 42
2 40 42
0 41 42
0 15 42
2 13 37
2 14 37
2 15 37
0 16 37
2 4 13
2 3 13
2 2 13
3 1 13
1 1 12
1 1 11
1 1 10
0 1 9
2 17 37
2 18 37
2 19 37
2 20 37
5 21 37
0 21 38
2 2 9
2 3 9
2 4 9
2 5 9
0 6 9
0 12 31
1 41 41
1 41 40
1 41 39
1 41 38
0 41 37
0 21 42
5 13 31
3 13 32
2 14 32
2 15 32
0 16 32
0 10 13
2 17 32
0 18 32
0 17 37
1 10 12
1 10 11
0 10 10
2 11 37
2 10 37
3 9 37
1 9 36
1 9 35
0 9 34
0 4 9
0 12 28
2 8 34
2 7 34
0 6 34
2 22 38
2 23 38
2 24 38
0 25 38
1 4 8
1 4 7
0 4 6
1 21 43
1 21 44
1 21 45
4 21 46
0 20 46
0 11 44
0 12 39
1 10 9
1 10 8
0 10 7
0 12 16
0 9 37
0 24 42
0 34 42
1 34 43
1 34 44
4 34 45
0 33 45
2 42 37
2 43 37
2 44 37
2 45 37
2 46 37
0 47 37
0 47 36
1 47 38
3 47 39
5 48 39
1 48 40
0 48 41
0 6 33
0 1 13
0 21 39
2 46 36
3 45 36
1 45 35
1 45 34
1 45 33
0 45 32
1 48 42
1 48 43
1 48 44
1 48 45
1 48 46
4 48 47
0 47 47
2 46 47
0 45 47
1 45 31
1 45 30
0 45 29
0 12 30
2 46 29
2 47 29
0 48 29
2 32 45
2 31 45
2 30 45
0 29 45
0 38 42
0 12 36
4 16 33
2 15 33
0 14 33
1 29 46
1 29 47
0 29 48
2 44 32
2 43 32
0 42 32
0 31 42
1 25 37
1 25 36
0 25 35
1 18 33
3 18 34
0 19 34
1 17 38
0 17 39
2 42 42
0 43 42
1 25 34
6 25 33
0 26 33
1 47 35
6 47 34
0 48 34
1 5 14
1 5 15
1 5 16
0 5 17
2 40 37
0 39 37
2 19 46
2 18 46
0 17 46
0 16 46
2 11 10
2 12 10
0 13 10
2 44 47
2 43 47
2 42 47
0 41 47
1 33 46
0 33 47
0 3 13
1 34 41
1 34 40
0 34 39
5 42 31
0 41 31
0 21 37
1 41 30
1 41 29
1 41 28
1 41 27
0 41 26
0 13 28
0 19 42
1 11 45
1 11 46
0 11 47
0 48 43
1 43 41
0 43 40
5 10 6
2 9 6
0 8 6
1 18 31
1 18 30
0 18 29
0 29 42
0 27 42
2 27 33
2 28 33
0 29 33
5 39 36
2 38 36
0 37 36
0 4 17
0 44 29
2 40 26
0 39 26
0 26 38
1 39 25
1 39 24
0 39 23
2 38 23
0 37 23
0 36 23
0 18 28
0 45 36
1 37 35
0 37 34
0 36 34
2 6 17
0 7 17
2 19 32
2 20 32
2 21 32
0 22 32
1 8 5
1 8 4
1 8 3
0 8 2
2 34 47
2 35 47
0 36 47
0 7 2
0 6 32
1 6 35
0 6 36
0 36 48
1 11 43
5 11 42
2 10 42
2 9 42
0 8 42
0 7 42
0 5 36
2 4 36
0 3 36
2 6 2
3 5 2
0 5 1
2 28 48
0 27 48
0 8 17
1 22 31
0 22 30
1 24 43
1 24 44
0 24 45
1 3 37
1 3 38
1 3 39
0 3 40
1 1 14
0 1 15
1 29 34
0 29 35
0 41 46
0 24 35
0 44 40
0 12 14
0 3 41
1 37 22
0 37 21
1 37 20
0 37 19
0 11 7
2 9 2
0 10 2
0 3 42
6 29 32
2 30 32
0 31 32
4 36 24
2 35 24
0 34 24
1 11 48
0 11 49
0 27 47
2 33 24
0 32 24
2 13 14
0 14 14
0 36 19
0 39 27
0 47 48
0 12 40
0 15 14
0 11 2
1 38 43
0 38 44
1 36 18
1 36 17
1 36 16
1 36 15
0 36 14
1 36 13
6 36 12
2 37 12
4 38 12
1 38 11
1 38 10
1 38 9
1 38 8
1 38 7
1 38 6
0 38 5
0 35 42
2 37 5
2 36 5
0 35 5
1 35 4
1 35 3
0 35 2
2 39 5
2 40 5
2 41 5
0 42 5
0 41 48
0 42 6
1 3 43
1 3 44
1 3 45
1 3 46
0 3 47
1 42 4
1 42 3
0 42 2
0 43 2
0 27 38
2 43 5
2 44 5
2 45 5
2 46 5
0 47 5
1 7 43
0 7 44
1 47 6
1 47 7
1 47 8
1 47 9
0 47 10
0 18 27
0 3 48
2 34 2
0 33 2
1 47 11
0 47 12
4 47 13
2 46 13
2 45 13
0 44 13
0 34 38
2 32 32
0 33 32
0 33 48
2 4 1
2 3 1
0 2 1
2 10 49
2 9 49
0 8 49
2 2 36
0 1 36
0 38 11
1 47 4
1 47 3
6 47 2
0 48 2
0 41 49
0 0 9
1 20 47
0 20 48
2 32 2
2 31 2
2 30 2
6 29 2
0 29 3
0 28 3
0 9 33
1 2 2
1 2 3
4 2 4
0 1 4
2 27 3
0 26 3
1 26 2
0 26 1
0 31 24
0 18 26
2 35 19
2 34 19
0 33 19
0 38 27
0 12 49
3 43 43
0 44 43
0 32 19
2 31 19
2 30 19
0 29 19
0 37 33
0 15 32
2 33 39
2 32 39
0 31 39
1 26 32
0 26 31
0 38 8
1 26 30
1 26 29
0 26 28
0 17 45
1 26 27
1 26 26
0 26 25
1 26 24
0 26 23
0 20 49
2 41 2
3 40 2
0 40 1
1 4 18
0 4 19
0 30 35
2 12 2
2 13 2
0 14 2
0 47 6
0 36 2
0 48 39
1 44 14
4 44 15
0 43 15
1 43 16
1 43 17
0 43 18
2 44 18
0 45 18
1 45 19
1 45 20
0 45 21
0 47 7
2 46 21
0 47 21
1 47 22
0 47 23
0 15 37
1 31 31
1 31 30
0 31 29
1 47 24
0 47 25
1 33 18
0 33 17
0 15 46
0 47 9
1 1 35
1 1 34
0 1 33
1 6 31
1 6 30
6 6 29
2 7 29
0 8 29
1 26 4
1 26 5
1 26 6
0 26 7
0 37 8
0 23 45
2 36 8
2 35 8
0 34 8
2 33 8
2 32 8
0 31 8
0 21 40
1 31 9
0 31 10
2 37 27
0 36 27
1 8 18
0 8 19
0 14 3
2 12 7
2 13 7
2 14 7
2 15 7
2 16 7
0 17 7
1 1 32
1 1 31
1 1 30
6 1 29
0 2 29
0 6 2
2 35 39
0 36 39
5 39 8
3 39 9
0 40 9
0 2 28
0 29 2
1 26 22
5 26 21
2 25 21
0 24 21
0 29 20
2 3 19
2 2 19
0 1 19
2 18 7
4 19 7
1 19 6
1 19 5
0 19 4
2 42 15
0 41 15
0 31 11
1 31 12
0 31 13
1 13 27
1 13 26
1 13 25
1 13 24
0 13 23
0 30 13
0 47 20
2 27 28
0 28 28
1 24 20
1 24 19
1 24 18
0 24 17
2 38 19
0 39 19
0 41 25
1 26 8
0 26 9
2 41 9
2 42 9
0 43 9
6 45 17
2 46 17
0 47 17
1 36 1
0 36 0
4 26 10
2 25 10
2 24 10
2 23 10
6 22 10
0 22 11
1 22 12
1 22 13
0 22 14
0 45 31
2 15 2
0 16 2
0 25 1
4 19 26
6 19 25
0 20 25
0 30 24
0 4 40
5 20 24
3 19 24
0 19 23
5 14 23
3 14 24
0 15 24
0 36 49
3 21 11
5 21 10
0 20 10
2 23 14
2 24 14
0 25 14
1 33 31
0 33 30
4 8 20
6 7 20
1 7 21
1 7 22
0 7 23
2 8 23
2 9 23
0 10 23
-1
-1
-1
-1
-1
-1
-1
-1
-1
-1
-1
-1
-1
-1
-1
-1
-1
-1
-1
-1
-1
-1
-1
-1
-1
-1
-1
-1
-1
-1
-1
-1
-1
-1
-1
-1
-1
-1
-1
-1
-1
-1
-1
-1
-1
-1
-1
-1
-1
-1
-1
-1
-1
-1
-1
-1
-1
-1
-1
-1
-1
-1
-1
-1
-1
-1
-1
-1
-1
-1
-1
-1
-1
-1
-1
-1
-1
-1
-1
-1
-1
-1
-1
-1
-1
-1
-1
-1
-1
-1
-1
-1
-1
-1
-1
-1
-1
-1
-1
-1
-1
-1
-1
-1
-1
-1
-1
-1
-1
-1
-1
-1
-1
-1
-1
