0 29 30
4 29 31
2 28 31
2 27 31
2 26 31
6 25 31
1 25 32
4 25 33
2 24 33
2 23 33
2 22 33
6 21 33
1 21 34
1 21 35
1 21 36
1 21 37
1 21 38
1 21 39
4 21 40
6 20 40
1 20 41
1 20 42
1 20 43
1 20 44
4 20 45
2 19 45
2 18 45
2 17 45
0 16 45
1 16 44
5 16 43
2 15 43
2 14 43
2 13 43
2 12 43
2 11 43
2 10 43
2 9 43
3 8 43
1 8 42
1 8 41
1 8 40
-1
-1
-1
-1
-1
-1
-1
-1
-1
-1
-1
-1
-1
-1
-1
-1
-1
-1
-1
-1
-1
-1
-1
-1
-1
-1
-1
-1
-1
-1
-1
0 8 39
3 16 46
2 17 46
2 18 46
2 19 46
2 20 46
2 21 46
2 22 46
2 23 46
2 24 46
2 25 46
2 26 46
2 27 46
2 28 46
2 29 46
2 30 46
2 31 46
2 32 46
2 33 46
2 34 46
2 35 46
-1
-1
-1
-1
-1
-1
-1
-1
-1
-1
-1
-1
-1
-1
-1
-1
-1
-1
-1
-1
-1
-1
-1
-1
-1
-1
-1
0 36 46
1 29 29
1 29 28
5 29 27
2 28 27
3 27 27
1 27 26
5 27 25
3 26 25
1 26 24
1 26 23
1 26 22
1 26 21
1 26 20
1 26 19
1 26 18
1 26 17
1 26 16
1 26 15
1 26 14
1 26 13
1 26 12
1 26 11
1 26 10
1 26 9
1 26 8
1 26 7
5 26 6
-1
-1
-1
-1
0 25 6
1 25 5
1 25 4
6 25 3
4 26 3
1 26 2
6 26 1
2 27 1
2 28 1
2 29 1
2 30 1
2 31 1
2 32 1
2 33 1
2 34 1
2 35 1
2 36 1
2 37 1
2 38 1
2 39 1
2 40 1
2 41 1
-1
-1
-1
0 42 1
1 8 38
1 8 37
1 8 36
1 8 35
1 8 34
1 8 33
1 8 32
5 8 31
2 7 31
2 6 31
-1
-1
-1
-1
-1
-1
0 5 31
3 24 6
5 24 5
2 23 5
2 22 5
2 21 5
2 20 5
2 19 5
2 18 5
3 17 5
1 17 4
1 17 3
-1
-1
0 17 2
-1
-1
-1
-1
-1
-1
-1
-1
-1
0 24 33
1 36 45
1 36 44
1 36 43
1 36 42
5 36 41
2 35 41
-1
-1
0 34 41
6 16 2
1 16 3
4 16 4
2 15 4
2 14 4
-1
-1
0 13 4
6 34 40
2 35 40
2 36 40
2 37 40
2 38 40
2 39 40
0 40 40
1 25 7
4 25 8
2 24 8
6 23 8
1 23 9
4 23 10
2 22 10
2 21 10
0 20 10
2 37 46
0 38 46
1 13 5
1 13 6
1 13 7
1 13 8
1 13 9
1 13 10
1 13 11
1 13 12
1 13 13
1 13 14
1 13 15
1 13 16
0 13 17
0 19 46
0 9 43
4 30 30
1 30 29
1 30 28
6 30 27
0 31 27
3 33 41
5 33 40
2 32 40
0 31 40
1 40 39
1 40 38
1 40 37
1 40 36
1 40 35
1 40 34
1 40 33
0 40 32
2 18 2
2 19 2
0 20 2
1 5 30
1 5 29
1 5 28
1 5 27
1 5 26
1 5 25
0 5 24
0 27 27
0 30 1
0 8 43
1 31 26
1 31 25
1 31 24
1 31 23
5 31 22
2 30 22
3 29 22
0 29 21
0 17 5
0 26 24
0 12 43
1 5 23
1 5 22
1 5 21
1 5 20
0 5 19
1 36 47
4 36 48
2 35 48
0 34 48
0 8 35
0 19 5
0 20 40
4 27 28
2 26 28
2 25 28
0 24 28
0 29 31
1 31 28
1 31 29
3 31 30
0 32 30
0 37 40
0 23 8
5 24 27
2 23 27
2 22 27
2 21 27
0 20 27
1 31 41
4 31 42
0 30 42
0 26 25
0 22 5
3 25 24
1 25 23
1 25 22
5 25 21
0 24 21
2 30 21
2 31 21
2 32 21
0 33 21
1 12 42
1 12 41
6 12 40
0 13 40
1 33 20
6 33 19
2 34 19
2 35 19
2 36 19
2 37 19
0 38 19
1 13 39
1 13 38
0 13 37
0 21 33
1 38 18
1 38 17
0 38 16
1 38 15
1 38 14
5 38 13
2 37 13
0 36 13
4 13 18
2 12 18
0 11 18
0 26 3
0 38 45
2 29 42
0 28 42
1 12 44
1 12 45
1 12 46
0 12 47
0 33 20
2 39 16
2 40 16
2 41 16
0 42 16
0 8 32
1 17 6
4 17 7
2 16 7
0 15 7
0 25 31
1 11 19
1 11 20
3 11 21
0 12 21
0 13 47
1 31 39
0 31 38
2 4 24
2 3 24
0 2 24
1 2 25
1 2 26
1 2 27
0 2 28
1 13 36
1 13 35
6 13 34
0 14 34
1 42 17
1 42 18
3 42 19
0 43 19
1 14 33
1 14 32
1 14 31
0 14 30
2 13 30
0 12 30
0 23 10
1 23 11
1 23 12
1 23 13
3 23 14
0 24 14
0 15 30
2 44 19
0 45 19
1 5 18
1 5 17
1 5 16
1 5 15
1 5 14
0 5 13
1 45 20
1 45 21
1 45 22
3 45 23
2 46 23
0 47 23
2 4 13
6 3 13
4 3 14
0 2 14
1 29 32
1 29 33
1 29 34
0 29 35
2 7 43
0 6 43
1 6 44
1 6 45
1 6 46
4 6 47
2 5 47
2 4 47
2 3 47
0 2 47
4 32 27
6 32 26
2 33 26
0 34 26
3 34 27
2 35 27
0 36 27
4 36 14
0 35 14
2 34 14
0 33 14
6 12 4
1 12 5
4 12 6
0 11 6
2 4 31
2 3 31
2 2 31
0 1 31
5 6 24
1 6 25
3 6 26
0 7 26
5 20 26
0 19 26
6 42 15
2 43 15
2 44 15
2 45 15
0 46 15
1 38 47
1 38 48
3 38 49
2 39 49
2 40 49
2 41 49
0 42 49
0 8 37
6 20 1
2 21 1
2 22 1
0 23 1
2 27 42
2 26 42
0 25 42
0 29 22
1 42 48
6 42 47
2 43 47
2 44 47
2 45 47
0 46 47
1 46 14
1 46 13
1 46 12
1 46 11
1 46 10
1 46 9
6 46 8
0 47 8
1 1 32
1 1 33
1 1 34
1 1 35
0 1 36
1 1 37
1 1 38
0 1 39
1 29 20
1 29 19
5 29 18
0 28 18
2 41 40
2 42 40
2 43 40
2 44 40
2 45 40
0 46 40
3 12 22
2 13 22
0 14 22
-1
-1
-1
-1
-1
-1
-1
-1
-1
-1
-1
-1
-1
-1
-1
-1
-1
-1
-1
-1
-1
-1
-1
-1
-1
-1
-1
-1
-1
-1
-1
-1
-1
-1
-1
-1
-1
-1
-1
-1
-1
-1
-1
-1
-1
-1
-1
-1
-1
-1
-1
-1
-1
-1
-1
-1
-1
-1
-1
-1
-1
-1
-1
-1
-1
-1
-1
-1
-1
-1
-1
-1
-1
-1
-1
-1
-1
-1
-1
-1
-1
-1
-1
-1
-1
-1
-1
-1
-1
-1
-1
-1
-1
-1
-1
-1
-1
-1
-1
-1
-1
-1
-1
-1
-1
-1
-1
-1
-1
-1
-1
-1
-1
-1
-1
-1
-1
-1
-1
-1
-1
-1
-1
-1
-1
-1
-1
-1
-1
-1
-1
-1
-1
-1
-1
-1
-1
-1
-1
-1
-1
-1
-1
-1
-1
-1
-1
-1
-1
-1
-1
-1
-1
-1
-1
-1
-1
-1
-1
-1
-1
-1
-1
-1
-1
-1
-1
-1
-1
-1
-1
-1
-1
-1
-1
-1
-1
-1
-1
-1
-1
-1
-1
-1
-1
-1
-1
-1
-1
-1
-1
-1
-1
-1
-1
-1
-1
-1
-1
-1
-1
-1
-1
-1
-1
-1
-1
-1
-1
-1
-1
-1
-1
-1
-1
-1
-1
-1
-1
-1
-1
-1
-1
-1
-1
-1
-1
-1
-1
-1
-1
-1
-1
-1
-1
-1
-1
-1
-1
-1
-1
-1
-1
-1
-1
-1
-1
-1
-1
-1
-1
-1
-1
-1
