0 30 21
1 30 20
6 30 19
2 31 19
2 32 19
2 33 19
2 34 19
2 35 19
2 36 19
2 37 19
4 38 19
1 38 18
1 38 17
1 38 16
6 38 15
2 39 15
2 40 15
2 41 15
2 42 15
2 43 15
2 44 15
2 45 15
2 46 15
2 47 15
4 48 15
1 48 14
0 48 13
5 48 12
2 47 12
2 46 12
2 45 12
3 44 12
-1
-1
-1
-1
-1
-1
-1
-1
-1
-1
-1
-1
-1
-1
-1
-1
-1
-1
-1
-1
-1
-1
-1
-1
-1
-1
-1
-1
-1
-1
-1
-1
0 44 11
2 29 21
2 28 21
6 27 21
1 27 22
1 27 23
4 27 24
2 26 24
6 25 24
1 25 25
1 25 26
1 25 27
1 25 28
1 25 29
1 25 30
1 25 31
1 25 32
4 25 33
2 24 33
2 23 33
2 22 33
2 21 33
2 20 33
2 19 33
2 18 33
2 17 33
2 16 33
2 15 33
2 14 33
2 13 33
2 12 33
2 11 33
2 10 33
2 9 33
2 8 33
2 7 33
2 6 33
2 5 33
6 4 33
1 4 34
4 4 35
6 3 35
1 3 36
1 3 37
1 3 38
1 3 39
1 3 40
1 3 41
1 3 42
4 3 43
-1
-1
-1
-1
-1
0 2 43
6 44 10
2 45 10
2 46 10
2 47 10
-1
-1
-1
-1
-1
-1
-1
-1
0 48 10
3 2 44
2 3 44
4 4 44
1 4 43
6 4 42
2 5 42
2 6 42
-1
0 7 42
1 48 9
1 48 8
1 48 7
1 48 6
5 48 5
-1
0 47 5
1 30 22
3 30 23
5 31 23
1 31 24
-1
0 31 25
1 7 43
1 7 44
1 7 45
3 7 46
2 8 46
2 9 46
2 10 46
5 11 46
3 11 47
2 12 47
2 13 47
2 14 47
2 15 47
2 16 47
2 17 47
2 18 47
2 19 47
0 20 47
2 1 43
0 0 43
0 7 46
2 32 25
2 33 25
2 34 25
0 35 25
1 47 6
1 47 7
4 47 8
2 46 8
0 45 8
6 43 11
4 43 12
2 42 12
2 41 12
6 40 12
4 40 13
0 39 13
0 25 24
2 38 13
2 37 13
2 36 13
0 35 13
0 4 33
0 3 36
0 27 21
1 27 20
1 27 19
5 27 18
0 26 18
0 42 15
2 44 8
2 43 8
2 42 8
0 41 8
5 35 12
2 34 12
0 33 12
0 38 19
2 26 21
2 25 21
0 24 21
0 25 28
0 11 46
0 31 19
1 20 46
1 20 45
1 20 44
0 20 43
0 25 31
6 20 42
2 21 42
0 22 42
0 48 15
0 38 16
0 27 24
1 41 7
1 41 6
6 41 5
0 42 5
1 0 42
0 0 41
0 3 39
0 23 33
2 23 21
2 22 21
0 21 21
0 36 19
0 20 21
1 22 41
0 22 40
0 15 47
0 5 42
1 20 22
1 20 23
1 20 24
1 20 25
0 20 26
2 36 25
2 37 25
2 38 25
2 39 25
0 40 25
1 40 26
1 40 27
1 40 28
1 40 29
1 40 30
0 40 31
0 20 33
0 10 33
2 41 31
2 42 31
0 43 31
2 44 31
2 45 31
2 46 31
0 47 31
1 33 11
1 33 10
0 33 9
1 43 32
1 43 33
1 43 34
0 43 35
0 40 28
1 43 36
1 43 37
0 43 38
0 33 8
0 3 44
0 42 4
2 41 4
2 40 4
2 39 4
0 38 4
0 22 39
1 43 39
1 43 40
1 43 41
1 43 42
0 43 43
2 42 38
6 41 38
4 41 39
2 40 39
6 39 39
4 39 40
0 38 40
3 10 34
0 11 34
1 47 32
1 47 33
0 47 34
0 44 12
2 37 40
0 36 40
1 36 39
1 36 38
1 36 37
0 36 36
1 7 41
1 7 40
1 7 39
6 7 38
0 8 38
4 44 43
6 44 42
2 45 42
2 46 42
2 47 42
0 48 42
0 16 33
1 43 44
1 43 45
1 43 46
0 43 47
1 48 41
0 48 40
1 38 41
1 38 42
0 38 43
1 36 35
1 36 34
0 36 33
2 21 39
2 20 39
0 19 39
0 18 39
2 19 26
0 18 26
2 17 26
2 16 26
0 15 26
0 48 34
0 44 47
0 21 26
0 19 33
0 41 38
0 33 7
2 19 21
0 18 21
0 31 26
1 35 26
0 35 27
0 39 43
0 38 5
4 36 41
2 35 41
0 34 41
1 26 17
1 26 16
1 26 15
0 26 14
0 34 42
1 48 16
4 48 17
0 47 17
1 18 20
5 18 19
2 17 19
2 16 19
0 15 19
2 9 38
0 10 38
0 20 46
2 25 14
2 24 14
2 23 14
0 22 14
1 16 34
0 16 35
1 47 18
1 47 19
4 47 20
0 46 20
1 47 30
0 47 29
0 39 28
1 47 28
1 47 27
0 47 26
2 2 36
0 1 36
1 26 13
0 26 12
0 31 23
0 14 19
1 38 3
1 38 2
0 38 1
1 15 46
0 15 45
0 43 32
1 38 20
0 38 21
0 32 7
1 32 6
0 32 5
0 40 12
1 23 34
0 23 35
1 32 4
1 32 3
1 32 2
5 32 1
0 31 1
2 30 1
2 29 1
2 28 1
2 27 1
0 26 1
0 43 41
0 31 0
2 24 35
0 25 35
2 35 36
2 34 36
2 33 36
0 32 36
2 14 26
2 13 26
2 12 26
0 11 26
1 35 28
1 35 29
4 35 30
2 34 30
0 33 30
0 11 27
2 41 25
0 42 25
1 34 43
1 34 44
1 34 45
3 34 46
0 35 46
1 35 47
0 35 48
1 42 24
0 42 23
0 24 24
0 44 10
2 33 41
2 32 41
0 31 41
2 13 19
2 12 19
0 11 19
1 31 18
6 31 17
0 32 17
5 11 18
2 10 18
2 9 18
2 8 18
2 7 18
2 6 18
0 5 18
1 5 17
0 5 16
1 5 15
0 5 14
2 6 14
0 7 14
0 42 3
1 48 43
0 48 44
0 6 33
0 44 15
0 35 24
1 16 32
1 16 31
0 16 30
1 26 2
0 26 3
0 26 28
2 4 16
2 3 16
2 2 16
2 1 16
6 0 16
0 0 17
0 32 0
0 15 44
2 21 47
2 22 47
2 23 47
0 24 47
0 49 34
1 3 45
1 3 46
4 3 47
0 2 47
1 5 13
1 5 12
5 5 11
2 4 11
2 3 11
0 2 11
1 2 10
1 2 9
1 2 8
1 2 7
6 2 6
0 3 6
0 44 38
6 30 41
1 30 42
1 30 43
0 30 44
0 3 5
2 4 5
2 5 5
2 6 5
2 7 5
2 8 5
0 9 5
1 6 32
1 6 31
0 6 30
1 9 4
1 9 3
0 9 2
1 6 29
5 6 28
2 5 28
2 4 28
2 3 28
0 2 28
6 9 1
2 10 1
2 11 1
0 12 1
2 15 30
2 14 30
0 13 30
6 42 2
2 43 2
0 44 2
2 46 26
0 45 26
2 13 1
2 14 1
2 15 1
0 16 1
1 35 23
5 35 22
0 34 22
1 11 20
1 11 21
0 11 22
2 26 31
2 27 31
0 28 31
6 44 1
2 45 1
2 46 1
0 47 1
2 10 22
2 9 22
0 8 22
1 1 35
0 1 34
2 34 8
0 35 8
1 7 13
1 7 12
6 7 11
2 8 11
2 9 11
2 10 11
0 11 11
1 25 36
1 25 37
3 25 38
0 26 38
2 27 14
0 28 14
1 44 48
3 44 49
2 45 49
2 46 49
0 47 49
2 36 48
2 37 48
0 38 48
1 11 35
0 11 36
1 16 2
1 16 3
3 16 4
0 17 4
6 21 14
4 21 15
2 20 15
0 19 15
5 24 20
0 23 20
4 7 47
0 6 47
1 26 11
6 26 10
4 27 10
0 27 9
1 19 14
1 19 13
0 19 12
0 21 27
1 26 4
4 26 5
0 25 5
1 24 46
1 24 45
0 24 44
1 46 21
0 46 22
0 28 13
1 15 48
3 15 49
0 16 49
2 37 1
0 36 1
5 3 4
2 2 4
2 1 4
0 0 4
-1
-1
-1
-1
-1
-1
-1
-1
-1
-1
-1
-1
-1
-1
-1
-1
-1
-1
-1
-1
-1
-1
-1
-1
-1
-1
-1
-1
-1
-1
-1
-1
-1
-1
-1
-1
-1
-1
-1
-1
-1
-1
-1
-1
-1
-1
-1
-1
-1
-1
-1
-1
-1
-1
-1
-1
-1
-1
-1
-1
-1
-1
-1
-1
-1
-1
-1
-1
-1
-1
-1
-1
-1
-1
-1
-1
-1
-1
-1
-1
-1
-1
-1
-1
-1
-1
-1
-1
-1
-1
-1
-1
-1
-1
-1
-1
-1
-1
-1
-1
-1
-1
-1
-1
-1
-1
-1
-1
-1
-1
-1
-1
-1
-1
-1
-1
-1
-1
-1
-1
-1
-1
-1
-1
-1
-1
-1
-1
-1
-1
-1
-1
-1
-1
-1
-1
-1
-1
-1
-1
-1
-1
-1
-1
-1
-1
-1
-1
-1
-1
-1
-1
-1
-1
-1
-1
-1
-1
-1
