0 40 37
1 40 36
1 40 35
1 40 34
6 40 33
2 41 33
2 42 33
2 43 33
4 44 33
1 44 32
1 44 31
6 44 30
2 45 30
2 46 30
0 47 30
3 39 37
5 39 36
2 38 36
-1
-1
2 37 36
-1
-1
-1
2 36 36
-1
-1
2 35 36
-1
-1
-1
2 34 36
-1
-1
-1
2 33 36
-1
-1
2 32 36
-1
-1
-1
2 31 36
-1
-1
-1
2 30 36
-1
-1
-1
2 29 36
-1
-1
2 28 36
-1
-1
-1
2 27 36
-1
-1
-1
2 26 36
-1
-1
2 25 36
-1
-1
-1
2 24 36
-1
-1
-1
2 23 36
-1
-1
-1
2 22 36
-1
-1
2 21 36
-1
-1
-1
2 20 36
-1
-1
-1
2 19 36
-1
-1
2 18 36
-1
-1
-1
2 17 36
-1
-1
-1
2 16 36
-1
-1
2 15 36
-1
-1
-1
2 14 36
-1
-1
-1
2 13 36
-1
-1
-1
2 12 36
-1
-1
2 11 36
-1
-1
-1
2 10 36
-1
-1
-1
2 9 36
-1
-1
2 8 36
-1
-1
-1
3 7 36
-1
-1
-1
1 7 35
-1
-1
1 7 34
-1
-1
-1
5 7 33
-1
-1
-1
2 6 33
-1
-1
-1
-1
-1
-1
-1
-1
-1
-1
-1
-1
-1
-1
-1
-1
-1
-1
-1
-1
-1
-1
-1
-1
-1
-1
-1
-1
-1
-1
-1
-1
-1
-1
-1
-1
-1
-1
-1
-1
-1
-1
-1
-1
-1
-1
-1
-1
-1
-1
-1
-1
-1
-1
-1
-1
-1
-1
-1
-1
-1
-1
-1
-1
-1
-1
-1
-1
-1
-1
-1
-1
-1
-1
-1
-1
-1
-1
-1
-1
-1
-1
-1
-1
-1
-1
-1
-1
-1
-1
-1
-1
-1
-1
-1
-1
-1
-1
-1
-1
-1
-1
-1
-1
-1
-1
-1
-1
-1
-1
-1
-1
-1
-1
-1
-1
-1
-1
-1
-1
-1
-1
-1
-1
-1
-1
-1
-1
-1
-1
-1
-1
-1
-1
-1
-1
-1
-1
-1
-1
-1
-1
-1
-1
-1
-1
-1
-1
-1
-1
-1
-1
-1
-1
-1
-1
-1
-1
-1
-1
-1
-1
-1
-1
-1
-1
-1
-1
-1
-1
-1
-1
-1
-1
-1
-1
-1
-1
-1
-1
-1
-1
-1
-1
0 5 33
1 5 32
1 5 31
1 5 30
6 5 29
2 6 29
2 7 29
4 8 29
1 8 28
1 8 27
1 8 26
1 8 25
1 8 24
1 8 23
1 8 22
1 8 21
1 8 20
1 8 19
1 8 18
1 8 17
6 8 16
2 9 16
2 10 16
2 11 16
4 12 16
1 12 15
1 12 14
1 12 13
1 12 12
1 12 11
1 12 10
-1
-1
-1
-1
-1
-1
-1
-1
-1
-1
-1
-1
-1
-1
-1
-1
-1
-1
-1
-1
-1
-1
-1
-1
-1
-1
-1
-1
-1
-1
-1
-1
-1
-1
-1
-1
-1
-1
0 12 9
1 12 8
1 12 7
5 12 6
2 11 6
3 10 6
5 10 5
2 9 5
2 8 5
-1
-1
-1
-1
-1
-1
-1
-1
-1
-1
-1
-1
-1
-1
-1
-1
-1
0 7 5
1 40 38
1 40 39
1 40 40
1 40 41
1 40 42
4 40 43
6 39 43
1 39 44
1 39 45
4 39 46
2 38 46
-1
-1
-1
-1
-1
-1
-1
-1
-1
0 37 46
1 47 29
1 47 28
5 47 27
2 46 27
3 45 27
5 45 26
3 44 26
-1
-1
-1
-1
-1
-1
-1
-1
0 44 25
1 7 6
1 7 7
4 7 8
6 6 8
1 6 9
1 6 10
1 6 11
4 6 12
-1
-1
-1
-1
-1
-1
0 5 12
1 5 34
1 5 35
1 5 36
1 5 37
1 5 38
1 5 39
1 5 40
1 5 41
1 5 42
4 5 43
-1
-1
0 4 43
2 43 25
6 42 25
1 42 26
4 42 27
6 41 27
4 41 28
2 40 28
2 39 28
2 38 28
2 37 28
2 36 28
2 35 28
2 34 28
2 33 28
2 32 28
2 31 28
2 30 28
2 29 28
0 28 28
2 13 9
2 14 9
0 15 9
5 41 37
1 41 38
3 41 39
2 42 39
2 43 39
2 44 39
2 45 39
0 46 39
-1
-1
-1
-1
-1
-1
0 8 18
4 37 47
2 36 47
2 35 47
2 34 47
2 33 47
2 32 47
0 31 47
2 30 47
2 29 47
2 28 47
2 27 47
2 26 47
2 25 47
2 24 47
2 23 47
2 22 47
2 21 47
2 20 47
2 19 47
2 18 47
0 17 47
0 45 27
1 31 46
1 31 45
1 31 44
5 31 43
2 30 43
2 29 43
3 28 43
1 28 42
5 28 41
0 27 41
0 6 8
1 44 24
1 44 23
1 44 22
5 44 21
0 43 21
0 7 36
3 5 13
2 6 13
-1
-1
0 7 13
-1
-1
0 10 6
4 45 25
1 45 24
6 45 23
2 46 23
0 47 23
1 15 10
1 15 11
3 15 12
2 16 12
0 17 12
1 17 13
1 17 14
1 17 15
4 17 16
6 16 16
1 16 17
0 16 18
0 44 33
0 12 16
2 17 18
2 18 18
2 19 18
2 20 18
2 21 18
0 22 18
0 8 29
0 41 27
2 7 18
0 6 18
5 17 46
2 16 46
2 15 46
2 14 46
2 13 46
0 12 46
0 39 43
0 12 36
1 12 35
1 12 34
1 12 33
6 12 32
2 13 32
2 14 32
2 15 32
0 16 32
0 28 43
0 23 36
0 8 23
0 27 36
1 7 4
1 7 3
1 7 2
0 7 1
0 16 16
3 28 29
2 29 29
0 30 29
1 47 22
0 47 21
6 12 45
2 13 45
0 14 45
1 14 44
1 14 43
1 14 42
6 14 41
0 15 41
1 43 22
4 43 23
2 42 23
2 41 23
2 40 23
0 39 23
1 39 22
1 39 21
1 39 20
1 39 19
1 39 18
0 39 17
1 39 16
1 39 15
0 39 14
6 4 12
1 4 13
1 4 14
4 4 15
2 3 15
0 2 15
1 16 19
1 16 20
1 16 21
1 16 22
0 16 23
6 16 31
2 17 31
2 18 31
2 19 31
2 20 31
0 21 31
1 15 8
6 15 7
4 16 7
1 16 6
1 16 5
1 16 4
1 16 3
0 16 2
1 39 13
1 39 12
1 39 11
1 39 10
1 39 9
1 39 8
1 39 7
1 39 6
5 39 5
2 38 5
2 37 5
2 36 5
2 35 5
2 34 5
2 33 5
0 32 5
-1
-1
-1
-1
-1
-1
-1
-1
-1
-1
-1
-1
-1
-1
-1
-1
-1
-1
-1
-1
-1
-1
-1
-1
-1
-1
-1
-1
-1
-1
-1
-1
-1
-1
-1
-1
-1
-1
-1
-1
-1
-1
-1
-1
-1
-1
-1
-1
-1
-1
-1
-1
-1
-1
-1
-1
-1
-1
-1
-1
-1
-1
-1
-1
-1
-1
-1
-1
-1
-1
-1
-1
-1
-1
-1
-1
-1
-1
-1
-1
-1
-1
-1
-1
-1
-1
-1
-1
-1
-1
-1
-1
-1
-1
-1
-1
-1
-1
-1
-1
-1
