0 44 20
2 43 20
2 42 20
2 41 20
2 40 20
2 39 20
6 38 20
4 38 21
2 37 21
2 36 21
2 35 21
2 34 21
2 33 21
2 32 21
2 31 21
2 30 21
2 29 21
2 28 21
2 27 21
2 26 21
0 25 21
2 24 21
2 23 21
2 22 21
2 21 21
2 20 21
2 19 21
2 18 21
2 17 21
2 16 21
2 15 21
6 14 21
1 14 22
1 14 23
1 14 24
4 14 25
6 13 25
1 13 26
1 13 27
1 13 28
1 13 29
1 13 30
4 13 31
-1
-1
-1
-1
-1
-1
-1
-1
-1
-1
-1
-1
-1
-1
-1
-1
-1
-1
-1
-1
-1
-1
-1
-1
-1
-1
-1
-1
-1
-1
-1
-1
-1
-1
-1
-1
-1
-1
-1
-1
-1
-1
-1
-1
-1
-1
-1
-1
-1
-1
-1
-1
-1
-1
-1
-1
-1
-1
-1
-1
-1
-1
-1
0 12 31
3 44 21
2 45 21
-1
-1
-1
-1
-1
-1
-1
-1
-1
-1
-1
-1
-1
-1
-1
-1
-1
-1
-1
-1
-1
-1
-1
-1
-1
-1
-1
-1
-1
-1
-1
-1
-1
-1
-1
-1
-1
-1
-1
-1
-1
-1
-1
-1
-1
0 46 21
1 12 30
1 12 29
1 12 28
5 12 27
2 11 27
2 10 27
3 9 27
1 9 26
1 9 25
1 9 24
1 9 23
5 9 22
2 8 22
2 7 22
2 6 22
2 5 22
2 4 22
2 3 22
-1
-1
-1
-1
-1
-1
-1
-1
-1
-1
-1
-1
-1
-1
-1
-1
-1
-1
-1
-1
-1
-1
-1
-1
-1
-1
0 2 22
1 46 20
1 46 19
1 46 18
1 46 17
1 46 16
-1
-1
-1
-1
-1
-1
-1
-1
-1
-1
-1
-1
-1
-1
-1
-1
-1
-1
-1
-1
-1
-1
0 46 15
2 11 31
2 10 31
2 9 31
6 8 31
1 8 32
4 8 33
2 7 33
6 6 33
1 6 34
4 6 35
6 5 35
1 5 36
1 5 37
4 5 38
-1
-1
-1
-1
-1
-1
-1
-1
-1
-1
0 4 38
1 25 20
1 25 19
1 25 18
1 25 17
1 25 16
1 25 15
1 25 14
1 25 13
1 25 12
1 25 11
1 25 10
1 25 9
1 25 8
1 25 7
1 25 6
1 25 5
5 25 4
2 24 4
2 23 4
2 22 4
2 21 4
2 20 4
2 19 4
2 18 4
3 17 4
1 17 3
5 17 2
2 16 2
2 15 2
0 14 2
1 44 19
1 44 18
5 44 17
2 43 17
-1
-1
-1
-1
-1
0 42 17
4 4 39
2 3 39
2 2 39
6 1 39
1 1 40
1 1 41
-1
-1
-1
-1
-1
-1
0 1 42
1 42 16
1 42 15
5 42 14
3 41 14
1 41 13
5 41 12
2 40 12
2 39 12
2 38 12
3 37 12
-1
0 37 11
-1
-1
-1
-1
-1
-1
-1
0 13 25
1 46 22
1 46 23
1 46 24
4 46 25
2 45 25
2 44 25
2 43 25
2 42 25
2 41 25
0 40 25
3 40 26
2 41 26
2 42 26
5 43 26
1 43 27
1 43 28
1 43 29
1 43 30
1 43 31
1 43 32
1 43 33
0 43 34
-1
0 9 22
3 42 34
5 42 33
2 41 33
2 40 33
-1
0 39 33
1 9 21
1 9 20
1 9 19
5 9 18
2 8 18
0 7 18
2 2 42
2 3 42
2 4 42
2 5 42
2 6 42
2 7 42
2 8 42
2 9 42
5 10 42
3 10 43
2 11 43
2 12 43
0 13 43
0 21 4
1 39 34
1 39 35
1 39 36
1 39 37
1 39 38
0 39 39
0 9 27
1 14 3
1 14 4
1 14 5
1 14 6
1 14 7
3 14 8
0 15 8
0 10 42
1 46 14
1 46 13
1 46 12
5 46 11
0 45 11
1 9 28
1 9 29
4 9 30
0 8 30
4 44 34
1 44 33
1 44 32
6 44 31
0 45 31
1 10 41
1 10 40
0 10 39
0 43 26
3 1 43
2 2 43
0 3 43
1 3 44
1 3 45
1 3 46
0 3 47
1 21 3
1 21 2
1 21 1
0 21 0
0 25 8
1 43 35
1 43 36
3 43 37
2 44 37
0 45 37
0 38 20
3 12 32
2 13 32
2 14 32
2 15 32
2 16 32
0 17 32
0 25 17
1 2 21
0 2 20
0 46 18
2 26 17
2 27 17
2 28 17
0 29 17
1 17 33
1 17 34
1 17 35
3 17 36
2 18 36
0 19 36
0 14 21
0 41 14
6 19 35
2 20 35
0 21 35
3 8 27
5 8 26
2 7 26
2 6 26
0 5 26
0 47 15
0 8 31
0 17 4
6 24 8
4 24 9
0 23 9
1 39 32
1 39 31
1 39 30
0 39 29
1 45 30
0 45 29
6 36 11
4 36 12
2 35 12
2 34 12
2 33 12
0 32 12
0 1 39
4 4 47
6 4 46
2 5 46
0 6 46
3 45 38
0 46 38
1 21 34
0 21 33
1 45 10
1 45 9
1 45 8
6 45 7
2 46 7
2 47 7
0 48 7
0 38 39
0 5 35
2 30 17
2 31 17
0 32 17
6 38 33
1 38 34
4 38 35
2 37 35
0 36 35
1 15 9
4 15 10
2 14 10
2 13 10
0 12 10
5 12 9
2 11 9
2 10 9
0 9 9
1 17 31
1 17 30
0 17 29
5 9 8
2 8 8
2 7 8
2 6 8
2 5 8
0 4 8
1 36 34
1 36 33
5 36 32
2 35 32
0 34 32
1 32 11
1 32 10
1 32 9
1 32 8
1 32 7
1 32 6
1 32 5
0 32 4
1 13 44
3 13 45
2 14 45
2 15 45
0 16 45
6 32 3
2 33 3
2 34 3
0 35 3
2 22 33
2 23 33
2 24 33
2 25 33
2 26 33
0 27 33
6 37 39
4 37 40
2 36 40
2 35 40
2 34 40
2 33 40
0 32 40
-1
-1
-1
-1
-1
-1
-1
-1
-1
-1
-1
-1
-1
-1
-1
-1
-1
-1
-1
-1
-1
-1
-1
-1
-1
-1
-1
-1
-1
-1
-1
-1
-1
-1
-1
-1
-1
-1
-1
-1
-1
-1
-1
-1
-1
-1
-1
-1
-1
-1
-1
-1
-1
-1
-1
-1
-1
-1
-1
-1
-1
-1
-1
-1
-1
-1
-1
-1
-1
-1
-1
-1
-1
-1
-1
-1
-1
-1
-1
-1
-1
-1
-1
-1
-1
-1
-1
-1
-1
-1
-1
-1
-1
-1
-1
-1
-1
-1
-1
-1
-1
-1
-1
-1
-1
-1
-1
-1
-1
-1
-1
-1
-1
-1
-1
-1
-1
-1
-1
-1
-1
-1
-1
-1
-1
-1
-1
-1
-1
-1
-1
-1
-1
-1
-1
-1
-1
-1
-1
-1
-1
-1
-1
-1
-1
-1
-1
-1
-1
-1
-1
-1
-1
-1
-1
-1
-1
-1
-1
-1
-1
-1
-1
-1
-1
-1
-1
-1
-1
-1
-1
-1
-1
-1
-1
-1
-1
-1
-1
-1
-1
-1
-1
-1
-1
-1
-1
-1
-1
-1
-1
-1
-1
-1
-1
-1
-1
-1
-1
-1
-1
-1
-1
-1
-1
-1
-1
-1
-1
-1
-1
-1
-1
-1
-1
-1
-1
-1
-1
-1
-1
-1
-1
-1
-1
-1
-1
-1
-1
-1
-1
-1
-1
-1
-1
-1
-1
-1
-1
-1
-1
-1
-1
-1
-1
-1
