0 30 37
1 30 36
1 30 35
1 30 34
1 30 33
1 30 32
1 30 31
1 30 30
1 30 29
1 30 28
1 30 27
1 30 26
1 30 25
1 30 24
1 30 23
1 30 22
1 30 21
1 30 20
1 30 19
1 30 18
1 30 17
1 30 16
1 30 15
1 30 14
1 30 13
0 30 12
2 29 12
3 28 12
1 28 11
1 28 10
5 28 9
-1
-1
-1
-1
-1
-1
-1
-1
-1
-1
-1
-1
-1
-1
-1
-1
-1
-1
-1
-1
-1
-1
-1
-1
-1
-1
-1
-1
-1
-1
-1
-1
-1
-1
-1
-1
-1
-1
-1
0 27 9
4 31 37
1 31 36
6 31 35
2 32 35
2 33 35
-1
-1
-1
-1
-1
-1
-1
-1
-1
-1
-1
-1
-1
-1
-1
-1
-1
-1
-1
-1
-1
-1
-1
-1
-1
-1
-1
-1
-1
-1
-1
-1
-1
-1
-1
-1
-1
-1
-1
-1
-1
-1
-1
-1
0 34 35
5 27 8
2 26 8
2 25 8
2 24 8
-1
-1
-1
-1
-1
-1
-1
-1
-1
-1
-1
-1
-1
-1
-1
-1
-1
-1
-1
-1
-1
-1
-1
-1
-1
-1
-1
0 23 8
1 34 34
5 34 33
2 33 33
-1
-1
-1
-1
-1
-1
-1
-1
-1
-1
-1
-1
-1
-1
-1
-1
-1
-1
-1
0 32 33
2 29 37
2 28 37
2 27 37
2 26 37
2 25 37
2 24 37
2 23 37
2 22 37
2 21 37
2 20 37
2 19 37
2 18 37
2 17 37
2 16 37
2 15 37
-1
-1
-1
-1
-1
-1
-1
-1
0 14 37
1 30 11
6 30 10
2 31 10
2 32 10
2 33 10
2 34 10
2 35 10
-1
-1
-1
-1
-1
-1
-1
-1
-1
-1
-1
0 36 10
1 14 38
1 14 39
1 14 40
4 14 41
2 13 41
6 12 41
1 12 42
4 12 43
2 11 43
-1
-1
-1
-1
-1
0 10 43
1 23 7
6 23 6
2 24 6
2 25 6
4 26 6
6 26 5
4 27 5
1 27 4
1 27 3
6 27 2
2 28 2
2 29 2
0 30 2
1 30 38
1 30 39
-1
-1
-1
-1
-1
-1
0 30 40
4 37 10
6 37 9
2 38 9
2 39 9
2 40 9
2 41 9
2 42 9
-1
-1
0 43 9
1 43 8
1 43 7
1 43 6
1 43 5
1 43 4
1 43 3
1 43 2
0 43 1
1 27 10
1 27 11
1 27 12
1 27 13
1 27 14
1 27 15
4 27 16
0 26 16
3 30 41
2 31 41
2 32 41
5 33 41
1 33 42
-1
0 33 43
5 31 12
1 31 13
3 31 14
2 32 14
-1
-1
0 33 14
1 26 17
1 26 18
1 26 19
1 26 20
-1
0 26 21
5 30 1
2 29 1
2 28 1
2 27 1
2 26 1
2 25 1
0 24 1
-1
-1
-1
0 28 37
-1
-1
-1
0 30 18
1 36 9
1 36 8
1 36 7
6 36 6
2 37 6
2 38 6
0 39 6
5 31 18
1 31 19
1 31 20
0 31 21
3 33 15
2 34 15
2 35 15
2 36 15
2 37 15
0 38 15
4 32 21
6 32 20
2 33 20
2 34 20
0 35 20
0 27 5
1 23 9
1 23 10
1 23 11
4 23 12
0 22 12
1 43 10
1 43 11
0 43 12
1 35 21
1 35 22
3 35 23
0 36 23
5 36 20
3 36 21
2 37 21
2 38 21
0 39 21
1 22 13
4 22 14
2 21 14
2 20 14
2 19 14
2 18 14
2 17 14
0 16 14
0 22 37
0 29 1
1 16 15
1 16 16
1 16 17
1 16 18
1 16 19
0 16 20
0 37 10
-1
0 35 35
3 22 8
5 22 7
2 21 7
0 20 7
0 36 8
1 14 36
1 14 35
1 14 34
1 14 33
0 14 32
0 12 41
2 31 2
2 32 2
0 33 2
1 22 36
6 22 35
0 23 35
1 36 24
1 36 25
1 36 26
1 36 27
0 36 28
0 27 14
0 26 6
1 32 32
6 32 31
0 33 31
1 39 20
6 39 19
2 40 19
2 41 19
0 42 19
2 25 16
2 24 16
0 23 16
1 16 13
1 16 12
1 16 11
1 16 10
5 16 9
0 15 9
0 33 41
1 23 17
1 23 18
0 23 19
1 23 34
1 23 33
1 23 32
5 23 31
2 22 31
0 21 31
2 42 1
0 41 1
2 14 9
2 13 9
2 12 9
2 11 9
2 10 9
2 9 9
2 8 9
0 7 9
0 32 14
2 37 28
2 38 28
2 39 28
2 40 28
2 41 28
2 42 28
0 43 28
1 28 36
1 28 35
1 28 34
1 28 33
6 28 32
0 29 32
1 43 29
1 43 30
1 43 31
1 43 32
1 43 33
1 43 34
0 43 35
2 42 12
0 41 12
2 44 12
2 45 12
2 46 12
0 47 12
1 16 21
1 16 22
1 16 23
0 16 24
6 42 18
2 43 18
2 44 18
2 45 18
0 46 18
1 20 6
1 20 5
5 20 4
0 19 4
1 43 36
1 43 37
1 43 38
1 43 39
3 43 40
2 44 40
0 45 40
1 22 38
1 22 39
1 22 40
1 22 41
1 22 42
1 22 43
1 22 44
1 22 45
0 22 46
1 22 47
1 22 48
4 22 49
0 21 49
0 37 15
6 15 14
1 15 15
4 15 16
2 14 16
2 13 16
2 12 16
0 11 16
4 44 35
6 44 34
2 45 34
0 46 34
1 35 36
3 35 37
2 36 37
0 37 37
5 44 1
3 44 2
2 45 2
0 46 2
2 23 46
2 24 46
0 25 46
6 13 32
4 13 33
2 12 33
2 11 33
2 10 33
2 9 33
2 8 33
2 7 33
2 6 33
2 5 33
0 4 33
1 11 17
4 11 18
2 10 18
2 9 18
2 8 18
2 7 18
2 6 18
6 5 18
4 5 19
0 4 19
-1
-1
-1
-1
-1
-1
-1
-1
-1
-1
-1
-1
-1
-1
-1
-1
-1
-1
-1
-1
-1
-1
-1
-1
-1
-1
-1
-1
-1
-1
-1
-1
-1
-1
-1
-1
-1
-1
-1
-1
-1
-1
-1
-1
-1
-1
-1
-1
-1
-1
-1
-1
-1
-1
-1
-1
-1
-1
-1
-1
-1
-1
-1
-1
-1
-1
-1
-1
-1
-1
-1
-1
-1
-1
-1
-1
-1
-1
-1
-1
-1
-1
-1
-1
-1
-1
-1
-1
-1
-1
-1
-1
-1
-1
-1
-1
-1
-1
-1
-1
-1
-1
-1
-1
-1
-1
-1
-1
-1
-1
-1
-1
-1
-1
-1
-1
-1
-1
-1
-1
-1
-1
-1
-1
-1
-1
-1
-1
-1
-1
-1
-1
-1
-1
-1
-1
-1
-1
-1
-1
-1
-1
-1
-1
-1
-1
-1
-1
-1
-1
-1
-1
-1
-1
-1
-1
-1
-1
-1
-1
-1
-1
-1
-1
-1
-1
-1
-1
-1
-1
-1
-1
-1
-1
-1
-1
-1
-1
-1
-1
-1
-1
-1
-1
-1
-1
-1
-1
-1
-1
-1
-1
-1
-1
-1
-1
-1
-1
-1
-1
-1
-1
-1
-1
-1
-1
-1
-1
-1
-1
-1
-1
-1
-1
-1
-1
-1
-1
-1
-1
-1
-1
-1
-1
-1
-1
-1
-1
-1
-1
-1
-1
-1
-1
-1
-1
-1
-1
-1
-1
-1
-1
-1
-1
-1
-1
-1
-1
-1
-1
-1
-1
-1
-1
-1
-1
-1
-1
-1
