0 11 20
3 11 21
2 12 21
2 13 21
2 14 21
2 15 21
5 16 21
1 16 22
1 16 23
1 16 24
1 16 25
3 16 26
5 17 26
3 17 27
2 18 27
2 19 27
2 20 27
2 21 27
2 22 27
2 23 27
2 24 27
2 25 27
2 26 27
2 27 27
2 28 27
2 29 27
2 30 27
2 31 27
2 32 27
2 33 27
2 34 27
5 35 27
1 35 28
3 35 29
2 36 29
2 37 29
2 38 29
0 39 29
2 10 20
2 9 20
3 8 20
5 8 19
2 7 19
2 6 19
2 5 19
-1
-1
-1
-1
-1
-1
-1
-1
-1
-1
-1
0 4 19
1 39 30
1 39 31
1 39 32
1 39 33
1 39 34
4 39 35
6 38 35
-1
-1
-1
-1
-1
-1
-1
-1
-1
-1
-1
-1
-1
-1
-1
-1
-1
-1
-1
-1
0 38 36
1 11 19
1 11 18
6 11 17
2 12 17
4 13 17
1 13 16
1 13 15
1 13 14
1 13 13
1 13 12
-1
-1
-1
-1
-1
-1
0 13 11
3 38 37
2 39 37
2 40 37
2 41 37
2 42 37
5 43 37
1 43 38
3 43 39
2 44 39
2 45 39
2 46 39
0 47 39
1 4 20
1 4 21
1 4 22
1 4 23
1 4 24
1 4 25
-1
0 4 26
2 40 29
2 41 29
2 42 29
2 43 29
5 44 29
1 44 30
0 44 31
1 4 27
3 4 28
2 5 28
2 6 28
2 7 28
2 8 28
2 9 28
0 10 28
6 4 18
2 5 18
0 6 18
1 6 17
1 6 16
0 6 15
2 11 28
2 12 28
0 13 28
3 37 36
1 37 35
1 37 34
5 37 33
3 36 33
1 36 32
0 36 31
0 8 20
0 32 27
2 3 19
2 2 19
0 1 19
1 44 32
1 44 33
0 44 34
0 17 27
1 10 29
1 10 30
1 10 31
1 10 32
0 10 33
2 11 33
2 12 33
0 13 33
0 43 39
2 7 15
0 8 15
0 4 28
0 13 14
1 6 14
1 6 13
0 6 12
0 39 32
1 17 28
3 17 29
2 18 29
0 19 29
0 38 37
0 47 40
4 45 31
6 45 30
4 46 30
0 46 29
0 24 27
0 11 18
2 43 34
2 42 34
0 41 34
1 10 27
5 10 26
3 9 26
0 9 25
1 4 29
1 4 30
1 4 31
0 4 32
0 42 37
0 36 33
1 13 34
1 13 35
0 13 36
2 14 36
2 15 36
0 16 36
0 16 35
0 47 41
6 6 11
0 7 11
2 37 37
2 36 37
0 35 37
1 8 21
4 8 22
0 7 22
0 17 26
0 16 22
3 3 26
5 3 25
0 2 25
0 41 29
1 4 33
1 4 34
1 4 35
1 4 36
0 4 37
2 20 29
2 21 29
5 22 29
0 22 30
3 4 38
5 5 38
1 5 39
1 5 40
0 5 41
1 5 42
1 5 43
0 5 44
0 46 41
2 6 41
2 7 41
5 8 41
3 8 42
2 9 42
0 10 42
1 10 43
1 10 44
0 10 45
2 11 45
2 12 45
2 13 45
0 14 45
1 19 30
0 19 31
1 2 24
0 2 23
0 8 41
1 5 45
0 5 46
1 14 46
0 14 47
3 5 12
0 5 11
2 4 11
2 3 11
0 2 11
1 2 12
1 2 13
0 2 14
1 41 28
1 41 27
1 41 26
0 41 25
0 13 10
0 35 27
0 41 24
0 10 31
0 9 15
1 16 37
0 16 38
2 18 31
2 17 31
0 16 31
1 35 38
1 35 39
0 35 40
0 40 25
0 4 29
4 10 34
2 9 34
2 8 34
0 7 34
0 7 35
2 14 14
0 15 14
2 15 47
2 16 47
0 17 47
2 17 38
2 18 38
2 19 38
0 20 38
2 21 38
0 22 38
0 35 26
0 4 46
0 13 17
1 19 32
0 19 33
2 18 47
2 19 47
2 20 47
0 21 47
4 17 22
1 17 21
0 17 20
1 21 46
1 21 45
0 21 44
0 19 47
0 34 37
5 41 23
0 40 23
0 12 21
1 40 22
1 40 21
0 40 20
0 9 31
1 17 19
0 17 18
0 41 20
1 43 40
1 43 41
4 43 42
6 42 42
0 42 43
1 46 28
1 46 27
1 46 26
6 46 25
0 47 25
2 12 10
0 11 10
0 21 43
1 10 46
0 10 47
2 18 20
2 19 20
0 20 20
1 47 24
1 47 23
1 47 22
0 47 21
6 42 39
4 42 40
2 41 40
0 40 40
0 47 38
0 5 26
0 20 19
0 1 11
1 8 40
1 8 39
0 8 38
0 5 10
1 20 21
1 20 22
0 20 23
0 47 37
6 41 43
1 41 44
1 41 45
1 41 46
0 41 47
1 13 37
0 13 38
3 21 48
2 22 48
5 23 48
0 23 49
0 21 23
6 9 24
0 10 24
1 11 9
5 11 8
2 10 8
0 9 8
1 20 18
1 20 17
1 20 16
0 20 15
2 21 15
2 22 15
2 23 15
0 24 15
0 6 44
1 20 14
0 20 13
5 20 12
0 19 12
1 19 11
1 19 10
0 19 9
2 33 37
2 32 37
0 31 37
2 4 41
2 3 41
0 2 41
1 16 39
0 16 40
0 4 44
5 31 36
2 30 36
0 29 36
1 19 8
5 19 7
0 18 7
1 35 41
0 35 42
2 28 36
0 27 36
1 4 47
1 4 48
4 4 49
2 3 49
0 2 49
1 18 6
1 18 5
1 18 4
1 18 3
0 18 2
1 27 37
1 27 38
1 27 39
0 27 40
1 24 16
3 24 17
2 25 17
0 26 17
0 14 17
1 47 42
1 47 43
1 47 44
0 47 45
0 0 19
1 32 28
1 32 29
0 32 30
2 31 30
0 30 30
5 47 29
3 47 30
5 48 30
0 48 31
2 19 2
0 20 2
0 1 23
2 34 42
0 33 42
1 24 14
6 24 13
2 25 13
2 26 13
2 27 13
2 28 13
0 29 13
3 3 37
5 3 36
0 2 36
1 29 12
1 29 11
6 29 10
0 30 10
0 48 45
3 41 48
0 42 48
2 31 10
2 32 10
0 33 10
1 30 9
1 30 8
0 30 7
0 34 10
2 35 10
2 36 10
2 37 10
0 38 10
2 39 20
2 38 20
2 37 20
0 36 20
1 26 18
1 26 19
1 26 20
0 26 21
0 22 27
6 3 29
4 3 30
2 2 30
2 1 30
0 0 30
0 0 31
2 21 2
2 22 2
2 23 2
2 24 2
0 25 2
1 38 11
1 38 12
1 38 13
1 38 14
0 38 15
5 32 26
2 31 26
2 30 26
0 29 26
2 20 43
0 19 43
2 17 2
2 16 2
2 15 2
2 14 2
0 13 2
3 35 20
5 35 19
2 34 19
0 33 19
0 32 19
0 11 42
1 32 20
0 32 21
5 13 1
2 12 1
2 11 1
2 10 1
2 9 1
2 8 1
2 7 1
2 6 1
0 5 1
0 35 28
1 27 41
1 27 42
0 27 43
1 25 1
6 25 0
2 26 0
2 27 0
2 28 0
0 29 0
2 4 1
0 3 1
2 30 0
2 31 0
2 32 0
2 33 0
0 34 0
6 38 9
4 39 9
1 39 8
1 39 7
1 39 6
0 39 5
0 40 5
1 41 19
6 41 18
4 42 18
6 42 17
0 43 17
2 20 9
2 21 9
2 22 9
0 23 9
1 33 43
1 33 44
1 33 45
1 33 46
0 33 47
1 43 16
6 43 15
2 44 15
2 45 15
2 46 15
0 47 15
3 33 48
2 34 48
2 35 48
0 36 48
1 20 3
1 20 4
0 20 5
6 40 4
2 41 4
2 42 4
4 43 4
6 43 3
0 44 3
6 15 22
0 15 23
-1
-1
-1
-1
-1
-1
-1
-1
-1
-1
-1
-1
-1
-1
-1
-1
-1
-1
-1
-1
-1
-1
-1
-1
-1
-1
-1
-1
-1
-1
-1
-1
-1
-1
-1
-1
-1
-1
-1
-1
-1
-1
-1
-1
-1
-1
-1
-1
-1
-1
-1
-1
-1
-1
-1
-1
-1
-1
-1
-1
-1
-1
-1
-1
-1
-1
-1
-1
-1
-1
-1
-1
-1
-1
-1
-1
-1
-1
-1
-1
-1
-1
-1
-1
-1
-1
-1
-1
-1
-1
-1
-1
-1
-1
-1
-1
-1
-1
-1
-1
-1
-1
-1
-1
-1
-1
-1
-1
-1
-1
-1
-1
-1
-1
-1
-1
-1
-1
-1
-1
-1
-1
-1
-1
-1
-1
-1
-1
-1
-1
-1
-1
-1
-1
-1
-1
-1
-1
-1
-1
-1
-1
-1
-1
-1
-1
-1
-1
-1
-1
-1
-1
-1
-1
-1
-1
-1
-1
-1
-1
-1
-1
-1
-1
-1
-1
-1
-1
-1
-1
-1
-1
-1
-1
-1
-1
-1
-1
-1
-1
-1
-1
-1
-1
-1
-1
-1
-1
-1
-1
-1
-1
-1
-1
-1
