0 14 5
1 14 6
1 14 7
1 14 8
3 14 9
2 15 9
2 16 9
2 17 9
5 18 9
3 18 10
2 19 10
2 20 10
2 21 10
2 22 10
2 23 10
2 24 10
2 25 10
5 26 10
1 26 11
1 26 12
1 26 13
1 26 14
1 26 15
1 26 16
1 26 17
1 26 18
1 26 19
1 26 20
1 26 21
0 26 22
1 26 23
1 26 24
1 26 25
1 26 26
4 26 27
6 25 27
1 25 28
1 25 29
1 25 30
1 25 31
1 25 32
1 25 33
1 25 34
1 25 35
-1
0 25 36
2 26 36
2 27 36
2 28 36
2 29 36
4 30 36
1 30 35
1 30 34
1 30 33
-1
-1
-1
-1
-1
-1
-1
-1
-1
-1
-1
-1
-1
-1
-1
-1
-1
-1
-1
-1
-1
-1
-1
-1
-1
-1
-1
-1
-1
-1
-1
-1
-1
-1
-1
-1
-1
-1
-1
-1
-1
-1
0 30 32
1 14 4
1 14 3
6 14 2
2 15 2
2 16 2
-1
-1
-1
-1
-1
-1
-1
-1
-1
-1
-1
-1
-1
-1
-1
-1
-1
-1
-1
-1
-1
-1
-1
-1
-1
-1
-1
-1
-1
0 17 2
2 31 32
2 32 32
2 33 32
2 34 32
2 35 32
2 36 32
2 37 32
2 38 32
2 39 32
4 40 32
6 40 31
2 41 31
2 42 31
2 43 31
2 44 31
-1
-1
-1
-1
-1
-1
-1
-1
-1
-1
-1
-1
0 45 31
5 27 22
1 27 23
3 27 24
2 28 24
2 29 24
2 30 24
2 31 24
2 32 24
2 33 24
2 34 24
-1
-1
-1
-1
-1
-1
-1
-1
-1
-1
0 35 24
6 13 5
4 13 6
2 12 6
2 11 6
2 10 6
2 9 6
2 8 6
2 7 6
-1
-1
-1
-1
-1
-1
-1
-1
-1
0 6 6
-1
-1
-1
-1
-1
-1
-1
-1
-1
-1
-1
-1
-1
0 18 9
1 45 32
1 45 33
1 45 34
1 45 35
1 45 36
1 45 37
1 45 38
1 45 39
1 45 40
1 45 41
1 45 42
1 45 43
1 45 44
1 45 45
3 45 46
0 46 46
6 25 22
4 25 23
2 24 23
2 23 23
2 22 23
2 21 23
2 20 23
2 19 23
2 18 23
2 17 23
2 16 23
2 15 23
0 14 23
1 35 23
1 35 22
1 35 21
1 35 20
1 35 19
1 35 18
1 35 17
1 35 16
6 35 15
2 36 15
2 37 15
2 38 15
2 39 15
4 40 15
1 40 14
1 40 13
1 40 12
1 40 11
1 40 10
1 40 9
1 40 8
1 40 7
0 40 6
1 14 24
1 14 25
1 14 26
4 14 27
2 13 27
2 12 27
2 11 27
2 10 27
0 9 27
0 35 15
-1
-1
-1
-1
-1
-1
-1
0 25 27
1 18 8
6 18 7
2 19 7
-1
-1
-1
-1
0 20 7
1 9 26
1 9 25
1 9 24
5 9 23
2 8 23
2 7 23
2 6 23
2 5 23
2 4 23
2 3 23
2 2 23
0 1 23
-1
-1
0 40 15
6 24 27
4 24 28
2 23 28
2 22 28
6 21 28
4 21 29
2 20 29
2 19 29
2 18 29
0 17 29
1 1 22
1 1 21
1 1 20
0 1 19
1 6 7
1 6 8
1 6 9
1 6 10
3 6 11
2 7 11
0 8 11
1 25 37
1 25 38
4 25 39
0 24 39
4 36 24
1 36 23
6 36 22
2 37 22
2 38 22
2 39 22
0 40 22
2 18 2
2 19 2
2 20 2
2 21 2
2 22 2
2 23 2
0 24 2
-1
-1
0 30 35
1 14 22
1 14 21
1 14 20
1 14 19
1 14 18
1 14 17
6 14 16
2 15 16
0 16 16
0 14 3
5 31 35
1 31 36
1 31 37
1 31 38
1 31 39
1 31 40
1 31 41
1 31 42
1 31 43
1 31 44
1 31 45
0 31 46
1 35 14
1 35 13
1 35 12
0 35 11
0 6 23
6 34 11
1 34 12
4 34 13
2 33 13
2 32 13
0 31 13
0 25 34
3 13 3
1 13 2
5 13 1
2 12 1
0 11 1
1 40 23
1 40 24
3 40 25
2 41 25
0 42 25
0 21 28
1 31 14
1 31 15
1 31 16
1 31 17
1 31 18
0 31 19
0 22 10
6 24 1
2 25 1
2 26 1
0 27 1
5 41 6
1 41 7
1 41 8
1 41 9
3 41 10
2 42 10
0 43 10
0 26 10
5 46 31
3 46 32
2 47 32
2 48 32
0 49 32
0 20 23
2 17 16
2 18 16
2 19 16
0 20 16
2 8 27
2 7 27
2 6 27
2 5 27
0 4 27
0 40 32
1 8 12
1 8 13
0 8 14
2 23 39
2 22 39
2 21 39
2 20 39
0 19 39
0 15 9
5 19 38
2 18 38
2 17 38
2 16 38
2 15 38
0 14 38
0 30 24
5 14 37
2 13 37
0 12 37
-1
0 35 18
1 27 2
-1
0 27 3
3 17 3
0 18 3
2 28 3
2 29 3
2 30 3
0 31 3
-1
0 39 15
1 31 2
6 31 1
2 32 1
0 33 1
0 35 23
-1
-1
0 6 10
1 12 38
1 12 39
1 12 40
1 12 41
1 12 42
1 12 43
1 12 44
1 12 45
1 12 46
4 12 47
2 11 47
2 10 47
2 9 47
2 8 47
2 7 47
2 6 47
2 5 47
2 4 47
0 3 47
1 40 33
1 40 34
1 40 35
1 40 36
4 40 37
0 39 37
-1
-1
-1
-1
-1
-1
-1
-1
-1
-1
-1
-1
-1
-1
-1
-1
-1
-1
-1
-1
-1
-1
-1
-1
-1
-1
-1
-1
-1
-1
-1
-1
-1
-1
-1
-1
-1
-1
-1
-1
-1
-1
-1
-1
-1
-1
-1
-1
-1
-1
-1
-1
-1
-1
-1
-1
-1
-1
-1
-1
-1
-1
-1
-1
-1
-1
-1
-1
-1
-1
-1
-1
-1
-1
-1
-1
-1
-1
-1
-1
-1
-1
-1
-1
-1
-1
-1
-1
-1
-1
-1
-1
-1
-1
-1
-1
-1
-1
-1
-1
-1
-1
-1
-1
-1
-1
-1
-1
-1
-1
-1
-1
-1
-1
-1
-1
-1
-1
-1
-1
-1
-1
-1
-1
-1
-1
-1
-1
-1
-1
-1
-1
-1
-1
-1
-1
-1
-1
-1
-1
-1
-1
-1
-1
-1
-1
-1
-1
-1
-1
-1
-1
-1
-1
-1
-1
-1
-1
-1
-1
-1
-1
-1
-1
-1
-1
-1
-1
-1
-1
-1
-1
-1
-1
-1
-1
-1
-1
-1
-1
-1
-1
-1
-1
-1
-1
-1
-1
-1
-1
-1
-1
-1
-1
-1
-1
-1
-1
-1
-1
-1
-1
-1
-1
-1
-1
-1
-1
-1
-1
-1
-1
-1
-1
-1
-1
-1
-1
-1
-1
-1
-1
-1
-1
-1
-1
-1
-1
-1
-1
-1
-1
-1
-1
-1
-1
-1
-1
-1
-1
-1
-1
-1
-1
-1
-1
-1
-1
-1
-1
-1
-1
-1
-1
-1
-1
-1
-1
-1
-1
-1
-1
-1
-1
-1
-1
-1
-1
-1
-1
-1
-1
-1
-1
-1
-1
-1
-1
-1
-1
-1
-1
-1
-1
-1
-1
-1
-1
-1
-1
-1
-1
-1
-1
-1
-1
-1
-1
-1
-1
-1
-1
-1
-1
-1
-1
-1
