0 11 34
1 11 33
6 11 32
2 12 32
2 13 32
4 14 32
6 14 31
2 15 31
2 16 31
2 17 31
2 18 31
4 19 31
1 19 30
6 19 29
2 20 29
4 21 29
1 21 28
1 21 27
1 21 26
1 21 25
1 21 24
1 21 23
1 21 22
1 21 21
1 21 20
1 21 19
1 21 18
1 21 17
6 21 16
4 22 16
1 22 15
6 22 14
2 23 14
2 24 14
2 25 14
4 26 14
1 26 13
6 26 12
2 27 12
2 28 12
2 29 12
2 30 12
0 31 12
1 31 11
1 31 10
1 31 9
1 31 8
6 31 7
2 32 7
-1
-1
-1
-1
-1
-1
-1
-1
-1
-1
-1
-1
-1
-1
-1
-1
0 33 7
1 11 35
1 11 36
3 11 37
2 12 37
-1
-1
-1
-1
-1
-1
-1
-1
-1
-1
-1
-1
-1
-1
-1
0 13 37
1 31 13
1 31 14
3 31 15
2 32 15
-1
-1
-1
-1
-1
-1
-1
-1
0 33 15
6 10 34
4 10 35
6 9 35
1 9 36
4 9 37
2 8 37
-1
-1
-1
0 7 37
3 7 38
5 8 38
1 8 39
1 8 40
1 8 41
1 8 42
1 8 43
1 8 44
0 8 45
1 33 16
4 33 17
2 32 17
2 31 17
2 30 17
-1
0 29 17
2 12 34
2 13 34
2 14 34
2 15 34
2 16 34
0 17 34
1 7 36
1 7 35
1 7 34
1 7 33
1 7 32
6 7 31
0 8 31
-1
-1
-1
0 23 14
5 23 13
2 22 13
2 21 13
0 20 13
1 33 8
3 33 9
2 34 9
0 35 9
2 7 45
2 6 45
2 5 45
2 4 45
2 3 45
0 2 45
1 20 12
0 20 11
1 20 10
1 20 9
1 20 8
0 20 7
0 21 29
1 20 6
1 20 5
0 20 4
2 18 34
2 19 34
2 20 34
0 21 34
0 22 16
1 20 3
1 20 2
0 20 1
0 21 26
3 20 26
5 20 25
2 19 25
2 18 25
0 17 25
0 29 12
0 19 29
0 7 33
2 16 25
0 15 25
1 21 35
1 21 36
4 21 37
0 20 37
0 8 39
1 29 11
5 29 10
2 28 10
0 27 10
0 30 17
0 19 31
0 14 32
0 8 30
0 27 9
1 20 38
1 20 39
1 20 40
1 20 41
0 20 42
2 9 30
0 10 30
0 26 12
0 14 25
2 6 33
2 5 33
0 4 33
0 21 42
2 21 7
2 22 7
0 23 7
2 21 11
0 22 11
2 19 7
0 18 7
2 13 25
0 12 25
1 21 43
1 21 44
0 21 45
2 22 34
0 23 34
2 11 25
2 10 25
0 9 25
0 31 10
1 35 10
0 35 11
1 27 8
1 27 7
1 27 6
5 27 5
0 26 5
0 22 29
2 3 33
0 2 33
1 21 41
6 21 40
2 22 40
2 23 40
2 24 40
0 25 40
0 31 7
0 21 21
1 31 6
1 31 5
0 31 4
1 33 6
6 33 5
2 34 5
0 35 5
2 26 40
2 27 40
2 28 40
2 29 40
2 30 40
0 31 40
2 32 40
0 33 40
2 17 7
2 16 7
0 15 7
6 19 37
4 19 38
2 18 38
0 17 38
1 25 39
6 25 38
0 26 38
4 20 43
2 19 43
2 18 43
2 17 43
0 16 43
0 16 44
1 26 4
1 26 3
1 26 2
0 26 1
2 19 13
2 18 13
0 17 13
2 14 7
2 13 7
0 12 7
1 21 46
4 21 47
0 20 47
0 20 48
0 25 1
0 26 14
1 12 6
5 12 5
2 11 5
0 10 5
0 34 15
1 23 33
6 23 32
2 24 32
0 25 32
1 33 41
3 33 42
2 34 42
2 35 42
2 36 42
0 37 42
1 37 43
1 37 44
1 37 45
1 37 46
0 37 47
0 9 5
1 15 6
0 15 5
2 6 37
2 5 37
0 4 37
2 36 47
0 35 47
5 22 45
3 22 46
2 23 46
0 24 46
2 36 9
2 37 9
2 38 9
0 39 9
0 14 31
6 35 4
2 36 4
2 37 4
2 38 4
0 39 4
0 31 13
4 38 47
6 38 46
2 39 46
0 40 46
1 40 47
3 40 48
0 41 48
0 12 37
6 37 41
2 38 41
2 39 41
2 40 41
2 41 41
0 42 41
1 42 40
1 42 39
1 42 38
1 42 37
0 42 36
1 31 41
1 31 42
0 31 43
1 17 14
1 17 15
1 17 16
1 17 17
0 17 18
2 18 18
0 19 18
0 14 30
0 30 43
2 40 4
4 41 4
6 41 3
0 42 3
4 16 45
2 15 45
2 14 45
0 13 45
0 16 18
1 30 44
1 30 45
1 30 46
0 30 47
2 8 25
2 7 25
0 6 25
1 15 8
1 15 9
0 15 10
4 13 46
0 12 46
1 9 4
1 9 3
1 9 2
0 9 1
2 3 37
2 2 37
0 1 37
1 42 35
1 42 34
1 42 33
0 42 32
2 5 25
2 4 25
2 3 25
2 2 25
0 1 25
1 1 24
1 1 23
1 1 22
0 1 21
0 21 24
2 14 10
2 13 10
2 12 10
2 11 10
0 10 10
0 10 11
0 11 11
0 9 26
1 1 26
4 1 27
0 0 27
1 29 18
0 29 19
1 8 46
0 8 47
0 20 49
1 26 37
0 26 36
0 8 41
1 11 12
1 11 13
3 11 14
0 12 14
2 28 19
2 27 19
2 26 19
0 25 19
6 24 45
0 25 45
1 12 38
1 12 39
0 12 40
2 42 48
2 43 48
2 44 48
2 45 48
0 46 48
0 12 24
2 43 32
2 44 32
2 45 32
0 46 32
2 22 24
2 23 24
0 24 24
4 12 15
2 11 15
2 10 15
2 9 15
2 8 15
0 7 15
3 7 16
5 8 16
1 8 17
0 8 18
2 41 32
2 40 32
2 39 32
0 38 32
1 15 4
1 15 3
0 15 2
1 1 20
0 1 19
1 38 33
4 38 34
2 37 34
2 36 34
2 35 34
0 34 34
0 36 34
1 1 18
1 1 17
1 1 16
1 1 15
0 1 14
1 2 46
3 2 47
5 3 47
0 3 48
2 25 46
5 26 46
1 26 47
1 26 48
0 26 49
2 8 1
2 7 1
2 6 1
0 5 1
1 34 33
1 34 32
1 34 31
1 34 30
0 34 29
1 34 28
1 34 27
0 34 26
2 30 19
2 31 19
0 32 19
2 33 29
2 32 29
0 31 29
6 34 25
2 35 25
2 36 25
2 37 25
2 38 25
0 39 25
1 39 24
1 39 23
0 39 22
2 25 24
2 26 24
2 27 24
0 28 24
1 39 21
6 39 20
2 40 20
2 41 20
0 42 20
1 12 23
1 12 22
1 12 21
0 12 20
4 43 41
6 43 40
2 44 40
0 45 40
6 22 28
2 23 28
2 24 28
0 25 28
1 1 13
1 1 12
5 1 11
0 0 11
2 7 30
2 6 30
0 5 30
1 42 4
1 42 5
1 42 6
0 42 7
1 34 16
3 34 17
5 35 17
3 35 18
0 36 18
3 42 21
2 43 21
2 44 21
0 45 21
0 24 40
1 45 39
1 45 38
6 45 37
2 46 37
0 47 37
5 43 3
1 43 4
3 43 5
2 44 5
2 45 5
0 46 5
1 31 39
0 31 38
6 41 36
0 41 37
1 39 3
5 39 2
2 38 2
0 37 2
2 40 25
2 41 25
5 42 25
3 42 26
0 43 26
-1
-1
-1
-1
-1
-1
-1
-1
-1
-1
-1
-1
-1
-1
-1
-1
-1
-1
-1
-1
-1
-1
-1
-1
-1
-1
-1
-1
-1
-1
-1
-1
-1
-1
-1
-1
-1
-1
-1
-1
-1
-1
-1
-1
-1
-1
-1
-1
-1
-1
-1
-1
-1
-1
-1
-1
-1
-1
-1
-1
-1
-1
-1
-1
-1
-1
-1
-1
-1
-1
-1
-1
-1
-1
-1
-1
-1
-1
-1
-1
-1
-1
-1
-1
-1
-1
-1
-1
-1
-1
-1
-1
-1
-1
-1
-1
-1
-1
-1
-1
-1
-1
-1
-1
-1
-1
-1
-1
-1
-1
-1
-1
-1
-1
-1
-1
-1
-1
-1
-1
-1
-1
-1
-1
-1
-1
-1
-1
-1
-1
-1
-1
-1
-1
-1
-1
-1
-1
-1
-1
-1
-1
-1
-1
-1
-1
-1
-1
-1
-1
-1
-1
-1
-1
-1
-1
-1
-1
-1
-1
-1
-1
-1
-1
-1
-1
-1
-1
-1
-1
-1
-1
-1
-1
-1
-1
-1
-1
-1
-1
-1
-1
-1
-1
-1
-1
-1
-1
-1
-1
-1
-1
-1
-1
-1
-1
-1
-1
-1
-1
-1
-1
-1
-1
-1
-1
-1
-1
-1
-1
-1
