1000 25 35
1458 2844 3139 3161 3366 4336 4404 4450 8260 10657 11197 11604 12334 12939 17978 18398 19587 24153 25414 26446 26751 29869 31306 35448 38772 39107 39264 40199 42927 44600 54685 55932 71161 86140 127238
1115 1823 2952 5300 7207 7953 8202 9465 10370 10635 12984 13002 14691 16636 18492 20650 20759 20819 21615 22238 22684 23719 24849 28339 29214 34908 36278 46866 47197 50505 63141 77578 77632 82070 85300
1161 1342 2493 4529 5530 6327 7131 7445 9662 13055 13512 14794 15967 16144 16530 16585 17857 18950 19539 23461 24011 25900 26306 29312 31833 33048 36781 37001 39565 59551 68149 73290 77842 95552 100472
1288 1508 1600 1631 2727 3295 5373 5754 7494 9836 10011 11245 13207 13427 15195 15585 17887 18189 20032 20909 26384 28026 28888 29068 33525 35669 45419 48414 59618 59961 63061 63731 72946 81542 107124
938 2487 2508 3492 3668 4739 4767 6318 6372 8228 8747 9881 12810 13258 15206 16037 16591 18539 19189 22242 22658 26888 27259 27522 31159 32579 36481 39904 49093 51969 58959 67808 83663 99619 125568
396 1233 1548 2467 3267 4915 7068 7118 8111 8437 8522 9847 10812 12424 14488 15681 15789 17407 17958 19500 21236 23783 27243 27253 30787 31283 33074 37906 40121 43041 71116 71896 74720 119516 144458
707 2521 2638 3327 4708 5483 6324 7312 7322 7405 9026 11653 13395 14260 16894 18797 19021 20578 23340 23768 25338 25476 30176 31874 34376 36053 42076 49213 52286 62554 63190 67593 68472 76043 101865
67 493 568 918 1146 1412 1900 2178 2270 2304 3150 3803 3990 6228 6504 7258 12526 15523 22465 25032 31346 34740 35649 38600 38800 44723 48553 48708 53307 59210 63969 79341 84680 95014 104287
672 1680 3401 3446 5056 5073 5777 7682 8557 10174 10716 12210 12953 13955 15250 15275 15422 19613 27422 27449 27554 32946 34975 37777 39678 39851 42993 43678 44311 48302 56783 59103 69841 86526 100403
256 1171 2495 2944 3812 5033 5407 6390 8804 11971 14015 15707 16127 17332 17590 18204 18416 18756 19811 20524 21240 23142 25569 26923 30662 35564 42397 42729 43530 47608 62729 65306 94262 94842 104150
315 491 740 1411 1711 1851 2486 2744 4108 5614 6386 6515 6846 8595 12747 12998 14130 21670 23214 23765 24113 24122 24802 33480 36134 43368 43790 45405 52877 56559 64691 74390 76587 88236 136289
282 748 2660 3421 3547 4609 6250 8167 9262 10758 10969 13807 14669 14960 15824 16123 18348 19344 20681 23690 25697 26438 27115 31363 33869 39130 45859 47095 48344 52090 53158 57574 60458 95978 117369
656 843 1584 2141 2252 3033 5202 6137 6176 6817 10373 13342 13829 13855 15129 18134 18259 18651 18748 20509 22381 22718 25491 29760 37894 39550 41845 49441 51436 57379 70993 75274 76834 87952 101192
125 189 1299 2397 3623 5926 10041 11113 11253 12289 12297 15284 19628 20404 20967 23928 25389 28086 28336 28563 33032 34407 34554 37533 38182 39825 41871 42395 42805 43057 48766 50521 56671 59033 106145
830 1900 4113 4148 4507 5248 7197 7420 8353 8736 11110 12019 12606 13704 18558 20872 22317 22387 22439 24051 25712 26449 26843 28960 29653 38817 39445 40448 44547 45788 52068 57898 64203 87278 136500
320 772 1645 2662 3894 5310 10189 11842 12506 15184 16112 16424 18659 19517 21533 22910 23039 24199 24224 24858 25065 25919 28044 29544 31639 31949 39552 42112 45285 51259 51948 52048 72436 74909 107674
262 710 876 882 1033 2726 3123 3655 6803 7682 10724 11557 14341 14546 16072 18203 19975 22245 22348 26259 27473 28182 29757 35420 40074 40182 42269 42984 48981 51008 56140 56434 69900 83025 133946
338 2330 2813 4676 4732 5120 6567 7786 8168 8172 8869 9405 14577 15103 16082 16827 18540 19276 25611 27399 27653 30612 30884 33655 35197 36632 46832 47421 49337 52225 60301 63265 67492 89049 90918
2312 2572 2910 3348 4692 5291 6207 7690 9087 9422 9434 9680 9714 9881 11705 14364 17867 20339 20544 20688 24130 24674 28089 28278 33510 44785 45214 49412 53541 57658 59594 66772 74820 96933 106266
634 655 1613 3077 3768 3801 5706 6470 6716 9371 9456 9570 9875 12703 13150 13917 15094 16247 18517 19058 23034 23601 28529 30030 31431 32593 32766 32815 35058 40156 44471 51658 56802 93687 247973
1234 1427 2434 3210 3396 3870 4032 7931 8014 8603 8783 9180 12851 14601 17707 23439 23904 24174 24969 26305 26396 27438 34262 35966 38716 38959 41431 48764 54689 55422 56576 58669 61447 81811 89638
51 154 216 2091 3237 4724 5242 7123 7164 9076 9815 12841 14885 15328 16648 21185 22657 22732 24016 24977 26230 30393 30997 39939 40148 41536 44090 48754 49035 49640 50505 63328 66992 69017 109057
403 1240 2490 2800 3599 5203 7593 8117 8587 8661 9155 9242 11633 14591 16465 17661 18726 19607 19862 20495 24147 24820 24973 28144 28993 32662 33589 33621 54089 56080 59887 64400 71652 89866 146322
49 310 372 1618 2312 3874 4463 5734 6121 9411 10818 11018 11365 11528 11788 18070 18137 19435 21937 24151 24979 25751 29510 31715 34876 35350 37232 37794 51107 59577 64764 68490 74713 103198 108676
753 1391 2368 3296 3603 5077 6059 6703 11382 11743 11803 15095 15107 16555 17660 18188 20517 21435 23838 24657 28571 30915 31689 36792 38896 38898 39570 39753 41916 46544 52591 71988 72691 87096 91377
