50 196 11088 800
29 43 45 6
40 30 5 20
25 1 37 6
46 24 6 39
22 17 14 36
23 14 39 7
20 26 33 4
1 30 10 14
27 30 26 15
30 49 21 18
34 8 6 26
22 3 26 42
11 23 16 15
23 2 15 21
21 1 16 20
41 38 48 8
45 37 24 10
35 23 37 17
40 28 1 31
35 7 47 43
10 10 4 37
3 10 37 41
26 0 5 26
20 38 42 7
21 21 18 16
33 41 25 11
7 22 14 19
19 10 15 20
21 30 16 39
27 1 10 14
12 24 0 45
31 35 34 12
22 9 2 14
34 27 46 7
25 3 33 9
40 32 14 10
34 29 3 21
22 11 14 23
21 33 14 44
12 29 23 2
37 48 32 12
47 17 16 16
6 20 39 16
19 8 46 8
6 23 41 3
0 15 35 7
30 36 17 8
19 29 37 11
2 18 8 0
3 18 39 13
32 45 13 43
34 34 4 3
20 32 32 16
25 16 27 39
7 17 22 18
47 21 39 9
48 41 22 39
25 47 21 3
31 44 41 1
22 0 15 20
28 1 12 32
36 25 39 2
34 23 40 32
24 1 14 40
19 29 42 15
20 10 6 29
19 17 5 23
26 2 22 24
2 17 12 17
37 28 48 45
43 22 21 1
33 47 42 15
30 48 33 14
25 11 4 9
22 0 17 17
26 27 5 11
4 18 47 3
25 0 4 41
26 35 30 25
13 25 5 32
33 31 25 19
34 21 20 28
21 2 44 13
48 29 15 28
26 35 17 37
39 11 29 44
11 6 43 12
18 21 12 36
31 45 13 33
12 32 35 0
17 9 35 6
24 1 48 37
32 27 12 33
44 25 25 8
27 10 37 23
10 16 27 33
35 47 37 11
26 49 46 7
29 33 32 7
19 32 15 19
31 11 42 11
15 22 40 8
16 2 40 6
36 46 22 2
24 11 16 39
31 17 18 36
29 49 18 38
22 0 8 35
18 30 28 17
42 26 16 6
1 47 20 14
40 43 39 0
32 9 43 6
37 22 24 30
28 5 36 40
21 19 37 1
16 26 10 19
8 38 34 6
35 44 35 11
26 14 40 3
3 23 27 23
43 10 28 29
20 30 47 2
3 15 26 11
24 10 23 3
27 30 36 10
8 29 40 12
39 30 40 7
29 33 12 40
13 18 6 40
11 30 27 19
4 17 27 22
25 17 1 30
31 37 10 36
33 7 30 13
3 23 44 16
18 31 33 37
30 26 4 49
40 24 18 41
22 4 15 17
37 34 23 22
5 17 21 42
23 13 21 18
29 46 17 14
36 15 43 9
25 33 16 49
23 1 16 41
22 2 35 11
32 33 13 2
4 17 15 3
32 37 16 12
18 14 45 6
27 0 40 6
0 10 41 6
3 16 31 34
29 43 0 48
25 21 22 5
21 29 17 19
5 16 16 22
22 30 12 2
32 22 23 15
8 25 7 36
33 45 42 11
38 38 34 11
26 12 42 40
23 1 11 33
36 23 12 28
24 4 35 13
16 34 25 2
39 12 41 23
24 46 32 14
22 1 1 36
30 17 17 11
20 19 43 7
18 30 36 15
36 36 14 46
22 10 16 31
47 27 16 40
18 29 1 30
5 31 26 11
23 29 37 17
34 27 37 1
1 15 14 48
49 35 44 10
22 16 6 21
18 17 13 32
27 19 2 44
27 47 10 22
33 29 45 1
30 43 37 11
18 17 0 9
11 25 28 0
17 18 24 11
33 14 31 19
0 13 25 2
10 17 44 8
