50 80 18894 800
0 10 5 36
29 11 15 31
30 27 6 15
8 18 37 25
33 4 24 25
17 45 23 37
5 23 32 16
2 32 19 31
42 35 23 44
5 27 22 48
39 3 3 27
8 16 31 8
40 9 13 35
6 15 30 47
14 32 18 44
2 23 15 19
29 10 13 41
9 0 36 34
45 9 38 20
48 6 29 41
8 17 10 33
46 28 0 5
6 27 0 49
5 29 27 28
21 25 5 25
45 15 18 39
3 5 16 48
49 5 0 8
49 25 32 28
6 25 6 39
41 6 29 42
47 8 4 36
32 1 23 32
7 27 13 33
42 27 19 38
32 19 26 44
11 23 24 46
49 9 20 20
24 1 24 32
29 16 18 41
37 28 25 17
2 15 43 21
41 10 9 15
21 3 28 41
40 7 18 46
5 11 2 22
18 2 27 45
2 24 16 14
39 5 14 8
30 20 19 26
32 7 24 20
26 13 22 23
3 22 7 21
26 39 16 13
3 25 17 38
35 4 15 32
29 1 3 42
4 28 42 24
36 13 39 29
20 3 18 11
34 8 11 43
8 27 40 31
6 11 10 46
2 11 34 23
15 32 27 21
2 33 20 11
39 4 6 14
1 26 34 31
37 2 6 12
40 38 23 19
20 1 10 28
5 30 13 3
29 4 39 12
18 14 4 35
28 30 22 47
39 9 14 2
31 3 25 40
41 8 21 47
2 21 24 42
7 26 22 42
