50 594 11190 800
6 27 34 49
19 41 7 10
13 44 27 36
17 33 16 19
5 31 20 16
27 33 8 24
9 36 24 36
26 11 12 16
40 7 32 24
33 7 1 17
17 40 22 38
21 37 1 1
6 44 21 31
16 43 34 5
15 42 5 6
28 39 9 33
18 24 12 28
32 4 20 28
12 36 16 37
34 9 20 20
19 39 0 32
22 42 18 1
9 42 4 13
13 25 23 45
21 27 4 7
17 9 9 30
20 37 24 47
21 40 30 48
20 24 24 38
18 41 35 13
33 40 27 11
24 42 26 46
20 40 8 25
22 39 11 37
25 10 26 39
7 43 31 23
16 47 28 46
26 23 26 41
27 27 27 42
25 39 30 24
11 16 6 3
31 10 15 26
12 31 25 15
5 39 25 46
15 46 35 36
22 41 32 21
14 47 27 38
36 6 34 32
12 43 16 40
32 12 23 23
4 40 31 24
20 27 18 42
19 12 22 26
44 21 9 20
12 32 17 17
38 10 34 45
26 36 0 11
14 43 25 10
47 49 22 37
17 41 22 29
25 40 19 27
11 33 15 6
38 26 28 37
36 20 4 13
38 5 29 10
4 29 42 34
41 19 30 33
37 8 13 10
4 37 28 38
25 36 23 12
39 21 23 42
30 16 45 13
16 15 32 25
2 44 28 9
18 44 37 39
16 30 23 4
25 1 38 33
24 42 23 46
30 24 11 32
31 26 23 40
32 7 26 45
8 17 1 23
11 30 34 49
17 11 27 35
18 6 4 15
18 5 30 0
15 27 24 30
42 39 27 33
13 36 22 10
21 21 36 4
4 45 16 7
18 42 11 6
18 13 20 40
14 30 19 44
38 5 12 43
28 1 24 15
37 46 25 46
14 36 4 16
23 11 30 39
4 40 19 33
38 15 23 23
12 10 18 39
27 33 21 35
14 16 24 38
22 2 21 31
17 40 27 1
14 45 10 43
13 42 26 35
12 24 21 13
33 26 11 22
24 5 41 37
38 24 28 37
2 26 19 2
27 7 20 38
27 38 24 31
35 24 31 39
11 38 29 28
37 21 22 32
30 32 31 25
10 38 28 47
15 16 28 16
2 41 25 10
34 33 30 20
17 47 23 43
24 42 20 12
43 16 24 36
15 39 33 13
21 30 27 10
11 36 12 20
18 33 4 14
12 28 34 7
11 24 19 30
24 37 13 4
27 47 21 4
12 40 22 29
2 22 18 36
24 15 17 34
12 43 13 38
16 43 25 4
29 11 19 44
22 34 7 5
12 34 23 46
29 32 24 47
38 23 3 5
23 26 11 35
0 28 22 41
23 14 28 13
19 43 37 35
5 39 26 27
30 44 13 33
27 31 28 25
13 9 25 45
16 40 21 6
22 38 24 44
16 18 22 44
18 11 24 33
11 35 31 43
48 22 21 41
20 42 28 40
19 45 24 3
21 40 5 4
10 46 34 48
22 15 31 23
26 13 13 33
33 26 21 41
13 36 9 39
11 44 3 27
10 26 24 37
15 19 13 37
41 11 28 35
35 22 13 18
7 41 15 24
17 28 28 42
11 31 17 20
40 25 19 47
34 22 32 32
40 18 24 43
16 33 23 30
9 8 44 43
32 22 24 41
14 19 27 39
21 22 20 34
7 42 29 42
10 44 16 24
0 37 19 15
24 27 34 35
34 19 15 27
30 42 23 34
39 35 9 9
14 37 34 49
13 16 20 41
19 34 38 8
39 24 16 45
43 16 26 25
39 2 7 39
26 30 22 45
11 37 20 36
22 16 24 45
36 22 25 47
19 18 24 44
13 35 32 30
11 36 26 21
14 38 37 44
13 4 6 10
35 20 13 33
16 31 30 11
14 34 28 49
16 43 37 33
16 2 41 46
13 37 32 42
9 44 4 2
14 32 24 19
28 13 35 32
47 24 20 33
20 6 27 16
25 13 13 29
21 13 29 47
12 49 15 41
27 32 28 46
24 47 17 28
14 36 7 10
43 20 13 47
7 36 24 42
13 6 20 39
37 34 23 45
25 45 23 21
19 43 35 40
16 41 11 37
6 35 25 38
20 33 26 47
18 40 21 49
13 37 16 27
23 2 29 43
18 22 26 49
18 36 7 11
14 42 22 46
34 45 25 46
19 13 9 6
47 16 29 30
20 36 6 8
14 39 27 41
20 45 18 17
22 37 24 25
26 14 20 22
14 36 22 22
38 42 20 38
23 33 25 41
36 34 30 26
23 6 27 40
12 41 16 7
21 14 31 40
19 42 43 10
5 47 22 43
15 39 1 2
31 20 22 15
18 38 11 11
8 43 35 10
27 17 25 4
19 21 35 32
37 26 19 19
18 37 6 20
20 38 35 42
25 9 17 7
13 42 21 40
18 10 18 40
15 43 33 38
9 39 19 33
17 43 27 18
7 27 27 39
15 42 33 34
23 30 18 27
14 33 3 20
20 37 16 27
24 19 19 29
29 7 36 45
31 17 26 34
8 34 25 21
14 35 7 6
21 37 18 21
9 28 30 45
13 43 8 32
1 32 31 35
35 41 25 13
17 12 12 36
35 24 21 39
26 29 36 1
31 24 22 35
29 23 17 38
10 21 23 30
4 35 32 21
2 32 11 40
22 23 28 30
24 43 15 30
26 27 23 37
9 39 27 45
32 31 28 47
18 43 20 38
48 16 31 32
40 39 34 32
21 4 21 11
25 6 19 34
34 12 6 1
20 36 16 8
36 39 19 37
26 35 11 43
32 31 28 35
11 46 34 49
30 28 27 8
37 12 26 47
8 39 30 43
3 37 27 21
21 40 25 15
11 40 12 17
28 13 30 43
17 11 0 12
13 41 16 4
41 0 12 23
36 23 24 32
32 14 25 39
9 34 30 40
8 46 19 23
43 14 4 2
16 41 20 25
5 10 8 46
11 47 24 33
27 11 28 37
41 22 33 40
6 13 22 36
23 12 26 6
8 30 19 47
10 49 18 30
10 38 4 8
7 13 33 26
19 44 31 3
22 45 12 37
19 34 22 12
39 13 23 48
21 31 20 47
29 5 26 49
20 38 13 13
21 41 31 34
25 14 18 28
0 26 10 14
17 41 22 41
9 16 11 40
4 38 15 35
24 18 27 38
31 4 14 21
11 39 30 41
12 14 6 7
26 33 21 21
5 40 48 34
11 33 20 41
24 33 30 16
23 18 31 41
17 42 15 30
9 39 26 42
21 18 22 47
8 35 30 46
8 18 22 36
19 12 29 1
21 23 8 36
22 5 10 16
21 35 33 36
10 28 21 11
35 40 22 32
18 45 21 25
10 34 30 39
29 8 21 41
17 28 22 33
18 41 26 41
4 5 28 42
23 9 19 1
14 38 20 42
3 36 13 12
3 25 22 46
18 23 20 35
2 47 22 32
24 29 10 41
4 47 29 32
38 22 47 15
18 38 18 15
36 32 7 20
14 20 21 12
20 10 38 11
9 44 18 32
42 23 31 37
16 41 39 42
31 24 21 40
12 40 11 18
18 38 4 14
10 37 33 34
18 34 39 47
37 19 12 42
10 46 20 18
14 36 38 48
38 10 20 8
26 4 14 40
19 39 45 49
24 22 1 14
15 44 18 33
33 4 3 14
3 49 13 24
5 21 35 36
13 37 35 17
6 36 35 35
26 5 6 22
42 15 18 47
25 21 7 49
15 41 30 27
7 37 22 26
37 27 19 5
9 26 24 41
33 3 22 29
5 12 24 41
0 49 8 35
33 16 26 44
3 40 37 0
16 8 35 27
22 11 29 14
13 40 32 6
10 13 38 43
8 34 18 34
37 24 5 17
29 16 18 1
28 32 20 24
9 43 31 44
21 47 28 49
17 43 28 33
13 16 22 32
18 33 33 30
13 39 23 37
32 24 21 45
16 27 29 43
37 12 34 42
6 40 0 13
18 47 20 6
32 41 21 22
5 29 23 11
36 25 32 18
10 38 29 46
42 1 20 37
1 42 23 33
41 7 7 15
29 11 14 42
16 37 25 27
18 16 23 33
7 17 16 46
35 15 31 42
34 10 26 39
11 36 13 1
12 37 21 45
18 14 11 11
30 30 20 36
12 38 24 33
16 42 36 20
9 14 24 32
27 9 29 28
47 35 7 7
19 37 26 37
9 39 40 45
14 33 20 27
6 31 6 25
16 46 2 1
17 40 5 4
10 42 17 36
20 41 21 31
8 36 40 40
1 31 39 42
1 32 19 25
15 47 24 37
36 38 26 49
17 35 26 41
13 27 40 42
9 46 15 44
8 41 14 30
30 11 22 28
10 37 21 37
20 45 27 29
12 36 36 26
35 34 27 25
11 14 40 27
35 20 32 41
22 39 24 34
7 35 14 37
11 31 29 38
22 13 31 48
14 27 25 42
41 14 17 34
36 13 3 8
15 35 25 8
14 6 27 25
42 18 22 16
15 36 27 45
6 14 27 34
34 3 35 38
19 35 5 45
22 13 24 39
18 38 25 30
16 22 15 36
31 38 22 1
18 35 6 18
15 6 37 35
19 41 8 34
26 25 34 37
8 12 30 37
9 18 29 37
8 39 16 35
33 2 21 41
22 6 25 8
15 35 23 32
40 39 9 14
2 42 26 25
42 30 28 27
25 21 28 39
5 36 13 35
38 19 28 33
1 20 36 42
25 21 22 42
18 43 5 22
17 25 38 25
18 42 25 14
14 15 17 39
19 42 14 39
33 13 2 31
20 41 33 19
17 14 22 4
8 37 13 30
10 20 24 2
0 37 24 13
24 12 21 31
29 12 21 44
16 45 11 21
27 19 19 28
32 21 15 32
11 47 44 5
22 22 24 27
17 14 36 8
14 35 34 37
24 13 49 42
13 43 29 47
32 18 30 44
22 22 19 8
46 15 26 38
33 9 21 37
10 35 8 27
6 27 0 27
20 20 13 38
41 29 27 32
34 4 10 17
21 23 16 16
33 8 31 27
8 13 10 44
15 44 18 3
13 42 17 31
34 38 23 35
6 39 31 44
40 18 23 43
11 42 18 40
2 39 17 42
29 13 36 12
10 47 17 29
20 34 22 15
20 45 1 6
17 13 29 14
15 32 22 40
7 34 8 13
37 20 26 47
36 20 33 45
3 13 26 33
34 28 21 43
22 43 17 42
8 38 10 6
24 41 22 3
26 46 22 3
23 28 10 15
18 31 26 28
11 28 20 8
20 35 9 3
13 42 38 16
35 12 15 31
18 38 21 32
30 23 8 25
32 16 23 39
16 26 28 31
25 16 18 46
15 6 9 23
15 16 11 13
36 8 3 11
22 25 3 7
14 39 15 7
31 9 28 44
26 35 23 40
36 21 4 23
