50 238 18112 800
45 35 43 41
43 36 1 37
48 39 2 29
13 46 19 35
26 34 49 34
15 41 42 25
16 43 35 42
4 46 3 35
23 33 37 19
34 41 3 33
2 9 42 42
47 37 14 37
36 43 25 20
42 37 37 23
27 32 19 7
5 10 37 13
48 39 32 48
22 0 13 41
47 39 13 30
4 10 19 17
34 37 20 45
28 0 37 37
7 47 24 36
46 39 18 28
20 0 17 23
26 41 32 35
42 44 20 42
47 38 14 35
45 37 14 4
2 7 26 32
16 5 8 31
22 44 17 41
35 45 47 31
34 44 20 35
34 42 19 40
1 47 13 12
45 38 45 32
37 42 0 42
25 30 15 8
23 40 10 41
47 37 19 40
43 37 30 33
0 10 4 42
2 10 4 28
26 33 14 2
47 39 14 10
23 34 20 18
40 25 6 30
40 38 19 31
46 41 5 35
13 35 20 45
9 42 30 7
5 9 27 19
0 5 39 17
44 38 7 34
31 37 32 32
13 44 6 36
7 39 13 42
7 9 28 14
38 35 25 18
25 1 23 44
1 11 26 26
1 14 16 38
23 32 20 22
43 13 3 49
45 40 14 40
32 34 13 31
2 13 15 44
3 13 24 28
45 40 16 37
21 32 14 36
30 42 26 11
5 9 20 43
29 34 27 4
44 34 19 34
4 8 29 37
2 32 17 22
29 40 23 34
44 35 23 23
42 41 24 28
3 6 17 32
43 39 44 27
18 29 15 19
4 49 29 5
36 38 27 2
20 40 24 26
48 36 13 24
47 37 17 45
31 42 7 46
43 40 19 27
44 39 22 32
46 17 19 39
0 14 33 10
29 31 20 31
30 6 25 20
34 39 11 21
46 43 15 23
34 43 1 42
11 40 19 13
23 31 45 22
45 35 2 5
25 31 27 36
21 27 37 28
48 18 13 31
46 41 17 24
46 40 36 41
45 8 16 14
12 42 23 28
45 39 7 41
4 39 14 10
2 8 17 8
48 44 26 17
25 36 29 11
32 43 8 19
33 43 12 38
32 42 48 9
14 38 25 15
44 39 22 42
4 38 2 47
43 31 10 30
5 31 24 24
25 33 23 25
19 5 33 42
45 38 3 42
21 26 28 17
7 43 17 14
39 41 23 33
33 39 20 36
22 2 0 37
4 49 24 40
44 38 15 15
35 42 8 28
46 39 40 38
24 31 3 46
4 41 20 10
25 33 33 15
19 45 12 27
23 32 35 22
18 1 5 7
20 31 1 31
21 30 21 40
1 49 15 34
27 39 17 15
6 38 42 24
34 40 25 34
10 45 20 27
19 2 13 31
31 30 27 18
31 43 33 12
2 10 22 7
49 38 16 22
2 7 40 18
46 42 23 36
2 9 21 8
3 34 15 34
36 36 1 16
46 38 19 3
10 42 15 45
46 41 27 5
23 34 11 39
31 43 7 43
48 38 22 27
1 9 26 17
31 38 20 34
45 38 7 38
7 32 4 37
18 45 20 18
43 40 32 14
25 35 4 42
31 43 49 21
47 35 32 37
21 34 4 19
44 36 9 35
28 45 13 20
27 32 11 39
22 34 20 26
7 38 34 7
35 42 25 37
29 39 32 21
10 46 46 23
45 37 10 35
31 41 12 34
30 43 28 8
21 3 6 23
32 41 12 25
46 38 0 37
33 40 29 33
44 40 0 12
7 35 14 30
32 40 28 41
4 47 17 10
47 34 19 33
24 34 19 44
1 11 20 16
48 36 17 14
20 32 27 40
13 46 2 29
27 42 25 16
9 49 10 23
44 38 26 18
39 41 0 41
26 37 19 13
19 38 29 45
44 40 0 49
46 37 23 43
0 48 6 21
44 39 21 4
27 33 40 9
30 42 9 46
48 38 1 43
32 40 2 34
3 7 26 35
14 47 6 37
24 32 24 1
9 42 31 21
30 43 26 23
32 40 13 46
31 41 40 21
29 42 27 20
22 32 30 16
32 42 16 47
25 26 43 9
3 12 9 33
4 8 28 48
2 8 12 34
31 44 16 42
18 49 4 43
22 33 20 42
15 41 26 14
44 38 15 15
14 49 10 24
2 12 11 32
4 42 30 19
48 34 7 27
45 33 8 45
29 39 21 37
30 37 41 10
24 34 40 24
