50 552 19488 800
24 38 18 33
41 22 6 42
26 27 14 49
29 36 44 11
23 19 17 19
14 40 24 32
47 5 37 21
12 44 29 17
37 24 21 14
23 12 9 27
32 9 29 21
47 15 15 34
32 19 25 31
14 26 32 34
41 1 22 21
10 24 14 8
27 21 19 31
11 34 11 6
48 14 8 35
40 39 35 44
14 7 21 14
4 33 41 27
1 8 27 28
11 1 18 28
27 19 24 28
3 41 36 20
37 30 11 22
45 6 46 20
9 0 21 37
14 31 7 17
17 18 25 35
10 47 17 43
29 30 9 28
3 34 17 30
8 41 30 27
35 20 35 41
1 42 31 39
39 19 20 48
14 37 11 23
42 41 38 27
45 44 25 19
10 3 8 38
41 24 29 16
24 1 24 30
40 9 11 19
16 20 27 45
29 32 20 28
40 32 21 28
45 12 32 39
7 27 32 39
28 40 12 37
36 17 23 33
48 11 7 14
8 44 20 44
8 47 27 21
29 27 15 26
12 35 19 49
7 15 12 26
42 40 41 35
22 31 25 22
14 18 21 12
47 38 28 28
20 34 33 34
26 17 17 8
29 15 15 29
19 30 26 41
47 12 22 20
26 15 21 25
10 23 39 44
47 11 7 32
4 18 12 28
8 5 6 22
46 34 21 18
11 30 15 24
43 38 18 19
13 24 24 43
16 34 27 35
43 17 20 20
40 4 43 14
39 39 16 7
26 6 27 26
25 5 17 43
5 18 38 18
49 10 15 24
44 11 19 28
22 41 38 16
6 12 26 36
14 22 13 29
44 39 36 23
5 34 33 26
13 24 18 24
17 12 33 20
14 36 8 33
16 17 14 39
39 23 40 15
24 37 18 18
18 7 11 25
13 31 34 47
0 15 23 32
6 17 19 42
49 33 35 38
13 9 24 29
6 39 21 22
22 0 4 7
33 4 35 14
32 9 19 0
13 15 11 49
48 11 28 37
44 7 23 16
42 15 38 49
32 13 19 28
28 33 30 12
10 32 28 35
49 40 26 31
16 2 23 38
9 30 21 42
38 16 12 44
17 20 27 20
17 39 38 33
16 16 21 47
48 12 29 45
22 39 26 18
0 13 14 28
17 32 27 35
41 36 16 21
8 38 14 16
15 6 27 31
14 14 30 29
43 12 20 38
40 23 32 32
32 20 22 25
48 30 15 34
8 46 12 23
12 0 25 46
29 15 21 23
25 37 30 34
27 4 13 20
22 13 11 11
28 20 22 38
33 40 15 29
6 27 33 27
45 14 3 20
23 39 3 27
25 15 22 25
0 41 20 15
48 26 30 42
35 33 18 24
24 21 25 43
19 12 20 21
17 3 11 24
14 35 25 28
12 14 10 25
42 31 27 15
22 28 19 19
17 7 25 29
8 17 23 40
40 19 28 17
10 17 13 12
24 3 27 26
27 19 4 17
4 22 18 10
46 38 19 27
19 18 20 29
45 13 21 32
31 22 29 17
10 34 15 33
2 15 28 47
18 14 23 36
37 12 14 10
12 6 15 26
22 17 17 28
36 3 40 21
11 0 14 43
3 47 23 39
23 44 29 23
9 40 14 35
41 17 10 21
6 41 16 22
8 34 11 23
49 12 18 44
25 20 16 20
16 16 19 45
17 8 26 41
41 34 12 28
49 22 21 29
5 32 19 26
9 41 21 45
27 34 14 33
34 17 19 24
14 42 32 42
44 21 30 12
2 6 7 27
16 24 10 20
2 26 7 48
6 20 3 29
13 35 7 41
49 20 25 19
33 26 21 31
20 25 21 41
15 29 10 22
11 23 26 17
25 32 33 26
5 22 29 38
31 26 36 29
3 36 28 12
48 15 6 22
16 23 35 24
49 11 25 38
40 28 15 21
12 23 39 38
23 14 37 3
27 11 9 6
23 15 17 7
3 11 9 40
23 8 30 11
46 35 20 34
13 26 25 20
45 7 12 21
47 34 16 36
27 29 33 33
1 5 42 30
38 19 28 9
1 32 4 23
26 19 7 23
43 19 26 31
21 9 21 32
43 12 18 24
32 26 11 23
2 34 32 28
9 46 1 36
45 22 24 20
1 15 30 15
44 12 19 37
16 3 13 18
6 34 23 15
21 16 16 20
23 43 12 21
46 8 23 14
24 47 20 42
14 7 21 29
25 9 40 16
36 9 13 19
20 20 6 28
23 25 40 39
29 11 16 23
31 31 28 28
24 25 20 21
33 10 27 8
29 30 37 17
24 12 9 25
15 16 29 9
30 32 43 29
3 27 20 43
43 13 31 7
22 25 27 24
25 4 24 33
15 31 25 44
37 46 13 36
41 37 27 15
5 22 17 10
46 31 5 16
13 1 11 28
18 2 24 17
6 40 3 27
2 36 13 2
24 31 19 18
42 37 17 31
44 38 29 16
21 5 20 31
7 6 20 24
15 20 31 43
12 10 24 29
2 22 5 25
16 17 38 7
34 29 29 45
21 7 21 31
25 14 20 39
35 36 18 0
33 17 11 29
15 49 30 27
41 37 2 23
27 46 26 15
6 20 12 29
8 12 32 26
25 22 3 40
3 14 30 9
28 37 5 19
13 4 15 21
17 41 24 17
33 33 8 43
39 12 32 39
20 0 14 17
17 25 10 31
20 4 35 41
31 40 23 14
38 36 18 44
28 29 23 14
21 2 24 5
31 43 4 25
45 36 3 37
32 24 23 29
45 11 10 33
29 36 41 25
13 43 29 4
39 23 15 44
2 14 23 5
9 21 38 12
19 8 28 34
6 34 25 31
4 34 13 24
12 17 15 29
17 12 22 24
44 15 18 15
17 33 35 37
14 25 6 47
46 10 8 12
15 37 48 38
37 32 42 32
7 19 1 48
16 41 9 24
10 15 35 40
12 39 16 0
47 17 33 24
23 47 15 29
47 19 8 33
9 0 18 24
19 25 21 28
26 11 24 29
48 8 23 46
5 42 14 23
45 31 23 48
7 13 30 40
20 2 25 21
8 4 40 24
0 5 27 17
43 30 6 30
21 3 19 9
5 6 19 49
42 43 30 31
49 19 23 21
32 29 6 9
6 5 10 24
13 19 16 10
41 11 31 27
10 12 35 12
11 46 15 38
3 5 2 23
13 20 13 42
28 19 14 10
2 10 18 34
19 15 24 37
9 22 6 33
23 7 27 39
11 43 29 24
47 7 31 44
18 14 17 33
8 34 35 36
14 15 29 46
46 16 15 26
46 6 48 25
12 34 10 31
26 34 16 45
44 34 29 29
19 15 27 38
5 24 28 8
6 37 20 27
6 12 25 8
28 47 22 5
31 0 22 36
4 39 5 48
7 40 14 41
27 35 20 20
10 6 37 30
6 31 36 49
18 18 17 46
44 19 28 17
16 26 14 13
44 24 29 29
12 42 13 18
31 1 17 9
13 39 18 25
8 13 26 28
2 17 7 28
14 15 37 5
15 9 33 19
16 9 42 3
44 26 17 31
43 10 14 14
19 20 24 21
48 8 16 23
44 7 43 26
9 0 21 37
2 31 29 21
25 25 29 26
45 9 6 9
9 39 13 18
31 15 32 19
19 9 20 28
37 11 20 35
30 20 10 24
18 3 43 46
1 35 13 25
26 24 12 20
9 34 23 21
36 2 19 29
17 10 17 39
28 23 29 30
18 29 38 21
10 31 23 27
25 24 10 23
45 15 10 26
12 32 29 40
21 32 13 22
13 30 11 37
49 20 39 16
5 32 24 39
12 18 36 35
48 30 41 31
6 33 29 36
8 42 21 26
43 10 19 28
17 0 14 34
46 13 31 25
42 44 31 26
19 9 36 24
8 35 28 18
39 9 25 16
19 22 18 12
17 44 36 10
39 31 10 23
24 21 26 18
30 9 21 33
44 3 23 13
43 25 36 16
5 22 10 29
47 10 36 28
26 38 12 36
17 6 29 37
37 37 30 31
13 13 29 29
23 25 18 23
14 11 31 21
49 37 16 23
36 43 14 47
10 10 21 26
10 34 18 28
11 42 7 31
9 39 31 33
16 43 12 37
29 33 17 21
5 7 36 7
45 13 12 12
22 21 40 12
16 11 28 27
24 10 22 16
24 8 14 23
45 12 24 34
23 23 35 35
22 3 28 27
11 40 31 24
23 40 5 29
42 29 14 44
8 32 21 17
10 42 12 23
17 12 31 44
15 38 26 30
16 13 12 39
41 13 35 25
5 24 24 14
22 17 44 33
28 18 10 20
11 13 21 16
22 22 30 30
41 28 34 43
8 31 45 23
6 20 2 44
9 42 24 44
39 5 10 17
23 26 13 40
22 12 36 24
23 16 6 30
21 6 15 16
12 32 27 43
19 8 16 10
47 11 17 9
4 38 7 47
40 27 11 8
39 8 11 11
40 28 6 29
12 24 26 45
49 15 13 31
15 20 3 28
35 1 20 25
44 27 10 32
47 31 26 35
21 33 21 39
17 7 17 19
17 26 14 14
48 36 27 21
28 26 30 47
6 20 25 23
22 10 26 18
41 23 32 46
45 9 13 36
2 6 10 33
14 21 22 38
4 9 13 28
22 15 18 41
3 37 23 45
1 21 9 32
12 5 5 35
12 40 22 29
12 36 20 37
27 28 23 32
6 15 14 26
12 32 44 35
12 42 27 20
36 10 4 25
43 15 5 25
0 25 23 16
10 8 23 21
21 21 20 32
38 27 16 9
45 26 8 25
12 12 20 29
33 17 32 30
11 37 28 42
44 35 13 23
18 18 23 28
18 7 22 16
18 35 29 18
21 15 26 42
18 35 24 38
47 8 28 26
41 10 8 41
27 40 10 13
39 22 26 22
12 42 16 33
27 33 38 30
47 30 19 45
39 17 13 26
26 22 31 45
39 41 9 27
35 34 40 14
15 32 39 17
40 7 10 21
42 35 14 37
15 34 39 41
3 7 24 32
15 15 12 20
9 43 24 25
0 41 43 36
