50 1587 19917 800
28 44 37 44
15 31 29 30
28 10 20 43
24 39 29 20
27 35 7 41
15 21 37 34
25 13 9 34
30 2 32 27
35 48 41 23
18 38 31 35
29 0 9 37
11 33 18 33
36 1 3 20
10 41 42 32
35 5 28 33
33 10 32 32
49 38 44 22
18 34 33 30
17 38 49 34
33 8 21 32
22 39 43 21
36 6 46 10
17 20 12 37
34 13 4 22
37 6 8 34
11 10 46 27
13 6 29 32
25 30 27 39
13 46 26 38
24 40 43 33
28 13 48 27
23 36 46 26
0 47 33 35
31 37 7 36
3 44 36 1
9 6 17 31
33 13 29 33
22 25 41 26
8 46 16 45
37 21 32 31
27 8 23 43
43 39 28 43
18 29 38 29
44 17 16 25
17 47 2 27
40 3 28 31
32 8 43 39
16 32 28 37
38 1 34 34
9 45 2 26
40 12 35 8
36 23 33 29
40 47 37 37
49 8 28 42
30 5 25 46
21 1 15 29
16 15 32 33
34 7 34 26
9 28 39 16
9 43 43 17
35 3 34 31
19 42 48 15
2 49 3 40
24 38 13 28
39 33 31 28
11 14 8 30
18 32 28 33
19 37 49 26
19 31 21 1
34 9 2 40
27 14 17 24
31 4 24 9
14 48 32 1
36 11 15 45
12 5 39 24
22 40 25 32
26 3 16 40
34 39 24 40
23 6 29 33
14 45 35 25
36 14 30 34
32 5 34 33
36 5 28 21
19 39 35 37
36 7 29 32
40 9 34 31
37 10 23 48
29 7 35 32
6 46 47 23
35 6 25 19
33 7 31 37
49 42 28 47
29 9 40 18
13 19 20 39
2 28 38 33
31 8 20 29
11 45 47 29
39 8 37 18
27 2 34 30
21 47 14 7
12 37 28 29
35 27 47 18
42 26 20 18
31 13 40 25
3 39 33 28
15 25 31 29
43 7 32 40
19 34 12 17
32 14 21 41
37 8 17 47
15 31 31 35
16 42 37 32
28 26 30 29
33 15 30 34
15 1 21 24
37 12 42 21
12 1 31 33
26 12 41 31
23 11 27 21
40 9 43 33
7 32 18 40
7 40 22 35
18 34 3 17
25 21 31 15
3 42 48 32
21 33 32 31
8 46 30 32
45 29 28 35
27 23 26 28
18 45 30 31
6 46 31 35
11 41 18 35
25 28 17 27
2 45 40 49
25 14 35 34
34 4 38 13
24 31 26 35
6 6 30 28
37 36 40 25
17 0 29 18
44 45 20 30
11 38 6 25
14 44 11 36
20 47 26 13
26 8 32 31
49 29 45 20
22 12 29 40
37 5 32 30
33 12 38 36
37 10 23 42
33 9 6 28
30 13 29 32
18 29 35 28
38 9 10 48
25 32 33 33
19 48 37 11
10 41 48 36
21 47 29 25
45 30 14 18
12 32 32 38
22 10 49 34
48 31 39 23
24 12 26 30
42 42 31 37
26 12 9 36
37 34 47 20
10 42 32 29
28 32 35 32
38 11 30 33
24 41 29 47
19 39 21 25
15 36 33 48
19 40 16 45
17 41 49 13
36 9 38 34
25 4 30 19
17 1 48 29
31 8 5 47
32 9 30 29
19 41 9 44
29 43 49 20
11 13 10 41
13 30 32 35
31 39 39 35
8 30 32 35
21 39 31 32
49 39 33 30
36 11 12 38
28 31 49 34
9 45 36 5
22 39 9 31
12 35 19 14
15 39 26 36
37 3 47 18
42 6 45 25
31 26 49 25
35 0 26 3
34 9 29 47
27 36 20 25
34 6 34 31
34 48 25 23
46 24 23 23
19 46 5 28
35 9 33 49
14 32 41 15
24 10 17 28
11 44 26 34
40 42 13 15
32 12 30 36
22 4 13 42
49 10 47 16
10 45 42 22
46 40 27 22
47 13 15 35
5 38 34 30
34 11 33 6
33 1 41 31
32 23 36 26
33 8 26 26
11 40 13 34
3 37 41 8
17 35 34 38
44 24 10 43
24 20 41 37
21 19 21 41
23 7 29 31
34 48 14 37
14 39 42 21
23 5 34 40
8 41 25 38
6 45 8 38
31 24 40 20
34 10 30 31
27 38 32 33
19 47 21 42
33 1 43 18
38 2 20 46
28 16 47 32
22 35 31 26
33 3 35 12
19 11 9 27
26 38 20 28
22 33 37 31
29 4 33 12
34 12 30 32
19 32 23 43
46 34 35 38
11 38 21 43
12 41 26 4
31 3 24 33
34 9 23 28
34 10 24 9
38 5 5 48
7 46 40 24
26 2 29 32
37 4 36 35
28 12 32 33
24 41 41 11
40 3 25 22
33 17 13 21
32 11 19 43
24 34 14 36
46 46 30 33
37 6 8 48
31 38 25 38
19 5 26 24
12 33 7 48
20 6 33 33
25 40 24 34
15 37 35 44
5 40 29 28
46 35 28 37
23 35 32 35
10 38 28 18
8 38 43 24
46 36 38 34
31 1 22 21
25 8 23 36
19 30 30 29
47 35 9 38
12 8 34 39
33 5 16 31
34 8 17 36
16 33 29 41
36 4 29 39
5 46 8 40
11 29 42 28
9 3 30 29
29 11 16 15
7 37 29 37
35 2 23 29
27 9 6 42
7 39 31 36
6 47 28 27
15 19 43 25
27 21 23 43
6 44 17 42
35 20 28 31
34 0 4 25
35 3 43 18
10 46 40 22
20 41 32 7
10 45 15 32
37 6 37 22
25 16 8 42
10 47 28 35
35 10 17 30
12 3 34 28
34 11 32 32
20 45 41 26
31 17 30 27
23 47 29 30
12 18 34 26
16 38 24 39
25 21 18 24
25 5 16 47
47 26 23 26
1 49 29 47
32 9 5 43
32 8 33 32
13 6 9 35
32 5 9 39
35 8 27 34
35 8 36 33
42 33 34 27
33 43 44 15
14 8 29 30
11 38 33 34
33 7 11 8
9 30 18 17
46 28 25 29
37 6 25 29
19 47 14 21
43 9 29 34
4 35 33 33
23 33 12 18
29 5 36 9
9 44 25 25
23 20 32 18
24 40 2 8
3 46 24 30
11 47 30 31
22 6 49 24
43 22 8 38
30 8 31 35
48 7 33 31
38 7 22 10
30 9 31 40
16 19 47 15
11 45 25 38
11 33 32 31
19 44 5 32
34 7 17 40
24 7 32 33
22 31 6 37
24 18 12 46
32 14 17 35
6 24 29 33
36 12 30 27
22 8 31 29
16 33 32 43
13 15 30 27
24 29 2 36
37 0 29 31
14 22 4 42
30 5 33 31
17 43 3 48
23 0 21 25
14 7 31 33
10 39 28 17
16 29 38 32
7 46 30 31
37 0 24 49
12 39 42 31
21 40 27 34
34 14 29 31
4 49 30 30
37 37 29 34
33 22 26 7
20 28 29 33
14 42 46 25
4 38 32 28
26 37 19 48
43 0 46 17
6 45 49 37
18 45 42 14
33 11 25 5
9 41 31 29
38 4 20 26
38 2 47 12
25 0 28 29
14 48 29 31
12 26 27 39
22 20 44 18
36 26 26 21
29 7 36 37
48 12 30 26
14 40 8 48
39 4 32 32
45 35 4 44
29 12 29 21
20 9 16 11
16 17 26 27
12 45 6 38
14 38 37 12
35 13 25 14
24 37 19 36
38 1 42 23
36 12 26 45
16 7 45 11
21 36 46 37
18 39 32 39
17 6 21 31
27 8 1 44
44 19 36 17
13 47 16 38
26 39 33 38
12 44 35 30
27 4 28 41
36 3 8 39
33 8 29 35
36 13 34 36
15 6 49 33
27 10 42 8
37 6 13 20
16 29 41 13
28 9 49 20
18 41 49 45
13 14 45 29
24 28 8 34
15 46 31 32
5 42 34 31
29 14 49 14
13 3 35 29
37 4 39 39
23 14 35 33
38 5 28 32
17 40 9 26
18 6 2 44
16 6 35 35
31 41 10 35
34 12 17 48
28 48 39 48
37 8 1 41
25 3 46 26
32 9 33 31
34 35 26 33
20 35 16 25
34 9 31 48
23 35 35 35
30 18 45 14
14 19 2 38
26 9 48 16
9 32 36 36
31 2 31 30
20 2 26 0
20 31 41 29
13 29 43 24
49 43 31 36
28 8 29 25
22 6 38 32
31 4 37 34
16 44 36 26
20 37 10 47
33 42 30 33
11 38 35 16
10 39 28 34
47 29 18 42
38 1 21 4
36 6 21 46
32 9 40 10
5 36 24 42
18 15 6 36
39 6 32 30
33 3 27 30
7 41 34 32
0 33 30 32
26 1 31 31
10 47 29 32
36 4 40 15
24 44 33 38
17 39 12 25
24 38 38 20
30 7 13 18
37 14 28 30
19 39 2 17
17 37 15 29
14 45 23 36
34 7 26 34
34 0 32 33
8 48 29 41
28 17 33 33
21 43 46 22
25 37 47 18
41 6 43 28
21 3 43 33
15 41 15 34
1 38 19 42
17 24 43 16
21 2 36 19
12 32 19 43
24 39 17 43
30 21 15 47
13 31 4 27
32 3 26 24
30 9 28 31
41 47 10 21
35 4 7 27
19 33 6 34
21 34 22 17
22 20 21 31
31 11 48 19
17 39 49 33
11 39 38 18
16 49 45 47
26 46 20 20
11 14 35 29
33 5 49 15
17 36 32 15
0 45 36 34
35 5 37 22
41 5 38 20
26 46 37 33
21 39 31 28
7 34 45 8
18 41 11 23
36 13 29 35
19 39 4 27
11 20 11 42
33 6 34 32
29 14 47 26
12 36 35 29
18 40 27 35
35 3 4 30
7 44 30 31
24 25 9 35
36 4 35 25
13 40 22 33
37 40 18 42
44 30 17 47
19 35 5 38
32 24 47 27
37 1 14 36
32 31 13 19
41 44 37 33
17 37 43 25
17 7 5 46
39 34 35 30
35 15 26 31
35 3 48 9
14 49 30 33
20 34 24 36
31 3 33 36
36 3 9 26
40 33 32 31
19 34 49 22
23 34 49 26
19 41 32 40
38 22 22 25
38 10 31 27
23 39 29 35
24 22 36 24
18 37 23 43
21 13 30 32
3 10 16 42
30 46 33 32
25 40 47 26
31 13 29 32
36 46 7 41
19 26 30 36
24 32 48 23
10 33 25 39
20 46 34 32
23 29 28 35
8 39 30 36
34 1 33 34
34 5 18 25
5 38 30 16
36 4 31 32
7 46 37 22
30 7 42 35
23 39 37 22
39 8 12 41
44 32 20 24
34 37 35 29
26 15 8 44
39 2 26 30
35 4 32 40
8 41 29 33
29 11 14 22
2 48 17 35
46 8 30 24
41 6 23 15
35 13 40 38
17 45 46 16
18 32 21 43
8 3 10 46
37 32 21 25
29 3 40 24
34 7 32 35
8 37 42 20
32 15 6 43
24 49 41 23
23 44 25 23
25 19 3 39
16 33 40 18
21 35 33 31
28 17 27 32
30 5 28 37
19 1 35 45
32 17 22 36
14 49 9 45
6 35 14 29
16 6 49 14
33 26 12 44
34 5 26 36
2 47 7 19
36 5 14 17
2 43 17 35
27 11 40 26
27 43 26 30
9 37 3 35
30 32 35 30
0 44 31 33
38 10 45 9
14 48 48 24
24 32 12 43
32 3 28 32
14 36 39 30
20 32 28 33
12 35 14 39
19 46 16 36
25 7 7 31
16 33 17 48
29 44 28 32
21 30 28 8
34 9 40 8
39 20 36 35
37 37 47 46
19 18 32 31
28 11 34 15
35 9 34 35
13 3 28 34
8 19 33 32
18 13 34 30
6 44 32 25
22 48 33 29
15 17 8 17
34 8 20 34
28 3 35 45
10 45 29 31
30 6 42 34
20 29 33 43
34 11 31 6
5 49 34 40
25 28 44 28
10 11 23 40
12 42 43 2
20 31 8 36
36 4 45 20
27 23 14 20
18 0 36 25
22 40 23 19
31 28 45 11
15 41 32 38
25 5 21 36
1 44 15 36
25 17 30 32
25 24 6 42
42 4 43 20
26 34 9 19
26 28 27 5
12 42 30 37
8 28 33 47
23 39 36 29
27 6 17 38
41 37 17 48
17 40 26 41
13 14 36 29
38 12 0 40
21 18 15 10
45 24 8 15
32 9 6 19
24 21 26 32
40 42 0 35
34 5 49 24
29 24 6 43
23 33 32 35
26 13 5 46
32 16 32 32
31 7 42 11
36 2 48 14
28 12 15 48
36 41 18 37
32 22 40 27
22 31 44 32
16 4 39 34
32 9 40 13
33 13 30 41
11 34 24 49
43 0 31 29
14 46 34 8
30 12 23 36
35 32 48 30
23 21 3 46
8 49 24 33
13 42 34 33
10 39 22 34
36 0 29 37
25 6 11 35
10 40 36 34
11 38 6 36
20 10 11 49
33 7 47 28
31 11 31 32
7 41 4 31
37 42 30 27
13 39 37 36
31 38 2 44
41 37 14 31
4 44 34 41
18 3 12 43
37 43 30 38
17 46 19 40
37 8 29 31
31 8 27 32
17 0 42 22
16 46 29 43
17 24 29 31
21 5 49 27
15 8 25 31
2 46 29 31
21 10 32 30
43 31 17 48
30 11 3 33
13 36 29 36
28 4 45 32
38 2 37 37
35 3 21 44
16 34 38 37
24 38 15 41
15 8 3 46
32 8 31 30
39 4 11 31
33 7 31 35
13 10 21 41
36 5 27 37
17 7 12 44
24 41 17 34
12 12 11 47
12 34 26 35
27 15 34 37
33 11 7 31
10 40 45 22
21 36 30 25
33 9 6 40
25 7 32 29
21 22 40 39
10 32 34 37
17 42 23 46
35 5 4 48
1 45 29 29
1 44 26 33
9 43 33 33
20 37 32 0
19 12 15 41
42 43 48 21
36 31 7 28
32 6 36 25
41 27 20 45
31 5 41 16
17 8 31 30
18 44 40 43
28 42 0 36
15 47 15 24
35 7 29 30
16 1 24 24
21 35 30 33
8 37 6 27
29 5 44 5
2 42 45 28
15 23 35 44
17 33 27 31
36 8 39 14
37 8 38 34
15 45 38 38
25 13 11 21
26 35 13 48
22 21 14 39
35 3 12 36
42 12 47 31
32 10 48 30
35 14 29 34
15 18 37 44
30 7 42 29
14 38 12 25
27 9 4 22
36 4 18 39
29 8 47 13
2 25 17 36
30 13 46 33
47 43 43 18
21 14 20 41
36 8 43 18
36 29 21 44
4 5 29 43
8 10 34 36
38 7 41 31
48 48 44 23
30 15 29 29
19 41 15 7
19 38 15 40
47 14 47 32
37 32 27 38
24 7 21 38
10 30 34 34
29 17 22 47
22 41 21 35
18 35 25 1
11 36 33 14
43 40 28 30
35 1 27 42
23 33 4 21
5 40 35 42
28 18 47 40
24 47 18 34
41 14 43 35
46 32 33 28
32 5 34 35
35 9 45 27
42 8 7 48
32 0 32 22
21 34 26 26
30 10 23 18
2 44 9 13
29 9 15 42
38 8 30 36
28 8 4 42
28 32 12 36
25 4 39 16
2 40 14 23
34 23 29 33
4 35 28 27
3 10 49 14
13 38 22 47
39 8 32 30
38 7 10 48
41 39 12 36
47 11 21 33
23 9 10 42
33 8 13 49
14 43 30 34
0 48 44 17
14 37 35 35
14 44 33 39
22 44 38 36
46 22 47 17
6 42 32 31
14 42 7 38
25 39 6 29
35 5 4 44
16 33 10 35
15 2 12 40
11 31 33 35
13 27 6 43
34 7 28 27
24 25 21 29
14 47 42 43
39 7 28 30
10 6 7 41
29 12 8 44
23 44 30 25
24 15 37 43
15 48 12 33
37 2 31 34
39 2 23 24
18 15 5 20
16 40 30 38
33 8 13 28
27 34 44 25
19 37 13 22
2 49 47 7
19 38 29 45
25 39 34 28
22 37 33 31
36 6 24 23
31 5 30 32
7 41 33 45
36 44 7 41
11 38 21 30
14 19 38 23
14 44 44 26
37 42 36 34
32 6 39 28
14 24 28 32
28 35 29 40
31 32 20 36
4 27 23 23
24 5 31 38
22 42 25 32
32 7 30 31
34 3 7 39
13 47 35 35
20 3 10 32
5 47 32 36
37 12 30 30
46 27 40 41
28 25 36 37
15 13 38 25
26 10 3 31
37 8 38 34
33 3 45 38
12 42 26 30
36 4 12 19
6 48 28 30
35 12 6 48
5 3 23 41
13 44 32 46
15 41 22 43
1 38 29 31
40 3 28 33
3 46 41 23
16 18 31 32
19 20 21 35
17 46 28 31
33 5 23 27
36 31 33 40
11 30 33 35
35 2 29 33
24 10 25 23
49 5 22 12
32 15 18 26
31 6 48 20
22 8 17 29
15 35 30 36
22 41 48 36
18 22 39 21
15 46 3 46
6 38 9 45
16 36 29 31
16 1 15 48
30 11 39 26
36 7 42 43
35 0 34 34
8 40 13 24
14 5 31 35
33 9 28 48
19 29 28 22
7 40 22 47
38 1 23 36
22 0 33 31
20 38 32 17
19 13 41 37
8 19 27 28
34 8 28 47
21 26 15 19
29 5 28 36
41 17 30 31
17 14 46 22
35 10 22 36
29 5 25 16
15 36 5 42
37 5 20 26
1 44 24 35
12 49 43 17
21 28 18 1
20 42 7 45
7 31 1 43
9 39 18 33
16 34 33 45
36 7 27 36
12 12 14 33
21 6 3 38
25 32 33 48
11 46 29 24
32 1 32 28
41 36 16 46
33 0 43 25
35 2 42 40
38 6 27 35
32 6 18 37
36 5 21 23
38 4 41 29
24 15 24 22
37 14 23 30
19 37 49 12
32 4 17 21
27 9 34 30
26 10 29 29
21 48 30 34
8 36 25 24
13 47 10 44
37 3 32 28
15 42 7 47
30 35 6 43
39 4 6 39
26 10 47 17
5 46 32 21
12 20 30 31
28 8 44 27
26 39 39 38
35 7 9 44
48 28 26 47
45 35 30 31
16 40 4 40
24 48 48 33
35 1 32 32
6 38 34 47
16 45 30 32
11 44 24 3
36 32 15 37
27 44 33 36
31 7 14 49
48 46 35 29
15 27 27 29
17 13 37 31
26 24 9 25
12 31 33 43
31 47 42 23
43 43 48 24
37 9 6 39
29 40 26 45
4 42 33 11
31 19 11 36
13 28 11 34
33 19 40 27
37 0 28 33
31 5 28 34
24 47 27 28
35 5 43 21
20 26 31 37
45 19 2 39
30 9 41 36
16 34 23 31
13 42 6 38
23 42 29 28
14 28 29 42
29 22 8 42
42 2 33 4
19 41 26 23
13 48 23 44
17 42 16 23
46 42 18 26
41 19 31 35
31 15 31 30
17 12 27 33
24 37 32 39
25 48 6 24
32 2 38 48
25 45 26 40
23 49 30 32
24 8 40 23
3 46 6 38
33 20 10 41
32 0 15 47
23 6 28 46
32 15 15 43
12 31 25 3
12 46 20 47
6 32 35 32
24 21 38 31
9 23 41 32
13 15 42 35
35 3 42 22
38 8 23 44
28 8 39 14
29 20 22 32
33 6 30 31
33 2 18 40
27 4 31 26
16 34 41 22
34 1 46 31
34 14 10 40
30 9 20 25
12 11 3 40
26 27 37 23
13 38 24 4
36 5 31 31
2 47 33 34
31 13 27 49
23 3 6 28
5 36 26 40
32 15 44 24
26 16 31 44
6 43 41 9
31 2 10 37
8 40 32 27
26 40 27 34
14 32 9 39
15 35 19 39
14 39 12 33
21 34 29 26
30 5 26 42
12 27 35 35
40 8 31 25
16 21 28 46
34 10 35 16
19 38 39 36
34 11 19 34
28 20 44 30
26 12 35 21
37 0 16 22
34 35 27 39
38 2 9 43
20 45 21 25
34 5 23 35
12 42 33 31
49 47 31 35
11 41 30 32
21 7 9 43
36 18 35 28
34 22 37 27
0 34 8 37
8 43 42 23
35 0 12 25
39 4 20 39
25 36 14 37
8 32 35 46
32 1 24 20
18 49 35 30
12 45 49 30
1 35 34 12
31 35 35 30
20 30 34 45
11 39 46 32
27 32 48 18
24 13 32 32
24 7 28 34
39 7 30 31
23 5 41 37
38 6 35 24
25 9 26 26
17 6 28 37
27 0 29 33
36 9 27 30
35 10 40 15
35 0 30 39
42 25 31 23
1 45 12 25
11 44 10 48
34 3 1 17
29 12 26 42
18 15 15 31
11 38 33 24
25 38 4 42
36 3 49 19
10 45 31 26
35 48 44 31
33 6 44 18
33 8 18 14
36 0 18 45
30 7 1 39
23 32 32 34
15 27 32 37
14 40 28 47
36 9 16 44
14 33 11 27
42 17 29 35
29 46 41 30
18 37 19 24
27 24 27 38
7 34 21 49
21 5 30 33
19 37 30 33
30 6 21 49
23 10 28 10
19 0 14 27
17 44 15 33
20 18 26 29
28 44 3 39
5 29 21 37
10 9 19 36
31 3 36 32
36 41 20 32
10 26 39 30
35 6 24 48
2 48 20 26
37 0 9 46
39 45 33 28
15 42 46 25
20 39 33 30
31 7 39 20
49 37 13 34
17 33 26 32
16 41 39 39
32 23 48 10
21 34 9 9
31 5 18 40
21 44 33 21
47 34 27 21
39 6 26 42
27 41 31 39
34 2 41 23
16 36 29 27
18 0 37 30
28 9 27 15
35 4 30 17
41 16 5 42
16 35 30 34
29 35 31 32
24 0 49 23
21 27 25 28
21 15 27 26
15 38 22 21
29 2 22 39
4 42 24 22
40 12 32 31
26 5 28 26
9 49 13 27
11 49 24 35
44 28 8 26
37 3 22 20
36 10 29 32
20 41 32 32
21 49 44 27
19 5 8 39
22 43 24 9
14 48 49 35
46 48 30 31
13 3 36 32
31 6 17 29
17 21 19 45
38 23 27 27
36 5 32 31
39 33 34 40
15 47 47 32
27 36 36 33
16 30 12 27
11 31 44 46
32 11 39 4
7 8 6 41
6 33 48 31
40 25 33 37
28 9 31 32
4 49 36 30
20 11 30 9
14 49 29 33
9 39 40 30
26 35 26 15
20 4 48 31
30 2 39 30
36 8 18 38
31 4 6 14
21 18 31 34
17 43 26 14
15 40 5 26
13 32 42 1
15 44 42 38
15 14 37 34
29 9 39 29
9 4 15 37
37 0 25 40
13 38 33 34
19 33 49 32
40 46 29 39
22 13 30 47
5 29 15 24
13 45 49 41
25 1 0 38
26 15 6 26
34 3 38 24
33 7 32 35
11 42 29 36
17 39 36 20
36 32 6 36
20 35 45 27
35 8 41 23
13 40 33 29
34 41 32 29
11 0 18 30
35 8 34 33
3 3 11 31
25 12 49 36
23 40 46 24
14 42 29 45
5 38 35 47
41 32 17 40
15 27 31 28
24 32 31 22
32 7 32 33
37 2 15 35
46 46 15 37
41 15 31 20
32 25 33 33
17 38 45 27
15 4 46 33
34 30 17 45
23 15 29 32
28 33 28 28
38 20 23 46
33 5 33 29
19 30 8 35
34 10 10 37
47 47 36 35
36 49 14 43
17 34 24 30
36 44 33 35
24 32 14 41
8 21 38 44
26 35 49 30
3 45 6 37
28 41 14 30
29 40 34 31
30 5 32 35
25 3 10 19
20 20 21 28
11 40 42 28
3 47 7 39
7 0 34 28
10 4 12 41
42 37 15 26
15 43 34 33
23 34 8 13
4 46 49 26
14 1 24 33
11 35 40 22
34 13 36 29
21 6 15 42
18 2 34 36
29 10 28 35
46 44 28 32
44 31 22 18
3 41 35 30
27 40 25 12
11 13 5 36
44 27 45 39
16 42 30 32
28 34 13 45
24 14 31 32
15 38 33 31
33 9 19 12
30 18 27 29
31 7 24 32
33 3 32 37
39 4 4 39
15 41 37 21
48 38 32 34
42 36 28 31
16 12 16 37
39 2 24 11
34 39 7 34
20 39 31 42
39 17 14 10
36 4 23 43
33 14 16 38
44 46 17 40
38 8 2 20
19 14 27 27
36 2 17 25
35 5 44 34
26 9 33 31
34 5 30 36
10 44 25 30
7 46 12 45
16 4 29 31
40 28 8 34
34 11 41 0
31 13 40 22
17 41 31 25
46 25 2 33
2 43 29 31
39 11 24 35
11 38 19 39
36 11 47 36
20 30 12 44
22 34 33 19
19 44 48 26
46 28 41 20
40 37 31 38
15 37 31 33
12 47 32 16
24 8 8 23
17 30 28 31
33 3 45 32
24 2 30 33
22 6 31 33
26 29 11 39
26 27 31 31
14 41 34 31
36 2 48 17
39 0 34 30
17 35 41 27
30 7 4 44
41 27 28 3
11 9 42 21
36 14 23 41
5 47 31 35
34 2 31 37
21 38 30 32
39 5 23 15
30 3 28 32
38 2 30 24
32 38 40 24
17 47 45 29
41 11 45 24
36 7 16 42
38 8 13 49
19 40 30 35
18 49 27 17
19 34 15 37
13 39 37 39
20 46 18 41
38 1 8 14
6 40 35 28
10 35 18 29
32 6 26 34
22 0 28 35
37 12 24 9
16 29 40 37
29 4 25 28
33 10 1 46
26 4 45 29
19 24 31 30
23 48 27 26
24 23 11 35
18 46 48 14
33 11 2 45
32 10 41 19
20 34 44 22
17 45 25 31
25 33 11 42
35 22 43 33
16 41 8 46
29 10 8 38
18 43 31 32
22 12 36 13
37 4 5 33
18 45 49 27
27 38 31 37
17 18 21 29
37 2 18 38
20 41 27 45
45 14 29 38
30 5 29 27
28 7 6 40
49 35 16 41
36 11 24 26
39 46 25 32
19 44 34 29
36 28 31 23
20 16 48 17
26 9 49 13
39 37 25 26
14 41 27 47
17 46 37 20
16 34 32 37
15 6 38 24
28 35 12 46
35 8 12 33
38 46 31 32
19 39 31 31
28 42 40 30
17 37 40 14
24 45 32 33
7 40 33 33
39 27 33 30
18 40 5 25
16 12 34 5
34 3 33 29
36 3 13 46
34 32 14 33
13 42 16 12
8 44 32 37
4 45 26 41
45 42 43 33
22 44 28 42
25 28 31 43
21 36 31 0
11 36 44 23
34 3 3 38
21 42 29 32
36 34 8 38
17 40 24 34
41 8 36 29
9 44 17 46
11 32 31 12
33 31 30 25
19 6 35 25
41 4 29 23
35 1 9 46
35 4 42 24
48 15 33 34
15 36 33 32
3 45 34 42
8 36 21 47
15 47 19 1
5 41 14 43
19 10 12 42
18 4 36 22
49 47 30 37
16 37 36 33
35 6 24 34
34 7 15 32
28 3 30 33
18 30 15 39
4 48 31 34
10 44 45 22
16 44 45 29
16 46 45 30
30 23 11 37
38 10 36 23
15 37 28 33
30 7 12 45
13 44 21 29
16 45 12 46
7 36 35 36
10 15 39 29
14 45 26 16
40 40 31 21
20 3 47 23
39 28 30 35
24 11 34 43
36 3 32 32
20 24 35 32
25 43 28 33
5 30 19 29
35 1 24 18
14 36 12 28
22 8 30 30
4 40 29 37
36 4 31 31
27 13 25 18
31 2 32 30
34 3 33 37
9 47 34 31
15 47 18 29
10 44 36 35
39 11 13 23
3 44 31 30
32 2 18 27
13 47 47 19
31 11 17 25
24 34 11 37
12 42 31 38
10 43 27 33
44 48 5 36
11 47 35 33
37 4 18 44
16 42 47 35
27 4 23 35
31 25 28 31
30 39 2 34
41 5 34 25
23 7 25 30
10 35 48 35
34 40 28 31
34 47 6 22
33 41 23 33
26 22 6 41
34 6 32 41
21 29 24 32
19 23 43 23
24 26 14 38
33 13 25 34
1 42 28 25
45 27 27 38
8 1 38 5
37 8 28 48
30 7 34 45
33 5 26 14
19 5 2 49
19 40 4 43
31 10 7 49
21 34 33 10
25 43 26 48
43 23 29 25
29 24 38 12
40 5 26 42
17 41 1 37
22 7 37 34
17 44 6 27
22 49 16 46
19 33 40 28
30 30 18 41
11 40 5 42
7 44 25 42
32 14 11 39
32 10 17 49
35 10 31 33
12 6 2 33
29 30 27 47
20 16 27 31
14 46 32 28
17 34 36 32
28 38 33 28
18 45 14 46
33 8 30 33
