50 147 16120 800
17 5 8 12
23 46 25 12
18 12 35 15
25 21 46 25
35 6 24 3
17 37 45 30
24 24 44 35
19 32 12 8
27 36 23 9
18 39 28 4
32 0 27 33
23 34 46 15
39 23 23 5
45 37 8 17
45 48 5 22
20 48 7 7
12 45 38 38
12 30 0 10
11 30 32 15
37 48 15 22
43 41 4 9
43 31 27 35
49 45 37 29
21 10 41 45
14 18 6 21
29 28 23 6
30 45 33 29
39 21 27 13
13 33 38 21
12 31 10 3
13 15 7 17
38 2 43 36
29 23 1 3
9 7 42 28
35 2 45 24
33 5 36 9
0 36 17 13
33 4 27 23
26 20 31 7
30 40 18 7
26 11 15 9
13 22 1 13
33 43 36 34
45 41 46 28
6 18 26 29
32 34 37 40
15 25 35 34
13 12 30 21
47 42 27 14
26 17 17 18
28 41 39 35
12 31 11 14
8 35 7 3
30 15 31 8
27 19 5 5
14 25 27 30
13 13 6 11
17 21 23 27
18 7 14 21
12 35 46 46
13 15 28 18
10 13 39 29
15 35 1 4
7 6 22 17
22 30 42 47
17 32 13 13
38 31 45 25
38 43 35 36
46 44 25 11
6 15 30 35
36 12 34 48
20 16 30 24
37 4 25 4
28 12 45 40
19 27 24 23
24 38 31 37
37 11 18 13
34 33 47 33
9 42 37 19
40 40 34 29
2 16 34 10
42 46 30 8
29 26 32 19
43 38 3 18
49 37 20 47
33 17 40 30
24 18 47 31
36 1 35 10
35 33 22 11
14 33 44 39
32 4 39 10
29 29 15 20
19 40 36 7
48 42 41 46
28 40 16 4
26 41 30 36
21 10 8 20
21 8 43 10
40 16 44 42
22 24 11 21
30 17 42 39
28 6 10 13
46 43 9 7
10 17 48 24
21 24 29 43
28 14 24 15
27 8 46 21
17 5 33 22
34 47 3 13
47 45 32 19
5 27 41 23
16 11 35 18
28 39 15 2
13 36 14 9
12 22 25 22
13 29 10 24
17 34 12 25
14 29 32 8
21 32 44 24
15 29 29 20
31 18 19 34
30 34 20 20
20 10 32 14
17 47 28 44
13 29 42 38
27 12 25 21
17 15 34 12
19 21 38 35
38 36 28 4
13 31 34 31
5 12 16 1
24 38 44 15
17 36 13 10
14 10 38 20
48 42 39 3
25 42 12 7
48 35 39 27
18 23 39 32
20 40 22 21
27 34 36 25
29 10 7 12
12 20 2 13
16 43 7 26
22 43 37 9
25 11 21 36
27 27 29 21
16 34 13 36
