50 619 17375 800
8 20 25 22
39 18 21 21
42 9 20 26
2 7 45 19
26 0 5 7
19 44 46 11
37 20 20 23
6 41 43 13
19 7 13 15
3 18 21 24
5 43 25 26
42 29 31 26
25 1 3 11
12 46 30 32
42 23 20 20
16 12 23 27
14 49 38 41
28 16 24 23
31 18 7 25
16 44 16 27
45 18 32 20
48 39 10 17
40 27 32 23
22 30 43 6
33 30 12 18
8 33 18 20
43 25 16 27
40 8 20 25
35 17 0 6
39 23 41 32
36 20 14 4
13 45 18 22
35 24 6 24
33 26 18 25
47 37 9 32
6 0 16 10
29 23 14 15
4 42 32 15
11 2 37 14
15 10 35 0
44 20 14 20
37 19 10 22
34 23 21 23
49 40 22 20
11 27 37 37
15 10 26 13
21 10 23 17
20 11 34 19
37 18 7 6
31 20 44 43
7 33 20 25
15 18 15 44
19 19 24 26
26 11 44 31
45 36 5 18
38 18 4 30
37 31 21 24
4 4 15 14
17 16 43 19
12 35 32 19
35 21 22 24
13 7 15 15
45 35 19 10
47 40 34 31
3 32 26 11
40 28 15 12
8 37 18 25
8 2 43 49
19 46 10 15
14 10 13 27
14 5 25 13
13 7 32 6
36 1 7 14
6 42 44 39
27 2 28 13
49 38 26 26
9 15 22 27
21 17 12 38
14 14 37 12
34 24 42 33
33 18 33 33
48 45 18 23
35 3 15 22
22 4 23 22
18 48 21 26
45 45 27 9
44 27 14 8
6 46 17 39
16 0 24 13
36 28 29 14
12 46 22 18
2 15 43 22
43 34 22 23
33 29 18 11
38 26 22 24
29 23 38 32
21 20 16 37
9 46 45 48
24 10 35 46
12 12 10 18
8 40 13 24
9 13 2 20
4 45 45 30
31 27 28 25
31 21 1 25
17 7 49 26
5 33 13 8
10 14 24 1
12 31 21 15
20 8 14 2
20 48 34 29
45 23 32 24
34 13 43 38
10 11 23 22
42 22 41 26
15 38 32 13
9 13 22 22
19 26 29 22
17 44 20 3
19 35 0 15
47 34 22 37
22 12 9 12
3 9 11 18
44 40 20 9
39 15 4 17
16 10 33 25
41 26 22 23
38 33 20 25
8 48 24 25
48 31 32 31
15 46 49 44
12 42 24 28
31 17 19 14
36 21 36 8
7 36 7 12
32 16 10 25
18 9 24 28
39 22 15 8
12 11 33 14
35 10 6 20
22 15 29 21
40 36 43 13
46 32 46 41
15 16 10 25
31 18 5 10
43 39 16 20
15 36 8 19
37 16 25 26
16 8 22 17
25 10 22 24
37 29 28 20
39 19 11 16
40 22 8 10
18 40 46 16
11 1 9 15
20 21 10 2
33 30 32 7
12 10 30 43
15 36 34 34
25 23 10 11
20 15 31 2
48 31 16 31
35 23 19 10
13 13 31 47
48 39 21 13
49 36 14 13
23 6 13 29
27 4 11 18
39 2 18 6
26 16 24 26
23 10 24 25
34 16 14 10
42 42 9 32
38 10 41 19
38 13 0 25
12 29 45 48
21 14 28 30
16 43 18 25
9 38 26 19
11 18 34 47
16 3 9 16
11 31 28 23
22 2 14 7
17 12 21 13
7 23 26 22
14 20 24 20
39 18 6 38
1 29 4 10
28 5 15 22
45 34 1 27
34 40 21 13
39 23 8 17
41 17 9 20
30 11 25 44
2 20 13 11
48 40 7 5
9 38 29 14
3 17 40 38
16 4 9 19
48 38 28 22
25 17 20 23
18 18 37 16
9 29 6 26
5 14 49 49
14 36 5 18
42 3 43 37
45 18 11 15
47 38 16 3
28 28 24 26
4 11 39 34
16 36 1 13
49 39 21 17
36 20 13 27
15 11 40 33
36 27 17 31
35 15 41 28
24 10 16 17
9 38 42 8
34 6 25 4
29 45 3 6
34 25 20 25
2 19 47 2
38 23 11 19
26 18 47 35
43 39 36 33
23 13 31 0
9 10 38 20
6 39 6 6
9 34 21 28
38 27 12 37
49 17 28 7
34 27 19 31
14 8 26 7
26 28 19 23
21 34 12 2
46 32 35 27
46 39 24 25
39 20 21 26
9 3 2 19
48 30 46 11
13 18 18 49
49 38 21 24
14 4 13 20
16 5 43 0
40 25 26 8
35 20 12 11
16 10 36 41
37 26 24 8
33 12 39 34
11 34 23 24
22 15 26 22
4 11 27 49
11 45 35 8
48 37 18 24
31 22 3 10
3 48 28 11
49 32 21 16
39 25 1 5
49 37 36 48
13 13 10 33
0 36 12 21
7 5 26 19
46 37 19 3
35 32 21 8
25 27 48 23
6 34 20 24
14 14 22 23
43 8 20 8
19 17 26 21
45 36 17 24
3 49 34 32
36 18 30 29
12 28 37 4
42 23 29 17
31 18 20 26
37 10 22 27
23 7 11 27
48 33 25 28
0 37 15 11
32 17 9 24
29 24 39 26
10 17 36 15
48 34 19 26
49 42 22 18
42 38 31 13
32 13 28 24
8 44 14 16
19 12 20 26
35 0 16 21
45 32 15 7
9 12 39 10
35 16 36 29
20 12 40 12
25 24 41 7
13 5 47 39
48 35 44 21
6 44 14 19
25 24 16 29
46 12 17 41
7 32 5 25
7 10 35 23
22 10 41 34
10 33 33 33
21 44 29 21
27 19 25 26
22 47 31 13
8 48 39 3
31 1 21 25
49 37 14 28
11 23 20 39
9 39 34 1
13 4 18 34
19 15 20 21
0 24 4 10
10 16 8 24
35 27 21 26
40 16 22 24
47 36 40 42
46 33 20 27
43 24 36 31
20 45 34 14
37 15 29 24
44 15 40 40
19 25 25 14
6 35 38 48
29 27 39 9
0 28 18 28
19 28 11 19
40 21 21 28
22 38 32 36
35 27 21 28
6 35 5 12
33 13 26 40
43 20 31 21
14 10 18 24
27 8 37 2
19 44 26 4
34 27 13 4
10 18 30 22
25 7 46 12
38 17 35 30
37 23 31 17
47 34 12 21
34 20 30 27
19 38 30 28
28 22 41 42
7 35 5 23
35 19 40 8
23 8 32 24
43 22 15 12
19 10 26 49
2 6 11 43
34 25 47 35
38 17 49 41
36 22 30 19
3 13 24 27
41 31 30 7
33 18 43 28
32 10 21 29
18 22 18 12
28 1 24 20
17 14 30 1
21 12 21 21
19 28 21 35
0 20 34 22
33 20 42 11
21 17 6 21
45 22 3 10
17 34 21 28
28 8 1 15
4 40 15 9
18 7 28 22
20 21 8 21
22 22 18 29
38 21 41 18
7 31 22 7
48 36 10 9
6 9 42 28
4 20 21 22
12 16 18 4
33 18 18 9
1 40 21 27
31 10 24 24
33 2 5 18
48 7 24 25
22 9 22 18
24 21 38 40
48 36 23 25
11 47 11 2
7 30 23 0
7 23 31 6
16 18 12 25
39 23 28 21
16 16 22 27
46 40 45 35
23 6 23 24
23 7 44 6
45 23 35 33
49 37 20 39
22 9 31 18
4 45 24 20
11 3 19 5
17 19 4 2
18 4 8 16
46 41 18 24
9 35 42 14
15 15 3 16
7 13 38 18
39 8 19 29
22 14 12 8
40 19 31 3
15 15 21 9
8 47 28 35
8 35 38 28
17 9 23 13
36 6 24 25
43 20 44 3
37 25 22 25
43 20 36 38
47 37 18 26
22 16 24 10
18 7 38 41
42 40 24 23
14 21 23 5
45 41 36 15
49 38 44 49
35 28 36 35
5 8 15 26
13 34 40 33
8 47 28 9
46 38 28 15
48 17 7 20
13 47 8 22
8 38 28 9
15 34 28 4
45 36 38 25
19 45 42 17
16 46 22 25
11 47 10 18
18 4 40 6
0 38 22 21
42 44 14 26
41 27 18 5
29 23 20 25
19 11 13 28
3 34 5 18
0 41 26 32
45 27 23 11
18 12 11 45
43 33 1 5
8 13 25 24
20 40 20 2
18 12 3 12
39 20 9 26
49 36 39 18
49 10 48 1
29 19 25 35
46 10 39 13
21 19 27 31
45 37 36 44
24 24 31 15
0 49 38 26
7 12 21 10
18 40 21 24
22 11 25 30
39 22 16 22
12 13 21 19
8 24 21 25
29 11 4 23
19 24 26 11
25 13 18 25
25 48 19 18
36 29 42 17
6 29 14 16
44 15 49 21
14 17 24 29
24 8 42 16
24 18 2 20
34 21 24 1
46 31 43 33
43 40 2 11
16 15 0 15
15 49 0 15
3 20 21 24
16 39 37 31
47 36 18 2
48 40 8 30
49 35 34 10
34 18 12 33
36 16 3 21
34 17 13 24
17 8 40 48
9 31 21 23
41 21 5 24
47 37 25 17
2 31 27 18
13 39 36 23
7 40 15 9
40 38 1 6
37 6 31 4
17 6 11 2
5 35 19 49
8 13 21 24
39 21 21 49
15 7 19 31
32 27 25 16
28 27 41 4
17 15 22 0
10 15 3 20
19 39 12 16
46 40 25 21
33 15 21 24
41 34 21 26
47 34 44 10
13 37 19 13
42 37 26 14
6 42 35 6
35 4 13 8
19 16 40 30
19 0 11 26
22 42 41 29
36 23 40 16
35 22 14 13
8 40 20 28
15 16 22 25
12 32 17 28
38 19 25 35
1 21 22 24
36 25 19 23
35 16 7 28
32 10 49 11
6 14 45 40
0 47 35 27
38 12 23 39
29 28 24 8
43 40 45 2
39 26 40 4
27 14 29 2
46 35 0 20
0 19 37 19
22 10 16 24
36 18 23 8
7 46 22 22
49 34 23 23
12 26 26 47
6 39 4 10
17 14 42 11
26 5 29 8
38 15 6 12
16 46 23 17
18 9 45 9
35 28 21 30
32 13 25 15
6 12 39 8
46 20 24 21
4 42 24 2
28 12 47 22
22 20 20 25
17 5 41 37
24 14 26 23
19 13 32 31
28 25 9 17
5 5 21 27
22 11 48 39
48 40 12 4
8 42 20 26
36 16 30 25
36 19 46 11
34 23 25 26
38 28 48 7
37 18 39 36
39 34 22 23
11 2 36 6
48 38 4 38
14 4 21 8
44 24 11 13
24 21 13 27
45 1 23 26
39 27 32 3
49 11 27 40
23 16 6 19
49 40 19 23
23 2 46 33
17 12 34 13
12 17 26 37
7 5 16 25
43 20 22 12
22 2 18 20
37 36 0 25
15 0 37 43
5 7 30 22
16 13 41 41
17 19 34 11
49 36 14 10
39 28 12 46
22 0 6 31
8 45 2 12
41 38 27 0
49 39 12 18
47 34 24 21
7 25 24 12
31 20 22 23
42 22 9 20
2 24 5 14
14 37 18 23
17 13 21 23
18 10 5 4
40 19 20 24
46 38 2 22
14 45 20 26
5 42 12 36
36 16 35 48
48 34 22 21
31 23 40 27
49 34 33 25
12 6 10 19
29 29 9 8
47 34 43 24
6 13 22 24
