50 397 17508 800
34 31 29 3
21 15 11 0
22 16 28 15
13 19 12 40
31 23 22 18
28 45 36 14
30 19 10 2
4 16 34 3
7 29 9 3
34 28 12 6
36 21 29 14
8 1 27 4
29 18 36 12
42 7 10 3
3 22 38 14
20 45 10 1
22 11 26 7
22 32 9 1
7 10 20 13
22 45 11 38
28 19 47 40
25 49 42 33
17 3 33 10
39 14 43 10
23 38 9 12
16 21 32 23
7 18 36 17
25 21 30 14
20 17 26 11
3 31 10 2
19 43 13 2
18 41 31 6
11 38 23 48
31 22 41 30
3 45 14 7
31 29 10 6
40 17 14 41
46 49 37 32
25 25 14 4
38 46 13 16
42 36 33 13
18 41 28 11
10 17 25 14
13 32 10 3
44 24 40 7
6 45 38 19
7 19 24 7
22 26 10 4
27 40 14 8
22 20 25 47
36 16 41 14
20 12 12 2
4 1 8 4
46 36 27 16
4 49 32 24
49 25 11 39
23 20 1 3
21 31 12 0
1 40 48 30
46 21 41 6
25 42 40 3
19 18 4 10
18 47 42 40
18 43 23 6
39 18 15 5
32 20 34 11
11 6 5 19
3 20 48 33
36 24 47 34
26 23 12 4
23 38 34 11
26 1 33 16
36 17 35 12
7 32 35 11
3 23 17 6
0 38 15 49
25 23 18 4
0 16 34 14
5 21 33 19
40 40 8 1
5 44 19 17
18 13 45 34
27 33 28 38
24 36 8 3
31 16 18 4
38 25 39 15
24 43 40 7
31 7 16 5
23 34 10 18
19 42 42 21
29 22 22 13
28 35 31 17
19 41 20 4
24 47 7 38
9 41 31 8
34 46 26 22
20 45 15 10
4 22 11 9
15 6 7 18
8 29 38 15
36 27 10 5
33 19 11 33
36 20 40 10
17 17 36 31
2 36 14 6
6 22 11 1
14 5 40 23
11 49 27 2
28 47 17 3
5 24 4 3
22 42 27 14
5 1 15 2
32 20 4 8
32 12 10 2
21 35 35 18
38 30 14 4
35 20 6 3
14 42 9 3
24 37 6 36
25 12 9 2
31 21 31 8
18 34 26 21
23 40 8 47
2 47 13 6
1 46 30 9
16 42 14 0
45 30 23 42
18 23 44 28
32 34 46 35
17 46 1 5
0 45 11 16
26 12 10 2
23 11 1 13
20 46 46 9
31 43 38 1
6 12 32 15
25 31 37 3
9 14 7 6
21 24 35 16
13 24 23 21
33 16 37 21
30 27 5 12
13 44 6 20
26 2 8 3
28 21 3 12
30 23 16 2
18 46 35 15
35 30 11 27
27 43 29 24
26 14 47 34
4 22 12 6
17 48 15 8
9 8 26 11
7 14 31 15
24 28 8 39
10 39 13 2
36 32 14 4
17 44 29 17
10 14 42 30
15 49 34 17
5 24 47 30
4 20 7 34
11 34 9 7
41 25 44 21
16 5 5 42
22 37 8 7
0 41 37 12
27 32 12 3
9 18 10 39
27 38 32 13
1 12 35 15
2 6 25 24
20 19 30 7
40 23 27 17
0 2 46 30
12 1 11 8
28 25 10 9
17 40 11 7
9 8 18 31
19 45 14 6
5 45 9 32
42 16 37 13
19 21 25 41
26 28 43 14
18 45 12 2
11 36 34 8
23 46 13 40
4 28 33 12
15 14 7 3
15 43 15 11
30 23 17 41
1 22 47 33
12 44 11 1
14 35 14 2
1 31 30 9
35 25 7 1
27 26 15 7
32 19 37 2
8 21 37 18
35 28 19 9
47 34 15 2
20 24 40 11
29 25 16 14
29 48 29 19
12 45 41 22
8 22 30 3
15 10 11 4
36 16 32 8
26 21 41 27
37 14 14 5
34 7 18 1
26 39 10 6
32 24 5 0
6 26 21 28
35 13 32 5
22 10 46 25
11 30 11 1
44 21 48 37
22 27 24 7
34 12 8 5
13 25 32 23
8 42 20 0
18 36 35 17
25 15 37 12
29 15 7 40
19 12 35 13
17 36 34 4
8 2 34 32
2 9 34 15
19 39 42 10
7 21 30 12
29 5 25 2
22 47 47 37
13 27 10 6
5 25 31 13
32 24 29 3
38 47 35 17
6 20 35 15
0 35 11 11
5 16 41 6
22 34 6 44
43 39 15 9
34 27 8 4
25 35 49 30
35 38 25 9
27 44 10 13
29 20 41 17
4 14 4 25
25 5 32 16
13 36 35 13
28 25 38 11
29 20 34 11
42 27 7 41
17 42 22 1
47 25 34 17
19 19 33 10
1 40 3 13
30 34 10 0
5 31 6 37
8 24 41 18
29 2 41 18
17 46 14 5
30 32 40 11
10 38 6 37
27 7 30 19
30 30 12 4
6 22 31 8
44 4 46 40
18 13 16 1
43 20 4 38
34 7 23 26
34 22 11 43
22 21 11 36
25 7 14 38
9 16 15 11
31 12 2 0
16 13 8 5
26 38 33 14
6 23 10 26
0 15 31 23
2 40 10 4
19 39 37 9
21 40 9 4
33 22 12 9
20 40 33 9
21 46 23 22
7 16 14 1
15 34 7 37
1 46 31 25
2 23 40 10
12 29 17 8
34 30 11 3
29 10 49 34
22 26 29 12
8 32 17 0
22 2 25 8
13 18 48 34
32 14 36 7
24 10 33 19
47 42 27 7
20 6 35 19
7 23 12 35
10 22 29 4
8 43 11 39
26 44 13 42
29 22 31 9
5 23 37 9
1 10 27 9
36 27 19 22
8 16 28 6
10 36 38 16
16 13 35 10
11 49 13 1
27 22 27 15
19 26 4 5
22 34 27 1
24 43 3 16
22 2 37 24
25 19 6 37
26 40 34 15
4 3 45 22
11 21 40 20
26 21 13 6
13 42 14 2
31 42 43 8
31 29 47 26
32 26 15 2
10 23 18 8
35 35 11 4
9 26 6 21
23 44 19 48
2 1 18 47
16 2 13 7
3 21 35 7
38 18 10 43
17 6 47 32
5 2 14 5
20 48 6 3
1 35 9 3
29 26 34 3
35 37 36 7
24 32 13 4
8 8 4 41
20 19 22 13
6 7 48 35
41 19 3 43
36 22 28 8
8 37 13 7
40 24 9 1
29 28 43 13
23 45 8 41
7 20 5 40
5 11 36 15
35 7 31 42
13 22 30 14
35 23 15 1
27 13 4 4
39 8 3 38
26 17 46 34
18 18 24 20
33 48 8 1
16 11 32 7
30 32 11 6
25 17 11 0
10 27 13 3
32 24 47 17
29 20 33 13
13 30 32 3
9 21 10 6
22 20 38 14
26 41 14 6
9 46 34 11
5 12 28 13
47 34 26 4
29 28 1 4
24 48 33 20
27 11 16 4
17 34 10 5
49 30 47 38
45 34 41 19
21 10 31 10
11 14 33 11
9 45 40 10
26 41 43 8
26 26 13 5
31 31 17 2
11 39 37 17
25 29 34 11
32 14 25 10
43 22 31 2
42 13 14 1
32 24 18 1
36 19 12 12
43 25 15 1
12 9 5 37
40 12 9 4
25 8 7 2
