50 478 15535 800
33 40 34 30
43 6 25 33
21 8 27 30
3 26 48 2
3 24 47 16
45 1 14 29
32 18 24 36
11 10 31 25
29 39 23 35
6 4 28 3
4 18 42 19
39 16 15 35
33 44 20 43
5 23 29 32
2 8 12 32
35 48 18 39
40 46 13 38
39 38 34 33
30 47 25 49
26 12 42 8
2 17 27 43
1 24 9 38
12 32 17 27
17 32 12 32
22 2 45 10
37 8 11 16
14 13 40 30
3 24 35 34
48 29 15 42
35 40 27 27
33 21 13 37
29 43 32 1
33 49 12 37
1 32 30 25
37 40 11 38
37 43 23 34
4 27 1 8
27 40 39 38
8 13 11 37
19 6 11 37
49 1 21 37
29 33 14 28
28 48 19 32
36 19 12 36
6 40 19 35
1 33 17 25
38 35 31 7
31 8 24 22
30 5 38 26
28 3 21 31
38 45 34 6
27 44 10 7
11 2 34 39
37 46 28 30
33 44 17 27
33 47 11 38
2 7 35 32
20 10 39 1
29 42 36 36
26 13 23 20
1 8 38 4
22 2 18 26
33 9 18 25
2 31 19 34
6 39 30 30
2 33 39 1
36 46 11 35
46 4 14 36
36 15 16 32
40 43 37 25
0 33 31 23
7 18 25 28
23 35 13 34
0 31 31 28
2 27 27 30
30 39 21 33
9 3 5 36
16 3 26 32
39 46 24 31
6 2 23 20
33 18 10 11
5 8 30 37
5 32 10 38
5 22 33 0
2 27 41 14
6 38 11 42
33 46 21 31
48 2 23 26
34 42 20 5
5 23 37 14
31 41 10 39
34 27 7 4
38 10 43 4
45 23 24 30
31 46 31 35
4 15 17 38
40 13 42 7
4 30 13 39
19 10 22 28
15 12 25 27
31 47 17 43
36 12 32 27
40 10 31 21
33 49 39 9
31 42 21 32
10 30 32 31
32 48 40 0
20 24 30 0
1 16 11 42
7 27 21 28
39 42 0 12
35 21 32 16
5 34 36 12
30 15 10 38
9 38 39 30
19 5 26 29
33 43 30 20
28 38 17 24
0 33 42 6
32 41 6 1
31 39 8 47
38 4 1 29
45 18 34 6
26 47 26 31
39 42 41 11
2 8 30 28
11 1 37 9
7 22 30 41
27 14 10 38
38 12 31 42
15 3 27 40
7 3 36 4
0 14 38 2
33 44 5 10
9 17 5 10
39 42 31 22
7 2 46 12
10 7 24 29
12 16 29 30
36 35 31 13
40 27 5 2
40 19 26 25
38 44 24 35
6 13 26 24
8 5 40 1
37 47 37 5
40 18 11 37
16 5 25 35
2 27 26 30
3 34 37 32
9 19 28 1
35 45 23 25
35 42 26 36
31 42 14 39
30 20 23 34
9 1 22 38
7 25 10 40
14 13 11 40
39 9 26 42
42 13 42 7
39 35 11 36
13 1 25 46
21 10 31 25
32 16 22 32
7 12 27 24
24 0 9 43
4 7 43 10
1 26 3 18
38 36 22 26
43 42 16 26
33 16 17 37
44 47 45 19
29 45 13 27
20 7 35 25
42 41 34 22
39 15 34 33
0 26 11 36
42 12 34 1
20 4 19 33
6 22 17 21
14 11 15 41
2 34 41 31
35 5 42 12
15 13 30 27
34 3 23 29
3 22 27 33
25 41 17 20
37 22 37 6
39 46 27 19
3 25 22 23
3 35 25 38
30 48 28 29
21 40 32 11
15 1 31 4
1 26 32 36
27 44 34 1
25 12 35 18
34 43 4 2
37 35 25 36
1 36 14 36
11 20 32 3
43 49 46 11
13 14 21 25
28 42 40 5
1 37 24 38
35 45 10 37
16 2 31 36
12 17 8 5
39 49 2 20
35 39 14 39
15 12 39 12
18 16 7 38
30 46 11 21
11 1 7 33
33 35 28 37
47 17 11 38
10 33 17 23
34 0 42 12
11 11 20 24
0 24 11 42
30 47 8 26
25 48 38 2
32 11 22 31
42 14 23 26
17 17 15 33
35 46 33 26
22 12 11 36
16 35 13 43
0 28 11 27
6 2 26 31
28 12 45 4
3 2 29 43
3 26 39 0
8 15 13 40
8 26 16 34
4 33 32 27
31 38 24 19
43 6 18 28
14 27 35 28
48 5 34 22
11 31 16 36
26 47 33 5
5 10 40 2
14 10 17 32
30 43 19 31
28 9 10 39
13 0 45 11
47 8 37 6
13 29 41 13
4 39 13 38
8 21 25 34
12 1 23 29
28 6 37 8
36 43 24 42
2 33 29 3
32 33 6 5
24 8 32 4
22 19 17 32
31 19 26 25
38 14 31 32
29 42 5 2
30 1 42 4
5 16 34 37
2 33 46 35
44 23 31 22
6 27 5 13
11 40 18 32
39 39 11 14
10 7 31 1
20 5 13 39
44 36 21 32
38 44 33 31
6 2 27 36
6 30 32 39
3 24 14 40
37 40 36 28
36 1 28 28
49 32 20 26
30 47 9 39
18 10 31 35
3 34 37 32
3 14 21 36
6 12 33 5
29 47 29 36
28 39 36 8
40 26 6 2
23 0 5 9
32 35 45 18
1 27 5 6
32 46 48 16
6 36 25 22
36 47 26 29
30 2 15 37
27 44 19 42
4 1 40 11
2 35 23 35
37 44 29 45
29 47 29 29
38 48 14 38
17 1 36 3
32 6 32 36
20 3 35 2
29 11 30 30
16 3 15 23
17 25 31 26
36 39 39 25
9 21 11 36
7 10 15 30
20 11 44 1
14 18 20 39
30 15 30 34
33 40 16 35
8 17 44 0
42 20 26 31
34 47 28 45
4 18 13 37
29 42 22 29
30 46 10 37
20 14 22 37
39 10 31 47
32 44 22 31
0 10 40 28
4 17 19 32
9 36 31 29
30 13 25 32
0 7 37 29
3 0 29 32
20 24 38 10
9 30 17 31
36 45 32 9
24 3 29 20
24 43 20 41
29 45 13 44
2 3 26 33
6 11 16 3
5 14 9 37
26 30 36 33
37 47 29 36
6 9 14 30
10 0 25 22
0 38 22 28
10 12 39 13
30 43 15 37
7 31 26 22
0 30 20 26
48 17 9 39
27 35 43 2
9 30 39 10
10 1 45 8
0 42 37 31
19 14 45 12
33 24 18 40
32 43 17 33
42 47 25 27
0 26 41 2
38 40 23 22
33 46 12 41
25 25 5 32
32 8 21 24
7 29 33 23
3 2 10 45
4 19 32 7
28 47 46 14
17 29 26 19
43 16 23 25
36 6 39 42
45 16 32 37
38 26 41 12
42 18 32 4
0 32 12 40
2 32 43 6
15 1 21 26
36 20 31 21
38 42 11 37
30 4 30 31
30 44 22 24
48 0 24 42
36 31 28 38
39 12 22 33
30 38 32 32
32 46 29 42
35 44 23 38
41 20 41 11
18 2 38 16
1 14 6 10
12 3 1 2
15 1 38 2
31 47 13 41
3 25 28 30
4 4 42 5
5 33 8 38
0 18 16 23
24 41 18 34
18 26 19 40
7 24 28 33
37 49 25 31
24 8 27 30
18 28 25 35
28 48 32 11
25 47 31 8
11 27 25 24
44 0 32 46
49 2 6 10
9 10 21 32
29 36 9 10
8 11 33 13
8 22 29 30
11 2 36 9
5 15 6 3
33 46 17 31
29 44 30 24
39 26 38 7
34 18 11 27
27 43 40 8
4 37 35 33
9 31 26 8
32 47 39 6
41 42 18 29
25 5 31 39
40 21 30 34
32 40 11 35
49 7 36 3
12 32 33 38
29 39 1 3
41 3 30 33
15 13 27 37
35 46 21 39
45 0 13 40
10 11 30 36
5 23 24 23
34 43 21 22
2 12 8 41
37 23 23 25
19 5 25 33
2 34 23 41
33 40 30 21
44 25 23 34
40 43 20 24
37 38 36 3
37 10 20 37
49 7 21 27
35 40 41 13
28 3 22 25
4 32 26 34
11 13 24 33
4 19 34 2
8 12 29 35
36 40 10 38
12 34 42 1
9 0 6 6
5 34 11 18
10 46 24 32
17 15 31 31
27 47 35 2
20 4 36 31
29 19 16 33
13 5 31 27
6 4 40 6
40 44 28 37
25 40 14 39
42 15 19 25
2 38 35 32
39 0 17 40
1 14 35 26
40 18 39 0
29 39 25 27
31 42 9 38
2 13 19 24
17 2 31 39
7 21 24 32
36 45 37 23
4 17 15 41
21 0 42 12
11 1 28 46
4 2 35 14
20 3 19 31
32 45 41 35
32 46 35 21
