50 1329 12046 800
14 38 26 35
40 34 32 36
18 9 27 34
41 23 19 41
40 10 13 32
3 4 4 31
27 31 39 25
48 30 6 34
25 8 2 38
26 37 6 35
47 4 44 38
25 21 33 28
2 18 29 24
8 47 33 41
19 37 39 30
43 18 22 18
2 21 14 48
12 14 9 43
12 26 21 21
25 24 7 36
30 26 24 4
20 44 29 34
16 29 34 42
26 32 27 7
6 22 26 47
26 19 33 36
26 48 19 20
32 31 28 44
8 15 18 24
24 9 23 38
3 14 3 34
44 0 28 32
20 32 26 10
49 25 14 30
20 26 33 27
34 4 7 35
32 23 30 41
34 18 6 32
16 31 30 28
0 24 14 49
32 46 22 2
46 12 34 29
36 48 16 36
32 21 12 32
12 13 1 28
17 30 8 33
6 14 24 45
6 9 35 33
11 8 32 30
22 6 7 36
21 30 14 36
27 25 35 36
7 17 10 36
11 13 6 36
33 18 35 34
17 22 36 43
30 15 31 27
22 26 6 20
4 12 23 41
15 20 39 30
46 20 10 33
29 20 7 35
14 48 41 35
26 38 17 19
30 38 21 23
43 14 36 27
7 6 40 20
10 11 32 31
23 12 35 35
22 11 45 31
4 18 13 27
28 16 23 9
11 47 29 31
32 32 4 31
37 26 9 48
26 11 34 48
31 29 2 37
21 26 27 48
45 34 27 30
4 27 35 35
38 26 29 34
27 31 17 30
21 44 33 28
20 49 11 9
6 39 28 36
38 4 24 37
28 37 6 24
37 5 25 35
28 28 29 44
19 42 27 15
16 22 15 29
25 27 39 37
27 23 37 47
11 8 9 33
11 48 26 14
42 31 38 37
9 33 27 37
40 44 27 27
16 13 16 33
25 8 29 25
25 27 39 28
22 10 28 36
0 35 33 31
8 25 16 13
3 30 29 31
21 16 11 29
4 17 35 37
24 27 21 6
18 33 30 27
9 12 39 35
12 22 33 32
10 11 30 37
7 15 28 23
31 32 7 36
0 33 22 6
28 33 5 36
7 32 26 31
24 45 33 24
6 34 13 30
3 19 46 16
29 30 23 35
34 19 10 35
22 27 34 26
10 26 17 33
32 12 46 35
27 28 11 37
21 19 7 33
19 22 16 36
11 43 19 49
27 25 26 34
35 33 32 35
28 28 32 40
32 42 29 7
14 10 23 35
24 27 6 34
28 6 9 20
28 25 8 35
15 29 34 41
32 24 28 4
3 26 34 34
37 34 24 34
47 28 32 43
20 22 37 23
20 30 6 32
9 15 47 47
27 37 27 30
39 30 21 34
12 13 5 33
35 24 23 6
9 18 7 30
31 4 25 38
0 25 34 36
23 23 32 34
28 23 2 26
29 26 18 32
10 33 3 5
16 16 39 31
26 33 4 34
14 30 25 23
9 19 15 35
5 5 7 20
4 26 26 29
28 30 47 39
26 25 24 32
9 17 19 18
7 42 22 4
7 24 26 5
44 11 20 29
7 43 22 45
45 18 9 34
27 25 22 39
30 12 39 30
8 38 4 21
31 26 21 10
7 20 35 45
10 4 29 33
13 21 33 41
30 34 46 49
32 46 29 27
42 17 8 32
27 26 33 23
26 40 11 40
1 16 14 45
38 40 23 31
28 31 42 10
23 28 19 9
35 24 6 35
11 38 18 32
27 17 45 46
3 19 5 37
46 12 30 33
46 7 25 25
31 40 32 21
15 38 6 35
15 26 24 5
5 17 24 28
12 7 39 32
42 38 11 30
1 16 29 7
25 9 9 10
26 28 40 35
9 12 30 42
31 29 39 28
16 35 29 35
20 19 7 35
7 11 13 49
34 25 42 44
13 23 0 33
30 3 5 35
25 8 9 34
25 31 22 20
38 20 5 33
20 25 33 35
43 18 8 37
12 33 10 45
34 31 38 19
14 11 7 33
23 44 23 37
2 27 26 4
11 23 5 37
30 34 25 38
15 42 34 24
31 24 11 31
15 24 6 35
43 23 22 49
0 13 17 8
9 25 29 18
3 25 37 35
31 32 44 33
1 28 35 34
34 45 24 41
7 43 29 32
41 19 19 40
3 43 39 30
33 13 27 37
22 27 4 19
32 46 29 36
45 20 38 29
15 34 7 38
28 30 6 34
24 42 5 36
20 46 23 3
7 13 12 25
31 10 19 7
7 45 37 29
25 40 38 27
19 16 30 35
4 7 6 33
29 24 44 38
2 6 36 41
30 44 26 33
7 8 37 22
11 43 8 36
43 30 23 38
28 26 28 42
35 29 8 42
16 11 32 41
8 16 16 35
12 14 25 32
13 27 27 6
7 9 44 46
16 31 36 25
8 6 29 17
3 24 33 29
14 15 4 44
3 8 8 41
18 12 11 29
21 27 9 35
14 27 5 38
5 15 24 37
16 13 22 35
3 42 3 47
25 10 33 34
6 12 30 36
7 45 38 34
15 26 20 45
6 24 33 14
27 28 14 45
4 38 37 32
6 20 35 36
26 19 22 44
39 21 6 37
34 35 5 41
31 25 5 30
33 26 29 34
31 27 11 36
29 38 19 36
19 12 7 35
9 17 4 34
27 27 30 20
46 23 34 23
15 2 6 31
21 20 28 29
10 14 33 34
48 25 16 44
2 16 23 27
23 16 10 21
18 48 11 38
5 28 31 25
24 17 7 22
12 33 18 28
7 8 11 44
5 14 6 35
49 26 12 20
30 31 26 5
24 33 28 43
12 19 25 36
12 13 3 35
13 18 24 3
28 29 6 36
27 20 5 38
22 30 9 32
8 23 28 34
12 27 30 26
43 16 10 26
12 19 21 24
49 27 17 37
11 38 16 40
21 47 11 16
26 34 12 39
25 29 28 44
26 21 32 29
19 32 36 44
32 9 6 35
40 15 19 24
37 26 24 36
30 43 28 14
20 21 22 49
26 49 25 40
12 32 32 31
16 10 9 43
43 26 34 40
7 37 42 38
21 25 28 5
6 38 2 26
10 36 22 4
23 17 27 2
35 29 34 37
26 24 15 16
10 38 29 6
22 31 23 47
41 25 11 16
36 30 46 42
12 37 18 45
41 5 14 21
45 18 37 35
25 29 17 47
34 45 24 47
19 8 33 33
0 26 6 30
26 34 5 34
23 36 28 27
33 7 34 33
40 34 6 34
5 10 26 30
2 15 6 33
14 40 8 35
28 28 29 35
19 38 11 32
4 26 30 5
32 22 32 40
17 28 32 32
1 20 22 21
5 47 40 42
10 24 0 14
4 10 11 37
32 19 36 32
11 31 25 25
25 15 33 34
4 16 15 43
8 25 32 26
6 25 25 25
22 31 5 38
42 41 12 45
14 35 23 8
26 35 37 31
7 32 40 39
7 18 35 38
27 33 26 46
6 11 43 42
12 4 8 32
10 7 18 35
19 8 37 39
26 28 18 39
6 43 9 35
14 24 9 38
23 5 33 28
24 27 36 39
0 43 41 31
27 26 21 5
41 27 15 38
47 14 24 3
3 19 1 46
7 15 42 32
43 26 26 14
5 6 12 7
9 37 8 31
12 36 38 40
30 22 25 49
26 26 29 28
33 15 9 36
29 31 32 37
26 23 5 32
15 33 30 42
40 23 6 11
42 26 28 20
25 46 23 24
40 12 28 37
19 32 10 37
11 20 24 31
30 45 26 46
35 23 25 9
4 14 30 24
32 31 31 23
24 25 44 34
21 9 25 6
19 9 21 0
22 29 7 36
46 36 24 23
4 16 14 29
15 29 22 35
7 20 34 28
44 12 28 39
34 7 9 33
12 18 43 25
33 22 18 6
23 14 22 2
25 20 5 32
23 47 46 28
21 19 36 26
24 9 7 45
19 28 29 37
6 13 34 37
10 3 27 7
22 25 26 26
12 21 28 37
28 47 33 40
8 13 4 32
12 25 10 28
0 3 26 41
25 47 31 36
1 45 34 34
26 30 5 21
14 10 29 32
39 46 27 40
30 22 13 37
34 27 17 45
4 12 31 31
17 12 7 37
20 39 2 32
38 24 44 25
36 2 7 36
26 28 29 31
12 21 38 32
8 22 11 29
42 15 23 45
1 46 33 33
30 14 4 37
24 27 40 31
32 3 8 34
47 21 3 2
6 46 24 38
22 26 45 34
21 20 18 34
31 24 43 38
8 40 23 2
27 25 15 20
6 24 13 13
23 16 34 28
8 38 16 40
38 48 25 29
35 16 5 36
26 21 35 30
8 36 37 21
23 11 7 35
20 45 25 27
44 20 31 26
10 29 9 42
22 37 40 39
9 17 35 25
20 44 12 32
49 35 34 18
17 28 8 16
13 13 7 14
45 45 19 37
11 19 27 13
9 48 33 35
1 22 6 44
18 6 9 24
33 15 45 25
5 7 10 40
28 32 3 38
6 35 8 39
25 31 32 34
19 24 21 34
12 16 6 39
25 37 20 32
26 28 4 35
10 19 20 9
30 43 15 40
31 47 32 6
9 46 3 36
5 39 24 9
46 6 9 36
4 46 36 31
13 15 11 27
5 22 16 42
5 10 29 31
31 27 6 37
21 33 5 33
46 12 34 32
19 10 5 34
23 11 37 32
32 12 8 33
9 44 26 5
49 39 37 32
7 18 28 29
10 33 13 28
34 27 5 37
47 33 13 26
18 31 38 18
21 29 22 39
30 25 25 9
42 29 31 38
0 33 31 11
39 15 28 43
34 15 25 36
10 39 20 13
16 24 47 23
30 16 38 22
12 48 28 37
14 19 23 49
38 25 34 43
9 44 9 36
40 20 30 18
25 38 9 24
37 22 44 26
14 21 30 40
47 28 6 36
34 25 38 30
11 17 33 14
9 23 19 46
47 19 27 37
4 37 13 13
7 21 24 31
29 23 9 48
38 14 8 36
2 44 34 28
48 23 1 25
11 3 32 32
13 28 45 42
23 25 25 4
30 13 26 17
26 7 48 30
2 15 12 10
30 21 24 22
25 25 30 30
16 14 15 48
3 32 7 33
26 8 34 19
31 45 28 37
37 28 32 31
7 16 24 46
9 8 37 39
18 40 15 45
9 8 28 5
8 3 27 38
42 34 32 15
16 46 40 48
0 31 23 6
27 24 28 38
26 24 9 34
49 25 28 30
47 41 30 38
14 30 40 23
13 9 28 6
8 31 33 41
33 30 9 33
0 12 35 42
47 13 37 33
27 17 32 38
1 10 26 7
26 49 24 5
26 15 28 30
14 15 4 32
32 9 10 37
8 7 8 36
29 24 5 40
33 1 39 46
8 13 30 37
20 43 2 35
14 40 14 46
28 29 3 45
24 25 5 36
37 46 31 15
25 31 6 34
6 27 21 42
32 33 35 44
6 24 8 36
2 8 11 33
3 6 26 38
47 25 24 25
28 32 29 19
11 34 38 30
2 24 37 32
18 8 40 29
24 22 20 38
7 19 31 39
25 11 31 38
27 10 33 1
23 31 15 39
12 14 28 44
7 13 34 46
4 14 26 39
21 24 40 44
22 28 29 29
24 27 30 40
35 30 42 30
13 49 15 27
13 39 6 35
38 21 30 36
38 10 34 33
48 37 42 44
45 37 28 20
11 15 8 35
1 11 6 36
34 33 40 37
11 12 22 5
27 27 31 46
28 32 4 49
7 18 30 43
4 1 24 5
30 29 10 21
2 10 33 35
37 13 3 34
6 18 37 29
36 18 32 23
43 42 3 28
5 12 39 40
19 4 34 28
8 19 31 27
18 24 31 32
0 28 7 34
27 29 27 41
27 27 7 32
38 25 28 45
9 27 13 6
26 15 8 20
26 18 35 36
41 29 3 34
19 16 3 14
16 29 37 45
45 27 21 39
20 20 24 5
2 42 8 33
33 14 25 49
48 28 10 34
12 42 34 20
13 27 25 44
44 37 25 9
37 17 24 5
3 8 7 35
30 16 40 36
1 33 31 35
15 22 21 45
17 8 6 35
2 27 11 25
29 39 34 21
27 22 34 42
14 11 33 36
2 12 33 32
7 46 45 40
2 18 11 29
9 18 32 45
32 24 25 3
44 39 23 31
15 18 8 36
41 43 33 37
22 28 7 28
38 22 32 41
23 21 28 30
23 38 16 44
3 10 14 10
32 42 35 48
27 15 28 36
26 38 23 4
11 41 18 43
33 19 5 28
14 17 9 37
28 6 35 28
15 19 27 27
19 36 5 5
35 19 9 39
29 27 27 37
16 12 11 29
10 43 32 11
11 23 47 43
28 39 28 29
29 31 45 32
32 4 16 29
25 23 43 43
39 38 29 26
9 17 6 36
14 40 7 34
8 13 31 39
20 4 40 2
48 28 21 6
7 23 14 15
4 19 6 34
18 40 35 38
10 28 26 5
3 32 32 32
22 3 7 34
27 41 24 5
10 21 33 28
32 29 34 32
45 23 35 8
40 29 38 38
9 48 23 3
19 24 34 34
25 22 22 1
42 2 2 42
22 30 18 45
20 24 29 36
3 18 31 18
7 24 17 28
16 44 4 35
29 37 13 44
18 45 31 37
25 48 29 35
0 8 19 37
19 30 31 19
6 6 30 30
9 39 31 28
19 42 25 47
13 16 28 36
41 10 22 28
34 26 34 38
13 15 46 11
40 29 31 29
14 16 8 35
0 15 37 24
24 31 37 35
3 7 23 4
2 9 10 35
12 9 40 38
7 20 41 31
28 28 30 3
39 45 28 2
27 22 36 33
2 32 23 49
36 17 49 38
25 15 34 38
12 20 34 43
11 1 42 13
17 23 26 6
35 20 20 35
14 8 22 41
22 38 3 38
10 23 31 10
26 25 12 45
43 26 25 37
30 24 25 34
5 40 38 42
37 29 3 37
31 33 35 29
14 35 26 40
36 23 15 34
38 35 5 36
42 12 30 34
31 21 35 33
3 24 9 33
21 29 5 34
20 49 25 4
35 29 37 33
15 10 12 46
20 22 28 35
33 25 35 37
6 23 33 44
8 47 18 38
25 35 9 31
34 15 25 30
5 25 40 49
10 8 10 32
38 29 21 24
19 18 38 11
11 20 34 43
11 12 7 11
6 29 22 4
17 26 39 35
21 49 6 33
4 39 27 34
43 25 33 40
10 37 5 34
15 39 24 24
14 26 40 31
11 19 23 24
45 31 43 12
5 12 49 39
18 4 10 28
24 26 33 42
23 37 6 34
11 24 10 35
33 22 36 45
8 11 32 31
40 12 29 26
19 36 25 45
16 15 6 36
46 19 0 32
4 31 23 2
15 15 26 17
27 48 32 43
36 28 2 48
24 31 23 47
36 48 34 31
21 41 8 28
34 31 9 34
38 19 35 33
6 36 31 35
31 26 22 26
37 46 28 44
6 47 34 21
8 18 27 12
12 17 31 32
15 24 40 31
31 27 33 34
26 24 28 41
14 16 18 18
7 6 29 29
38 18 29 27
6 18 31 36
21 13 6 34
28 35 5 36
34 36 28 40
14 35 43 33
16 12 3 35
26 26 10 35
24 38 20 33
21 43 7 37
4 11 30 30
14 13 7 38
10 25 6 37
22 42 21 36
21 28 31 21
6 7 47 24
7 28 15 20
32 27 29 34
11 20 0 31
10 11 32 41
36 22 38 26
22 2 39 17
7 18 32 35
10 21 24 30
3 19 11 35
27 14 28 27
30 38 33 19
22 28 3 35
27 27 41 41
17 38 27 21
13 41 38 30
42 37 29 31
26 21 30 32
10 12 24 31
7 22 7 35
29 14 26 6
6 16 8 37
10 15 32 30
13 23 7 37
29 27 44 28
33 39 8 25
38 9 33 26
29 30 23 39
9 33 39 40
45 23 30 35
6 16 37 40
41 40 5 37
31 30 30 40
22 29 41 32
25 32 23 41
46 34 25 8
27 3 42 25
18 45 12 25
11 20 30 31
6 9 37 34
3 2 23 33
31 49 34 24
15 13 22 3
23 30 39 26
34 25 13 18
32 28 14 42
45 33 26 45
21 19 30 37
19 6 34 40
30 23 5 30
36 9 5 49
9 19 40 32
35 41 8 32
30 30 21 45
14 34 20 20
33 18 12 29
7 14 24 39
16 19 7 33
9 22 33 34
19 49 6 35
6 31 45 11
27 15 22 45
39 33 27 4
13 21 8 34
5 22 13 39
30 12 24 22
24 21 19 26
23 28 4 39
21 20 30 30
38 32 12 40
1 33 1 14
35 24 33 30
10 13 27 34
7 47 47 23
7 10 35 33
38 24 24 3
30 28 29 20
37 9 6 49
10 30 8 37
6 17 22 17
22 46 37 32
22 48 9 37
8 45 34 39
25 25 28 40
16 29 17 16
31 0 28 35
27 25 12 39
3 41 26 4
8 39 5 31
1 16 30 32
32 19 5 33
18 13 38 25
26 23 8 37
21 11 44 24
3 17 27 5
41 43 34 35
24 33 38 39
17 8 23 26
21 27 9 35
49 31 8 35
33 18 18 46
41 14 28 31
21 41 16 44
17 48 6 37
21 26 21 20
12 15 32 28
9 26 29 31
14 35 27 18
22 7 12 14
18 32 36 31
27 30 21 33
15 16 8 29
24 25 33 39
36 43 26 6
46 20 19 13
39 37 13 37
16 29 34 28
25 33 10 35
33 27 3 46
34 31 11 46
12 20 36 25
14 14 39 38
11 49 15 13
42 9 7 38
16 45 36 34
47 24 31 45
44 4 27 43
31 32 25 26
24 27 21 48
31 32 29 48
9 14 38 30
28 23 36 31
9 17 31 35
20 47 6 44
5 25 6 39
18 39 39 33
42 13 26 9
36 38 23 5
8 20 42 15
4 9 33 19
33 42 35 39
40 4 18 44
16 45 25 5
28 17 29 29
30 14 19 23
12 16 30 29
42 37 23 32
1 17 30 33
32 34 28 35
20 44 20 14
41 19 21 24
14 20 31 40
2 10 31 30
1 34 37 35
25 25 6 34
28 23 1 26
26 32 36 29
41 31 17 29
12 42 40 49
28 22 22 43
44 23 37 16
35 22 26 32
4 13 31 33
26 11 10 39
42 43 10 36
31 27 12 11
7 42 21 33
5 39 14 0
15 14 5 23
2 16 16 27
4 21 20 46
1 46 11 29
31 32 7 35
15 23 32 30
1 20 8 34
8 43 10 35
10 5 25 47
29 42 33 38
21 14 28 33
36 34 9 22
19 46 3 37
36 5 22 26
6 1 33 13
22 41 19 25
30 16 28 34
12 44 23 2
41 22 24 10
9 45 29 35
46 24 32 29
12 21 42 10
13 39 28 37
25 36 6 36
32 16 31 31
32 42 8 22
12 33 14 46
22 22 7 29
28 25 22 9
19 13 24 35
24 45 27 28
6 13 3 36
2 16 32 42
20 12 9 33
33 46 7 36
44 24 14 28
39 49 24 37
32 26 8 37
8 22 32 32
16 12 8 48
35 38 32 29
3 16 10 36
48 13 38 21
14 8 43 35
17 48 36 28
22 24 16 45
29 24 11 37
16 13 22 36
7 9 27 30
23 21 26 29
30 9 5 7
46 2 6 37
33 47 34 39
9 26 5 38
25 19 33 35
14 25 25 3
38 42 7 43
12 13 8 37
4 19 25 39
8 18 22 13
33 16 31 38
29 20 40 39
8 5 22 21
15 35 29 34
20 19 11 38
39 31 10 32
27 24 19 37
18 24 22 25
29 43 32 36
30 28 14 28
29 19 5 13
14 15 26 7
25 27 40 24
9 32 31 23
9 16 32 31
9 20 32 32
48 14 3 35
38 6 45 37
30 47 35 44
32 18 19 24
7 17 8 41
20 46 35 31
18 25 23 6
40 13 23 14
38 1 17 21
10 24 26 8
10 40 9 31
10 18 6 39
31 25 25 5
30 31 28 36
7 38 27 4
14 23 28 42
16 47 32 30
22 20 5 33
10 37 29 42
30 49 34 34
34 26 31 36
12 35 31 35
11 22 22 5
16 49 17 39
37 49 18 31
17 28 25 22
35 20 38 32
6 24 24 31
10 8 31 32
24 16 29 20
4 28 23 8
25 43 5 34
32 35 32 40
18 32 30 48
46 32 25 27
2 27 15 48
21 38 5 30
0 17 9 43
28 22 24 33
43 12 26 30
16 20 46 31
15 16 6 37
9 46 35 42
43 22 8 2
12 24 19 42
17 29 40 36
15 11 8 38
44 10 30 33
23 26 0 40
7 26 34 21
24 48 33 47
23 25 34 43
27 49 11 39
17 31 40 25
7 9 25 7
31 39 36 32
18 33 7 34
4 31 16 8
20 1 6 35
9 35 39 43
4 16 24 9
10 20 39 33
6 24 18 39
26 27 20 32
37 19 38 36
40 25 39 29
31 41 35 28
35 25 13 40
25 47 23 8
21 19 36 14
24 10 22 31
3 11 8 36
6 27 27 35
19 20 14 28
18 21 35 25
36 36 9 39
34 41 29 27
14 7 30 48
46 45 5 39
10 45 28 37
17 17 22 17
15 21 7 29
22 23 9 32
22 49 43 42
40 26 16 21
31 16 29 30
12 11 32 28
36 21 35 16
14 12 37 35
42 16 12 14
6 19 36 29
24 25 27 45
24 4 7 33
2 16 24 34
27 30 14 29
33 20 25 27
28 18 4 30
25 27 28 39
20 25 35 25
43 15 25 39
22 45 35 45
35 31 34 45
28 31 27 39
33 29 13 36
4 27 43 32
39 7 24 24
46 18 27 26
18 31 7 35
31 27 8 36
23 6 6 34
23 47 34 35
9 38 27 38
9 17 36 29
24 23 26 2
19 9 42 33
21 38 14 32
42 5 26 27
5 16 32 25
47 23 28 33
34 20 31 24
5 1 43 33
15 35 25 19
44 33 27 45
24 44 5 37
27 20 31 34
21 27 25 7
18 13 39 32
10 21 32 41
2 19 23 37
35 43 28 41
1 15 38 34
26 32 22 5
4 31 25 4
28 26 4 38
23 27 21 21
16 19 42 15
41 6 46 40
19 27 32 39
15 14 25 3
12 20 16 19
11 36 37 28
23 27 7 34
45 45 15 23
1 24 31 23
26 21 23 38
29 44 19 46
26 32 22 28
43 43 7 34
26 34 34 31
39 9 36 49
1 14 15 14
19 11 33 28
2 14 6 35
12 18 6 35
18 22 33 36
27 32 8 36
21 25 6 32
47 36 9 33
16 43 5 37
4 6 28 29
13 31 16 27
4 23 46 19
13 12 36 33
32 32 31 26
23 40 27 47
28 35 44 26
27 17 4 38
30 29 7 35
7 25 3 36
24 3 3 33
2 21 45 26
10 36 6 17
26 43 15 15
20 44 35 31
23 19 21 46
25 40 18 10
32 29 11 36
23 10 33 24
19 8 32 25
23 28 9 14
13 32 35 32
8 9 19 45
11 45 33 29
34 32 36 28
34 32 32 17
9 11 19 32
21 31 34 39
38 10 4 25
5 5 49 49
38 29 23 41
14 41 8 27
43 32 42 14
36 35 34 42
26 43 22 30
23 19 29 29
12 14 8 41
27 23 4 26
2 2 44 3
35 26 28 15
13 13 13 8
14 11 30 35
9 7 5 39
9 36 24 2
19 26 47 41
2 27 33 32
7 11 9 37
11 22 6 37
18 41 24 7
21 7 7 32
21 35 34 8
20 46 25 28
28 20 34 40
7 6 13 16
7 41 3 38
28 22 22 32
25 31 6 34
0 25 27 33
9 38 27 4
20 24 33 35
1 22 5 38
28 35 5 37
3 49 27 42
11 41 5 40
22 17 27 36
22 20 21 24
4 20 32 14
16 45 26 18
25 27 25 41
2 13 10 32
27 11 33 23
12 18 37 39
4 24 19 38
5 39 29 15
10 7 28 32
9 4 7 33
25 26 4 49
27 27 47 36
3 21 5 37
26 26 40 40
20 32 23 6
35 14 25 33
