50 768 16113 800
32 41 1 5
44 1 15 34
20 13 13 20
15 9 11 18
8 27 4 0
12 22 15 29
20 23 10 13
1 15 38 18
22 15 6 14
21 40 14 3
25 34 11 4
31 13 7 29
23 33 11 37
12 12 9 17
17 43 16 26
4 24 21 39
49 49 34 35
11 33 26 9
23 13 35 26
11 34 2 48
23 27 37 9
26 49 12 26
4 10 0 31
20 15 11 10
12 13 8 32
39 42 18 33
30 49 7 2
32 47 11 22
34 23 6 6
15 34 5 38
18 10 13 26
14 26 14 32
23 39 6 26
4 41 17 31
14 18 4 1
17 20 18 33
6 23 16 30
31 26 19 10
20 27 27 21
47 40 32 4
20 10 6 9
21 35 17 25
16 27 2 7
28 37 12 12
8 42 7 13
37 24 5 24
22 8 19 37
7 14 9 23
32 24 4 23
11 2 16 44
37 16 9 30
33 22 9 20
12 29 24 31
41 30 26 13
22 42 20 17
11 23 12 27
30 49 6 30
15 28 19 22
12 15 19 44
23 33 31 18
14 33 20 30
25 19 27 14
9 8 21 1
37 27 7 21
25 47 9 0
37 48 3 31
25 19 16 21
24 17 21 7
28 25 0 30
31 32 24 17
10 18 3 30
8 38 1 2
15 21 26 29
23 39 21 35
33 21 39 4
48 5 15 46
20 22 45 20
7 19 11 32
33 28 22 24
17 20 15 31
31 27 18 12
12 20 7 44
19 27 25 27
6 17 11 22
22 22 23 14
39 16 8 26
6 25 10 13
9 15 21 47
11 30 2 8
43 6 20 22
9 30 29 4
13 24 13 4
8 18 9 14
7 21 17 33
26 3 18 41
16 33 21 19
10 17 17 8
22 45 6 17
9 33 2 11
16 36 18 30
12 22 18 37
15 32 6 28
17 25 26 33
45 6 9 1
20 27 13 28
23 27 26 24
22 16 10 25
32 36 9 33
34 45 20 28
7 18 19 34
6 9 12 14
10 28 33 36
13 33 25 18
29 18 20 26
17 7 4 37
15 49 19 26
45 33 24 8
18 21 3 26
13 27 18 20
10 22 16 32
7 23 3 3
13 31 29 22
30 14 24 34
30 30 3 8
26 30 16 6
7 20 12 4
8 31 14 35
3 41 25 30
12 5 7 28
15 4 12 6
1 19 44 0
47 4 10 32
41 43 8 31
46 5 9 20
33 14 16 27
33 16 34 20
19 28 30 12
19 39 5 13
21 17 4 4
36 48 11 43
16 28 14 25
31 20 25 38
8 10 28 36
6 46 5 7
18 28 13 11
17 32 32 27
10 24 11 30
16 27 32 47
16 19 29 9
16 24 2 37
23 36 23 19
14 41 3 15
22 25 23 32
45 4 2 25
12 20 19 33
6 20 18 2
23 14 42 10
8 21 11 7
40 43 0 2
16 14 15 39
28 17 7 22
45 6 0 3
44 24 1 17
32 19 18 10
20 8 8 9
9 20 11 30
19 23 21 29
41 38 16 4
17 20 15 14
11 30 1 29
44 35 13 23
29 45 22 5
34 35 10 29
0 20 7 9
20 17 7 11
26 36 25 23
43 35 22 23
32 29 5 9
16 17 24 17
21 21 10 24
11 25 19 6
43 35 11 20
29 9 3 22
10 32 10 6
4 10 4 15
9 32 10 10
42 9 12 39
27 14 13 17
15 30 27 10
33 18 19 8
21 20 15 36
43 32 26 18
46 33 32 20
42 33 19 3
24 31 17 1
27 34 18 35
13 23 35 25
42 8 10 19
10 28 21 24
15 18 37 19
18 49 13 9
38 41 14 27
19 36 11 13
29 48 11 21
22 17 8 12
14 23 6 16
27 25 14 31
29 39 19 23
8 26 1 30
48 5 35 10
39 39 19 9
21 46 1 26
27 35 7 4
11 16 19 7
17 45 2 6
25 12 3 27
17 11 12 2
32 12 17 23
27 24 2 21
12 24 10 38
17 34 0 5
27 14 12 44
20 13 17 22
46 0 19 21
20 18 5 1
17 12 41 32
13 22 4 6
40 41 8 26
16 13 10 16
21 43 15 28
16 28 2 16
20 12 33 5
27 44 0 10
13 28 34 8
40 38 24 2
34 32 9 37
43 7 32 30
23 15 3 6
44 7 21 23
26 34 44 29
16 10 7 8
8 14 12 47
12 33 19 19
17 25 5 30
29 20 17 25
17 35 9 17
32 34 2 32
18 14 5 21
18 24 10 19
20 8 9 24
42 48 36 16
2 23 25 24
23 10 6 35
16 11 20 4
11 29 34 27
18 37 8 20
18 30 3 4
36 30 19 37
15 27 24 33
15 27 8 2
18 38 5 16
25 7 4 18
18 28 7 4
17 18 1 27
17 27 3 3
25 11 13 45
5 32 32 34
13 28 26 21
20 22 15 31
21 30 11 15
22 17 18 44
4 28 12 22
33 25 25 31
26 40 31 22
15 27 25 21
14 41 29 24
42 33 8 10
14 6 13 27
17 19 13 17
16 37 18 32
25 33 22 12
23 24 13 13
16 31 17 25
22 0 3 29
30 13 16 32
31 17 11 12
6 25 10 16
15 20 24 19
34 34 16 12
11 17 21 20
18 26 13 24
19 17 21 31
34 9 3 17
10 27 11 33
28 18 14 0
35 30 12 26
45 36 1 11
27 16 6 0
20 34 23 25
10 25 5 7
46 34 20 20
19 28 28 12
22 20 14 35
22 49 17 12
6 9 5 15
13 12 15 41
13 28 9 30
7 22 13 19
17 20 7 23
30 17 24 7
9 19 3 28
13 37 15 24
15 9 20 19
38 32 13 13
25 33 25 38
9 24 1 29
1 23 15 42
23 47 17 29
5 14 25 2
15 39 9 10
26 20 1 2
32 22 27 28
30 22 21 19
24 21 8 36
10 17 5 13
23 43 19 26
26 7 9 39
31 39 7 13
16 47 23 33
8 29 17 43
9 35 23 13
6 25 4 3
4 14 10 8
40 38 46 13
19 21 8 38
40 46 2 38
4 22 17 1
22 31 4 15
35 34 33 18
23 45 5 10
25 23 12 0
33 34 6 36
46 2 4 20
27 32 1 25
14 18 11 34
15 41 11 29
44 5 49 20
10 4 8 40
16 32 23 16
15 23 23 12
11 36 19 5
23 16 44 7
12 10 13 15
16 26 10 8
7 22 24 35
6 42 9 25
19 23 21 27
21 27 26 2
32 46 11 28
42 3 36 17
15 25 42 7
0 10 22 31
30 12 8 14
11 22 21 23
24 19 9 1
25 23 20 3
8 27 6 13
18 22 23 41
32 40 24 43
16 32 8 15
26 23 1 19
27 23 30 14
40 44 33 5
17 27 15 22
47 5 35 14
21 26 5 15
22 48 24 27
34 26 21 18
20 12 23 16
34 42 0 28
4 25 30 6
33 49 6 35
41 33 7 29
17 13 28 10
20 26 1 13
17 23 7 14
26 13 2 10
11 37 32 5
3 49 17 34
24 12 5 13
47 7 15 27
11 36 23 6
14 16 4 8
17 34 2 18
18 28 20 1
36 27 24 26
18 32 10 1
10 21 36 13
20 37 21 2
23 26 10 12
27 28 21 23
23 48 17 24
34 41 11 20
21 29 6 12
31 34 11 33
16 29 6 14
20 30 5 17
16 15 28 25
40 35 6 41
25 29 6 21
10 24 27 24
34 17 0 7
21 10 20 21
20 15 7 3
25 23 19 26
35 45 8 29
23 37 16 23
5 13 7 43
4 24 18 18
38 34 0 31
24 21 0 7
6 23 1 2
40 33 1 12
10 14 1 26
17 23 5 23
48 8 33 8
27 35 21 37
13 14 3 20
7 29 40 33
14 35 32 14
6 24 6 32
45 0 1 17
14 28 3 10
35 31 5 35
14 49 9 11
36 35 16 4
19 35 1 24
7 19 7 8
23 3 17 46
13 23 10 32
12 34 28 28
16 27 25 2
16 43 6 24
7 35 8 4
18 26 40 16
36 46 5 22
8 9 1 33
24 15 27 19
26 16 1 8
22 13 12 21
17 18 22 26
27 46 19 1
11 19 18 29
22 12 7 30
14 42 2 38
15 38 14 4
16 22 14 38
22 41 11 18
28 17 0 11
15 49 47 18
17 26 21 6
31 27 43 26
20 14 6 26
17 25 39 20
21 36 15 19
21 25 44 10
25 22 26 38
28 19 18 21
22 18 24 38
12 18 21 3
30 13 20 8
37 25 17 9
11 5 36 15
17 12 12 38
19 25 45 10
25 18 18 6
13 12 2 5
16 26 11 14
27 32 5 34
20 46 5 19
19 19 7 4
49 6 40 1
34 33 6 36
31 46 18 8
19 15 10 39
42 30 7 8
31 23 16 20
14 27 30 27
25 29 14 2
19 34 9 11
27 15 4 3
8 31 11 37
20 22 24 45
14 20 44 21
30 47 29 29
27 46 7 35
18 38 20 13
7 30 22 4
34 23 16 42
25 39 30 18
23 28 5 24
46 39 14 20
11 28 21 32
22 28 3 7
21 32 15 13
9 26 19 6
17 3 22 6
31 34 8 14
39 41 43 20
17 26 21 25
9 17 1 47
23 30 4 5
15 28 7 32
15 27 35 14
17 14 36 12
29 44 6 26
8 24 20 26
6 35 3 33
28 22 44 6
21 35 27 13
19 8 22 16
17 31 5 7
11 12 43 26
11 33 11 19
29 41 11 21
31 26 4 6
11 10 4 27
31 46 15 26
11 22 43 9
31 22 27 19
22 25 20 22
34 42 19 4
49 35 18 32
13 38 5 6
18 17 27 27
10 27 7 1
5 25 19 18
31 24 26 24
24 5 1 10
14 22 10 31
2 17 21 21
33 25 19 8
23 47 13 32
39 28 22 23
43 5 10 23
16 16 11 2
26 28 2 6
27 17 11 22
44 45 18 9
9 17 16 30
20 12 44 17
8 17 5 6
18 11 2 4
17 14 14 5
12 33 8 1
32 17 20 24
5 0 19 16
33 15 25 5
21 40 18 29
20 22 18 28
30 11 1 13
22 17 28 6
18 32 33 23
22 39 3 41
1 24 4 9
43 4 4 15
44 27 30 24
26 45 11 16
14 10 20 36
45 46 4 12
6 5 49 19
19 29 23 24
14 29 4 8
16 38 32 32
47 5 8 23
22 30 11 34
14 29 12 16
23 22 10 0
18 18 13 11
46 3 23 33
23 17 7 14
44 5 11 1
26 31 15 47
48 30 22 37
21 34 36 21
40 29 15 5
15 30 17 2
23 9 16 6
40 3 14 6
45 8 11 17
31 24 17 36
4 26 5 10
49 2 6 22
18 32 20 25
18 18 2 6
32 38 3 20
26 23 41 10
24 28 3 31
16 24 6 11
19 27 8 24
15 11 27 23
17 24 3 24
23 36 13 23
16 29 7 25
17 26 12 18
18 17 10 6
16 31 20 12
7 33 17 25
26 24 10 14
22 20 0 3
20 21 22 36
42 1 27 23
9 26 4 18
16 43 37 23
21 34 6 14
27 30 18 3
28 34 9 20
7 27 7 7
23 47 0 27
19 38 15 11
20 19 7 21
15 30 20 26
27 15 17 10
23 11 3 9
19 14 1 7
32 48 7 15
36 18 16 4
13 6 16 12
42 41 10 30
40 49 3 28
1 21 8 1
24 24 16 9
22 1 18 29
17 3 7 6
11 23 3 18
14 25 3 11
9 22 24 27
15 13 2 18
9 37 29 12
13 12 4 39
12 29 9 43
6 20 22 23
16 40 46 9
4 21 9 45
2 16 19 16
20 18 20 23
12 49 13 10
28 33 9 24
26 34 37 15
15 26 12 20
27 25 3 7
20 22 5 6
14 33 19 26
9 18 15 25
17 33 0 12
49 45 29 14
25 14 8 21
29 39 7 17
19 16 14 19
18 23 23 28
35 35 5 22
36 14 3 20
11 28 19 21
19 24 14 35
30 45 23 39
23 12 4 26
19 31 24 32
25 15 13 12
15 25 6 14
18 0 30 37
22 30 20 25
48 2 17 37
23 27 14 30
16 16 5 14
29 40 8 21
28 29 9 24
25 18 20 32
35 39 32 20
15 10 10 30
24 18 43 11
22 41 13 27
36 46 4 8
17 7 13 26
30 43 30 31
17 21 12 33
22 28 10 25
21 13 5 14
16 14 10 13
32 15 11 15
22 20 9 24
27 36 23 9
9 25 18 24
3 11 6 14
27 8 12 8
8 21 46 18
15 23 1 9
21 48 2 12
8 23 14 22
8 46 22 23
5 24 36 38
21 9 3 4
13 32 14 12
14 33 12 26
29 46 3 4
34 44 8 3
20 25 33 10
12 20 21 24
23 31 2 29
30 21 13 27
22 31 14 1
14 29 9 21
16 27 9 18
10 4 2 20
15 24 22 32
15 18 4 20
16 17 9 30
14 27 32 24
19 22 1 18
42 6 14 3
6 30 3 23
37 38 1 9
36 37 3 13
0 35 14 10
20 23 5 33
29 47 33 26
17 16 3 11
23 21 19 10
23 24 8 25
8 22 3 17
35 37 15 31
29 13 16 31
9 12 17 23
23 22 40 14
25 23 17 10
31 19 17 31
20 15 38 8
11 16 10 34
22 16 29 38
10 19 2 14
14 33 34 11
15 33 30 42
23 15 24 27
31 27 26 0
9 24 11 30
40 38 9 2
12 20 21 14
10 18 7 33
12 24 33 31
35 18 26 23
32 5 17 30
13 41 6 14
13 22 3 12
38 29 13 28
26 10 17 6
39 42 12 17
41 40 1 5
48 40 12 30
13 23 0 17
30 8 7 36
18 32 10 28
16 29 29 7
18 17 9 33
19 27 2 21
47 39 21 26
18 17 9 0
30 39 26 12
19 26 15 14
42 29 23 29
