50 1465 11193 800
30 32 1 12
9 26 45 15
43 17 26 12
6 35 47 42
27 45 33 18
41 14 40 7
45 34 45 44
4 26 41 19
30 26 45 21
42 12 35 16
20 44 2 37
39 19 37 25
28 33 33 20
43 19 24 7
6 49 34 21
36 15 32 19
27 21 39 29
0 38 40 15
32 13 39 26
1 23 39 22
45 41 26 33
16 23 21 27
40 15 10 25
21 30 45 26
38 15 39 22
11 45 33 14
17 23 49 15
28 20 20 46
47 36 40 3
10 40 29 24
35 19 29 28
17 34 34 49
26 36 39 2
25 45 32 27
31 17 38 10
34 25 38 30
23 32 35 30
37 11 23 20
45 38 41 32
23 21 12 7
26 13 41 25
40 16 41 42
15 39 35 32
4 35 13 42
28 12 23 26
0 32 31 6
46 43 39 13
43 9 43 25
25 36 29 28
2 49 38 30
24 20 5 42
7 20 29 33
22 27 30 10
6 43 39 41
26 12 32 25
38 19 36 27
25 46 39 27
41 32 23 26
18 37 40 16
33 44 42 19
26 23 45 6
21 37 31 21
1 28 12 17
5 37 33 27
31 36 34 28
42 41 0 36
33 12 49 12
41 38 21 15
40 15 29 16
44 31 21 14
34 15 44 28
15 32 39 13
13 11 38 21
39 17 33 21
21 37 37 30
38 18 19 26
20 42 21 38
16 23 11 1
7 22 30 22
47 15 24 12
24 22 39 27
21 43 39 27
45 13 49 25
21 38 42 30
39 14 36 27
16 29 0 26
35 19 40 5
36 14 32 34
21 43 24 32
22 18 38 15
31 33 37 16
0 26 34 18
42 34 25 6
9 44 48 6
14 49 19 36
7 35 42 35
19 35 41 28
13 34 32 30
9 43 27 22
32 21 0 43
11 33 48 44
20 42 24 15
2 39 45 29
8 43 25 17
39 11 40 18
7 28 46 8
24 28 49 13
30 28 36 13
33 14 44 25
2 30 48 21
21 24 39 17
12 40 20 21
42 39 33 40
42 10 32 17
35 14 35 36
26 15 41 28
19 13 46 0
41 16 47 28
5 44 41 30
25 28 19 41
46 33 29 30
29 41 34 28
23 37 37 23
38 16 37 34
27 31 45 28
37 10 18 37
11 16 30 20
36 10 46 14
25 37 27 14
21 43 35 16
25 36 49 30
5 26 37 16
44 12 41 25
24 30 9 34
17 35 25 27
21 42 31 24
23 31 42 35
23 30 42 6
42 16 31 6
44 16 40 11
8 37 15 22
44 17 27 21
38 13 24 22
17 41 37 17
11 38 37 27
38 25 33 24
15 30 23 28
13 32 40 3
39 17 27 9
38 35 31 15
42 16 28 38
42 13 44 36
17 23 32 22
38 16 35 8
13 38 35 31
40 33 34 18
9 40 32 29
15 17 27 10
25 28 32 24
22 23 46 12
24 48 42 13
24 46 34 20
45 10 38 15
9 38 45 34
18 41 21 9
7 16 43 25
41 15 5 45
43 41 33 22
25 43 35 15
37 42 41 0
33 34 40 26
28 25 14 3
18 3 41 18
40 37 16 16
43 15 22 31
25 31 33 14
23 30 38 21
42 19 18 13
23 31 43 14
34 10 37 27
26 34 3 43
26 35 46 6
36 15 40 19
10 31 49 10
30 33 41 30
35 19 11 26
17 40 34 18
49 44 42 35
41 18 43 13
47 35 15 36
41 12 14 7
15 25 35 27
14 40 40 23
39 48 41 33
41 16 38 20
9 41 27 34
28 36 26 29
4 16 36 24
15 33 33 26
32 15 39 25
41 10 38 21
30 34 17 39
8 27 47 12
34 12 48 19
22 30 0 39
37 15 41 35
22 27 40 29
29 27 45 18
19 38 31 15
37 15 34 28
42 17 5 42
38 16 8 47
38 38 26 17
5 33 48 9
41 14 47 18
27 37 44 39
39 19 31 49
46 16 15 37
24 15 36 25
49 37 29 6
23 39 22 8
44 12 29 22
32 38 28 26
28 30 38 12
6 23 35 7
36 23 17 40
1 31 36 27
42 14 42 22
41 43 40 31
28 26 43 33
9 31 36 7
22 41 36 25
34 13 35 23
43 17 33 18
18 28 30 29
37 14 19 34
22 33 29 34
10 29 43 24
37 8 24 31
37 13 11 42
18 44 38 20
41 14 27 9
46 6 44 27
42 33 22 36
14 38 46 28
1 34 16 5
47 40 37 21
12 40 25 29
27 38 21 24
42 35 45 20
15 39 33 25
5 36 25 20
41 17 36 24
20 34 46 8
39 12 26 14
4 35 20 32
8 35 34 33
41 17 38 23
47 28 43 10
44 39 27 7
21 27 44 25
24 30 28 49
35 32 29 23
39 19 39 31
32 10 30 15
10 39 14 9
23 18 31 25
31 49 49 25
2 18 32 22
42 18 38 8
42 13 17 27
28 18 35 9
36 11 24 20
43 14 17 34
26 32 3 35
6 32 34 37
42 21 47 15
20 27 34 14
40 16 10 0
11 26 19 12
11 42 8 37
33 30 8 25
20 31 47 5
37 16 35 21
6 32 20 16
39 19 41 24
27 41 49 41
13 47 33 25
43 19 23 4
3 37 33 20
11 36 38 30
45 32 42 26
41 33 40 13
21 40 48 16
38 15 39 20
35 11 35 38
31 21 45 11
26 22 32 16
32 19 36 11
26 31 18 20
46 35 37 20
44 17 29 26
11 30 44 13
10 41 32 16
34 9 29 29
5 46 29 25
9 39 37 15
6 34 22 24
42 12 37 27
39 32 23 15
47 41 40 35
33 31 48 26
34 9 39 28
22 20 31 35
43 15 42 23
24 28 40 32
40 19 0 7
34 14 48 19
41 13 16 30
17 30 31 38
39 20 22 27
38 14 28 24
43 38 39 23
5 24 27 22
28 31 34 13
23 15 24 19
40 14 34 21
37 13 32 14
45 45 41 22
34 13 32 19
23 38 46 25
42 10 7 4
8 31 17 45
8 44 16 16
47 18 38 20
39 10 22 36
26 21 27 39
18 37 33 24
28 47 39 26
42 12 47 20
19 25 20 17
15 45 5 42
30 30 37 12
18 10 37 21
41 21 43 32
24 26 39 20
32 8 48 13
23 30 34 19
30 42 32 24
24 36 12 13
23 34 20 40
40 15 42 25
13 31 21 9
28 38 37 6
35 38 47 3
40 15 26 36
20 37 29 34
24 25 0 32
25 36 46 22
13 21 33 21
18 39 36 13
34 49 33 20
37 13 38 6
44 18 29 35
23 29 36 34
27 17 42 24
45 37 45 16
30 39 13 25
35 49 18 18
43 12 43 19
26 33 31 22
24 36 46 9
12 29 36 8
34 35 4 5
10 49 23 36
45 36 35 17
34 39 42 23
16 29 23 8
35 10 37 17
5 34 31 19
25 32 3 32
48 15 25 2
47 39 37 24
24 30 34 15
29 31 33 20
4 22 37 15
34 36 6 36
32 29 39 30
38 16 43 35
36 12 38 28
15 39 30 13
19 38 8 32
34 23 49 15
38 17 43 17
9 24 37 26
7 31 21 5
27 39 39 31
1 45 34 26
21 42 29 48
33 48 26 11
34 9 24 24
22 27 29 15
24 13 31 20
13 49 48 13
49 33 2 44
40 23 33 23
34 15 36 28
11 42 2 36
49 46 49 13
17 43 2 31
33 15 36 22
25 40 1 28
35 13 45 28
35 17 33 26
19 26 36 24
39 20 38 24
28 39 3 40
34 47 34 22
31 25 48 34
43 7 46 19
41 15 15 11
30 27 5 37
32 27 27 32
15 46 36 17
17 44 28 26
15 29 26 33
15 31 15 49
45 41 49 14
38 9 29 34
41 43 46 35
46 15 0 44
31 48 43 14
40 28 44 22
43 20 49 44
38 18 4 29
7 38 39 22
36 38 39 26
43 14 32 33
41 12 26 19
39 17 27 26
4 40 22 19
34 14 40 32
28 34 37 21
44 32 35 46
35 17 44 21
19 20 41 17
32 29 26 20
27 35 21 24
5 33 9 16
31 40 23 23
37 14 42 2
35 17 27 15
24 41 35 19
26 29 35 28
25 24 5 36
5 23 24 34
28 35 24 47
39 12 43 21
30 33 41 13
27 30 33 28
18 27 1 42
47 38 27 25
9 28 35 40
32 32 39 32
12 41 36 17
30 23 8 41
7 32 27 31
24 36 40 36
39 12 34 28
40 15 7 26
39 18 14 37
17 37 0 32
22 30 40 7
37 12 35 25
12 35 30 13
44 32 20 16
42 41 29 16
27 27 31 13
26 40 46 30
40 19 9 36
24 32 34 31
27 40 27 11
37 6 29 30
8 26 38 27
32 0 30 12
39 14 44 16
11 32 7 38
45 21 33 29
27 28 39 14
37 0 19 20
47 19 26 22
38 10 40 0
45 35 29 15
43 11 30 4
36 14 34 27
34 40 38 37
0 46 45 22
46 13 46 41
28 34 11 8
36 17 35 28
35 17 37 24
48 23 48 29
40 19 9 31
38 7 26 22
42 18 38 22
17 20 31 44
0 48 37 38
44 18 41 7
16 32 29 20
4 31 38 27
46 42 36 37
44 36 32 35
42 13 40 28
33 15 48 43
14 29 31 10
41 13 22 23
6 31 25 48
16 28 41 27
30 18 43 20
27 32 47 21
21 35 26 11
14 25 42 21
34 15 35 22
31 11 40 27
25 15 4 25
9 42 48 14
25 41 45 30
39 38 32 12
18 11 35 21
21 40 23 4
25 34 44 15
37 25 38 29
1 36 29 21
41 9 3 33
25 38 30 28
10 40 28 12
25 42 33 24
27 33 26 24
37 34 38 22
4 45 39 18
34 47 31 16
43 16 32 0
14 27 28 20
44 36 31 24
33 16 48 28
3 47 45 29
36 11 21 30
2 31 35 21
38 19 44 44
41 17 23 20
14 27 31 17
11 39 42 11
24 40 28 21
39 18 36 32
35 42 10 45
35 14 41 18
41 15 31 37
29 38 1 43
40 16 31 22
29 14 34 2
40 17 19 42
8 40 39 8
42 17 34 12
26 1 18 12
40 15 35 21
43 18 46 1
35 9 30 26
30 46 47 4
40 16 24 4
36 15 20 33
28 30 32 16
37 18 27 21
11 31 23 28
43 18 49 39
40 18 42 12
21 41 46 10
37 18 19 20
37 15 19 44
40 34 26 11
23 32 39 6
23 16 34 11
41 23 45 19
22 24 36 23
16 19 36 21
42 17 34 19
0 34 42 12
28 43 42 27
27 36 40 25
20 35 40 5
37 10 37 32
30 18 46 30
6 17 5 6
20 34 39 20
46 39 31 33
19 24 36 32
37 20 34 24
42 34 34 28
37 8 34 16
13 27 23 17
7 48 48 21
28 7 38 27
36 17 20 25
34 11 19 10
7 35 41 33
28 37 10 17
30 31 47 29
22 34 33 24
16 34 34 27
7 44 19 25
25 34 36 31
21 21 28 31
22 12 43 18
19 35 46 14
26 27 27 22
22 31 40 27
11 43 6 49
14 35 17 40
31 37 34 15
31 31 33 20
6 27 32 36
36 45 42 27
39 31 1 14
43 25 37 25
43 39 46 28
41 10 23 27
28 40 37 12
13 16 14 37
43 40 8 39
17 7 32 22
17 32 29 23
21 37 35 19
45 34 44 21
26 24 47 29
7 27 28 13
35 15 20 19
25 37 19 12
27 37 34 16
32 20 23 28
12 30 39 16
5 39 36 35
29 12 6 47
29 41 29 16
13 33 31 17
37 15 35 24
4 47 41 25
26 29 20 15
40 16 33 18
13 38 17 25
1 40 33 22
20 31 40 21
22 11 29 13
23 24 45 17
12 25 1 31
18 30 31 24
30 2 30 26
16 14 33 13
38 16 4 35
31 32 30 28
9 37 40 32
28 15 15 16
22 42 20 25
32 22 19 30
43 35 2 38
22 27 40 35
37 14 31 32
33 36 44 45
14 21 39 31
32 35 9 38
39 9 36 25
37 16 24 26
26 32 35 17
27 42 45 25
32 15 47 13
16 31 40 30
28 23 34 21
45 15 39 18
13 38 29 18
36 32 35 45
38 11 31 28
22 32 36 26
39 15 35 20
40 19 4 31
34 16 44 21
18 11 30 29
7 39 46 15
42 34 34 22
46 37 39 34
11 22 4 26
24 38 43 14
24 41 35 12
24 18 4 31
1 32 21 26
39 15 22 11
12 49 34 18
34 8 16 8
18 29 19 33
30 49 45 26
7 27 39 17
27 20 34 14
41 16 41 30
23 36 41 24
33 19 42 21
18 43 37 36
39 15 29 29
41 17 45 30
40 14 32 28
25 29 12 27
0 38 49 12
10 24 40 29
14 42 36 35
35 15 33 19
44 39 36 20
26 28 36 10
42 11 32 33
25 44 49 21
32 30 23 27
43 13 34 35
43 35 10 17
31 45 41 42
36 14 27 21
43 14 2 0
37 12 32 6
41 10 38 24
38 32 29 24
24 47 49 18
21 36 40 21
41 40 42 26
40 16 28 42
32 24 47 11
38 37 5 34
45 36 23 3
4 36 34 25
43 12 33 28
39 16 49 17
25 35 35 19
7 33 36 29
27 28 38 41
35 46 35 24
17 35 34 27
27 41 42 32
43 15 46 33
31 39 35 32
34 22 31 20
13 41 20 36
38 17 44 21
31 28 10 22
0 34 21 21
18 41 2 34
25 34 47 29
8 44 38 23
31 14 26 22
18 33 36 17
41 16 37 21
28 40 41 6
17 25 48 23
41 14 45 25
23 40 24 15
40 23 33 21
39 14 12 17
32 29 46 19
40 19 42 32
17 35 32 16
49 40 48 16
45 31 3 38
41 10 33 25
18 20 47 6
33 34 38 15
39 14 33 39
44 22 27 17
9 23 47 27
26 27 1 18
27 34 46 36
38 12 42 22
13 31 27 25
7 37 49 22
38 14 24 19
24 41 38 15
38 15 9 15
5 25 33 23
41 18 38 13
18 28 17 17
36 21 49 15
46 15 43 27
39 21 27 13
39 21 32 34
39 39 45 0
11 38 39 5
25 33 32 28
42 17 31 29
31 35 43 30
43 12 27 6
25 32 39 30
5 43 32 23
0 42 6 21
34 20 37 16
26 25 36 28
38 21 21 18
27 49 25 45
9 42 41 16
45 38 3 30
25 35 40 31
16 38 3 37
13 43 20 28
26 40 27 9
25 29 32 21
30 25 48 15
44 17 38 24
1 22 26 28
13 39 49 4
33 21 34 27
22 37 35 21
41 34 31 2
40 16 10 31
39 18 32 36
32 19 25 23
41 14 35 14
25 47 26 2
16 34 13 19
39 12 8 45
43 12 27 24
43 26 34 25
38 18 30 23
35 17 44 17
27 29 46 24
45 18 15 25
28 42 31 14
23 41 36 17
38 14 29 27
5 33 36 27
20 25 43 21
29 28 45 30
17 34 36 21
36 21 18 20
43 33 4 39
14 23 23 19
38 15 49 16
22 32 26 12
4 10 41 13
40 20 15 11
1 45 35 23
16 35 37 25
18 34 48 17
7 43 22 19
29 31 17 37
27 41 15 39
2 36 37 25
34 17 37 19
13 21 5 4
17 42 30 42
37 13 33 4
39 15 38 32
14 42 38 1
25 49 4 32
17 46 21 39
25 39 42 28
24 43 45 24
24 35 12 27
47 34 32 34
47 20 41 15
33 44 3 28
5 26 23 20
31 23 7 20
0 41 39 15
4 47 28 40
28 47 39 22
33 38 47 30
27 29 47 5
32 35 39 18
23 35 41 22
41 16 31 22
32 29 5 38
39 30 43 31
13 34 39 28
43 37 41 17
42 18 32 12
25 27 32 28
38 15 36 32
19 32 41 37
40 16 45 19
42 17 35 18
26 23 1 37
40 18 29 8
26 33 38 29
3 33 37 27
46 35 4 42
8 42 47 19
1 35 25 22
42 20 26 13
23 34 8 39
23 26 26 32
41 16 49 0
38 20 32 26
31 29 22 19
24 42 44 27
15 32 28 38
22 42 48 31
42 10 31 34
39 16 14 48
35 13 49 1
27 28 44 28
27 25 36 38
34 16 25 20
36 15 32 19
35 36 40 13
36 13 11 26
39 15 26 30
25 38 27 20
26 24 3 17
40 10 33 15
26 28 33 20
18 35 43 7
30 13 47 20
22 31 13 23
26 28 44 43
25 24 38 23
38 13 31 8
19 35 42 21
24 27 31 28
40 13 38 45
26 29 45 14
1 34 35 22
30 33 36 12
40 9 12 36
24 32 34 26
36 19 35 14
40 19 17 24
7 23 6 38
4 40 33 32
29 44 40 31
42 18 43 7
25 35 4 45
36 29 46 26
2 30 45 25
40 16 30 31
45 14 34 1
18 33 44 9
3 41 33 40
19 44 22 22
17 35 44 17
41 19 38 21
26 44 45 23
27 16 0 2
7 36 44 9
14 41 34 34
39 30 26 39
3 47 37 27
16 36 28 23
42 13 32 35
32 29 32 12
40 21 31 9
27 42 32 16
33 13 24 25
4 22 33 30
37 16 30 33
19 44 35 15
39 18 5 40
33 18 31 25
19 26 29 19
9 44 25 31
19 29 37 18
40 13 35 25
26 34 29 23
38 13 27 22
5 35 36 26
17 28 4 39
44 15 28 24
7 29 31 26
29 34 30 27
23 40 30 13
46 21 26 19
36 13 36 23
42 17 32 12
33 29 39 28
25 7 31 34
41 14 35 20
42 17 8 32
8 32 45 28
29 33 35 27
28 20 1 37
17 18 30 37
34 15 39 19
16 45 36 16
40 21 19 19
45 33 39 34
44 41 48 6
39 49 23 26
35 20 17 3
6 38 38 19
35 16 30 23
40 40 28 12
32 34 45 9
36 17 42 28
40 13 30 21
24 38 30 35
22 31 44 34
28 19 34 22
33 34 29 20
10 43 25 22
15 27 2 37
39 23 44 22
16 24 45 15
23 42 35 27
49 38 42 17
35 17 41 18
39 36 48 24
19 28 43 21
23 36 34 32
19 33 20 15
39 12 23 14
26 18 32 32
18 37 37 26
22 25 35 16
26 25 26 32
41 13 42 22
37 32 48 15
24 29 38 15
10 49 25 29
6 32 45 7
34 39 30 6
24 26 49 27
37 28 49 29
6 39 38 22
5 40 46 46
44 18 39 24
13 34 39 23
40 19 36 35
31 14 32 38
38 22 35 33
33 17 47 41
32 49 47 24
23 19 33 23
27 35 47 8
42 18 33 20
45 13 24 19
40 15 27 10
38 10 18 14
28 25 35 13
34 21 48 14
15 37 44 27
27 33 43 21
12 31 26 27
21 32 40 31
23 34 34 27
18 32 22 19
37 17 35 28
34 38 42 22
37 16 24 32
26 18 34 15
19 32 31 22
28 37 35 32
24 32 17 34
24 30 40 26
5 26 35 13
22 34 49 26
3 33 34 26
23 37 39 11
22 25 48 26
43 14 7 32
41 12 4 1
20 39 44 26
15 47 34 28
43 18 36 24
43 11 32 27
38 27 45 22
38 19 45 16
23 37 35 33
16 47 27 16
40 17 41 10
22 9 29 5
16 41 4 34
37 20 40 42
7 33 37 44
27 23 37 12
8 36 24 22
37 14 8 18
37 19 15 14
44 18 34 27
39 19 44 12
45 39 44 15
14 33 8 35
30 34 42 24
14 40 34 27
16 28 24 33
27 42 41 7
27 39 39 25
33 15 42 6
24 43 38 16
31 13 49 14
31 32 35 26
13 33 38 25
23 30 41 20
41 10 36 15
43 12 49 31
6 34 42 30
35 17 40 4
40 17 3 42
28 46 32 41
35 14 40 28
31 24 39 21
22 42 41 28
20 34 32 19
16 41 33 23
22 28 43 15
42 29 40 21
41 15 37 23
41 15 46 15
19 34 33 19
40 15 26 29
24 24 17 14
25 18 47 16
32 33 21 10
29 27 30 21
17 47 49 16
41 13 45 24
39 10 14 38
33 38 42 32
38 14 16 9
34 44 30 12
14 17 35 33
38 16 42 20
30 23 42 36
23 31 48 18
31 45 8 18
22 47 18 41
39 26 49 11
29 23 41 5
37 12 38 19
45 16 41 19
1 38 7 16
44 11 40 29
8 28 36 29
39 14 9 32
11 40 30 36
39 15 9 17
3 15 29 26
22 46 48 32
42 17 35 15
20 23 25 10
35 31 41 26
40 41 36 27
45 39 24 22
43 13 35 17
33 35 42 10
44 9 1 9
12 34 36 30
33 29 25 34
32 14 10 35
40 39 34 18
33 33 43 32
42 17 27 37
37 17 39 10
38 12 28 28
23 34 19 5
21 48 32 25
41 14 30 14
1 32 34 12
18 27 33 28
45 20 38 19
41 21 32 31
41 15 36 4
23 37 42 27
19 34 34 25
9 15 26 39
37 22 47 19
43 24 19 24
43 16 18 2
29 38 39 38
37 13 30 31
42 36 38 16
12 30 40 34
28 32 41 27
32 30 35 10
36 38 39 32
21 33 34 14
37 14 35 22
31 26 29 19
25 26 42 26
13 32 35 33
31 18 30 41
49 35 11 32
11 1 23 30
15 25 31 15
3 19 31 26
19 38 25 16
4 39 47 25
14 36 10 28
22 25 40 38
21 44 29 30
3 35 39 27
24 29 23 15
39 15 34 23
39 22 29 26
36 11 25 39
25 34 21 48
40 17 40 25
34 10 49 33
24 5 31 25
33 30 29 15
11 29 28 22
13 41 4 24
22 41 33 40
39 17 44 44
38 19 20 40
34 37 45 32
18 36 32 36
39 13 38 21
29 14 38 31
11 30 38 28
46 27 36 33
36 12 42 21
8 40 39 29
34 30 38 31
23 26 35 11
16 39 25 30
17 17 45 21
40 17 33 24
45 15 33 33
22 30 47 33
22 32 45 23
38 20 41 34
37 16 42 22
35 15 46 32
27 45 39 30
13 35 43 19
37 17 34 15
17 32 48 9
36 18 37 41
9 32 37 18
48 45 45 22
24 38 46 5
42 34 45 11
43 35 38 21
40 38 43 20
40 14 30 27
38 17 30 23
20 29 42 21
33 11 22 36
2 44 20 29
41 37 31 29
27 32 36 18
21 45 34 26
35 10 44 22
29 28 36 39
27 27 45 26
45 15 28 15
21 28 16 4
5 45 37 25
35 34 8 27
38 20 32 8
39 37 24 38
20 23 47 10
39 21 33 28
39 18 48 3
4 26 32 11
23 45 31 35
35 17 23 45
44 15 35 20
23 30 32 9
8 39 42 17
15 47 26 20
41 14 30 27
37 26 10 12
31 38 45 16
40 16 17 14
4 47 43 7
44 10 36 23
40 31 44 40
37 40 39 8
41 11 16 24
36 33 39 19
38 18 22 33
37 10 40 27
0 39 41 18
16 26 19 42
22 34 31 21
36 18 25 19
37 7 26 14
37 19 32 29
33 18 18 46
42 15 29 19
37 17 38 23
25 25 25 20
9 37 11 6
38 35 14 36
26 44 33 23
14 29 44 20
7 43 35 39
37 8 34 10
35 20 24 25
39 40 33 20
41 11 33 29
37 25 37 1
32 15 45 22
24 28 36 25
38 16 35 0
23 35 42 19
45 34 40 3
39 20 28 32
20 27 35 23
3 47 42 24
34 45 35 15
5 17 43 19
27 34 36 15
30 34 2 9
40 15 34 40
7 24 34 45
42 13 20 31
40 15 17 37
24 29 45 26
21 29 0 23
12 38 29 23
36 35 37 25
4 45 34 20
42 18 31 8
39 23 35 4
17 29 38 27
38 21 14 24
18 34 42 0
20 45 26 3
11 3 37 26
19 34 38 35
17 20 43 21
33 16 43 17
18 33 31 20
42 19 40 36
25 28 48 19
32 14 20 30
30 36 36 31
7 41 38 14
23 37 34 20
31 22 27 34
0 31 48 19
23 40 28 30
41 21 40 16
14 14 26 28
18 37 19 6
27 32 30 9
39 12 18 28
26 48 15 33
3 46 26 35
29 43 31 35
23 30 19 25
39 9 32 15
43 11 40 17
21 45 25 13
34 16 46 9
18 28 34 32
24 45 31 28
17 35 41 17
35 28 46 17
22 32 16 14
16 15 44 13
9 39 39 16
39 15 44 21
6 22 34 26
13 37 36 0
11 49 27 20
11 42 26 33
24 34 33 20
21 26 31 36
37 49 27 17
44 18 32 36
10 38 31 26
37 14 37 24
19 34 39 25
37 18 47 8
25 30 10 19
33 16 40 20
45 16 32 19
42 39 49 24
42 17 12 35
20 21 37 24
6 34 28 18
40 13 35 21
45 32 42 34
34 46 31 21
28 44 49 26
30 31 31 19
40 15 30 28
42 16 46 20
32 29 30 32
24 35 38 31
42 37 35 23
14 27 4 32
46 13 49 0
27 45 30 26
38 15 45 49
22 26 32 12
8 37 44 26
41 41 21 20
12 44 43 41
36 15 27 23
17 34 7 31
21 26 29 33
31 35 38 26
48 32 27 27
28 28 43 23
43 37 28 22
7 39 43 17
19 46 34 29
36 17 28 18
39 20 47 18
31 41 20 32
10 39 38 17
40 17 49 12
21 28 40 20
37 32 28 32
1 41 22 10
32 15 40 20
40 18 32 30
19 34 43 22
37 12 28 11
44 13 34 7
30 34 46 14
21 35 38 32
40 19 41 5
30 29 39 18
27 27 39 17
25 17 45 3
14 29 35 17
20 25 0 32
37 20 28 23
26 37 14 14
4 45 36 13
37 32 34 13
14 43 30 29
26 40 39 38
34 16 28 23
39 38 11 29
28 29 46 29
40 41 49 27
45 13 20 20
40 8 11 16
33 16 27 13
42 12 49 5
16 44 43 0
33 13 44 24
1 36 29 22
33 16 45 12
3 32 45 43
15 31 47 7
47 39 33 14
42 21 24 23
32 35 42 18
41 17 30 22
41 19 24 22
21 46 36 19
36 15 26 19
45 37 31 18
39 17 26 21
39 12 38 42
34 17 34 29
41 13 26 19
10 47 29 23
37 16 35 40
20 28 37 19
25 39 22 19
1 32 37 29
22 24 36 5
19 41 41 24
21 43 46 32
39 39 27 30
24 18 41 14
37 44 45 18
15 14 28 22
