50 51 17586 800
32 14 16 11
31 12 25 11
30 9 27 22
42 27 40 15
21 34 10 39
19 13 32 18
30 11 37 42
49 27 28 38
40 45 34 38
40 22 9 14
27 20 26 8
30 13 12 24
31 10 37 13
35 40 36 16
30 7 3 17
40 23 14 18
40 27 14 43
36 12 45 21
19 41 33 13
18 21 49 8
32 41 9 22
12 25 36 21
25 21 35 13
23 21 39 20
29 28 24 19
17 8 21 13
16 18 44 22
39 49 48 24
31 13 35 2
37 17 30 27
9 2 46 9
46 32 42 19
21 21 39 21
39 18 13 21
35 15 18 46
35 21 30 24
35 12 40 15
47 40 33 22
33 20 32 9
38 29 32 30
35 26 17 5
40 20 15 13
25 48 19 26
10 15 31 19
39 19 44 4
20 8 38 4
36 33 30 20
18 14 17 21
22 10 23 26
40 40 22 13
14 44 40 4
