50 91 15199 800
7 11 26 27
37 10 48 10
40 16 31 2
28 2 42 22
7 14 8 0
40 12 45 25
10 9 34 45
21 32 15 24
43 31 3 21
14 25 18 22
7 14 44 35
30 9 34 3
34 25 8 20
35 27 4 22
12 1 4 22
27 39 9 42
42 20 8 27
42 40 19 37
27 2 31 28
42 13 38 20
21 23 5 29
41 16 49 6
38 16 4 21
36 24 41 24
41 34 10 22
37 32 35 25
14 17 36 35
2 19 21 10
6 48 29 38
43 33 37 33
14 12 6 20
46 34 26 46
1 18 5 38
36 15 39 31
12 17 39 42
43 43 8 20
17 49 6 49
30 31 30 10
8 8 38 22
42 18 38 17
45 30 7 21
15 6 15 40
28 7 39 22
41 30 31 5
42 12 40 41
43 4 38 28
24 43 19 2
35 44 32 21
43 15 13 44
7 17 7 38
6 9 5 36
45 8 26 38
43 9 31 6
42 9 33 32
44 14 16 0
22 3 9 23
37 25 41 30
42 40 8 24
42 13 18 37
48 5 16 45
12 18 42 39
16 18 47 25
12 12 37 13
29 0 28 32
48 13 43 18
37 13 23 13
12 9 7 48
45 10 9 26
42 13 26 12
41 10 27 16
16 18 23 44
28 20 35 7
34 2 38 44
27 27 5 34
34 9 10 31
14 19 22 41
42 16 20 42
34 6 32 2
39 19 7 18
36 12 3 21
47 34 19 7
34 15 6 24
44 13 20 29
38 45 30 46
46 12 20 35
44 18 9 22
8 30 38 22
32 28 45 18
36 16 8 23
44 32 43 44
27 16 9 21
