50 849 19417 800
4 19 7 32
12 11 4 23
42 4 9 22
26 16 11 24
20 8 33 27
26 10 31 28
26 12 12 27
26 21 5 13
43 10 24 20
42 17 5 27
0 43 26 23
30 5 9 22
22 32 0 30
33 14 7 26
17 24 44 33
38 30 39 23
16 41 0 13
39 42 40 35
20 18 6 27
13 34 16 28
18 1 2 12
4 43 5 35
4 41 41 28
21 9 5 2
4 1 36 10
41 9 10 32
18 3 2 7
38 21 24 17
30 4 25 23
35 41 9 19
49 22 7 33
18 30 9 47
20 5 26 20
36 22 27 22
5 3 37 16
42 17 16 24
9 11 33 34
14 0 23 6
2 23 39 23
29 20 37 21
2 42 31 41
25 16 20 26
9 48 12 19
3 4 3 21
18 10 36 42
27 39 7 29
30 33 24 19
38 22 4 9
12 2 10 13
47 18 23 18
19 8 20 31
16 27 22 16
20 23 7 29
3 49 34 12
25 30 2 26
20 0 8 9
47 22 26 22
21 28 0 29
32 18 13 34
42 40 23 24
11 48 14 31
21 6 20 24
18 17 21 31
41 17 5 28
32 22 8 13
48 27 5 16
18 22 4 18
22 6 28 27
13 40 1 8
18 8 22 19
24 30 7 18
16 6 3 6
30 29 4 11
24 4 27 15
13 14 8 27
38 26 17 25
1 0 30 19
46 1 49 36
33 17 1 11
24 21 5 13
26 24 5 39
23 5 35 31
36 22 9 31
19 27 4 15
9 45 11 25
29 39 16 31
32 39 43 35
1 3 5 11
16 21 24 11
44 6 17 27
9 7 4 33
20 26 22 41
18 35 6 16
2 49 32 13
14 20 3 23
24 5 49 34
19 0 3 22
13 0 4 22
22 8 1 28
16 19 23 25
18 19 4 28
7 34 4 41
10 9 12 48
43 25 41 12
18 14 8 19
34 17 8 24
31 19 37 23
37 29 45 26
26 4 8 27
9 11 28 22
37 30 1 19
48 35 24 19
18 32 30 19
3 4 19 29
44 12 29 36
8 4 21 18
18 32 30 21
46 16 35 22
42 20 22 13
22 21 5 1
40 21 1 35
3 43 12 27
19 43 6 19
16 25 40 27
1 2 25 46
23 19 22 25
17 7 25 31
20 18 17 38
35 28 9 27
34 22 3 23
25 35 24 20
35 2 1 5
18 23 30 20
2 1 7 22
18 7 28 16
24 14 30 22
25 10 19 15
41 30 9 25
0 45 43 28
10 43 16 13
44 23 8 34
40 28 4 44
47 28 7 28
41 16 38 31
11 19 38 27
44 16 11 8
8 49 37 16
37 23 44 34
32 30 13 23
5 45 9 35
20 13 32 24
3 5 1 19
16 22 11 32
25 5 46 41
31 35 8 13
39 14 23 22
29 26 7 18
28 25 0 20
3 9 37 28
24 8 28 47
5 49 4 27
4 4 28 45
16 3 11 10
14 12 19 19
30 24 31 47
42 9 2 8
1 16 6 20
14 8 7 7
34 7 7 23
2 14 36 24
38 32 8 26
21 3 2 8
32 37 24 18
0 0 6 27
37 43 10 26
11 23 3 5
3 49 3 9
10 25 1 19
4 19 23 23
10 2 16 7
25 37 29 21
7 37 5 34
38 13 6 24
18 15 1 19
48 25 45 32
9 6 13 40
21 9 15 42
28 37 27 23
15 14 3 10
31 49 39 37
47 13 40 36
23 14 6 14
8 6 28 19
37 22 3 14
7 46 37 37
48 20 19 15
11 13 49 32
25 14 29 19
16 5 16 32
24 3 4 18
21 7 43 28
33 33 15 29
29 1 1 21
2 2 16 20
43 22 28 15
0 4 30 24
20 14 7 6
15 24 31 24
13 41 25 28
37 28 7 15
12 13 46 30
21 8 19 49
26 30 15 20
17 9 23 24
13 26 29 21
18 5 6 39
10 5 13 16
1 16 2 7
22 13 12 49
20 21 2 21
24 21 31 20
0 0 1 18
16 8 6 32
36 12 2 25
43 15 29 24
49 11 0 30
25 28 28 10
4 2 5 10
36 39 46 26
9 39 38 14
18 14 4 15
16 20 6 23
17 0 1 48
17 48 21 22
24 9 26 22
3 2 42 16
22 14 7 37
37 25 48 19
22 48 27 22
15 2 6 20
28 40 32 42
20 22 3 8
6 32 23 28
22 39 12 14
2 8 18 22
26 41 25 18
18 22 6 31
14 15 33 24
24 14 47 26
8 7 34 28
21 9 10 46
1 4 20 46
30 28 0 11
6 2 38 27
36 35 10 12
1 3 39 17
8 19 45 32
26 12 23 25
27 42 4 13
14 24 26 46
8 28 28 22
42 17 26 22
21 23 1 11
10 10 12 20
18 18 8 30
37 23 29 20
0 3 45 28
21 23 27 25
32 39 16 30
25 26 7 11
24 46 7 26
43 15 2 16
20 23 8 25
14 16 6 5
19 4 4 18
20 5 16 26
21 23 30 20
11 1 8 10
39 12 27 18
23 41 2 2
17 2 7 22
18 27 4 17
42 21 4 22
18 30 29 22
34 35 42 36
17 17 34 20
4 38 28 28
41 20 43 30
28 19 24 23
29 43 6 8
27 20 25 25
28 22 8 22
45 22 1 7
43 26 0 27
18 37 7 25
17 8 26 20
14 46 7 27
21 11 37 15
12 15 14 21
0 9 4 14
19 25 10 32
8 20 40 35
27 32 27 21
32 28 3 15
44 22 6 8
41 36 4 16
33 34 15 22
28 47 38 11
15 24 10 28
20 27 6 25
31 43 10 17
9 4 10 36
11 36 25 21
24 7 29 44
37 35 11 19
41 34 44 19
16 21 2 21
9 20 0 9
8 45 8 33
27 41 37 38
15 20 13 11
19 23 29 25
21 6 17 46
3 48 39 34
18 42 24 46
39 25 24 21
28 19 41 32
38 34 45 25
26 25 39 29
2 6 19 22
3 43 38 32
42 8 35 36
37 5 25 21
25 23 28 14
19 22 45 29
21 16 23 42
4 7 10 28
34 21 8 30
22 24 3 22
20 22 3 39
14 9 33 20
20 10 31 4
12 16 1 21
2 48 14 17
22 17 7 20
29 12 27 23
15 0 7 32
2 47 18 29
21 22 26 20
37 21 28 20
1 2 6 46
16 21 30 22
27 17 8 26
20 3 17 27
38 47 30 17
31 31 39 40
32 33 20 47
16 2 30 21
16 17 2 10
39 4 33 30
14 17 41 12
42 17 2 12
13 46 21 27
14 26 19 26
12 15 5 13
9 27 22 39
34 25 2 35
41 18 32 22
10 41 45 35
42 34 5 18
11 16 3 13
33 19 3 39
15 19 10 42
42 21 39 19
9 11 45 26
27 6 7 27
9 5 28 23
19 25 12 5
4 4 0 23
2 36 2 24
44 23 24 15
13 3 30 22
29 7 40 33
43 42 27 23
18 21 9 11
45 8 9 36
40 14 21 16
0 1 6 14
24 0 2 22
19 26 30 22
19 25 12 19
27 11 13 36
21 5 2 19
42 19 8 11
46 16 4 32
18 12 5 22
19 11 15 28
18 5 6 39
18 15 32 10
49 21 2 28
33 41 19 49
30 6 45 35
28 42 22 27
19 24 10 25
9 44 4 37
14 7 49 36
15 49 45 6
19 6 46 21
21 25 14 29
31 33 1 4
20 25 17 19
26 21 4 12
27 46 11 39
36 24 38 31
18 3 3 9
21 10 2 20
22 6 31 28
12 18 9 24
14 17 34 25
13 28 9 34
16 16 22 9
3 3 3 26
24 46 26 26
31 29 35 21
17 16 26 23
22 17 10 36
33 39 41 26
2 3 2 31
4 3 17 31
43 3 18 43
16 14 40 34
21 24 1 25
13 5 11 12
42 30 46 21
1 4 5 40
2 5 26 17
17 6 31 49
19 5 10 24
34 46 37 8
30 6 7 25
11 29 13 34
25 21 20 30
21 1 29 25
17 0 19 40
12 9 29 19
18 14 44 2
5 6 0 18
14 14 8 9
20 18 16 26
19 29 22 19
14 0 14 21
47 26 34 21
19 41 23 21
29 45 17 37
19 46 13 9
7 7 34 18
28 20 7 24
42 12 18 20
4 0 38 32
28 40 7 17
20 12 30 14
23 36 15 6
4 2 29 25
30 4 6 23
8 43 40 21
48 29 40 30
19 22 25 20
0 2 26 20
26 43 25 30
41 21 9 23
13 9 8 25
1 4 35 8
6 48 21 33
37 17 10 14
42 14 24 18
20 36 42 33
23 38 3 38
39 23 9 39
26 10 20 18
40 20 9 29
31 8 5 11
26 14 44 33
19 9 7 18
0 2 10 26
14 4 7 28
16 22 5 23
30 3 0 13
43 19 7 18
42 18 5 10
25 16 37 15
42 29 6 26
21 26 34 39
41 19 3 18
23 17 33 42
36 43 27 16
28 48 34 28
2 5 18 36
2 47 5 13
42 25 27 22
13 15 5 22
41 25 24 17
9 44 45 37
48 17 27 9
18 21 7 28
16 24 17 32
23 8 0 6
22 13 24 24
8 2 3 17
44 12 23 27
24 8 4 14
24 19 21 1
26 29 4 2
17 10 2 17
49 31 13 23
19 10 38 35
25 15 7 21
18 7 10 26
19 42 6 28
0 9 12 32
33 21 21 26
26 5 49 13
45 2 4 27
44 27 26 26
48 23 28 25
20 20 41 31
43 15 11 28
2 4 42 30
22 12 46 36
26 21 45 10
0 5 47 38
18 9 8 1
16 25 43 36
31 30 12 18
30 41 29 18
1 1 23 18
14 17 30 27
35 32 30 26
29 36 19 28
46 16 14 33
28 24 24 17
18 22 2 21
3 2 25 24
34 15 39 32
20 33 5 28
35 44 12 35
31 42 7 27
46 0 18 29
40 11 1 23
41 20 33 20
20 16 5 24
40 4 23 18
0 0 32 21
20 46 23 22
33 27 0 9
24 7 28 22
15 9 31 11
16 46 20 23
33 30 36 13
4 49 0 26
45 23 1 28
32 22 11 19
31 32 24 21
0 0 34 18
41 26 48 30
5 45 11 23
35 49 21 32
11 3 1 4
17 8 0 16
45 23 17 21
3 7 10 38
32 18 6 24
4 1 1 10
6 10 5 0
16 4 5 6
45 15 18 25
34 34 0 6
14 46 3 9
11 41 34 24
35 46 36 33
12 7 8 24
13 14 0 12
22 7 34 36
24 16 1 18
21 3 18 27
34 13 6 24
27 3 21 24
37 45 18 24
23 18 32 26
38 41 40 38
35 7 7 24
45 12 7 20
21 22 28 29
31 23 31 31
18 25 6 28
20 6 25 23
26 25 1 6
23 12 23 21
3 3 21 49
40 18 13 28
11 44 1 11
49 15 37 24
22 44 29 27
17 18 15 28
24 15 35 10
31 17 8 20
27 32 25 10
15 10 19 34
2 2 0 24
25 7 0 14
22 23 43 29
38 9 7 25
34 35 24 21
16 4 24 17
44 28 15 47
15 9 29 15
13 9 37 34
14 26 0 19
16 28 40 14
43 33 1 11
6 16 42 34
23 18 2 12
15 1 42 31
5 12 5 24
26 10 24 23
6 3 9 28
5 3 9 28
18 22 45 38
31 4 2 12
21 7 3 13
0 0 11 28
16 5 23 41
5 45 28 22
21 8 14 25
27 18 6 11
19 23 5 28
37 9 6 8
40 30 0 10
28 15 31 13
39 4 47 30
25 15 18 32
16 26 4 15
4 44 16 17
28 31 19 28
43 24 10 36
26 8 22 39
47 8 7 19
11 40 27 19
15 5 4 14
19 15 28 18
27 7 16 36
29 28 7 27
19 15 40 40
44 12 10 37
4 5 3 12
25 48 39 27
18 23 13 32
16 16 27 27
15 46 5 10
13 2 46 23
19 2 20 19
7 16 47 38
18 6 25 20
34 24 5 5
25 7 26 24
23 43 25 21
40 19 38 33
26 12 35 44
44 38 22 20
11 0 13 14
3 1 11 16
1 4 37 32
19 9 6 37
35 14 36 43
22 8 17 23
21 14 38 39
39 31 7 28
19 5 25 22
24 8 27 23
43 17 5 24
23 9 6 28
38 14 11 14
11 37 27 21
7 17 15 25
17 2 5 14
19 7 2 28
39 28 19 23
32 0 4 28
41 17 40 33
44 11 9 32
40 24 7 7
24 10 5 8
25 5 37 29
44 18 1 42
42 17 8 26
3 7 23 21
29 17 12 9
19 6 17 19
47 24 35 23
28 28 4 17
20 27 5 13
1 4 21 13
26 2 3 7
15 0 1 22
19 13 18 24
19 16 7 3
16 24 24 21
2 42 8 5
49 2 28 21
12 13 6 28
11 41 17 27
9 42 6 15
24 13 24 29
22 8 35 7
29 38 30 12
24 29 18 14
22 26 40 39
15 24 7 29
3 1 32 3
39 22 28 26
39 16 18 42
8 38 4 19
24 9 3 11
17 22 24 20
10 8 13 22
47 16 5 14
9 13 41 8
7 42 16 32
28 1 13 17
0 1 4 28
43 9 6 34
36 37 10 21
29 45 3 7
26 6 4 25
33 43 14 35
23 43 11 24
9 10 34 12
17 11 29 21
24 37 10 20
13 15 8 12
45 16 1 6
17 15 3 15
20 2 7 26
41 32 0 12
28 15 9 24
19 3 22 39
27 22 5 19
36 14 7 30
22 14 24 24
16 24 31 46
21 41 30 17
20 0 7 8
28 24 26 34
40 33 12 18
36 26 18 19
0 3 31 22
9 5 3 17
42 6 16 22
33 30 23 38
24 11 25 18
23 25 25 37
24 20 10 28
8 1 24 25
3 1 9 9
9 33 28 32
16 37 41 29
42 19 25 26
22 7 13 36
28 27 9 32
27 13 1 15
14 8 6 28
0 15 20 30
1 1 11 28
33 35 20 27
23 9 5 29
0 3 12 24
40 16 5 40
14 26 12 33
2 2 9 25
30 13 29 24
20 1 9 25
27 38 40 29
18 15 30 22
5 10 24 37
32 22 38 41
13 14 40 31
46 20 4 26
46 17 9 25
0 1 45 29
32 33 17 18
18 3 3 29
5 20 0 7
21 4 22 14
2 2 1 38
2 3 20 19
14 8 4 36
19 3 39 31
6 46 5 22
42 22 36 13
5 46 7 9
1 4 4 20
16 3 49 12
14 1 23 24
27 8 22 20
38 26 8 20
27 36 36 37
12 7 32 35
20 3 39 30
41 19 9 39
30 21 23 21
14 5 29 15
13 25 8 45
35 31 10 30
27 21 16 44
12 5 25 25
32 38 35 9
7 7 8 29
18 13 30 3
37 16 8 19
32 7 28 36
23 43 16 31
23 24 40 40
28 36 23 1
29 47 9 41
35 35 40 20
45 22 10 27
33 26 26 21
19 8 0 39
10 41 16 26
48 20 9 20
40 40 1 29
22 7 10 22
30 22 41 30
0 0 4 34
13 6 5 46
48 20 38 31
11 41 16 14
10 21 13 12
46 9 14 27
19 9 11 27
25 1 17 31
14 9 26 20
1 1 1 6
27 2 0 34
27 41 15 25
34 2 1 25
23 7 13 31
2 2 0 36
30 15 26 22
14 18 14 45
