50 196 17344 800
6 41 15 15
10 16 22 25
23 26 1 29
38 0 9 40
22 46 17 14
22 33 18 26
15 23 13 26
29 45 3 17
18 34 21 30
22 37 24 20
3 9 22 24
29 45 1 47
14 7 2 5
4 22 12 26
14 7 0 29
12 24 18 26
34 31 11 44
27 33 18 22
7 35 25 26
16 25 22 25
19 45 18 24
37 1 3 42
30 30 25 24
16 12 20 43
30 21 24 24
11 38 21 22
34 2 23 16
42 33 6 47
7 11 16 22
24 20 26 34
36 42 49 42
38 33 14 49
38 14 22 25
20 46 20 29
34 2 7 18
37 39 14 35
4 7 13 9
14 1 9 48
13 25 29 24
28 35 21 20
32 17 8 30
16 21 39 32
17 19 11 49
22 18 33 24
0 34 17 23
14 32 22 8
49 37 10 46
2 8 12 48
27 29 11 47
7 24 13 9
21 31 1 42
11 36 26 45
35 38 42 35
33 49 20 25
28 26 7 46
40 26 17 0
35 2 23 23
43 30 25 6
24 33 9 45
4 37 17 26
24 29 7 22
40 45 11 40
23 48 23 23
37 1 16 26
0 24 7 49
29 21 12 47
13 3 30 25
27 43 4 15
3 16 13 48
4 8 25 24
13 21 7 45
15 14 35 45
17 20 25 23
34 22 19 19
12 25 38 33
10 40 18 27
38 9 14 11
33 33 20 30
15 43 23 25
38 2 9 43
25 25 7 29
36 1 24 23
21 19 11 46
4 31 18 26
40 45 13 45
20 39 17 14
13 27 3 49
47 24 28 24
1 22 12 43
24 18 12 26
16 36 11 15
1 41 17 19
31 25 15 13
19 25 5 41
41 48 11 20
4 18 19 14
5 3 19 29
23 7 21 22
45 35 13 49
22 6 6 41
37 1 16 6
25 32 21 27
11 34 21 33
7 31 13 23
24 20 14 48
11 38 20 35
23 23 6 24
44 47 23 18
4 43 23 25
35 1 2 24
15 15 9 41
12 44 5 47
36 4 30 27
26 44 30 30
45 48 27 21
1 39 12 43
26 13 20 21
23 23 29 32
41 38 20 17
5 4 12 3
3 12 12 47
0 37 25 32
10 12 2 31
10 41 0 24
32 27 28 24
15 13 22 33
5 23 12 16
9 21 31 3
37 34 17 27
22 37 14 32
7 11 6 27
29 48 5 49
15 27 31 22
35 0 14 25
17 21 21 14
38 40 25 29
24 30 24 14
34 34 9 46
9 16 46 29
20 20 6 46
33 40 32 23
19 32 24 25
33 31 10 12
9 34 12 49
6 1 19 28
36 41 17 40
18 9 20 25
10 3 4 17
14 15 9 49
5 9 25 6
17 34 32 22
28 32 18 21
10 7 22 21
20 7 23 19
27 33 5 2
31 29 13 27
39 45 38 16
9 10 13 14
22 34 27 26
48 26 8 13
33 0 9 47
38 1 6 49
27 31 26 26
13 40 17 47
18 24 13 46
33 35 0 22
36 39 19 2
15 31 15 23
14 25 43 28
16 27 25 15
10 32 26 22
30 25 21 16
17 6 9 30
21 39 17 27
36 2 24 21
28 33 10 49
17 3 12 20
25 32 16 39
10 14 18 39
36 2 32 38
6 12 24 23
21 13 16 34
6 16 19 42
19 12 29 12
15 19 15 47
6 47 9 45
34 1 2 32
27 28 33 32
38 23 4 5
25 42 11 6
15 3 5 42
32 9 24 38
11 25 20 26
21 21 18 19
6 26 2 3
30 49 9 28
