50 81 14208 800
6 22 16 31
21 23 38 3
22 26 34 37
7 8 33 7
20 15 41 12
35 25 30 27
25 27 35 4
34 17 0 16
26 26 36 7
48 8 32 6
40 16 32 9
19 20 32 8
10 30 26 47
1 30 20 20
6 2 21 3
38 25 27 24
29 18 12 16
1 2 44 18
27 16 35 10
28 14 31 46
23 27 45 44
1 34 38 6
25 36 24 24
14 39 33 18
22 23 32 37
2 30 24 45
38 38 25 44
1 31 25 37
33 34 25 6
33 24 11 26
33 10 40 37
19 12 31 19
16 10 45 10
35 26 32 16
5 22 14 37
25 18 23 49
21 23 13 5
43 31 29 0
40 24 32 2
46 2 27 2
23 14 24 0
24 18 39 33
33 45 18 21
17 17 33 10
23 19 21 48
24 23 26 47
19 27 20 39
6 38 8 48
17 46 15 30
23 25 14 8
42 24 16 27
0 25 33 47
4 11 20 7
37 46 23 18
9 35 13 22
9 35 27 10
11 22 33 24
6 0 48 23
34 18 36 0
27 11 19 17
42 10 17 5
20 13 22 0
11 5 47 2
28 14 19 22
19 13 38 44
10 14 20 3
22 7 30 16
22 17 8 24
0 13 26 11
23 15 28 15
5 32 13 26
13 6 27 20
9 10 34 15
33 29 48 34
39 39 24 6
0 0 37 9
42 1 41 6
3 29 42 21
10 21 29 0
10 13 25 6
20 31 19 15
