50 110 15932 800
48 2 20 24
11 46 22 31
14 15 22 16
48 48 22 18
10 20 0 17
33 2 21 20
35 24 33 32
6 19 3 9
20 28 0 1
40 39 7 32
15 9 27 44
41 0 13 15
17 0 23 16
16 13 22 20
4 25 23 18
48 6 21 16
48 3 19 21
7 25 16 9
33 2 8 39
18 10 26 19
15 5 19 33
40 29 2 8
30 30 17 22
36 36 36 16
23 23 13 40
5 8 2 22
24 14 22 22
2 8 32 22
4 25 15 32
11 14 27 19
10 12 25 17
13 11 18 31
9 27 4 14
30 15 29 42
15 18 3 9
17 5 22 21
26 26 6 45
24 5 24 34
32 19 0 11
19 0 19 11
29 19 25 17
22 1 2 15
8 0 7 14
13 1 20 17
17 2 22 20
5 4 35 31
11 20 4 45
16 26 35 36
20 9 23 18
15 35 2 19
40 0 23 18
23 2 24 17
18 2 20 19
44 3 2 12
11 0 23 22
19 0 37 31
16 23 20 5
13 17 17 18
13 17 26 33
40 1 6 11
26 9 18 36
27 3 5 17
14 25 27 17
7 21 19 34
23 47 0 9
45 1 28 29
44 25 0 16
37 1 24 21
21 28 39 19
3 28 21 47
28 36 22 18
1 34 10 36
41 23 3 14
13 4 23 20
5 16 26 18
25 38 16 40
17 38 4 15
18 5 44 18
13 6 7 14
16 7 24 18
15 13 19 20
25 11 21 20
47 1 26 28
38 1 22 42
20 21 3 16
13 7 25 14
38 43 22 27
17 1 24 18
38 20 42 13
38 3 5 10
28 8 45 37
42 40 26 47
9 8 36 33
10 2 31 46
23 5 12 22
44 47 0 16
20 12 30 37
25 38 43 46
29 18 21 18
5 5 23 44
20 18 23 16
16 7 2 12
13 1 20 17
45 2 30 37
13 12 21 21
36 39 24 22
40 42 26 15
13 9 20 17
32 8 13 19
22 0 25 38
