50 750 15593 800
23 11 2 7
10 45 19 43
26 3 37 34
23 2 41 33
14 17 45 9
0 18 34 33
10 47 9 21
30 7 17 16
16 30 13 43
19 8 38 9
7 46 42 27
16 7 23 46
26 2 36 24
49 4 12 35
16 13 20 21
44 11 7 17
38 43 23 38
0 38 10 19
35 16 48 21
14 11 15 44
40 14 41 46
37 16 11 2
22 30 40 21
44 4 11 29
10 7 4 6
1 20 14 39
21 2 13 25
37 18 46 33
40 19 27 38
12 31 17 29
10 38 19 25
29 9 27 26
35 37 7 32
28 31 47 6
43 10 13 4
36 13 26 46
5 12 42 24
14 38 0 2
19 39 29 37
38 16 21 34
25 12 19 47
3 15 1 6
28 1 36 49
16 26 49 45
20 37 15 35
40 2 13 32
22 2 12 43
25 5 36 11
13 13 22 43
23 13 21 22
43 42 27 8
46 6 45 36
37 45 32 24
44 3 18 48
19 21 18 35
32 46 39 29
24 12 10 44
26 0 22 41
29 39 17 30
3 34 42 29
33 7 18 23
25 31 47 11
4 19 23 48
30 2 38 18
1 33 13 3
17 14 15 21
10 39 0 11
12 4 16 27
20 38 23 26
39 44 14 18
19 5 2 5
35 7 34 37
15 33 31 26
3 39 37 48
37 15 1 11
27 0 11 29
33 45 43 38
42 42 19 37
43 9 8 48
18 32 11 37
25 3 46 8
8 11 6 23
20 46 14 31
47 6 1 7
21 10 19 39
22 3 11 34
21 4 23 39
35 16 0 47
9 39 40 34
3 26 36 38
36 44 20 39
5 20 41 23
18 30 42 11
15 14 10 40
34 20 2 5
21 7 31 31
44 3 7 25
23 9 37 12
22 2 45 46
4 0 25 28
26 37 28 25
19 8 26 36
21 10 6 38
31 13 15 26
44 5 12 16
36 18 19 8
44 1 35 9
22 0 34 3
8 29 37 12
21 30 10 43
25 2 29 32
24 48 17 16
28 20 10 24
2 10 5 7
9 47 14 8
19 12 13 18
32 16 12 23
16 36 2 16
42 5 41 25
12 12 23 38
37 18 4 38
35 15 34 27
23 12 26 41
19 11 21 41
16 33 16 48
45 1 27 48
24 2 16 47
29 49 48 21
26 2 4 12
18 15 48 42
7 9 38 10
26 2 8 29
21 44 4 39
27 2 21 23
24 5 10 5
15 8 13 40
46 6 33 17
37 4 9 23
0 13 47 20
20 46 47 0
12 16 19 35
41 16 2 0
11 42 10 33
19 44 24 48
3 36 16 37
28 3 5 1
44 4 19 26
45 47 16 42
15 42 43 19
39 6 12 7
24 7 17 23
4 21 29 33
35 18 30 27
10 21 22 22
32 37 19 31
2 26 23 14
34 45 30 16
35 45 20 40
40 38 22 14
48 35 45 38
44 8 29 16
35 8 5 13
23 13 37 1
12 11 48 42
20 4 19 46
35 3 20 31
1 14 33 38
25 43 43 37
13 0 48 30
21 33 35 29
34 11 13 27
5 13 10 27
8 19 16 35
3 20 27 38
27 40 14 26
35 43 22 13
24 21 41 46
20 15 30 16
20 34 46 24
23 10 45 34
39 4 17 19
45 15 7 13
2 16 39 11
0 39 10 7
25 3 48 20
14 11 2 39
11 36 38 11
16 39 22 45
33 15 10 28
5 25 30 36
9 13 19 9
15 18 14 24
44 28 11 38
36 15 26 2
21 12 22 48
36 17 26 42
27 31 16 30
43 10 6 5
33 10 33 35
37 14 22 29
2 33 45 37
38 8 2 3
11 12 3 17
41 8 38 19
41 14 7 17
11 40 36 2
4 35 38 0
26 48 7 33
11 19 49 36
17 6 9 25
36 18 49 0
30 2 3 26
20 4 1 34
33 20 21 40
44 8 26 36
26 1 0 9
9 49 48 23
34 39 6 5
35 13 17 40
33 14 12 29
45 10 48 19
42 13 26 18
47 7 3 33
36 14 1 8
24 41 40 24
26 1 35 19
21 13 24 40
31 1 30 47
42 26 17 9
20 49 20 40
21 39 8 14
7 12 43 16
39 15 36 12
39 6 37 30
11 17 24 36
33 17 17 3
40 10 27 43
4 30 32 14
37 15 5 7
28 48 18 46
21 21 5 24
18 8 1 30
48 10 17 36
13 15 43 42
19 45 17 19
42 16 43 38
36 21 43 19
15 40 45 23
35 19 0 29
25 9 34 35
38 10 19 41
0 18 48 8
4 7 39 43
32 5 7 3
2 20 15 40
43 2 48 32
5 13 44 22
35 20 31 24
40 16 46 29
11 18 27 8
19 36 28 34
46 37 12 8
32 20 31 25
7 42 13 22
33 47 8 44
35 16 27 33
21 41 31 40
43 6 35 14
42 12 30 15
25 0 24 44
39 2 8 17
41 14 29 41
23 2 49 31
33 1 13 10
12 41 30 26
17 33 20 49
34 45 44 23
36 14 46 20
9 30 15 40
28 46 15 23
1 47 3 43
28 1 34 36
33 16 46 13
43 8 38 26
28 0 9 24
33 14 29 33
27 38 35 39
29 7 34 2
18 32 23 36
24 2 33 49
16 15 18 27
13 10 34 45
5 35 10 23
20 6 49 26
13 42 25 30
8 14 28 24
22 7 40 0
37 15 15 8
41 18 10 35
39 17 48 48
41 9 41 22
30 48 5 41
18 14 30 11
34 13 15 28
25 0 49 3
9 12 37 45
28 42 8 25
23 1 20 43
21 47 28 31
36 13 0 16
41 19 4 8
41 45 1 25
47 5 17 37
17 32 23 46
0 18 19 23
17 15 8 27
2 37 28 23
40 41 49 34
4 16 10 28
27 9 13 19
38 45 4 32
6 17 3 2
16 8 6 2
40 44 9 36
33 15 46 18
44 14 18 13
33 16 23 20
21 23 3 12
11 13 3 45
37 16 45 28
6 44 27 46
12 38 21 21
35 43 18 14
29 4 31 36
10 4 32 31
6 12 39 29
4 21 40 44
34 14 9 40
37 43 40 35
8 41 22 42
22 2 19 18
35 1 16 23
45 15 27 31
36 11 24 25
42 8 15 48
35 18 30 39
25 49 3 42
12 35 27 29
6 41 40 45
22 26 42 26
33 49 47 22
18 32 37 16
49 11 46 19
14 34 13 11
27 10 31 37
19 30 15 19
27 5 25 45
26 1 43 45
23 36 32 17
36 12 7 11
43 14 32 31
5 21 16 31
12 37 34 48
12 17 2 37
9 20 12 40
1 35 15 45
1 16 5 38
28 27 2 15
26 8 44 28
35 42 42 30
42 13 3 19
38 27 25 24
39 17 43 21
38 13 18 11
38 8 46 28
40 3 13 19
29 1 22 48
6 19 40 35
46 35 46 26
16 36 14 46
18 31 42 3
42 15 14 39
36 15 22 47
10 49 22 22
45 11 30 11
12 13 17 46
10 46 46 35
14 43 46 18
23 38 26 35
31 13 36 31
45 48 4 2
37 13 7 19
2 35 46 6
2 12 36 31
23 37 15 2
23 9 15 3
36 14 9 43
38 16 3 27
13 13 34 39
15 6 43 21
42 10 39 26
18 49 21 26
35 15 25 48
41 0 24 41
20 8 36 35
28 27 43 41
13 34 46 24
16 7 28 30
22 7 44 16
21 34 41 41
38 46 21 42
18 47 43 35
4 15 41 33
25 47 13 22
42 10 47 1
35 19 43 33
2 12 35 15
5 24 32 25
21 36 32 45
30 4 9 24
34 33 24 33
23 10 29 34
32 3 13 46
29 47 19 45
17 33 21 28
8 5 35 37
36 16 23 44
36 18 49 28
36 15 13 4
26 12 31 24
34 13 32 27
26 3 33 27
37 6 33 41
8 17 10 44
19 37 24 41
24 24 18 48
26 9 45 23
8 40 44 26
14 10 4 7
11 16 21 48
28 3 27 41
17 12 41 25
37 4 8 40
33 18 21 29
19 34 44 29
14 30 44 29
8 41 31 26
11 20 17 42
19 22 10 26
43 7 37 31
49 10 47 27
28 0 7 48
25 37 7 36
14 31 39 23
31 16 5 22
25 3 39 10
18 13 39 24
24 8 21 48
6 1 17 5
28 43 25 14
3 12 23 9
19 8 34 10
22 2 48 25
36 17 23 29
10 27 45 38
40 3 17 49
29 35 15 3
34 17 29 42
10 36 22 46
41 32 17 40
20 10 7 12
45 16 0 30
7 36 15 18
23 8 48 14
41 11 29 42
34 18 49 28
11 41 27 1
24 2 15 9
38 43 42 23
47 10 13 30
33 45 11 41
23 45 10 27
34 12 32 18
36 17 38 43
31 40 43 7
16 21 14 33
38 13 39 31
38 3 2 6
45 1 49 23
45 11 27 2
23 30 7 19
32 40 31 32
20 41 4 32
5 17 30 11
17 10 10 41
2 11 48 7
35 17 31 23
36 17 22 31
36 10 24 38
22 2 19 10
39 0 16 33
31 8 46 12
36 15 36 39
37 14 40 0
22 32 22 9
1 26 49 44
19 0 1 5
42 13 11 9
39 1 19 43
37 6 33 39
18 32 43 34
28 40 27 32
29 10 18 18
33 21 43 37
31 47 21 34
15 21 35 49
40 46 11 33
6 33 31 19
30 7 25 44
24 3 0 9
9 33 38 26
37 18 49 37
22 13 19 48
25 2 11 17
0 23 9 45
18 48 36 24
1 27 12 19
20 41 48 21
45 12 12 49
22 5 17 9
13 13 38 7
19 10 24 36
45 0 10 42
21 12 11 10
20 12 44 40
33 11 11 38
19 18 41 27
42 6 19 42
15 12 32 37
27 25 8 15
10 16 23 37
26 3 24 44
27 4 15 25
0 0 44 17
23 37 14 26
39 13 45 17
45 2 26 28
33 25 40 17
13 6 7 5
2 35 4 14
41 37 12 28
23 4 21 35
25 45 21 35
25 10 29 2
8 48 47 26
19 12 46 46
22 39 26 37
6 20 8 17
39 10 9 47
26 3 37 9
36 38 13 22
13 11 32 9
32 40 1 7
37 6 16 17
43 2 22 19
19 5 41 28
13 8 45 26
20 10 16 22
4 37 10 28
42 9 35 49
37 3 26 25
46 5 16 22
27 41 15 11
14 38 13 14
34 18 33 41
42 39 20 30
18 42 1 29
49 11 27 28
22 2 15 19
16 7 37 43
38 17 12 22
35 13 10 25
2 8 32 19
49 10 41 29
24 34 22 30
41 13 22 41
24 4 37 45
3 19 42 14
16 12 18 43
26 0 42 31
34 17 6 11
7 35 41 49
24 0 47 25
0 13 33 26
48 13 37 44
31 22 2 5
24 3 44 12
42 11 36 5
6 39 14 42
26 4 14 31
31 46 15 25
35 8 42 13
14 19 23 20
22 1 25 7
10 40 22 34
9 9 11 18
26 35 23 26
25 42 21 40
3 16 4 21
33 35 48 32
12 20 13 12
23 21 14 10
17 19 25 13
19 30 9 17
34 15 44 32
34 10 34 30
14 35 14 22
42 13 19 37
8 16 22 5
25 3 38 23
28 40 47 3
8 34 14 23
16 21 3 2
5 36 49 11
23 10 45 8
25 37 8 36
5 12 47 14
9 12 45 11
38 15 0 1
21 11 44 16
33 20 21 6
6 37 30 17
39 6 19 5
43 8 14 48
16 10 27 45
26 12 46 44
20 17 35 2
23 23 7 39
24 2 8 18
20 8 20 49
2 15 23 31
12 42 31 37
39 11 28 43
46 7 40 36
32 14 17 39
22 13 14 19
14 16 24 40
21 34 15 49
44 8 47 19
36 5 19 49
2 17 38 25
8 36 19 38
19 11 1 43
21 49 3 3
10 18 17 11
12 28 32 40
20 44 49 30
21 8 8 32
41 14 1 15
27 15 13 28
42 3 17 24
6 14 10 10
21 21 23 48
26 42 46 44
41 10 20 37
25 25 2 45
16 13 41 8
11 12 24 45
37 1 11 7
38 16 9 10
24 1 12 8
7 11 41 23
36 41 24 15
22 21 25 44
19 17 23 28
20 12 49 32
12 6 5 10
9 46 12 27
10 45 32 28
36 19 17 16
16 36 44 31
47 5 38 3
21 11 46 24
19 6 47 3
22 44 11 31
19 30 29 29
30 42 39 45
3 23 33 47
17 36 14 44
41 12 40 16
34 40 10 8
40 19 20 41
40 9 38 32
22 6 24 21
37 11 38 25
44 48 38 37
33 46 9 24
16 8 21 20
11 23 26 35
7 24 14 4
22 14 13 44
21 42 31 20
40 9 43 39
4 16 24 10
37 34 13 45
29 35 18 23
19 35 6 24
18 0 10 16
6 11 35 39
12 8 6 43
37 4 42 8
4 8 13 28
24 27 38 25
0 9 37 20
10 37 0 34
36 15 34 42
41 46 8 24
12 22 31 22
21 0 18 33
1 4 45 38
17 42 5 16
18 32 18 25
34 48 14 38
24 1 8 21
36 8 14 34
6 2 23 27
36 10 49 24
46 2 5 24
33 12 41 35
32 20 25 21
36 42 12 42
37 45 26 32
18 12 5 29
31 46 4 36
8 9 13 24
25 38 2 40
19 38 36 17
34 9 7 45
9 41 6 24
35 13 46 20
44 9 3 24
1 14 30 45
26 1 35 37
18 1 12 40
44 6 8 20
25 3 34 11
23 0 20 31
44 10 36 30
21 37 19 31
24 7 38 31
