50 470 18587 800
47 7 5 32
22 26 13 43
21 36 19 11
6 41 18 31
10 49 12 39
2 28 29 34
27 27 19 43
1 22 40 45
29 48 2 24
0 27 12 46
27 39 45 49
32 14 24 27
2 25 8 31
3 26 13 45
44 27 29 22
8 47 25 22
3 28 8 47
31 33 20 28
1 27 5 0
9 47 15 46
10 43 9 47
25 49 19 20
8 35 33 20
7 46 10 40
18 26 17 45
29 35 0 24
1 24 34 28
15 38 5 19
0 12 14 22
10 47 15 34
4 23 13 27
28 44 39 31
11 48 24 24
9 47 22 10
41 29 14 43
8 22 17 3
2 23 9 43
4 26 9 27
26 39 22 22
32 18 10 25
6 47 25 49
7 31 40 41
4 48 49 43
47 47 16 40
3 34 10 24
19 41 18 45
19 37 13 42
38 6 6 32
41 32 7 9
31 42 20 27
5 26 21 24
19 28 3 16
44 30 2 27
3 31 13 43
1 21 4 17
7 47 10 33
2 38 20 21
6 49 2 3
31 10 10 46
24 24 4 26
17 43 14 20
14 49 2 18
32 32 2 33
2 22 34 42
11 48 39 43
0 27 26 37
20 25 4 41
2 32 11 45
7 32 21 39
28 44 24 16
3 27 19 24
5 24 15 5
12 23 13 28
30 19 15 10
12 46 10 6
10 40 10 9
49 26 32 27
14 37 19 36
46 7 27 15
44 18 18 45
5 32 24 12
4 30 15 2
1 28 1 7
0 33 3 17
8 26 21 47
36 34 27 42
1 19 5 24
2 24 13 39
33 39 37 35
3 27 14 43
10 47 4 4
14 48 49 45
7 29 9 13
43 12 7 35
22 36 34 38
5 26 14 20
6 25 1 1
5 28 13 15
6 48 13 43
6 23 13 21
9 29 15 18
22 32 12 43
4 23 12 41
16 48 0 34
42 29 9 30
15 33 16 11
25 23 9 49
8 21 6 12
1 27 21 18
9 48 13 44
39 42 13 43
11 23 15 42
6 23 2 18
31 35 18 46
33 19 17 47
40 22 48 27
5 47 17 25
11 43 7 29
8 48 1 18
33 32 21 15
37 28 19 46
5 43 5 13
9 46 22 47
10 26 27 9
2 26 18 38
8 24 38 13
1 23 15 43
5 23 7 43
34 46 2 31
9 21 18 33
6 26 48 41
7 31 25 5
27 40 15 46
6 26 5 19
28 38 25 18
11 47 26 31
9 49 12 32
0 28 18 46
9 29 14 40
6 31 13 46
3 27 15 15
13 38 11 44
2 30 44 35
8 46 10 41
5 28 6 20
4 38 22 17
13 36 11 27
1 41 12 1
9 45 19 26
0 16 8 4
5 25 8 44
9 26 43 39
19 39 30 24
44 47 10 47
6 48 19 38
3 32 25 2
9 48 36 5
37 47 8 18
32 12 4 28
4 29 6 37
18 41 14 25
9 24 22 16
16 31 11 21
11 49 12 16
28 25 23 10
37 33 16 40
27 43 18 47
21 45 11 5
4 49 20 36
36 33 0 25
6 26 34 49
4 23 27 3
7 28 8 43
9 49 20 17
33 15 12 44
5 23 15 42
25 30 21 28
5 29 1 31
7 25 23 41
12 44 2 36
36 11 23 25
11 34 17 16
22 41 19 45
5 25 12 40
8 23 42 25
6 27 21 10
7 22 12 44
3 31 48 47
11 44 22 29
40 12 11 33
10 37 16 41
7 26 11 44
37 7 2 33
4 26 8 42
27 39 10 47
9 25 8 46
3 24 12 43
7 22 18 24
13 49 14 26
7 49 0 13
38 36 13 32
9 46 13 43
3 48 15 42
8 25 21 41
12 23 5 17
7 44 14 29
29 17 25 25
1 30 0 1
24 34 14 41
33 27 24 1
43 11 15 18
15 21 18 24
7 29 3 41
34 29 7 28
15 30 13 46
13 19 47 35
11 36 14 46
2 25 44 44
10 21 20 34
6 26 7 3
1 29 13 43
28 44 11 2
24 31 23 46
22 25 10 45
20 36 5 14
9 29 22 6
2 45 0 12
8 48 12 41
13 46 10 28
11 48 2 27
30 43 10 23
10 48 7 4
4 20 11 30
4 37 9 45
4 26 8 15
40 42 11 49
44 42 1 5
11 49 14 44
6 27 13 21
24 13 13 49
23 42 23 15
8 20 9 43
21 45 1 9
14 28 45 36
0 44 18 14
34 42 5 34
7 22 18 23
6 22 5 15
2 25 16 46
32 33 21 37
3 25 17 30
2 23 41 14
9 49 3 0
7 30 7 25
34 11 23 30
35 28 0 12
24 11 28 22
3 24 17 45
22 35 42 17
8 42 9 49
6 28 6 36
3 26 0 15
22 36 40 46
19 38 16 42
10 47 13 42
35 7 8 39
8 46 12 44
3 29 11 47
28 15 49 45
13 49 27 39
9 20 31 18
11 47 13 28
34 18 29 47
4 47 12 44
3 28 13 22
8 43 11 23
8 45 8 27
5 34 17 41
4 28 1 9
17 24 6 20
4 24 23 28
36 47 9 41
10 24 7 11
11 45 19 28
30 44 7 20
3 49 1 11
13 42 5 25
7 43 17 33
2 24 8 31
22 29 7 27
5 29 17 31
18 21 14 44
10 32 16 16
6 23 1 5
29 30 14 42
27 31 18 21
6 32 4 17
10 44 9 23
6 25 14 44
10 47 11 24
1 28 7 9
20 25 4 30
10 49 25 24
7 23 12 27
40 39 19 7
46 7 14 42
7 49 16 13
1 42 12 47
4 22 25 4
41 3 4 21
18 45 1 9
11 47 12 30
6 31 21 44
11 47 9 43
16 44 18 28
8 49 15 45
7 29 1 10
5 28 15 44
22 21 15 30
5 27 29 12
1 29 44 19
28 18 9 23
2 25 24 39
7 44 37 35
6 21 0 25
8 46 21 19
2 25 21 22
27 22 30 25
43 22 13 42
40 13 48 31
7 21 23 49
8 27 21 34
20 41 16 43
7 47 15 25
23 18 7 7
8 20 15 43
9 22 38 46
12 48 12 40
4 30 11 39
3 29 10 47
9 49 8 26
12 31 31 28
10 46 39 45
9 44 6 22
13 47 33 16
27 3 5 37
1 17 38 18
8 47 15 41
4 27 32 45
9 42 47 39
2 29 4 41
5 29 14 24
2 24 7 22
4 32 22 22
12 49 17 14
35 44 13 44
7 27 29 37
0 28 11 40
23 24 44 48
41 40 17 32
9 25 30 2
13 48 15 43
5 28 23 22
4 32 8 25
19 36 23 12
5 21 13 37
9 46 36 15
8 49 4 0
3 25 13 5
3 49 18 48
0 25 5 29
11 46 12 28
6 23 33 40
0 23 11 5
13 46 12 30
1 27 5 22
27 48 8 25
38 13 11 35
7 25 32 16
1 45 8 8
6 15 7 26
33 28 26 45
1 28 17 45
4 23 7 18
8 29 14 19
12 36 11 47
29 32 18 45
17 46 7 28
46 19 3 23
33 42 28 39
7 45 11 14
0 24 16 13
6 25 10 40
49 46 4 25
2 20 4 25
9 25 17 41
19 25 22 31
4 49 9 22
25 16 11 41
37 25 19 36
8 32 19 29
7 44 6 28
48 11 15 47
5 36 37 46
26 38 12 42
39 14 2 15
32 30 1 21
33 36 15 44
5 27 11 43
22 47 8 40
33 27 10 42
7 46 47 48
5 43 29 11
10 49 38 5
29 22 47 43
16 27 11 43
34 17 0 4
18 28 14 42
11 48 7 36
3 26 18 23
5 45 36 36
29 40 9 41
20 44 16 46
8 46 13 41
3 26 12 48
11 46 6 11
9 35 13 42
13 33 18 36
39 34 4 45
32 24 42 41
29 37 35 12
8 49 18 28
8 44 25 30
8 29 19 47
5 47 18 26
1 28 10 39
47 40 5 27
33 47 10 44
9 40 7 23
31 39 9 28
7 36 24 23
25 34 47 39
2 27 7 24
7 45 12 47
3 20 10 4
10 46 12 42
5 26 9 11
7 45 13 27
6 22 9 41
31 42 36 39
2 24 16 39
5 45 42 21
34 49 15 21
39 22 16 47
5 23 32 21
6 24 12 44
24 34 2 29
48 23 14 45
8 49 22 18
2 35 15 35
14 34 23 33
8 23 9 33
5 26 26 9
3 20 16 39
5 27 5 2
22 43 5 42
24 37 12 47
39 21 25 0
10 26 8 44
18 16 23 26
