50 528 18002 800
23 44 38 27
19 17 38 21
25 7 31 18
17 21 35 42
45 15 27 45
20 4 40 11
7 27 41 19
13 1 35 41
36 10 33 34
16 11 29 36
18 12 8 14
26 14 31 27
22 10 24 48
17 5 46 15
13 10 39 10
17 0 17 38
27 6 41 31
32 10 13 19
31 6 39 25
23 12 37 8
16 22 23 35
13 7 4 26
27 43 31 11
37 16 20 40
24 11 5 26
22 5 31 30
17 29 8 28
11 47 30 16
13 24 49 7
47 30 29 26
37 6 31 40
23 42 37 47
8 40 34 42
45 3 36 22
15 16 8 14
31 4 40 32
25 40 19 17
19 21 0 17
25 2 44 32
34 11 30 42
48 34 31 11
15 15 42 42
42 11 11 12
26 37 24 12
37 0 6 21
6 45 36 25
23 4 2 21
22 5 25 26
14 14 29 28
21 15 27 40
16 36 35 42
23 23 36 14
21 18 31 17
16 28 45 31
8 18 29 29
33 1 3 19
15 33 30 44
9 0 43 5
13 41 0 14
7 34 26 41
20 47 16 14
30 22 7 24
14 16 31 47
23 18 26 5
34 7 3 17
28 34 29 27
22 27 38 26
9 21 32 48
21 12 35 33
14 41 43 35
37 18 28 41
37 3 29 37
10 24 3 10
32 3 33 24
18 49 37 28
49 2 8 25
10 15 45 13
11 0 13 31
26 0 0 15
6 38 47 16
33 33 48 44
32 1 35 28
36 2 36 41
22 30 28 28
18 32 27 38
9 0 47 31
5 11 38 30
25 15 24 6
24 26 33 15
37 31 4 5
16 16 4 30
14 7 36 40
19 8 39 42
37 6 48 17
46 18 27 43
5 11 39 2
24 4 44 16
19 8 42 7
14 0 29 26
12 7 40 31
42 17 29 30
24 19 28 37
37 11 4 20
38 12 35 35
27 4 24 27
30 6 0 16
39 3 39 22
24 15 0 15
36 49 31 29
32 1 36 12
30 32 8 14
21 3 36 14
16 5 38 43
17 5 0 28
42 7 20 20
8 4 29 29
18 9 37 37
49 32 9 7
4 49 30 38
9 16 38 15
41 16 38 44
22 25 2 14
44 9 34 29
35 11 27 34
38 10 11 11
39 5 40 31
35 39 31 26
16 33 32 30
17 33 34 29
14 47 31 48
47 24 27 34
25 32 42 16
24 9 44 22
14 28 3 24
16 10 24 43
17 9 30 0
47 14 32 16
15 4 36 33
24 49 36 37
21 44 35 7
45 29 48 23
19 16 31 48
12 8 35 9
29 24 47 33
7 40 42 25
20 38 13 39
25 25 34 26
30 10 36 47
30 23 28 15
38 5 19 20
25 18 1 15
28 6 42 20
4 13 29 23
28 10 29 45
40 32 28 4
42 18 44 28
28 43 39 29
17 38 35 27
17 14 38 7
27 31 24 48
49 39 41 27
6 27 22 25
16 34 4 19
25 1 11 27
31 48 37 36
46 21 44 11
24 0 47 25
37 14 29 15
34 4 34 23
20 48 42 20
23 12 0 25
31 11 7 26
23 23 2 23
28 6 25 41
26 15 33 11
22 12 32 27
5 49 36 45
14 15 1 25
28 11 23 45
40 14 31 23
29 1 43 9
15 27 1 13
3 38 32 11
24 13 3 0
43 4 35 33
43 17 26 43
34 39 32 47
24 14 34 11
8 13 31 41
20 3 45 18
28 43 39 49
25 4 32 35
33 12 44 37
8 49 0 23
17 16 46 32
25 11 28 31
17 15 19 27
29 5 49 25
20 16 34 19
18 18 10 21
45 9 22 44
47 31 28 30
22 1 22 36
26 48 40 22
37 10 29 27
16 0 3 23
41 34 39 31
42 12 41 6
6 15 34 34
14 43 37 42
44 18 4 20
48 38 22 46
30 7 44 13
17 8 19 28
28 23 45 15
41 20 29 28
42 35 48 15
42 6 34 34
31 0 22 36
17 13 43 26
33 5 15 44
35 24 0 26
27 5 13 17
34 31 23 43
28 17 44 22
30 2 0 12
40 20 32 36
11 0 16 14
25 33 44 10
24 1 39 34
47 44 8 13
31 33 12 16
26 42 22 6
5 42 42 12
16 11 2 16
38 12 29 39
22 33 24 46
1 37 3 10
30 21 34 38
12 27 49 37
23 9 30 31
13 7 11 12
26 5 34 28
37 5 41 6
22 16 42 23
32 25 4 19
10 13 40 33
39 2 36 29
13 0 19 41
29 21 32 40
10 2 32 24
10 38 19 11
10 16 38 34
35 12 31 43
10 1 44 22
23 5 23 38
9 0 20 2
19 7 38 43
26 0 46 30
14 34 31 23
43 11 33 31
31 6 26 38
33 17 40 26
27 9 3 14
35 22 43 29
34 10 43 42
31 49 1 8
13 35 30 22
23 15 19 40
29 1 9 6
31 11 36 38
35 15 46 20
36 2 28 38
29 40 23 25
38 13 48 10
25 15 33 26
12 12 32 43
29 21 16 4
16 2 40 19
28 1 37 11
31 5 45 29
36 11 32 44
49 2 33 30
31 15 6 18
36 26 40 45
27 20 25 15
26 3 1 13
43 23 49 31
23 3 19 34
38 38 36 14
26 8 32 39
25 11 7 18
21 14 34 27
6 47 37 18
17 15 33 40
18 4 33 18
28 4 12 12
18 4 25 18
24 11 21 16
27 9 23 17
20 8 33 37
30 10 14 26
21 19 42 31
20 14 33 46
3 8 1 25
20 5 15 11
41 0 2 22
35 8 34 44
18 15 36 28
16 14 2 17
43 3 34 40
27 10 11 17
25 35 36 27
16 23 39 31
31 49 36 13
30 38 26 30
28 7 5 19
20 11 8 28
14 16 28 43
46 10 31 29
18 0 2 22
29 46 23 29
22 17 31 28
20 15 39 16
1 38 40 35
30 7 33 19
46 24 39 1
19 31 7 26
25 5 49 35
27 15 6 15
19 1 38 44
11 48 40 44
15 22 38 49
26 11 6 35
29 26 9 5
30 19 21 24
41 13 2 21
18 11 38 33
27 16 1 12
13 48 26 19
39 0 27 29
36 27 9 19
40 1 21 18
4 46 3 25
14 41 39 15
27 1 36 9
18 12 33 34
20 3 19 48
15 16 26 35
24 12 28 44
15 29 1 24
40 14 27 32
30 6 35 26
12 3 45 13
25 14 23 6
27 10 17 12
1 46 23 40
15 40 46 20
30 12 37 49
17 6 9 17
36 8 22 21
31 4 47 40
17 29 31 47
48 21 44 15
24 40 30 18
8 34 4 25
21 1 1 14
25 13 31 25
33 0 28 35
18 0 3 19
38 23 39 47
15 1 28 46
12 11 42 6
0 6 25 25
36 19 25 35
10 16 41 38
19 16 23 46
11 38 31 23
10 10 21 48
28 4 30 18
12 18 14 3
25 41 32 31
13 1 30 41
16 18 31 35
17 11 31 26
23 13 45 15
20 24 40 38
25 12 25 47
31 10 45 32
20 22 23 29
22 3 35 13
47 3 49 20
25 17 49 45
29 2 11 29
0 33 30 28
41 1 3 25
31 5 33 43
34 28 15 36
38 25 35 44
8 36 32 28
17 20 24 17
37 9 32 43
13 6 45 40
49 7 3 7
16 0 27 40
37 39 42 19
38 25 32 48
32 21 32 29
24 26 34 11
16 25 21 17
11 14 44 12
4 40 36 49
25 13 34 31
46 12 34 26
29 1 28 25
36 1 34 28
1 44 29 17
14 6 34 47
26 28 33 11
44 0 29 6
24 49 41 18
19 40 34 28
8 30 29 5
17 39 5 29
30 35 45 20
31 6 18 35
12 45 2 14
24 17 39 28
22 4 32 41
20 25 30 32
20 7 7 17
12 17 32 24
46 16 14 25
40 45 36 25
21 33 33 33
10 18 33 13
41 13 40 29
16 37 1 7
12 23 29 25
8 43 29 21
30 42 36 26
37 7 41 16
17 16 4 14
30 6 34 46
31 5 26 35
28 9 44 17
10 27 46 17
31 3 37 23
15 11 31 38
35 29 41 36
31 31 49 17
27 6 11 8
5 11 33 7
22 44 31 25
26 9 6 10
18 11 4 0
33 42 34 33
9 43 29 42
9 32 33 14
22 49 9 29
34 7 35 23
44 19 7 12
11 4 6 22
26 8 30 28
37 14 26 47
20 7 39 12
44 34 35 42
47 28 43 20
21 12 43 24
34 30 13 25
8 44 32 29
12 48 41 16
24 3 8 18
30 7 29 37
31 17 36 25
8 49 16 18
41 1 30 43
23 4 39 29
19 17 17 34
21 16 43 24
44 39 30 13
27 2 27 12
36 45 43 13
7 35 18 31
25 26 21 46
38 7 4 29
29 22 33 29
18 3 27 43
16 9 0 10
30 32 43 38
22 46 27 28
9 34 0 30
11 13 38 17
12 11 27 7
14 6 34 30
45 30 21 17
47 7 29 34
23 28 20 32
47 1 24 23
8 42 16 5
29 8 25 49
43 10 24 41
35 6 15 18
20 16 35 28
16 12 29 49
35 1 38 7
20 20 30 20
38 14 33 22
20 6 29 30
17 2 20 37
18 16 34 25
26 10 5 24
37 1 4 10
21 17 33 19
3 13 39 16
34 2 4 18
26 30 1 24
26 30 36 10
40 4 1 16
24 24 2 20
36 8 35 49
20 38 34 9
17 1 45 9
25 12 30 29
38 28 41 43
33 46 2 14
27 22 29 48
32 27 43 15
