50 327 14161 800
43 22 25 12
25 36 34 17
46 8 25 16
38 41 11 28
24 14 32 36
35 9 20 11
31 16 25 17
39 16 29 17
16 5 36 28
46 10 6 24
32 2 30 22
43 15 28 13
36 16 27 12
20 9 31 24
22 7 33 28
43 33 16 24
38 22 9 20
21 3 0 21
23 47 29 17
20 4 30 22
17 39 33 23
49 48 30 23
22 10 34 19
45 10 25 48
16 39 38 20
13 4 22 9
19 7 21 16
20 5 30 22
17 12 20 40
40 5 40 16
16 10 35 15
22 7 1 47
24 8 11 35
36 9 23 42
9 26 26 14
32 0 40 26
42 22 35 15
34 13 18 38
41 25 28 12
20 12 26 34
6 29 26 14
4 5 23 14
20 6 25 14
20 6 20 26
40 24 34 42
18 6 26 11
40 25 24 42
43 22 37 24
43 11 28 21
49 22 34 21
20 7 35 37
20 7 28 20
40 17 26 18
40 6 18 1
42 15 7 9
23 7 3 24
26 3 36 39
22 5 17 44
36 5 25 10
30 13 1 41
21 7 18 35
6 30 9 14
30 11 22 25
45 31 27 15
49 20 1 40
41 36 9 42
29 19 9 13
27 19 10 25
22 37 10 36
31 3 47 31
29 19 38 18
43 26 21 32
21 4 18 45
35 38 8 20
18 7 17 42
44 10 15 21
23 35 4 20
43 13 30 24
30 29 9 36
36 22 10 41
22 9 10 46
2 39 5 13
36 35 14 10
7 34 17 16
45 12 32 14
14 37 31 19
20 4 35 22
47 18 36 35
39 16 16 28
18 44 28 24
37 30 7 21
27 42 45 34
49 3 30 15
31 19 27 14
26 6 10 24
48 11 19 45
3 35 34 38
44 23 39 21
38 24 25 10
40 24 14 18
29 40 19 24
22 6 23 35
22 6 31 19
34 32 12 17
42 2 13 22
36 33 29 11
33 20 15 34
32 11 19 49
31 27 26 46
22 10 26 13
37 28 9 24
49 23 26 17
37 13 20 4
31 49 28 19
43 18 14 46
33 25 8 42
39 22 10 8
48 23 2 38
31 12 40 31
32 48 2 12
40 41 33 21
10 24 31 38
21 0 26 19
21 6 32 5
6 40 32 18
47 2 35 25
19 6 5 5
43 17 9 48
32 42 19 29
23 5 15 40
0 45 30 26
28 0 7 21
32 43 1 35
22 4 11 23
34 40 36 18
40 9 14 25
27 5 10 40
32 33 17 33
27 19 33 19
45 6 16 15
40 26 35 42
16 47 39 30
23 24 27 13
35 9 18 44
28 0 15 34
19 33 34 18
46 6 22 19
24 20 31 27
30 18 42 34
49 24 37 33
10 37 36 34
23 2 43 31
41 24 3 17
2 43 20 1
28 43 32 22
23 4 22 14
32 30 19 25
48 8 9 18
23 21 15 26
42 27 34 34
20 4 38 20
15 4 27 32
18 35 4 23
18 6 21 32
43 0 23 31
28 20 21 45
19 5 28 21
23 6 1 24
14 1 8 36
17 34 8 48
13 43 11 28
16 43 16 30
48 4 18 21
29 39 47 31
36 12 7 29
19 43 26 21
33 12 16 21
49 8 39 37
44 0 39 38
6 23 11 24
36 17 17 24
17 31 7 13
40 38 26 18
43 10 2 25
38 31 34 19
20 9 11 21
19 8 26 17
45 10 24 33
44 27 2 21
47 19 3 46
35 9 6 23
17 35 7 14
35 8 29 15
18 4 44 28
39 7 32 14
22 5 19 33
37 33 36 18
8 39 20 20
49 0 8 21
41 48 13 15
13 38 29 10
42 24 34 13
23 7 18 41
45 21 25 10
26 31 13 28
20 3 24 15
16 5 38 18
38 10 27 15
31 4 16 26
9 35 23 17
32 32 18 30
6 9 19 35
32 34 19 37
16 7 27 45
45 33 5 22
36 30 28 16
41 3 21 11
0 44 35 22
21 6 36 13
48 2 32 18
45 43 5 23
20 10 9 17
22 48 35 24
29 7 36 14
20 5 11 32
37 38 16 10
25 30 32 13
46 9 28 18
44 3 15 34
21 4 17 23
18 7 25 13
46 9 9 5
20 7 13 20
25 7 16 31
40 11 32 15
42 17 27 18
21 5 39 16
29 3 26 24
23 8 37 29
19 5 22 9
45 39 42 18
28 40 32 15
40 2 22 29
45 40 39 37
42 40 35 41
40 21 31 12
39 16 5 43
35 36 17 28
25 13 34 30
21 6 28 12
21 47 17 25
36 18 31 23
34 3 27 14
43 33 15 46
22 7 24 13
43 1 16 32
48 12 14 31
19 8 40 23
41 14 26 2
21 6 35 24
17 48 26 11
10 48 9 21
49 11 47 28
33 26 6 30
45 15 25 20
27 40 20 23
21 8 40 17
47 1 10 42
29 5 33 21
37 48 34 27
20 6 14 21
37 8 42 34
9 12 33 36
42 11 6 38
48 32 15 26
29 20 25 18
36 1 20 46
49 3 22 17
28 18 33 12
45 7 6 12
37 29 29 12
18 6 30 28
29 31 14 20
17 10 18 32
14 42 26 12
47 24 28 28
23 11 12 12
30 6 39 29
1 27 39 22
37 3 25 16
38 42 40 36
39 14 15 28
13 36 22 26
23 4 24 15
45 20 40 27
21 7 36 20
48 20 41 29
31 42 20 17
37 19 14 39
23 9 21 15
13 1 6 35
21 3 44 26
19 7 30 14
13 45 3 9
47 25 37 18
16 29 4 42
29 4 30 38
10 34 30 24
32 3 19 45
21 8 15 44
46 27 14 22
39 2 36 35
19 42 9 2
25 30 28 34
12 14 26 15
48 8 26 16
20 5 6 41
18 5 17 16
40 27 14 48
33 21 0 9
38 10 35 29
13 46 13 26
18 6 9 25
36 32 10 20
17 46 3 45
3 35 16 23
37 40 0 49
