50 206 16017 800
15 9 44 32
24 25 8 49
35 11 12 48
3 42 8 47
9 27 8 43
21 19 0 10
13 14 32 19
6 43 33 18
32 30 12 43
10 13 33 26
30 14 11 48
16 12 12 47
25 28 11 46
18 37 8 46
33 28 12 44
7 10 13 48
10 11 30 13
15 23 41 17
22 9 34 13
3 40 48 39
21 18 43 30
45 3 12 49
20 9 12 46
10 6 10 43
5 44 40 40
20 29 41 14
21 6 39 30
4 45 12 44
31 23 44 41
18 11 30 39
13 6 32 11
19 33 40 32
7 4 42 13
18 0 10 47
17 2 12 44
16 37 42 34
26 11 30 9
23 12 11 43
8 13 39 13
20 26 2 10
30 35 43 28
10 15 34 10
25 33 41 46
16 32 36 16
8 21 2 7
19 36 35 5
22 36 36 25
4 12 48 36
13 25 44 41
17 27 7 47
9 0 34 16
2 15 47 39
19 0 39 49
4 43 32 12
19 17 28 13
12 19 7 43
4 40 19 22
22 20 33 15
8 37 4 13
15 13 33 14
22 36 9 46
36 8 10 47
1 9 43 16
22 32 4 14
13 2 30 14
20 33 12 49
0 42 34 37
26 21 9 16
41 9 11 8
9 24 41 46
34 13 10 43
32 15 34 11
28 22 8 45
3 7 38 10
3 41 11 47
23 31 33 16
2 34 9 41
25 29 46 32
25 28 35 47
27 35 38 15
16 3 9 46
11 13 35 15
1 39 38 40
42 21 31 21
2 23 41 43
20 42 9 45
19 4 26 21
38 14 25 13
23 37 4 10
7 40 11 47
4 20 37 26
11 17 9 47
37 11 11 48
33 26 8 46
28 39 12 48
0 35 43 13
11 6 11 47
2 16 44 30
29 42 36 39
15 27 5 47
28 23 11 47
43 10 46 47
35 5 11 44
29 29 33 11
11 5 29 18
23 19 1 14
2 47 23 12
9 16 48 39
22 31 37 46
10 43 48 47
14 37 8 16
18 24 28 30
7 39 44 33
0 42 40 31
23 15 0 7
28 33 10 43
3 5 7 45
6 4 31 27
7 34 3 2
16 16 34 6
1 35 49 41
15 12 32 10
0 35 46 49
1 16 3 12
13 13 44 45
20 0 38 25
3 9 45 42
45 1 8 44
29 35 34 26
22 8 25 47
21 27 42 31
4 39 11 44
26 4 49 24
5 18 39 17
0 43 35 33
1 15 37 15
4 1 42 33
4 34 46 30
13 9 8 46
2 34 11 49
21 26 38 6
2 35 22 9
12 42 1 8
48 5 27 9
0 43 11 45
31 31 40 26
36 18 13 45
22 30 10 48
17 10 33 17
17 10 9 44
2 38 43 38
4 46 45 49
24 4 6 44
5 24 46 42
0 33 1 6
36 41 0 8
42 30 11 42
2 1 9 47
4 38 10 46
25 8 45 26
26 36 9 43
8 24 31 18
12 40 12 16
25 16 38 16
21 36 11 47
31 13 12 46
27 9 45 39
2 38 12 44
19 40 1 13
27 14 31 6
3 43 7 6
16 3 31 15
24 18 10 45
19 11 39 47
5 31 6 44
24 30 33 48
20 31 4 8
40 19 10 46
4 45 13 45
19 36 35 22
21 9 12 49
36 30 19 38
6 1 31 12
25 27 28 19
10 30 7 46
4 20 32 10
15 29 36 18
8 33 8 45
14 5 27 15
10 43 20 14
5 39 37 49
8 28 10 43
36 38 31 17
48 8 27 37
14 16 29 24
33 1 48 13
1 23 34 23
22 17 43 22
6 39 27 17
9 12 9 46
8 10 26 3
7 15 10 47
12 45 40 38
18 29 42 45
13 9 9 46
15 5 44 44
