50 508 15664 800
40 45 44 5
42 36 9 0
36 2 9 38
28 0 29 4
2 43 36 26
14 48 39 26
35 26 20 32
8 24 26 21
39 7 37 3
27 41 15 12
10 1 8 14
33 40 33 11
7 6 6 37
1 15 34 28
48 9 31 5
10 14 28 20
3 4 23 35
3 8 26 36
9 26 2 11
11 17 6 37
40 33 2 22
5 12 5 46
34 31 28 6
9 16 36 9
9 7 36 11
18 7 37 4
7 23 12 21
36 25 36 4
4 20 4 10
28 26 32 33
39 46 36 17
13 11 36 8
36 30 22 39
14 17 18 33
39 39 9 39
17 35 25 11
14 18 8 5
11 48 23 20
32 32 31 11
6 14 6 31
18 31 38 4
8 5 27 19
47 30 6 38
42 38 18 33
9 10 29 13
27 8 3 8
13 13 30 3
13 16 23 6
48 43 30 9
32 5 0 15
47 31 30 26
27 33 0 7
15 18 31 28
12 18 30 6
47 40 39 12
9 24 44 14
4 18 21 3
24 6 5 35
0 7 27 6
16 1 24 16
31 13 26 21
3 14 23 16
26 10 39 11
2 18 38 26
20 2 8 12
30 17 35 14
49 25 1 49
40 18 30 21
15 18 31 3
7 17 36 13
11 13 4 43
30 27 43 7
4 3 35 5
4 19 15 1
16 11 15 46
4 12 14 16
5 13 10 17
29 26 14 16
16 19 4 44
3 8 25 10
29 23 16 8
8 7 26 27
5 14 32 22
14 8 11 44
37 29 30 14
14 10 25 5
7 4 5 46
29 9 4 46
3 46 31 13
1 21 46 18
3 43 7 4
29 19 29 7
42 27 38 46
30 24 6 45
5 16 41 7
34 34 4 13
20 12 36 12
12 49 3 33
5 16 31 34
42 45 46 12
5 19 40 28
22 12 30 4
6 35 33 33
36 42 29 5
34 30 38 9
25 29 5 8
39 30 27 1
9 49 36 11
42 33 32 21
7 0 35 36
1 29 6 36
35 30 8 33
34 33 2 17
8 23 14 38
3 3 42 26
1 21 46 7
32 31 28 15
32 35 27 11
41 27 35 10
3 6 24 14
29 17 18 8
32 36 31 0
33 26 34 17
18 5 31 13
46 47 35 8
20 8 4 27
2 13 7 25
49 29 2 14
26 9 4 36
19 24 7 40
15 11 36 8
45 31 45 37
1 16 23 16
44 24 3 14
18 5 29 4
0 44 26 38
4 15 7 46
10 24 11 39
39 32 34 20
37 34 37 7
34 29 34 23
6 8 47 2
27 37 35 6
29 22 15 24
47 31 5 12
32 0 0 5
23 4 4 45
2 34 37 24
35 31 18 3
21 7 30 7
2 4 16 29
31 20 36 0
33 43 1 17
12 43 14 17
34 2 39 26
29 19 10 48
32 37 0 36
7 6 5 43
2 28 25 7
10 29 22 10
28 14 48 37
48 35 16 41
0 8 11 44
33 18 35 44
12 0 24 8
9 10 38 33
39 29 15 4
44 39 22 37
0 17 31 13
19 18 18 4
7 12 12 19
14 34 22 11
34 31 37 18
43 22 34 6
4 20 28 9
8 19 1 46
44 49 37 20
11 13 34 6
6 2 28 36
29 14 33 4
27 24 32 38
14 18 30 3
28 16 33 13
38 47 23 34
8 13 33 46
35 5 2 46
10 20 28 3
35 24 33 14
40 25 33 10
4 12 38 21
1 10 40 16
44 39 6 32
19 1 6 37
6 27 34 29
20 15 42 8
48 44 38 5
45 24 14 2
49 45 41 25
29 24 40 12
37 17 21 27
5 32 17 45
30 36 40 10
36 2 9 39
32 29 25 42
49 45 35 4
48 38 41 39
6 16 44 0
0 11 2 43
15 12 6 15
28 2 28 19
4 5 24 4
41 37 11 43
22 1 12 37
16 10 22 22
10 24 16 42
36 4 11 36
48 26 15 9
43 22 16 27
0 43 36 1
6 13 34 10
5 15 9 23
9 42 8 38
37 49 1 46
26 6 38 3
10 18 25 9
37 35 10 40
6 14 13 39
28 2 36 9
20 11 29 1
38 44 6 15
40 43 23 7
45 33 43 14
29 3 47 6
5 33 30 9
1 13 9 6
11 14 16 45
12 7 37 17
39 45 14 41
9 9 1 10
31 36 26 42
4 13 19 1
32 47 28 17
8 20 44 29
15 4 26 5
1 19 0 7
23 16 28 37
35 39 10 32
34 0 44 10
13 10 18 34
9 8 38 9
7 21 2 46
28 11 15 37
46 38 40 8
4 7 36 3
18 47 35 7
31 27 34 1
36 24 35 8
11 7 28 16
6 20 0 13
14 24 38 5
20 17 24 2
9 17 20 34
13 25 22 19
40 36 27 12
46 47 25 10
38 42 42 0
34 36 33 3
21 19 45 28
7 11 28 5
20 9 11 39
37 23 27 1
6 1 14 44
30 0 11 2
4 4 19 13
42 41 12 42
37 48 24 47
39 35 16 35
3 16 27 15
17 18 49 15
30 8 13 9
22 14 7 15
37 26 40 10
25 29 13 41
35 26 13 36
12 29 35 3
40 32 27 3
33 25 16 33
14 19 44 10
17 18 26 11
38 42 17 15
35 39 16 38
44 40 41 13
10 14 31 12
39 37 26 17
14 44 46 12
3 28 11 9
47 13 1 37
5 6 33 1
42 47 8 8
30 45 19 33
44 32 32 9
42 25 23 3
4 15 9 4
6 17 21 22
5 12 36 12
31 3 27 4
48 32 26 33
30 25 14 49
5 12 7 42
10 10 34 11
1 33 43 4
26 28 29 16
39 28 14 46
40 33 3 1
48 12 43 4
7 26 39 38
34 27 28 23
27 3 47 34
34 35 10 25
19 17 22 13
14 12 41 4
5 20 31 8
39 14 17 15
44 34 31 2
33 13 4 44
42 38 24 16
2 17 16 26
5 18 48 27
2 24 4 36
10 14 20 7
1 8 17 44
38 37 23 2
41 47 11 3
32 12 27 10
31 38 32 28
1 48 16 16
9 19 4 7
7 20 28 2
7 12 34 26
49 34 33 36
20 4 29 8
40 41 24 8
33 32 45 32
8 16 33 3
0 14 31 9
8 0 6 29
2 11 36 8
14 20 39 6
33 7 42 4
1 4 33 11
7 42 17 13
12 0 26 22
3 11 18 2
14 40 8 39
13 16 40 19
30 40 8 32
5 40 38 3
7 8 8 45
6 22 37 11
10 18 19 10
46 30 14 40
42 44 23 10
37 18 25 27
29 17 38 8
12 0 36 9
40 26 3 37
16 11 14 49
6 6 30 28
33 5 42 43
29 1 13 38
37 31 21 38
10 35 34 0
5 31 36 29
23 32 40 26
49 36 32 4
2 15 7 30
17 4 15 11
16 21 28 3
13 22 35 22
10 15 25 15
3 7 37 19
3 43 35 13
8 15 24 21
43 39 37 18
31 28 39 7
8 17 9 38
13 8 37 4
11 21 31 6
6 22 17 2
21 9 32 35
0 21 34 13
29 10 38 6
32 10 3 6
36 44 11 36
17 16 31 3
13 20 35 8
34 24 40 2
26 4 20 35
7 8 29 38
1 7 31 8
3 9 39 7
34 45 10 41
22 2 29 23
40 13 2 44
37 40 10 34
38 37 2 6
25 32 35 7
22 23 10 42
37 4 27 34
3 6 33 4
44 35 25 22
3 41 47 20
40 8 27 11
34 20 6 43
20 2 39 3
3 20 33 6
3 41 21 17
11 48 34 21
4 13 34 6
7 18 25 11
42 47 25 17
38 33 3 44
8 2 40 1
45 39 0 16
7 14 39 4
13 19 7 44
40 35 4 36
8 25 24 9
0 21 26 35
21 40 33 25
43 31 45 4
48 18 21 9
7 34 9 46
28 26 28 14
4 8 33 4
6 11 28 32
6 16 28 25
11 31 30 27
1 8 34 0
5 29 4 10
3 31 38 10
39 32 39 5
37 36 17 39
16 12 28 16
13 9 8 26
7 4 3 46
17 19 22 17
45 33 14 43
49 42 10 45
1 8 31 10
20 15 35 11
28 4 32 6
43 46 45 32
19 15 31 10
44 27 0 30
7 4 34 9
6 18 34 7
37 39 37 11
12 22 12 43
46 45 33 9
8 9 26 1
29 1 0 13
14 47 41 25
23 3 49 14
41 9 27 15
27 4 4 41
4 7 6 47
24 9 8 47
18 31 47 17
32 36 6 47
6 39 23 0
39 24 14 40
1 11 33 12
0 25 18 1
28 10 2 17
21 28 26 27
45 18 10 42
45 21 11 34
45 36 7 11
49 48 0 14
7 13 14 38
35 23 36 11
10 2 12 9
34 25 21 28
36 33 30 12
2 6 39 5
39 33 31 6
15 41 18 48
34 7 3 9
1 15 8 47
0 37 7 45
25 15 12 5
39 31 29 19
29 33 8 4
28 11 39 9
10 10 38 7
31 45 37 29
15 20 34 21
34 33 32 2
0 20 15 20
24 34 15 4
39 45 38 0
42 45 41 37
6 12 34 1
6 7 6 35
37 7 26 4
39 31 37 7
41 15 28 3
