50 136 16530 800
7 41 11 37
36 3 2 34
49 49 28 22
45 43 28 19
17 20 4 37
16 12 45 37
48 28 10 46
23 16 32 15
39 15 34 49
29 11 39 31
30 31 29 18
45 4 16 6
36 9 23 28
42 36 22 47
9 5 38 26
45 9 4 3
43 4 34 24
10 8 2 46
36 3 38 17
42 24 47 39
25 13 23 40
29 47 33 6
25 16 15 38
13 3 7 48
48 14 0 49
11 26 18 37
31 49 19 41
21 0 28 5
46 19 28 22
19 6 46 2
32 17 35 36
26 20 26 0
4 41 41 11
5 40 38 9
6 2 25 14
3 13 16 47
39 19 11 14
43 24 26 12
30 12 9 44
8 2 33 25
35 3 12 22
6 30 25 25
42 29 18 17
30 42 15 12
44 25 28 16
3 38 32 41
35 7 38 10
23 26 45 29
30 11 35 19
0 5 5 46
42 25 49 5
11 7 2 35
42 11 47 14
12 5 49 20
37 21 16 25
40 3 14 45
47 3 26 31
7 39 19 48
0 39 25 24
24 25 34 2
40 8 16 11
48 5 31 3
23 47 43 10
37 15 7 2
40 21 25 12
7 2 10 36
3 41 22 23
4 41 38 19
6 39 35 18
37 6 16 8
21 2 38 23
12 9 26 26
9 16 40 21
24 16 44 1
4 10 41 26
46 24 40 27
37 38 23 5
17 6 29 22
26 17 25 9
1 44 4 28
4 39 29 17
42 45 43 5
39 6 46 2
18 16 5 41
41 13 42 29
44 24 30 11
27 41 22 29
31 38 26 35
44 5 4 40
1 40 28 16
8 7 28 17
32 15 41 17
35 26 40 36
33 32 6 30
24 0 34 23
47 22 31 7
41 20 12 39
48 6 38 15
20 16 35 10
12 15 44 5
25 39 9 33
49 47 3 40
32 15 35 0
2 2 40 29
42 20 27 31
36 29 17 3
44 4 11 26
48 22 40 33
20 16 36 15
12 13 48 20
41 41 23 37
39 24 13 36
24 1 10 36
36 18 17 41
42 7 19 26
26 1 29 25
31 29 25 40
12 21 12 1
22 1 36 26
26 27 39 33
9 41 37 20
39 2 21 2
21 5 7 17
27 45 43 16
44 42 31 31
4 10 29 22
32 27 29 13
9 28 35 0
37 5 23 23
3 38 29 16
26 22 7 44
2 43 13 9
23 2 7 49
20 2 29 16
36 32 27 32
18 38 27 7
