50 351 14424 800
26 6 25 37
29 14 34 39
49 45 11 21
13 15 30 40
20 26 8 5
2 2 12 11
22 23 33 45
34 45 33 14
33 3 35 38
20 34 28 33
44 48 15 25
37 47 36 32
6 11 33 35
28 24 39 15
3 2 7 27
26 18 31 49
21 22 30 37
43 12 44 21
30 22 47 24
24 24 28 46
23 23 17 20
28 15 41 49
21 22 15 37
21 35 30 41
45 19 37 38
12 24 28 32
48 46 1 24
12 48 11 36
23 5 30 34
48 13 42 30
47 46 32 35
24 31 46 16
49 49 25 23
6 10 27 40
33 42 49 39
28 31 38 22
38 35 35 25
15 27 11 1
41 43 34 44
9 26 37 14
25 18 40 36
34 33 10 34
41 10 5 25
33 41 45 0
30 34 45 12
15 26 35 33
34 38 37 35
2 35 38 20
31 25 35 46
45 44 19 17
45 16 36 10
4 9 43 34
45 17 33 36
45 34 33 39
36 16 28 36
45 27 42 14
14 26 33 14
46 5 38 44
14 21 2 42
8 10 21 17
4 2 45 3
8 26 16 32
34 28 25 39
37 40 14 17
14 27 24 35
23 7 45 6
14 28 32 45
17 38 35 37
20 0 14 22
10 37 30 48
7 1 31 36
35 22 48 0
16 31 22 41
31 23 21 36
47 49 38 43
9 0 40 20
25 25 35 30
45 36 48 39
4 14 28 31
30 36 32 41
12 45 44 13
17 13 27 43
35 41 42 30
29 37 34 18
27 33 25 22
30 21 43 22
30 11 33 39
42 12 24 44
41 17 49 11
21 22 37 36
14 13 8 33
38 13 22 23
10 1 30 5
22 29 44 8
44 12 33 38
19 25 36 36
46 0 49 40
15 14 22 49
30 13 6 32
14 26 46 14
23 23 14 19
19 42 5 40
11 25 26 36
33 39 45 33
48 27 29 38
11 23 32 35
17 29 28 36
22 32 10 28
32 4 28 36
25 18 34 12
15 27 26 38
45 46 1 30
24 14 34 47
41 21 9 7
4 10 37 39
32 14 29 41
25 20 24 41
8 25 13 24
49 24 43 48
24 23 48 17
12 4 32 39
26 20 8 17
17 13 33 38
18 41 23 46
17 30 0 17
14 5 44 10
49 49 26 35
35 29 41 37
17 28 13 20
28 8 28 26
40 24 48 23
23 26 28 38
34 35 25 37
47 18 28 35
21 36 48 12
46 15 12 19
45 48 24 9
49 46 33 13
48 45 32 27
26 13 23 39
45 32 31 40
8 12 32 37
12 25 12 18
17 25 36 39
13 2 32 35
11 27 30 31
11 20 33 33
12 29 35 9
36 32 29 25
48 23 12 11
28 20 44 9
37 18 49 42
17 20 11 16
28 11 4 9
48 18 20 33
11 22 33 35
28 31 42 38
35 47 14 37
17 29 21 17
29 32 22 13
22 12 21 29
37 7 32 35
21 19 46 41
9 14 12 40
24 23 28 33
30 12 36 38
40 12 6 40
5 47 6 16
19 32 16 47
46 17 19 26
28 33 33 38
41 31 1 18
49 47 47 9
30 2 48 42
12 8 34 11
25 31 33 38
33 17 48 6
9 23 40 41
22 7 46 47
27 39 36 49
46 12 28 37
37 14 36 39
11 39 7 27
5 18 25 39
46 34 29 34
4 3 31 3
39 38 32 25
27 28 42 36
20 25 7 20
12 28 43 10
48 45 40 37
10 25 26 30
18 9 17 19
24 21 21 43
37 17 40 43
48 49 37 16
26 21 33 38
41 28 36 45
8 30 24 31
13 31 42 24
30 14 28 24
10 2 23 21
24 18 41 9
11 2 46 45
41 17 24 40
27 16 17 46
15 21 45 47
47 49 33 16
16 33 44 28
17 8 47 7
35 22 26 39
13 22 36 49
45 9 48 45
31 35 35 37
45 46 29 41
3 4 49 13
32 23 11 30
47 47 31 45
45 18 8 26
7 13 35 35
38 17 4 36
49 44 45 34
40 17 37 28
28 19 19 48
13 7 35 19
12 10 8 9
21 8 44 7
24 18 34 9
49 49 22 41
16 6 20 25
28 21 45 17
32 7 39 26
27 28 12 24
15 11 37 28
13 14 12 30
18 10 20 18
35 4 23 44
35 29 34 18
13 23 34 36
26 29 47 24
46 34 27 42
30 19 26 34
38 30 44 44
30 18 26 15
15 25 38 5
11 24 6 26
41 20 11 18
9 28 42 6
11 15 4 8
10 21 30 40
43 16 45 6
16 18 31 40
15 1 12 24
5 4 44 14
14 5 34 41
12 16 23 27
9 7 49 8
44 11 40 12
26 6 30 37
45 45 9 22
46 49 37 32
12 11 26 23
22 20 47 3
27 3 29 49
22 24 38 17
49 47 17 28
26 34 36 42
8 5 40 43
36 14 21 32
47 25 29 47
15 20 21 47
30 19 25 10
29 3 33 39
45 20 37 7
27 13 45 35
7 20 34 37
43 5 19 31
47 35 15 37
48 22 44 6
13 26 32 25
30 46 10 18
17 23 22 21
12 24 0 16
20 21 42 36
23 14 24 20
18 19 33 11
46 43 29 42
20 10 7 17
15 26 34 35
27 6 31 41
27 19 48 4
12 25 0 23
32 27 12 8
49 49 41 13
23 26 32 29
13 26 18 13
31 18 47 34
48 26 47 38
11 23 29 43
37 10 43 15
7 32 42 25
22 28 30 36
16 6 42 38
14 6 45 39
25 10 7 19
24 28 41 14
47 20 31 36
17 30 32 9
22 11 42 15
33 12 34 31
19 27 32 12
37 26 49 24
19 22 42 17
47 45 11 28
47 44 37 38
38 30 20 30
14 28 5 29
7 7 37 40
48 43 30 47
29 28 25 25
15 21 36 33
30 24 24 46
36 43 41 17
49 27 37 35
19 16 47 11
34 18 34 42
13 23 30 43
13 23 31 2
44 33 41 1
25 40 16 32
16 18 35 35
45 41 43 4
13 23 30 1
12 19 27 31
21 33 11 25
30 46 28 42
14 29 20 27
11 21 20 3
15 16 19 22
4 39 24 26
14 27 40 29
49 16 26 14
29 23 8 21
48 49 15 37
28 19 26 46
24 27 13 25
39 22 14 37
46 49 25 27
19 7 30 32
31 24 6 30
46 49 37 34
