50 59 16652 800
9 5 29 4
19 34 32 30
15 5 9 13
28 28 21 45
23 36 2 47
10 20 44 13
16 10 42 9
16 19 3 2
4 38 29 44
24 31 7 6
9 39 6 28
39 15 6 22
19 34 21 24
4 31 19 9
43 8 30 46
10 9 42 13
18 6 23 46
21 25 12 5
29 19 47 9
19 0 3 30
49 6 22 45
24 19 12 38
23 49 7 8
26 43 41 6
38 46 24 16
35 39 8 7
49 24 1 9
23 43 28 45
38 14 23 39
5 12 10 15
13 4 10 6
18 11 29 21
11 1 19 8
7 8 21 22
9 11 43 9
15 21 16 44
11 17 43 11
6 9 31 17
15 9 3 33
21 41 27 45
1 27 11 45
42 5 18 38
7 36 48 11
22 45 39 36
31 41 25 48
42 41 41 11
25 43 23 31
10 29 29 13
11 0 3 35
16 46 29 45
22 22 1 22
22 43 10 22
31 19 2 13
49 2 12 41
9 4 12 21
47 10 22 6
46 11 27 12
16 7 38 11
22 48 20 43
