50 353 17107 800
21 33 10 34
26 28 11 28
43 0 3 28
41 25 31 34
42 11 19 11
17 33 8 33
49 45 33 19
33 31 7 9
34 12 8 32
22 24 8 30
15 28 35 31
17 31 9 31
43 4 4 31
16 12 30 43
45 46 2 6
37 0 4 12
20 30 27 22
28 32 24 13
15 30 11 2
28 45 8 28
14 25 12 28
22 22 5 30
14 26 4 7
8 44 1 29
46 14 12 9
16 19 6 27
39 11 9 34
25 5 48 3
37 48 28 0
4 29 24 22
41 12 7 27
31 22 2 12
20 17 8 6
18 28 31 5
28 34 11 32
16 42 31 27
17 26 25 3
34 29 28 26
0 35 8 32
39 18 5 3
17 29 3 26
19 33 36 29
45 3 15 16
9 28 3 15
36 7 3 3
21 9 7 32
32 18 37 29
47 18 10 29
26 38 13 35
16 39 15 9
5 21 18 6
16 34 12 0
31 15 10 31
46 6 31 5
45 44 7 34
17 32 3 26
0 48 10 26
44 41 11 11
2 4 6 36
38 8 10 36
44 14 18 13
5 31 32 20
40 27 8 33
39 6 26 12
29 5 33 31
21 23 4 15
22 28 2 4
46 22 28 29
35 40 10 29
20 32 32 36
37 32 35 5
47 48 6 31
47 8 16 4
42 37 20 34
22 20 35 28
20 34 4 10
16 22 17 8
13 16 4 10
38 9 6 30
38 23 4 14
36 16 7 30
23 29 8 27
21 7 14 26
10 26 12 7
44 13 19 5
46 3 5 28
41 43 4 19
28 0 17 16
34 25 7 4
19 31 36 28
16 15 6 32
34 32 11 21
46 39 14 2
37 16 40 32
10 33 35 27
35 3 8 9
47 47 11 34
24 39 15 3
37 7 8 16
25 27 19 9
21 42 4 31
31 15 39 31
48 21 10 12
18 30 10 37
27 37 20 6
21 38 30 29
17 30 5 30
18 38 7 29
18 36 7 6
10 21 6 5
11 42 10 29
19 35 3 4
22 23 6 31
33 6 7 23
25 29 39 25
25 28 30 37
11 25 6 29
12 48 7 6
48 20 29 24
45 24 15 14
4 44 34 25
43 9 17 20
46 9 39 20
15 9 29 13
44 7 32 40
19 29 0 32
18 29 1 15
10 48 33 6
5 38 3 11
36 10 3 10
40 17 34 17
33 9 27 9
25 13 34 6
10 41 7 32
35 10 16 14
48 12 9 4
21 23 26 5
9 35 30 31
25 10 3 30
48 5 34 16
14 15 8 33
31 15 4 9
26 35 12 9
23 23 35 34
38 26 0 22
21 22 31 7
18 33 4 19
37 4 6 29
27 24 11 7
13 34 9 3
48 49 14 37
39 7 20 5
26 29 1 6
5 22 7 2
40 13 10 13
11 45 25 3
9 40 11 24
21 27 6 29
45 17 9 27
11 22 7 32
32 17 41 7
38 28 28 39
23 32 12 35
36 7 10 32
35 2 8 31
14 35 6 3
35 10 24 16
20 27 26 37
45 43 20 5
15 1 4 5
35 17 25 10
2 10 5 35
25 34 44 10
18 33 14 9
13 23 3 5
36 39 1 11
32 6 43 18
17 29 19 4
17 47 11 27
33 39 5 18
49 20 15 8
36 14 8 6
29 10 21 38
19 30 7 22
29 3 6 12
18 26 11 33
49 17 7 30
19 18 28 35
49 0 16 17
22 13 38 19
31 19 10 35
29 7 5 12
49 48 7 36
23 40 27 6
43 49 16 10
46 40 6 14
41 15 6 31
40 12 39 3
20 27 4 35
48 8 10 25
42 3 19 2
25 26 40 24
32 12 1 10
22 34 12 8
42 11 6 30
3 44 15 7
35 20 19 4
10 30 7 39
46 44 7 34
41 7 7 33
49 47 16 5
35 15 9 30
28 43 7 37
4 38 11 3
36 14 23 30
20 29 7 25
42 9 32 39
18 30 5 28
20 27 7 25
22 44 9 10
23 18 42 41
22 7 42 36
13 23 2 30
26 48 3 2
40 29 10 29
22 35 4 16
39 18 10 32
41 3 37 19
10 23 35 31
24 32 17 8
49 46 10 35
38 27 8 34
10 18 22 4
24 19 14 46
48 20 35 21
6 37 37 26
43 8 30 21
42 14 25 9
44 7 23 12
42 15 11 29
18 33 15 5
38 8 2 31
22 33 3 32
36 8 4 13
48 16 11 11
45 28 28 28
21 15 8 28
47 9 9 31
44 47 41 16
37 30 36 21
25 29 26 24
48 45 9 32
31 38 10 33
23 2 14 9
2 29 11 7
43 30 8 33
3 32 11 6
44 7 1 2
18 34 25 8
47 44 23 19
19 30 5 28
21 37 21 10
20 30 30 1
25 8 8 23
22 31 26 9
31 18 34 22
42 39 18 13
35 2 4 12
29 1 6 33
18 39 14 18
38 9 6 33
12 39 9 32
30 16 8 27
26 7 11 33
20 29 10 28
25 46 40 32
23 28 23 37
44 22 20 29
12 49 6 33
48 4 17 12
39 20 16 10
31 7 6 31
47 1 28 16
34 4 44 22
19 40 6 33
6 28 38 4
40 30 15 31
37 29 9 2
47 15 3 7
10 31 16 9
6 26 25 11
11 37 3 1
20 31 8 29
40 17 21 21
42 2 4 32
14 28 10 21
34 26 5 29
15 45 17 8
34 36 42 17
11 47 3 12
48 40 6 28
45 8 7 27
41 7 10 31
22 30 7 8
49 6 12 7
20 8 11 37
26 34 47 25
19 30 6 34
48 14 8 35
47 46 32 17
19 36 39 29
22 31 31 27
14 12 9 32
14 43 8 39
4 43 30 19
22 26 32 24
48 49 3 2
22 34 9 35
22 29 34 7
42 9 13 32
32 26 8 28
43 2 17 17
25 31 10 17
0 27 37 20
22 33 31 32
19 28 8 29
26 4 38 32
45 42 6 26
26 26 19 9
47 43 43 11
38 29 11 29
46 0 8 27
40 7 4 29
49 49 4 31
40 20 13 9
23 27 32 19
45 8 25 14
17 7 20 23
46 19 24 41
40 1 3 35
28 7 7 31
36 16 33 19
9 30 15 8
30 25 7 31
17 32 7 28
18 33 10 31
11 31 7 7
29 38 15 11
25 14 34 19
9 29 31 31
49 25 31 35
34 6 34 22
22 31 16 7
