50 70 16700 800
17 21 33 20
14 37 23 48
12 36 14 45
43 8 17 31
22 9 47 31
39 13 14 49
17 4 12 32
28 10 13 43
39 24 16 9
23 20 29 34
38 19 29 28
12 38 12 25
39 35 45 49
19 2 14 32
49 7 13 42
16 46 14 14
14 10 6 7
28 38 11 19
18 46 22 36
35 12 40 31
13 30 42 18
22 32 49 26
24 16 1 44
14 25 12 2
9 42 22 26
16 44 7 26
44 1 25 23
3 21 46 28
7 27 21 22
29 3 20 15
38 1 1 47
16 40 14 10
44 33 31 29
44 16 34 18
46 11 24 14
25 10 32 24
8 29 19 22
5 32 2 43
41 9 5 6
20 0 12 0
29 9 31 29
31 17 29 20
22 13 8 33
35 34 29 31
20 6 35 47
11 47 6 6
25 3 10 41
15 12 11 29
38 22 11 12
44 9 42 33
15 10 7 35
19 5 24 22
12 41 20 2
33 8 21 18
19 35 14 39
33 46 16 40
33 2 32 39
28 26 43 27
33 9 25 31
27 7 0 34
30 41 33 14
45 21 21 34
33 33 22 35
31 23 31 38
6 7 7 20
33 6 15 28
7 14 42 26
24 1 20 47
11 5 20 7
18 16 15 31
