50 856 18677 800
41 34 20 4
17 47 39 7
19 10 42 24
14 24 18 49
7 44 33 11
22 10 2 31
13 34 38 29
36 23 25 13
12 30 21 44
4 10 17 35
16 4 2 35
39 30 45 7
28 15 33 15
38 2 23 34
20 23 22 37
26 20 39 28
5 12 20 49
33 21 0 34
30 28 43 32
19 37 27 11
21 12 24 42
33 38 2 28
14 7 29 44
21 16 42 12
25 14 43 25
40 33 2 35
43 18 20 38
29 30 27 13
35 31 4 33
18 1 48 4
4 3 39 11
9 19 41 28
35 31 29 4
16 26 29 2
28 17 7 25
49 27 46 19
0 32 7 13
19 15 1 34
20 35 31 14
10 9 35 8
21 9 44 46
29 17 40 2
24 9 49 16
4 32 11 19
5 34 0 31
21 38 28 11
33 22 15 29
13 22 0 27
21 15 23 25
10 16 41 27
14 0 0 31
36 25 28 45
17 7 39 13
18 31 2 32
6 8 32 39
22 22 2 32
34 43 10 22
33 31 41 21
30 18 5 28
30 22 43 5
42 25 42 17
41 26 6 24
31 17 33 49
34 17 0 32
6 30 2 20
29 22 16 24
17 42 40 35
44 22 4 12
14 21 1 26
10 43 30 0
32 17 2 33
17 6 37 3
29 26 42 28
37 12 30 42
2 46 6 33
3 14 19 10
34 33 16 28
34 24 3 3
3 43 29 1
14 30 0 37
16 28 40 8
26 29 12 40
33 22 2 31
12 4 35 25
24 38 32 35
4 38 23 23
33 28 38 12
13 27 0 32
27 19 32 29
25 24 30 41
0 32 36 35
11 4 22 34
31 16 24 12
2 25 34 13
24 19 31 31
43 24 41 15
35 36 20 22
28 6 23 22
13 33 32 32
33 31 27 13
19 17 1 33
38 25 23 17
29 21 48 13
12 31 46 36
36 32 47 25
15 5 1 29
36 16 29 36
2 45 32 19
30 29 5 31
10 3 45 7
40 34 22 40
14 27 46 23
12 24 1 30
11 22 26 11
29 28 19 14
13 10 35 4
44 39 41 46
32 20 48 35
40 24 18 40
39 16 17 48
4 24 17 45
18 48 3 27
34 24 32 9
30 31 21 29
8 48 28 11
9 40 44 19
18 15 25 18
20 13 0 31
17 4 1 26
31 22 40 7
30 27 15 11
10 45 3 32
9 11 41 18
35 16 41 13
28 21 22 41
8 35 3 21
28 21 35 19
22 22 11 33
30 29 6 29
23 13 46 35
12 13 43 33
32 24 27 7
18 44 41 26
16 29 47 38
5 42 34 0
10 5 46 8
28 18 11 1
18 29 3 28
30 19 14 42
34 30 40 13
11 21 40 12
12 4 15 38
28 1 12 17
34 28 11 8
29 16 18 4
0 28 33 18
34 20 0 31
13 3 30 18
34 21 1 30
24 29 20 15
31 27 26 9
35 31 39 18
15 24 4 32
10 37 28 5
14 44 1 34
36 34 24 29
5 21 33 11
23 16 30 39
27 47 10 15
6 39 30 5
13 32 23 2
33 10 5 35
44 17 24 14
14 7 29 35
30 30 38 9
29 24 10 48
22 5 34 7
14 9 46 5
30 18 13 9
25 18 20 45
20 26 32 41
37 30 30 32
26 46 28 4
10 13 25 37
17 27 27 43
33 31 45 20
32 16 21 14
12 19 28 45
48 16 14 45
33 31 43 6
10 4 2 32
20 31 45 9
31 29 16 41
36 32 0 32
44 14 7 18
7 36 19 0
20 9 28 27
29 19 21 0
26 24 0 29
48 34 27 18
22 27 28 40
13 42 0 26
15 28 35 31
18 9 16 20
19 5 34 40
21 16 12 29
35 21 41 17
34 19 20 10
25 38 31 36
33 21 23 12
32 16 28 2
25 15 19 16
29 22 34 32
37 32 3 28
41 17 36 5
32 26 15 22
36 3 43 25
27 25 24 22
49 12 21 3
16 7 43 15
20 23 16 14
16 19 19 22
30 16 2 29
15 46 37 24
29 16 8 26
17 2 23 43
7 45 21 47
21 37 46 9
16 17 26 1
13 5 39 39
9 27 0 34
37 19 25 8
33 30 21 4
20 14 7 29
29 49 40 10
32 31 10 34
26 13 1 10
10 19 45 1
11 5 3 29
6 16 32 3
3 38 49 16
34 18 3 29
6 41 18 45
24 9 16 34
17 16 38 37
35 25 18 32
15 24 29 37
32 37 21 40
38 48 2 41
16 4 38 2
15 26 48 15
18 45 3 29
40 33 7 35
32 33 23 11
33 20 28 17
4 24 27 14
33 17 37 49
35 23 30 5
34 27 20 30
21 15 44 13
26 12 3 27
22 11 17 35
37 30 5 46
17 26 20 8
18 8 31 26
15 14 34 16
1 43 40 13
22 15 29 18
12 18 24 46
31 14 15 42
26 22 12 44
17 2 30 45
9 28 28 41
31 28 28 1
10 21 35 5
15 28 0 31
14 5 38 5
21 22 12 30
31 19 5 44
20 15 22 44
33 19 42 27
6 36 39 15
11 37 16 49
18 5 0 34
29 14 38 3
32 29 13 35
25 25 47 39
19 15 26 15
22 33 8 33
37 17 26 31
19 18 24 48
31 19 24 9
13 22 23 12
27 25 42 35
22 15 10 24
40 5 10 32
27 12 33 26
44 6 35 5
19 5 24 28
28 26 0 29
36 17 21 46
40 35 44 1
33 5 48 38
33 17 18 4
0 24 46 11
46 17 24 35
13 11 43 27
4 40 15 37
16 7 45 13
33 18 12 3
30 34 16 42
14 4 2 28
32 34 41 38
26 27 19 40
7 22 23 14
22 19 1 26
36 11 29 13
29 27 3 33
12 5 48 20
20 41 16 30
41 19 34 4
37 32 1 36
31 20 20 32
22 4 32 35
32 21 5 28
29 19 1 29
42 33 14 21
34 38 42 5
14 6 13 10
21 15 20 20
25 8 10 11
29 21 36 26
1 46 18 46
31 33 0 36
38 35 41 2
11 44 0 33
10 26 40 15
26 15 21 25
25 12 34 12
35 29 31 10
22 12 25 28
32 27 28 41
13 1 44 29
15 3 27 9
49 37 30 3
26 18 32 43
22 38 16 27
29 41 28 23
17 7 29 9
24 3 6 28
25 7 22 22
23 16 24 4
10 39 43 2
27 23 30 49
21 22 22 29
24 5 23 13
5 27 25 38
29 18 34 43
8 34 2 19
40 11 19 15
11 15 11 5
25 14 5 33
45 15 37 13
11 5 4 33
24 29 32 38
23 13 41 8
9 25 36 0
7 36 44 6
19 12 42 2
16 1 32 20
32 30 5 29
40 9 49 16
29 11 25 42
31 33 4 33
30 36 2 29
24 10 11 30
35 36 11 27
21 11 33 7
30 19 3 29
15 17 1 30
24 20 13 28
24 19 22 22
18 14 36 33
18 40 19 6
33 47 38 10
0 35 42 24
22 15 31 42
36 29 45 13
10 42 38 10
42 29 1 32
39 17 45 25
20 15 2 33
30 13 20 36
27 10 43 22
24 32 36 4
6 38 35 0
20 12 22 28
29 13 20 24
17 8 45 12
20 14 40 13
13 11 48 14
30 26 27 38
9 35 3 35
22 40 0 38
33 22 29 47
22 17 29 33
16 49 0 36
18 44 20 40
10 11 48 8
10 45 18 44
25 15 42 21
47 24 0 22
48 25 31 38
17 41 12 9
24 2 17 3
19 13 9 29
29 26 35 14
32 36 17 18
20 19 25 4
34 15 29 2
33 33 13 38
35 28 18 19
21 48 46 11
28 20 45 17
12 29 24 46
19 36 40 5
29 11 49 23
31 30 49 22
30 19 18 48
44 25 25 13
32 31 25 42
31 9 22 36
34 17 29 30
44 29 38 7
10 3 21 46
13 40 15 45
35 30 42 15
13 6 47 18
23 33 33 10
18 7 18 30
24 14 13 47
37 19 4 30
14 2 27 20
2 47 18 44
48 16 5 28
36 26 1 35
24 29 48 0
10 4 11 35
24 33 5 22
30 15 21 22
23 24 36 23
15 43 0 32
6 35 37 34
30 33 4 29
46 39 47 7
22 10 47 24
7 17 9 35
36 32 44 35
34 20 45 9
28 12 49 32
3 45 9 31
28 35 40 11
6 47 47 5
12 23 34 43
13 32 21 27
17 9 0 33
32 22 12 10
31 14 5 32
17 28 32 21
32 45 0 26
33 33 15 5
17 28 29 30
6 35 14 48
14 9 18 22
11 29 7 32
3 25 16 20
34 30 35 0
15 36 4 30
29 21 2 38
14 7 25 15
35 17 21 42
6 30 11 32
28 31 30 15
32 22 32 33
4 44 12 36
22 13 20 2
33 21 36 33
0 25 16 46
40 28 12 33
32 8 15 28
30 22 41 12
14 10 5 44
26 10 27 2
35 18 0 30
38 20 24 36
19 5 47 15
44 20 37 9
16 5 31 30
13 9 28 22
20 27 44 7
23 16 0 33
9 17 32 37
17 44 26 41
40 19 46 44
23 47 20 24
34 35 44 10
25 14 32 18
36 20 10 19
37 26 28 43
27 32 47 6
5 31 33 36
12 48 30 16
25 17 13 30
33 45 7 18
32 16 39 24
17 11 41 44
47 24 1 30
48 22 2 13
18 23 25 47
13 1 29 9
33 27 11 41
39 21 35 32
14 2 3 47
25 10 41 13
22 14 46 10
27 12 4 27
33 21 43 16
18 10 2 36
17 3 34 3
9 37 34 13
14 3 27 4
26 41 28 47
39 27 30 0
7 47 10 23
11 6 2 40
13 5 28 26
12 7 31 34
14 30 14 42
12 0 20 21
4 10 14 46
36 25 28 40
22 17 0 20
18 14 0 31
32 24 12 40
33 14 10 36
33 24 26 34
31 24 29 7
13 31 25 33
27 13 27 36
9 18 17 44
33 18 28 18
23 11 3 46
35 30 28 33
29 14 3 33
15 5 6 18
35 20 39 42
38 22 1 31
22 16 37 0
10 7 24 42
24 38 28 41
11 40 9 43
21 33 24 38
5 20 21 28
22 34 18 39
24 12 41 20
30 8 15 12
33 29 22 42
19 9 46 8
20 38 39 48
14 4 3 39
15 8 38 48
23 11 34 38
0 18 24 12
20 43 46 13
22 12 25 1
46 12 4 34
29 37 33 8
17 34 4 29
32 19 8 48
5 41 3 30
35 19 15 3
21 49 22 31
23 20 13 44
22 14 24 45
13 6 1 26
14 34 35 15
37 22 46 7
32 20 30 32
24 31 45 11
31 17 35 33
33 25 10 34
14 19 1 34
32 17 20 32
7 49 25 5
30 18 32 13
22 36 47 24
22 18 26 36
10 15 1 32
32 22 43 17
24 19 16 34
31 16 6 23
30 24 7 13
22 9 17 42
20 12 17 9
15 14 16 38
31 21 40 9
14 32 2 31
11 33 30 11
17 5 26 11
24 19 24 5
10 16 21 43
15 7 4 38
15 16 9 28
39 33 28 46
17 18 11 2
22 17 42 25
25 13 13 15
32 22 0 32
10 32 6 27
28 18 25 43
36 19 35 9
32 28 6 48
19 0 21 15
8 22 37 22
25 18 2 30
40 30 11 20
33 22 2 34
0 33 28 37
32 30 36 4
5 24 47 18
15 35 1 37
37 23 49 9
29 18 8 15
11 30 6 26
47 6 26 8
29 22 17 23
8 40 39 8
10 37 44 19
28 37 36 21
28 36 23 31
19 29 0 31
17 21 36 5
35 18 10 0
12 5 1 30
29 4 7 27
14 9 29 44
40 41 2 33
27 18 19 42
0 31 16 1
24 17 45 40
31 32 18 34
16 20 39 16
12 4 19 13
34 26 26 42
28 39 26 25
35 16 31 24
18 18 38 35
35 30 23 35
13 24 2 33
25 21 42 1
18 43 4 26
27 27 23 4
20 3 42 15
17 24 49 38
38 25 31 10
10 30 41 10
27 14 10 5
19 6 14 26
35 23 30 9
12 23 38 10
16 16 39 17
13 30 26 45
30 22 13 24
15 23 32 46
7 3 49 15
37 35 18 47
33 18 19 16
18 17 5 47
30 25 42 8
34 16 14 27
14 49 22 48
13 46 2 38
10 24 18 26
32 22 29 45
10 2 46 11
8 3 31 38
6 35 47 2
4 36 43 21
18 5 2 12
34 30 26 32
45 27 1 34
32 37 36 32
32 20 19 46
34 18 22 44
41 13 32 47
29 49 27 36
33 35 4 44
23 6 29 15
9 32 13 22
16 19 2 37
13 43 26 44
26 13 17 0
8 23 21 2
18 19 25 33
24 43 1 38
30 26 31 11
33 13 46 12
31 14 19 33
29 15 27 44
11 26 33 40
34 32 31 35
19 9 43 12
3 21 4 34
13 14 1 18
28 22 21 28
10 21 19 4
27 22 5 37
45 23 0 34
14 19 22 14
14 47 0 32
34 30 48 12
18 5 24 17
15 42 28 27
24 34 16 41
12 7 41 11
16 39 23 43
18 4 31 35
16 7 45 2
13 7 17 47
32 19 4 31
31 20 10 48
34 34 20 8
16 9 24 24
35 41 31 6
27 9 31 2
13 31 24 41
25 12 33 32
35 20 36 13
49 21 47 48
7 33 40 11
31 17 0 32
33 32 23 10
32 20 26 29
17 3 6 42
26 11 37 16
29 21 41 12
18 7 24 7
36 29 5 35
33 22 4 31
35 21 44 12
12 27 29 7
46 38 5 28
11 6 19 6
11 7 43 5
14 3 2 33
24 9 42 12
19 26 26 9
22 14 16 36
24 35 24 15
36 11 32 12
23 20 47 8
9 41 42 21
31 28 21 36
26 14 10 1
31 19 33 42
27 25 43 10
11 36 35 7
19 32 36 13
11 41 22 44
7 17 0 27
10 5 1 35
45 10 43 0
48 2 5 29
8 32 22 17
34 28 42 13
35 19 37 5
4 34 21 38
35 21 38 34
1 25 37 7
21 28 11 31
39 23 36 45
35 29 5 31
30 32 24 10
14 7 3 35
27 19 38 2
18 35 36 4
1 11 11 1
35 29 27 14
22 14 4 30
15 11 36 15
36 23 0 34
30 18 24 4
37 28 30 40
24 3 29 14
25 31 29 49
22 14 37 12
16 25 2 30
2 36 24 37
33 20 30 32
38 13 31 36
11 13 23 15
40 11 20 4
22 12 27 48
28 15 25 47
22 24 6 29
9 27 29 10
15 30 36 18
27 23 19 6
16 15 1 28
43 31 21 32
24 10 33 48
6 32 4 37
28 25 4 33
23 31 18 14
13 24 5 43
37 27 29 38
11 25 23 19
12 7 15 32
21 39 20 46
5 32 22 48
34 29 32 4
19 18 40 11
26 15 24 38
36 28 15 42
34 17 30 13
28 15 8 49
11 14 34 4
35 25 23 37
29 34 41 25
37 31 20 19
17 47 34 10
21 12 0 33
10 10 15 46
25 23 36 31
32 22 26 41
30 4 28 35
9 12 36 19
36 7 1 28
30 35 13 16
36 24 26 24
15 8 0 25
7 18 3 34
13 7 29 42
1 25 48 38
39 28 28 43
38 16 32 30
27 25 18 4
35 34 43 14
29 22 7 28
17 7 4 27
9 6 22 8
6 27 3 36
34 32 26 10
28 13 28 37
13 29 35 27
11 11 46 4
