50 1082 19636 800
45 14 33 2
9 20 38 23
13 13 33 19
34 49 28 12
9 28 24 14
3 21 37 7
2 39 35 12
5 32 32 12
34 33 38 4
28 48 18 22
38 48 33 5
41 11 24 13
19 19 48 27
30 41 46 33
5 14 48 29
49 25 12 39
35 38 20 18
48 16 8 40
45 34 40 23
41 46 24 17
18 21 42 16
35 37 33 26
6 35 16 43
43 26 10 40
10 23 28 16
42 5 40 22
48 17 27 24
26 8 27 20
47 45 43 7
8 17 27 18
7 18 48 24
32 8 46 9
39 14 6 16
47 22 42 9
32 41 24 22
26 42 13 40
4 37 32 14
41 13 45 24
37 37 33 15
18 24 41 25
44 39 32 4
37 35 37 6
10 14 40 8
46 43 28 25
42 15 10 41
20 32 39 18
9 30 36 5
26 33 32 5
8 17 37 7
11 18 47 31
34 33 34 27
32 46 34 18
15 31 46 19
11 22 37 9
27 42 42 5
5 9 37 11
35 33 37 7
3 25 6 13
27 21 39 9
38 36 40 15
13 34 29 13
39 43 20 18
22 31 35 14
31 33 36 13
9 49 23 14
1 33 38 2
39 2 49 6
47 39 27 22
29 37 37 3
46 33 45 28
37 26 13 12
45 15 49 3
25 33 49 24
40 6 38 9
6 17 27 12
31 1 38 21
46 2 34 4
8 21 43 22
5 44 26 14
43 27 27 17
27 45 32 18
27 18 20 40
44 6 39 14
8 34 41 11
41 14 48 21
1 29 42 3
5 36 42 10
45 26 31 6
3 33 40 7
30 17 43 6
41 30 19 13
37 41 35 8
46 43 39 20
24 45 28 9
4 49 46 23
25 29 17 37
40 20 45 15
39 36 22 17
24 23 26 27
13 18 36 13
0 45 38 15
43 39 20 42
43 46 11 29
9 23 47 2
32 47 23 21
6 18 26 12
11 11 31 23
40 33 32 8
46 45 31 18
2 35 49 28
7 11 34 15
6 29 49 25
1 26 27 22
27 34 37 6
1 26 37 6
39 48 27 18
8 13 46 26
28 37 34 6
21 37 26 23
43 34 24 27
33 40 42 6
44 26 31 19
47 2 40 6
33 48 26 20
7 19 41 8
45 2 48 21
49 11 47 15
2 42 46 30
13 21 28 21
26 39 38 6
38 48 43 25
45 47 46 11
33 9 24 38
30 41 34 4
47 18 44 5
47 46 47 27
3 28 22 18
15 16 22 26
2 37 21 15
7 16 41 3
4 12 38 16
29 48 42 26
6 39 35 10
39 9 48 24
3 29 44 6
41 35 37 9
11 21 39 6
20 5 38 20
42 36 40 8
3 20 46 21
10 12 15 40
42 47 23 20
20 42 15 49
5 40 40 9
48 31 42 3
5 24 36 3
12 35 29 13
49 11 45 26
10 19 47 23
11 20 19 12
8 20 32 6
0 38 22 20
1 26 34 6
31 30 44 24
3 32 36 15
0 9 38 5
47 16 39 16
11 27 46 21
49 6 31 14
2 25 43 16
9 23 39 4
18 4 42 8
49 25 42 11
15 22 49 24
6 21 40 2
8 38 37 5
43 28 30 23
41 47 28 20
32 43 26 27
0 32 28 19
26 35 43 0
20 24 33 15
14 8 25 14
47 45 24 19
32 32 27 16
38 31 22 26
39 47 36 6
38 12 47 2
26 43 25 21
4 16 37 5
8 12 44 8
39 28 20 48
42 35 43 21
9 10 22 12
39 33 29 5
41 36 28 25
37 46 41 4
24 47 23 20
39 35 47 21
5 10 38 5
38 36 30 1
3 19 23 16
16 28 22 28
47 18 46 22
2 13 26 16
27 31 46 12
47 13 34 11
45 4 31 26
17 37 35 25
44 43 45 29
3 16 40 14
11 15 29 22
36 44 39 12
47 19 38 31
43 28 40 11
48 19 28 18
5 10 41 25
41 28 48 30
13 11 34 3
12 11 44 21
47 16 44 22
9 17 22 16
42 46 8 24
28 33 23 6
33 42 39 14
14 18 31 3
44 41 32 17
6 25 11 13
41 45 49 4
10 18 48 26
38 25 42 0
46 19 31 27
29 32 34 6
38 49 16 32
19 44 28 14
3 12 18 11
2 15 26 14
19 8 28 13
10 22 43 3
45 48 25 17
26 35 34 23
47 34 29 20
23 48 32 19
45 46 22 12
0 14 42 6
20 32 37 14
39 15 39 7
15 13 25 17
38 23 40 0
48 25 19 45
3 19 41 0
40 27 32 13
31 39 24 24
15 32 48 26
36 43 35 10
39 47 23 20
37 29 29 22
7 10 4 46
14 24 25 16
1 21 34 13
4 16 33 13
38 12 44 17
7 14 38 3
9 29 44 30
17 15 39 6
23 3 23 38
2 13 42 25
40 19 27 17
6 17 45 22
6 15 32 12
7 21 16 46
46 5 28 17
44 23 31 7
35 34 32 12
45 23 31 18
47 46 43 28
24 25 18 44
37 11 16 38
11 11 40 9
17 43 37 6
35 48 31 17
23 17 15 34
34 41 49 20
46 35 37 20
15 17 38 3
9 15 43 9
44 29 27 23
20 20 37 30
11 19 38 1
20 47 25 18
31 38 42 24
6 20 14 6
19 9 23 31
18 46 24 21
32 2 26 17
46 36 34 15
2 11 47 15
40 28 49 26
38 25 38 14
11 17 29 10
16 35 44 10
27 41 39 12
10 17 27 23
12 11 31 10
40 11 47 3
44 31 35 16
6 19 28 1
44 21 18 35
6 17 12 16
29 39 35 11
45 25 28 22
38 31 34 23
11 17 27 17
2 23 26 15
47 28 43 24
9 20 43 2
39 44 36 3
11 17 49 27
49 8 25 27
42 34 17 37
45 41 49 14
37 10 30 28
9 19 36 12
41 36 25 20
7 18 48 20
33 49 32 25
36 29 45 2
16 9 38 18
32 49 42 23
38 23 43 11
21 19 27 15
26 12 29 20
3 14 44 22
12 2 48 7
12 29 38 9
38 45 29 10
33 35 26 17
24 44 33 22
38 46 48 25
17 46 37 0
35 23 41 6
27 25 31 27
41 46 24 24
8 17 36 3
43 21 30 25
11 42 22 19
47 45 22 15
42 37 47 20
49 10 28 13
36 49 42 6
6 16 26 20
36 6 24 21
20 21 40 4
34 20 25 14
36 30 31 16
1 16 41 20
6 15 32 2
14 21 19 39
39 23 32 12
16 43 21 19
33 37 15 46
36 23 24 18
25 42 22 40
2 19 38 8
34 21 33 0
32 41 38 17
6 15 34 24
0 34 34 28
12 19 38 10
10 21 29 15
37 9 36 26
19 19 38 18
27 41 48 27
7 23 46 17
37 35 6 43
39 31 33 16
25 40 34 27
0 26 29 20
41 32 33 15
23 29 41 8
21 38 46 17
42 43 33 16
8 35 36 2
34 6 32 13
31 10 38 29
18 30 42 23
31 16 9 23
38 28 42 7
48 40 30 9
4 12 49 28
33 43 36 13
2 21 11 37
18 13 37 2
24 27 38 4
3 34 36 7
32 14 44 6
27 1 20 26
40 33 24 22
5 6 26 19
46 6 33 2
9 21 23 18
19 37 47 25
29 34 49 25
35 37 36 13
38 13 13 33
11 14 35 9
43 35 40 24
28 18 29 3
44 43 33 27
47 42 41 22
30 1 42 12
38 27 43 4
17 38 9 17
5 22 20 39
8 9 26 14
15 17 18 19
26 29 35 23
40 48 45 5
26 39 8 3
22 16 29 14
13 18 46 16
27 11 38 21
46 43 49 18
7 15 26 21
18 44 47 25
42 5 41 10
8 18 32 31
48 39 44 4
5 25 39 19
27 26 38 5
27 43 25 20
47 21 32 16
42 41 24 16
25 46 40 3
25 48 39 5
31 38 25 18
19 22 32 7
32 12 46 31
49 5 45 8
4 42 37 18
8 38 33 17
7 15 39 5
47 1 22 13
35 7 39 19
9 22 29 20
20 40 20 47
45 30 34 17
25 30 45 29
5 26 23 20
43 32 21 39
7 7 12 41
6 18 26 17
36 45 46 31
29 39 15 39
48 0 23 16
18 37 26 20
41 37 46 22
31 46 27 22
15 7 38 18
7 24 29 13
35 36 24 17
49 34 25 24
43 25 15 47
5 18 34 13
6 14 17 20
35 4 28 18
16 9 32 15
44 36 16 16
39 37 23 15
35 42 12 5
47 40 41 2
10 18 26 20
47 32 41 5
31 11 47 28
44 13 48 29
40 43 28 26
44 22 23 14
35 34 36 9
0 12 27 17
9 41 41 6
13 19 25 21
24 12 22 49
44 45 43 11
40 19 46 19
43 42 12 45
33 44 20 39
9 13 34 10
10 13 36 1
20 19 37 9
38 39 14 44
34 47 37 4
37 43 48 21
7 35 36 9
8 20 33 11
39 47 40 7
34 17 44 4
48 27 32 16
24 14 29 17
40 11 45 4
49 7 14 37
25 25 38 12
15 39 38 4
12 18 33 9
47 10 39 2
13 48 45 13
10 13 48 25
43 24 49 26
29 39 23 15
39 33 8 22
38 4 35 1
8 16 29 27
34 8 25 19
13 14 25 17
13 16 44 2
29 26 27 19
42 37 41 14
47 31 25 31
8 32 19 9
3 25 45 4
25 31 37 20
41 9 22 45
43 42 41 1
7 14 14 37
31 31 10 3
46 31 42 5
42 5 38 7
46 30 41 7
46 3 42 13
30 4 12 36
21 32 45 7
28 26 36 20
36 49 41 8
43 29 30 28
39 46 27 15
23 37 48 22
3 15 36 23
21 47 18 16
37 22 44 5
36 48 38 18
46 40 24 13
36 42 3 8
23 39 28 1
36 9 48 21
47 0 13 43
27 35 43 10
36 0 33 9
43 31 37 5
44 45 34 0
28 43 42 3
32 26 32 10
34 48 43 8
19 46 41 26
45 38 27 8
0 24 44 21
42 15 34 21
30 41 26 12
10 23 41 1
5 41 20 18
45 28 38 4
25 7 29 15
37 28 36 3
7 23 25 15
18 43 35 5
32 46 22 18
3 20 36 14
11 0 43 18
8 19 27 23
48 25 29 14
39 1 47 24
42 37 33 28
29 48 25 24
38 29 24 12
42 37 12 39
17 27 43 4
18 42 34 11
34 38 32 27
5 17 43 18
32 41 23 22
46 15 37 13
43 34 38 0
38 1 13 46
14 24 41 5
22 11 33 8
6 28 33 15
29 37 38 2
18 15 38 16
48 36 27 11
42 40 46 21
41 21 31 2
18 27 46 6
47 31 13 39
32 30 26 16
30 6 40 3
22 33 45 1
36 40 8 37
35 4 32 19
30 46 49 3
22 33 38 1
0 20 33 4
5 16 49 24
42 36 39 20
26 43 37 12
18 9 44 0
0 20 30 21
8 13 36 0
43 31 23 3
4 22 37 17
46 37 26 12
40 1 28 20
32 45 26 18
12 44 24 16
24 45 32 22
12 25 49 22
7 32 35 4
24 34 8 35
39 42 18 15
11 45 27 20
38 42 46 20
25 18 29 23
11 41 49 24
23 33 33 19
14 25 49 26
4 13 27 1
23 27 38 9
41 45 45 21
11 43 38 20
39 42 28 20
41 2 30 13
33 48 29 23
41 20 38 13
41 35 26 22
10 19 45 23
38 16 42 8
3 19 34 14
46 37 44 8
7 15 18 49
21 35 44 22
13 13 45 18
6 2 41 0
34 25 41 12
47 8 33 6
49 38 24 31
35 9 31 7
35 48 30 12
5 33 47 25
33 16 28 26
37 32 34 27
5 11 38 12
39 49 26 20
3 32 22 17
36 32 46 27
27 22 45 23
0 41 33 7
13 17 40 16
8 13 45 10
9 20 27 14
5 14 33 27
39 41 25 25
27 31 27 16
13 27 29 19
35 33 41 2
16 15 29 14
5 12 38 0
13 14 27 16
11 19 38 12
48 11 23 17
45 42 27 13
45 22 27 24
47 31 40 0
1 15 44 24
38 44 39 3
29 37 31 13
49 33 48 19
0 14 36 10
6 19 43 5
39 4 33 10
35 30 35 1
9 9 23 0
33 23 42 21
42 26 46 30
36 41 40 5
37 1 31 27
9 17 41 6
17 18 35 9
13 17 30 23
47 29 26 13
4 21 17 27
1 23 36 19
11 18 22 15
35 32 20 9
48 8 35 7
15 13 47 1
19 31 28 17
10 39 20 43
30 48 32 14
44 18 17 37
27 49 11 0
8 24 37 15
11 11 38 1
49 5 37 10
32 17 44 24
44 49 43 0
34 27 33 8
37 16 26 20
28 46 21 20
1 44 13 39
26 19 39 8
43 37 38 13
37 13 31 31
39 40 25 21
10 18 45 12
21 22 26 17
32 26 27 14
9 12 40 13
4 7 43 5
38 36 28 24
40 38 45 27
40 16 26 20
35 31 37 5
34 18 41 10
46 47 17 11
25 6 45 25
5 21 32 19
28 40 35 10
19 20 49 25
0 9 34 22
32 35 9 38
28 44 41 5
10 18 33 21
3 20 26 14
6 15 14 5
40 2 22 16
27 38 30 15
38 14 40 2
12 15 44 25
5 31 46 20
42 44 34 9
39 23 47 24
1 35 29 15
18 18 20 42
28 42 46 23
1 44 45 12
15 15 27 9
6 18 44 4
9 20 35 3
49 37 46 23
28 40 48 15
32 45 23 44
41 30 24 14
29 40 22 16
40 0 29 12
28 32 27 24
47 24 45 1
9 44 22 33
9 43 45 4
36 36 39 17
31 39 49 29
36 46 44 3
43 41 14 19
30 33 46 21
2 48 31 14
40 15 16 34
0 35 26 25
9 14 44 6
36 47 18 17
19 21 42 12
34 38 35 19
10 14 32 6
37 41 38 10
31 41 19 48
6 19 43 12
8 11 49 15
13 20 27 18
6 19 47 20
8 45 40 2
12 26 38 6
36 34 36 26
33 47 19 46
41 3 33 18
42 38 39 6
36 28 39 8
11 29 40 1
27 46 30 19
34 2 15 36
14 47 39 25
33 38 46 18
9 18 37 2
10 14 43 13
5 46 33 23
33 37 38 7
45 9 45 23
2 16 22 18
26 31 34 7
41 36 26 29
47 14 24 10
5 33 33 27
42 39 26 18
5 12 47 32
4 37 29 17
43 41 22 17
42 49 8 35
39 48 35 8
46 21 23 11
29 34 37 24
8 12 41 0
32 0 28 21
38 13 12 34
32 14 36 20
35 20 47 25
36 34 12 48
45 8 18 40
0 28 30 21
39 38 35 2
19 26 41 12
5 38 38 5
30 32 33 10
23 32 3 9
44 21 44 2
27 36 37 22
38 29 35 25
33 3 46 23
48 46 33 7
5 27 47 23
19 49 47 24
27 44 34 3
5 11 34 1
39 49 40 21
48 44 27 19
31 44 34 20
43 34 32 22
46 8 35 5
31 44 28 15
6 19 44 8
17 15 49 15
36 49 42 2
11 17 43 3
31 31 24 19
47 37 34 1
40 34 20 10
14 11 33 18
13 37 43 3
28 36 35 27
22 28 19 39
0 15 22 25
7 13 28 18
23 31 13 45
33 29 30 19
22 28 30 13
28 47 38 3
28 39 35 17
19 34 23 29
9 17 36 3
11 19 14 37
34 31 26 24
44 32 46 4
25 44 46 4
33 43 38 14
26 34 3 17
5 16 37 5
35 48 36 17
45 17 43 7
33 20 28 27
11 40 20 18
39 17 30 13
49 37 43 1
30 14 40 9
3 23 26 28
16 14 46 0
25 45 18 13
35 30 30 15
20 38 26 18
4 13 29 19
34 39 37 5
39 14 14 36
47 14 46 27
46 45 35 19
44 40 42 4
38 26 27 14
7 13 26 22
3 8 45 25
40 43 42 7
33 26 30 16
5 14 34 7
5 20 39 11
47 38 28 15
20 30 46 4
7 29 36 14
19 16 42 4
31 48 24 10
19 36 41 4
48 28 18 10
0 25 38 7
43 27 22 25
36 24 21 14
20 13 24 17
12 40 47 26
48 2 48 23
40 45 39 5
36 27 35 13
29 47 23 17
7 8 42 8
36 40 48 20
14 17 12 41
44 9 44 18
33 39 41 21
26 37 22 12
41 48 45 3
11 46 35 4
28 19 34 25
4 10 41 0
8 31 15 33
36 46 41 25
38 22 46 24
18 43 29 21
36 30 41 0
19 34 8 44
29 32 15 44
2 28 33 6
7 21 49 25
14 14 40 0
42 22 24 8
30 39 24 14
9 14 34 9
28 40 43 3
26 43 28 20
11 14 47 25
1 43 7 27
4 35 27 14
34 31 41 4
0 17 35 7
37 38 41 1
37 48 30 25
36 24 27 18
39 44 49 26
46 34 34 23
47 45 47 0
13 36 44 20
49 44 31 11
3 11 22 9
42 27 12 10
38 43 28 26
43 24 42 3
39 15 47 25
40 45 16 44
48 13 34 4
31 40 32 26
34 41 28 14
1 31 41 3
30 29 41 11
42 31 24 11
41 34 49 4
6 16 26 15
36 31 28 15
3 46 12 5
11 21 28 20
18 21 29 19
8 27 31 28
41 37 44 7
13 16 25 34
44 20 39 4
45 17 25 45
48 28 19 7
6 24 32 28
25 42 25 28
38 22 25 22
47 43 19 20
30 41 19 46
48 5 37 19
11 11 46 8
5 16 41 24
45 45 28 18
4 17 24 14
8 36 35 5
29 47 49 9
9 12 33 15
6 11 10 33
48 23 37 5
14 19 44 20
6 12 33 11
45 28 26 14
34 14 20 8
22 27 40 9
25 26 26 18
35 43 42 6
23 46 45 2
10 30 31 15
7 9 36 9
34 8 17 43
32 47 43 19
40 45 35 29
10 14 29 30
33 45 24 22
35 34 28 18
40 41 22 42
28 43 49 25
47 36 49 23
39 6 26 8
34 35 47 20
9 31 43 21
23 34 22 17
5 24 44 21
26 28 28 18
11 14 26 21
46 28 12 40
6 17 28 20
20 9 33 10
2 43 12 42
25 14 28 25
23 14 27 23
27 46 48 26
30 16 46 20
15 39 40 17
5 21 39 5
46 30 26 21
10 35 35 4
26 45 38 1
41 34 42 21
10 12 35 32
33 7 37 25
1 34 30 13
6 29 37 2
19 45 35 14
8 28 44 2
45 10 26 12
27 44 7 21
46 14 39 17
30 40 46 24
35 43 26 14
10 16 26 18
4 22 31 20
1 15 44 18
11 20 27 19
34 26 29 26
12 28 29 14
35 24 32 2
32 44 34 12
5 21 40 14
25 31 36 3
31 20 42 1
10 28 26 19
27 39 42 18
29 42 20 14
5 19 29 15
32 46 32 33
37 39 24 5
6 22 9 49
48 22 13 32
12 17 30 24
45 28 16 45
12 19 36 14
2 29 44 19
44 33 36 10
35 45 29 15
48 27 38 18
17 27 48 26
21 45 31 6
10 18 46 26
43 36 7 8
46 48 46 14
4 47 41 29
47 32 42 4
46 31 30 10
41 37 39 8
3 37 11 32
19 14 28 26
45 49 5 47
9 19 22 28
31 40 24 18
46 4 38 0
5 15 18 34
47 15 26 17
31 26 47 16
47 16 30 2
19 35 26 23
8 30 32 14
15 16 30 16
4 10 41 1
32 40 13 44
39 32 30 27
34 43 14 33
41 36 28 15
13 28 12 12
