50 1299 12196 800
6 12 17 0
34 29 34 5
27 32 16 35
27 31 41 24
20 39 46 10
43 23 34 36
38 42 15 18
46 29 43 5
6 8 45 29
31 30 44 38
27 25 22 35
7 5 39 26
46 37 38 7
37 31 18 23
32 18 38 5
4 21 24 0
6 8 36 26
24 46 45 36
28 20 29 10
32 29 23 5
36 44 7 22
34 12 36 19
0 32 38 34
36 44 43 24
36 42 28 18
26 22 42 26
0 22 36 13
15 29 28 5
45 42 42 37
37 46 3 14
8 8 43 23
28 36 23 33
9 14 47 31
37 39 5 21
47 32 47 8
34 9 42 20
22 19 22 37
27 41 36 33
31 16 46 33
35 44 48 24
17 19 34 37
16 11 2 19
45 35 46 24
35 41 45 36
30 20 22 39
41 45 29 35
41 28 10 20
44 45 6 15
19 26 1 15
23 0 38 16
43 46 43 7
26 26 4 18
41 46 39 35
8 11 8 19
0 5 39 31
26 29 17 44
30 21 25 41
13 20 39 14
23 1 11 36
14 2 6 18
17 39 5 23
16 21 46 21
39 40 28 40
30 19 45 35
31 44 42 26
43 44 37 25
44 42 24 49
20 29 32 2
35 39 22 40
26 31 42 33
22 40 17 24
47 35 33 17
21 20 38 8
40 26 44 18
22 6 44 28
42 44 41 16
12 7 1 20
40 46 18 17
35 32 5 19
26 18 41 31
34 45 43 12
29 6 4 23
30 32 12 43
40 33 20 35
35 20 16 40
35 6 41 29
22 37 30 46
31 27 46 27
38 46 27 45
33 31 33 10
47 38 27 21
23 10 41 31
33 45 31 2
25 39 47 20
37 43 39 29
24 28 43 21
42 43 29 49
28 7 11 14
26 43 22 38
38 46 37 24
25 26 36 28
20 23 35 26
39 31 28 8
34 36 40 27
27 30 19 3
25 33 47 31
41 36 45 32
15 21 3 17
33 33 38 31
37 34 17 6
22 21 2 16
19 29 37 26
37 44 45 31
30 34 37 31
27 39 26 1
30 10 15 6
38 40 43 32
33 24 28 2
17 38 41 29
43 43 45 12
46 27 46 33
24 18 15 11
41 9 5 21
40 47 18 9
29 46 23 15
32 18 44 39
41 49 23 37
29 0 33 36
33 25 41 34
31 48 18 14
13 9 28 5
47 18 8 20
9 12 25 31
12 10 16 35
40 28 47 14
39 42 8 18
29 24 36 29
36 36 17 48
21 44 49 12
36 39 9 21
33 32 8 3
48 29 45 12
14 19 20 4
40 46 8 23
45 27 37 32
32 46 15 2
22 28 43 27
32 33 45 29
14 25 36 30
21 20 40 22
41 24 39 27
32 12 42 13
35 25 22 47
12 36 44 14
39 23 45 31
15 17 41 30
1 29 1 19
27 20 39 24
43 44 38 30
37 22 21 46
29 18 43 24
44 44 9 47
39 46 2 18
9 4 43 26
39 20 42 37
40 42 40 17
33 44 44 17
42 12 12 34
43 42 26 46
42 44 43 11
37 46 33 33
24 19 42 33
36 37 42 34
41 41 22 6
20 6 2 21
34 47 43 27
34 43 32 46
34 6 22 39
39 48 34 28
33 39 6 17
31 37 44 30
13 3 4 16
15 32 48 23
36 23 46 2
25 31 39 33
39 45 1 10
27 33 39 37
39 42 35 34
25 32 37 15
42 37 39 20
31 24 10 12
39 44 6 13
42 46 19 40
42 17 1 10
37 41 20 36
9 18 25 4
48 27 39 14
11 9 3 23
41 45 40 27
38 43 37 1
43 46 26 43
34 27 23 0
39 45 24 49
41 20 37 29
38 33 44 30
38 8 43 29
20 26 23 47
1 10 5 16
6 3 20 9
44 3 48 20
31 26 8 18
37 15 5 16
20 34 42 27
18 19 37 32
33 40 29 17
32 35 42 20
31 23 41 35
25 10 9 17
42 47 11 13
43 47 5 21
29 16 22 43
25 20 41 25
43 44 38 39
46 21 3 19
35 30 7 18
48 22 43 38
11 15 3 23
30 14 45 28
39 31 45 19
43 40 25 33
31 28 38 27
20 43 2 28
38 42 40 32
17 42 20 6
11 32 42 23
41 21 38 9
37 46 41 30
47 35 43 33
7 31 45 31
49 38 13 15
23 12 41 29
19 34 49 21
37 38 36 31
6 6 23 4
25 32 30 9
37 42 44 31
39 2 24 49
41 44 23 8
1 13 27 39
7 16 13 18
31 28 44 20
25 5 42 16
36 39 20 2
33 29 23 48
14 18 27 39
37 32 8 11
44 10 45 33
37 26 40 10
36 23 5 19
8 5 49 14
6 15 1 19
8 28 2 21
33 6 3 22
42 41 4 23
28 27 41 33
35 47 38 28
35 44 32 17
40 13 31 42
25 34 38 27
42 48 37 24
31 27 13 41
19 20 17 11
36 26 44 29
8 1 19 46
25 29 22 11
17 26 5 19
6 10 35 7
24 1 39 31
32 44 37 29
28 23 6 20
40 29 36 26
41 16 43 32
43 46 17 1
28 24 22 35
29 36 43 28
28 1 19 46
39 39 12 21
40 48 1 13
24 43 43 31
9 17 27 3
16 18 9 20
21 6 46 9
37 7 24 42
29 16 44 29
36 39 39 28
10 40 28 35
39 39 32 40
28 38 18 27
38 48 24 39
36 44 7 16
46 42 17 2
35 1 20 37
42 30 8 20
12 14 26 40
33 28 18 19
31 17 5 20
37 44 46 13
40 44 4 16
27 20 42 33
33 10 33 26
22 13 41 27
7 19 41 29
21 36 23 48
40 45 30 48
31 42 40 8
2 20 30 3
21 18 32 32
11 46 43 33
21 26 47 28
31 44 7 19
6 6 36 17
44 27 39 34
42 19 10 20
36 22 41 32
42 34 22 49
37 49 43 26
33 0 36 31
26 42 38 32
29 27 28 32
33 29 30 34
32 38 25 0
16 6 41 22
31 12 45 33
41 46 25 34
39 26 11 16
27 43 27 36
26 20 20 34
37 30 46 5
26 23 5 19
13 30 39 4
21 26 7 25
41 38 40 12
22 2 14 15
40 45 21 6
37 10 29 43
33 40 18 3
21 36 47 28
37 44 33 7
42 7 8 21
4 4 29 9
21 22 34 28
33 22 18 32
22 9 47 9
39 49 13 13
34 45 37 26
29 37 1 14
0 5 42 32
30 43 19 11
29 37 43 29
40 43 48 11
29 8 25 16
44 42 3 21
45 38 27 5
35 42 9 8
47 34 22 6
23 40 8 22
27 16 12 19
32 33 7 18
32 32 41 30
40 33 19 32
7 14 33 9
10 14 23 38
44 46 43 8
32 20 4 25
42 40 44 27
24 39 41 33
15 25 42 29
26 0 43 33
27 25 27 3
6 1 41 31
12 16 45 28
43 43 43 19
42 45 43 33
40 38 4 21
36 40 42 28
32 35 37 10
34 44 16 17
24 16 38 9
38 45 35 32
44 40 43 30
41 49 44 17
39 28 37 16
30 21 40 1
39 47 28 18
24 37 7 23
42 43 1 20
42 12 37 33
34 37 42 15
21 31 37 16
28 16 41 29
40 44 34 8
38 27 40 19
17 4 45 21
29 27 40 11
38 1 39 32
48 17 45 22
41 41 13 20
5 5 25 8
43 5 7 25
44 41 39 11
25 35 9 15
36 42 42 14
40 43 39 32
32 17 20 43
36 44 42 19
40 41 4 0
33 15 28 46
19 7 31 44
17 14 26 10
29 40 25 7
37 39 38 20
29 7 42 12
41 18 15 7
41 41 42 23
37 40 9 19
38 44 24 10
29 17 37 0
19 28 24 45
17 9 34 7
3 4 38 26
33 47 5 20
35 39 31 10
40 24 38 32
35 8 7 21
34 43 40 26
37 46 14 2
12 3 46 22
40 33 9 16
39 28 29 11
36 44 14 40
26 24 39 30
23 24 42 32
21 21 6 20
26 6 36 32
29 12 2 13
29 40 42 34
39 47 41 29
12 7 22 4
42 4 44 28
15 0 42 27
44 30 5 18
36 40 28 4
38 35 48 22
1 5 46 16
26 34 36 31
8 19 41 28
27 25 45 28
7 2 29 4
24 17 21 42
25 37 7 10
17 20 43 33
42 39 37 18
39 40 23 44
33 22 22 39
28 36 48 28
16 43 21 35
16 10 45 30
24 37 42 31
42 45 26 44
27 31 38 46
14 35 41 31
36 41 39 28
17 26 43 3
39 48 41 24
39 47 36 32
42 38 4 16
9 4 4 11
44 40 48 7
26 46 43 26
13 15 22 44
13 10 3 23
35 33 8 18
36 30 40 28
22 30 39 39
43 49 26 1
23 21 32 14
30 23 45 29
15 8 45 31
39 48 30 2
40 40 19 49
37 4 48 15
47 43 5 20
21 22 32 33
41 22 40 33
46 18 34 34
41 45 25 5
30 36 6 10
37 46 3 14
22 29 42 28
46 48 26 43
30 22 46 26
32 48 11 21
43 42 35 32
14 14 25 16
36 18 20 37
11 27 31 16
41 23 2 24
20 13 25 12
37 38 28 36
0 10 16 14
27 27 22 18
36 23 24 3
39 32 30 10
29 24 10 20
35 44 14 28
47 17 40 31
20 28 41 27
44 46 6 17
35 36 44 28
14 33 19 44
38 48 35 10
45 27 39 25
13 36 44 15
35 14 2 15
33 34 29 4
27 33 4 22
42 43 19 13
39 40 25 1
32 25 10 41
34 40 6 19
31 19 14 33
34 24 35 1
36 40 8 21
27 41 20 45
45 18 8 15
40 45 35 25
20 9 18 21
34 24 12 3
48 33 8 17
23 9 8 18
37 46 36 12
33 21 38 18
2 16 17 4
38 15 2 20
15 17 37 28
31 11 27 12
20 18 2 15
29 42 42 30
29 33 40 27
41 39 40 34
33 12 47 18
37 43 29 33
10 17 41 34
22 7 35 17
44 45 39 16
35 45 31 7
38 43 38 27
36 17 47 18
31 23 3 21
27 12 46 29
29 40 6 18
30 46 4 17
31 32 41 16
19 3 39 32
45 48 38 2
39 44 8 16
31 34 20 8
41 45 44 31
42 49 24 43
35 48 36 3
42 46 4 18
37 11 18 30
47 40 24 43
30 39 45 31
41 40 8 23
30 29 6 13
29 27 10 15
39 40 9 24
10 5 48 32
19 30 35 33
39 42 29 11
37 28 37 34
44 38 40 24
43 43 8 20
30 23 26 43
33 35 9 21
26 24 32 19
13 8 40 29
49 22 42 28
36 45 9 19
19 11 4 14
36 33 3 22
26 35 28 2
6 21 49 13
39 49 47 30
15 19 44 17
40 47 2 22
45 43 8 21
34 24 5 15
42 19 23 39
30 41 34 7
47 33 39 26
33 30 40 32
42 48 17 46
32 39 42 35
33 2 46 10
30 18 49 11
18 14 39 32
40 39 12 22
42 32 17 42
29 34 26 5
41 28 24 35
40 29 33 21
12 3 4 15
22 48 1 17
37 39 39 30
25 41 45 14
22 25 27 38
35 47 49 21
29 49 30 37
41 44 38 32
26 36 41 24
40 36 42 31
39 18 22 43
48 49 15 1
3 9 5 1
8 5 26 5
34 27 37 34
22 15 7 19
25 1 18 36
33 30 47 29
36 47 40 31
16 6 11 30
26 0 4 21
37 44 45 13
40 47 19 40
32 27 39 25
29 22 11 24
35 40 24 13
22 39 45 27
33 42 46 32
36 30 23 37
31 49 1 16
30 22 34 17
41 30 13 2
46 26 7 22
41 28 16 6
32 31 7 26
36 44 44 17
33 16 27 40
43 47 41 30
28 29 39 6
36 47 40 32
41 21 45 26
39 40 41 29
33 49 9 15
24 36 33 8
47 2 27 11
37 46 37 29
35 48 40 29
12 21 19 45
33 34 42 30
30 29 14 14
38 46 14 12
34 34 32 29
38 34 38 28
10 11 7 18
9 0 24 40
16 13 23 39
15 25 35 34
33 41 20 48
8 3 46 27
28 47 43 7
27 44 31 2
39 41 9 14
28 47 40 26
41 43 46 15
20 35 24 44
19 17 40 32
37 49 20 10
37 49 38 27
27 46 16 44
28 23 43 34
26 37 2 18
37 42 38 33
15 8 36 32
27 7 22 35
29 30 6 25
35 7 15 44
7 12 44 33
35 28 42 25
49 16 26 14
41 19 5 19
46 37 18 32
41 33 28 5
25 35 41 22
23 22 43 17
16 35 41 25
29 39 38 8
34 30 7 36
35 42 37 38
2 3 44 33
26 27 40 22
36 33 16 46
41 26 14 15
36 5 27 1
21 14 26 40
26 28 20 34
15 33 13 5
34 32 41 19
44 47 44 13
30 16 9 2
44 41 4 14
32 33 44 24
19 1 26 48
47 49 28 9
25 39 6 20
44 21 6 44
41 46 18 6
40 45 20 33
4 30 9 9
17 10 22 12
3 8 7 19
33 31 3 22
24 17 7 15
31 36 44 32
25 16 42 12
36 17 13 20
43 43 46 29
38 19 35 28
22 6 48 30
34 41 48 23
10 30 40 27
20 25 28 20
27 25 13 12
34 25 33 31
11 25 30 12
38 43 47 18
40 37 6 14
38 44 45 30
33 48 7 15
28 31 12 37
43 22 40 31
28 4 47 32
34 26 43 29
39 43 6 20
7 25 38 29
44 46 10 19
38 29 43 24
35 7 42 9
32 36 0 18
23 14 38 25
42 46 45 30
20 37 13 40
48 24 18 37
16 21 44 7
5 0 47 31
39 28 4 12
7 7 15 13
36 26 28 38
39 46 28 45
35 6 12 8
21 26 38 18
33 28 29 48
28 13 26 37
28 34 6 16
34 35 45 14
48 26 14 3
39 22 18 40
32 19 7 12
37 43 44 18
13 0 22 7
33 32 24 0
25 28 25 22
28 20 10 24
26 23 28 44
23 18 3 14
41 41 44 8
23 9 43 29
15 44 19 38
37 44 15 5
37 44 36 30
41 41 25 24
31 15 25 47
37 4 38 12
39 40 41 48
37 28 2 14
37 48 38 32
35 31 14 9
33 23 26 34
29 33 5 19
28 26 4 17
21 49 10 30
38 42 43 31
8 11 44 18
39 41 48 10
18 15 42 9
40 43 44 33
32 49 6 21
36 43 19 9
38 44 28 37
38 32 15 8
43 43 3 19
21 21 32 2
41 39 13 48
42 31 11 18
26 27 40 41
39 40 2 12
0 3 24 39
36 49 40 35
17 6 35 11
40 42 31 44
37 20 40 12
22 10 38 31
7 21 42 27
19 20 41 9
36 26 38 29
35 46 7 20
23 36 28 39
33 29 42 13
12 24 19 5
31 44 48 10
39 29 42 25
6 31 36 46
5 16 47 16
18 9 25 31
24 37 34 42
14 1 46 19
28 17 3 21
41 42 4 19
30 34 26 10
30 30 33 45
27 20 31 38
47 38 42 22
37 43 39 21
36 26 6 17
21 39 41 32
8 17 37 0
40 48 40 25
37 46 10 19
21 23 2 17
48 37 14 3
27 26 5 16
11 24 40 35
3 14 46 32
31 32 11 20
36 31 6 16
29 46 1 17
15 31 42 9
27 19 8 18
37 23 11 26
20 0 23 38
29 41 19 1
31 40 48 34
49 41 0 21
36 44 40 31
43 35 44 4
33 34 36 16
9 10 7 16
41 40 36 9
45 27 19 10
33 33 24 46
41 5 10 9
27 43 32 20
34 45 4 16
37 38 40 30
20 39 42 30
25 28 24 6
36 47 34 31
38 22 28 1
23 41 41 34
27 21 12 9
1 19 31 25
47 20 6 21
26 30 36 26
47 20 10 20
18 31 9 13
24 7 32 5
38 46 42 29
40 42 48 30
25 29 17 39
35 2 42 35
36 47 23 43
48 43 49 28
29 27 34 17
8 7 24 42
27 11 17 9
35 38 3 18
26 38 32 12
16 34 2 23
19 14 36 46
19 18 34 19
48 42 24 45
4 33 19 0
39 48 39 32
40 40 40 31
33 31 38 34
9 3 8 23
40 37 24 43
39 22 23 1
42 11 6 20
42 48 34 10
35 48 27 3
29 32 6 9
35 43 41 29
6 19 42 12
32 16 11 6
24 3 24 37
31 35 24 15
40 20 39 30
34 39 20 43
27 28 43 37
38 35 39 17
36 32 5 28
36 24 15 16
9 4 22 16
26 8 22 25
18 17 3 23
24 7 24 18
38 40 44 22
37 7 26 38
15 32 26 3
31 18 42 25
13 19 37 1
19 7 41 27
30 30 24 35
36 31 19 10
10 13 38 27
45 48 44 19
35 31 38 2
46 36 24 18
39 45 28 37
22 38 43 34
38 47 25 13
23 16 39 31
41 49 6 20
21 15 33 30
30 29 44 13
26 15 5 24
21 16 25 42
33 37 8 16
31 25 48 14
16 10 41 26
16 20 9 20
34 41 12 18
7 8 44 31
25 34 26 48
42 38 40 27
10 0 41 12
21 10 48 13
42 45 47 33
27 39 34 8
19 11 37 16
29 12 13 26
28 8 10 18
31 26 1 20
25 14 4 19
45 38 33 2
31 16 27 9
41 43 43 12
33 27 4 14
14 11 38 34
39 46 16 21
23 17 46 16
41 48 40 33
28 11 21 39
32 45 22 16
15 25 43 36
42 44 4 20
11 19 3 11
24 8 35 28
41 41 26 14
38 4 20 30
35 46 21 14
38 46 9 19
20 42 40 28
33 37 36 29
27 25 35 33
35 13 6 18
24 38 44 10
36 22 32 12
32 37 28 42
21 41 8 18
41 42 9 13
24 26 30 10
23 10 41 26
41 32 47 25
20 9 1 19
44 30 6 16
49 43 42 31
40 42 41 7
9 6 30 30
43 47 18 41
36 47 6 9
42 41 23 13
38 44 43 35
26 32 41 29
32 41 42 29
48 34 25 6
35 41 7 18
29 43 36 27
16 41 43 18
35 25 26 10
24 16 18 39
43 41 32 49
24 8 9 11
26 5 4 18
8 25 47 12
38 27 23 41
32 42 27 28
33 47 42 29
35 46 19 39
0 16 34 12
32 16 24 43
25 35 41 16
32 34 45 29
43 13 37 23
23 4 41 29
19 37 36 1
36 21 2 20
37 49 24 44
22 16 14 9
38 46 34 20
43 45 22 44
31 9 44 31
3 27 1 15
34 30 8 37
41 43 23 39
36 47 40 14
48 27 21 3
33 31 27 41
24 6 39 12
32 38 22 7
48 17 8 16
29 29 19 2
34 28 20 37
5 28 41 30
44 44 21 36
30 27 32 46
23 32 40 28
27 12 19 40
18 13 6 6
39 48 22 16
31 28 42 30
28 0 36 30
48 43 29 41
43 29 37 27
37 44 8 23
20 40 38 31
27 41 6 17
38 46 10 13
32 25 40 30
28 11 8 16
38 44 27 37
12 1 40 27
13 27 44 8
35 27 38 16
35 42 23 41
38 40 31 40
30 35 12 2
27 36 26 15
27 23 42 30
36 46 8 18
42 42 45 31
7 13 44 8
26 48 18 39
10 22 46 31
39 30 9 21
24 31 46 26
45 40 26 6
34 47 43 37
46 29 37 31
37 45 8 18
13 21 35 7
37 46 42 34
26 26 6 20
4 27 38 31
39 47 7 23
22 8 7 21
24 14 42 27
38 23 19 1
34 22 19 8
11 25 28 28
21 33 7 20
38 13 31 44
35 31 12 16
30 5 41 27
44 22 14 10
40 42 22 8
34 22 43 25
45 39 4 16
22 49 4 20
36 45 2 21
19 30 9 19
33 31 40 27
43 48 15 7
36 23 1 20
30 24 9 19
31 29 7 17
37 47 4 13
20 30 31 10
43 40 46 7
9 1 19 3
47 38 43 30
38 39 5 20
34 48 6 19
29 25 34 26
25 40 30 33
35 30 38 35
32 38 34 2
36 38 2 17
10 17 19 44
28 18 15 12
42 44 22 45
37 44 4 20
40 38 6 17
18 15 32 6
40 45 42 11
38 46 8 20
25 10 42 29
21 10 45 34
15 11 19 8
37 43 22 31
21 36 20 47
33 39 42 30
22 5 5 27
26 47 18 37
11 6 20 30
40 49 7 21
32 33 44 30
21 21 30 38
15 12 36 32
38 38 42 31
39 47 25 6
29 32 12 37
31 44 38 32
34 44 26 46
10 4 45 22
42 44 46 28
25 36 7 20
17 8 17 31
43 44 45 32
41 44 43 29
28 26 12 47
28 30 3 16
37 48 40 29
44 25 41 34
5 24 40 33
11 11 39 28
31 20 30 42
27 16 22 4
30 40 41 29
44 26 35 25
37 46 36 10
25 9 5 13
39 33 42 12
39 8 8 23
38 28 42 33
6 17 33 4
27 33 9 21
39 42 41 28
30 15 9 19
44 16 3 19
41 44 10 21
35 39 43 13
38 36 8 18
48 47 8 15
41 44 21 13
30 41 22 33
21 40 25 43
35 30 48 18
34 33 36 15
10 39 13 16
21 28 3 15
40 37 28 45
38 38 37 30
39 30 27 14
27 18 42 31
41 46 41 18
5 13 30 24
43 48 26 46
35 49 42 35
41 15 16 8
36 44 45 29
27 42 0 17
21 27 13 20
43 47 41 21
35 43 44 7
38 38 40 30
46 30 4 19
46 15 26 31
44 44 22 44
16 12 28 19
21 41 36 30
34 18 24 0
23 7 14 2
26 18 46 30
16 2 33 16
41 46 29 42
28 33 18 46
38 27 46 17
34 43 36 31
42 3 23 44
22 25 35 11
20 10 39 30
17 14 16 3
38 23 30 10
39 28 27 35
9 19 35 32
39 42 41 26
6 22 33 21
25 36 1 21
41 29 4 6
34 5 41 32
29 19 33 35
41 44 16 0
25 31 24 35
40 16 9 0
39 43 38 30
25 36 39 30
35 49 8 19
33 46 21 38
40 9 44 8
15 17 25 25
22 1 40 30
49 48 13 2
23 14 41 31
35 4 46 30
29 10 35 26
35 36 19 10
45 35 1 21
26 21 4 16
41 49 42 12
27 41 34 41
39 43 12 12
46 9 14 43
26 20 41 37
29 39 23 31
43 40 37 1
1 11 37 29
35 48 27 2
10 3 23 34
14 1 42 26
10 18 43 24
43 48 26 1
22 33 2 22
39 45 49 32
33 15 32 32
39 27 7 25
26 33 15 0
21 29 29 15
22 0 6 16
29 0 12 38
45 46 2 20
38 44 44 33
37 19 5 22
15 0 6 15
43 39 43 18
2 19 21 39
26 2 46 4
21 33 37 25
33 27 29 0
30 0 35 41
25 26 8 24
32 20 41 31
30 12 44 30
24 46 37 45
37 42 46 23
16 15 36 15
43 45 39 31
25 23 41 25
46 26 26 36
14 25 46 27
18 21 29 37
8 22 41 33
37 39 7 24
36 23 17 40
16 6 39 26
29 28 43 29
44 44 42 35
45 24 5 14
26 35 0 18
2 10 17 6
24 34 45 26
29 27 33 14
36 18 7 29
0 29 40 32
39 42 3 24
33 28 37 18
12 21 37 32
46 16 31 18
34 45 37 33
34 23 37 48
24 37 37 14
31 21 19 38
39 27 3 13
35 14 38 26
48 44 27 0
35 16 33 0
