50 193 16031 800
30 27 30 2
36 45 31 12
27 15 24 9
19 23 22 0
33 13 28 37
36 3 42 22
22 30 23 17
19 13 38 9
47 22 24 11
47 28 23 14
15 28 39 36
10 23 27 9
15 32 36 30
5 31 28 44
22 25 40 12
22 21 32 13
26 12 36 5
4 34 27 12
19 2 36 19
17 21 15 12
39 40 27 17
11 23 41 3
16 6 30 12
21 30 25 12
37 24 14 17
39 48 23 3
6 21 20 3
31 17 32 8
49 15 19 18
39 47 37 9
6 37 25 14
19 15 23 19
36 16 28 9
22 30 34 10
33 21 29 15
22 39 39 12
23 19 35 41
36 8 30 15
24 29 43 49
13 37 41 4
7 38 29 32
24 7 46 1
22 39 24 11
17 21 25 7
39 2 31 20
5 38 24 22
26 40 28 46
35 39 43 11
13 10 33 6
13 13 21 49
31 7 7 22
43 20 40 7
39 10 33 9
44 9 25 2
21 33 26 4
12 11 27 46
12 13 22 19
27 6 41 27
37 19 14 7
36 7 27 5
15 10 41 22
33 15 35 24
13 42 23 33
34 19 38 1
40 41 25 11
4 29 44 34
36 46 25 15
38 46 37 19
18 4 30 1
43 23 21 1
34 26 23 13
23 23 32 21
17 2 15 26
28 22 31 0
2 37 7 43
31 19 24 15
39 49 37 4
15 14 11 48
42 21 30 10
42 11 16 24
43 14 29 10
31 19 32 9
8 18 34 7
34 13 42 26
23 26 25 12
22 7 29 21
31 15 41 23
35 24 16 38
26 8 33 9
20 2 16 34
40 19 25 11
15 30 24 19
22 39 46 18
38 44 31 16
37 46 25 14
8 10 15 14
13 26 47 6
39 39 30 3
38 44 29 32
34 47 25 17
28 0 21 14
7 12 24 9
0 14 42 22
46 12 41 18
38 21 24 18
5 26 23 4
42 47 33 39
28 17 28 10
12 34 18 11
35 46 46 49
32 16 16 36
12 24 19 1
20 0 26 9
38 48 40 31
39 27 20 44
35 25 23 15
27 16 35 45
45 21 20 0
41 3 30 2
47 17 21 43
35 13 25 12
42 41 48 12
43 21 37 4
20 19 15 18
34 13 32 8
9 31 20 8
13 31 41 8
18 48 44 39
13 27 15 12
7 20 27 18
21 26 32 4
43 34 45 24
26 5 41 27
23 13 32 41
40 44 34 8
23 18 23 23
36 25 28 12
23 45 26 8
43 31 26 11
43 21 29 2
43 13 18 16
18 19 22 8
31 17 23 25
30 20 41 31
13 38 45 33
9 30 12 3
1 20 28 4
49 48 22 10
48 2 38 37
46 10 19 18
41 19 36 19
38 47 31 6
33 16 18 11
39 47 39 9
32 19 37 4
36 7 23 42
30 20 40 48
38 44 32 18
29 22 16 27
18 15 39 13
6 22 32 35
3 19 33 18
44 42 38 27
31 45 19 2
38 8 26 17
2 41 38 12
6 44 45 3
6 28 25 18
34 10 25 20
36 13 32 0
43 38 28 15
15 26 25 9
34 11 27 13
23 19 26 17
9 40 27 17
30 12 29 33
32 23 40 9
1 34 16 19
20 18 28 17
39 46 28 9
9 29 38 15
18 28 23 18
38 3 0 23
12 38 19 13
23 15 28 18
32 22 25 22
31 6 24 17
37 45 24 36
8 5 37 42
38 47 21 9
29 2 14 32
36 46 35 42
10 14 38 12
