50 1164 12550 800
1 1 23 16
28 44 44 29
2 5 41 48
18 33 30 39
0 25 41 36
10 38 15 47
11 25 11 41
16 43 35 12
10 8 26 34
44 23 20 25
8 12 23 37
47 31 19 14
39 31 38 49
43 49 31 3
13 39 12 10
46 17 34 5
1 45 32 3
16 47 36 26
27 37 31 41
7 13 28 35
23 43 19 10
15 8 19 15
2 10 48 34
38 20 45 30
9 45 8 13
48 45 15 21
39 49 29 27
0 43 38 9
17 40 39 44
34 11 24 13
35 42 21 20
3 49 17 18
9 5 37 5
7 3 31 48
10 44 11 11
21 4 32 17
45 34 24 11
48 42 34 2
32 35 33 20
10 41 43 25
7 15 26 44
12 31 44 44
22 43 27 11
42 47 38 18
40 20 24 11
49 15 31 26
5 44 23 12
38 39 22 15
8 48 23 34
8 8 33 23
14 38 45 43
1 48 41 4
20 8 38 5
16 17 47 8
23 41 46 35
8 29 33 8
27 11 24 15
37 18 49 43
33 45 12 38
23 34 25 16
25 44 28 3
13 15 35 8
33 48 44 35
39 43 34 40
24 41 24 22
28 42 25 18
22 17 27 48
30 28 35 15
40 12 46 42
3 33 46 48
23 43 19 20
4 10 28 45
8 13 34 10
5 48 41 29
42 40 36 39
30 48 30 30
17 37 26 20
9 43 44 48
17 31 10 48
36 43 46 45
19 9 10 37
41 39 43 2
16 8 47 43
7 4 30 11
23 43 40 12
10 31 27 48
8 8 25 20
14 28 16 7
16 30 31 21
18 2 46 44
4 38 9 49
6 46 34 42
12 3 47 48
20 44 38 30
4 10 27 2
25 45 22 18
18 14 31 40
18 5 36 5
45 14 27 2
12 0 37 36
20 30 13 6
42 42 20 39
12 5 45 45
48 25 11 19
47 32 34 21
22 10 19 30
17 32 32 1
25 13 48 45
9 30 23 8
12 14 29 48
17 31 38 38
8 41 37 4
14 3 34 42
26 0 44 43
34 10 1 46
10 4 27 46
27 35 47 44
7 48 20 30
19 40 16 25
16 45 47 41
42 17 20 14
25 10 31 20
28 47 47 47
29 35 27 19
29 42 29 19
15 1 38 10
24 13 37 43
49 49 43 4
41 43 35 9
40 16 47 40
33 23 8 18
16 13 23 15
29 42 22 4
15 8 36 10
10 4 47 26
33 17 26 29
3 37 25 45
3 43 15 10
13 34 45 44
6 45 37 2
35 39 25 2
35 43 25 17
7 46 42 45
22 31 21 15
9 43 15 14
43 45 9 17
4 12 18 15
7 4 7 49
11 6 33 23
0 13 29 21
10 14 13 21
33 43 11 16
20 39 18 18
45 25 44 44
5 10 21 13
33 45 27 46
8 32 36 5
3 16 32 1
20 44 35 32
27 22 31 39
35 39 21 32
41 28 44 47
42 34 25 15
27 31 1 15
9 9 27 45
42 35 21 38
13 7 18 14
10 1 41 41
5 44 17 6
9 4 37 7
13 35 19 16
47 11 48 36
33 24 46 47
15 10 47 43
21 34 20 18
8 10 47 42
8 5 49 7
10 2 14 37
45 49 28 16
15 13 24 37
5 37 22 31
4 49 42 32
6 12 10 4
24 4 47 44
36 43 33 10
34 14 45 46
17 18 34 11
31 6 46 32
37 43 19 14
21 38 34 32
47 15 15 25
10 0 25 17
39 48 48 42
21 7 49 12
16 41 37 49
25 38 15 0
10 26 30 24
0 13 6 44
30 38 36 26
26 41 45 38
8 7 19 39
17 46 39 10
24 27 17 17
23 38 28 3
45 3 47 14
9 2 46 43
28 45 27 13
3 10 34 2
10 4 30 48
33 43 25 17
11 29 28 38
3 43 15 18
9 44 15 27
7 10 21 11
15 10 21 44
46 41 25 29
29 6 24 26
35 37 21 1
42 9 14 37
6 16 28 36
18 32 34 5
38 45 21 9
30 26 46 34
32 44 35 5
38 2 30 40
33 43 45 44
16 17 23 21
16 14 31 8
3 49 9 15
6 32 31 7
45 7 28 13
44 6 46 29
4 9 22 16
41 44 46 44
31 47 11 43
6 7 24 17
37 15 43 6
34 29 8 24
27 40 40 1
13 45 46 48
32 34 5 19
36 33 27 14
14 7 43 44
25 49 14 25
7 20 18 11
39 47 20 23
1 4 45 44
35 43 22 19
16 40 20 32
23 44 21 15
9 7 48 45
9 8 16 11
9 0 20 21
7 40 35 32
31 48 28 24
33 14 33 8
25 5 18 13
1 13 38 17
26 36 34 3
8 48 31 32
24 7 25 19
19 34 46 44
42 48 25 13
9 41 23 35
38 31 22 41
10 10 44 44
35 27 45 43
35 46 24 46
25 9 49 46
11 3 47 40
4 37 17 31
18 44 26 31
4 7 47 46
12 47 28 38
41 38 45 42
11 21 16 19
9 31 19 17
2 47 20 12
19 24 47 18
31 48 16 5
15 44 26 6
22 12 24 24
24 42 7 45
34 17 9 37
43 6 7 20
14 21 48 43
11 47 49 46
44 19 35 31
48 41 34 21
3 49 21 16
24 28 47 41
10 48 26 8
45 42 21 33
8 49 29 11
3 10 44 30
37 40 36 31
42 32 24 18
8 39 21 20
20 3 31 47
4 10 5 42
15 4 34 19
22 46 46 37
44 13 40 45
7 46 11 12
1 8 48 32
12 7 24 27
30 41 43 42
23 12 36 9
5 7 22 10
19 14 9 19
12 2 20 15
45 9 37 0
28 38 23 38
23 43 30 19
13 11 29 8
19 12 23 15
8 37 22 15
27 18 44 32
17 48 29 19
6 5 38 9
37 28 3 2
9 18 25 26
5 6 18 13
28 36 37 0
10 46 47 40
25 7 28 2
25 34 40 42
14 3 29 22
34 45 19 44
1 1 48 46
47 39 29 41
19 41 30 46
18 49 26 18
39 25 28 11
5 1 30 36
6 19 18 16
15 45 36 6
20 46 44 43
5 45 44 43
3 25 23 11
10 48 24 46
38 44 35 4
7 6 22 16
4 19 18 16
48 16 35 10
36 9 47 43
8 3 4 46
30 40 29 24
13 6 41 21
28 5 20 18
26 15 23 17
0 11 21 11
2 42 32 44
1 0 34 5
32 48 24 15
9 6 20 15
15 5 26 15
7 2 24 37
38 44 29 41
29 49 22 14
4 9 33 23
22 42 37 8
9 15 14 25
42 48 21 12
36 43 15 41
9 3 18 17
4 47 43 45
7 49 20 27
28 49 25 41
42 36 27 17
41 8 24 18
8 15 21 9
20 12 19 39
47 20 18 16
15 46 22 15
6 42 6 19
46 14 44 47
14 20 47 47
9 47 33 20
2 11 37 19
10 2 7 19
33 30 47 47
7 49 21 15
29 35 8 37
33 13 44 15
4 11 38 4
8 44 44 43
9 3 39 23
4 48 25 14
4 39 41 45
4 12 24 19
7 32 20 14
49 19 22 12
10 43 25 20
30 36 28 25
6 27 41 6
15 24 13 17
13 9 28 41
9 20 42 8
22 25 36 11
14 47 33 25
14 39 19 41
29 44 26 40
19 35 17 47
19 11 6 48
24 21 19 35
23 35 46 40
3 9 46 48
32 48 38 2
5 1 43 41
13 44 18 15
18 27 32 8
5 5 36 4
3 10 36 34
3 10 20 19
22 40 40 42
33 43 43 43
16 10 47 42
11 49 14 30
3 0 42 47
8 49 15 6
26 34 22 32
49 12 25 14
47 12 49 44
15 7 29 16
9 5 22 45
37 45 29 11
17 14 47 43
3 28 4 24
22 19 41 4
15 27 20 10
7 4 45 43
16 11 34 46
5 49 21 27
0 3 23 41
9 43 15 35
13 2 35 8
36 48 43 45
20 6 16 22
15 25 41 8
16 35 46 48
6 39 22 10
5 2 29 5
11 8 49 43
23 42 38 3
16 9 9 20
20 5 17 16
3 12 28 30
6 1 37 3
0 21 38 16
1 31 29 15
37 38 35 34
28 48 10 40
42 4 38 30
20 20 16 17
4 48 36 21
42 45 30 18
10 31 32 19
29 43 31 14
0 4 39 5
17 44 46 47
10 46 29 13
45 3 40 5
26 48 27 9
13 1 36 5
6 43 49 44
1 12 36 8
14 29 24 18
28 11 18 19
34 45 33 4
8 6 43 49
45 36 49 46
11 48 36 39
11 11 15 39
30 34 31 21
2 1 37 5
22 45 46 7
26 32 17 24
11 43 25 24
43 21 22 18
18 16 27 0
21 4 30 4
6 46 18 17
11 14 22 2
41 14 28 20
22 9 41 40
6 46 22 15
25 45 33 34
20 36 44 45
7 14 45 40
42 43 21 12
13 47 49 41
37 7 26 26
6 10 20 10
12 27 48 45
14 14 10 46
10 11 18 29
28 21 20 15
36 48 32 20
10 12 44 39
37 49 22 22
8 46 27 4
3 44 43 17
49 13 30 27
15 44 24 48
13 38 34 13
6 49 49 37
38 27 45 34
49 17 29 6
6 45 33 8
19 37 32 47
19 20 37 9
12 3 33 6
3 1 19 49
11 4 23 11
31 47 48 37
17 33 15 1
9 7 27 9
5 47 21 19
28 44 34 3
18 8 39 29
11 49 34 3
28 13 42 3
46 7 30 10
36 12 5 48
11 46 33 5
17 21 44 44
9 7 37 12
13 47 30 8
1 33 45 46
19 43 47 46
41 36 19 24
16 49 24 42
10 30 21 40
13 8 28 40
32 42 44 47
27 44 22 23
10 45 48 49
23 8 33 4
7 15 42 9
19 48 16 14
24 30 27 22
10 35 19 32
1 17 26 22
38 38 43 3
13 3 28 42
11 43 19 17
37 33 29 37
8 6 39 9
15 5 4 44
3 28 14 30
8 8 39 7
31 5 27 38
21 7 35 5
36 41 34 10
18 9 38 13
9 49 49 47
34 8 8 23
5 11 29 46
9 43 36 48
12 9 21 13
2 37 44 44
3 26 37 30
4 45 14 16
41 36 18 40
43 18 27 37
27 39 30 45
6 44 37 23
11 47 25 37
11 30 26 8
35 42 35 28
12 33 20 32
22 14 45 43
28 27 23 17
20 23 23 15
39 13 42 47
25 45 48 42
12 33 39 20
14 2 29 3
28 42 18 16
13 10 33 8
16 8 18 15
7 17 45 46
37 43 48 45
8 35 28 2
19 38 17 44
18 42 31 48
48 46 45 44
10 14 27 3
2 42 36 35
5 48 33 18
35 10 36 42
15 9 20 45
9 8 43 47
9 13 17 4
10 17 36 3
43 14 14 23
19 2 28 8
15 9 45 33
14 46 23 23
38 40 45 45
16 37 13 33
10 42 35 40
17 41 36 3
44 46 4 49
37 48 29 5
23 43 14 45
3 10 30 17
10 33 47 49
11 46 44 26
7 35 23 17
12 7 32 5
40 3 32 6
10 47 24 43
8 46 49 45
39 38 31 38
8 0 34 6
18 21 41 3
20 9 39 1
21 48 40 42
4 45 37 8
21 8 46 43
42 49 41 44
14 48 23 17
11 47 12 9
34 49 21 18
24 47 13 28
42 18 26 43
34 39 0 19
11 37 44 48
9 5 24 21
9 47 43 5
25 41 20 14
44 10 26 40
29 12 28 47
18 0 33 6
23 48 10 41
34 22 27 45
22 39 41 30
23 0 46 45
4 2 31 29
44 12 39 30
14 13 18 37
12 43 40 22
48 30 21 17
19 39 24 19
14 11 22 37
2 38 49 44
1 46 45 43
39 47 18 32
9 13 19 7
22 1 27 32
13 15 43 1
9 47 24 21
17 49 25 14
40 49 22 36
18 16 28 33
0 28 25 14
11 14 36 6
13 22 45 45
18 41 27 17
12 12 25 35
3 44 46 35
4 31 7 48
6 47 24 35
20 13 30 48
5 36 33 47
23 39 38 9
6 43 41 41
36 44 49 38
0 38 46 45
46 16 30 22
0 42 45 40
8 7 14 47
13 49 15 44
13 40 14 33
33 36 30 9
29 3 25 29
29 47 36 26
9 25 2 42
12 19 27 3
9 33 23 43
3 37 20 16
33 38 4 36
34 48 28 19
18 11 31 12
1 47 19 18
18 0 35 12
47 48 27 24
4 47 49 49
43 39 30 45
10 12 21 1
41 8 25 20
23 31 29 37
23 49 19 17
40 36 31 43
11 3 39 7
15 45 37 19
14 12 23 19
5 16 46 25
21 29 22 16
6 42 45 37
12 18 26 17
18 42 19 19
38 41 33 49
9 1 38 23
33 43 37 13
35 40 20 14
28 10 42 43
39 32 46 6
16 12 44 28
8 45 39 20
18 39 14 20
0 42 14 15
9 6 24 19
17 10 44 43
7 41 12 11
9 48 25 10
19 7 26 15
10 49 49 43
38 33 31 8
48 19 5 42
36 43 42 44
15 44 25 39
23 35 38 43
15 4 23 15
27 30 30 22
45 5 22 6
8 24 37 13
3 17 22 20
37 48 28 46
40 12 37 8
36 19 11 28
7 47 44 48
32 48 25 18
2 7 22 38
38 49 29 3
49 39 47 32
16 40 34 11
17 7 10 29
44 0 35 12
30 47 25 21
5 38 46 43
32 39 40 6
44 48 49 23
38 15 19 29
20 0 42 13
31 46 12 18
7 40 47 38
12 39 29 10
44 11 18 10
14 14 33 7
3 12 28 40
45 37 29 42
24 9 46 45
15 9 37 18
11 5 14 34
18 10 43 33
13 46 41 46
47 21 49 45
16 0 25 18
13 6 37 3
7 0 36 9
16 6 21 18
26 41 19 26
9 31 20 13
5 48 46 42
5 40 45 44
44 49 26 45
1 17 20 16
35 38 22 17
11 8 38 38
5 41 22 16
6 11 31 32
36 40 18 12
19 38 19 13
47 26 27 18
14 43 24 39
35 18 21 14
9 49 22 2
14 3 20 20
35 49 29 9
8 0 41 7
44 16 13 44
6 42 34 17
6 47 20 45
27 12 20 21
34 37 23 38
2 6 24 14
12 20 34 29
3 40 24 14
5 4 31 14
10 3 33 9
6 15 38 30
6 44 22 10
15 35 22 43
14 12 27 39
13 4 7 23
9 45 25 15
18 30 24 13
8 44 42 29
10 42 31 31
11 11 28 0
45 18 3 49
41 44 20 32
10 5 13 48
9 11 46 44
10 44 45 40
31 27 5 44
11 7 33 16
12 31 25 43
15 42 29 23
11 14 19 15
13 22 23 16
14 19 29 37
10 48 24 20
12 8 30 40
48 16 23 18
10 18 34 46
25 35 24 28
8 5 41 1
0 45 23 48
20 7 22 16
1 47 17 10
17 3 41 14
40 35 41 29
13 27 46 48
28 2 44 44
29 47 17 33
33 5 33 46
26 15 35 48
9 12 39 48
11 47 36 29
14 1 34 35
24 15 45 15
37 10 49 35
22 20 26 36
39 39 38 33
33 34 16 20
22 14 39 19
16 23 4 40
30 21 10 22
34 45 45 27
14 18 20 16
2 43 25 17
9 47 27 10
30 40 33 31
1 6 22 40
8 19 48 43
14 4 29 40
13 8 27 8
3 46 25 20
22 43 45 40
7 34 40 15
15 46 31 49
27 48 47 45
21 26 31 23
44 42 17 18
21 14 25 26
19 47 18 19
18 9 1 38
27 21 21 12
10 45 19 25
21 4 19 21
25 18 39 31
16 11 40 4
9 33 41 21
3 47 26 47
10 6 37 4
26 38 44 28
17 7 22 14
7 21 16 36
9 49 43 37
36 49 42 43
5 28 12 12
27 10 18 31
22 10 16 22
4 46 42 29
0 30 46 41
24 42 41 13
33 8 23 22
21 33 24 14
14 45 23 23
23 27 26 3
34 9 22 49
16 38 25 22
29 21 43 30
3 3 46 1
19 13 24 15
7 22 36 3
15 18 17 13
20 37 31 3
38 45 44 42
26 35 32 1
8 13 46 35
11 9 38 2
4 0 30 6
22 11 18 45
1 49 48 43
28 6 18 15
19 49 34 5
40 43 46 28
6 35 4 42
30 49 14 22
2 48 22 32
22 42 44 48
10 5 24 32
13 8 38 16
24 8 20 44
2 6 20 14
13 47 35 6
27 44 41 45
9 40 45 47
12 42 19 27
0 48 7 4
5 3 23 5
40 45 25 8
8 2 29 6
12 17 35 38
40 23 31 34
33 37 29 36
10 26 29 20
47 0 21 34
3 3 47 49
1 4 37 12
16 11 37 23
19 12 24 13
30 47 35 4
31 28 10 24
12 4 19 16
30 42 45 6
18 29 44 43
46 48 35 20
46 4 26 16
23 45 11 45
5 2 7 42
47 38 33 6
31 40 24 12
31 13 44 41
7 4 24 14
9 7 11 39
24 13 34 7
36 45 30 42
38 10 24 21
13 6 24 13
17 5 19 9
1 1 43 12
11 42 21 14
11 6 39 8
33 44 49 42
33 18 46 44
19 35 12 40
17 15 42 43
27 25 28 37
16 46 43 5
14 46 2 45
25 19 44 45
0 18 32 49
25 7 33 21
9 5 16 22
41 47 8 39
46 16 47 46
44 14 38 30
35 0 22 20
5 0 43 44
20 36 28 44
14 36 21 5
37 2 12 27
9 13 49 13
17 1 16 42
44 11 27 36
47 9 49 43
9 9 39 17
37 45 24 20
33 49 40 7
2 47 20 33
12 37 0 44
36 43 30 40
41 11 36 4
22 41 25 32
9 6 22 8
20 16 22 48
31 44 32 8
1 21 29 7
21 28 38 5
19 46 22 19
42 14 14 7
11 41 45 44
9 2 35 45
34 44 24 15
10 11 45 46
6 8 25 39
37 45 46 45
22 26 22 13
0 8 37 9
13 30 31 8
13 6 4 30
14 5 24 19
10 33 23 16
23 42 45 47
28 48 44 47
36 46 46 12
9 2 38 12
40 23 26 14
0 13 13 18
19 47 33 19
42 47 23 13
32 41 42 42
1 49 27 17
2 12 47 46
40 44 46 45
29 17 14 40
45 16 21 17
29 9 30 17
26 45 17 22
11 10 21 11
13 36 24 18
28 44 26 10
13 48 25 13
26 35 25 26
8 9 11 15
3 38 15 21
0 12 32 34
5 5 34 7
32 38 48 23
5 43 22 11
20 15 49 45
2 3 26 31
28 46 35 7
9 47 16 19
1 43 29 3
45 20 27 37
11 8 26 16
36 43 30 0
20 40 43 43
28 16 47 45
13 34 25 7
24 26 43 7
18 2 43 43
40 9 22 21
19 10 26 8
1 47 48 41
2 15 8 47
10 25 11 16
35 24 48 29
15 49 30 29
34 11 11 42
14 16 37 9
6 9 24 9
5 7 37 37
4 47 26 49
14 10 22 41
0 46 16 43
35 38 10 21
10 49 27 24
22 37 23 18
40 12 32 7
29 44 21 16
8 46 15 36
11 5 35 39
22 29 35 15
9 46 49 43
18 4 46 47
23 34 26 2
9 40 14 35
20 14 28 46
41 43 45 46
9 37 23 18
0 1 18 15
21 29 47 42
10 40 21 6
29 44 24 6
19 27 34 36
13 10 18 10
5 42 44 41
4 28 39 29
41 16 40 35
44 8 24 19
14 38 40 43
23 35 39 7
35 43 19 11
6 30 25 17
3 46 24 13
36 48 25 33
7 25 21 24
48 14 25 15
10 10 47 46
28 45 24 2
42 49 31 46
36 41 22 6
1 43 40 18
11 9 46 29
13 37 28 7
35 31 26 31
16 4 29 47
4 29 26 37
11 16 23 24
0 4 30 6
4 13 48 48
8 12 47 33
21 25 42 46
34 49 23 33
19 47 34 43
17 48 25 15
3 0 27 28
14 8 21 13
15 47 44 45
29 45 38 7
24 44 37 8
9 47 30 31
6 1 26 32
34 46 40 1
14 44 22 13
6 14 16 40
30 39 28 22
39 42 35 7
4 44 40 16
39 22 46 45
9 4 26 33
13 24 41 26
30 4 15 33
33 41 40 35
8 48 49 49
13 9 36 4
21 6 34 32
28 41 37 6
1 11 35 10
2 31 39 3
1 5 39 8
3 44 19 11
34 37 49 15
3 42 25 13
20 17 43 42
47 14 3 25
22 6 46 45
48 14 43 44
1 11 15 9
4 31 30 23
30 39 25 20
9 32 39 20
1 10 19 16
20 3 48 43
48 23 23 12
13 26 36 0
27 31 12 10
11 46 47 43
28 13 33 1
12 31 32 21
45 33 23 5
28 10 22 19
1 47 24 18
6 39 38 10
47 24 45 29
14 41 17 29
34 43 23 18
33 0 38 14
13 46 26 10
4 2 14 0
46 12 24 3
7 32 49 45
4 16 40 6
15 41 7 47
12 45 18 40
38 30 42 18
