50 196 17558 800
22 8 34 41
10 22 46 23
7 21 25 17
8 21 7 42
27 32 40 39
29 41 11 46
29 31 46 32
17 6 34 13
9 20 28 44
8 23 33 30
25 7 15 35
10 32 5 27
28 12 42 38
17 49 32 26
26 21 24 15
18 42 37 36
39 45 18 36
16 20 34 47
38 33 21 32
32 34 30 39
19 38 12 22
28 20 42 27
16 28 45 24
8 21 27 5
46 41 16 30
10 26 45 20
17 30 19 46
40 36 21 33
2 30 23 24
13 21 11 33
29 39 46 12
10 26 44 28
23 11 18 32
48 32 35 16
34 9 20 12
16 29 29 15
20 39 38 26
43 27 38 20
12 22 15 29
20 3 33 47
11 26 19 42
21 41 46 43
12 19 23 18
10 18 19 14
10 43 18 22
12 25 38 34
30 8 48 27
10 22 47 42
5 24 28 21
16 23 38 19
21 41 27 15
13 6 39 40
46 30 11 21
26 27 27 17
5 12 43 28
18 35 32 31
14 49 18 45
12 26 47 15
30 37 16 14
5 39 26 17
16 21 36 24
28 13 38 29
16 29 25 22
6 25 7 38
8 19 35 26
33 10 34 23
13 24 31 41
40 40 28 42
9 21 26 49
24 3 14 29
33 37 20 27
47 37 30 33
40 43 37 31
8 29 31 35
22 36 42 25
31 41 29 10
11 12 28 32
10 24 44 16
45 38 16 48
18 16 27 20
41 24 36 43
14 23 46 24
32 6 35 43
16 38 14 24
7 23 7 40
35 26 41 25
27 31 36 28
16 24 31 16
8 23 44 48
10 23 30 28
15 28 31 19
26 44 45 41
44 21 10 25
28 33 34 21
31 39 9 29
17 37 15 21
35 33 21 29
16 38 18 15
10 40 43 23
12 27 17 41
43 46 29 6
16 40 38 34
35 13 29 24
32 18 29 31
12 21 34 38
25 10 18 21
23 12 15 22
8 24 40 15
20 23 34 27
12 21 10 32
8 22 21 11
31 20 43 25
33 14 11 21
9 28 32 37
39 35 41 16
42 40 29 29
9 19 27 44
33 40 23 36
10 30 9 12
37 11 19 9
11 27 8 48
12 22 31 21
14 21 5 21
11 26 39 38
48 11 10 33
23 22 37 35
26 37 28 9
18 25 27 48
11 20 46 19
28 33 28 14
28 0 19 15
12 43 28 24
25 30 30 41
24 41 37 43
49 37 30 14
12 26 42 34
10 26 34 22
33 38 10 22
25 21 20 43
5 24 48 12
48 38 32 42
10 21 11 31
38 18 47 22
8 28 41 36
37 40 42 22
18 31 37 30
11 20 24 30
37 48 15 35
10 22 49 19
13 27 13 46
22 39 32 35
28 9 17 33
18 43 14 13
12 46 38 37
14 21 33 41
9 20 46 35
47 35 31 40
4 18 22 44
12 26 32 32
45 30 43 34
22 23 44 30
2 36 22 33
23 46 7 23
21 48 45 34
33 30 7 32
26 38 43 22
31 10 42 32
20 36 45 42
42 36 35 45
7 22 5 30
14 40 35 20
4 24 40 25
15 25 28 48
32 28 40 33
39 36 17 21
12 45 44 31
11 27 26 26
34 13 19 14
14 21 17 33
10 23 32 20
23 42 43 46
36 18 35 12
13 25 8 11
28 29 13 6
7 21 25 39
43 41 34 22
46 29 9 36
12 39 31 33
9 42 30 47
16 23 34 33
29 29 12 31
6 35 27 19
15 20 39 33
15 27 34 39
9 27 44 21
23 31 21 21
