50 847 14166 800
3 42 45 20
6 32 35 27
46 36 36 13
2 40 3 35
22 29 16 24
8 44 47 20
20 49 1 30
40 34 36 43
6 34 44 29
47 31 28 9
0 37 38 46
42 36 19 20
7 46 17 30
9 43 18 24
41 39 16 32
48 37 6 29
17 46 5 31
4 38 2 29
26 35 0 29
4 38 3 27
5 39 49 39
36 39 10 22
8 44 3 33
27 29 18 21
4 43 7 29
20 23 47 18
44 18 7 36
15 45 5 31
45 30 27 36
1 33 13 25
38 36 2 26
30 38 15 29
0 45 6 23
33 41 36 31
6 33 0 31
3 40 47 23
15 30 11 25
2 28 17 35
8 33 1 30
5 40 5 25
2 41 2 29
1 43 42 47
3 38 31 27
46 32 34 40
49 33 31 28
10 27 19 10
40 35 1 29
38 19 42 43
15 32 30 31
38 39 2 28
2 41 17 35
1 30 32 34
40 35 21 35
44 30 15 28
9 35 0 28
28 33 7 22
42 35 36 33
3 34 12 34
20 42 12 43
2 36 9 28
39 38 2 32
9 26 1 30
9 44 45 20
2 42 34 33
3 39 33 26
4 39 44 18
49 32 38 41
3 38 21 8
11 34 28 41
15 32 39 42
6 34 16 36
3 42 23 27
4 34 47 14
39 24 19 22
8 36 42 16
3 45 44 47
35 23 30 19
9 40 3 29
6 25 19 37
3 46 47 35
33 37 21 18
46 28 32 38
2 47 46 41
6 32 48 20
2 49 3 37
0 45 38 25
32 36 17 33
38 36 27 11
49 29 16 0
22 43 21 18
43 34 17 37
16 37 4 30
39 38 29 27
7 37 19 17
33 32 46 36
46 38 40 40
16 26 13 40
15 45 6 25
13 39 45 17
9 47 4 36
47 26 3 30
13 40 20 30
43 39 36 18
2 37 5 30
0 33 44 24
10 37 15 28
4 38 21 44
34 31 46 16
37 30 0 30
49 34 47 14
3 47 49 47
5 40 48 15
7 39 0 28
41 38 2 31
41 35 3 36
5 33 11 37
13 42 48 42
7 42 21 26
5 35 45 18
4 30 28 40
1 41 34 7
21 34 43 23
6 39 13 32
32 31 7 28
46 34 0 31
0 24 49 13
21 21 23 39
0 28 15 36
0 35 19 33
38 33 13 27
14 34 49 18
16 28 3 30
24 32 47 20
21 26 18 29
12 37 16 18
4 45 47 18
9 38 11 31
43 35 32 35
41 36 0 36
23 37 7 32
4 29 47 19
22 48 25 40
32 41 7 36
9 38 48 37
11 41 9 32
31 24 4 30
30 30 19 36
2 47 18 23
12 40 43 17
19 34 35 43
19 42 47 21
41 33 6 26
5 37 27 28
46 30 37 39
3 49 40 16
42 33 6 36
9 43 27 9
14 39 9 31
26 33 31 25
32 39 3 32
36 43 32 34
11 41 8 30
42 38 40 33
8 33 26 34
2 40 48 20
41 24 46 18
31 18 19 40
3 27 46 45
26 11 17 31
31 37 39 35
38 31 43 30
5 44 45 36
3 48 13 28
7 37 24 29
7 40 35 37
5 29 42 20
31 24 45 44
32 29 3 33
37 37 11 34
27 19 3 30
43 38 42 27
5 39 6 30
1 19 43 15
46 37 48 40
37 28 42 16
37 38 4 32
26 41 9 33
40 26 37 10
34 43 49 37
46 41 3 25
1 45 34 28
17 49 36 32
5 11 1 28
20 33 27 21
12 37 2 28
2 40 48 24
5 47 3 41
6 36 23 31
2 35 32 19
9 37 41 39
0 38 43 17
22 9 14 25
29 38 37 12
12 39 24 34
41 30 47 18
2 40 10 27
8 27 3 34
25 45 47 11
32 36 16 40
31 29 40 26
46 29 46 16
40 31 47 33
41 30 1 32
0 46 31 34
31 43 41 26
4 34 6 42
4 38 45 16
12 26 11 38
10 43 23 22
4 35 9 26
1 33 21 33
3 34 36 30
34 36 9 25
44 35 39 30
6 36 43 17
9 35 15 26
32 32 5 30
20 48 34 32
0 40 36 22
7 39 39 24
40 27 7 32
12 44 4 27
21 49 19 39
2 46 43 18
25 32 19 33
4 35 21 19
41 28 33 37
7 45 4 25
10 41 17 37
6 16 19 19
5 39 29 46
3 49 20 38
43 30 26 20
3 38 10 22
20 42 44 16
46 29 34 40
2 43 33 44
44 26 14 26
29 39 46 41
0 43 41 35
8 36 38 33
7 35 37 8
45 38 2 30
17 49 26 35
36 32 0 25
14 49 7 35
38 27 35 36
10 36 1 27
8 47 10 38
27 33 18 31
9 48 29 34
46 36 5 31
44 37 45 18
47 18 19 32
2 36 15 32
0 42 32 34
6 34 47 35
9 30 46 37
5 41 43 33
7 43 10 19
5 31 15 28
41 23 24 31
1 41 1 29
36 29 2 35
10 43 6 35
1 41 9 38
44 30 18 22
23 41 48 40
11 39 3 30
5 36 8 38
27 44 46 31
6 32 26 27
0 40 48 20
11 45 15 21
3 45 32 43
29 37 34 48
5 37 33 26
40 30 47 9
2 43 17 36
12 34 7 31
6 45 47 46
2 37 17 26
16 40 41 31
13 44 48 19
0 35 9 29
6 19 5 35
7 39 43 26
43 35 13 24
1 44 8 30
13 30 1 30
41 41 33 38
12 27 31 24
1 46 1 31
4 38 11 36
47 43 42 14
6 43 16 22
6 39 22 46
14 30 42 16
11 27 48 15
6 31 49 30
41 39 15 26
8 32 34 25
43 35 2 34
45 42 46 30
20 45 48 16
20 33 9 33
34 38 9 25
40 23 8 29
14 32 3 31
8 37 43 40
41 33 14 12
42 33 22 31
2 39 48 21
0 33 6 31
40 36 14 36
29 32 8 24
42 29 13 35
4 41 49 20
45 42 47 49
0 41 46 14
6 36 16 36
6 42 45 19
43 32 49 42
48 36 20 20
4 39 13 26
8 29 16 38
24 41 36 9
5 43 5 32
39 32 35 47
25 41 3 34
29 41 45 34
1 41 42 14
16 35 0 29
47 34 1 31
10 28 38 47
10 33 38 32
40 37 7 31
23 28 4 28
36 27 27 34
38 27 5 23
8 33 44 24
43 30 39 27
12 49 42 18
40 30 24 24
9 41 2 32
43 40 45 20
15 39 44 40
4 46 48 16
5 36 13 33
44 23 3 30
8 37 21 42
10 46 47 18
5 40 32 44
42 32 13 31
4 37 0 26
5 37 0 33
49 15 44 44
40 33 11 28
31 27 22 33
3 48 10 34
30 43 4 36
19 44 49 17
5 46 47 24
0 40 17 25
3 41 32 43
8 48 44 11
11 45 39 38
45 29 6 26
45 34 46 41
1 31 15 30
27 12 7 31
22 38 3 33
7 38 5 33
41 26 2 26
43 27 11 31
9 44 24 41
34 37 49 16
41 20 2 35
43 29 2 34
13 31 13 24
8 39 41 42
13 33 41 37
8 30 31 40
49 25 43 16
8 38 40 36
3 35 15 32
25 32 17 28
48 28 45 16
20 31 2 26
4 42 34 27
39 25 1 36
42 35 17 21
9 46 5 33
38 47 20 33
7 44 46 23
23 43 34 39
1 42 45 19
4 36 49 11
19 46 1 26
0 36 36 34
2 39 3 23
7 30 0 38
1 42 45 18
27 36 2 31
38 24 9 33
1 43 14 16
33 22 24 17
5 34 3 24
4 38 43 20
8 35 38 44
20 46 0 29
45 35 1 30
17 45 38 46
19 41 49 15
2 37 3 33
29 21 20 25
13 35 20 22
31 41 18 23
9 42 17 32
42 39 18 39
10 43 20 23
40 31 5 30
0 42 3 31
47 37 21 17
6 45 15 24
24 35 45 48
12 45 46 14
32 20 49 45
5 43 2 29
7 36 1 29
1 40 31 49
6 35 34 47
8 19 7 33
16 46 10 18
10 36 9 30
41 35 20 32
30 20 34 34
7 42 24 37
5 48 4 26
43 38 47 23
11 38 11 47
47 31 5 29
9 30 32 33
46 39 15 24
10 43 41 27
29 36 6 36
45 32 48 34
37 43 5 39
22 38 40 41
5 36 6 31
5 18 49 21
10 36 11 28
2 39 38 35
46 24 32 12
6 37 48 21
45 30 38 21
46 25 21 24
47 40 47 48
6 37 3 32
10 39 5 30
1 39 2 31
44 33 44 17
5 35 45 21
3 42 0 34
42 32 15 30
3 34 29 22
8 38 13 32
5 45 5 23
46 29 19 22
36 33 9 20
41 23 47 40
38 27 39 42
5 39 18 20
48 41 0 28
10 28 32 46
38 18 44 13
1 38 8 40
8 21 25 23
2 40 44 19
2 33 36 38
5 38 8 31
48 27 25 33
9 33 18 31
49 27 5 33
1 47 48 15
31 46 4 32
1 32 46 36
45 17 44 34
10 36 18 31
7 47 5 33
6 33 12 30
19 32 1 31
23 35 19 22
44 34 5 29
47 33 27 24
8 38 2 27
27 35 22 36
6 35 46 19
14 35 42 19
9 32 15 29
47 28 24 29
0 31 20 29
42 29 0 29
44 36 11 29
6 35 7 29
37 35 38 39
9 30 18 38
14 30 1 24
36 32 33 29
31 32 14 6
35 43 36 47
8 39 5 29
7 40 2 35
14 45 12 29
6 39 8 26
21 13 29 37
26 33 45 17
25 33 49 44
34 44 32 31
39 39 48 16
45 23 41 17
1 40 6 33
34 41 36 27
28 34 5 33
9 49 46 32
39 24 49 20
9 37 3 29
4 33 41 17
0 30 23 34
2 41 13 27
1 44 47 22
42 29 38 26
7 44 3 32
49 31 23 27
11 35 5 30
48 33 2 30
14 37 29 15
4 36 10 26
20 26 34 28
6 44 33 42
23 43 47 26
9 49 45 33
36 25 2 35
4 40 46 48
1 44 15 12
5 43 18 12
11 40 46 18
40 23 42 34
4 37 45 33
4 38 13 19
4 38 20 36
19 30 41 28
6 38 16 33
3 37 9 30
47 31 1 38
8 46 16 29
40 33 43 25
0 38 37 30
6 37 18 22
42 35 22 25
32 40 13 23
10 41 46 13
39 34 19 33
45 32 0 35
40 33 37 21
26 21 1 21
9 28 39 45
7 39 45 18
13 13 36 29
32 49 5 27
23 48 45 36
28 27 47 26
7 42 4 32
18 29 43 34
6 34 49 21
10 45 4 32
16 44 23 27
2 37 36 34
7 37 10 30
46 23 3 29
11 41 30 23
6 39 4 36
1 42 41 36
10 34 23 23
9 46 45 21
1 46 14 35
2 43 12 29
6 45 42 19
4 38 15 27
13 39 10 27
4 40 46 22
6 42 29 26
41 27 0 29
38 30 46 20
42 35 4 33
43 34 43 19
8 31 42 17
19 49 33 32
46 37 2 27
38 41 20 27
3 45 48 36
10 41 15 8
24 38 6 36
20 18 8 44
48 25 3 32
45 31 18 31
12 49 26 28
19 31 36 34
3 37 42 16
4 37 43 20
21 43 22 27
11 42 45 36
16 49 26 34
41 32 4 22
11 43 42 20
42 7 4 29
49 36 43 44
7 37 0 31
29 34 24 1
3 42 11 41
44 22 43 8
34 31 37 35
12 28 17 23
13 48 9 29
34 31 1 24
14 34 19 36
23 5 20 25
21 36 44 17
29 49 12 36
9 39 12 17
10 45 1 35
8 32 27 30
28 31 11 22
5 45 17 18
44 39 3 30
5 38 43 19
40 29 38 35
1 32 31 7
1 42 2 31
37 38 2 31
8 38 18 34
42 26 2 27
10 33 19 29
5 42 48 12
9 38 0 33
2 41 48 16
39 43 19 33
39 31 10 20
6 39 39 20
44 31 1 31
8 26 10 22
46 27 1 31
10 46 47 47
18 37 6 34
0 41 5 34
36 32 15 37
8 42 41 47
25 33 18 20
3 39 10 27
2 41 22 27
22 30 29 23
12 21 4 21
42 36 3 29
35 24 17 11
1 40 0 29
5 46 5 34
24 38 5 27
43 44 49 43
11 42 12 30
6 43 45 39
9 43 44 19
3 40 2 25
15 31 46 17
3 37 16 32
14 29 44 20
42 27 49 15
9 45 43 47
7 37 13 26
7 47 7 34
12 34 21 35
6 47 6 36
18 41 16 27
42 46 47 21
39 37 1 28
22 26 12 29
32 23 12 28
13 44 1 24
42 24 10 30
7 45 11 32
1 40 3 28
4 31 12 28
4 40 34 41
36 30 13 20
42 30 38 29
32 13 41 31
3 49 18 30
0 35 49 15
8 47 38 35
48 31 17 31
38 39 20 23
7 38 1 33
4 38 21 30
3 36 16 37
7 46 14 35
2 43 0 34
30 36 42 19
27 44 45 16
39 35 46 38
2 36 2 31
43 39 3 31
10 46 34 34
45 33 47 18
42 25 5 26
2 41 30 19
4 41 48 20
43 30 7 30
19 40 11 27
46 35 34 17
25 29 23 12
8 42 2 27
49 33 39 39
16 41 10 21
42 22 45 19
23 34 32 29
2 42 16 31
4 40 14 27
48 35 5 23
39 33 43 31
47 41 44 19
3 35 9 36
4 25 22 34
31 26 4 27
2 38 2 31
42 21 3 30
3 39 32 36
5 32 34 35
6 49 2 29
3 42 37 26
1 41 42 19
49 42 4 29
42 27 24 44
7 32 34 38
2 38 10 29
2 44 17 31
31 47 19 36
33 41 46 32
13 38 4 32
8 44 0 27
5 35 25 32
0 46 8 30
21 47 6 30
11 44 20 14
18 27 13 30
4 39 40 38
5 44 0 34
3 38 40 45
48 35 19 10
49 36 3 36
5 46 2 28
10 35 6 31
41 30 0 31
5 41 5 32
39 32 1 5
4 38 37 48
41 23 39 33
47 34 0 31
6 44 20 35
44 33 9 25
5 40 42 25
38 28 21 21
2 48 48 18
2 31 47 28
21 42 1 31
21 35 20 21
7 43 6 27
3 32 11 25
11 37 44 17
6 36 21 25
10 37 1 32
2 31 18 21
18 48 2 28
47 25 24 43
5 45 1 33
9 37 29 11
3 32 13 31
2 47 35 45
1 39 3 22
1 34 48 38
38 25 19 31
36 34 43 16
4 37 46 17
48 23 1 30
9 45 23 28
4 31 39 29
1 46 2 31
43 35 19 25
36 38 46 17
10 29 0 30
13 46 4 33
47 38 9 23
48 44 46 11
40 26 14 31
0 35 47 20
1 38 16 45
8 36 23 23
11 38 46 17
3 36 10 19
2 38 45 22
45 36 27 31
5 31 35 30
1 35 30 8
1 36 19 23
7 36 9 28
0 36 49 27
29 19 20 29
24 41 46 16
5 41 10 25
0 33 20 30
26 45 22 36
1 34 45 19
16 46 4 28
2 39 9 25
6 45 4 26
10 44 10 23
31 33 5 37
4 46 3 31
29 47 24 31
0 41 34 19
7 43 10 25
0 45 3 33
10 33 18 30
9 41 36 8
4 37 29 44
18 34 26 30
11 40 23 45
33 31 42 37
2 44 42 17
