50 116 15199 800
35 20 30 37
37 8 26 32
28 30 24 9
41 37 6 28
34 11 33 22
29 22 2 38
27 18 32 35
34 43 23 8
25 9 5 24
22 11 43 32
34 18 16 27
48 47 44 34
37 39 22 8
23 25 27 43
30 16 2 20
48 32 40 11
16 22 32 6
47 2 14 20
35 14 21 13
18 4 13 17
36 15 6 39
25 14 20 18
26 20 42 46
29 26 10 7
38 0 12 7
46 5 26 23
28 3 49 47
44 1 4 26
35 26 39 39
4 8 18 26
25 23 31 29
36 28 21 16
43 20 37 10
47 1 27 7
30 25 13 8
26 28 23 17
27 27 6 11
24 1 30 7
28 15 31 32
27 27 0 0
32 24 9 4
18 18 32 30
26 23 27 44
31 28 14 41
0 1 33 24
38 14 15 19
27 27 5 5
27 33 23 3
31 11 24 11
30 28 17 6
26 13 18 9
17 21 15 11
3 7 28 27
16 16 9 16
49 16 33 40
31 22 27 27
18 19 0 15
37 15 29 10
13 6 1 49
26 26 6 24
20 16 4 38
32 13 0 28
43 1 18 26
45 44 19 6
48 4 11 2
24 14 27 25
28 31 26 4
34 11 29 10
26 31 28 8
10 18 25 25
5 6 27 1
24 4 29 31
16 8 26 28
25 8 0 47
39 3 21 27
30 19 13 12
24 26 39 10
29 24 33 32
26 24 3 12
44 22 29 15
29 8 27 3
39 7 18 18
15 11 34 27
31 35 22 8
28 25 27 33
44 21 29 33
23 3 42 40
22 37 14 1
44 6 30 25
6 21 25 23
21 30 12 47
26 10 26 35
42 19 30 34
37 19 34 44
11 22 32 1
27 26 14 0
33 9 16 5
26 15 32 33
33 26 3 7
35 6 13 36
34 27 6 10
32 41 16 29
34 27 20 12
46 44 11 14
11 16 6 25
16 33 19 23
30 6 14 40
47 39 41 11
31 4 30 26
32 31 28 20
24 20 13 26
35 11 6 2
31 31 15 12
26 28 29 38
23 20 12 22
46 7 26 29
