50 95 15570 800
1 41 22 32
0 16 7 46
27 10 36 3
45 2 16 42
11 34 39 3
34 48 24 24
29 16 37 5
42 31 37 21
31 14 5 31
13 16 17 17
27 36 43 7
38 30 25 4
44 15 8 39
12 20 23 9
39 25 37 16
37 6 25 3
0 42 22 21
21 25 36 21
26 24 18 49
49 12 22 15
30 20 29 8
7 18 6 39
2 27 17 40
33 18 36 6
44 14 29 23
16 1 23 37
39 19 35 26
48 14 11 24
22 26 24 5
6 15 1 42
25 37 47 3
41 8 40 18
47 10 24 36
45 18 9 29
41 22 35 22
29 41 39 33
12 25 33 19
13 21 21 18
45 14 22 27
4 12 35 14
33 10 3 32
3 18 31 17
3 44 26 14
45 4 43 15
35 3 36 26
30 19 27 27
22 35 16 33
5 11 13 34
1 43 38 14
13 4 4 41
35 21 29 26
3 14 4 42
31 33 21 19
49 17 9 49
25 19 38 15
11 17 25 25
10 16 17 35
0 16 30 8
23 9 10 27
18 1 47 22
9 5 37 19
40 12 32 14
47 35 33 18
0 14 35 6
49 10 24 17
49 22 30 7
47 15 28 32
49 12 9 35
4 15 35 16
38 29 32 34
8 24 29 25
3 15 41 43
38 43 19 11
16 14 16 35
2 33 36 7
44 2 46 14
2 42 10 39
37 40 44 8
11 25 2 44
11 2 39 20
47 35 13 29
17 17 37 38
2 15 34 32
2 14 26 38
10 14 14 27
30 3 46 15
38 24 19 29
17 17 24 11
27 11 6 29
30 28 34 7
10 34 23 20
26 8 11 2
2 1 18 45
44 5 7 42
45 3 31 27
