50 403 15478 800
16 1 31 9
16 34 21 48
21 40 47 23
15 37 37 24
12 3 38 42
33 35 34 47
15 12 43 37
2 29 35 9
5 22 31 16
18 6 24 49
11 2 26 48
8 8 5 36
2 2 37 37
14 33 42 49
6 38 37 45
10 32 36 8
13 2 26 37
11 3 30 29
13 43 35 23
19 4 40 30
1 11 31 48
9 31 21 46
1 24 39 11
20 8 40 22
14 29 30 46
11 32 46 42
6 11 25 46
20 27 5 34
5 39 35 22
10 30 47 41
7 7 36 49
5 10 1 25
18 35 36 47
15 22 44 30
3 16 41 46
7 27 26 36
2 4 27 35
16 17 7 39
11 3 2 39
13 46 23 39
18 1 5 38
19 31 40 40
3 44 21 41
12 30 31 47
9 38 23 43
6 8 28 49
14 30 0 43
19 36 37 49
6 9 48 48
17 5 30 37
44 46 4 28
20 23 41 34
7 4 41 47
24 47 47 34
18 37 42 39
26 6 32 14
13 11 48 42
12 7 35 12
13 43 46 40
19 0 2 39
25 31 35 47
7 28 37 48
15 42 43 45
15 28 37 42
0 8 5 37
8 26 24 48
10 0 19 42
22 2 41 47
11 2 35 36
27 3 3 40
5 0 40 11
20 26 27 29
5 7 3 33
12 4 47 47
42 4 41 47
4 32 44 22
1 1 25 28
22 4 45 47
7 37 37 31
36 16 27 44
15 47 27 43
25 45 7 31
16 25 38 23
15 6 8 31
19 4 38 20
11 24 22 37
7 18 0 43
16 12 34 40
14 11 34 42
6 8 17 39
11 35 33 47
20 44 47 49
12 39 42 48
8 6 34 13
12 31 49 21
12 8 41 46
13 6 34 14
19 36 10 42
11 36 44 45
3 6 32 30
14 35 4 34
3 1 9 37
16 13 39 49
14 4 40 36
19 1 40 49
10 37 44 48
20 8 22 46
13 33 29 21
25 8 33 8
2 0 17 32
11 40 22 45
33 3 42 49
10 43 45 47
8 26 37 20
15 10 36 48
9 5 0 27
21 3 42 46
2 28 29 47
12 10 3 30
16 8 45 12
17 9 49 46
11 2 39 38
19 39 31 46
12 40 28 41
8 6 32 48
11 5 37 45
14 44 13 33
11 38 47 41
22 13 30 39
10 23 16 48
23 37 47 17
34 38 41 45
17 2 34 26
18 19 45 39
10 37 37 20
21 25 39 38
6 39 40 19
6 41 13 38
8 0 26 49
16 39 41 17
0 5 43 22
17 27 39 36
21 37 43 44
18 32 43 12
12 7 39 47
20 6 41 36
15 22 46 21
10 40 44 46
16 2 14 39
17 37 43 47
16 9 21 35
21 43 36 19
8 32 12 20
22 14 2 31
19 7 29 35
18 2 35 9
21 48 27 24
13 7 38 41
1 10 37 26
22 3 40 46
13 35 36 48
12 15 30 19
13 33 7 45
20 0 28 46
21 4 22 42
0 2 27 48
5 37 37 42
37 33 3 39
17 5 44 47
10 5 44 40
7 5 41 46
19 21 27 42
8 45 43 46
25 42 30 24
10 10 41 7
18 48 32 34
8 43 31 44
24 33 6 43
11 3 16 10
4 9 41 18
18 0 1 40
15 36 39 47
13 39 40 45
18 40 47 43
25 17 32 42
10 36 22 38
1 10 43 45
25 34 44 46
3 36 47 28
21 10 46 45
10 33 45 47
24 46 26 35
34 46 38 20
9 1 45 48
23 31 38 44
11 31 25 48
17 3 24 30
20 24 45 46
5 15 25 47
7 25 30 47
17 33 46 37
20 36 34 46
10 7 47 43
19 5 36 9
5 36 40 35
12 3 3 35
8 16 26 39
8 20 34 18
30 39 42 48
22 3 1 31
16 1 40 19
13 14 4 34
23 29 7 47
14 36 44 9
13 31 48 23
15 15 46 46
31 24 27 42
1 7 49 49
7 30 14 26
27 16 34 32
17 31 38 39
0 14 49 43
13 7 47 23
42 21 34 23
16 32 30 41
26 48 1 36
4 41 10 43
8 41 49 34
10 4 15 48
15 31 47 47
11 4 0 38
26 29 35 30
11 12 8 30
13 26 38 38
35 4 26 41
27 41 33 36
17 38 43 46
12 25 28 45
8 37 29 42
23 6 46 34
24 3 29 41
21 30 33 25
5 28 38 36
14 39 46 45
11 11 36 40
22 17 26 45
34 48 13 35
18 6 28 47
46 46 39 49
6 13 32 43
2 13 5 45
5 46 31 18
22 42 3 38
26 16 21 38
9 36 40 39
9 3 31 21
12 12 44 31
10 42 27 44
16 37 42 8
22 18 36 27
25 24 47 3
20 34 7 25
30 19 10 42
18 2 28 21
1 8 48 26
6 7 6 31
15 8 5 25
5 5 39 40
21 24 30 21
13 6 29 49
14 41 38 47
16 10 44 46
13 28 39 49
24 41 36 31
12 40 42 44
8 8 35 46
2 45 36 42
20 40 38 44
19 3 1 36
18 32 34 49
44 47 37 40
21 12 39 44
5 21 48 44
9 27 40 47
17 4 8 28
8 36 2 45
10 34 12 29
7 1 42 43
6 6 33 46
6 12 26 43
6 3 47 19
6 33 40 45
27 37 45 45
19 0 22 42
8 0 40 30
17 8 39 49
16 21 33 49
0 31 38 25
22 18 45 46
24 1 34 18
29 8 40 43
6 36 41 46
17 18 18 34
21 4 39 39
13 21 21 45
18 0 7 37
13 30 40 49
23 9 44 49
15 35 6 36
9 39 49 19
18 1 31 28
5 30 40 44
39 29 0 31
16 2 48 28
2 16 28 41
7 2 39 42
8 35 30 26
5 43 36 17
10 25 29 49
39 37 16 38
11 43 35 11
20 28 38 42
25 1 41 49
13 1 32 49
2 31 31 46
7 2 30 38
8 9 20 12
20 7 43 28
14 2 37 48
8 39 22 48
16 40 43 43
18 22 25 39
20 29 38 47
5 14 2 36
10 30 47 47
0 10 32 44
42 7 42 49
2 26 23 45
21 6 36 23
2 28 37 26
9 22 27 46
4 49 40 46
37 8 37 40
16 32 24 48
12 18 36 14
10 39 31 48
10 1 42 6
23 44 42 47
10 2 49 24
18 0 46 19
14 5 27 38
21 14 7 29
21 1 38 44
13 37 44 9
21 5 22 14
11 36 33 15
0 13 0 29
9 36 40 14
20 5 2 37
11 29 41 46
10 40 37 39
22 39 26 43
17 5 45 21
16 2 33 44
12 6 47 32
20 27 45 49
21 28 25 40
17 8 36 45
14 44 25 31
2 4 24 49
2 41 33 43
49 41 25 47
8 8 47 49
10 40 38 38
10 1 7 35
28 42 30 45
13 33 36 21
16 8 36 28
8 45 44 30
32 31 25 48
44 47 2 36
12 34 5 37
32 4 44 48
23 12 46 30
13 24 49 44
5 3 37 36
24 39 0 26
10 13 28 45
12 20 48 39
10 0 36 21
8 2 20 28
18 27 40 11
14 3 38 23
6 2 16 37
7 32 34 28
5 2 33 34
18 16 43 41
11 48 44 48
14 42 10 38
20 43 46 47
13 8 9 45
13 7 40 31
33 27 30 25
