50 1244 18865 800
48 45 17 37
25 1 47 18
49 23 10 36
38 7 12 29
48 26 14 38
46 5 10 32
3 30 9 29
18 30 7 7
46 25 41 10
41 39 1 24
6 31 3 35
23 11 42 17
13 28 0 26
34 24 6 12
7 28 1 36
10 26 14 39
34 42 3 31
19 10 12 37
8 26 14 40
22 47 20 41
32 32 10 31
35 47 41 15
37 40 8 38
36 30 44 8
14 6 47 26
2 25 8 29
23 28 45 30
33 39 38 20
17 9 42 13
24 14 2 35
44 16 2 33
30 27 41 20
36 46 41 16
20 14 3 30
37 6 28 0
34 47 37 12
30 33 33 2
26 39 8 11
4 32 41 26
45 35 9 32
31 11 20 22
2 33 39 17
24 44 12 3
45 45 48 27
48 26 4 34
40 34 42 23
44 30 2 39
48 24 0 10
43 6 7 23
24 13 10 38
44 37 44 24
13 24 3 20
34 47 29 26
25 18 3 40
35 39 17 37
7 29 3 38
5 30 28 12
24 32 2 32
0 35 39 24
41 41 45 26
7 30 1 7
10 41 33 16
38 44 18 36
40 35 6 33
20 12 6 34
20 17 46 21
5 2 36 4
38 46 38 18
8 8 10 36
39 43 39 18
32 44 3 39
4 30 12 37
18 22 5 3
34 35 1 26
35 46 13 40
34 44 10 10
27 7 3 40
27 9 1 35
26 15 9 46
8 33 2 12
2 31 47 19
6 24 4 28
30 40 44 11
42 49 16 10
21 20 44 20
43 23 13 28
34 11 33 23
26 40 12 35
4 28 5 35
28 46 6 32
26 10 10 45
2 31 49 14
4 28 10 23
27 28 18 33
28 24 45 17
5 25 5 35
16 1 46 22
44 45 14 38
32 12 47 35
39 35 1 25
32 3 48 23
2 26 21 18
9 30 1 24
39 8 4 29
0 32 20 32
36 44 7 29
27 41 5 38
7 0 42 12
24 19 15 48
46 15 4 29
1 28 30 19
38 42 10 36
20 19 9 32
7 33 3 34
24 19 2 38
36 47 8 44
25 30 7 5
24 26 10 33
33 37 49 26
15 16 16 33
21 46 7 46
48 49 48 21
29 21 14 47
28 16 10 37
46 10 25 12
19 18 15 37
38 48 0 27
28 35 35 9
21 23 12 30
18 9 8 25
29 18 17 35
39 48 3 29
4 36 14 41
37 31 6 33
24 15 2 24
27 44 39 9
45 22 5 24
1 31 41 16
30 44 7 40
28 0 4 37
44 34 18 25
41 14 28 18
24 14 7 44
37 15 1 30
20 15 16 39
39 19 36 15
38 27 40 15
22 18 4 9
37 28 25 28
42 17 5 28
8 6 31 5
17 21 38 15
34 35 8 32
36 42 5 12
9 29 36 25
47 21 38 34
38 22 34 15
34 35 38 12
17 9 3 23
3 23 8 21
7 32 15 36
12 26 42 26
6 30 3 43
43 37 0 24
8 31 9 36
18 31 12 32
35 36 45 17
7 29 8 41
30 2 38 24
12 33 10 39
37 47 1 20
49 40 7 34
29 11 32 8
37 6 32 18
8 29 6 24
13 31 43 12
13 10 47 21
25 11 0 41
43 36 0 28
26 35 5 35
8 30 41 21
35 33 6 41
29 16 0 32
46 18 34 2
6 29 2 27
24 20 8 9
28 34 34 37
38 5 8 35
42 48 19 34
9 31 15 31
34 48 6 39
42 39 8 38
3 9 16 0
42 43 47 7
9 29 7 36
33 30 45 14
44 3 44 25
37 47 19 42
26 45 13 39
17 24 46 28
32 12 6 35
29 4 23 22
27 16 2 4
45 4 6 25
38 49 7 34
24 7 3 44
4 28 30 20
45 0 8 40
44 37 44 10
38 49 3 42
9 45 14 40
11 25 4 37
29 35 9 43
43 46 0 33
21 19 2 28
36 6 5 8
6 5 38 16
35 37 39 25
46 4 49 17
4 33 19 29
31 34 1 23
49 40 41 14
39 25 0 18
11 22 47 21
24 6 0 15
6 32 41 21
26 39 49 21
49 45 12 40
13 31 5 30
16 7 10 39
46 37 40 18
36 43 41 22
33 0 48 4
48 34 4 16
7 29 46 20
32 46 40 23
40 41 3 3
39 44 10 36
10 14 6 41
42 0 37 31
5 25 30 20
21 12 11 42
29 30 13 38
33 35 14 39
35 4 3 28
4 31 22 12
33 49 31 31
47 4 16 29
38 10 3 7
16 19 10 38
44 33 0 36
38 9 10 36
20 31 13 42
12 30 5 14
28 28 20 30
10 22 11 35
22 17 4 35
28 44 11 38
44 46 40 19
24 33 27 16
6 32 32 18
6 31 31 17
4 31 8 41
25 27 1 29
5 37 7 41
37 11 17 36
8 30 6 36
17 4 47 21
34 11 36 39
48 5 44 13
33 44 13 42
20 6 13 34
46 41 9 38
19 9 1 34
20 15 14 34
41 48 10 31
28 21 7 37
1 30 26 20
30 3 48 26
26 35 42 18
35 41 44 21
17 12 7 37
17 25 13 11
23 20 15 40
3 24 45 12
7 30 0 36
28 17 44 20
49 21 11 39
19 3 43 37
24 20 6 25
41 34 19 13
4 29 48 16
41 18 24 9
17 16 47 15
28 8 0 37
22 6 48 21
5 28 38 12
42 47 6 33
39 11 16 31
25 13 2 48
35 44 5 36
31 28 34 26
7 28 43 12
47 12 40 4
25 47 40 20
45 21 45 13
45 39 42 37
24 5 21 29
20 47 6 31
44 42 17 19
16 40 14 34
44 42 3 33
41 8 42 28
35 36 4 36
5 32 46 11
4 33 49 20
33 28 4 40
45 38 11 42
32 7 49 9
49 27 40 0
9 26 7 42
29 8 0 32
40 39 17 36
41 43 3 28
31 45 3 37
23 25 4 31
23 22 8 31
13 5 6 6
16 6 9 41
28 25 12 33
13 32 40 16
9 15 5 35
13 5 6 38
12 28 7 36
5 27 0 35
35 38 11 46
24 40 49 16
20 6 49 41
13 47 3 36
38 10 26 23
37 48 4 29
28 6 46 10
46 22 7 42
5 27 4 44
37 2 48 11
38 7 46 8
49 13 1 33
42 49 2 29
45 47 43 35
48 21 46 12
38 36 13 13
22 13 12 35
21 16 49 19
38 6 2 19
37 25 30 9
3 37 3 26
42 23 16 8
23 49 3 34
45 17 1 35
2 18 45 12
37 11 45 25
40 14 46 17
49 44 39 9
36 27 46 18
42 18 7 35
9 34 45 9
18 14 44 15
43 27 38 24
39 35 45 8
7 27 3 40
38 20 10 38
26 36 25 17
0 27 48 15
27 6 10 33
5 30 37 27
39 34 7 45
16 45 9 43
44 20 35 6
33 25 3 21
6 36 41 22
33 11 13 34
6 22 27 17
17 2 5 11
32 31 37 12
37 35 40 18
26 46 12 10
31 34 32 0
49 23 37 36
31 46 4 31
21 39 5 31
19 47 4 44
41 47 24 26
26 47 4 31
46 31 29 9
24 6 40 24
39 13 31 30
23 14 3 36
21 11 5 36
38 11 42 16
25 16 41 15
36 15 31 9
42 17 33 3
36 8 11 36
41 6 46 26
20 21 5 26
4 7 15 20
40 7 46 10
37 12 44 7
5 29 9 37
17 10 5 2
49 27 7 31
9 12 11 29
23 31 48 17
25 21 1 38
23 5 15 38
26 49 47 27
36 32 23 27
1 31 10 31
23 41 7 32
26 15 39 14
8 26 9 39
9 30 17 41
40 20 41 32
2 31 34 14
43 18 9 41
32 13 4 38
45 8 41 23
37 48 14 37
40 9 41 13
37 46 8 36
9 33 4 30
2 27 6 32
37 43 7 17
37 43 49 24
33 8 35 12
13 31 34 16
6 32 15 26
40 44 33 18
7 11 23 13
24 10 5 42
15 47 9 13
30 14 24 7
28 20 4 4
47 21 6 33
44 23 17 1
10 33 4 30
45 23 31 7
27 11 7 24
14 6 2 26
0 32 33 2
17 27 4 37
43 8 10 43
32 2 36 3
47 44 16 18
33 3 11 39
20 13 3 12
34 11 40 5
35 43 10 45
23 14 0 32
31 48 43 27
1 31 38 17
41 21 48 14
45 27 9 34
4 26 4 18
32 40 17 8
6 26 27 19
33 44 46 17
28 16 13 24
41 30 2 6
39 46 41 20
2 30 1 37
1 32 36 40
21 48 5 35
33 23 1 36
12 4 24 13
42 37 8 40
45 1 5 31
7 8 13 35
31 40 44 27
30 18 0 30
34 17 42 27
25 22 11 20
38 36 5 47
30 11 35 15
46 29 17 38
26 32 8 42
6 27 0 34
23 19 46 7
31 49 13 26
48 19 7 30
30 40 47 8
17 18 7 39
45 12 43 4
26 37 6 35
13 22 19 6
41 48 6 25
30 1 32 9
35 12 9 36
2 34 12 33
21 10 5 44
3 26 0 14
30 12 1 30
28 6 37 28
5 33 1 32
43 11 13 40
4 36 3 10
42 22 9 30
17 4 15 39
40 2 49 21
38 27 5 19
20 14 46 14
2 37 32 29
38 43 4 42
44 40 23 15
32 9 16 37
34 34 8 38
29 15 13 32
30 16 2 8
48 34 47 23
34 4 14 44
40 46 49 16
28 42 5 29
41 15 4 35
27 11 42 18
5 26 41 30
40 28 47 18
0 29 11 42
49 40 38 31
35 42 2 45
42 18 40 13
0 31 9 30
46 37 34 16
8 34 2 6
27 42 35 24
30 18 27 2
31 32 2 43
6 28 8 42
37 42 9 37
28 9 48 15
28 14 15 18
37 28 7 34
13 29 19 33
1 32 7 28
45 46 43 11
8 25 35 18
42 42 5 40
6 33 5 24
45 6 26 13
18 10 37 22
24 45 48 26
9 33 16 40
46 27 46 17
6 32 37 16
36 4 0 35
34 16 5 30
8 33 4 28
49 26 9 6
5 27 39 34
31 7 7 39
31 10 3 33
27 42 17 34
7 32 32 25
41 48 32 28
34 44 31 27
41 23 32 10
45 49 1 35
29 35 31 1
10 32 42 17
36 43 12 33
49 25 29 18
42 11 48 21
34 41 25 46
30 20 10 26
42 29 7 38
44 49 3 21
48 15 9 36
32 45 30 30
3 36 5 17
34 43 40 28
37 13 10 42
41 43 36 19
41 5 43 18
12 31 33 0
44 8 38 25
20 15 16 0
29 26 9 39
20 34 45 13
29 19 6 12
36 40 7 22
37 46 9 34
5 27 6 34
32 5 9 38
41 8 11 38
22 22 29 19
29 41 40 0
27 23 4 4
34 31 29 15
23 21 42 15
42 14 15 35
21 16 2 39
34 10 3 10
30 48 45 31
25 15 17 27
39 28 9 45
18 12 42 16
28 11 7 28
46 40 12 36
48 40 23 23
22 27 0 13
46 14 18 5
38 7 5 35
7 29 2 11
35 28 24 6
46 39 8 33
40 7 0 20
41 2 4 16
28 24 14 17
25 9 9 38
38 39 44 15
25 20 44 0
38 12 36 17
22 13 5 30
46 40 10 40
12 31 2 27
12 3 8 45
34 36 8 32
4 32 11 29
30 39 9 10
23 44 0 33
32 47 1 36
37 41 5 20
24 30 42 21
22 19 30 21
35 44 10 31
31 45 7 37
38 44 7 36
29 2 10 7
27 49 6 40
27 22 2 38
24 17 28 22
4 31 13 43
4 38 36 16
13 15 4 41
2 28 8 38
29 45 48 18
34 36 2 33
38 35 33 24
46 43 45 23
44 33 6 28
42 22 41 28
47 10 6 5
23 19 5 40
32 45 7 34
35 37 11 33
26 9 33 18
29 27 7 33
24 15 9 32
11 34 33 17
5 18 1 29
38 48 3 24
38 28 10 27
39 38 3 45
24 44 1 27
20 12 8 36
9 19 44 17
45 24 36 17
21 20 6 35
26 39 0 21
6 30 17 38
7 34 35 18
3 29 48 29
34 11 6 44
42 29 2 41
17 25 49 13
3 35 45 5
36 29 12 40
44 12 47 10
27 20 19 4
5 3 43 4
38 47 40 14
38 28 36 6
4 34 43 18
42 5 34 24
32 34 5 37
10 24 3 32
6 23 12 34
25 14 10 36
16 36 0 20
29 11 6 43
43 14 1 7
13 27 40 2
10 21 34 14
46 47 0 18
33 49 38 22
49 13 15 36
9 20 49 15
22 12 0 38
43 8 4 39
45 47 40 29
38 6 37 19
11 36 1 31
31 2 42 16
35 42 42 10
25 10 6 33
44 44 2 38
28 15 3 10
31 39 46 24
21 4 10 39
20 21 45 35
32 45 18 43
7 26 45 13
17 21 5 38
28 15 6 29
29 7 42 18
40 47 5 31
42 5 31 13
43 28 8 41
32 21 4 32
43 44 1 31
36 36 9 34
44 18 4 16
39 42 47 31
47 46 39 21
32 17 41 24
8 30 42 20
49 30 9 46
40 44 22 17
25 0 25 7
17 14 10 3
46 18 10 39
19 13 7 6
31 49 10 40
30 9 7 45
9 25 4 35
34 8 7 32
39 18 22 4
6 26 0 11
23 44 9 32
43 46 13 37
46 38 18 33
9 35 12 39
36 25 3 29
6 34 5 30
23 21 8 21
47 47 7 36
37 1 44 3
19 18 10 41
20 19 2 20
46 43 41 23
44 24 9 42
23 16 21 5
36 34 14 43
18 18 4 35
47 0 22 19
39 19 43 14
48 21 6 40
39 16 46 26
39 23 3 36
26 49 45 20
7 9 7 34
40 12 4 7
21 9 11 41
35 21 10 37
31 11 2 8
49 43 15 35
7 27 41 27
44 33 47 24
37 40 4 27
29 16 9 40
35 40 7 23
25 6 13 44
0 31 35 11
29 21 4 26
38 48 46 29
7 35 7 20
28 32 5 41
4 35 17 18
7 36 11 39
8 28 21 23
48 16 11 32
20 32 48 27
29 37 29 1
32 46 8 41
23 32 33 23
46 6 10 28
24 3 6 41
28 48 6 28
35 38 21 20
21 10 10 39
33 6 45 35
39 38 10 37
37 34 9 39
44 42 33 20
26 10 9 1
18 17 22 23
10 29 4 46
41 4 32 23
36 13 12 29
30 33 7 29
27 23 1 25
42 18 11 39
42 45 21 30
7 9 9 13
26 40 34 22
26 13 7 25
31 38 6 9
15 20 9 38
30 42 6 33
27 47 18 0
30 45 44 21
14 16 32 29
44 45 0 29
8 27 7 38
4 33 8 31
42 31 35 12
15 17 4 32
35 7 12 36
24 49 5 19
21 11 41 24
31 45 4 29
32 14 48 23
8 33 31 22
43 11 40 21
46 47 48 23
36 33 3 40
30 38 9 37
40 37 40 24
40 37 10 24
12 42 33 12
14 11 41 14
45 40 46 11
31 28 5 41
20 23 45 14
29 7 17 11
36 41 45 37
15 12 12 42
18 5 1 30
15 21 30 26
43 48 40 8
43 47 35 24
45 11 35 29
49 19 3 19
31 9 9 37
7 33 3 31
21 19 4 43
37 39 6 36
8 30 2 28
43 27 46 17
7 32 41 18
42 36 35 7
31 37 2 32
32 18 4 23
8 21 49 22
12 1 38 19
45 49 2 37
11 26 10 36
15 1 5 38
35 24 13 34
6 28 5 32
47 18 49 15
33 43 44 19
8 29 36 15
10 28 0 45
28 42 13 37
8 36 40 15
40 19 43 6
36 8 43 19
4 29 2 33
32 23 48 22
27 0 36 25
32 8 5 32
28 26 46 5
46 31 27 32
48 46 39 19
34 44 5 39
5 26 10 22
41 46 10 36
47 27 5 43
6 36 39 34
1 28 22 4
42 11 37 21
38 37 24 29
41 20 12 35
30 13 26 5
44 15 46 24
31 16 49 1
11 27 47 20
12 29 10 39
31 44 38 21
4 22 40 27
26 16 49 14
42 8 17 45
34 12 0 20
25 49 39 8
41 11 42 27
0 23 47 20
17 38 45 22
12 22 42 27
39 22 41 11
17 42 48 25
44 33 2 32
31 0 5 28
19 5 49 10
23 9 8 30
32 12 7 37
15 12 7 33
7 36 46 13
31 0 10 35
48 42 1 16
38 33 5 24
28 28 41 28
45 36 12 33
33 40 35 23
38 4 37 20
16 40 18 12
24 36 25 10
41 38 10 37
22 25 9 43
47 44 8 32
24 18 12 43
39 47 1 45
8 31 45 11
0 31 27 0
23 31 38 7
13 24 4 30
6 32 8 38
22 21 33 13
41 38 13 41
28 41 7 28
20 19 6 45
29 3 43 28
28 8 4 36
42 13 32 4
7 21 31 28
44 1 7 10
46 20 43 12
12 31 39 27
38 41 12 32
32 45 48 9
49 27 7 42
5 29 46 20
8 31 42 13
32 23 9 36
38 31 39 21
17 31 31 24
33 40 38 1
41 20 9 30
15 28 20 28
24 16 45 21
36 15 44 24
31 3 45 25
6 34 2 39
37 46 4 44
6 38 47 19
18 14 30 10
35 16 2 42
45 31 2 27
39 11 37 21
2 32 9 38
41 6 8 46
32 10 47 7
38 29 21 8
47 41 11 6
26 6 44 0
35 3 0 3
20 21 6 32
47 46 11 34
22 19 7 36
35 41 39 27
37 44 44 21
18 19 0 28
21 25 11 18
27 14 18 38
38 41 2 33
44 17 4 15
1 33 21 10
6 30 47 20
40 40 9 23
8 32 18 43
28 44 23 22
5 27 20 6
48 23 48 12
41 5 10 1
28 10 1 26
39 44 43 16
40 6 3 29
25 9 7 36
33 11 7 32
28 11 44 18
15 1 32 31
19 49 49 4
35 48 30 4
42 27 5 38
47 4 14 39
30 14 47 20
8 32 39 24
7 28 3 26
15 19 49 15
36 10 30 22
5 36 1 43
29 26 36 1
48 47 42 19
25 8 43 22
33 47 7 36
29 40 11 37
5 27 5 19
46 29 8 47
22 12 10 35
36 45 42 23
29 35 36 4
37 49 11 37
42 44 12 35
5 14 9 35
18 30 8 35
7 10 1 41
41 33 7 35
26 21 41 20
22 2 25 13
3 24 28 26
30 13 1 39
40 49 28 22
0 33 38 32
27 15 9 41
34 33 13 28
6 28 46 21
38 19 13 19
3 27 8 31
30 46 0 41
31 6 9 32
21 28 0 35
4 32 0 10
5 0 13 28
38 33 35 0
47 19 3 35
37 46 1 33
39 45 41 19
21 13 6 49
34 46 45 4
8 28 13 35
16 12 46 27
44 47 44 20
5 30 10 20
44 46 0 9
4 33 7 43
30 12 7 43
35 48 9 41
6 25 11 34
44 32 17 10
14 24 2 42
31 5 12 32
24 10 1 21
48 26 15 12
49 43 10 31
38 40 2 9
34 37 23 26
40 13 46 13
42 47 24 37
44 48 6 9
7 31 33 18
47 41 11 39
33 37 3 33
48 18 6 38
27 9 11 33
43 12 7 39
7 26 49 23
33 9 47 8
39 47 14 15
6 34 7 30
6 33 9 41
17 9 42 19
35 14 44 16
30 12 7 34
37 44 23 19
39 41 38 22
10 30 10 22
41 1 24 25
39 37 22 12
14 7 8 37
49 42 46 16
10 7 6 39
18 7 3 33
36 34 2 42
16 9 49 19
28 26 0 25
44 17 2 25
23 42 41 10
31 18 6 28
31 30 47 17
24 42 6 39
37 34 4 36
42 13 0 35
5 34 8 26
8 28 46 14
49 27 7 24
36 28 10 42
40 4 42 17
2 15 12 12
21 19 31 3
22 46 34 14
14 28 7 41
47 1 3 23
36 33 5 14
28 12 11 31
47 18 0 33
30 4 3 36
8 31 7 37
36 0 19 30
43 8 32 32
48 17 20 17
31 23 21 11
4 29 48 10
42 38 4 33
10 28 9 34
4 30 1 5
5 34 35 11
6 27 18 0
0 36 45 29
46 16 18 33
18 9 45 16
26 40 9 39
43 13 5 7
22 15 17 33
36 49 6 49
27 28 10 21
36 28 8 41
41 46 14 32
49 21 12 24
29 0 13 22
41 26 8 40
35 29 6 19
5 31 39 17
27 34 31 24
34 44 41 17
21 27 11 38
30 17 13 35
46 42 33 4
7 37 37 22
33 2 40 26
30 25 3 38
38 39 47 33
33 41 14 42
42 42 22 4
41 0 9 38
49 46 45 12
29 48 48 14
41 20 18 12
3 33 49 15
27 36 37 15
33 17 35 13
21 24 9 36
36 38 5 19
32 31 23 17
5 35 8 39
5 29 6 21
31 19 11 41
30 41 1 10
21 15 11 28
28 20 12 8
22 16 9 31
45 24 5 29
25 26 49 12
22 12 3 32
43 9 4 44
39 46 17 39
32 40 5 39
8 30 3 20
44 20 47 16
20 9 2 31
22 12 9 39
41 49 14 21
42 46 31 6
44 28 18 9
27 16 47 27
33 39 5 38
33 45 0 30
40 15 16 40
20 7 4 27
17 27 33 0
40 17 28 33
26 43 3 15
4 26 42 9
6 25 5 35
31 36 44 26
38 43 3 35
34 31 47 22
6 32 9 36
4 33 37 16
23 18 8 14
15 10 33 15
41 13 8 38
28 47 47 16
21 17 6 45
22 20 37 17
44 30 5 22
44 12 10 40
49 45 25 4
49 11 11 35
39 45 12 29
41 10 34 20
4 11 11 37
26 39 12 36
21 42 12 17
27 36 5 31
27 37 45 20
16 41 29 18
26 41 3 28
3 33 12 19
8 17 5 39
45 23 14 39
36 22 4 29
39 21 6 30
30 46 9 40
13 27 2 30
22 34 33 19
37 14 14 32
22 40 30 2
44 31 5 30
14 34 4 26
25 23 26 18
48 42 5 33
17 20 42 3
23 15 3 28
46 9 28 13
7 32 34 17
44 2 8 39
41 18 10 23
7 30 7 25
4 26 14 34
36 47 0 4
34 4 26 20
37 49 16 43
29 6 16 28
30 45 3 39
7 36 22 1
31 9 15 10
19 9 30 15
41 35 9 40
46 43 46 24
44 15 15 29
44 20 10 40
46 40 5 31
49 3 40 15
37 42 43 30
25 20 36 23
