50 991 18684 800
34 11 47 23
19 5 29 28
9 32 34 31
9 20 24 20
14 31 47 24
45 12 42 16
33 47 29 33
15 36 32 22
31 38 21 40
21 28 37 37
43 7 36 39
32 0 38 24
47 45 49 38
20 0 33 31
27 24 19 17
12 8 42 46
48 43 21 18
25 19 35 6
2 18 39 31
42 18 8 4
14 28 3 3
3 15 34 45
37 43 45 22
0 34 29 27
29 49 10 8
45 10 34 38
42 15 49 24
23 3 26 40
41 2 15 15
22 15 38 46
14 26 34 30
33 11 21 48
21 47 36 3
21 39 48 12
46 5 35 46
49 12 41 38
17 38 48 24
41 7 17 27
41 5 44 24
36 5 33 47
32 39 9 46
35 1 32 41
15 20 33 27
35 17 36 42
45 13 12 15
21 22 32 21
8 40 33 47
11 37 41 31
13 11 42 34
13 31 27 34
44 29 32 41
28 19 19 10
16 21 34 45
14 21 4 16
32 24 8 16
10 15 13 40
12 11 40 48
46 12 46 21
32 4 36 17
16 2 27 16
33 45 45 30
7 31 33 41
37 43 15 45
3 3 28 22
19 29 30 23
16 23 16 42
36 23 35 38
26 34 9 41
48 41 42 41
14 38 29 17
21 40 23 11
11 32 20 19
43 6 7 37
40 14 4 47
40 23 27 26
18 11 49 21
27 37 19 20
17 39 30 17
14 9 26 25
7 16 45 25
27 11 46 32
2 35 30 25
11 28 46 36
17 21 45 23
47 39 20 19
5 17 47 21
48 34 32 35
49 16 35 36
8 31 20 2
48 10 39 10
17 39 27 37
20 37 48 35
48 37 13 9
32 5 38 44
0 18 35 44
33 39 25 11
14 17 26 39
35 37 49 13
22 48 10 16
43 11 35 26
24 19 47 28
12 26 4 9
10 41 25 45
47 42 45 23
20 25 43 21
2 39 34 40
47 6 27 23
17 18 4 39
33 28 34 46
21 45 31 44
32 23 41 34
7 26 32 26
37 31 22 7
18 21 35 9
39 38 25 21
18 43 33 35
17 26 34 13
16 20 47 36
22 34 44 22
46 8 48 27
43 36 47 25
43 42 28 27
24 42 6 6
41 3 25 8
32 34 20 39
3 40 49 25
14 36 10 14
45 44 24 21
20 2 20 33
32 48 38 43
36 40 33 38
29 36 36 42
11 17 29 23
43 47 13 1
23 0 44 24
47 18 38 42
47 39 1 48
47 37 47 24
40 2 43 26
5 39 21 38
29 45 46 22
38 10 19 35
4 16 43 25
14 32 46 32
46 39 35 47
16 12 22 35
18 22 46 25
28 27 43 42
45 44 31 48
18 44 20 15
24 30 21 46
36 43 34 37
10 48 32 5
24 7 18 19
29 24 45 35
11 16 49 24
18 5 29 21
16 18 43 39
18 25 30 46
20 20 39 25
29 40 42 44
45 41 3 25
20 34 16 27
12 19 26 16
27 10 43 25
37 33 40 17
25 16 43 32
25 39 47 25
35 40 41 28
24 36 6 35
17 30 11 29
8 21 21 21
5 23 38 43
4 48 21 22
0 39 44 21
48 39 24 43
14 23 33 41
29 14 26 38
10 24 33 34
31 15 6 39
5 7 49 26
32 28 41 31
25 0 47 35
40 9 36 45
10 32 34 43
40 12 34 42
11 38 42 32
20 17 20 44
40 21 36 49
4 25 26 15
36 36 33 39
44 10 33 37
28 18 10 49
40 32 31 36
37 10 45 31
25 11 31 23
36 33 3 25
45 40 46 23
17 24 25 44
21 16 42 40
35 12 25 41
5 48 48 43
38 39 19 23
35 40 47 27
18 44 21 26
48 19 33 47
48 6 29 25
0 22 48 22
8 34 41 30
1 40 46 25
3 35 19 36
17 4 20 46
24 7 10 8
32 2 48 36
23 35 45 23
3 21 36 32
13 33 49 24
30 16 33 28
12 12 24 48
34 34 36 21
11 40 39 41
15 36 26 44
22 9 49 47
34 13 35 46
22 32 41 42
48 2 26 25
15 25 33 36
46 44 6 6
37 13 35 32
15 21 29 18
14 34 48 25
49 16 41 29
31 34 22 27
7 33 39 7
43 39 21 46
15 2 29 17
16 40 33 23
4 31 43 24
29 4 5 45
5 30 32 49
7 17 39 38
23 44 16 45
49 34 26 28
38 46 25 49
44 39 42 23
32 2 19 26
46 2 22 18
12 23 4 33
28 27 37 44
31 24 19 41
10 0 25 10
45 37 31 40
36 36 7 45
6 30 32 35
21 28 1 45
30 3 4 49
10 36 37 31
43 46 45 23
3 49 21 20
29 14 47 24
48 8 35 46
42 49 47 34
42 40 34 45
30 38 8 43
28 17 15 45
0 32 44 20
31 33 31 28
29 39 30 27
29 37 49 39
31 49 35 41
22 38 21 21
29 2 10 40
31 34 47 24
21 6 30 43
36 28 30 20
10 24 11 5
20 36 29 15
3 32 46 40
13 2 26 2
10 22 29 19
24 31 39 22
10 20 29 40
16 20 27 11
29 46 45 25
8 24 46 27
40 28 9 44
29 39 32 43
33 39 11 26
31 36 45 28
9 5 38 43
18 16 42 40
3 22 32 42
24 10 37 35
49 22 29 21
16 29 23 46
26 41 46 20
34 39 48 23
16 34 31 18
8 10 33 41
4 30 44 21
45 39 14 48
21 28 8 3
17 30 30 29
25 21 32 38
30 16 29 44
38 40 40 31
6 45 23 23
17 19 40 28
32 12 46 48
11 29 36 44
22 5 33 37
7 21 43 34
12 23 33 19
1 23 34 32
24 23 41 28
4 15 17 34
2 6 13 47
30 26 46 17
27 24 33 34
11 28 18 21
13 2 46 33
17 13 24 46
34 17 19 7
3 9 31 11
28 31 4 43
24 32 31 21
5 39 34 37
47 33 34 42
3 43 35 22
28 34 18 4
31 1 27 31
0 11 42 41
36 43 48 25
23 29 25 26
49 38 35 46
9 19 28 42
38 45 1 39
24 20 4 47
25 4 44 34
10 18 47 14
45 2 17 10
21 15 37 45
34 36 35 23
17 18 46 7
49 45 7 45
7 39 5 17
20 18 32 41
19 11 48 27
9 49 17 44
24 3 32 32
48 39 27 44
44 37 24 27
9 28 49 22
32 36 28 23
48 43 46 34
36 23 33 39
21 46 15 28
28 48 32 22
29 23 47 35
14 35 13 49
17 18 46 26
31 42 15 47
31 37 49 33
36 39 42 10
21 7 28 35
13 28 26 19
13 21 43 44
4 20 40 19
24 10 7 38
19 10 32 39
24 38 35 8
5 31 41 25
25 11 33 40
43 15 47 26
37 12 28 38
42 8 30 33
49 49 34 21
47 20 4 35
14 6 36 46
31 39 41 21
18 10 33 37
36 36 13 20
35 12 47 24
16 34 29 20
30 39 19 0
38 37 44 26
8 10 48 24
12 17 29 29
19 30 41 23
43 40 32 17
37 13 24 39
15 10 37 43
17 30 30 39
13 39 24 46
45 5 46 28
39 10 37 43
41 17 31 16
8 43 16 37
35 41 12 10
47 37 8 39
49 33 11 47
35 34 13 31
38 45 39 37
20 44 27 44
39 14 46 28
16 12 11 4
34 9 34 37
38 25 22 16
49 40 35 45
2 16 49 37
15 17 25 25
34 38 29 20
44 39 17 24
29 23 19 48
20 37 42 0
46 15 27 25
27 37 28 42
44 28 31 23
0 26 18 19
24 26 48 28
13 25 39 31
16 20 44 24
6 21 28 14
22 40 46 44
41 6 30 27
25 19 14 32
9 25 31 32
33 32 18 46
9 21 48 34
29 4 38 39
15 10 35 40
45 42 38 34
26 44 30 34
27 46 39 22
13 29 42 38
1 33 15 19
17 24 17 38
43 5 38 30
31 44 45 3
30 21 36 22
19 11 19 25
46 42 31 38
17 16 11 45
24 15 30 25
43 49 33 46
35 48 36 42
10 38 44 42
12 45 48 39
31 42 21 19
34 10 31 25
45 33 47 41
21 33 35 41
16 27 48 20
17 17 35 45
32 35 19 47
11 27 2 7
12 17 20 26
43 39 26 47
21 43 40 26
31 15 28 42
0 30 31 36
24 27 34 48
48 41 28 29
13 36 10 48
35 22 24 13
45 43 48 31
27 28 48 4
15 31 32 46
35 13 19 39
34 34 42 18
29 30 36 37
39 41 25 38
5 30 30 28
46 39 23 49
32 32 18 27
13 9 22 2
41 31 31 25
17 27 43 43
19 7 47 32
31 12 45 26
17 17 25 37
0 36 17 7
8 27 19 29
27 19 42 17
7 33 33 41
38 41 48 21
40 44 49 33
11 14 35 38
18 20 13 30
47 44 31 17
21 36 36 27
39 37 45 24
32 47 27 12
34 34 41 27
22 25 42 24
19 49 23 44
16 17 42 26
34 42 21 20
46 6 7 19
16 43 26 41
13 24 12 44
30 16 47 26
13 26 27 23
48 34 47 19
19 8 44 25
26 39 27 25
37 42 3 7
41 34 46 27
31 35 37 48
13 25 48 43
24 12 32 39
17 39 15 46
47 3 21 4
38 15 2 49
35 19 44 29
13 29 20 25
45 34 30 45
21 49 23 25
12 20 47 23
42 3 46 2
23 29 14 43
1 13 13 39
45 3 31 40
5 29 30 17
33 25 15 44
13 30 33 44
11 18 30 21
47 11 30 38
40 40 45 31
28 40 40 22
27 11 47 23
16 36 41 35
34 27 44 41
14 30 29 16
36 44 32 39
18 7 12 44
9 29 33 23
46 16 31 8
43 33 25 15
41 38 16 32
40 28 3 47
44 5 40 48
13 22 32 46
49 34 30 40
2 42 18 44
8 16 28 23
0 26 46 27
6 43 28 21
44 47 32 23
29 37 38 25
18 12 39 34
12 8 33 36
49 45 42 25
44 9 45 18
33 39 30 26
34 44 25 28
24 28 24 16
27 38 35 35
31 19 47 16
41 38 16 44
16 36 14 46
37 36 18 28
44 7 5 41
6 28 43 19
14 24 26 18
17 18 49 26
48 40 23 24
27 31 0 36
20 23 35 38
34 21 19 21
29 21 17 17
28 22 1 45
28 37 29 41
3 11 49 29
48 48 29 42
28 18 45 25
24 48 21 30
35 3 41 36
34 32 36 44
27 36 27 42
29 38 24 32
44 39 40 31
25 4 15 46
15 46 5 34
12 49 30 30
42 8 29 25
35 45 47 24
17 18 34 38
3 25 49 31
19 6 41 32
8 24 39 28
18 19 44 20
5 23 2 2
7 26 36 46
31 40 43 28
30 4 18 16
31 41 39 26
15 14 22 19
22 26 38 29
48 43 37 25
18 34 44 28
45 2 34 45
37 23 43 22
45 41 26 34
11 31 20 27
10 25 29 35
10 34 29 18
4 20 25 25
11 15 13 44
41 47 23 21
23 25 28 41
46 42 31 37
7 44 23 28
26 35 42 23
6 2 36 25
30 40 24 19
45 45 47 38
44 7 36 47
11 30 26 21
47 38 33 20
0 49 49 25
41 14 46 25
23 22 32 46
34 46 26 18
17 32 16 22
46 42 14 38
15 15 42 30
14 28 37 32
36 46 41 37
24 33 10 34
26 1 38 30
12 36 9 49
33 35 13 32
39 41 35 25
40 45 36 46
46 44 42 5
31 48 14 7
34 45 35 40
18 6 43 24
5 32 41 38
11 34 44 25
41 43 2 45
16 22 41 23
18 27 47 25
15 28 8 46
11 23 38 43
41 11 28 29
37 39 27 29
16 3 11 45
16 24 29 23
45 12 30 20
40 29 44 23
47 45 42 23
34 36 27 38
14 28 44 18
37 47 38 20
35 43 46 33
31 7 20 33
2 30 26 7
25 39 18 46
30 42 36 37
27 6 43 33
4 22 42 35
45 23 0 12
23 32 13 49
23 6 49 37
31 25 48 38
33 18 47 29
34 29 45 25
25 38 6 37
33 35 26 23
48 36 38 37
20 17 22 24
14 20 12 32
38 35 16 41
18 30 38 27
10 17 41 26
27 40 3 25
12 24 47 26
19 4 28 22
7 4 37 40
33 5 22 23
35 45 35 36
17 29 47 32
27 18 24 45
12 39 49 36
1 39 44 32
18 9 43 25
18 40 37 33
21 37 39 0
23 33 41 22
46 43 2 41
9 48 42 28
10 35 35 46
18 37 43 31
49 44 4 47
39 26 35 39
34 10 35 39
45 37 42 16
25 14 47 22
36 15 10 18
45 3 1 39
4 6 28 27
6 35 9 47
5 25 33 46
22 26 43 26
36 35 24 41
30 47 36 40
29 32 26 17
13 41 25 19
8 8 21 48
36 41 29 21
20 28 47 28
36 47 30 29
3 9 38 7
17 30 1 46
18 43 13 11
8 18 39 45
30 39 37 45
0 22 33 46
20 36 48 28
14 8 39 42
6 39 10 21
5 27 29 48
18 19 20 44
13 33 38 1
16 42 32 27
42 26 26 45
25 31 38 36
17 29 26 28
44 37 8 33
8 13 36 19
16 44 12 45
36 38 12 17
19 22 19 10
37 43 48 24
12 29 21 38
6 13 39 34
38 13 23 21
3 18 31 26
38 19 23 11
12 14 24 47
14 18 45 25
3 49 37 37
29 26 48 32
45 41 30 45
23 38 25 17
38 15 31 25
47 37 34 36
28 39 43 24
42 11 49 27
4 22 26 16
25 20 30 37
7 38 22 25
45 41 40 38
24 36 1 38
20 24 46 24
32 15 33 21
17 26 29 40
45 41 9 30
33 3 31 16
39 8 47 22
49 44 43 36
31 4 37 8
39 15 19 46
13 17 30 38
27 43 40 43
0 30 40 21
11 10 21 19
17 12 14 34
43 49 30 36
6 46 46 31
32 41 25 20
20 32 10 48
44 12 11 19
32 35 32 41
30 14 33 41
31 37 47 21
19 27 10 9
30 41 35 28
11 44 30 34
48 46 49 27
27 37 33 28
33 38 28 47
4 20 48 22
5 39 20 42
6 35 5 42
20 4 45 22
16 33 24 2
12 33 40 21
13 34 3 42
14 24 42 13
10 2 45 20
41 45 23 45
17 0 34 24
21 24 12 44
22 19 16 34
21 45 45 27
21 36 16 17
32 35 7 12
16 19 33 18
18 28 30 20
27 2 45 32
0 47 38 49
21 28 46 24
45 37 38 37
44 44 30 22
27 35 35 31
25 37 31 42
42 35 43 29
13 13 30 19
20 20 21 34
38 14 48 19
8 8 49 24
15 7 22 36
18 17 29 15
38 24 49 23
44 2 31 38
12 22 14 0
17 27 27 31
27 43 17 41
37 23 41 30
7 32 42 23
21 17 38 46
10 25 21 16
46 39 31 34
44 43 39 41
35 3 28 26
33 32 33 41
15 35 29 43
34 28 36 45
21 27 44 28
5 0 18 41
46 34 28 19
4 18 19 33
47 47 6 2
26 35 9 46
21 35 32 20
44 5 2 48
34 16 37 47
5 35 47 22
46 38 2 45
20 37 46 24
32 5 44 19
14 34 47 22
47 43 18 10
46 31 24 23
29 17 34 42
19 21 42 23
2 6 48 24
16 35 35 35
34 44 31 5
2 35 47 12
19 0 25 23
7 12 45 24
24 17 29 35
41 27 44 23
11 47 31 32
38 12 28 31
24 14 17 26
37 39 40 41
49 0 27 20
31 39 48 25
29 43 34 24
23 19 29 21
17 30 30 43
10 22 35 23
49 44 1 19
23 39 34 43
1 30 29 26
23 2 27 22
44 39 10 48
42 6 32 42
49 45 45 24
29 43 46 23
44 26 37 45
33 47 27 39
34 42 23 18
37 29 49 25
40 49 21 15
48 44 40 44
25 8 25 14
30 19 45 39
9 2 17 48
34 14 32 41
33 36 15 34
6 21 24 35
2 4 49 17
6 26 33 41
43 34 45 23
25 30 30 21
46 42 49 27
30 26 44 30
35 18 33 45
9 40 15 25
46 42 42 36
9 43 30 20
17 34 48 20
41 42 19 20
26 20 35 43
27 41 15 0
16 45 24 22
14 39 43 47
16 29 22 25
19 45 36 40
4 18 47 21
45 10 30 38
20 23 4 39
24 7 23 32
21 10 36 31
20 19 36 23
44 40 37 34
47 44 47 23
13 20 26 39
17 0 37 13
5 36 46 38
32 19 49 24
34 41 16 35
32 33 2 42
11 35 43 27
10 12 21 25
16 31 44 20
25 0 39 43
7 7 40 18
45 12 21 10
17 46 22 11
19 18 39 35
15 9 47 40
30 44 45 26
31 36 28 18
11 13 44 22
40 7 28 15
5 34 26 45
39 15 5 49
21 37 45 29
35 17 21 16
21 18 34 45
24 31 6 23
37 31 49 16
22 0 48 22
17 22 43 20
8 35 32 27
19 37 46 19
12 23 34 43
49 8 34 19
16 26 27 39
9 15 34 7
18 15 35 24
44 44 38 25
8 26 24 20
9 32 35 24
25 31 49 34
18 15 34 24
32 47 30 33
44 25 30 45
39 11 47 25
17 37 38 23
21 34 29 47
40 43 27 31
26 20 45 46
29 28 27 13
11 28 39 34
11 12 46 19
11 22 20 26
3 25 38 23
15 19 38 39
14 38 39 41
20 27 46 31
40 43 30 41
5 26 31 40
23 21 47 36
5 13 43 16
4 8 34 44
49 42 29 15
21 20 38 3
30 25 22 43
37 36 15 45
40 8 44 27
4 16 20 26
18 18 49 34
23 30 39 10
38 6 34 7
21 14 27 28
9 41 49 25
11 26 46 21
34 35 19 42
47 36 32 39
7 12 44 3
10 28 13 40
47 33 2 34
12 9 28 20
