50 238 15842 800
37 17 8 23
43 43 35 7
20 7 49 17
42 9 23 42
25 30 48 14
25 34 31 3
33 36 27 40
32 35 18 18
44 36 7 22
29 18 5 28
43 34 17 25
13 8 29 43
22 6 24 24
41 5 45 15
20 13 14 24
31 5 49 47
46 2 25 23
48 36 32 12
4 30 7 25
15 7 47 12
32 3 38 18
22 2 42 23
28 12 6 24
31 14 43 28
37 2 29 49
39 5 26 0
48 2 42 26
32 22 23 14
23 10 7 25
24 31 13 30
38 7 34 19
23 21 37 4
8 18 33 14
27 13 31 43
10 28 40 25
45 31 14 31
38 37 21 18
14 46 8 25
3 9 8 40
35 16 9 18
35 13 11 43
30 10 17 22
29 20 4 23
19 4 42 23
33 27 10 22
22 17 27 0
15 12 48 1
41 19 49 24
30 14 30 1
30 31 17 16
31 43 25 22
16 45 14 25
39 48 19 17
11 18 39 5
16 17 23 8
4 22 42 16
29 13 8 22
4 12 5 30
40 44 32 37
47 12 24 22
23 3 14 38
34 18 10 18
24 20 42 33
10 28 6 26
12 45 7 33
17 0 26 29
27 9 9 25
18 13 5 22
39 40 39 11
41 15 41 25
0 24 30 37
32 3 9 23
19 30 27 44
26 15 9 21
28 30 6 26
46 2 25 27
22 8 15 16
38 21 4 24
20 3 41 15
27 10 7 46
41 24 49 8
22 3 14 20
29 44 8 27
36 3 5 23
19 17 35 35
36 35 0 28
34 18 42 28
22 12 9 25
36 13 34 30
35 4 26 31
21 41 27 22
18 14 15 10
7 41 8 26
41 31 25 15
37 7 44 23
15 21 41 36
8 43 3 26
31 9 34 46
36 3 39 17
38 21 16 16
36 46 8 22
19 6 6 23
34 18 43 9
28 10 9 25
29 14 37 38
7 0 20 22
25 15 33 36
8 2 4 28
49 14 5 28
12 10 21 38
11 9 47 12
24 44 11 23
14 31 34 10
40 11 22 32
26 5 10 27
47 42 12 32
6 14 23 6
41 2 48 1
26 31 42 17
21 6 27 14
24 19 15 16
44 26 13 36
31 8 35 36
26 4 23 31
19 25 2 28
38 23 17 11
13 2 21 14
24 4 33 12
21 15 28 21
36 37 23 43
28 37 34 46
36 8 17 22
27 43 42 1
1 0 4 29
5 7 23 0
14 18 38 32
15 7 32 23
14 8 25 3
16 5 8 28
3 1 7 25
42 17 43 38
46 8 12 19
29 12 14 14
22 37 35 23
3 2 36 6
16 16 41 23
0 15 2 32
26 11 49 5
39 20 23 42
36 31 36 24
38 9 48 13
21 11 26 44
1 4 7 12
20 18 9 24
41 23 33 18
19 7 31 10
28 0 31 33
18 39 9 25
34 31 28 40
20 22 23 12
47 22 39 16
22 5 35 3
30 4 27 22
34 23 48 16
36 7 19 15
32 15 12 23
33 14 26 40
13 35 25 16
34 36 5 28
12 8 34 13
28 4 30 26
36 30 20 23
5 27 33 23
26 44 21 20
34 49 43 12
25 5 36 8
24 10 28 12
16 0 37 29
26 14 4 27
33 42 49 36
8 27 35 14
24 11 8 22
12 10 4 24
27 39 17 33
45 13 41 28
15 42 7 23
44 1 24 23
5 13 20 24
19 8 12 38
11 22 21 24
8 18 27 18
24 29 47 12
27 46 26 23
27 23 20 41
28 1 5 33
30 13 38 26
17 5 31 22
13 6 35 38
7 26 35 8
44 6 9 21
41 12 6 26
29 4 28 25
24 44 16 45
29 20 2 18
21 28 28 29
35 38 42 10
14 9 12 32
46 11 1 17
18 12 18 32
18 15 44 28
32 43 11 18
45 8 16 33
36 14 25 19
19 26 21 2
11 17 37 25
39 1 42 6
31 4 17 18
12 14 44 3
17 18 5 21
2 24 20 21
13 9 6 23
16 22 0 41
23 19 41 44
3 3 37 25
30 16 4 24
32 35 20 22
36 20 28 5
26 11 18 32
13 33 23 20
28 21 25 24
34 25 45 6
33 21 9 22
30 0 20 20
33 1 29 45
17 1 22 19
11 30 25 19
35 31 43 9
29 3 45 35
