50 464 19383 800
11 19 27 11
10 45 34 13
16 20 1 41
21 38 0 19
22 40 28 39
14 2 8 6
18 41 30 31
8 23 4 0
7 15 3 35
40 16 45 19
21 37 30 41
20 35 24 20
17 6 24 22
21 41 28 45
38 9 42 22
5 25 33 2
5 8 32 24
24 23 6 8
7 11 28 44
16 6 28 36
22 4 14 24
16 49 31 37
16 20 30 43
0 46 26 44
23 4 35 20
26 13 26 42
19 36 28 42
0 47 36 20
8 11 25 19
12 47 7 15
21 41 5 13
20 35 19 13
11 21 21 10
45 30 12 45
8 44 32 39
16 35 26 45
8 3 29 47
1 42 14 14
31 2 15 35
37 27 8 3
11 43 25 38
18 10 14 11
29 0 9 10
5 41 23 9
15 5 15 39
12 7 21 47
4 46 41 35
31 30 24 36
14 12 32 37
40 4 35 41
16 4 10 21
25 19 41 9
26 40 39 41
14 7 25 41
25 17 29 5
15 15 23 39
3 38 16 46
4 1 26 39
6 47 11 8
18 7 30 41
13 4 11 21
9 37 22 17
17 24 27 38
32 7 36 3
26 19 43 35
21 34 34 41
13 15 25 8
18 13 22 18
17 37 42 14
45 29 4 2
13 22 22 43
49 1 18 17
4 19 30 40
17 38 32 43
44 13 16 0
47 6 12 14
19 9 28 43
32 29 37 33
22 31 22 40
19 40 26 38
34 5 20 47
13 16 17 26
16 12 37 37
28 10 14 46
6 20 47 23
8 13 2 49
8 16 3 20
45 20 25 23
10 43 35 24
14 8 29 18
41 0 4 7
13 12 35 35
2 48 29 24
19 36 27 45
7 44 42 33
29 9 26 23
3 17 25 5
10 47 25 44
21 11 33 37
14 7 14 19
26 9 18 22
48 28 23 33
13 32 27 47
12 10 32 40
15 9 3 13
14 1 46 4
24 38 29 45
13 14 23 45
19 16 19 38
9 33 30 41
9 5 47 15
41 21 47 14
25 14 20 43
17 10 22 16
44 26 33 28
11 41 29 18
5 46 24 25
13 5 27 46
29 19 13 8
47 24 18 32
21 18 3 10
21 9 28 47
27 20 46 44
47 22 17 20
21 34 28 36
12 0 26 12
9 16 5 6
45 28 22 39
3 43 25 40
19 10 14 18
17 9 32 38
4 42 3 5
2 49 47 7
5 44 1 15
16 37 19 10
45 2 30 2
34 2 17 14
17 36 18 20
43 11 37 43
22 34 5 1
26 10 37 23
11 2 21 30
21 41 24 15
21 37 40 17
13 23 43 25
42 10 24 33
11 6 12 22
48 5 12 19
15 6 13 23
11 14 10 26
14 19 31 36
13 3 33 38
21 37 23 14
1 49 20 21
5 3 41 30
21 15 28 22
25 15 25 42
15 10 5 14
11 18 35 27
17 21 10 43
38 10 23 0
28 26 41 40
13 12 32 15
30 8 29 44
27 17 11 25
20 40 33 16
23 2 21 47
21 37 33 24
10 14 32 31
2 36 9 33
12 17 1 39
25 36 25 46
6 42 29 34
35 23 10 5
21 39 31 20
15 10 38 36
23 24 32 41
1 45 25 11
20 39 44 22
16 20 43 21
9 8 32 16
18 38 23 19
33 2 17 47
25 5 19 25
9 44 25 17
23 36 6 29
18 21 10 17
20 40 15 18
18 38 6 14
16 24 17 40
28 7 29 48
44 26 17 21
20 36 24 42
25 10 36 24
13 15 18 16
0 6 44 44
5 45 30 41
22 10 3 16
22 9 28 34
25 21 29 18
48 34 13 40
30 18 5 2
3 38 48 36
19 3 33 0
10 19 43 18
19 17 27 11
27 21 12 26
29 6 26 12
8 11 26 45
15 12 19 35
1 48 4 3
22 39 37 40
21 7 32 29
23 42 42 33
21 13 35 31
19 39 16 13
20 41 9 4
7 43 32 22
21 38 48 27
20 35 7 23
32 31 4 5
41 26 7 48
23 36 22 13
21 38 25 30
8 10 11 42
19 42 25 44
22 20 26 35
24 40 15 14
22 25 19 20
4 21 29 43
3 48 31 28
41 26 20 20
8 13 38 26
2 5 4 10
17 20 40 27
16 38 45 34
22 20 48 27
14 13 0 12
21 35 8 43
4 44 26 34
13 17 13 31
26 23 9 7
21 39 0 12
21 13 8 28
21 16 41 37
15 14 27 36
38 40 26 41
8 21 46 36
22 39 28 8
41 34 12 44
43 28 21 19
16 2 27 41
18 0 24 24
14 3 40 41
36 8 24 41
22 1 28 13
25 23 42 28
12 9 32 13
2 16 30 37
5 37 18 22
2 46 26 47
12 15 24 42
16 13 26 43
19 17 18 47
4 41 19 23
21 33 12 15
26 15 19 10
31 32 18 13
16 36 5 20
49 33 8 4
5 5 11 44
19 20 10 25
3 33 22 45
20 20 17 38
18 37 34 42
13 3 13 38
30 11 36 41
13 17 19 10
20 12 19 22
26 14 7 20
10 43 48 33
20 40 15 22
1 27 35 5
14 11 28 42
16 13 2 12
20 42 18 15
2 16 45 29
21 36 18 41
44 14 11 1
21 36 42 34
37 12 12 19
21 15 12 19
15 9 17 16
10 41 14 8
19 19 29 38
8 9 33 43
41 12 28 21
31 14 22 33
15 7 27 17
23 8 49 12
21 38 17 18
15 5 14 37
41 30 7 1
20 16 36 42
1 48 12 3
1 15 18 13
17 40 11 41
5 42 32 15
41 0 27 42
18 10 21 15
20 27 13 2
34 6 30 45
22 40 22 33
18 21 14 30
11 13 43 18
18 9 32 39
16 17 11 24
16 6 42 40
3 12 28 26
19 9 7 6
26 17 49 33
20 35 0 23
19 37 25 38
19 34 40 3
24 16 23 43
21 38 35 30
11 13 17 38
20 34 34 34
22 17 27 23
16 12 23 13
3 46 41 36
8 1 46 7
15 9 28 38
15 37 39 31
21 36 6 10
3 42 33 12
25 38 25 26
30 31 27 38
31 25 29 40
16 9 40 45
8 18 28 31
16 9 7 37
29 12 3 19
30 23 18 28
19 4 38 24
16 2 44 16
24 37 1 24
4 47 18 30
30 22 27 41
24 3 18 17
18 17 19 12
5 38 28 9
20 41 44 36
41 32 27 43
12 4 10 7
17 6 18 46
5 46 5 14
0 47 36 32
16 7 15 3
0 38 21 39
4 1 28 45
9 27 29 41
7 27 31 18
17 7 22 25
2 12 30 43
15 3 38 23
46 9 44 27
23 23 27 15
22 39 46 40
40 29 28 41
23 5 32 39
39 27 32 21
19 37 39 31
22 13 44 25
43 27 49 34
3 1 40 20
11 20 46 6
4 8 29 48
18 18 28 41
19 36 30 33
13 14 19 16
48 25 25 44
11 15 31 48
40 0 21 43
21 41 29 37
48 17 17 16
46 26 30 41
1 47 28 17
16 4 19 40
49 15 9 17
49 19 1 17
20 6 24 40
2 3 8 5
6 13 48 7
37 17 22 28
29 24 19 46
5 34 30 41
12 5 22 22
49 28 35 48
42 26 16 30
23 7 23 16
8 41 40 11
6 4 9 31
15 5 25 44
23 5 30 38
43 20 29 41
0 6 31 13
16 7 33 16
20 38 29 42
23 18 8 8
18 38 13 15
18 39 29 39
6 39 42 28
24 40 42 23
16 28 18 13
47 38 27 16
25 14 16 40
1 44 17 45
0 22 21 21
9 45 1 10
19 9 31 44
18 12 37 43
19 36 10 5
44 18 25 32
0 18 10 0
21 38 1 49
2 20 31 29
35 41 39 42
4 22 43 32
29 31 11 7
48 15 24 16
24 40 24 23
21 39 12 5
8 10 34 43
6 40 41 31
19 37 25 43
24 14 29 31
4 4 44 14
45 21 11 45
18 41 35 47
5 8 21 34
10 10 40 23
41 21 48 4
23 36 28 40
19 9 29 29
9 47 23 19
14 32 4 36
3 15 38 38
17 15 28 46
18 9 21 29
4 6 21 47
22 36 30 39
1 45 22 43
42 13 29 18
44 26 38 12
2 44 4 21
23 12 38 30
19 38 35 36
41 26 47 41
1 48 21 24
0 16 20 42
47 39 14 7
20 41 37 20
5 38 25 41
