50 63 18453 800
31 43 22 16
35 13 13 38
42 3 11 26
15 43 37 47
8 39 21 3
32 22 17 47
11 35 46 9
42 38 34 15
38 32 39 26
42 5 44 32
31 31 30 13
38 15 46 6
36 23 22 20
43 27 47 16
22 13 35 12
30 16 12 40
49 39 29 6
25 31 4 22
26 34 28 49
33 30 11 31
38 48 31 21
18 39 23 9
18 42 43 18
17 40 25 8
22 28 28 13
42 48 5 40
26 45 35 35
44 43 25 32
13 43 38 20
48 44 48 19
32 43 27 11
35 20 29 9
29 47 8 48
31 43 47 39
12 42 46 0
20 49 46 4
14 43 48 27
33 17 26 22
48 11 33 13
47 44 47 11
39 14 37 27
15 39 25 20
20 33 42 8
12 36 24 48
34 19 41 14
17 43 16 32
29 24 49 10
39 44 23 16
29 30 46 30
37 33 0 12
30 18 34 9
11 46 41 37
35 41 21 11
27 47 37 7
38 48 37 20
47 19 44 21
17 43 26 39
36 31 41 10
47 10 33 45
44 39 48 28
29 37 34 30
40 15 34 5
18 39 40 19
