50 177 17780 800
44 25 42 3
33 26 39 44
6 20 35 0
41 43 39 5
15 39 29 4
38 18 15 13
21 36 12 28
45 43 10 45
48 44 21 26
12 7 30 45
36 11 31 36
17 17 35 7
34 30 38 8
23 8 34 40
41 23 10 17
36 25 28 36
24 34 3 9
16 35 32 42
32 39 22 42
11 46 37 36
12 23 29 40
37 34 5 4
37 20 22 43
28 34 36 2
30 27 15 6
39 40 9 8
8 41 39 6
17 2 33 5
21 41 7 11
35 7 27 30
45 26 29 4
49 23 41 3
20 5 30 42
11 43 31 42
42 5 6 18
39 37 19 35
39 20 31 12
32 37 17 6
3 19 18 17
13 47 4 9
4 27 26 26
2 23 40 36
47 30 32 43
38 13 4 15
43 27 21 0
30 43 8 11
3 19 34 5
25 22 9 28
38 35 11 24
42 32 32 36
44 16 4 13
40 22 21 11
25 37 16 7
45 40 37 3
8 23 2 26
17 25 48 5
36 33 11 10
42 42 8 25
27 0 2 19
35 19 22 4
46 30 34 3
25 18 31 37
26 21 29 6
22 39 38 0
39 31 37 41
49 44 19 25
42 23 37 6
17 29 35 16
24 48 21 10
5 21 8 49
13 19 33 5
13 37 32 31
26 36 42 2
31 20 49 39
30 29 1 22
38 18 16 6
40 25 32 37
25 20 30 42
39 39 3 49
41 14 3 4
8 24 8 13
22 17 27 13
20 38 25 35
17 39 1 7
29 46 36 40
41 18 10 23
31 11 2 49
12 38 28 5
36 6 38 38
0 26 42 0
26 40 5 36
26 6 32 36
25 10 36 38
48 23 35 37
40 8 4 24
35 39 30 4
13 32 7 27
41 17 6 14
25 11 37 3
7 11 21 6
22 14 33 34
40 26 36 12
33 26 37 7
47 21 13 6
25 17 35 2
9 19 2 14
26 6 11 8
9 39 33 39
33 13 1 14
7 21 1 0
10 44 7 49
18 34 0 7
3 19 15 23
0 25 31 36
6 33 37 39
49 14 35 4
31 27 26 2
8 11 32 32
7 29 30 33
19 18 33 6
24 23 34 35
25 26 33 37
45 18 32 37
13 16 28 35
44 32 34 39
44 7 30 41
11 47 18 15
25 41 2 20
30 11 9 13
40 12 18 40
29 35 39 12
38 41 4 10
29 32 24 3
5 30 45 17
11 41 19 11
32 22 40 9
31 28 28 48
34 21 38 36
41 13 4 39
27 13 25 10
15 17 3 15
35 39 39 47
34 23 39 9
2 16 34 32
7 24 40 38
48 40 12 13
41 30 34 33
13 13 20 4
6 33 39 2
27 38 38 3
28 36 27 16
39 20 19 4
29 31 49 34
33 28 11 8
35 33 3 9
28 12 16 44
41 42 36 4
32 18 43 6
35 11 8 12
31 28 25 36
15 29 47 40
14 38 5 11
45 36 10 4
41 32 35 38
40 24 8 15
31 8 40 29
3 31 40 4
40 29 9 11
40 31 33 1
2 7 11 24
11 37 31 9
34 33 36 20
33 30 35 10
9 26 34 41
34 42 19 37
49 23 7 30
36 30 32 41
