50 90 15705 800
41 31 29 32
21 40 44 34
26 43 16 9
42 26 16 9
18 43 15 11
34 31 32 37
48 27 22 27
21 40 22 10
28 36 4 21
14 49 26 9
37 35 20 30
23 35 22 10
42 36 22 19
13 43 18 25
17 23 10 17
10 24 37 21
26 44 25 9
24 43 16 1
31 14 19 21
34 42 31 26
5 6 17 1
14 49 29 14
42 40 41 18
32 34 18 10
7 41 23 10
46 46 22 28
4 37 18 23
29 35 26 4
26 9 25 25
37 30 22 6
18 31 22 19
7 31 41 31
30 26 14 6
47 49 17 13
0 9 26 14
23 8 36 34
2 43 21 16
35 32 38 4
30 47 16 17
8 10 34 14
19 48 20 12
27 47 42 26
16 44 19 6
31 36 18 18
20 44 17 12
14 46 39 23
21 39 26 5
8 25 22 37
24 40 18 22
46 31 46 42
26 31 19 18
46 16 19 8
22 38 23 16
0 35 31 29
36 42 31 19
33 34 20 12
5 38 28 13
13 43 21 6
3 42 15 26
7 39 28 14
13 42 36 4
23 28 15 24
16 32 21 19
28 47 22 19
38 20 21 25
27 36 39 20
30 37 17 12
38 48 19 29
24 31 18 23
40 34 18 11
33 19 18 22
11 33 25 16
28 43 17 24
31 27 28 10
16 46 30 24
4 38 18 3
25 35 27 40
32 34 35 22
28 39 33 14
43 30 20 23
1 42 22 24
9 43 17 22
17 38 9 35
36 33 31 21
10 34 28 26
9 42 21 44
13 21 21 9
41 41 23 27
27 34 45 18
17 29 25 10
