50 189 18202 800
24 34 1 23
42 21 6 16
37 3 2 16
5 17 29 4
12 9 2 16
43 28 35 19
34 31 12 12
33 9 3 17
29 34 13 23
38 33 0 22
34 18 13 10
12 15 3 24
22 2 32 6
47 7 8 29
28 25 0 11
9 9 2 20
7 14 1 13
42 24 31 21
37 32 26 6
38 31 7 19
20 17 42 23
43 5 0 20
30 35 7 15
24 44 19 4
7 2 39 23
8 11 38 20
49 11 34 13
33 11 0 20
15 9 9 20
30 34 38 5
30 33 5 22
48 34 3 18
35 22 36 6
3 3 0 25
24 32 6 21
9 10 11 21
26 27 3 28
35 31 27 6
26 17 2 34
27 13 21 7
19 17 5 21
5 26 16 28
5 11 5 28
30 23 7 20
1 7 0 19
15 14 1 13
5 3 28 6
44 14 10 21
26 40 9 24
25 4 22 17
2 6 31 4
3 9 17 4
44 0 1 27
16 5 27 39
33 31 8 23
29 24 35 21
33 38 13 18
34 34 10 31
32 31 11 14
7 4 8 21
34 31 6 28
36 17 11 37
32 29 4 13
19 19 34 21
10 10 4 26
28 28 2 26
27 35 35 40
33 41 38 20
8 10 5 22
3 3 8 15
5 10 20 1
35 0 0 21
4 9 3 25
33 39 40 22
5 2 2 22
29 5 34 23
10 7 5 22
8 14 2 18
38 38 3 18
36 30 12 18
11 18 2 39
30 32 19 3
33 5 28 6
25 10 1 29
5 10 25 4
28 38 4 21
7 0 13 20
4 1 3 15
32 30 0 16
31 31 36 20
13 11 25 5
27 28 24 5
48 14 36 26
26 23 6 20
30 15 6 10
29 34 3 33
9 7 35 21
6 3 12 7
36 35 11 28
5 8 5 21
5 4 1 21
40 22 13 24
39 3 18 3
23 5 35 17
27 30 21 30
49 10 39 23
12 11 24 15
9 10 2 19
47 24 3 25
3 3 6 25
27 28 20 11
1 16 23 3
15 24 2 21
8 12 5 24
8 2 5 24
34 8 6 21
33 10 4 20
8 13 10 30
47 18 3 23
49 21 0 22
26 39 2 23
11 6 48 27
11 5 14 19
14 15 48 34
34 17 35 21
29 32 1 36
34 2 17 12
34 31 29 3
36 35 17 31
23 10 16 31
33 36 34 24
46 10 12 29
4 4 22 2
12 6 24 22
24 10 0 20
29 13 14 12
30 35 18 16
9 16 8 8
1 11 7 22
37 26 2 25
35 21 2 29
32 35 6 27
28 38 14 14
1 12 5 17
11 10 2 29
29 1 6 24
36 26 7 5
30 34 22 8
2 12 6 20
16 1 11 33
3 9 23 8
29 37 3 18
12 5 11 18
7 14 4 28
42 23 24 6
29 27 22 13
49 22 4 13
6 6 8 18
3 4 38 4
37 23 6 19
34 33 11 21
16 21 9 24
30 33 0 16
2 7 35 20
27 22 5 17
28 24 44 42
9 12 28 5
29 15 22 7
40 39 39 16
16 10 16 4
41 43 0 15
14 9 0 17
10 4 8 23
40 32 49 33
15 1 3 15
32 36 39 36
9 11 10 20
11 14 11 23
4 8 5 24
40 38 1 19
28 33 6 21
22 6 5 29
31 40 7 11
37 12 16 4
34 24 35 20
45 14 23 6
5 10 38 27
22 34 0 22
36 9 33 20
