50 126 18951 800
48 34 9 16
44 29 25 33
38 21 12 35
46 45 27 11
43 46 11 19
44 44 33 24
48 39 16 3
41 15 4 31
35 8 31 45
48 43 5 9
43 41 8 22
31 11 18 0
42 44 21 6
45 33 18 27
41 14 5 4
45 30 5 5
16 10 24 36
22 16 46 4
30 0 14 25
45 35 22 23
43 34 26 46
35 49 35 42
43 1 24 18
37 42 40 49
46 38 7 22
38 37 25 45
40 4 12 24
46 12 30 46
42 10 18 30
41 15 40 47
45 18 22 2
44 9 25 15
47 31 28 39
45 15 20 6
42 4 20 3
41 16 4 11
38 33 16 5
13 14 27 22
38 48 2 24
33 20 14 37
47 4 23 5
40 38 26 2
46 35 28 4
26 39 2 16
15 16 16 5
41 47 23 48
45 6 21 4
43 18 20 24
43 30 25 49
29 6 25 9
18 4 24 49
29 6 25 49
45 16 20 13
29 13 22 5
17 15 10 37
21 25 4 12
45 2 26 12
42 5 28 48
45 46 19 7
49 37 19 36
46 15 22 8
45 16 19 8
36 43 17 7
12 7 40 1
41 6 24 22
26 2 14 40
35 0 17 8
38 9 5 17
44 30 21 6
24 9 28 10
38 12 30 41
26 1 21 0
34 3 43 2
38 47 16 15
4 29 18 6
44 18 20 45
47 38 27 43
38 42 26 49
24 0 11 32
45 5 31 45
28 16 23 7
47 30 26 12
41 43 24 1
44 11 23 6
24 12 24 7
37 7 19 8
27 17 21 35
40 3 6 19
45 12 23 16
41 39 42 28
45 39 38 3
44 12 27 25
44 48 5 22
46 19 28 44
41 17 21 48
41 36 8 6
34 42 17 36
18 9 20 44
25 0 27 49
47 16 22 5
27 24 0 37
39 47 32 49
34 22 18 24
47 37 23 4
26 10 35 46
35 24 12 42
49 27 26 15
40 36 32 2
49 26 6 16
29 27 20 5
28 11 33 8
41 37 28 2
43 16 20 21
38 5 30 49
48 10 18 4
42 4 19 37
46 16 19 6
45 13 27 48
21 8 26 47
48 47 35 40
39 24 6 8
42 14 39 44
45 17 35 3
33 12 24 4
43 38 31 11
45 39 17 8
