50 190 17533 800
36 35 47 21
13 47 27 36
13 2 18 3
42 44 37 25
37 15 25 21
45 8 7 41
19 14 45 2
3 31 39 13
42 29 15 48
17 28 28 18
3 21 8 18
23 29 13 12
46 48 34 14
39 32 28 35
16 27 0 7
46 25 16 14
22 37 45 34
9 28 30 14
17 14 8 28
13 20 39 26
38 33 23 11
6 27 40 17
40 40 26 0
28 28 34 40
13 21 5 38
2 35 9 48
47 45 42 38
43 18 4 41
4 35 31 20
37 3 46 9
48 42 8 18
13 35 30 36
31 45 13 34
18 48 18 30
29 25 1 39
44 31 36 46
21 37 36 34
49 45 17 21
47 42 14 25
22 36 8 10
41 29 25 48
20 25 18 18
19 49 19 35
24 45 16 0
5 26 10 17
17 9 8 17
47 45 47 5
3 30 37 36
36 28 0 33
48 29 17 0
49 47 24 38
46 44 14 28
44 31 20 10
27 2 31 31
40 5 22 23
2 31 20 15
37 25 10 26
29 30 1 40
48 47 31 22
24 39 5 18
48 47 20 45
17 24 46 43
46 27 24 24
22 28 38 10
9 32 27 10
34 11 25 45
7 29 33 38
34 36 14 11
18 34 45 15
34 11 15 28
42 21 20 14
9 6 19 8
12 24 12 7
24 40 19 37
41 31 20 40
8 35 13 12
11 0 26 22
9 27 6 5
5 37 19 18
29 26 24 49
25 40 7 42
47 47 12 30
15 8 30 28
13 47 32 20
49 41 36 43
18 28 32 42
47 45 10 45
47 44 17 4
11 33 30 34
16 9 30 28
46 45 32 48
38 34 26 11
14 47 13 24
29 22 27 45
39 25 0 17
6 23 3 36
47 11 48 23
5 27 40 17
8 29 16 21
16 33 19 10
39 32 43 2
3 27 25 23
38 31 44 39
33 35 47 18
49 45 18 17
48 46 13 9
28 44 35 33
31 21 20 41
49 47 31 9
19 32 6 17
11 26 5 11
13 16 33 9
45 43 15 36
3 25 11 8
39 27 4 38
10 32 39 22
11 25 22 28
10 29 33 21
12 41 21 10
16 26 23 27
31 43 27 25
42 3 7 19
36 40 16 44
2 29 20 34
26 31 18 25
17 7 10 49
46 46 25 37
40 7 17 29
15 24 19 22
47 47 40 47
49 45 16 1
41 42 1 36
30 32 15 2
49 39 1 40
42 32 30 27
9 28 9 11
8 33 36 19
42 34 10 34
25 22 7 22
6 28 9 36
37 1 21 7
26 34 18 20
42 36 8 4
0 25 5 31
34 28 36 13
22 42 1 8
45 48 28 20
31 26 34 38
47 45 13 47
23 38 14 49
49 24 23 18
45 12 22 1
37 36 13 7
43 44 6 12
47 48 23 15
49 48 49 36
13 11 14 5
19 7 12 14
18 2 23 15
5 29 16 18
0 28 12 32
49 44 26 43
43 32 5 18
3 24 29 40
26 27 46 5
14 20 24 30
5 46 8 10
46 16 15 35
19 42 35 26
26 44 2 46
33 22 21 23
10 27 27 38
48 47 24 7
48 35 15 8
20 23 15 23
44 10 21 10
29 4 35 15
33 32 47 34
6 28 30 3
16 29 18 17
29 33 18 20
33 34 7 26
42 40 24 8
43 14 12 44
3 34 34 37
13 27 5 42
47 48 9 36
39 26 28 31
24 49 33 15
7 22 19 20
