50 397 18093 800
39 30 37 8
48 22 37 7
44 5 36 42
44 34 13 36
17 33 34 7
16 6 37 43
24 27 20 49
3 15 46 18
43 37 39 42
16 23 18 17
9 27 10 36
22 22 39 9
34 10 39 46
29 6 31 20
9 31 6 27
30 23 1 33
46 5 1 41
47 17 21 6
17 5 16 41
16 9 36 47
40 37 31 30
16 21 38 5
15 14 17 34
38 32 39 46
41 33 25 36
6 18 42 42
42 35 22 9
38 38 37 9
37 10 34 39
39 36 36 49
44 32 17 15
0 17 25 41
41 35 43 10
42 32 15 17
11 22 15 38
13 37 7 31
39 27 13 26
39 32 12 47
41 35 44 33
35 35 43 49
39 34 41 44
48 25 12 49
19 9 40 10
40 37 40 11
38 32 42 37
28 29 29 37
41 30 5 32
40 33 31 31
39 33 11 34
46 11 34 34
40 38 36 8
43 38 6 12
4 10 18 14
36 34 44 39
14 26 40 48
48 10 40 9
3 27 29 18
2 17 38 11
45 17 35 5
27 28 19 46
7 41 27 39
43 24 38 41
48 9 36 10
9 32 36 10
24 27 40 44
36 25 39 9
40 10 13 43
40 7 36 9
37 18 2 39
32 18 15 17
41 19 23 48
3 26 39 48
33 19 21 48
39 35 47 34
32 20 38 47
4 31 34 22
49 4 39 34
42 35 15 37
35 18 33 41
43 44 39 5
39 37 38 47
22 4 19 30
15 36 36 42
20 21 20 15
39 34 38 43
43 13 17 44
14 29 28 46
39 35 27 1
45 38 39 45
9 21 17 42
5 41 46 16
40 39 37 9
30 26 39 49
0 39 31 1
27 25 40 10
24 24 43 6
43 30 41 8
40 34 39 23
38 38 10 42
0 40 36 38
41 34 34 46
43 13 30 3
38 33 26 23
7 29 42 18
30 10 30 15
11 11 8 17
40 34 34 44
18 12 36 12
12 1 38 46
9 30 14 48
2 34 39 6
41 35 20 33
40 35 17 47
36 43 15 33
37 17 8 41
29 14 29 39
35 43 36 9
40 36 8 47
43 36 24 41
41 38 7 39
13 17 9 33
37 29 36 48
24 33 36 3
36 35 42 38
1 32 37 48
41 35 40 47
29 29 25 16
45 34 16 33
5 18 18 8
37 34 1 29
40 4 42 48
39 11 24 35
9 29 14 42
27 19 6 39
5 36 39 7
49 12 29 43
14 33 3 47
42 33 38 9
39 35 1 48
14 21 43 37
38 14 39 9
47 16 36 5
11 41 30 28
46 25 38 4
31 10 16 42
43 37 21 19
31 18 32 36
26 18 36 6
39 36 36 3
20 28 13 37
10 27 40 48
39 4 41 8
41 18 33 33
38 32 4 25
44 43 42 5
42 37 39 9
7 36 33 48
3 23 37 9
19 27 41 11
32 19 45 5
18 13 42 7
10 32 15 31
4 11 37 0
36 33 30 49
42 39 30 44
3 35 35 10
44 32 6 34
44 29 10 48
20 35 39 5
48 23 30 47
41 39 39 45
41 40 38 45
14 26 31 38
27 12 36 42
47 37 10 46
4 30 39 9
45 20 6 36
45 36 14 42
8 21 12 49
32 18 44 6
15 10 30 11
40 20 22 38
37 32 24 12
21 24 26 31
14 21 37 10
4 6 40 7
40 49 18 35
37 12 38 46
41 20 24 42
17 4 35 2
38 34 47 36
0 27 27 16
11 35 36 45
14 42 25 21
9 30 36 48
42 32 32 47
28 27 38 9
40 25 14 40
45 37 39 43
24 19 42 22
40 0 16 49
26 21 40 33
45 37 29 37
42 39 12 37
10 35 8 26
33 36 35 7
18 20 4 38
40 33 38 4
45 39 37 37
34 12 11 41
38 36 42 4
22 29 30 22
13 28 36 8
38 37 24 45
28 22 4 44
21 28 36 35
44 5 18 39
45 9 18 41
40 35 30 6
14 0 35 7
20 33 39 10
38 9 9 37
11 20 4 13
1 44 35 3
39 35 34 6
41 17 35 7
36 26 39 47
39 9 36 7
28 31 10 7
10 20 12 34
44 17 10 37
28 25 39 24
21 26 8 44
40 35 8 4
26 16 13 43
46 17 38 44
46 2 31 27
36 13 37 8
44 38 35 13
42 36 29 46
41 38 37 35
16 14 41 44
15 23 42 17
36 29 41 0
37 6 29 21
10 30 32 1
14 33 25 45
41 40 44 38
39 33 37 3
17 29 36 39
13 30 38 7
23 48 40 47
47 33 39 5
17 33 37 42
43 24 22 38
38 36 44 39
42 37 21 36
11 43 19 31
7 22 2 34
18 23 4 47
14 17 34 14
13 14 38 7
20 24 36 45
44 34 17 44
34 29 22 39
14 15 42 10
0 26 35 14
17 31 35 47
18 19 15 47
48 4 44 22
1 44 19 28
14 27 27 33
45 35 33 44
16 27 15 38
40 34 16 38
26 10 43 47
27 38 35 9
6 21 40 46
48 27 25 38
36 3 35 41
38 40 37 46
38 34 12 41
38 37 37 47
7 26 14 44
37 23 41 7
42 32 1 48
35 36 44 41
39 36 36 41
22 38 10 32
38 37 5 48
9 18 11 41
41 17 40 10
19 39 16 43
14 28 4 29
37 37 9 18
49 17 39 2
48 8 14 47
13 12 34 46
17 27 42 5
48 36 41 8
42 31 43 7
10 34 28 40
35 33 38 4
20 23 37 11
43 14 38 12
34 36 14 33
10 46 39 9
17 44 43 40
31 16 34 19
37 19 38 3
19 30 3 36
26 8 42 39
41 40 33 25
30 4 20 24
17 29 32 43
43 28 42 10
42 14 13 47
43 32 40 10
38 17 37 7
48 14 37 2
1 20 15 15
40 39 39 8
43 35 36 46
44 35 30 32
14 23 27 39
25 17 40 13
40 37 32 1
20 25 36 44
30 25 11 41
43 37 38 5
26 24 34 26
38 33 35 47
14 36 34 46
23 34 33 14
6 38 39 45
9 16 23 28
40 34 4 35
13 32 41 6
38 33 34 11
14 25 37 2
0 21 49 15
8 25 25 44
7 36 20 17
41 37 38 4
20 29 10 38
9 29 8 36
11 25 40 13
36 7 38 11
43 33 37 44
1 11 34 41
19 45 37 2
29 23 39 40
31 8 24 44
12 37 38 7
8 37 19 42
37 40 40 9
10 4 32 4
38 35 37 10
44 37 20 19
45 18 13 32
36 18 39 48
17 34 4 43
3 28 39 41
34 6 8 31
40 11 7 34
13 33 6 37
34 40 42 34
34 8 46 33
41 35 37 11
25 17 33 7
45 28 14 43
44 32 35 49
31 35 40 10
41 38 31 0
47 7 11 31
46 1 39 7
44 37 32 44
21 17 19 38
46 5 37 6
45 33 13 34
38 35 29 2
47 0 39 46
41 38 5 43
41 14 21 35
30 18 40 6
39 34 16 47
13 24 33 6
36 35 15 49
16 20 45 4
44 18 36 46
18 23 35 3
10 20 8 38
38 40 35 9
1 32 10 42
10 24 2 41
8 7 40 46
43 36 19 23
