50 1271 18519 800
49 24 2 46
27 0 41 27
27 26 36 14
22 10 9 18
2 12 10 10
10 32 4 0
27 16 2 10
23 30 12 29
14 29 32 41
42 9 37 27
35 43 23 29
25 41 28 7
1 27 29 49
3 47 30 39
4 28 24 44
34 15 1 38
18 12 9 42
30 18 38 44
3 47 28 43
32 15 34 26
44 27 19 37
10 22 17 20
26 22 15 4
27 12 17 36
42 32 41 42
5 36 39 36
32 36 15 7
5 31 41 18
0 47 14 4
26 19 11 45
24 11 28 26
0 47 17 13
10 16 10 4
48 33 22 41
7 34 41 35
3 30 41 1
48 24 6 48
14 39 27 24
5 40 26 35
36 20 2 19
16 16 46 32
25 18 0 40
16 23 17 30
21 20 30 8
12 29 6 32
14 32 11 22
20 42 39 31
23 11 22 41
36 16 24 16
22 14 23 6
9 3 36 31
9 31 13 10
47 26 16 27
20 48 16 42
26 13 15 18
15 25 21 36
26 4 28 25
11 39 10 16
16 19 33 28
12 32 21 25
0 43 21 26
40 24 4 35
11 30 26 29
13 39 20 2
7 11 20 25
44 42 10 5
6 23 22 49
48 28 3 29
6 42 32 6
40 37 36 43
45 19 8 40
29 20 27 40
48 22 23 17
7 7 23 44
29 15 36 15
20 29 44 39
2 41 23 34
9 43 29 23
25 7 36 33
22 16 35 43
1 36 11 47
45 38 8 37
29 21 3 36
16 46 37 20
7 16 16 6
17 24 24 44
31 11 27 42
26 36 46 40
44 26 23 4
48 29 20 45
48 23 5 22
47 27 35 30
14 21 11 17
10 19 7 41
13 31 17 42
10 10 4 34
26 23 30 31
32 15 24 11
9 49 27 39
46 32 21 9
27 6 14 18
6 15 30 16
4 17 35 19
29 2 25 22
40 42 23 29
14 33 26 5
17 46 33 38
7 18 20 44
25 49 31 12
34 17 23 1
29 19 41 43
17 23 31 26
23 13 35 28
2 15 24 45
23 25 21 3
31 7 36 32
25 7 46 33
5 36 23 28
32 17 5 0
14 7 18 5
22 47 18 43
6 18 33 27
44 25 37 17
46 28 4 0
28 32 12 5
2 46 15 13
21 22 18 32
35 32 11 6
13 26 28 3
3 47 2 32
4 41 10 6
2 13 34 29
9 22 21 18
49 25 9 18
6 15 43 35
3 23 19 34
48 42 13 38
6 38 21 17
15 33 30 39
41 37 39 42
25 13 19 5
25 21 15 16
30 12 5 24
37 44 16 39
5 29 41 37
40 23 24 13
17 9 9 9
14 11 27 33
25 11 39 29
32 22 26 45
30 29 40 36
10 33 2 32
10 34 32 33
31 3 29 12
16 9 32 35
35 14 18 47
19 8 16 27
13 41 27 26
14 20 19 5
40 14 10 28
2 26 8 33
4 17 24 28
21 6 32 27
17 47 7 6
8 40 24 40
25 20 27 32
42 26 45 38
22 5 14 14
48 28 20 11
46 28 2 4
16 43 39 31
14 16 25 28
4 28 31 40
9 22 20 40
9 39 7 13
24 23 42 33
10 23 28 24
45 23 36 33
6 27 14 14
20 6 35 0
17 26 24 12
28 38 13 41
31 33 13 45
16 20 32 22
31 16 6 15
20 23 18 0
28 25 36 28
16 25 35 33
33 12 6 40
32 4 1 6
13 3 15 26
8 27 36 47
1 0 28 36
30 25 30 44
34 43 21 20
7 43 33 45
18 6 13 33
4 27 33 39
8 28 6 39
22 16 28 34
3 41 16 12
0 17 8 3
21 15 18 29
19 15 43 41
19 8 28 10
6 35 11 40
1 39 3 25
0 25 14 10
0 48 4 29
20 14 24 3
30 12 5 21
30 17 9 20
24 13 37 42
13 37 20 39
10 12 36 38
27 10 8 23
8 32 19 20
48 24 32 28
21 49 36 24
26 18 4 25
0 19 42 23
44 32 9 0
47 26 24 28
31 14 30 35
48 31 42 34
44 22 28 42
38 20 29 44
15 31 22 28
23 11 3 26
17 32 7 39
21 44 23 21
26 5 30 24
34 5 46 43
31 28 21 27
17 11 20 6
31 18 2 0
13 10 6 41
17 12 11 20
44 25 3 5
8 32 10 9
44 26 40 43
3 35 23 49
1 24 3 6
6 27 41 40
0 35 47 47
21 18 35 39
25 13 29 29
5 36 35 42
2 24 11 10
23 33 33 44
18 16 46 38
0 7 23 12
1 27 21 34
21 5 12 44
3 36 18 30
3 16 25 24
24 11 5 31
47 20 22 34
33 45 9 6
41 24 39 18
15 18 14 12
35 5 8 32
6 13 41 42
7 30 15 31
1 42 12 20
16 40 28 37
13 35 18 22
21 15 8 8
7 44 8 0
14 30 47 31
28 13 25 37
7 27 33 46
22 13 13 45
11 27 15 16
10 21 46 28
4 8 36 34
28 7 31 40
34 0 20 46
19 17 33 37
12 30 1 20
2 38 25 42
21 30 36 11
38 16 23 39
19 3 48 43
25 9 26 37
33 22 11 13
40 41 16 33
5 30 48 28
24 6 15 34
13 40 14 5
20 7 11 45
2 35 28 32
41 23 10 17
25 19 33 26
1 49 27 7
24 3 18 32
0 14 14 35
5 38 34 34
5 18 22 35
49 24 9 44
18 44 30 46
44 48 41 39
26 2 31 3
46 33 31 42
6 20 24 8
23 2 29 37
5 43 15 38
17 26 39 42
7 29 41 32
36 9 20 0
43 27 40 44
13 36 48 25
48 28 28 33
49 31 27 44
44 26 27 42
14 40 5 1
6 45 14 6
20 10 20 42
29 19 14 11
48 32 7 25
2 24 17 8
1 27 30 27
6 31 10 46
13 33 19 32
40 15 20 1
0 24 17 28
10 26 21 26
48 26 28 21
37 39 20 29
28 15 23 18
28 20 16 16
34 31 26 43
6 32 6 10
5 48 14 43
5 11 46 41
3 31 17 2
21 20 10 19
42 28 0 46
10 26 10 20
29 20 13 35
27 20 28 29
4 30 26 34
36 20 17 28
37 31 15 12
21 27 15 1
19 10 20 38
47 33 31 47
19 20 7 19
10 23 29 46
34 18 17 23
27 10 19 25
47 33 6 6
15 32 9 13
19 6 23 42
8 36 23 4
9 44 28 38
44 37 28 30
20 31 22 41
21 5 23 16
29 18 23 36
9 47 43 38
31 11 6 39
46 22 17 7
27 13 23 41
38 40 9 7
3 26 25 28
28 10 21 38
37 11 21 39
20 16 6 18
0 35 19 15
19 10 34 34
3 45 20 49
23 37 21 30
27 6 25 38
28 9 20 32
5 30 28 33
24 23 13 33
4 19 0 21
18 11 24 41
8 32 17 43
13 10 13 0
31 5 27 35
9 13 0 40
36 24 4 11
0 13 7 11
9 30 20 7
8 26 18 42
12 35 8 14
18 40 26 11
12 29 25 13
46 31 13 23
8 37 19 29
38 12 2 12
16 20 26 33
24 17 8 34
5 36 46 34
35 12 24 1
46 27 22 34
25 14 40 37
6 36 27 38
43 48 25 6
32 3 40 23
40 40 11 45
27 14 28 2
25 8 33 10
9 44 21 6
18 16 13 48
0 31 21 31
12 26 20 39
4 37 8 14
19 43 25 35
9 25 15 24
2 7 24 28
9 28 45 17
8 44 33 30
29 43 33 16
14 18 21 6
16 28 10 37
45 29 40 16
19 3 46 31
18 48 13 40
4 27 15 49
16 36 43 35
8 37 39 36
0 23 38 20
1 31 30 0
23 11 21 45
20 16 39 40
14 19 13 48
16 38 40 31
36 9 13 49
10 25 9 29
39 39 21 21
8 38 23 35
2 33 25 42
15 38 9 31
38 48 32 39
18 10 21 36
8 3 23 23
4 47 11 43
45 26 24 5
9 34 13 32
24 37 23 33
16 8 28 26
15 37 19 4
24 16 22 37
20 10 32 37
26 19 9 29
3 38 38 26
2 46 28 29
22 14 49 38
9 27 44 35
22 14 22 4
47 29 26 31
28 8 34 42
32 13 12 17
15 35 9 15
11 33 17 32
21 49 37 24
15 19 33 32
3 23 24 11
22 34 18 31
42 28 37 45
46 28 3 43
45 26 21 16
32 19 27 23
12 2 11 39
20 10 10 32
49 27 14 31
21 22 27 33
5 30 16 34
22 22 10 46
44 26 49 33
0 27 30 34
30 22 14 25
26 13 7 11
24 9 13 35
3 49 38 25
8 11 15 29
20 35 31 38
47 25 40 31
4 25 10 23
6 27 18 37
14 13 12 46
7 25 26 17
4 33 37 38
29 18 29 41
44 28 26 49
14 14 37 29
5 11 32 41
47 24 34 28
0 31 49 40
4 12 18 23
11 30 15 23
35 9 10 37
29 32 25 40
23 21 6 0
44 28 11 2
22 26 25 39
28 42 19 26
27 12 21 10
31 22 19 15
47 25 25 38
1 28 15 18
5 29 31 34
2 32 24 19
11 37 14 32
22 10 38 32
42 33 13 34
46 28 29 27
2 30 14 29
5 33 9 40
18 27 10 11
33 8 29 44
23 13 32 33
9 13 4 47
38 36 34 24
45 27 36 36
27 29 4 10
8 31 20 0
13 17 28 36
3 30 11 7
24 5 15 5
22 29 6 22
18 30 17 7
48 27 4 27
1 25 23 40
12 33 30 47
23 23 11 23
28 17 2 42
8 28 44 48
2 16 14 2
14 13 11 39
1 19 36 33
21 4 42 49
20 10 21 5
3 13 15 22
31 31 6 37
27 28 36 29
10 23 6 31
22 20 41 20
9 21 11 5
21 29 17 34
23 6 32 4
32 30 42 47
9 27 32 30
28 3 12 46
8 24 16 11
0 4 21 1
20 37 22 9
48 34 27 36
16 28 35 38
7 26 22 14
0 26 13 15
23 5 16 5
0 24 17 18
48 35 11 37
15 23 27 24
14 23 18 33
12 22 14 8
10 6 44 38
19 20 46 29
2 43 23 36
20 35 28 4
28 14 20 46
26 3 17 38
32 7 37 36
5 31 38 32
34 13 5 24
4 16 26 16
48 31 20 22
41 36 25 41
3 3 32 39
2 33 15 44
41 26 20 27
6 32 27 17
28 10 24 46
16 12 46 41
0 46 8 23
15 27 15 1
32 6 33 37
7 34 26 17
8 47 14 24
14 7 36 45
28 8 44 39
21 9 29 39
6 26 3 28
15 41 28 37
5 27 19 28
36 31 19 4
10 48 3 48
12 28 17 27
18 6 35 27
3 10 14 42
2 24 21 37
3 41 36 36
5 31 28 33
6 27 42 36
48 26 32 33
33 7 28 39
6 40 32 37
9 46 40 35
2 36 14 40
9 32 29 29
5 39 30 28
6 35 28 39
14 17 27 46
14 9 25 29
12 22 2 25
28 5 4 40
21 17 19 48
24 9 10 29
45 3 29 24
3 13 6 6
27 20 36 40
27 43 11 38
2 39 27 4
11 20 5 37
4 23 23 29
10 37 20 30
47 30 15 25
29 7 3 6
15 40 28 45
34 20 44 36
23 25 15 18
1 25 8 42
44 24 24 45
18 11 8 32
25 0 31 28
17 13 18 28
49 30 18 14
4 45 17 47
31 15 46 21
27 11 18 3
28 9 14 39
25 14 10 34
11 11 11 18
12 15 14 28
11 43 34 31
33 15 13 12
27 30 23 7
10 29 21 19
6 29 9 48
5 27 31 30
19 7 26 40
22 10 26 23
11 14 31 32
7 10 20 45
0 24 41 41
15 4 33 17
31 23 23 49
14 32 20 10
21 13 33 44
16 35 5 29
38 27 14 48
47 41 14 11
47 42 14 13
11 34 13 44
4 31 1 29
0 30 26 36
8 9 22 20
12 19 14 44
14 37 35 29
7 0 26 49
4 29 32 33
16 8 19 34
32 4 5 9
25 6 32 22
30 6 23 10
6 13 25 30
43 27 17 37
26 19 20 32
28 7 2 47
21 14 42 47
30 2 9 30
0 25 49 28
5 36 10 31
11 28 33 39
22 41 25 14
16 24 27 29
45 29 41 37
43 45 4 10
4 46 30 34
42 26 36 28
30 5 1 36
30 3 26 22
34 38 12 48
19 19 16 37
49 27 17 47
20 9 29 42
27 1 38 34
17 4 24 16
17 40 32 10
15 38 6 22
9 34 24 14
13 14 4 25
6 12 34 41
38 41 39 12
30 16 34 37
2 22 9 28
20 27 31 22
39 12 34 37
14 37 30 26
35 11 42 36
47 24 27 38
8 41 39 33
23 16 21 29
28 20 10 18
39 17 9 4
19 22 20 7
21 24 2 16
12 5 14 23
42 11 34 37
19 23 18 46
7 24 32 31
2 26 33 17
2 25 10 41
1 17 46 32
35 17 19 47
11 37 1 39
2 48 7 3
5 33 17 38
30 12 32 26
23 13 27 36
5 14 18 34
35 20 20 32
3 22 10 36
22 13 0 45
4 38 32 31
3 34 27 42
41 48 18 19
11 23 18 14
48 27 35 39
46 32 2 38
22 23 9 24
47 31 3 44
21 6 30 29
35 15 7 43
24 6 26 31
27 7 25 40
46 27 7 21
49 26 0 15
11 16 31 28
23 31 19 40
3 20 18 21
12 6 7 14
30 25 24 13
5 39 27 5
43 35 30 6
8 47 33 47
20 27 44 39
36 14 15 9
46 24 17 5
34 6 31 31
12 36 19 23
37 28 32 22
39 7 26 35
44 35 36 25
43 18 17 40
4 29 45 5
35 15 17 34
5 39 7 1
22 12 3 47
2 23 4 32
47 21 14 16
43 30 26 40
22 25 31 27
29 24 43 42
9 35 15 5
38 42 46 45
10 20 27 2
37 15 31 17
7 0 40 28
13 27 35 31
0 5 39 48
10 11 43 44
26 29 11 14
9 20 13 48
21 0 5 27
29 13 17 44
31 36 4 35
11 26 23 22
30 9 6 28
20 8 10 20
47 26 12 1
4 15 13 33
10 35 26 22
0 20 18 26
7 13 38 22
3 16 24 35
29 30 24 42
34 5 33 42
7 37 4 17
27 18 9 6
4 47 46 37
23 17 37 24
31 15 27 20
28 26 0 35
16 11 28 32
3 32 16 8
22 15 16 39
0 34 29 36
21 4 14 45
37 19 24 12
3 34 7 36
49 40 33 29
29 43 38 28
36 33 16 18
31 19 16 43
48 23 26 20
35 25 15 47
24 9 10 13
9 21 30 25
6 21 7 11
6 15 32 41
48 33 22 10
10 19 30 43
43 25 22 42
18 8 26 14
15 36 12 10
31 15 24 11
40 44 9 2
38 8 13 3
48 49 28 43
29 29 18 40
10 47 46 32
2 35 41 31
23 20 0 3
25 11 33 35
24 19 17 42
43 48 21 26
9 34 28 42
13 35 19 43
23 18 14 28
27 11 21 43
39 39 25 15
28 26 19 46
19 36 37 41
48 27 33 7
25 3 12 37
41 26 8 31
27 13 8 46
9 27 43 49
0 42 2 23
31 5 20 11
24 21 7 10
2 10 22 28
34 16 28 38
26 15 7 35
30 7 21 17
26 12 16 20
15 43 39 46
12 11 28 48
8 32 17 28
8 22 24 34
16 40 37 30
11 31 6 4
33 29 30 19
9 19 20 31
14 15 17 9
2 27 27 30
33 30 15 8
7 21 3 22
22 14 38 44
9 33 30 46
26 22 31 24
14 19 19 12
2 13 25 30
6 27 21 7
5 31 18 34
28 48 30 36
4 26 14 22
47 39 8 20
30 3 7 5
8 17 48 30
46 23 5 10
27 49 18 32
10 35 33 38
31 21 3 14
25 14 16 36
7 25 12 15
41 1 32 36
32 7 7 13
1 28 31 31
39 34 32 36
42 27 17 32
3 28 30 31
35 2 26 22
6 13 4 5
47 27 9 33
15 6 21 37
26 8 17 25
26 10 19 44
37 24 23 2
4 34 40 39
45 31 12 35
4 19 29 44
10 14 30 48
48 28 11 7
22 6 16 15
1 17 27 34
10 15 18 33
10 25 20 39
40 25 40 42
15 12 9 43
1 48 17 34
9 23 3 48
25 22 24 26
10 16 35 34
16 36 19 46
9 15 24 1
23 28 29 38
27 14 25 45
0 20 20 40
30 11 31 34
13 30 4 32
4 38 46 24
2 30 19 28
29 12 16 6
6 19 24 13
5 15 4 9
32 16 12 18
8 32 13 40
6 28 9 47
4 14 9 21
21 30 3 43
1 27 5 35
34 6 14 24
25 16 30 42
31 8 34 31
16 23 33 38
28 20 38 33
2 28 30 27
19 13 41 26
28 11 39 28
14 40 42 43
12 29 29 32
2 43 13 17
0 43 24 29
44 27 18 46
7 17 0 13
22 14 0 37
34 20 32 38
35 8 22 28
31 7 14 41
7 18 25 35
21 15 37 25
10 32 21 41
7 30 25 44
24 7 14 39
29 17 26 25
48 48 12 18
10 23 16 25
21 45 16 41
23 37 20 40
18 11 36 33
21 12 1 38
43 19 1 6
19 11 36 24
7 24 25 15
0 34 48 45
25 48 26 38
6 37 29 35
10 27 32 43
19 3 27 14
30 32 11 16
0 28 12 39
2 41 12 38
7 25 25 11
30 13 16 10
20 21 37 34
8 17 40 31
29 18 20 9
3 17 2 5
10 45 46 45
27 11 25 46
8 21 18 44
7 44 16 38
20 4 12 16
19 18 23 39
3 29 25 27
27 47 8 49
10 28 7 8
22 8 21 28
0 27 34 23
29 11 27 28
9 21 33 31
23 7 41 27
4 21 31 49
3 35 6 17
48 31 11 24
10 14 36 33
0 48 15 15
18 0 46 24
10 25 47 47
5 4 40 41
26 17 26 28
48 27 9 10
26 20 23 34
17 27 47 30
28 9 24 31
2 26 27 12
28 21 20 28
0 27 0 38
47 27 14 32
18 0 41 14
26 14 23 25
13 23 34 39
9 24 7 32
1 25 43 38
48 26 5 34
19 12 27 1
9 29 9 10
28 9 33 40
13 37 22 49
11 1 25 42
46 30 9 23
25 0 43 47
0 19 39 31
7 21 36 31
10 19 4 47
7 34 12 10
45 32 9 6
0 18 37 47
48 24 45 41
34 11 21 29
7 39 23 16
23 30 36 37
5 42 13 33
43 25 27 4
6 39 12 41
41 21 40 38
0 19 9 44
45 21 7 26
20 18 46 36
24 24 32 41
26 13 16 38
21 47 32 1
18 32 8 32
24 14 29 33
28 11 16 17
28 11 27 42
17 36 48 36
26 23 42 27
40 31 2 11
13 37 16 21
28 36 16 30
7 33 26 41
19 30 29 28
47 35 24 37
0 20 34 34
43 40 21 41
28 22 30 46
27 34 10 41
26 30 42 34
29 7 8 9
28 12 9 16
18 39 22 43
19 29 41 40
16 10 44 38
31 32 10 41
6 33 18 21
25 13 15 43
27 42 8 40
41 26 22 27
34 8 41 36
5 47 45 22
16 14 30 11
29 11 2 38
21 7 46 38
9 2 14 44
6 20 17 39
15 9 41 29
28 29 8 38
25 28 16 25
12 40 39 44
17 36 39 36
34 13 40 26
46 29 16 45
3 2 19 44
48 22 21 13
31 13 25 19
30 19 3 45
8 37 30 36
17 24 6 29
45 32 23 45
48 16 16 8
20 11 34 29
7 48 25 36
27 3 7 14
49 29 24 6
32 12 38 22
32 14 18 40
49 29 38 49
15 12 30 14
1 34 14 7
17 3 45 3
13 32 18 18
10 18 12 24
35 24 18 37
3 45 13 9
28 8 5 3
8 35 20 44
5 31 27 33
32 15 31 44
32 20 45 32
28 41 9 46
46 30 44 47
29 15 40 40
6 25 14 28
31 25 29 31
23 17 29 26
6 23 30 32
4 23 25 44
1 31 25 32
7 18 37 8
2 22 20 6
22 45 29 28
27 34 42 40
4 25 48 37
3 35 38 40
18 16 37 38
48 40 26 29
36 5 5 24
5 29 49 27
22 10 23 41
35 14 31 1
26 20 25 38
12 34 13 19
49 26 10 23
9 14 20 21
26 17 17 8
37 23 26 10
26 13 45 44
10 22 42 32
10 34 18 22
20 9 20 35
8 38 45 31
33 18 33 31
40 45 30 36
3 45 21 42
26 11 17 2
26 16 4 32
45 32 26 42
30 18 36 32
4 48 30 33
35 16 19 39
41 31 26 34
9 28 29 9
4 49 24 38
13 25 29 46
31 40 30 36
24 9 23 42
39 11 11 25
21 6 19 17
11 38 11 1
14 49 15 38
26 35 24 41
13 20 16 49
27 8 13 40
29 17 16 3
40 26 34 41
32 16 38 38
13 34 35 45
5 49 21 9
7 31 19 41
0 45 13 46
8 18 2 3
34 20 30 11
6 36 18 35
14 27 18 45
2 19 20 39
12 5 14 33
16 16 31 31
49 47 30 44
2 45 28 48
13 19 30 42
41 25 27 32
26 5 28 26
10 22 19 24
30 0 26 42
46 27 14 9
35 8 21 10
9 28 21 43
8 12 27 28
0 49 20 26
29 16 8 12
24 14 41 21
7 39 29 49
2 45 21 30
46 24 24 7
18 19 19 47
26 18 19 28
28 7 27 27
26 21 27 41
7 9 15 25
0 29 14 21
24 13 9 24
14 27 46 26
26 22 37 14
21 33 36 31
5 19 15 40
14 41 30 34
49 26 43 30
24 40 22 17
17 36 32 41
17 10 3 30
13 24 33 40
17 17 23 15
7 7 14 9
13 1 17 15
14 34 20 44
31 2 9 15
19 10 19 3
37 7 38 30
49 7 11 34
29 20 27 37
10 39 29 29
23 27 38 31
10 44 45 29
1 29 41 31
4 29 20 31
7 17 25 22
20 26 34 31
28 5 22 25
34 11 25 17
34 13 3 4
25 3 14 6
2 33 32 29
8 25 45 31
33 36 17 24
8 35 20 3
13 28 8 20
18 30 44 31
8 35 25 23
3 35 25 31
8 20 13 38
15 12 11 31
29 4 43 27
17 27 34 48
3 36 26 47
30 46 26 38
12 4 23 25
46 28 19 17
23 6 4 44
37 25 10 4
29 7 47 34
28 14 46 31
17 23 37 33
35 22 37 29
29 4 24 32
49 28 8 34
15 41 24 12
27 17 36 21
16 2 20 21
33 9 14 32
16 8 18 31
11 16 30 27
5 34 7 44
18 31 5 17
14 49 33 31
45 29 0 37
26 15 5 30
20 45 8 13
14 16 26 21
17 10 16 46
28 16 31 45
44 47 21 40
30 3 34 26
21 0 16 34
38 15 29 43
