50 223 13302 800
23 19 16 25
2 36 32 33
18 27 39 20
16 42 40 36
10 36 14 27
16 22 32 32
12 38 11 5
37 21 13 31
48 29 29 26
9 36 1 29
9 41 48 38
16 23 21 19
32 16 20 45
47 27 47 16
29 9 1 47
15 48 35 34
12 41 39 41
5 20 20 47
49 25 31 45
25 22 36 36
28 8 47 32
13 12 47 40
28 41 47 15
48 26 35 47
39 21 18 35
12 43 38 16
12 37 27 28
31 45 15 31
4 16 42 32
8 43 46 27
11 48 16 27
14 30 29 16
10 45 32 13
9 35 38 32
12 3 41 7
16 35 31 12
43 37 37 30
16 36 29 34
36 32 16 41
23 17 10 26
1 34 42 42
10 16 13 32
11 34 41 34
3 29 45 34
26 5 11 26
43 29 49 34
18 40 30 19
48 23 14 32
13 40 39 17
0 10 43 22
42 37 12 22
27 4 32 18
17 15 19 26
48 46 21 0
39 20 40 40
6 27 6 48
10 39 38 23
20 17 19 33
3 30 22 40
5 31 42 35
46 26 36 8
9 31 30 27
5 34 45 36
12 33 13 24
40 12 20 41
10 43 15 24
27 9 47 37
26 8 15 25
49 38 26 8
44 34 15 36
44 29 7 47
45 37 27 22
29 5 27 42
48 32 29 27
15 44 43 46
49 30 26 46
17 39 32 11
12 42 35 42
49 40 45 20
27 43 36 26
8 41 23 32
11 37 20 9
2 17 33 34
29 37 26 27
15 31 49 16
31 8 34 13
27 21 18 43
16 36 35 35
45 31 9 32
11 37 23 42
40 1 43 20
20 37 1 20
10 37 45 11
30 12 4 46
16 35 13 6
34 32 16 26
0 42 13 28
48 19 7 20
5 20 38 35
0 21 26 8
36 31 11 24
4 32 11 18
13 39 20 24
33 6 29 5
29 6 36 45
44 38 10 20
12 48 7 21
15 45 44 40
48 38 12 36
45 34 26 47
9 9 38 48
26 8 10 22
48 43 23 31
3 49 15 18
32 11 15 22
16 37 33 14
13 35 29 36
44 27 18 49
40 35 4 44
41 29 41 7
28 25 47 26
31 8 28 17
1 39 0 21
8 26 24 24
10 39 31 41
39 26 5 46
9 41 29 36
7 26 19 27
30 33 12 19
45 26 24 40
12 44 26 33
2 18 37 15
18 37 40 20
12 34 16 14
41 6 42 20
5 39 13 18
9 39 31 13
13 14 13 23
22 39 14 39
7 40 36 35
15 42 16 37
17 15 10 27
7 40 16 20
29 3 37 31
2 19 36 7
31 7 13 28
31 10 28 37
14 32 47 24
30 29 6 31
13 32 49 26
40 24 16 47
16 16 10 43
3 30 17 26
42 43 8 18
5 13 17 20
49 25 30 34
17 39 45 42
17 32 40 42
5 45 8 41
16 48 30 15
39 22 42 30
15 43 28 17
45 33 37 24
12 42 5 41
43 18 27 19
2 19 14 2
46 17 32 12
5 11 13 25
18 47 25 26
24 15 18 20
6 38 45 42
25 6 44 46
46 47 12 28
38 34 41 38
25 49 23 46
7 27 39 23
21 14 37 15
9 43 49 36
27 11 3 45
10 45 21 14
27 7 23 22
8 32 28 8
43 32 38 26
26 7 16 33
17 46 31 47
20 40 40 45
48 36 9 25
15 37 36 15
41 39 13 46
33 9 15 22
2 39 17 44
11 14 16 46
47 37 16 30
14 25 10 46
18 43 38 24
28 29 19 25
48 20 35 42
1 32 32 37
12 31 15 28
9 44 7 3
14 42 38 47
14 46 29 33
13 41 35 42
32 45 26 7
5 38 10 24
14 14 15 22
19 42 29 40
9 36 33 16
45 32 32 16
9 40 41 34
15 41 15 22
13 39 22 29
5 28 48 41
37 31 11 27
46 23 37 38
34 8 45 38
24 40 32 20
28 7 32 16
8 23 35 22
17 37 49 33
35 41 41 25
13 25 45 11
11 44 33 22
