50 591 19105 800
24 11 40 38
22 45 12 28
21 6 42 25
37 8 41 35
9 46 37 16
30 14 49 4
19 5 41 10
24 4 15 17
48 30 49 34
1 26 34 45
11 42 33 32
25 33 33 40
13 35 25 16
18 0 17 29
39 24 35 20
25 0 46 48
7 43 45 26
13 37 21 7
40 14 35 42
32 15 28 47
25 2 31 36
35 6 17 43
37 1 48 44
23 49 41 46
44 23 29 46
18 1 25 33
42 40 45 8
31 43 37 16
37 16 48 6
3 44 30 41
39 0 43 45
27 22 36 38
40 10 9 12
43 12 42 40
31 40 12 13
25 3 40 43
22 25 45 23
18 4 34 37
20 0 46 14
40 5 47 18
34 47 29 28
15 4 39 43
21 0 38 9
22 4 37 13
11 39 25 36
39 22 46 21
23 41 21 34
33 4 22 43
4 26 47 20
21 8 41 46
37 6 19 16
34 36 14 35
42 45 38 14
19 30 20 39
32 5 40 44
36 6 38 19
9 45 31 35
2 31 17 34
17 49 45 18
18 0 38 42
40 23 38 2
41 17 46 45
25 0 39 39
40 10 18 38
41 42 39 18
19 3 34 18
25 37 49 16
14 47 17 2
18 7 38 31
42 47 26 16
41 33 48 26
32 13 27 19
29 44 27 40
30 38 36 20
4 29 49 20
34 38 46 12
27 16 21 4
30 25 40 26
41 6 46 11
4 43 29 18
22 5 27 16
9 47 49 32
47 3 36 8
42 38 49 19
35 29 48 26
18 3 41 27
9 10 14 2
15 43 4 12
21 5 47 23
16 33 48 49
5 7 25 38
35 5 48 20
20 5 33 23
21 2 30 9
46 35 4 27
9 5 25 16
21 3 44 8
32 3 26 9
16 46 39 39
37 23 48 25
34 44 12 3
19 40 30 28
47 48 20 21
22 34 46 24
25 1 49 20
38 15 26 44
36 29 44 45
23 33 45 26
19 49 43 45
43 34 37 38
13 2 48 25
26 1 49 19
22 1 17 27
20 43 25 15
6 32 22 19
36 31 2 36
39 23 44 11
29 37 40 21
15 5 10 9
15 1 43 11
21 4 24 8
33 8 20 7
16 28 28 23
41 28 22 41
20 49 12 5
2 21 40 15
41 13 47 18
23 0 43 26
21 0 1 40
8 45 45 19
17 35 42 41
17 43 16 25
20 0 49 25
24 3 4 10
12 45 36 17
41 32 30 15
42 23 14 3
11 48 32 6
28 48 30 19
10 49 31 42
19 6 22 18
43 17 48 15
46 37 35 37
38 44 30 7
24 6 25 14
49 36 38 8
17 32 23 41
16 22 35 4
33 4 20 5
22 0 35 42
26 28 44 41
22 8 43 24
44 49 29 36
24 2 34 37
45 23 39 49
42 11 35 4
15 1 39 21
21 46 15 25
33 13 6 20
42 18 41 5
12 15 40 25
17 28 9 10
33 9 26 19
6 26 44 14
17 1 45 27
19 34 32 24
49 48 44 22
10 38 25 31
38 41 28 43
29 6 41 16
28 49 0 0
23 3 34 24
4 48 48 26
19 3 15 31
40 5 6 19
30 49 30 12
37 23 32 38
47 42 24 24
22 1 41 24
36 46 41 14
42 33 38 14
16 3 49 6
22 49 40 48
29 1 11 14
30 44 36 25
0 37 28 44
40 36 37 44
18 6 5 18
16 2 38 34
18 1 32 38
47 25 49 21
24 19 25 31
37 8 48 19
21 4 43 43
23 2 29 6
32 4 46 15
25 1 37 0
28 44 49 20
20 5 33 36
16 7 45 41
14 43 45 5
18 49 45 22
49 47 38 15
40 44 33 14
41 33 48 9
36 24 39 26
17 31 43 20
11 26 35 12
20 24 17 10
1 36 5 3
38 30 31 43
21 4 24 7
16 31 33 30
18 1 46 44
33 2 32 29
19 2 28 36
23 0 44 14
16 3 31 12
17 2 12 5
27 1 15 31
19 2 8 7
21 38 34 38
27 34 35 18
20 1 23 40
28 21 37 8
19 37 23 22
17 26 40 43
24 3 46 18
42 23 45 0
49 46 8 10
23 4 1 2
38 4 16 35
23 12 36 37
20 46 10 7
26 0 28 8
13 23 41 18
19 2 31 27
19 45 31 21
21 2 48 20
19 4 24 2
25 36 21 35
21 2 15 43
41 28 1 38
13 43 44 49
13 10 44 25
23 31 40 49
48 19 15 37
26 39 37 45
35 48 47 22
40 27 47 23
17 34 42 19
18 38 39 18
43 24 41 38
36 38 42 31
22 29 28 17
21 46 24 17
18 43 47 21
32 9 23 37
35 29 19 38
13 44 13 5
18 3 11 2
30 43 48 22
36 48 20 22
20 4 41 8
30 2 26 40
42 22 44 31
39 37 45 37
20 0 44 21
17 45 43 10
20 0 25 38
7 47 27 14
19 1 47 26
24 4 45 49
21 8 39 16
19 7 39 11
41 5 48 13
16 2 21 36
41 21 42 25
19 2 41 47
35 36 28 11
47 46 17 32
43 15 36 31
47 30 27 13
36 13 47 20
32 10 29 8
21 22 26 42
32 8 31 41
30 7 46 23
21 45 42 11
13 2 26 40
40 46 23 44
21 17 38 48
44 14 34 21
16 26 24 12
21 26 39 21
23 2 47 24
17 2 49 3
22 3 42 36
21 2 13 33
35 6 39 15
45 37 32 2
19 8 41 18
38 11 32 3
24 48 37 21
28 0 28 33
48 13 2 26
26 34 36 41
46 49 42 17
25 28 31 36
39 16 29 39
43 26 32 22
35 29 46 24
31 2 18 5
34 17 30 36
18 12 19 3
21 37 16 14
40 49 26 4
47 33 29 10
17 1 21 33
35 7 33 2
38 44 16 11
37 27 43 22
11 45 9 35
21 43 2 1
13 37 34 40
19 44 47 46
40 25 26 35
26 45 34 41
38 17 28 3
22 2 44 22
43 12 35 43
26 30 28 35
43 40 47 23
16 1 26 45
21 0 45 19
33 4 34 44
17 0 26 8
36 1 48 22
18 0 31 31
25 4 45 22
11 21 45 2
39 45 41 13
42 38 42 22
29 31 49 22
49 16 3 6
41 30 36 1
26 20 43 18
43 20 38 12
17 41 46 10
38 38 40 22
23 32 46 28
23 7 22 28
33 6 21 42
46 27 18 35
8 49 39 19
24 29 6 31
43 46 43 19
29 7 40 46
19 4 23 27
20 0 41 42
40 36 37 22
23 42 30 48
23 1 27 41
34 41 35 26
26 42 42 29
7 15 12 28
23 24 41 42
15 0 24 18
17 3 41 22
39 27 42 21
43 26 46 41
40 30 25 37
15 20 34 43
24 5 44 11
11 45 27 24
22 2 48 16
45 47 45 21
7 45 23 21
20 0 27 19
23 33 47 11
31 31 9 0
18 3 45 17
21 48 43 49
18 1 11 0
22 0 46 49
36 2 10 5
45 42 35 45
26 36 30 23
27 1 25 41
18 2 23 14
39 28 21 36
8 31 48 25
41 42 35 44
13 0 45 26
35 6 17 23
40 9 49 27
22 7 38 22
33 25 20 6
43 23 21 35
34 4 46 45
22 30 42 20
23 1 40 49
42 43 38 48
21 1 20 34
41 28 44 15
34 42 35 6
43 31 24 30
18 30 26 35
17 27 27 24
42 44 11 40
37 6 26 49
17 1 49 12
17 1 40 41
39 1 39 21
40 6 49 25
7 45 30 34
34 1 36 43
29 4 49 24
48 33 32 39
31 3 32 46
31 11 36 6
11 39 20 5
15 37 35 21
28 49 33 45
16 15 32 3
24 35 2 45
20 31 40 45
36 4 34 16
25 39 40 31
23 37 45 23
39 6 40 18
23 37 31 39
25 1 47 20
37 20 25 33
13 2 35 11
40 27 48 18
15 16 38 15
18 2 19 29
23 4 45 45
24 43 7 3
41 29 43 46
47 17 6 20
21 32 49 31
22 31 30 15
22 0 9 15
24 44 48 1
37 45 42 40
32 47 41 21
34 6 47 26
34 47 18 5
17 3 36 43
46 49 32 20
35 7 39 30
14 45 18 42
35 35 27 37
43 15 28 19
49 41 35 42
49 36 40 15
32 12 37 39
39 12 29 15
30 49 10 20
22 43 26 36
39 26 27 35
36 13 33 34
17 40 41 40
17 0 9 4
14 37 21 30
31 3 33 14
21 41 42 25
33 38 40 14
35 9 41 10
37 31 45 31
16 1 25 41
20 31 19 27
18 6 1 6
14 6 24 45
20 10 11 17
19 37 31 21
41 17 35 12
32 25 3 16
21 25 47 25
26 9 29 38
21 16 36 46
21 5 33 37
41 9 12 4
35 2 5 2
14 40 26 14
19 44 23 33
26 6 37 4
22 6 41 23
17 5 3 3
24 4 20 13
0 41 43 33
32 22 31 8
30 7 27 35
39 28 32 48
19 2 47 15
13 48 36 0
34 27 22 39
19 32 19 14
20 21 47 24
20 1 3 3
26 32 43 30
12 14 42 8
24 2 25 25
24 5 34 49
27 49 20 18
21 46 48 17
18 31 46 25
38 17 47 17
37 21 46 40
23 11 48 7
23 2 41 12
40 38 41 25
20 2 42 41
18 32 33 26
42 37 35 46
10 38 48 9
23 4 36 7
36 8 37 16
25 3 45 41
8 48 33 20
23 5 25 37
40 20 24 49
21 2 24 28
25 42 44 12
22 1 39 21
38 25 32 44
34 34 41 23
24 30 44 14
20 2 5 2
20 3 8 11
34 0 42 28
4 44 43 15
20 1 5 9
25 5 49 23
47 30 23 35
43 23 8 5
24 16 6 13
1 49 26 28
27 48 32 38
30 3 44 20
36 11 11 10
6 27 32 44
15 0 33 35
15 19 46 27
43 46 40 2
1 49 48 22
44 15 29 28
43 39 25 37
22 1 40 31
31 0 44 6
23 4 45 29
22 13 30 26
20 2 43 3
32 37 34 12
20 30 48 20
21 34 12 8
11 41 43 25
21 2 46 23
32 45 27 31
47 47 45 15
33 22 25 4
23 10 32 28
24 34 38 18
43 38 37 44
22 35 41 4
42 30 17 10
20 6 47 13
22 4 36 46
29 39 45 28
25 2 21 16
36 40 22 37
19 0 37 16
22 7 38 49
15 4 26 44
33 5 24 16
33 1 29 21
49 37 44 14
34 34 41 17
34 6 14 9
24 1 42 49
33 35 48 48
33 36 37 19
23 1 46 7
17 7 27 45
24 4 32 21
34 8 47 49
31 36 46 21
19 30 15 13
39 10 34 48
