50 879 11765 800
20 3 47 6
14 34 5 11
17 15 42 34
47 24 18 12
18 37 3 19
36 3 24 16
28 33 36 34
20 34 27 14
49 15 29 17
25 12 38 19
29 14 40 18
18 16 44 16
14 1 23 20
25 6 16 5
19 33 38 18
29 39 47 15
20 37 32 13
27 11 45 13
19 35 2 47
27 7 12 11
39 27 34 36
20 3 46 31
43 20 27 9
34 41 3 14
38 45 46 26
34 9 28 12
40 22 45 47
22 36 45 42
18 29 23 5
16 12 47 35
36 15 0 35
14 20 24 26
20 7 16 19
23 4 35 12
32 25 18 29
20 30 29 8
3 42 29 18
27 4 36 45
22 2 11 4
21 7 48 7
29 7 8 23
40 25 5 35
44 39 44 23
7 48 34 5
21 6 33 16
13 23 38 14
23 29 37 30
16 5 17 45
23 31 23 3
10 48 11 11
42 1 43 21
17 27 9 9
18 22 19 0
14 11 37 10
31 25 31 39
1 29 41 15
17 26 32 13
26 27 47 35
26 36 33 36
30 36 42 3
25 18 49 26
23 10 8 38
25 1 31 0
25 15 27 9
43 18 27 31
23 34 14 27
26 12 37 18
26 18 23 27
27 3 33 7
3 45 39 14
25 2 10 19
21 20 39 29
18 27 43 22
12 34 27 8
27 18 37 43
26 49 41 12
27 26 41 15
21 29 18 20
0 46 27 45
18 47 42 33
6 9 46 7
0 44 8 26
28 18 49 23
31 23 2 37
9 48 19 35
34 16 46 29
25 29 44 16
48 38 15 3
23 12 48 35
44 16 39 18
6 37 22 5
33 6 49 18
4 1 26 22
31 1 47 23
18 22 45 37
23 11 35 35
19 11 47 27
26 3 0 9
12 12 30 17
47 21 35 25
30 18 25 1
9 43 46 16
0 49 46 30
31 35 10 1
19 12 38 16
36 48 37 22
15 10 24 20
11 31 22 19
18 35 34 13
23 38 28 21
3 45 49 41
23 44 45 32
16 15 30 23
5 34 40 12
15 33 42 28
29 13 7 24
15 45 35 10
43 38 0 32
18 20 15 9
9 42 36 32
26 6 49 42
41 3 24 11
33 4 39 16
15 38 30 13
10 0 38 24
12 9 44 45
43 31 16 16
23 4 44 33
30 22 10 9
7 25 20 27
40 42 12 12
10 7 20 2
21 29 39 15
2 41 38 21
19 18 14 6
29 16 11 16
42 32 11 35
32 28 14 0
13 44 38 19
30 27 36 42
25 33 44 19
37 45 14 24
23 24 29 18
37 9 41 15
21 16 2 12
7 45 11 35
43 42 47 31
10 47 5 36
28 17 47 39
22 27 41 20
40 8 12 24
15 33 42 35
29 2 9 14
35 31 40 9
6 44 20 2
20 35 29 30
12 10 11 39
46 20 1 31
31 45 37 9
48 37 41 32
15 17 29 10
32 29 2 32
13 26 0 27
4 44 48 18
19 13 37 21
16 34 10 35
20 8 38 36
37 0 45 45
24 0 30 39
4 27 16 42
21 30 24 8
43 44 25 16
25 17 0 16
27 31 20 3
19 32 44 9
35 42 6 29
20 13 7 26
3 32 44 43
23 24 46 18
0 43 28 6
34 0 19 44
34 38 49 43
32 31 43 43
17 18 23 1
19 37 33 35
15 38 38 15
14 36 1 39
45 5 6 31
13 8 31 7
29 9 42 17
9 49 41 12
12 29 5 31
27 13 29 42
9 19 45 20
17 33 48 7
16 12 25 7
22 8 8 6
23 27 8 28
16 11 12 7
29 15 35 3
17 12 22 2
39 23 46 14
27 10 36 21
20 10 0 7
31 8 3 8
26 37 13 17
23 29 39 1
22 32 21 27
16 7 48 19
26 11 41 48
45 15 20 20
27 3 7 18
27 14 34 16
2 31 20 48
15 6 49 30
47 47 46 20
39 17 10 35
14 11 28 16
26 2 45 20
15 21 48 41
20 19 16 18
11 0 45 49
18 27 2 5
30 7 17 10
3 41 7 23
21 13 5 2
33 38 35 16
26 25 2 10
2 48 37 1
19 39 27 28
22 29 20 6
20 24 35 8
26 6 22 24
22 9 27 18
15 32 29 14
19 35 42 25
29 40 40 20
28 13 35 11
24 24 43 39
32 3 0 21
10 15 44 14
22 49 24 5
20 9 42 17
21 24 26 38
20 20 36 24
20 18 38 20
19 41 10 27
34 47 33 32
32 39 47 17
16 44 40 11
12 30 48 15
5 24 4 32
22 26 33 8
20 3 31 3
47 32 48 48
17 11 28 2
2 41 42 21
30 10 9 0
23 12 6 34
10 33 27 37
19 17 37 31
35 41 24 3
26 35 35 28
14 18 21 15
39 39 18 28
22 9 40 40
5 35 43 33
28 36 12 39
30 44 17 24
39 14 35 12
41 35 47 12
28 47 41 27
22 32 24 29
7 48 9 1
46 44 5 26
28 18 47 15
32 13 13 13
29 11 29 17
17 7 29 8
1 35 48 34
46 3 31 24
23 17 44 36
19 26 36 36
21 27 45 19
19 32 2 42
15 31 28 11
30 31 36 45
1 41 34 1
23 23 25 3
26 13 36 38
12 14 14 32
15 12 12 26
27 3 48 34
42 49 16 3
23 35 22 29
12 13 0 37
19 3 14 25
39 48 37 16
17 26 10 33
25 32 37 27
19 6 30 7
8 39 48 11
23 31 41 20
38 29 42 18
30 9 37 20
12 26 0 32
23 38 40 43
36 37 38 13
23 0 24 44
43 23 38 6
33 22 43 14
15 28 39 39
21 31 26 20
28 17 30 44
16 3 36 9
22 35 1 15
20 6 25 49
46 6 36 30
45 25 4 28
39 27 40 16
18 43 33 22
26 17 31 24
40 40 41 9
33 34 43 20
22 27 9 28
24 23 25 5
49 33 24 42
32 14 31 7
12 32 19 14
24 11 26 21
26 33 44 13
32 4 41 18
28 9 46 20
34 32 47 14
27 18 45 49
26 21 9 19
1 42 18 15
23 39 45 22
9 9 43 11
43 49 20 9
16 40 5 33
15 12 45 15
15 36 44 19
10 38 42 20
21 10 26 28
20 13 39 34
32 6 8 30
28 2 34 30
17 13 38 22
31 23 7 40
17 26 42 37
21 30 41 22
6 48 44 31
23 9 43 37
36 23 0 27
25 3 9 22
41 5 9 2
22 4 34 17
39 19 7 8
48 2 39 17
49 45 11 30
22 27 39 17
25 16 3 42
23 35 38 32
23 31 6 4
27 28 46 18
41 31 1 26
29 33 32 11
22 28 8 16
5 45 0 13
12 17 24 16
12 5 16 14
2 48 40 18
25 6 24 14
13 27 37 25
41 12 10 26
24 19 48 43
28 33 31 9
28 34 34 4
12 17 45 19
23 13 47 20
13 46 18 6
16 38 35 35
23 16 40 3
36 25 9 29
27 4 21 16
11 19 30 13
22 25 17 28
19 14 0 11
35 13 11 15
30 29 27 15
30 26 18 34
12 45 46 11
23 34 1 27
39 12 30 32
29 11 12 11
15 42 36 31
28 36 43 7
35 0 6 19
18 4 44 14
42 1 34 32
9 38 3 4
30 40 28 10
19 16 25 9
19 26 20 45
14 34 0 27
38 23 5 21
32 17 48 10
22 12 2 31
30 34 46 24
27 27 24 20
3 37 32 15
4 30 29 12
33 13 33 30
24 32 29 18
21 29 11 3
31 18 37 37
25 18 38 34
18 12 1 28
19 6 32 35
22 43 26 6
27 41 2 35
23 13 20 20
11 39 8 35
14 40 25 18
28 9 17 0
17 19 20 13
18 16 44 14
3 41 38 21
19 15 24 5
48 8 25 14
18 16 27 13
21 3 44 25
28 5 31 38
17 34 42 20
17 29 24 10
20 19 25 35
18 11 47 15
23 30 19 28
39 33 41 24
9 1 31 8
27 36 47 14
10 18 46 39
24 1 45 18
13 6 48 18
34 19 19 10
22 34 42 22
36 36 31 8
47 10 13 9
28 46 24 5
35 48 1 18
13 5 6 21
26 31 27 27
16 47 1 6
24 31 18 39
25 22 19 13
44 42 14 5
13 48 26 11
16 49 16 4
15 32 19 13
21 9 16 1
5 22 49 39
20 8 15 6
26 19 21 22
14 27 9 18
38 35 41 21
33 0 3 29
25 1 40 10
18 9 4 5
15 32 35 34
28 16 2 39
27 30 49 0
1 39 40 26
22 9 16 15
9 29 34 15
28 25 49 21
13 9 30 0
4 11 30 20
43 27 29 32
18 13 28 19
37 14 13 3
48 44 45 33
17 36 9 38
23 36 36 39
39 24 11 44
12 17 46 43
33 39 1 31
33 16 22 15
21 10 36 20
9 21 43 41
42 5 1 1
19 25 28 12
14 29 40 15
36 39 27 28
18 11 29 33
15 2 39 18
19 29 41 19
20 36 44 48
19 33 0 36
30 29 17 14
0 42 44 47
35 5 38 41
20 25 36 22
18 15 38 17
38 31 25 14
30 46 38 24
13 46 35 13
22 42 9 3
19 47 45 36
41 18 44 45
19 8 42 31
15 44 47 27
32 28 45 24
26 16 20 14
28 31 44 26
44 6 33 7
23 49 16 43
32 0 42 35
10 10 15 9
22 11 38 40
22 45 11 24
25 19 39 16
18 17 0 11
47 30 36 19
23 5 44 23
29 40 48 19
22 6 44 23
14 22 16 5
35 44 44 40
28 25 14 33
49 37 43 20
31 10 26 11
21 33 18 35
26 39 28 45
6 44 37 17
37 47 19 28
24 47 48 29
19 8 20 26
20 13 11 15
15 14 19 5
4 26 46 11
17 1 31 10
24 9 49 32
32 24 45 19
25 44 46 12
35 17 24 41
41 42 18 27
2 40 38 12
29 5 14 2
8 14 45 8
8 21 26 21
17 33 28 43
31 39 46 20
37 38 14 34
31 42 29 5
17 12 45 16
43 6 47 26
22 36 33 22
16 22 5 31
29 0 48 25
7 8 0 25
17 27 48 21
29 24 48 41
36 40 42 17
21 49 32 36
39 32 29 32
13 8 24 5
41 13 4 2
30 8 46 14
21 31 37 3
49 26 19 20
23 4 40 13
21 17 27 17
36 46 23 8
45 16 45 4
22 11 46 46
12 8 10 26
37 9 30 15
21 23 10 34
20 30 30 15
18 30 33 3
22 24 6 34
35 28 17 43
19 17 32 19
29 42 47 38
25 20 1 9
26 26 14 4
14 6 43 44
23 38 13 24
17 26 38 6
29 1 2 14
6 45 36 32
30 28 21 5
23 26 34 22
10 44 19 11
8 48 48 21
15 48 46 18
9 46 0 3
8 35 41 48
33 49 43 18
11 30 21 2
35 30 47 13
43 2 11 2
10 1 10 39
13 47 49 18
25 35 29 15
18 20 47 34
44 49 18 26
15 17 37 11
16 9 20 10
37 48 11 30
26 6 14 26
38 46 45 18
41 41 4 7
24 44 36 19
48 9 49 18
14 33 31 30
32 17 47 17
41 20 15 5
30 37 34 13
20 18 47 36
23 0 31 32
11 45 46 14
18 42 18 6
13 31 23 34
10 24 49 34
12 31 7 38
12 30 40 40
38 39 19 6
33 39 17 11
24 34 43 13
39 3 11 17
34 28 11 29
22 9 45 21
25 34 34 23
25 30 48 16
32 34 9 39
32 33 6 15
19 23 41 22
19 5 46 32
34 43 12 22
10 43 11 14
6 33 45 13
12 16 49 20
21 1 5 36
41 48 36 29
19 13 31 6
20 4 25 21
31 23 15 18
13 38 42 17
42 46 20 27
32 30 15 13
18 23 1 32
41 19 13 2
33 43 45 47
18 18 5 47
27 23 44 48
48 34 31 7
40 38 33 8
25 29 12 2
17 30 43 9
36 0 9 27
10 18 19 1
21 5 40 5
25 3 47 38
13 26 29 2
26 34 33 14
20 14 38 17
14 40 47 10
42 40 21 34
18 40 6 4
19 47 47 17
27 29 30 40
7 19 14 8
29 36 34 21
26 35 16 6
11 14 7 28
22 34 25 11
19 4 9 36
30 26 24 35
15 14 6 6
16 49 11 4
39 11 17 33
34 32 24 18
5 7 35 18
49 28 25 13
28 12 6 15
47 39 49 14
33 12 36 19
31 28 38 33
43 18 32 34
30 47 20 34
24 14 24 19
32 12 7 25
45 13 6 8
16 16 48 30
44 11 46 27
22 11 41 17
22 17 42 17
39 9 27 43
25 0 37 25
16 17 26 42
43 49 31 41
30 38 45 20
20 39 13 2
15 39 9 13
19 41 7 36
25 43 19 21
23 31 33 33
5 10 38 9
11 49 45 29
16 12 48 32
20 22 42 22
31 30 44 24
40 36 3 22
25 31 49 48
13 49 5 11
16 9 0 14
41 41 38 6
33 43 3 10
35 14 3 20
32 46 48 21
31 40 48 30
26 21 19 27
48 13 17 18
19 24 26 3
33 48 47 18
26 16 25 25
14 33 45 31
30 28 44 19
23 2 2 20
3 9 46 42
38 4 21 8
28 10 44 17
43 33 8 30
19 10 38 13
35 40 28 33
38 44 12 10
38 13 49 24
19 4 49 18
27 9 31 10
32 14 29 17
20 28 38 14
7 48 43 14
25 28 14 8
34 28 37 19
42 26 20 49
47 31 39 46
14 23 47 47
16 48 45 26
22 14 2 27
13 4 39 37
35 44 19 19
21 14 42 16
38 40 36 17
22 13 39 18
49 45 1 43
23 28 8 24
31 11 28 25
28 28 12 30
26 6 18 3
20 0 4 19
31 1 19 31
19 11 21 15
18 32 39 38
34 32 9 23
23 14 47 26
38 27 33 23
21 42 44 28
5 49 36 19
23 25 6 3
34 34 16 41
15 45 46 19
22 28 22 15
21 15 42 11
10 49 14 0
29 22 31 7
5 49 43 17
14 31 11 12
40 38 22 9
21 14 36 8
42 44 36 17
9 8 10 3
22 30 49 38
4 44 28 30
15 10 42 16
9 45 37 15
44 31 14 2
16 44 34 9
16 41 5 21
28 1 27 14
34 28 45 19
12 16 26 0
19 13 44 39
25 19 13 22
21 11 25 19
22 1 25 8
37 21 39 15
21 14 31 18
4 31 46 18
26 29 40 20
15 31 37 42
33 41 3 18
13 38 30 15
20 12 43 39
35 12 10 30
31 48 31 0
16 28 29 25
34 18 19 17
25 35 38 10
19 8 40 31
43 40 8 21
29 25 45 22
33 33 31 22
17 21 43 15
18 5 12 25
18 25 3 22
20 37 43 24
30 35 18 31
17 10 17 0
16 34 41 26
25 5 34 15
37 42 38 28
21 16 18 23
49 32 37 27
32 38 20 30
24 5 45 29
33 17 40 42
22 9 36 41
22 31 41 43
37 34 0 26
15 27 29 24
24 12 21 16
32 37 48 37
36 32 0 16
32 20 44 33
14 33 47 19
29 6 46 40
29 5 42 21
22 12 47 26
25 43 36 31
22 14 28 43
34 26 8 20
19 4 36 24
20 40 2 26
41 33 35 40
28 16 31 10
28 11 34 17
46 18 23 18
34 10 39 29
25 36 44 22
27 9 31 42
24 28 22 17
20 27 4 29
25 27 35 13
39 31 43 18
17 9 13 31
24 7 49 47
19 36 45 30
7 40 49 44
20 6 14 18
13 38 45 8
21 48 2 14
9 7 11 25
23 40 17 5
21 46 13 1
24 28 49 49
35 29 25 14
23 28 40 21
5 12 23 25
23 5 1 17
39 8 13 12
17 30 33 24
23 29 13 0
25 9 41 22
18 26 17 11
8 20 42 24
17 4 43 48
37 32 12 37
