50 263 16567 800
20 26 4 36
7 49 20 44
24 31 21 17
20 31 19 11
28 29 1 30
4 35 46 45
19 19 0 15
4 0 5 33
17 24 6 36
40 6 37 21
17 39 11 28
16 39 34 36
35 7 30 17
37 12 8 18
17 13 17 48
26 9 14 49
5 15 29 29
28 10 45 36
4 45 41 45
21 25 34 44
22 38 9 43
41 12 5 27
9 34 27 19
2 1 33 49
31 7 30 19
22 46 44 44
17 44 12 49
30 37 3 19
30 22 4 27
11 0 19 47
17 34 2 15
25 26 37 49
0 46 45 37
11 48 26 49
33 28 1 36
36 10 20 42
36 17 5 32
21 21 14 41
22 11 29 16
22 1 28 14
15 20 10 47
21 26 16 40
16 7 6 20
26 7 0 26
8 11 10 33
0 42 26 20
19 2 36 47
22 16 19 45
30 11 34 44
45 28 3 44
31 35 15 42
36 15 9 27
21 39 31 37
31 19 0 33
25 22 0 14
25 4 22 38
29 24 13 44
28 3 11 25
6 2 25 19
37 18 6 17
24 15 31 32
26 22 39 41
20 19 7 23
28 34 47 47
5 7 2 19
13 44 10 9
18 41 2 32
13 36 38 31
20 37 24 15
16 25 11 34
45 8 20 38
33 47 41 45
39 2 9 15
6 15 21 20
3 47 16 40
19 33 7 14
32 38 41 41
31 31 4 34
4 42 40 44
37 8 4 22
12 26 17 48
10 13 29 16
23 11 23 39
33 22 41 35
0 31 29 18
11 6 10 34
32 37 29 13
11 18 9 40
20 24 11 25
11 27 13 9
27 6 29 19
18 48 4 39
24 27 25 13
25 4 41 44
36 16 41 40
25 43 11 40
29 3 1 42
2 29 25 43
19 18 37 41
3 44 2 18
0 37 4 28
41 13 5 31
14 18 6 25
30 15 35 39
9 14 26 18
35 28 0 45
25 11 24 17
14 24 42 43
9 38 24 46
31 33 18 39
22 43 39 39
2 41 41 45
24 35 3 20
27 16 8 48
8 11 7 45
22 42 41 33
34 2 13 39
15 9 5 21
21 43 14 21
19 22 2 19
12 14 23 16
28 8 9 33
32 32 6 27
11 13 13 32
4 49 20 39
12 17 11 21
32 45 37 42
21 22 38 40
3 35 4 18
22 37 42 20
1 33 36 27
4 40 27 21
34 4 22 17
8 27 25 21
5 46 27 11
27 16 41 48
33 16 13 32
26 26 29 46
5 13 7 27
33 30 24 20
22 24 34 47
22 13 30 37
13 35 15 31
9 17 25 47
41 28 46 28
23 38 38 47
15 32 39 45
4 40 34 42
22 14 30 42
0 43 11 23
17 23 25 37
3 43 0 9
27 15 31 32
0 38 7 26
2 48 27 41
33 7 26 38
3 42 46 42
30 19 37 46
30 44 9 37
1 43 47 43
20 36 45 38
42 38 49 42
24 38 6 47
19 33 3 28
35 16 31 21
19 6 8 38
25 36 2 24
12 28 29 16
19 3 9 28
18 33 46 44
5 37 16 44
0 11 28 16
23 28 7 46
21 15 2 16
41 30 48 39
12 41 26 19
34 30 25 18
5 44 19 26
11 43 41 39
6 32 34 43
14 46 22 29
29 14 3 32
24 30 5 34
36 13 26 22
37 38 12 49
9 13 24 21
41 26 1 35
6 41 49 48
29 13 39 47
35 19 28 44
30 36 27 18
16 7 33 44
0 41 0 26
22 9 28 20
10 10 26 14
37 21 29 13
36 8 19 40
37 15 25 19
41 37 34 43
17 30 23 19
39 18 11 36
49 14 17 46
8 39 6 17
25 10 28 48
47 14 13 23
35 31 32 18
5 41 8 21
6 43 21 47
32 26 1 17
32 27 43 47
30 47 13 47
31 4 11 23
27 22 37 39
8 47 1 15
36 26 19 39
12 36 35 38
22 19 28 48
14 26 10 22
22 26 34 42
28 23 23 48
34 39 9 38
17 14 40 49
27 28 0 20
32 5 26 43
20 40 29 15
25 14 19 40
19 19 15 23
39 31 33 27
24 19 37 41
23 38 43 43
15 39 16 28
33 21 43 49
33 38 0 28
36 32 2 21
39 29 24 44
24 19 4 22
8 36 16 35
34 23 25 15
36 44 27 20
28 7 19 34
1 44 4 26
23 6 41 42
4 30 31 48
8 27 4 29
11 6 2 45
19 2 47 48
19 21 2 32
26 5 25 20
8 13 42 46
36 23 25 16
2 8 7 17
34 26 27 36
39 9 33 38
37 21 35 48
39 19 23 21
14 15 29 18
35 17 30 19
46 22 22 49
47 5 22 15
34 49 6 25
22 13 36 28
15 23 35 39
35 15 39 43
