50 667 14184 800
32 17 32 30
30 20 24 26
7 21 15 36
27 25 10 20
19 25 47 9
24 48 30 23
26 35 21 49
30 23 16 13
32 30 31 41
33 27 44 20
15 27 34 20
20 48 40 37
40 1 41 23
26 23 41 39
42 25 20 18
26 22 13 16
30 33 44 47
26 11 26 29
13 29 19 24
19 35 16 18
48 29 37 20
25 31 22 5
27 13 5 8
23 35 29 38
39 3 35 37
28 35 18 43
29 26 7 14
17 21 44 28
33 22 27 45
35 20 32 27
49 18 6 47
26 32 10 46
37 2 47 21
44 43 48 29
9 26 42 29
27 27 4 48
31 28 15 48
26 28 0 22
25 23 25 38
27 34 20 37
22 39 23 31
28 37 22 27
37 42 26 34
37 4 41 18
1 46 23 42
19 22 2 32
30 24 15 39
27 36 20 34
11 19 17 42
31 26 17 27
28 35 18 32
38 17 34 19
27 32 12 42
27 24 37 40
29 17 29 45
35 7 39 30
2 47 30 22
33 18 23 30
36 33 19 9
19 20 4 40
40 5 29 29
18 21 21 44
42 10 39 33
16 29 27 26
30 8 34 35
35 48 15 41
7 23 8 34
42 2 41 30
25 30 33 33
32 34 48 43
33 30 27 46
43 37 1 10
6 30 23 33
1 29 43 29
28 3 34 22
28 25 19 13
22 26 24 33
22 20 9 13
32 27 41 38
41 10 25 22
14 6 43 25
26 43 30 38
33 48 38 37
33 39 29 24
11 2 25 49
42 16 27 27
45 33 24 24
46 22 33 32
47 29 19 22
31 1 4 30
26 31 18 22
23 37 37 16
35 38 28 45
37 25 23 27
9 30 34 37
25 11 13 38
4 31 16 44
21 26 16 36
28 1 26 27
20 19 6 33
10 40 24 42
33 1 26 15
40 8 17 21
36 17 37 38
31 35 7 17
38 22 25 27
49 39 32 19
20 24 25 17
24 25 21 5
10 7 37 35
38 33 4 20
22 2 41 39
39 30 18 30
28 30 48 21
26 18 21 25
22 39 26 36
24 25 39 40
4 17 22 6
34 6 20 20
23 30 31 21
44 12 30 23
43 13 34 31
32 17 13 49
18 19 22 24
34 39 15 31
22 31 11 27
41 4 27 18
25 6 26 17
22 25 29 23
20 44 30 7
18 28 44 45
32 42 38 44
15 31 14 42
16 43 12 6
37 45 22 31
24 26 10 39
27 10 18 48
6 14 30 49
30 32 42 27
15 29 2 31
15 27 4 17
12 43 28 41
30 27 21 1
32 7 16 44
37 16 40 18
48 46 0 46
45 31 38 29
38 47 0 24
43 10 7 23
20 28 18 49
34 20 8 28
28 20 16 48
34 27 42 27
34 25 38 42
31 32 8 49
32 47 34 42
29 4 6 42
28 28 34 27
37 37 18 15
20 24 7 19
22 27 27 37
36 39 44 18
43 15 26 27
26 21 29 38
18 38 11 40
34 29 25 30
36 25 12 19
43 33 44 2
24 28 27 34
13 16 41 36
15 30 13 33
36 25 23 36
48 29 21 28
36 34 38 19
28 18 24 7
30 21 20 28
47 43 28 17
19 16 46 43
23 27 7 3
26 27 32 19
24 21 46 43
27 32 29 35
21 20 49 21
38 7 31 19
28 30 41 42
38 38 10 32
30 15 8 30
23 35 13 40
9 24 14 34
49 34 32 5
24 31 47 10
22 26 39 30
26 48 6 43
37 3 26 22
22 24 30 32
24 39 35 32
13 28 20 41
30 19 21 29
45 0 39 31
22 2 43 27
45 21 7 28
42 9 23 20
4 22 9 3
7 40 9 29
15 19 48 19
27 26 28 40
19 41 33 35
49 38 14 34
25 2 26 25
20 14 40 37
26 12 10 21
24 25 17 28
30 11 20 36
20 34 17 49
28 22 29 45
34 23 29 32
16 19 10 41
25 40 14 26
40 12 44 25
30 41 47 37
26 22 19 24
22 24 44 32
41 32 22 11
40 2 4 36
15 20 32 42
31 25 13 9
39 10 31 43
38 40 35 24
41 11 8 34
10 24 21 29
37 17 17 37
25 25 23 36
27 27 34 31
39 45 7 8
5 22 29 22
27 15 8 4
1 32 36 16
26 26 46 3
13 45 35 38
14 49 10 7
25 24 36 19
22 36 35 47
36 12 49 26
39 29 30 26
24 6 6 37
48 42 26 13
40 37 1 6
32 36 11 37
26 20 2 47
43 9 35 44
9 28 6 38
29 5 21 10
42 20 2 46
33 42 29 21
3 21 25 13
26 30 14 4
26 25 18 39
31 35 36 31
19 29 32 16
14 21 27 20
32 19 24 32
4 31 16 4
25 22 1 16
36 48 46 24
29 46 31 49
46 48 12 24
27 19 4 39
20 26 25 29
1 41 15 36
31 30 29 44
31 3 29 25
33 32 2 40
40 30 28 32
48 25 7 46
21 29 39 16
21 40 13 44
28 0 30 19
1 20 13 13
22 19 16 44
28 0 45 7
0 14 45 37
21 33 16 36
44 15 15 19
43 11 23 37
9 31 5 5
21 15 31 34
35 47 25 37
34 2 45 39
32 4 18 2
43 10 5 25
31 28 27 43
35 20 29 42
29 38 1 42
36 25 15 3
39 10 21 28
31 34 33 45
24 17 26 33
24 22 27 29
22 29 35 41
27 41 25 32
46 13 26 39
31 0 41 37
38 5 14 48
39 14 12 41
28 44 2 42
20 26 17 38
34 4 19 46
11 32 15 33
5 35 8 18
29 13 49 37
19 29 25 20
32 11 31 25
23 21 42 32
18 17 36 37
46 25 20 33
26 5 5 42
10 30 12 12
23 18 23 42
26 17 31 11
17 23 37 45
25 30 19 29
33 26 23 43
41 42 31 15
28 39 27 44
19 20 32 14
42 8 8 47
44 33 15 34
32 13 43 32
19 23 23 12
30 28 8 11
43 18 47 27
34 2 29 22
29 21 13 47
47 0 32 31
17 26 42 8
8 17 3 44
24 25 17 28
28 39 12 40
17 15 41 38
15 32 37 4
34 33 8 35
30 2 27 21
3 30 25 34
31 10 11 41
18 11 35 12
31 24 19 33
20 24 23 34
27 25 33 24
9 29 16 17
7 32 23 22
17 30 19 37
42 27 45 41
38 26 27 32
6 31 26 40
20 20 8 41
17 23 33 27
15 30 19 42
31 31 14 37
38 35 29 30
38 5 20 47
47 28 25 14
22 42 25 33
9 25 36 15
42 10 8 43
34 38 5 4
35 40 33 26
27 4 38 23
40 35 27 36
31 10 36 29
10 26 26 40
47 39 27 44
36 41 10 27
33 22 0 4
42 41 23 44
21 26 29 9
22 6 28 18
15 28 20 36
47 26 7 12
31 31 39 0
33 19 35 44
7 25 32 18
49 42 13 41
38 6 24 42
17 32 30 28
19 29 20 9
13 46 31 36
14 20 31 45
29 30 18 14
15 37 2 0
26 29 25 25
37 30 27 14
20 25 28 15
46 30 25 25
18 36 29 16
42 32 19 0
17 26 9 26
15 28 20 43
24 17 32 46
13 26 25 7
43 12 11 46
25 11 32 31
18 39 20 23
13 31 34 42
33 23 28 7
18 32 1 40
24 20 31 28
30 9 29 39
27 24 12 44
18 30 27 32
28 21 30 40
37 23 20 41
39 15 42 32
14 42 23 36
41 46 46 42
44 44 38 7
0 44 6 10
41 33 31 13
20 42 28 47
35 27 19 27
29 22 0 46
38 43 34 41
36 14 9 9
23 27 35 35
31 48 31 34
23 48 19 39
26 48 20 16
45 42 15 43
21 26 22 1
26 23 30 36
20 22 37 33
22 22 34 42
37 14 47 33
2 37 3 11
35 1 28 9
36 30 8 17
30 28 22 26
40 2 39 22
5 33 11 30
39 3 24 26
12 14 29 32
30 26 5 10
12 23 26 23
33 38 36 33
44 30 3 39
21 22 45 27
31 33 19 49
32 34 34 44
30 22 35 18
30 31 4 35
29 30 9 47
19 27 23 26
12 20 13 4
11 26 35 30
4 31 39 21
21 25 1 45
32 12 24 34
33 1 34 38
24 28 7 36
25 13 5 44
46 18 18 32
7 27 40 31
27 3 28 43
23 19 27 42
30 44 41 34
46 25 45 30
34 2 32 41
16 33 21 0
29 27 22 33
23 34 18 8
6 26 45 17
34 34 19 48
25 23 19 18
14 38 28 23
29 32 31 26
37 9 30 7
45 26 18 48
44 47 1 21
34 39 39 34
27 10 21 38
20 29 8 39
37 21 26 40
12 30 24 30
26 22 11 44
32 37 40 8
26 28 16 7
14 19 35 39
11 26 1 10
11 32 42 43
7 45 21 15
43 22 25 44
48 31 8 40
37 1 28 8
28 21 39 29
26 29 14 42
27 26 2 40
43 12 35 8
4 25 29 36
49 31 19 38
23 18 17 33
40 5 18 49
30 1 22 18
24 18 6 44
8 22 34 29
30 3 49 34
20 5 12 15
19 40 23 44
9 37 44 47
27 34 15 32
23 30 14 27
24 28 30 27
39 4 34 16
6 31 9 10
7 24 22 22
19 23 17 33
16 23 43 22
36 23 43 29
16 19 24 32
23 24 11 49
41 14 29 18
12 35 14 39
42 31 30 34
30 22 19 19
27 6 10 46
31 18 28 24
18 23 19 43
48 15 30 17
22 34 44 0
18 25 14 38
22 21 12 34
14 29 5 0
42 30 1 8
23 17 39 32
29 34 25 15
19 31 17 41
32 28 3 3
21 25 32 37
44 4 31 27
36 42 24 42
44 10 17 27
33 16 39 15
20 37 33 26
44 5 11 23
42 39 11 23
25 35 27 38
24 13 36 26
34 46 30 29
27 14 34 18
13 18 22 28
28 13 24 17
30 22 42 30
45 14 27 36
43 43 20 6
42 38 33 46
27 22 42 35
42 2 28 36
40 41 20 45
49 19 36 35
30 19 28 46
30 12 7 2
18 26 37 47
28 30 41 12
32 21 44 48
23 22 24 16
24 42 12 2
41 44 28 21
28 22 21 44
41 2 19 43
38 44 17 10
36 6 24 44
17 29 36 22
26 38 28 35
44 35 2 41
28 28 37 42
31 17 40 38
29 32 12 33
27 22 16 33
32 19 37 44
16 14 28 42
38 25 19 45
48 18 12 37
7 45 32 37
36 4 4 30
33 20 12 33
25 0 32 39
14 22 11 18
27 23 25 12
41 39 9 46
42 13 31 36
34 32 24 22
25 24 35 48
27 26 18 15
24 19 12 38
41 11 35 28
27 34 36 42
34 38 5 42
40 11 28 39
30 26 42 21
34 4 5 8
32 28 37 24
3 23 11 40
44 12 18 22
27 27 37 28
26 3 5 48
23 20 46 33
18 31 9 46
28 26 8 0
42 27 46 17
32 38 42 22
48 6 32 43
35 0 19 35
47 12 22 35
44 7 42 28
26 22 4 39
42 18 14 19
6 16 0 47
10 33 41 43
35 24 22 36
28 26 2 46
43 31 25 41
19 42 38 31
33 23 31 20
22 8 28 26
23 0 2 30
29 46 45 23
36 25 26 45
23 35 41 28
22 15 29 41
32 6 23 16
46 41 19 23
29 13 46 25
45 12 22 22
23 31 42 8
24 16 1 38
31 13 35 20
19 44 18 10
23 7 35 42
37 24 37 44
23 29 32 18
43 42 34 18
37 34 12 19
43 12 22 21
14 30 49 37
44 36 11 15
46 11 34 35
33 36 38 35
31 3 15 36
45 6 12 42
25 37 33 8
43 36 30 12
24 34 9 36
35 42 46 25
19 21 6 8
34 19 17 41
35 40 28 26
19 19 34 35
34 27 20 44
25 27 3 23
30 20 26 19
24 27 10 1
41 15 2 43
43 12 34 31
3 33 25 46
0 35 22 41
34 20 35 24
17 27 29 22
39 25 5 22
21 38 26 16
