50 1160 12093 800
21 11 43 14
33 20 9 34
42 8 47 18
31 4 33 49
3 14 11 0
30 30 23 25
20 44 27 8
30 18 7 3
23 27 37 32
30 0 40 45
27 40 16 32
0 46 32 32
22 17 24 24
16 32 41 44
25 15 4 14
26 36 18 6
35 21 42 13
34 18 13 37
26 30 8 31
22 1 8 41
31 16 49 12
17 19 4 16
46 26 11 37
35 23 9 39
25 21 44 17
12 10 17 48
31 8 13 25
31 25 7 33
29 15 47 20
15 8 12 31
30 4 43 8
27 15 17 41
11 16 11 37
33 41 38 40
41 16 45 35
14 43 1 31
14 20 47 22
33 6 33 43
0 29 13 5
31 37 13 46
37 26 46 14
4 21 31 46
35 20 37 46
23 18 2 39
17 31 27 20
14 22 43 24
18 12 46 16
34 6 23 47
28 16 2 35
21 26 46 13
28 12 39 48
28 46 1 41
14 11 24 28
32 21 42 48
18 13 36 7
17 38 28 41
29 6 8 31
35 29 19 26
47 5 33 44
26 13 23 9
24 18 36 49
16 17 26 40
33 15 41 36
26 19 21 48
25 12 49 24
17 9 15 23
12 46 19 25
23 5 43 11
34 41 8 32
40 31 37 6
22 11 6 25
44 5 45 18
33 14 17 41
31 29 44 12
30 25 44 26
23 6 5 28
30 14 3 33
32 27 40 28
10 24 43 16
29 9 37 47
37 12 41 44
20 30 23 17
44 6 40 39
33 15 2 28
13 31 16 42
29 0 33 47
43 25 49 20
10 14 35 39
28 30 4 37
29 14 39 4
31 25 28 44
29 46 36 13
26 8 36 20
27 30 11 0
31 18 16 27
2 6 40 18
17 16 10 14
9 12 31 46
17 21 40 46
32 13 39 38
28 15 32 49
34 3 22 27
32 23 38 2
7 30 9 14
38 12 44 14
35 19 19 26
15 16 8 18
35 15 17 15
30 38 9 27
30 14 36 49
26 19 39 27
41 11 8 37
32 11 3 26
25 37 48 27
38 1 35 32
19 36 43 19
31 47 40 49
24 9 48 25
18 25 43 20
40 38 15 28
31 23 22 37
42 23 22 26
14 9 3 0
22 13 38 41
3 10 47 24
48 30 13 26
41 4 9 4
28 22 44 22
4 11 24 21
3 24 1 29
31 14 43 22
32 17 46 26
32 11 40 46
27 13 48 12
38 17 4 33
28 11 32 9
32 19 30 0
24 19 9 4
9 28 45 14
4 11 14 27
39 30 11 26
39 15 26 18
41 7 44 12
8 19 42 43
21 33 48 28
44 3 6 13
31 18 3 0
31 17 40 42
17 20 0 49
41 7 36 2
1 36 34 46
1 15 38 43
11 28 46 18
28 36 18 23
26 16 35 44
4 8 45 31
27 14 33 2
24 3 41 40
30 15 19 27
9 19 42 1
29 39 41 17
15 2 8 4
15 32 36 27
21 18 41 22
32 16 9 1
26 11 16 22
14 49 9 34
32 14 12 27
42 0 32 46
30 8 15 36
9 16 5 37
31 11 42 10
27 5 28 40
43 18 16 24
32 42 34 26
17 41 7 6
23 26 27 11
10 21 8 4
3 13 2 30
18 34 5 33
14 6 30 12
32 13 47 13
44 41 41 19
6 29 48 21
27 37 9 32
4 17 11 43
24 0 18 20
34 16 10 9
23 12 14 40
29 17 28 2
21 33 26 46
36 31 39 29
31 12 35 10
12 23 48 14
9 4 32 49
24 11 8 34
23 48 14 4
37 8 49 23
24 21 42 13
20 46 11 6
31 13 39 42
46 1 22 31
13 6 35 22
34 17 42 17
23 20 19 21
15 41 0 27
34 42 19 16
9 29 37 21
16 30 49 17
13 15 40 0
29 26 34 5
29 36 22 14
31 17 7 43
4 11 47 15
18 14 15 41
8 36 37 44
30 16 22 29
48 2 16 31
26 45 45 10
33 9 9 38
2 19 27 25
21 34 11 46
25 19 34 24
30 13 20 3
18 21 44 11
30 15 41 35
14 33 47 11
32 13 39 30
45 4 2 1
17 8 47 25
29 14 25 30
37 12 37 38
24 40 45 10
48 3 23 36
19 20 16 37
29 0 46 30
23 22 33 12
14 21 26 29
7 23 13 39
24 7 42 19
32 16 9 38
11 4 11 27
35 13 16 1
44 1 48 18
7 17 0 34
24 18 35 23
27 11 14 3
22 9 22 18
44 11 48 21
31 46 47 15
20 32 18 9
22 38 46 34
27 1 19 30
31 8 48 14
24 32 41 30
42 11 13 6
10 44 1 30
22 4 13 26
20 3 49 15
26 28 9 36
20 11 25 21
38 44 31 6
38 14 9 6
18 10 31 37
27 1 15 2
17 6 9 38
25 27 1 35
28 17 37 37
35 17 18 26
36 16 4 24
38 12 34 48
27 17 1 28
6 17 22 18
25 15 32 15
33 17 48 9
10 42 10 26
17 17 31 47
39 15 15 25
19 4 47 29
32 9 1 39
33 7 42 2
14 14 46 11
27 44 43 34
21 19 30 7
20 18 9 49
35 6 5 3
11 18 46 17
24 33 39 46
40 1 15 41
35 6 21 35
23 7 27 32
6 32 35 43
13 28 35 5
17 26 40 23
33 16 35 5
11 18 48 9
1 24 46 16
15 18 44 18
13 22 9 25
32 15 8 19
10 6 39 7
49 49 19 31
22 48 37 45
36 23 23 27
25 20 15 31
21 25 39 20
9 27 13 29
9 10 28 42
11 8 10 30
6 8 11 5
30 22 32 49
44 12 26 3
20 42 39 25
33 27 2 33
28 17 27 25
16 21 39 45
19 6 49 18
24 42 28 13
21 9 39 17
7 8 35 32
43 4 44 8
48 11 37 8
42 15 9 31
13 2 41 8
37 4 48 18
19 30 10 37
22 6 34 48
32 29 6 43
24 33 17 30
28 44 22 23
5 23 23 26
12 3 3 26
16 11 18 29
39 47 17 38
17 12 16 30
30 20 45 15
24 6 33 0
18 13 38 21
30 38 27 40
6 23 3 30
33 7 33 19
2 20 8 5
23 39 48 28
10 31 48 18
25 2 42 16
21 31 48 18
29 25 46 41
11 9 34 48
34 21 41 14
35 36 40 48
1 22 3 30
15 40 36 20
7 23 5 35
14 6 10 34
26 12 15 0
35 2 6 4
32 48 24 23
36 13 11 25
29 13 36 46
33 19 29 8
31 11 35 32
31 40 19 24
33 20 28 48
22 10 31 26
13 49 41 20
27 12 23 21
34 5 12 33
1 48 13 49
31 24 6 41
16 24 33 20
38 17 23 32
15 31 8 4
34 13 43 29
32 5 48 22
16 19 23 21
13 15 43 49
0 21 3 4
38 5 41 34
30 15 18 24
27 15 10 33
33 31 49 20
30 19 49 13
47 17 39 47
14 22 25 0
29 44 11 10
17 20 15 32
22 17 46 29
31 15 39 49
17 14 33 42
40 11 42 23
24 15 21 33
25 29 45 17
44 12 17 7
21 26 9 37
19 3 43 47
18 26 47 2
18 39 7 18
19 18 21 1
32 26 48 15
36 15 42 2
35 13 32 49
24 18 17 44
41 14 5 10
33 31 9 0
29 44 49 9
5 19 32 49
24 17 7 32
2 34 20 22
25 15 13 15
34 18 15 26
17 21 44 44
33 21 49 20
33 18 15 6
24 44 27 46
33 12 11 9
24 29 10 4
17 24 19 3
36 7 11 28
40 0 38 19
25 15 15 21
23 12 48 12
11 3 26 8
22 30 49 12
32 22 13 33
25 26 17 35
27 9 37 14
35 38 7 2
28 26 20 27
34 13 7 25
16 2 6 28
1 14 4 34
34 13 47 18
27 23 48 29
39 19 12 39
34 38 49 20
24 26 15 34
8 20 24 42
44 34 8 1
25 47 19 26
11 44 42 49
39 15 10 24
37 12 44 9
7 34 6 42
5 27 44 18
22 4 21 13
15 18 48 19
28 23 19 19
11 26 14 5
28 29 45 26
5 5 23 35
24 29 11 9
30 17 35 36
18 4 9 24
33 15 6 37
19 36 4 17
15 15 47 22
28 36 23 25
14 33 6 6
25 15 18 23
19 20 3 19
26 8 33 24
16 18 11 29
32 3 15 3
6 25 21 7
20 47 31 45
46 6 6 38
31 14 46 28
30 16 39 7
32 20 11 6
33 21 28 49
39 40 48 14
12 19 40 25
13 30 49 16
4 21 43 18
38 38 20 19
29 45 14 0
23 8 48 21
0 21 19 26
33 22 8 46
37 15 14 23
18 7 14 35
36 6 21 13
29 14 16 27
6 9 26 30
19 24 45 12
36 17 35 12
28 21 39 47
3 26 12 22
35 36 14 25
2 30 30 9
3 24 15 6
23 48 47 18
26 39 39 5
25 37 45 17
13 17 34 7
17 22 12 35
26 17 16 2
31 12 19 2
25 33 17 28
32 28 14 4
13 49 0 1
13 16 23 31
35 19 40 48
19 21 48 20
10 27 12 39
27 11 43 19
27 8 28 42
2 10 40 44
24 35 7 40
8 35 7 29
20 30 11 1
26 15 25 47
24 17 10 8
31 19 10 7
14 9 3 44
14 27 42 28
22 46 17 32
6 26 46 11
36 15 28 13
24 42 37 43
46 12 33 22
16 45 6 40
32 17 47 13
29 35 41 20
35 19 46 11
30 46 43 34
0 14 6 26
42 7 12 3
24 9 34 47
30 10 42 43
27 16 14 23
37 5 20 42
31 41 18 20
13 1 41 0
22 21 1 45
35 40 1 43
19 37 21 3
16 32 40 49
35 8 15 32
19 1 20 6
4 22 3 36
19 43 32 31
27 26 46 20
31 25 17 25
38 16 33 43
29 12 12 21
13 13 49 16
31 10 0 25
29 15 25 1
10 6 3 26
1 40 7 37
29 18 27 0
5 2 12 39
30 26 3 41
34 16 29 49
29 13 0 49
16 15 0 30
47 34 14 41
21 26 14 28
31 14 39 48
30 18 12 25
31 26 5 41
30 23 38 48
27 32 44 21
13 31 30 44
39 9 3 18
39 37 46 20
16 6 9 37
23 16 13 13
40 37 48 16
6 20 7 27
21 15 30 20
11 16 14 44
19 9 2 34
22 18 46 23
22 15 36 45
32 17 36 29
18 38 35 44
22 15 29 37
35 12 44 30
13 40 5 37
12 35 21 8
22 24 36 30
6 14 33 48
42 6 4 30
14 15 17 20
13 38 36 40
28 23 2 30
7 27 49 8
29 3 38 32
48 14 15 4
30 16 43 24
21 12 23 29
31 13 2 4
32 31 10 2
34 36 40 25
3 20 33 27
11 0 39 45
33 15 45 22
33 36 42 25
36 12 5 28
26 20 42 23
33 19 45 18
35 15 2 28
6 45 2 4
25 41 8 32
8 48 3 29
24 11 37 45
14 27 8 23
35 1 22 24
34 20 45 20
1 0 47 16
32 9 3 11
40 20 19 2
10 15 42 4
25 22 28 49
31 16 35 47
40 13 43 17
23 11 37 15
27 35 42 16
28 42 9 42
25 7 37 48
24 4 8 33
35 27 27 19
40 14 7 49
4 23 0 20
30 11 38 46
31 8 10 1
33 16 11 47
6 22 19 48
12 24 11 5
19 14 9 0
32 39 48 12
31 32 20 22
31 19 10 10
10 23 12 29
26 11 15 1
30 4 26 6
35 9 28 2
37 1 38 22
10 26 43 37
10 13 0 48
20 45 16 31
33 15 14 34
46 24 14 26
1 6 3 41
38 17 48 6
13 29 7 28
25 2 29 20
18 27 0 35
39 34 47 21
49 12 6 44
28 0 42 8
2 6 18 7
16 46 4 2
34 6 41 41
39 0 42 22
30 14 40 16
18 3 13 5
14 35 10 0
31 22 31 36
19 22 20 14
12 36 23 22
21 34 40 32
12 38 16 43
39 13 36 3
40 3 24 20
28 35 21 46
14 36 39 30
23 8 49 18
26 14 12 36
16 12 15 19
28 12 16 42
29 16 21 42
30 13 37 42
29 16 46 31
28 22 1 8
44 8 5 34
30 38 7 36
35 9 13 0
14 25 19 36
29 34 26 39
22 27 49 20
27 24 15 23
48 4 36 46
12 31 6 3
43 13 36 48
46 1 7 28
29 10 9 32
31 23 43 21
22 20 14 32
28 37 19 25
5 47 39 48
24 19 15 32
12 22 34 9
26 22 16 40
39 39 12 22
28 31 10 42
29 27 0 4
35 20 24 27
32 48 5 31
12 6 45 22
2 15 35 43
35 7 17 2
40 4 4 5
15 11 7 36
18 26 15 6
33 17 22 39
36 17 28 5
34 4 13 33
37 15 38 39
11 16 31 47
17 16 45 13
33 6 19 25
40 26 28 29
30 28 4 11
28 1 3 16
11 29 36 48
14 18 22 36
37 10 12 4
14 13 9 41
30 14 6 0
19 17 13 6
15 21 7 47
26 3 12 9
29 14 42 32
5 8 8 1
15 23 22 28
26 42 16 5
0 5 48 8
46 1 19 6
8 12 1 46
11 14 36 20
27 21 22 0
31 16 27 5
14 43 44 22
37 11 43 9
24 16 9 40
18 20 11 37
34 29 13 1
37 47 40 10
43 1 4 47
33 8 37 48
40 5 6 44
33 5 42 49
27 19 3 15
11 2 13 22
37 18 12 3
24 0 23 23
14 41 48 24
49 5 45 2
36 19 49 16
29 32 38 47
7 22 12 6
28 42 49 18
13 13 8 23
13 24 18 35
31 12 35 45
19 17 41 46
23 39 45 19
12 9 8 20
18 2 13 27
29 33 23 13
31 17 47 16
21 43 37 45
35 15 42 43
30 14 5 41
23 12 47 5
48 48 39 47
41 42 44 24
24 13 48 15
7 48 46 12
6 46 21 31
31 15 44 29
30 12 34 46
26 48 42 0
12 7 34 24
32 15 44 46
34 36 45 22
29 13 31 2
19 6 37 18
15 43 40 49
30 4 16 2
33 13 14 44
33 10 13 47
32 20 43 11
28 18 16 14
28 25 9 4
9 41 18 4
24 6 2 21
10 41 48 12
39 10 6 15
9 45 6 19
16 20 38 10
39 30 44 9
31 34 13 19
42 13 9 30
38 7 14 22
29 7 18 30
18 11 20 25
21 22 4 41
11 12 44 26
13 27 27 3
15 6 38 12
31 17 42 23
33 14 14 39
44 15 3 18
31 26 4 34
33 48 11 24
29 12 28 5
26 2 37 14
33 38 13 7
35 13 33 4
24 15 12 25
32 27 35 39
17 8 48 15
3 16 39 16
29 12 11 24
7 18 23 24
11 18 2 5
16 39 3 2
30 15 34 36
20 30 23 3
32 23 45 21
17 17 8 48
23 26 35 49
31 11 25 33
20 0 0 24
42 9 12 2
43 7 23 20
26 10 42 18
26 22 35 48
22 9 38 12
37 35 26 48
34 28 46 9
49 12 47 35
22 19 41 21
42 49 8 36
27 36 20 34
32 6 45 47
28 19 42 47
45 3 16 30
26 47 4 32
23 0 8 18
22 15 6 1
42 36 36 7
13 26 21 10
2 6 36 5
26 18 46 16
33 23 35 42
25 15 31 16
7 20 15 20
36 13 44 22
22 49 16 23
18 26 20 31
31 14 5 28
27 33 6 36
13 19 30 28
35 8 16 29
43 8 11 24
13 2 3 35
19 43 14 18
33 6 11 8
7 19 24 38
27 20 31 16
20 30 32 27
9 8 14 33
7 26 30 24
26 17 47 17
24 8 38 16
35 12 23 11
49 11 47 23
13 26 46 24
12 20 39 49
9 47 39 9
31 15 46 18
24 16 45 19
23 33 38 27
33 16 48 10
39 17 31 7
22 1 9 34
39 2 4 26
35 14 43 48
33 45 43 47
3 11 22 36
11 8 45 10
29 41 13 2
18 2 32 25
23 42 9 31
4 1 31 8
29 14 35 17
24 30 42 2
24 0 34 7
26 5 41 12
17 10 14 32
13 16 49 26
10 4 9 0
26 38 11 0
32 18 35 9
44 18 32 46
31 17 45 31
11 39 10 15
32 4 9 2
14 40 38 14
26 40 31 23
15 45 11 34
19 37 33 0
28 15 6 29
33 15 36 26
29 2 46 15
42 30 20 28
48 4 39 32
6 11 45 39
6 23 3 34
10 2 17 38
44 21 3 38
20 5 44 30
9 7 43 11
33 16 47 18
34 13 10 4
12 8 45 39
11 0 12 5
29 9 4 16
19 5 3 43
28 13 23 20
28 33 38 18
32 19 25 22
7 21 33 44
29 38 10 41
15 19 28 16
42 44 37 44
0 32 8 28
29 17 37 22
6 8 36 45
8 36 3 4
26 15 9 4
35 22 26 1
32 11 14 38
12 2 11 36
33 46 42 37
22 32 34 17
20 8 47 12
48 48 39 47
14 14 11 34
21 16 32 44
35 5 7 39
30 15 14 2
31 17 11 0
25 19 3 22
29 21 47 14
30 30 22 29
25 43 16 34
23 20 18 36
35 26 45 17
34 44 12 0
27 5 15 31
38 36 30 13
11 40 2 27
13 49 33 28
35 21 9 0
43 15 19 34
37 6 0 41
32 3 43 43
28 15 5 38
11 37 7 25
15 19 32 46
16 17 14 32
22 0 14 6
18 9 11 35
25 11 33 45
42 35 15 2
30 19 2 26
31 11 12 40
8 2 35 45
39 44 43 49
29 26 40 49
1 24 10 22
30 21 41 3
37 20 3 35
17 8 8 44
30 22 6 1
19 23 15 20
24 28 39 29
17 47 40 7
2 15 46 17
46 22 9 2
8 5 34 11
35 25 16 24
20 1 39 47
25 38 8 29
10 6 31 17
26 2 39 9
40 14 43 19
13 14 17 45
30 29 27 25
1 0 6 44
14 25 24 7
30 1 31 46
26 16 33 21
31 2 19 20
23 16 39 16
32 26 27 24
30 19 39 48
33 20 46 14
32 16 21 27
18 14 47 14
34 18 11 19
14 23 41 18
30 16 28 37
35 23 42 24
31 15 42 15
1 31 43 10
45 1 41 49
4 22 44 32
20 30 6 31
49 16 0 41
38 1 43 23
18 17 18 4
26 5 25 29
1 36 43 12
30 33 38 9
32 14 21 0
44 12 34 10
14 30 18 39
31 8 49 20
23 1 38 42
14 25 6 36
42 0 4 39
32 12 5 26
3 18 40 48
44 20 32 26
5 14 7 1
18 20 11 20
33 0 8 41
32 12 31 6
13 16 33 47
33 18 5 0
17 15 25 11
37 21 41 14
35 47 36 13
11 10 3 39
15 47 11 39
4 43 15 25
38 8 29 28
35 31 14 30
26 12 44 41
37 12 7 39
1 7 32 41
38 35 35 13
29 2 26 28
47 28 44 16
49 3 9 31
0 34 34 43
29 18 36 26
34 9 31 20
4 14 48 33
26 5 24 16
26 8 43 29
34 48 19 29
24 12 3 24
24 16 48 21
25 13 34 42
30 2 43 22
32 11 47 18
9 10 46 47
42 16 46 28
12 4 14 24
34 41 46 19
11 28 38 41
17 2 9 34
37 12 6 4
28 7 44 48
32 8 38 5
20 12 10 26
29 6 33 22
30 18 15 27
21 31 48 11
28 16 33 47
32 23 41 36
43 25 34 47
26 15 44 29
20 18 14 31
38 11 12 46
36 15 32 46
36 9 38 47
3 12 47 14
38 16 7 1
38 47 41 28
23 13 43 42
16 18 45 15
25 6 41 44
35 8 42 0
47 17 10 39
1 43 46 33
25 27 13 35
14 43 39 46
15 33 0 42
15 36 5 42
29 15 12 41
10 14 32 34
25 35 14 17
19 37 20 28
7 0 35 44
16 20 20 6
10 48 6 8
2 14 23 7
43 33 33 9
31 39 48 17
3 25 12 42
13 12 15 22
19 22 17 30
27 19 5 36
39 49 46 17
38 11 16 28
46 4 15 30
33 15 46 20
33 18 19 26
33 9 20 46
18 26 7 14
42 40 31 27
9 16 33 46
32 30 40 29
28 16 14 28
32 45 32 31
10 27 46 10
28 17 34 46
5 24 13 29
39 35 8 25
44 29 14 42
33 37 7 32
39 12 48 16
24 33 29 28
15 46 16 36
39 14 18 32
31 17 46 30
43 31 35 27
31 15 22 22
30 30 5 2
34 27 16 8
20 33 15 6
28 3 17 38
38 21 36 15
34 15 26 24
36 19 25 29
16 19 31 32
36 18 29 38
33 17 35 3
0 10 20 41
0 16 21 43
3 17 30 29
7 28 35 26
27 8 24 29
18 22 39 46
42 13 16 22
27 17 30 27
20 40 45 15
18 1 1 29
36 34 10 39
9 29 22 20
19 41 43 21
