50 401 18258 800
19 0 29 25
20 5 38 38
26 11 29 19
4 4 23 49
29 11 40 40
2 1 28 3
35 25 16 30
1 6 1 36
15 5 37 19
14 1 18 44
5 4 10 34
8 2 31 39
27 17 46 14
3 1 33 5
8 4 12 37
4 4 41 39
2 3 6 42
18 2 49 41
9 3 20 45
37 16 18 5
49 15 9 30
42 16 38 37
19 4 22 8
39 19 38 23
3 2 44 39
15 35 18 21
26 35 9 18
16 17 49 33
25 35 29 43
48 28 20 5
16 18 49 44
18 3 30 23
0 7 11 37
1 0 11 15
2 4 23 4
4 7 46 40
18 11 19 38
48 21 15 33
8 4 18 19
37 21 8 41
32 44 22 19
11 2 5 45
43 21 26 28
34 30 46 37
15 8 29 2
15 37 41 32
0 3 22 29
45 21 22 21
44 17 13 2
6 9 19 31
40 12 47 17
19 46 45 4
1 0 45 18
1 2 22 48
35 11 22 3
36 23 24 42
1 2 38 35
43 40 6 46
15 2 28 38
39 11 38 34
16 10 18 15
40 17 35 3
3 2 19 22
3 6 14 24
43 25 11 18
3 7 32 32
15 40 8 0
13 5 41 27
20 16 42 42
1 4 21 16
24 33 23 1
3 6 28 44
3 2 45 19
13 3 24 2
25 10 23 18
42 17 9 47
13 4 26 6
27 9 19 38
17 9 18 33
15 6 20 41
26 29 25 1
47 24 29 9
7 9 31 9
47 17 20 20
27 16 46 8
3 0 16 11
2 42 19 28
27 21 32 32
41 18 47 22
46 28 31 1
12 3 16 20
39 14 17 19
3 21 37 41
12 6 19 9
5 1 16 39
3 4 43 43
27 36 44 15
15 8 27 8
46 18 43 16
41 26 32 48
1 1 20 35
2 3 2 48
9 6 29 0
33 8 29 33
13 4 12 24
12 3 18 28
1 7 34 4
46 18 42 24
36 8 30 30
38 20 22 5
17 10 16 22
6 5 37 39
4 6 10 36
29 21 1 36
1 3 22 0
27 20 17 24
3 5 13 48
39 14 17 25
13 0 27 43
14 3 23 33
26 19 2 28
18 7 3 46
23 30 22 0
1 2 45 34
2 6 17 20
27 26 21 14
1 0 25 33
2 5 48 48
2 4 38 22
45 20 16 25
31 25 14 29
4 6 46 33
34 20 5 43
6 14 35 34
16 2 42 17
12 7 24 31
1 0 20 1
43 28 14 36
0 8 21 2
3 2 3 46
19 25 25 40
4 2 22 45
34 12 20 48
31 18 20 22
8 10 44 30
18 38 44 23
5 3 48 39
32 8 34 32
19 16 38 22
34 14 13 16
10 44 30 31
23 4 21 18
44 4 24 7
29 45 4 15
38 27 42 30
38 17 41 37
2 8 29 26
19 1 49 22
5 3 17 36
32 11 5 41
13 15 26 48
16 0 14 21
12 7 10 27
18 5 8 47
2 5 19 24
16 4 5 37
24 6 1 48
2 1 22 33
40 9 33 7
14 9 36 33
42 22 28 33
0 5 38 46
4 1 45 36
24 42 22 24
31 9 17 26
40 6 43 42
39 11 17 26
4 7 21 5
17 8 18 44
45 15 19 41
12 5 41 19
2 4 44 17
32 12 16 21
40 21 4 34
16 41 40 18
1 4 44 34
23 48 24 15
40 19 14 37
0 2 41 32
1 6 15 1
1 1 42 44
40 39 17 19
15 5 45 40
5 3 12 5
0 2 12 19
0 9 9 43
44 23 19 1
48 35 30 40
1 6 39 36
39 2 29 32
2 0 45 36
42 12 34 10
46 2 41 47
3 2 17 14
38 36 45 35
6 4 22 20
0 5 45 37
17 11 21 5
14 2 31 45
21 3 30 4
14 12 21 23
12 1 42 46
3 4 30 31
35 14 36 26
8 4 22 38
23 9 44 35
4 0 36 38
42 28 15 22
36 12 44 46
14 8 37 49
1 2 27 13
4 7 15 31
25 0 29 31
2 0 16 39
2 1 30 29
1 3 9 40
2 0 39 42
16 0 22 36
2 2 41 29
21 7 9 49
2 2 27 40
26 40 19 0
43 9 30 41
41 26 10 19
19 4 42 22
4 6 19 0
25 12 20 14
47 26 36 45
12 12 16 9
24 4 32 29
46 13 28 25
43 15 40 4
25 30 27 43
4 42 21 43
28 12 22 24
12 36 21 5
25 40 9 45
14 35 15 25
0 7 36 12
9 4 23 20
22 39 15 23
4 3 20 35
39 16 8 43
10 38 8 48
16 8 10 41
6 6 39 36
15 1 15 20
15 2 43 47
14 4 37 37
8 3 40 33
13 0 20 28
14 8 21 47
4 3 28 20
40 18 18 28
1 3 22 25
2 6 37 35
17 10 42 26
23 27 47 29
35 9 15 42
20 11 11 25
12 5 7 46
41 22 16 9
24 42 13 45
16 1 14 12
19 4 39 39
20 37 28 4
15 4 25 21
23 6 13 46
15 9 42 29
24 10 25 49
0 3 30 26
40 18 28 24
5 3 23 24
34 20 34 36
17 2 31 35
3 3 19 27
42 27 25 43
10 0 39 37
6 26 23 9
15 27 13 10
26 3 48 47
3 3 24 6
49 16 39 23
23 10 34 43
5 6 33 23
30 11 20 36
45 12 2 33
9 2 10 13
0 3 16 35
32 32 48 33
18 1 36 36
33 7 28 42
0 2 19 5
34 16 16 38
41 19 14 28
0 8 21 24
18 1 37 38
13 6 18 12
2 4 24 15
14 32 26 38
36 11 16 33
43 18 23 18
43 12 9 31
17 35 10 30
46 40 9 8
10 0 13 26
19 42 39 18
3 2 25 36
41 8 15 19
38 25 9 42
24 22 32 24
2 4 11 44
38 13 17 15
36 7 38 38
19 6 26 3
2 3 39 24
18 1 39 45
35 29 21 16
33 17 49 44
48 9 10 25
1 4 40 33
8 16 21 22
1 5 41 43
1 5 48 33
25 34 6 7
8 6 40 37
20 3 41 36
25 21 13 22
41 17 19 27
30 37 27 24
44 25 32 23
4 2 26 32
43 23 24 19
32 19 23 0
1 8 26 43
28 19 38 38
27 6 7 47
20 13 26 26
17 6 23 17
11 8 39 30
3 5 27 12
8 0 40 36
42 3 37 37
41 16 19 24
2 4 32 38
6 3 14 43
44 4 14 24
14 13 38 33
13 12 32 42
30 17 22 39
1 1 39 37
34 24 22 6
11 8 1 30
36 22 44 41
24 46 36 37
35 24 26 24
17 42 8 26
35 6 32 32
3 5 18 23
37 22 7 41
3 1 49 18
41 7 48 34
42 8 43 31
0 0 26 47
0 6 18 40
6 13 19 22
27 35 38 22
44 14 20 8
29 36 35 48
1 1 20 22
0 6 20 43
3 5 14 9
2 7 35 31
3 0 17 15
16 11 5 20
17 8 44 48
7 2 22 27
1 7 30 39
10 0 46 18
22 14 28 33
5 6 6 49
4 2 12 38
4 12 24 37
26 47 15 25
18 39 33 15
46 30 20 41
1 3 46 28
19 6 32 45
43 20 25 12
21 7 20 0
0 3 39 36
