50 420 14097 800
35 27 34 32
20 1 30 22
30 15 49 36
21 45 5 15
26 19 15 21
3 1 5 38
22 0 21 11
9 20 9 15
27 31 19 12
33 10 6 30
20 3 29 21
14 9 13 19
39 27 43 37
32 4 40 43
21 2 17 27
41 26 22 13
37 0 45 12
22 0 22 12
19 29 41 33
19 2 11 19
43 14 45 18
10 24 40 16
31 8 8 14
25 13 45 37
41 25 6 1
46 10 8 23
36 31 40 37
31 5 43 16
35 1 31 34
32 0 22 21
29 3 8 19
21 4 5 18
21 1 13 7
16 20 18 32
6 10 13 0
19 2 44 38
20 11 42 28
37 47 22 14
16 22 29 3
15 19 18 4
3 18 10 8
5 24 10 40
32 0 12 13
35 27 46 33
47 42 17 9
35 27 24 7
39 26 21 6
27 20 43 29
2 29 45 27
36 8 11 11
32 14 39 36
49 42 35 44
17 3 35 9
19 2 46 40
22 25 35 31
31 30 13 24
40 27 44 37
40 31 14 32
35 26 18 29
15 20 11 21
13 28 35 28
7 16 46 24
18 24 4 6
18 1 34 19
22 49 4 8
34 5 21 16
36 32 13 30
29 48 45 38
28 12 38 39
29 5 43 23
22 6 9 20
25 42 19 7
34 3 35 49
20 47 5 22
24 41 37 36
46 39 20 20
34 5 7 38
27 36 40 27
23 49 7 17
37 8 2 11
46 4 12 41
20 2 28 15
17 13 4 14
19 3 13 14
20 25 43 19
0 40 45 18
23 1 9 2
30 33 46 36
31 2 33 40
27 13 13 12
34 24 42 25
27 35 27 18
20 2 42 37
21 3 16 14
33 30 8 21
34 18 1 20
19 36 18 1
39 25 47 37
19 0 20 9
18 15 2 7
18 4 7 20
18 18 47 34
34 15 12 6
18 18 23 19
36 36 7 4
19 21 41 36
32 31 19 19
12 13 41 37
43 4 12 37
8 23 45 16
34 3 41 32
34 30 29 20
41 4 13 12
24 10 13 20
8 10 32 23
35 0 19 22
26 2 13 6
24 11 19 30
23 4 38 33
21 2 35 40
14 21 0 19
23 6 46 31
19 5 23 25
10 11 13 32
28 12 26 28
10 30 13 23
4 4 38 40
37 5 46 19
44 14 38 29
12 20 43 40
31 6 26 20
35 38 13 27
15 27 25 22
22 34 44 39
19 3 0 5
20 28 41 47
37 30 20 20
30 3 15 33
35 27 47 26
4 10 3 3
20 1 18 39
34 7 35 36
36 0 23 19
34 6 15 17
37 37 18 49
17 31 28 42
21 1 11 3
42 46 11 19
42 25 19 7
25 9 15 18
4 20 40 27
20 5 30 38
5 8 11 18
16 13 7 12
35 2 39 37
20 23 29 19
20 22 11 30
19 31 4 29
32 43 47 22
31 43 42 39
22 3 31 10
14 22 44 35
20 26 36 20
31 1 37 32
40 33 25 47
42 24 5 6
25 15 43 34
5 22 1 23
10 30 41 30
17 2 4 41
20 13 37 27
21 2 6 10
31 6 45 10
17 17 44 37
18 7 49 35
18 16 1 10
17 21 8 12
11 16 49 12
16 19 35 22
36 26 15 12
39 4 46 48
28 30 8 36
40 25 17 4
30 16 15 5
33 7 1 30
7 27 35 19
28 13 44 12
32 3 42 32
4 10 6 29
16 36 12 1
39 25 47 10
37 24 49 30
19 2 45 38
19 46 11 18
25 4 24 30
23 4 11 4
27 13 33 27
10 36 22 19
26 10 11 31
6 19 20 3
11 16 3 11
24 6 46 42
26 49 11 15
13 11 30 32
37 27 49 40
12 15 19 27
33 3 0 33
10 17 44 26
34 26 40 35
31 3 30 27
17 25 6 5
29 5 44 15
17 29 19 24
4 18 2 35
26 10 33 34
25 6 21 27
34 3 41 44
23 1 35 29
28 30 47 33
26 21 29 27
21 2 34 17
12 49 12 23
20 9 15 4
5 27 13 7
39 31 3 17
36 25 45 38
37 27 32 15
34 27 36 49
36 31 30 6
14 44 43 22
14 0 19 14
39 24 17 36
21 37 44 39
18 9 44 35
37 18 46 49
33 31 21 17
36 38 34 23
32 3 24 20
17 27 20 7
24 22 6 6
38 25 36 20
19 1 23 20
38 28 12 22
30 18 11 2
20 1 41 36
26 27 8 34
14 22 3 16
35 30 16 6
23 0 10 9
11 11 43 32
24 45 5 18
36 24 9 13
3 5 36 28
35 1 16 18
33 4 4 19
10 46 48 34
42 32 8 33
25 10 16 14
18 21 12 33
45 36 38 43
16 22 3 18
8 22 2 31
38 43 9 13
39 14 25 18
14 19 21 27
25 21 16 6
42 10 37 48
18 5 32 27
23 9 44 45
36 22 8 33
38 23 18 25
31 3 3 8
45 16 19 8
23 2 36 33
3 26 42 34
27 8 9 23
42 2 20 25
39 3 21 31
22 6 15 16
32 6 0 29
38 7 39 43
12 20 16 30
22 2 16 24
26 6 42 29
22 2 10 11
9 33 14 33
37 30 12 20
34 31 32 14
16 0 38 29
29 47 33 29
6 27 33 34
7 37 20 23
7 17 4 14
0 14 44 43
12 13 4 42
3 42 40 28
27 9 25 13
49 25 10 11
17 23 43 41
35 3 23 28
22 1 4 19
15 25 41 43
29 13 9 10
19 28 4 21
30 31 9 6
27 0 18 13
16 23 9 34
32 42 42 44
26 12 11 10
31 5 11 5
9 20 1 23
20 18 17 26
4 4 41 20
16 20 2 16
29 15 20 41
39 26 47 16
42 4 20 17
18 45 7 36
16 8 19 17
32 4 13 13
28 13 44 47
21 41 11 5
46 7 44 36
30 10 23 25
27 14 45 39
36 3 30 41
37 4 33 26
13 24 4 21
28 2 29 39
16 38 48 37
31 38 41 35
21 26 36 24
41 27 39 33
11 27 49 28
30 3 13 22
38 35 34 36
5 11 15 19
12 19 6 17
41 26 44 6
39 10 12 23
13 29 4 11
32 5 11 12
30 4 23 14
31 46 8 14
23 25 45 36
34 24 31 45
45 24 12 28
46 38 42 42
10 20 32 42
8 25 37 23
31 2 2 3
36 0 19 17
18 14 19 5
0 7 46 30
13 21 27 26
30 14 10 6
17 20 0 6
31 11 12 8
18 23 41 35
11 17 5 18
31 8 18 17
21 9 18 25
37 1 22 19
19 8 38 22
30 32 4 42
7 25 42 29
38 1 34 9
25 5 22 8
21 6 36 34
23 14 7 14
13 7 45 25
30 2 15 5
18 24 0 20
8 33 33 35
36 41 10 12
27 8 35 2
19 2 15 25
18 10 16 18
30 4 41 27
10 23 49 43
21 0 39 32
19 17 17 26
34 25 45 36
24 26 4 11
5 45 31 38
24 15 10 6
25 17 3 26
33 21 20 10
10 32 22 22
10 13 28 15
26 31 20 15
24 7 19 16
22 22 25 25
20 5 5 4
19 48 38 41
8 17 18 24
17 9 16 22
32 2 48 13
28 32 31 16
13 19 47 38
4 18 20 22
34 1 5 20
16 33 40 20
7 15 31 23
32 40 4 3
43 45 6 14
37 1 26 32
19 28 41 34
15 39 9 8
35 7 14 9
9 0 45 39
6 28 18 25
13 25 16 21
23 37 18 19
37 24 0 13
20 21 13 27
25 48 32 29
25 21 45 12
29 7 36 17
1 19 15 3
