50 717 19321 800
17 7 38 13
43 31 46 19
17 28 32 11
31 30 27 9
5 24 29 14
25 20 39 33
32 26 32 4
40 19 38 14
16 9 20 17
7 31 46 22
10 37 14 21
37 47 24 19
42 46 18 18
46 47 19 7
40 35 48 3
32 3 20 37
47 18 18 25
19 1 13 19
17 37 22 12
31 18 19 27
34 33 33 9
32 26 43 7
35 46 17 10
37 19 2 34
24 2 12 15
34 22 20 17
34 22 6 7
11 35 28 27
22 4 17 17
24 48 3 11
38 26 41 11
31 24 47 4
35 45 36 16
12 33 47 19
4 30 32 46
37 21 21 41
45 41 45 14
40 48 22 27
34 48 9 4
47 35 29 13
36 39 20 17
44 26 30 17
14 27 6 15
26 29 20 18
37 17 47 10
47 21 36 1
38 17 32 15
13 27 35 9
39 24 27 12
2 27 19 19
4 31 42 19
31 22 31 5
23 29 13 10
9 29 38 9
25 6 35 14
40 27 11 15
28 26 4 41
37 30 14 17
11 33 6 13
48 29 32 4
2 36 24 43
28 22 34 6
15 29 39 4
6 38 36 15
9 44 29 16
14 30 19 15
37 35 24 7
32 23 40 15
8 23 41 6
8 32 21 6
48 12 31 35
31 31 46 15
16 36 35 24
37 45 19 19
28 19 19 16
30 5 24 6
18 49 6 12
30 47 28 11
3 31 34 12
8 28 41 11
39 25 7 10
20 32 26 19
33 21 8 14
31 24 48 16
39 19 17 16
42 46 31 26
39 36 14 23
30 23 19 8
4 34 25 3
48 16 42 27
20 28 30 3
41 43 19 47
29 1 4 11
3 29 22 8
39 42 16 20
10 34 28 9
36 24 15 19
46 49 38 12
44 49 32 36
30 23 2 14
13 38 29 13
45 47 47 17
7 26 26 2
37 21 11 18
18 17 43 23
3 25 37 7
34 32 21 19
21 26 39 8
29 28 28 2
30 28 22 23
19 4 31 41
39 27 17 44
10 25 37 1
5 29 16 2
25 25 43 10
39 34 15 13
13 37 42 20
43 43 24 22
9 31 42 11
2 32 46 16
16 29 16 16
29 24 15 10
9 30 37 10
16 27 11 17
7 31 17 17
11 25 26 40
36 33 44 22
22 29 22 48
38 24 31 45
14 44 24 0
7 38 40 38
40 30 28 4
4 26 21 19
36 11 19 2
28 21 29 1
23 4 23 20
4 33 12 29
31 18 3 28
43 32 44 18
45 13 17 41
19 33 31 44
7 31 19 19
25 13 24 4
31 24 12 24
21 29 17 19
11 24 15 44
45 38 22 44
30 25 36 2
39 27 28 4
11 28 43 18
4 37 5 23
15 23 20 23
5 27 39 0
29 27 45 21
8 25 32 5
15 26 48 21
41 14 21 20
9 37 33 11
37 48 33 10
23 27 0 11
30 39 18 14
2 29 32 14
37 23 44 7
42 48 17 18
23 29 38 7
43 28 16 14
28 21 45 17
42 29 6 9
11 33 47 16
5 35 3 17
8 22 5 8
20 35 44 24
22 19 19 17
18 7 19 14
37 34 23 33
40 45 22 16
27 41 18 6
41 39 34 12
44 38 21 21
44 47 0 12
33 10 46 18
28 2 13 28
36 32 15 19
21 25 26 34
41 49 42 4
43 27 34 6
11 28 39 12
18 15 12 15
34 24 19 19
42 18 48 21
31 31 45 21
48 25 45 21
9 34 13 2
14 26 17 49
43 40 24 12
16 30 5 24
47 43 20 20
24 1 44 23
7 30 25 13
29 27 21 14
7 27 41 22
41 39 32 7
29 25 49 7
17 0 14 4
13 39 18 16
41 36 37 11
32 18 31 8
41 48 29 11
49 35 11 21
42 11 46 20
6 31 19 1
42 45 3 15
19 13 15 16
35 48 8 20
48 34 16 17
10 8 1 12
11 33 19 15
26 26 10 4
12 27 21 40
14 33 39 28
32 3 42 4
10 17 4 15
37 20 25 30
23 21 27 15
28 22 35 3
10 32 41 0
27 28 1 16
44 39 12 16
47 30 4 14
29 12 45 18
15 37 16 48
35 25 45 21
21 5 46 15
4 26 17 16
39 26 31 28
26 31 1 8
47 45 28 10
40 35 33 8
13 35 38 8
15 36 28 24
48 46 26 11
8 42 8 13
13 28 32 11
10 28 20 18
43 41 5 31
32 25 20 9
26 6 20 23
8 27 27 9
34 25 17 9
24 33 49 16
48 31 19 7
36 29 45 22
30 31 6 11
44 42 28 14
46 33 36 34
45 27 2 11
27 17 0 27
39 22 20 43
32 17 49 21
9 23 41 22
35 30 38 16
39 33 18 21
40 25 2 11
40 43 44 17
20 35 49 10
48 15 46 12
11 26 31 33
8 29 29 4
40 27 27 6
35 36 5 24
34 27 35 14
32 26 28 16
37 28 20 21
25 19 21 42
35 29 26 38
49 19 21 4
39 49 3 10
26 29 2 16
46 32 13 44
42 26 23 7
46 20 20 12
7 31 26 10
30 25 35 2
25 27 33 5
26 27 30 5
40 27 43 34
34 45 36 7
34 23 9 19
26 13 46 18
17 29 12 16
29 13 43 16
44 25 10 39
42 46 15 15
8 39 16 16
11 27 31 9
40 31 40 23
45 27 18 26
40 28 33 5
10 26 27 6
11 42 48 6
22 24 36 4
18 29 31 39
35 25 13 12
10 32 26 19
32 13 32 3
48 7 45 24
41 38 23 14
19 2 32 16
11 32 40 17
21 3 42 22
25 19 12 29
33 32 17 19
8 28 20 20
8 31 10 18
31 20 31 5
33 42 34 9
33 23 39 4
7 30 33 22
27 40 17 21
33 30 17 19
37 24 26 18
9 29 17 23
36 34 47 22
20 36 38 42
14 34 17 10
33 22 33 32
35 23 3 10
3 27 22 9
36 18 12 18
25 36 38 7
36 22 35 38
29 21 17 18
12 34 9 6
32 39 25 8
33 18 13 23
19 7 17 19
1 24 18 3
34 27 34 0
31 21 47 6
34 24 46 20
19 38 30 15
29 5 22 20
9 32 15 10
29 27 37 6
21 2 17 7
6 24 25 2
7 28 28 28
27 23 34 19
29 31 22 26
49 30 12 16
10 29 19 16
37 19 10 7
17 20 25 14
33 17 21 41
29 24 13 2
29 18 49 32
33 20 43 20
12 37 18 19
20 6 1 29
1 32 44 30
8 32 11 20
9 25 49 20
21 10 38 11
20 40 40 0
14 31 33 19
35 4 26 9
16 30 40 13
36 22 11 12
35 49 0 27
16 30 36 17
10 29 3 14
30 17 29 7
47 20 30 0
29 16 31 39
25 13 47 8
44 31 46 19
33 30 48 17
24 24 32 5
30 23 16 13
8 33 3 18
39 46 44 5
39 34 14 40
33 24 3 19
9 39 32 15
18 30 35 17
11 29 12 18
34 21 6 3
8 37 31 44
35 21 48 24
14 41 35 11
42 48 11 1
35 36 40 33
28 10 0 11
12 32 35 1
42 41 20 13
25 27 19 6
38 25 34 11
39 35 35 8
49 40 23 44
28 36 28 3
5 30 41 5
30 25 42 9
38 25 47 21
42 47 23 11
26 22 19 21
36 27 34 41
37 36 41 33
34 26 19 21
25 28 19 33
19 12 37 9
5 30 44 46
16 22 48 19
45 20 33 2
24 44 26 41
11 23 11 3
30 20 32 26
35 25 38 2
39 31 46 31
16 2 27 7
38 46 30 35
46 35 37 33
36 15 42 8
25 26 15 19
8 27 30 1
27 42 16 17
24 22 15 44
20 27 48 9
12 27 42 11
40 34 8 11
10 31 23 14
46 32 31 9
12 27 41 1
32 17 45 21
29 25 37 12
49 9 37 15
18 30 49 21
25 19 21 10
45 17 32 10
37 13 14 26
32 25 37 13
22 30 48 21
35 13 22 9
33 23 22 3
31 26 40 18
39 44 12 7
30 23 46 8
10 26 29 14
39 24 41 12
4 14 17 12
15 34 38 14
44 48 34 2
13 33 22 7
20 32 26 9
24 21 36 4
29 22 42 30
20 1 23 17
30 21 29 6
43 39 32 31
27 12 47 9
42 17 45 20
1 43 17 17
37 25 20 19
46 35 15 10
38 33 2 13
27 48 23 40
17 9 47 14
43 36 17 1
32 21 41 11
30 20 20 18
11 12 33 0
27 3 20 20
25 45 46 21
23 6 22 19
30 25 39 15
41 32 48 4
6 27 32 10
16 0 20 17
47 41 2 14
16 5 20 44
6 28 35 2
30 24 12 9
18 36 41 23
14 34 32 5
34 29 23 21
15 38 25 11
33 15 21 17
32 19 27 14
11 28 19 12
11 30 17 21
31 19 6 23
35 46 29 31
13 29 31 12
8 27 21 31
41 37 8 8
11 26 43 6
8 38 41 3
48 25 36 26
23 23 26 45
33 16 42 21
49 31 42 18
48 43 40 29
26 28 39 10
9 32 35 8
27 24 5 2
38 36 21 1
6 28 18 5
26 2 36 25
33 25 4 18
40 29 11 19
21 14 41 10
8 25 20 17
39 32 7 13
11 28 25 12
41 44 39 15
9 39 19 14
35 30 11 6
13 32 11 22
22 19 17 21
33 23 21 40
4 28 41 23
24 23 45 18
33 26 21 12
38 31 32 43
29 30 44 9
9 38 29 4
42 25 24 2
45 43 30 33
35 15 25 7
39 25 34 39
45 41 31 8
32 23 21 17
32 22 13 18
36 12 28 10
45 27 34 18
30 36 46 13
21 31 45 7
39 20 21 23
39 48 48 18
16 9 48 21
34 20 16 5
48 36 39 12
49 47 47 10
38 42 27 14
23 0 47 22
46 28 35 10
39 2 25 33
43 37 0 15
40 21 25 21
46 34 0 18
33 35 37 7
22 9 39 22
30 29 28 43
26 26 37 10
47 43 22 12
32 35 45 23
10 34 8 5
17 32 15 6
32 6 44 44
38 24 32 39
40 39 11 9
38 22 30 11
41 40 18 17
30 26 17 18
16 39 47 17
17 38 28 7
30 23 36 36
46 26 37 0
37 25 43 6
36 24 4 15
49 40 30 24
30 29 35 13
14 35 32 20
15 6 45 17
49 36 43 20
38 31 31 28
15 26 5 28
24 30 15 17
37 27 38 46
42 42 20 20
6 28 1 16
9 37 29 4
36 26 21 22
8 27 24 13
24 23 23 11
38 20 28 1
49 20 36 14
47 45 17 34
45 22 16 9
20 20 7 10
9 29 20 17
40 33 42 19
15 21 25 23
37 21 23 27
31 20 8 36
32 26 16 7
35 19 17 14
8 27 34 9
33 27 45 17
36 19 40 13
9 27 28 6
38 17 21 20
11 27 3 16
46 47 20 20
29 20 18 20
20 32 47 8
45 40 17 23
12 23 44 22
43 37 33 6
24 11 42 44
8 24 23 44
32 22 17 14
15 15 20 7
36 29 46 24
6 33 9 22
36 26 17 16
28 17 22 44
26 4 49 9
35 23 14 18
34 24 28 48
24 16 28 9
8 34 18 36
3 38 17 12
14 8 48 24
12 18 44 9
37 28 23 2
42 24 45 0
39 30 19 17
30 17 44 38
31 28 44 18
9 32 14 13
35 23 2 29
7 28 17 18
35 20 21 17
34 37 6 15
34 21 22 14
38 16 25 15
29 22 47 23
30 25 46 14
10 32 49 18
30 35 14 6
25 24 19 19
31 48 37 12
11 32 5 18
6 27 44 17
44 36 10 21
25 26 10 14
6 29 41 16
7 27 40 7
32 23 40 1
39 22 15 40
40 28 36 11
38 34 27 4
29 40 19 33
31 29 42 21
11 37 19 12
48 48 24 45
35 17 21 7
34 19 37 1
17 26 45 16
27 25 45 1
12 34 23 25
35 27 24 16
2 34 46 31
46 28 24 3
42 49 27 48
22 13 46 23
10 20 43 9
41 30 27 16
49 36 24 21
15 4 23 5
29 25 43 18
11 34 37 13
47 39 3 16
39 12 4 6
36 39 39 5
7 30 40 7
32 19 45 21
36 26 19 23
31 27 21 9
49 44 49 25
36 19 23 33
13 21 41 22
32 27 20 8
40 26 47 18
3 36 30 15
28 33 29 18
34 12 19 16
27 22 19 6
11 31 39 4
34 18 23 25
39 17 33 9
15 16 27 4
31 26 7 23
21 4 18 46
11 24 37 40
49 41 13 39
48 39 36 2
29 7 37 10
10 40 34 12
41 42 35 32
45 40 27 7
49 24 17 19
13 34 47 2
28 22 48 22
34 28 37 0
12 30 13 17
37 42 28 32
10 28 11 13
31 38 46 19
18 7 33 21
4 32 37 2
45 19 33 38
27 29 20 21
31 24 6 11
46 37 42 17
28 49 29 1
32 19 45 10
