50 165 14876 800
39 12 0 10
22 33 42 36
36 12 20 14
29 42 0 20
46 16 42 20
2 48 0 20
0 10 49 1
14 6 2 24
0 8 13 14
42 17 46 3
16 19 43 25
30 37 17 24
39 37 5 12
39 14 6 28
39 47 15 28
44 22 37 21
15 38 19 16
21 43 29 6
32 25 31 4
38 41 8 17
45 4 15 4
3 48 2 23
44 16 36 33
20 24 48 21
42 46 10 20
44 22 8 32
11 28 10 33
34 31 41 14
34 43 16 4
36 36 4 2
10 32 43 30
30 6 8 25
36 15 45 30
38 45 48 37
40 23 14 34
43 26 44 3
37 20 44 18
39 23 41 17
10 29 28 24
39 10 20 13
35 9 31 18
42 19 1 11
45 44 40 33
14 10 32 8
40 35 38 1
41 27 26 7
30 37 49 36
9 5 24 22
2 40 5 23
11 17 45 12
35 13 12 18
4 2 15 16
4 40 14 28
44 15 5 31
30 10 5 14
25 26 5 3
35 17 10 15
42 25 26 17
17 38 46 0
23 44 25 1
38 37 41 15
27 43 8 42
24 33 17 3
35 16 16 16
39 22 12 28
24 33 46 25
37 25 16 15
40 25 15 6
31 44 18 10
8 35 26 12
18 2 39 25
28 39 37 23
1 9 44 33
44 24 45 4
37 13 1 25
39 18 7 21
42 17 19 18
34 14 47 35
1 0 38 40
37 17 38 1
6 39 48 6
36 16 48 12
37 42 18 23
40 32 31 8
32 45 10 11
8 9 16 29
5 39 35 34
0 38 6 23
39 47 43 40
46 6 46 33
18 35 12 17
27 46 9 12
18 8 5 10
36 32 5 32
42 21 8 38
2 14 6 26
46 31 43 35
34 35 41 11
41 22 6 17
34 7 25 12
30 11 30 2
44 37 47 31
42 37 45 4
47 28 11 24
36 21 48 35
22 33 8 2
9 35 12 19
34 39 21 8
33 35 10 0
28 45 40 33
48 18 7 18
11 47 14 13
33 18 41 15
13 25 3 43
3 27 4 16
34 24 17 18
42 35 40 7
46 47 6 10
27 39 6 22
33 32 15 25
42 16 45 7
2 15 43 28
40 7 8 41
38 7 10 37
28 12 31 33
43 18 43 2
39 33 7 6
0 28 5 15
5 8 17 16
27 34 31 21
20 45 48 32
0 47 10 14
36 34 7 40
40 29 26 36
2 9 41 31
35 20 15 3
10 11 0 0
37 1 27 7
46 9 14 19
37 45 21 24
26 24 3 2
33 29 18 40
31 37 30 9
38 36 4 24
30 40 9 4
40 25 26 14
38 44 3 9
43 17 28 16
40 40 31 45
39 42 8 13
42 36 14 10
22 35 33 5
22 40 29 7
29 22 19 14
36 21 40 13
7 31 25 16
18 29 28 22
13 13 22 21
4 14 8 19
35 11 12 10
15 35 41 21
11 11 9 29
28 40 7 21
43 10 14 49
18 45 31 12
