50 532 13535 800
28 34 32 39
26 14 47 30
30 24 16 5
38 18 41 26
37 26 33 24
41 23 27 11
24 42 48 29
20 5 3 33
16 9 37 32
23 36 42 29
43 18 49 31
27 42 20 39
34 6 16 38
24 23 44 12
8 13 45 38
48 17 19 27
7 4 45 25
27 37 6 41
41 15 38 17
31 27 40 42
10 13 3 38
39 17 22 37
35 37 48 34
22 46 27 18
25 6 42 20
37 37 11 31
35 5 42 27
17 9 12 21
13 1 21 7
36 20 4 48
37 10 24 43
36 31 35 10
35 25 32 20
47 16 0 13
35 36 1 34
22 21 47 29
40 14 20 23
24 19 47 24
20 39 25 25
21 46 23 0
12 22 47 40
31 32 42 48
25 34 14 18
27 5 36 32
44 25 15 14
33 18 42 30
39 33 3 39
23 39 25 21
42 18 14 18
19 36 48 26
34 16 49 26
27 7 28 35
35 18 46 32
33 13 47 27
33 35 17 5
22 44 14 34
27 22 47 28
9 12 42 24
22 44 43 37
14 2 40 42
31 38 42 31
47 20 34 15
5 13 27 34
33 9 3 39
4 17 35 16
34 33 47 31
21 0 34 17
31 9 6 8
23 45 38 24
44 18 21 15
45 22 17 27
49 25 39 14
25 38 20 29
36 15 3 14
22 35 38 14
25 47 33 27
35 13 45 34
32 14 37 27
40 15 1 37
40 23 42 29
36 13 40 39
28 18 24 23
23 36 13 37
44 17 45 22
44 38 8 32
34 16 36 9
26 28 38 22
33 42 22 45
26 19 42 37
30 25 40 26
30 19 36 44
35 34 40 25
34 23 9 15
25 5 9 14
23 34 33 32
17 2 15 49
29 18 38 14
36 35 37 27
26 3 45 31
44 13 11 16
48 14 16 49
16 7 35 32
24 44 45 30
20 39 34 35
32 32 39 35
19 12 45 25
26 25 14 43
29 14 5 36
36 4 31 9
9 21 27 16
35 20 47 37
46 29 24 37
30 20 45 20
23 44 17 4
42 35 38 6
26 21 44 27
39 9 37 38
22 34 48 22
16 3 39 24
25 16 44 11
30 12 42 23
18 40 36 6
39 28 25 17
30 23 43 33
29 29 46 16
35 23 18 21
23 40 3 37
25 14 37 21
26 16 35 8
46 37 42 24
26 21 39 29
49 12 5 34
25 20 4 38
23 30 37 29
27 45 47 17
19 1 24 28
25 40 49 20
26 12 35 5
48 15 47 36
37 33 41 28
27 25 23 32
4 19 40 32
23 0 30 25
23 41 40 22
43 25 22 24
46 22 23 12
26 45 7 35
25 16 0 37
15 18 33 29
42 28 2 41
33 6 24 47
28 20 43 6
28 35 39 29
30 31 45 27
30 20 48 38
32 39 41 33
2 1 47 30
28 14 7 37
28 28 48 33
28 25 14 40
32 17 46 26
23 20 1 37
42 17 47 30
8 11 15 17
43 29 23 21
22 11 47 40
25 39 30 25
26 40 9 35
37 37 43 34
35 35 41 32
11 1 39 34
22 34 48 31
40 17 44 32
40 21 5 33
31 27 5 35
31 41 29 6
34 35 47 48
32 40 44 36
31 36 49 32
33 27 47 30
31 32 41 47
31 6 47 14
40 38 45 29
37 17 41 39
7 3 49 33
49 12 4 28
36 38 22 35
1 15 21 34
47 19 5 37
21 34 5 34
23 35 22 41
39 23 43 15
26 12 48 26
28 16 34 29
22 21 48 26
34 38 40 34
23 36 44 22
43 34 47 39
23 28 21 13
47 40 15 38
26 17 25 36
34 28 9 37
40 20 8 36
45 17 7 31
38 4 44 7
43 27 38 28
34 34 44 43
37 12 6 33
28 15 43 14
49 20 22 27
29 19 21 43
48 40 0 34
30 29 10 25
33 31 38 33
24 19 43 22
30 24 41 32
28 18 40 35
44 19 22 40
20 0 4 41
26 16 35 13
30 18 26 40
38 4 35 32
29 17 30 4
29 36 24 15
36 36 43 30
42 22 23 23
30 11 5 42
18 32 33 26
38 24 37 31
43 22 41 29
4 1 20 30
26 23 39 27
45 33 45 23
36 30 34 6
23 32 25 20
21 39 19 13
39 16 33 4
22 26 47 23
34 32 43 30
25 18 22 2
34 21 29 40
34 25 35 30
40 20 45 31
24 41 41 24
29 9 3 31
29 43 5 42
38 31 42 27
35 39 2 33
35 39 20 18
8 6 23 14
21 42 30 28
46 2 45 25
22 38 37 24
33 18 26 12
41 25 38 13
26 34 49 32
27 38 46 24
29 22 17 9
13 7 39 38
23 19 40 35
47 23 2 40
47 15 39 29
21 42 32 8
29 38 45 23
43 14 29 30
38 29 32 17
38 30 27 9
42 27 9 43
42 34 48 33
28 42 43 22
46 16 42 24
20 45 29 23
17 6 12 3
35 17 26 39
29 11 27 34
47 16 46 27
20 36 37 31
23 18 47 25
44 9 49 26
36 35 21 16
26 21 17 39
35 23 23 40
40 4 44 35
46 15 31 43
31 1 48 40
25 34 44 23
9 7 34 20
21 39 37 14
42 28 12 31
47 15 40 40
39 3 36 18
29 21 42 39
37 20 45 18
23 26 46 26
15 10 5 34
26 16 22 31
37 31 23 6
36 35 11 40
21 41 35 35
47 38 23 19
21 29 49 29
32 31 22 25
23 21 34 18
35 28 37 7
24 43 28 16
28 41 41 28
23 18 42 37
42 32 16 37
43 21 18 28
26 19 38 21
24 2 44 26
26 20 24 30
28 25 13 24
39 9 20 7
30 23 33 9
24 43 40 7
29 38 25 18
27 18 48 36
22 32 46 14
24 17 45 35
30 26 45 27
32 17 6 17
40 15 19 3
39 30 5 38
20 37 27 39
21 15 46 37
37 32 13 17
36 24 21 9
23 15 40 26
42 21 22 32
46 26 36 21
35 13 4 39
36 32 42 39
48 3 37 20
44 18 34 28
27 18 47 42
17 34 9 38
42 28 27 18
22 23 44 2
21 40 41 32
49 24 22 36
24 37 44 29
32 21 5 44
37 34 45 18
44 16 12 33
21 34 16 24
41 34 23 5
36 33 20 38
44 23 47 33
22 22 48 23
33 33 29 26
30 28 44 31
45 31 38 41
33 22 34 12
19 40 9 19
28 29 48 33
3 12 27 14
37 20 43 11
24 17 44 29
49 30 42 29
23 44 43 24
27 19 48 40
29 12 9 40
28 47 6 34
34 27 9 41
34 18 37 20
40 24 28 28
32 23 4 39
32 12 43 29
20 36 42 17
46 31 6 49
39 22 43 31
35 32 7 1
21 44 3 14
22 28 28 23
45 25 41 21
38 21 38 14
25 19 17 38
19 45 40 35
21 38 44 26
37 35 41 26
19 24 10 9
13 4 46 39
30 25 42 28
27 23 42 38
23 37 32 16
46 18 32 22
42 26 10 29
29 25 13 35
28 14 44 28
21 41 8 39
43 28 8 27
44 11 7 45
9 13 45 12
31 22 24 36
30 31 5 35
40 36 49 34
40 32 41 7
26 44 6 35
26 21 43 24
33 38 8 35
33 37 44 31
31 21 7 25
24 41 38 18
31 9 42 30
17 16 10 31
34 9 49 26
20 40 28 23
35 34 30 22
23 20 37 38
31 42 31 30
35 30 16 21
40 25 45 22
34 8 19 24
23 36 39 35
38 37 32 18
39 28 28 25
48 7 6 39
22 43 43 17
22 24 47 21
38 27 45 22
33 34 18 30
28 23 42 36
30 35 19 14
28 15 32 32
23 42 36 29
20 39 36 13
1 18 23 22
49 22 35 18
25 20 43 22
29 33 45 34
30 30 26 20
29 31 42 14
37 33 24 34
26 24 10 23
9 18 42 19
31 30 38 28
48 31 38 36
40 8 15 7
9 10 27 27
16 41 16 19
34 23 21 24
26 28 21 22
19 23 25 35
21 1 47 29
31 31 46 24
28 6 42 31
30 22 41 28
3 0 19 4
38 4 45 37
31 22 13 12
24 33 2 35
25 34 28 5
38 21 48 26
30 12 27 25
29 35 49 32
24 41 41 29
37 22 25 14
38 16 10 23
24 16 39 27
25 16 44 4
39 30 2 37
38 27 43 31
38 33 46 33
30 32 23 25
7 8 27 27
25 23 19 42
39 11 49 31
32 4 17 33
12 9 48 22
45 23 46 37
33 12 41 17
27 7 1 4
35 30 7 44
17 38 30 20
42 24 5 40
33 3 24 26
31 35 46 28
22 21 11 12
25 20 39 18
32 21 32 10
36 32 30 13
30 30 41 41
33 2 42 27
18 32 42 27
46 27 48 24
42 18 36 2
31 21 42 22
31 14 21 28
33 34 39 34
29 38 44 17
31 10 41 42
34 21 6 34
25 19 44 22
33 40 37 35
32 11 26 22
29 31 47 16
31 37 46 34
29 14 30 31
32 32 4 38
41 26 10 40
29 1 10 44
42 33 8 40
21 40 17 25
41 5 27 25
32 28 39 10
33 39 28 39
47 26 33 19
26 6 39 11
42 12 39 8
29 21 7 43
45 5 14 24
26 30 35 22
29 19 46 31
39 38 34 27
27 20 38 18
28 25 29 16
21 19 18 40
36 30 40 18
13 1 49 30
24 34 48 19
36 31 25 21
0 1 35 33
49 19 34 33
37 12 4 33
26 19 35 24
22 31 36 30
15 3 41 32
35 24 45 39
26 24 34 4
44 25 4 35
43 10 47 23
