50 60 13511 800
42 1 2 9
49 26 33 16
31 40 21 24
29 38 27 29
15 35 7 12
48 12 26 22
48 46 25 32
41 33 39 8
35 36 13 6
18 21 18 28
24 44 36 36
44 22 13 13
25 30 48 21
27 41 21 25
6 20 20 16
47 7 26 27
24 34 16 12
40 12 16 13
12 46 28 24
20 15 39 32
44 41 12 12
48 28 23 31
41 39 24 26
21 39 41 12
42 45 25 28
21 39 27 25
46 45 24 23
15 13 2 31
28 20 31 13
23 49 19 13
17 29 29 21
9 12 26 29
14 2 25 16
13 5 0 19
25 35 23 30
19 47 27 30
14 35 27 31
23 8 27 27
14 4 20 8
21 24 25 31
41 48 28 25
25 6 20 29
16 11 5 15
13 12 24 24
45 42 39 23
13 25 28 24
30 23 32 19
49 31 29 26
43 7 32 21
27 42 19 26
13 14 29 23
24 39 25 21
23 41 25 28
48 30 40 31
44 9 31 2
13 44 21 27
47 44 26 26
33 38 28 27
42 39 44 14
8 12 24 25
