50 133 11687 800
6 35 39 41
12 21 18 15
49 38 33 2
9 17 29 5
29 1 28 18
5 25 44 19
15 1 43 1
48 42 22 2
46 40 31 46
10 24 31 14
49 41 7 16
25 29 26 48
48 45 47 0
31 46 32 13
48 39 35 18
8 28 21 15
29 18 48 4
11 31 40 26
33 25 22 8
40 11 34 22
12 49 11 24
9 2 28 38
46 31 31 45
5 22 9 17
16 17 30 10
13 30 3 0
41 38 12 10
10 7 47 41
2 6 21 25
40 49 26 9
49 42 31 12
41 30 0 27
34 39 33 13
39 32 19 20
9 21 7 29
6 23 0 23
12 13 19 12
2 1 46 4
10 17 5 27
8 1 36 42
3 2 27 32
39 41 49 36
6 12 2 16
8 21 34 11
15 1 4 32
38 49 20 27
31 30 38 14
6 6 32 28
47 33 37 20
47 37 41 9
5 25 35 26
1 31 11 9
11 23 24 13
44 43 26 14
4 40 43 28
30 13 31 4
44 45 36 3
9 19 32 12
41 46 25 9
44 35 18 8
1 30 33 49
43 37 14 10
31 8 22 10
46 42 47 17
20 21 4 23
22 17 33 0
8 25 25 15
3 25 39 37
4 36 33 13
34 2 19 16
13 26 1 23
20 39 36 46
19 4 8 6
6 21 6 29
10 25 36 11
45 43 49 42
6 40 46 1
49 34 25 11
41 42 14 28
33 16 31 32
6 18 30 38
33 12 23 49
11 27 44 3
29 9 19 7
29 17 13 13
40 34 36 0
9 32 18 7
49 44 28 5
18 12 16 4
44 36 35 29
10 21 36 40
45 44 44 31
32 2 24 46
14 24 35 12
16 22 3 23
46 46 36 1
6 24 13 32
5 22 49 21
43 37 42 12
8 21 22 26
15 21 5 26
21 15 14 5
1 27 15 3
47 41 20 12
19 5 36 3
7 15 45 28
18 9 39 11
16 31 34 1
7 19 33 19
18 38 26 16
49 42 33 25
14 19 0 31
28 11 49 37
9 19 43 2
47 41 40 8
6 1 35 37
4 3 27 9
8 7 44 3
1 42 6 27
39 31 33 21
20 10 45 22
8 16 30 27
2 43 25 6
8 31 24 48
35 44 32 32
26 17 42 0
2 32 46 0
7 26 8 40
12 13 39 46
5 2 29 19
41 42 21 15
3 15 42 12
12 18 7 0
