50 498 19623 800
6 9 44 25
0 49 9 26
7 44 25 31
1 16 17 36
36 34 39 39
2 42 17 15
28 26 38 45
12 8 23 8
26 25 8 33
28 33 20 7
15 30 43 31
7 19 38 41
15 41 14 25
6 45 18 7
6 14 40 7
3 26 35 33
27 12 22 4
18 8 11 3
9 5 33 28
17 16 10 44
6 31 22 7
24 12 3 16
6 4 33 6
30 31 19 2
6 5 46 0
39 13 35 9
31 27 17 26
13 11 37 44
35 38 35 6
27 32 22 40
13 10 30 34
21 32 45 3
11 43 25 30
43 43 9 9
8 43 17 26
16 13 18 0
48 31 29 10
38 37 40 45
46 35 29 14
18 39 7 28
44 40 16 2
15 39 41 44
7 29 16 31
2 39 37 7
46 42 26 3
42 26 14 12
15 40 36 31
31 26 40 44
17 13 8 8
29 24 40 49
36 21 26 12
7 40 34 32
35 44 26 39
6 39 40 4
7 7 33 9
37 46 35 23
23 42 29 21
5 39 20 1
12 2 36 46
37 33 28 11
18 33 9 28
33 44 38 41
26 38 38 27
3 13 20 2
30 26 41 42
10 14 44 22
9 33 11 40
30 24 40 24
5 36 6 31
30 14 42 25
17 32 23 7
49 39 18 26
22 27 37 32
4 10 20 6
14 16 42 32
13 8 25 15
12 42 18 30
34 28 2 15
30 34 36 48
47 31 29 4
2 23 22 4
36 29 33 15
4 36 16 16
30 44 14 18
6 32 18 5
8 44 25 1
20 29 8 16
24 41 33 34
9 10 15 26
9 2 14 27
13 38 20 21
27 31 24 21
5 36 30 4
1 44 40 35
17 30 44 31
36 23 26 13
6 16 29 23
23 38 41 17
37 33 10 23
27 39 20 4
31 35 17 32
1 34 37 25
14 14 47 44
40 11 36 38
5 14 12 12
34 12 30 25
45 28 9 26
10 25 28 29
41 16 31 40
16 26 36 3
39 9 22 5
19 20 0 25
18 15 32 14
9 16 19 33
48 29 34 42
5 12 17 0
0 44 29 44
18 11 35 27
21 14 21 3
15 9 11 34
46 13 6 29
43 9 9 19
32 27 43 31
16 34 42 42
22 9 19 0
13 36 38 43
2 18 9 42
15 10 34 26
8 9 36 37
14 42 42 30
3 20 17 0
8 15 24 1
8 29 43 49
34 18 42 48
14 20 24 41
17 15 25 38
34 30 6 30
31 35 10 32
7 39 28 15
41 30 34 33
37 29 11 14
46 32 34 26
8 17 29 11
11 45 29 23
4 43 23 1
21 10 35 26
10 38 31 13
23 38 23 6
23 23 37 32
17 30 14 46
4 33 13 42
24 3 35 13
20 16 14 34
47 22 43 37
23 36 35 48
7 2 11 25
10 4 14 10
5 34 36 44
26 41 14 7
7 46 11 27
6 22 21 6
24 39 47 6
16 34 4 18
10 19 33 16
26 44 35 49
28 11 12 12
9 33 49 17
31 19 15 17
6 30 43 33
13 10 47 3
39 24 9 19
30 17 40 39
17 21 23 4
28 36 33 23
29 30 18 2
35 4 31 13
4 37 24 20
39 14 40 1
9 6 33 36
15 13 7 28
7 14 6 27
34 28 37 43
1 6 29 38
47 41 35 17
23 39 17 6
7 35 7 29
31 20 38 25
5 7 15 9
3 22 22 2
36 16 42 30
39 38 23 46
14 8 22 33
6 30 18 6
10 31 30 39
40 26 31 38
1 37 5 22
9 23 14 10
5 43 39 48
35 23 30 32
48 8 16 25
19 19 41 11
42 45 30 41
15 19 1 17
8 42 18 28
26 33 34 48
5 47 8 28
18 44 29 40
16 9 34 43
8 5 22 6
38 46 26 15
10 46 11 31
9 38 1 18
21 22 28 14
1 47 26 37
16 19 32 29
8 2 17 46
40 32 20 5
5 36 23 2
32 34 21 3
36 33 18 19
33 18 18 4
8 39 10 12
49 44 18 11
31 30 29 10
22 28 30 43
7 14 19 41
9 22 36 24
30 26 19 8
2 43 8 5
31 28 47 42
9 36 21 4
3 38 24 18
20 35 12 20
36 19 5 9
37 30 8 41
14 39 27 44
3 22 21 26
23 32 9 26
3 25 5 15
28 24 3 9
29 19 31 7
32 36 33 27
17 44 45 4
1 20 6 13
38 36 2 32
31 44 22 2
26 29 6 4
37 45 33 21
32 41 34 26
36 39 35 3
47 23 29 2
37 24 3 23
43 41 17 3
42 48 30 11
35 45 25 12
10 41 20 30
13 43 11 21
12 12 28 16
1 11 5 35
3 44 42 29
13 35 49 10
36 30 21 8
12 36 19 8
5 44 36 42
8 43 37 36
8 47 36 34
38 32 22 26
20 22 28 42
10 42 25 14
6 36 20 7
26 29 24 10
6 22 6 27
10 3 42 7
5 25 21 3
27 32 4 9
17 8 6 21
41 37 8 34
27 28 41 45
40 28 42 25
10 10 26 14
18 32 11 9
19 11 24 3
38 12 3 31
12 45 35 42
43 22 11 32
15 43 35 48
20 4 14 22
10 21 29 45
17 6 31 7
4 35 40 42
10 8 43 47
38 27 0 21
8 37 29 1
34 29 24 4
14 1 24 28
7 38 29 34
16 28 1 27
13 12 33 40
8 11 16 19
11 31 22 17
12 3 21 1
7 20 22 6
4 36 14 31
34 27 18 15
37 33 29 14
33 31 32 14
21 2 20 35
31 16 6 32
28 8 24 41
3 9 38 35
5 24 31 43
24 29 26 8
35 23 22 3
42 45 5 12
32 33 35 40
9 39 39 23
43 37 2 36
3 36 26 40
23 20 37 42
14 9 29 45
4 12 32 26
12 41 6 27
13 12 28 25
20 18 7 19
8 44 23 47
19 15 33 26
2 9 1 4
35 34 6 32
21 16 11 11
7 7 18 31
35 12 30 36
36 23 30 32
22 12 5 19
0 7 22 6
33 36 28 11
1 45 26 0
0 35 37 27
17 4 42 35
11 22 21 25
22 18 28 22
5 31 22 14
33 4 5 32
11 37 33 12
21 26 31 29
16 19 11 42
41 36 19 25
39 23 36 41
41 34 35 44
42 27 41 43
42 24 32 29
11 16 37 29
15 47 35 36
32 25 1 17
33 17 36 47
5 37 16 24
37 48 19 38
16 24 23 6
15 45 10 23
17 17 31 12
32 41 17 3
20 7 3 4
2 36 41 41
26 25 8 21
32 24 11 4
39 43 22 12
40 20 35 44
7 21 23 4
32 35 20 16
10 40 33 35
22 36 43 26
5 38 28 26
8 43 24 10
13 13 44 42
15 10 25 13
15 18 41 22
33 33 9 40
32 43 22 17
43 45 36 35
9 45 34 28
6 39 1 44
25 13 41 36
38 19 35 15
16 15 20 3
7 20 35 30
42 26 35 35
42 16 5 30
32 43 36 30
13 32 14 39
37 43 43 40
30 43 22 35
18 15 33 35
17 23 35 31
31 26 29 39
32 7 25 27
41 14 35 12
16 43 35 39
12 34 19 10
6 38 13 25
27 28 24 23
42 33 28 14
9 15 22 4
3 2 24 10
12 25 31 16
6 37 32 37
29 19 30 35
19 17 4 34
37 33 26 13
18 17 17 8
20 42 44 16
33 29 4 9
48 25 26 9
16 15 30 34
0 21 15 17
34 38 12 27
38 24 39 29
16 35 34 43
26 18 12 29
27 32 4 38
35 33 49 38
19 36 39 24
7 34 46 13
16 34 13 25
17 28 28 21
28 29 9 24
33 49 23 30
13 46 37 25
29 2 16 8
3 14 34 27
34 34 17 38
26 24 3 15
27 31 37 38
11 10 4 36
5 34 0 29
9 19 39 45
8 9 34 28
26 40 19 30
15 33 4 4
19 47 9 23
20 17 6 14
20 29 5 16
11 37 24 26
10 12 19 16
11 46 30 13
30 29 6 13
16 3 19 7
6 32 32 43
22 17 35 34
19 6 33 24
6 2 20 31
31 19 9 25
5 21 43 1
31 45 29 40
0 33 13 27
49 22 41 42
38 18 30 42
33 34 23 3
47 29 38 37
10 39 9 34
5 15 23 39
14 13 17 18
37 15 15 29
11 36 9 40
39 26 30 2
43 29 18 17
23 9 0 26
16 44 24 14
8 43 29 25
41 34 3 25
19 6 15 5
48 14 18 28
6 42 45 47
1 4 15 20
4 32 7 23
25 18 25 9
36 21 17 39
1 46 33 29
9 43 42 3
13 13 27 17
12 37 38 29
14 13 17 30
3 32 38 10
32 16 39 33
38 46 8 17
43 31 32 27
27 44 25 6
7 39 10 8
25 11 17 12
18 1 24 4
9 11 44 11
35 40 3 29
28 21 21 33
22 28 3 26
17 30 29 22
27 26 47 44
27 30 26 46
40 31 35 14
3 35 31 39
35 28 25 15
