50 169 13553 800
6 0 30 37
35 15 37 29
12 4 30 32
9 30 45 28
6 7 41 28
9 28 32 27
33 24 36 33
3 29 31 42
5 44 35 40
15 2 30 23
11 41 33 36
16 37 23 9
9 14 44 12
4 30 11 27
6 16 28 10
1 30 34 42
11 37 27 11
18 35 5 16
8 38 12 30
8 32 35 24
6 32 27 10
17 16 47 12
19 29 19 10
4 39 35 3
5 33 31 27
4 29 12 30
13 33 32 38
37 30 11 19
12 15 9 30
16 46 37 15
41 9 19 29
23 35 49 23
38 25 45 14
15 8 34 22
17 4 48 21
8 3 13 23
6 19 30 16
12 0 32 12
15 37 18 18
12 29 28 17
32 13 10 30
25 42 27 20
7 1 34 26
19 2 44 5
29 21 34 1
29 28 15 22
33 21 27 34
4 34 29 16
8 8 44 6
44 13 35 17
25 17 16 23
10 19 36 30
4 20 40 23
8 11 27 11
1 2 25 9
7 23 32 21
14 44 18 26
34 14 14 24
10 18 30 15
3 29 33 6
0 0 8 33
17 9 32 35
11 7 15 26
22 17 24 20
4 28 12 25
16 6 31 24
46 22 10 29
6 30 45 25
14 10 33 30
27 33 28 19
5 19 36 24
15 11 20 29
15 1 11 26
1 46 19 23
9 3 37 13
10 37 25 9
8 20 30 21
28 42 35 30
3 31 23 11
14 9 26 8
35 48 13 28
44 11 39 32
26 18 8 21
17 30 10 22
9 22 33 33
47 33 35 41
5 31 36 27
11 41 46 14
9 7 30 9
1 35 21 12
10 17 31 7
19 37 25 5
36 14 34 25
13 0 2 13
13 1 19 2
9 0 26 27
13 6 10 35
14 9 23 4
12 21 40 37
14 4 37 29
2 10 31 47
6 32 27 14
17 4 39 26
17 42 46 11
6 35 48 20
10 42 42 41
3 33 4 17
12 2 24 22
23 22 35 35
13 22 15 29
23 28 37 29
2 10 35 21
1 43 30 29
18 1 23 19
23 25 40 18
3 32 46 31
16 6 29 10
10 0 39 42
10 18 15 23
2 1 15 28
24 1 30 25
24 18 26 8
16 14 27 19
10 5 40 13
10 5 22 10
14 8 34 20
31 35 47 30
6 27 42 22
5 35 44 16
24 24 33 6
18 4 48 9
3 19 16 28
37 3 7 18
8 7 24 7
5 21 13 27
21 34 26 35
12 32 17 30
17 31 10 30
4 5 27 6
2 3 24 23
5 39 28 29
40 2 25 17
5 10 30 22
10 1 20 25
20 7 49 17
12 7 11 31
11 7 25 16
41 1 36 19
32 6 19 35
4 30 26 10
12 45 29 29
27 6 31 24
17 32 24 12
10 13 19 21
14 2 39 20
12 3 34 25
7 38 38 18
49 0 26 40
37 8 12 27
16 48 25 7
48 34 27 9
13 25 31 14
10 39 13 36
1 24 37 27
38 20 44 21
1 28 32 34
26 37 14 11
7 34 42 11
21 4 37 30
