50 670 16575 800
31 19 28 5
47 5 18 6
23 8 11 36
15 5 9 27
26 6 45 21
22 3 10 27
23 12 48 22
4 10 40 9
34 36 5 18
40 44 37 40
35 33 18 23
24 17 29 9
10 3 46 47
23 21 6 41
20 7 4 31
25 37 46 24
37 1 15 27
48 9 16 27
17 9 35 10
28 44 44 20
48 6 32 8
35 10 7 18
38 24 46 19
3 7 8 24
14 36 22 11
17 17 45 11
14 31 25 26
27 41 33 5
24 4 46 23
9 10 46 6
25 44 36 23
15 18 17 25
39 10 18 24
26 3 4 25
35 38 41 40
17 46 9 31
16 22 37 3
31 40 11 24
34 7 31 14
37 11 6 23
18 38 46 15
33 22 21 23
31 17 45 37
10 48 42 6
13 21 8 26
43 24 8 29
36 15 8 33
22 8 42 37
14 16 28 12
11 0 47 23
28 21 7 30
38 40 14 28
5 17 48 22
6 32 18 21
11 16 46 18
11 6 46 13
32 33 21 26
14 30 47 41
28 4 38 19
33 21 44 25
19 46 16 40
25 26 15 32
12 8 19 26
45 9 45 41
23 6 48 43
10 23 15 35
18 31 33 9
48 6 21 24
15 6 16 29
20 15 46 16
21 15 42 19
46 13 48 18
14 49 44 46
19 5 3 38
14 7 38 35
21 18 15 24
17 38 21 25
21 34 3 21
38 1 44 15
25 40 40 19
9 21 49 2
27 13 22 25
3 47 37 20
24 6 46 19
45 16 44 9
22 15 7 23
25 6 42 24
5 9 41 7
6 5 45 21
35 10 24 25
41 29 27 34
33 22 10 27
5 6 17 22
14 3 42 47
17 2 11 20
11 7 20 25
26 15 15 5
43 21 27 21
25 5 8 24
15 12 17 16
19 9 35 10
16 46 9 19
23 18 21 36
20 11 8 35
10 21 38 24
0 25 24 28
1 4 36 20
12 2 3 3
23 45 12 37
31 5 41 38
5 13 20 31
7 19 15 28
20 13 34 43
19 28 47 14
15 4 47 39
8 9 19 1
9 4 28 14
24 48 10 29
24 43 44 21
36 16 27 12
48 11 13 27
36 7 7 23
14 4 19 27
10 10 15 33
15 33 15 23
22 23 32 7
15 44 9 20
8 28 22 12
18 30 15 36
27 0 46 29
9 18 16 28
40 27 24 23
4 11 16 4
17 5 42 21
39 11 28 33
23 45 13 23
21 27 34 35
26 44 13 20
6 12 5 32
8 11 42 25
28 32 18 32
37 6 4 25
8 4 40 6
49 9 48 42
18 0 11 24
19 9 40 19
21 19 41 14
49 5 28 40
28 4 6 23
18 1 33 1
15 28 45 46
25 47 12 38
18 10 18 25
9 48 11 36
29 33 45 16
18 6 42 23
26 5 47 23
13 10 10 32
16 7 23 28
23 2 21 16
43 11 19 32
35 48 33 17
34 12 4 31
15 43 18 28
12 14 19 28
18 10 20 22
13 12 15 33
13 2 19 32
11 2 40 26
13 21 4 18
9 10 45 18
4 10 16 27
10 0 12 23
11 5 17 19
9 7 27 18
26 29 8 19
37 13 20 26
39 2 9 23
17 2 10 19
12 12 17 29
25 45 41 23
14 13 7 33
45 8 19 29
3 8 0 33
23 5 43 42
49 10 4 37
24 36 16 17
7 43 2 30
1 5 0 20
27 32 9 21
12 4 5 21
16 7 34 14
22 21 48 18
33 25 2 29
23 10 18 31
33 2 25 19
44 3 9 19
15 31 29 40
9 8 13 13
17 8 16 30
10 11 27 6
14 5 43 15
20 12 13 43
13 8 21 0
20 23 31 25
25 41 6 10
24 36 39 16
13 5 6 22
14 11 45 14
30 45 4 20
22 35 13 13
14 17 35 25
11 49 31 30
29 11 8 22
22 42 10 27
32 5 45 20
48 15 12 29
38 9 4 18
8 1 7 24
20 4 25 3
16 16 48 5
13 5 29 42
12 14 39 39
39 7 20 9
22 4 17 6
16 15 44 7
30 24 20 28
12 11 43 31
25 29 17 34
30 2 45 19
23 36 38 31
22 10 45 5
40 13 47 33
15 10 32 14
49 5 43 15
27 25 4 34
25 16 31 12
23 49 5 26
19 45 12 29
39 20 23 10
27 48 17 23
20 6 23 13
8 13 37 36
11 5 44 11
37 30 14 28
21 0 15 9
17 47 44 24
15 43 22 26
19 15 47 10
43 16 16 28
16 12 15 26
25 36 1 18
2 1 2 19
14 6 19 24
6 5 45 22
40 7 47 18
47 9 38 15
48 7 10 36
22 13 1 30
29 14 21 20
26 6 14 15
33 7 7 32
27 40 17 10
36 47 17 25
48 8 15 23
16 12 46 13
15 10 24 8
33 21 22 35
11 15 43 44
12 23 16 26
12 25 10 16
6 2 45 23
13 9 16 29
46 9 20 21
25 47 23 3
19 25 3 23
24 41 2 6
33 10 15 27
24 3 37 40
12 6 24 18
40 10 46 20
13 3 8 29
22 37 21 28
32 23 5 42
17 7 43 11
12 7 44 21
15 8 4 32
4 17 23 2
23 37 2 35
44 1 16 28
12 10 31 0
14 0 26 35
26 20 6 21
30 5 26 9
2 5 12 11
26 0 42 39
8 6 16 24
11 36 45 22
21 19 3 30
10 8 28 18
33 13 28 24
47 11 19 16
40 3 41 17
30 11 42 21
5 6 4 25
17 28 45 48
5 8 39 7
32 12 14 16
15 14 17 28
29 13 43 22
14 10 13 26
48 2 49 13
14 37 9 31
24 34 40 11
18 47 23 23
25 6 20 26
5 19 28 17
22 7 15 18
23 43 14 36
23 39 21 24
16 39 15 25
25 10 20 10
20 6 5 18
32 26 24 19
29 20 49 18
10 39 48 14
29 45 35 15
14 10 26 15
6 9 43 18
41 20 33 20
25 45 31 8
35 6 47 17
7 23 36 46
22 46 3 38
8 5 46 18
23 22 44 22
20 22 44 42
9 20 47 26
43 34 41 15
12 47 25 6
31 13 39 31
23 2 10 29
34 6 19 24
23 2 4 31
40 18 47 23
48 4 47 12
24 13 15 14
18 42 16 23
14 13 10 23
13 5 15 29
41 27 16 31
11 7 34 27
14 32 41 18
41 27 19 39
39 13 46 40
25 0 38 4
20 19 42 5
37 10 42 20
32 14 18 25
16 44 10 26
11 43 44 20
18 0 43 21
22 37 39 27
10 17 4 35
43 1 11 16
41 24 26 6
17 11 18 4
0 0 42 39
9 48 36 46
15 0 7 27
41 6 43 14
45 9 8 30
11 15 44 25
48 7 11 29
23 2 24 15
13 7 13 29
8 16 15 15
4 40 4 32
24 33 44 20
4 38 2 13
12 48 26 26
22 3 25 16
13 5 48 7
19 9 15 41
26 12 37 10
1 34 26 23
2 6 43 15
6 4 40 11
21 18 2 8
44 20 2 24
44 29 11 17
18 41 18 30
16 5 41 17
33 18 14 27
14 13 47 7
12 2 10 32
25 29 8 26
16 5 17 19
22 15 39 14
24 35 11 14
42 39 5 18
18 13 46 21
27 14 47 23
12 4 44 43
5 14 3 23
1 1 34 15
9 4 23 22
19 24 14 19
26 36 6 24
24 28 39 40
30 11 6 38
10 10 38 42
18 43 9 28
29 11 32 24
2 7 44 35
15 6 16 20
49 10 16 26
13 41 46 49
24 13 40 10
22 48 20 3
15 12 26 1
46 6 21 11
15 11 15 29
26 17 21 8
1 43 17 33
43 5 45 23
19 3 3 22
15 44 44 21
17 46 17 7
26 34 46 14
4 33 37 20
9 3 24 8
11 2 7 26
6 4 12 25
30 11 8 27
25 16 21 41
18 30 48 6
27 5 29 22
33 5 15 28
27 35 23 2
21 19 5 34
13 15 42 37
49 41 19 13
38 3 40 45
36 9 24 10
22 28 21 19
1 0 18 25
29 45 29 24
35 44 14 29
18 1 17 24
24 34 3 25
40 44 14 30
18 32 22 24
36 32 44 26
21 33 39 4
21 38 20 8
41 17 47 47
20 26 7 30
36 36 48 19
11 15 18 28
23 0 44 24
20 12 25 19
18 10 4 13
35 3 18 32
31 24 1 20
7 0 17 24
47 48 33 37
21 11 48 46
6 8 29 20
12 13 42 45
43 31 35 34
40 37 8 45
20 2 34 16
26 19 44 20
46 39 12 30
9 7 21 16
34 0 16 26
17 9 11 26
34 14 18 24
2 6 46 15
1 19 25 5
17 41 14 29
6 14 16 26
32 40 11 22
4 14 18 29
24 49 5 33
14 7 20 9
49 10 17 33
17 21 15 31
28 11 19 2
17 5 2 19
21 0 3 16
12 5 36 9
29 5 22 20
7 7 5 28
20 42 12 23
13 44 44 22
27 21 7 32
15 45 46 43
21 6 8 18
24 41 0 24
12 13 20 7
15 20 16 32
42 17 15 31
24 8 28 38
46 7 22 9
12 6 17 25
25 4 41 32
17 12 40 20
7 20 10 23
41 13 19 39
18 5 16 34
24 23 16 27
24 38 17 26
20 6 0 22
19 2 5 36
21 5 30 7
40 6 16 31
34 15 18 22
15 17 31 10
7 28 20 33
21 42 14 33
33 7 13 19
9 33 40 26
11 8 40 20
24 43 15 19
10 3 41 19
16 17 20 29
25 23 0 35
19 0 5 27
20 32 30 41
14 19 23 2
3 8 19 32
20 42 12 35
27 38 39 6
17 12 0 26
45 16 38 13
31 36 7 19
23 5 1 28
28 12 22 5
28 9 16 24
32 6 10 31
35 0 19 26
15 8 9 27
3 23 19 21
28 47 14 32
17 3 23 16
21 31 41 20
31 10 30 23
30 26 12 7
12 10 21 18
27 14 18 24
18 34 17 24
46 5 16 29
17 22 40 38
42 10 26 18
47 9 6 22
4 9 11 28
42 6 14 29
28 42 12 29
5 39 44 16
14 6 32 26
11 8 9 30
14 1 5 2
28 9 21 17
15 1 14 26
13 11 5 26
17 43 12 27
30 1 40 0
44 33 14 24
19 15 13 24
26 31 36 31
10 13 34 10
23 24 19 34
47 10 46 14
20 18 39 9
18 48 1 20
49 3 10 19
22 12 6 25
33 13 11 28
34 1 5 29
29 2 22 24
48 33 37 8
16 39 24 10
11 8 18 28
18 2 0 32
28 0 34 35
40 6 17 30
14 37 16 28
7 13 5 25
45 5 24 4
8 9 7 25
18 35 2 21
46 13 15 24
31 8 42 45
17 30 24 10
13 40 36 10
14 0 17 25
17 12 10 29
3 6 37 11
31 29 37 13
46 31 13 27
27 13 43 43
12 17 32 8
19 10 35 14
29 32 16 34
24 46 3 15
43 3 46 5
29 26 21 35
29 9 42 21
34 47 33 37
13 12 11 35
47 29 47 22
49 11 44 9
17 23 18 36
9 10 16 30
23 13 7 35
9 5 22 2
5 11 7 26
41 7 16 21
17 4 40 24
3 35 23 23
23 15 12 19
11 4 41 14
1 20 45 20
25 11 37 15
20 48 11 32
12 7 17 29
17 5 8 27
23 17 29 14
33 9 42 20
36 8 17 31
23 17 43 15
15 7 8 14
30 49 49 6
18 12 33 30
27 11 23 24
24 8 14 32
27 0 13 13
28 31 7 31
37 17 28 17
29 42 38 41
4 9 23 14
26 38 18 7
7 10 11 31
18 49 8 37
29 9 8 27
40 17 14 22
48 28 32 39
38 36 46 41
16 11 17 16
22 22 3 32
20 21 18 24
27 8 45 32
29 24 45 16
22 14 46 19
20 3 41 20
4 8 29 14
44 29 41 31
28 42 45 33
21 44 12 23
38 10 43 15
24 36 35 13
10 0 45 19
9 3 4 31
44 10 1 14
22 48 13 32
44 6 11 18
33 1 20 33
24 23 42 20
