50 264 18661 800
12 5 22 37
40 19 30 25
33 47 49 9
29 44 18 26
31 44 39 41
0 38 27 30
13 39 38 34
25 32 48 21
25 24 38 15
25 26 21 40
14 13 32 49
16 39 36 49
31 43 27 38
29 29 38 14
13 17 6 6
37 35 38 48
13 10 0 32
27 21 15 33
29 37 32 11
34 42 28 46
19 33 9 27
28 42 42 36
16 32 8 11
20 31 28 13
14 37 20 24
23 49 31 17
25 31 10 7
31 40 47 15
25 33 12 7
33 40 9 12
4 11 1 44
19 42 28 33
6 16 44 34
30 28 40 14
21 31 8 6
15 12 17 7
11 8 23 44
6 3 37 36
31 30 4 6
0 45 19 37
15 10 35 26
13 30 41 49
32 20 33 10
37 34 27 30
7 35 32 24
24 20 42 49
28 23 14 16
48 38 25 0
38 33 32 29
33 25 7 30
33 32 41 39
16 8 30 42
32 31 23 48
8 6 30 40
35 45 7 22
16 0 16 33
14 20 8 10
27 46 12 5
27 26 27 37
19 7 28 5
15 4 35 15
33 44 28 14
39 23 44 45
17 10 49 48
23 16 10 10
36 35 25 29
34 49 9 10
31 43 28 8
23 43 34 33
29 23 32 45
24 32 22 47
12 8 9 13
29 19 17 35
32 43 35 45
27 24 38 40
34 43 13 18
35 14 44 17
11 4 5 9
35 41 36 35
31 17 27 36
27 45 33 33
31 37 44 49
24 32 26 40
35 32 35 7
33 43 11 7
28 27 3 6
21 15 25 7
33 41 11 12
9 34 34 35
10 15 45 12
18 12 18 42
6 5 43 10
36 31 16 9
22 20 42 21
33 45 34 8
32 14 38 49
38 20 12 8
20 15 13 34
13 48 12 3
24 36 33 34
22 19 35 24
7 4 18 18
42 16 48 33
31 35 41 44
18 21 46 2
2 1 28 41
15 49 13 10
26 35 21 25
25 25 8 8
20 21 43 6
33 30 5 14
43 38 46 22
20 37 10 10
19 14 31 34
35 43 22 40
17 34 5 19
36 23 30 42
35 41 16 28
15 13 40 33
30 42 40 12
33 45 28 30
35 26 45 42
33 28 28 7
4 7 33 39
24 36 37 9
19 45 34 30
16 30 35 10
7 43 6 9
34 19 27 16
17 35 45 49
12 19 45 11
1 2 46 5
8 8 41 5
16 26 40 39
31 40 12 10
38 45 43 34
32 46 37 10
35 41 30 40
36 23 34 15
36 45 35 9
20 24 31 49
12 11 7 9
28 31 28 17
32 44 41 44
12 14 28 34
35 46 44 45
13 21 36 49
33 42 45 25
42 23 36 11
17 8 15 5
30 13 16 42
29 44 16 13
32 45 37 43
27 35 32 29
6 6 14 10
31 48 31 16
20 24 26 46
10 13 36 39
28 26 29 37
19 17 30 45
5 37 9 18
23 34 9 0
44 27 14 7
25 30 28 46
28 30 35 46
33 24 33 47
36 43 13 4
24 30 8 8
14 8 7 3
15 31 39 32
35 40 28 43
12 2 35 43
28 30 3 46
36 45 33 24
29 45 34 47
34 21 26 45
24 29 34 30
11 11 30 11
33 41 20 9
35 20 9 7
31 31 41 10
18 37 12 9
20 37 39 19
25 37 49 42
40 23 39 40
34 47 14 11
14 8 31 47
34 23 28 48
11 21 23 37
23 27 42 32
34 41 31 22
14 40 20 23
9 42 37 40
42 21 37 16
32 43 40 30
38 24 39 42
35 21 49 6
8 2 32 49
11 9 24 17
31 43 22 9
24 35 27 2
14 10 34 40
34 47 31 27
25 23 10 11
17 8 45 44
18 44 5 38
34 48 15 8
25 3 38 46
32 40 14 4
15 25 39 18
13 11 19 31
28 33 34 37
21 41 41 5
32 39 24 39
26 8 27 13
34 30 14 19
23 32 43 42
34 41 43 18
33 43 29 49
17 23 33 7
31 44 32 23
38 20 29 26
4 9 18 7
33 39 7 12
32 3 24 39
35 41 32 48
26 31 14 6
26 29 31 41
35 41 0 11
15 12 32 11
21 29 3 11
29 43 24 33
32 44 3 40
29 32 11 7
30 29 37 42
8 9 41 13
32 40 12 11
43 19 22 36
27 31 28 8
30 42 9 7
15 14 31 37
35 43 46 6
33 44 37 9
41 17 12 7
36 34 37 17
20 17 37 45
36 12 25 36
37 24 42 39
32 15 36 44
40 26 38 46
35 41 31 21
32 42 47 35
32 13 14 7
11 33 14 11
35 39 21 9
29 18 28 3
42 25 31 17
23 33 18 39
10 47 46 9
27 46 25 41
32 48 6 2
31 43 49 9
4 29 4 36
29 27 46 47
