50 1479 12057 800
26 4 47 23
28 48 37 36
44 14 21 32
46 6 42 14
43 9 11 13
46 6 11 36
36 48 5 12
20 1 12 37
40 49 34 24
35 32 45 20
45 48 42 21
38 43 38 0
30 0 22 9
3 12 5 17
27 35 18 9
42 20 35 4
29 9 41 15
21 1 27 15
44 3 39 34
31 41 33 31
36 12 26 19
17 34 47 13
36 3 20 27
7 43 4 21
13 41 36 9
43 27 29 13
36 9 7 21
5 38 41 26
49 7 45 29
6 23 28 18
30 5 30 22
5 33 17 25
25 25 48 36
41 9 37 17
19 44 37 7
29 3 36 31
5 17 19 15
43 16 16 31
32 1 46 13
41 13 25 16
6 38 9 9
27 49 36 6
13 40 22 10
47 46 7 8
12 42 10 23
25 44 32 25
11 41 7 2
25 35 45 13
20 26 29 35
38 48 22 10
25 5 30 21
20 28 43 12
12 38 40 10
22 16 33 47
27 6 33 28
10 39 16 44
9 29 40 21
35 14 28 9
39 40 42 33
27 11 39 17
31 18 44 7
11 37 6 25
18 45 22 5
5 25 29 43
23 10 17 17
28 9 16 4
49 7 49 15
36 4 39 12
11 41 27 17
27 10 29 39
36 4 19 13
38 38 38 16
25 5 29 2
22 43 40 10
28 11 36 47
11 5 17 3
12 8 48 19
39 48 26 16
8 22 26 17
41 18 6 35
10 43 45 7
34 2 10 24
24 45 28 16
9 7 17 13
21 32 42 41
48 13 25 22
10 42 31 8
26 9 49 37
39 5 41 39
27 27 4 4
23 3 44 24
47 13 46 8
5 38 18 7
27 10 12 3
45 16 29 14
15 19 9 5
44 9 39 11
42 43 25 16
5 44 31 18
22 46 37 22
6 16 41 11
34 37 25 20
45 2 31 21
39 13 26 16
39 29 19 32
16 46 31 9
32 12 14 16
48 39 11 13
42 40 40 27
22 32 47 48
11 37 32 32
12 39 14 9
40 39 38 32
8 0 13 13
13 43 27 17
7 23 6 14
37 42 12 9
1 30 8 14
21 41 35 33
6 34 28 14
37 5 31 1
11 47 47 29
25 14 47 25
40 11 24 14
35 3 19 23
49 34 27 8
42 11 36 24
37 34 13 18
41 39 49 15
41 16 26 11
44 15 42 4
26 42 13 3
24 8 41 16
6 20 33 6
9 39 36 33
44 41 22 24
40 13 21 19
36 24 36 18
31 11 49 41
26 3 36 23
16 38 15 22
30 24 31 20
6 19 23 21
38 42 37 31
44 7 45 19
38 10 21 5
42 15 26 24
29 0 10 11
48 1 31 14
36 49 2 16
40 9 26 23
30 48 29 13
18 25 40 27
43 44 35 30
18 20 31 1
40 0 9 3
37 5 18 16
48 12 46 9
1 40 9 7
25 47 17 30
39 5 19 11
40 2 44 26
38 26 6 9
14 39 32 48
43 31 20 27
44 46 41 1
44 27 17 33
41 28 47 22
38 6 25 11
27 5 25 24
32 42 5 22
9 11 18 29
13 40 37 12
41 41 36 27
48 9 29 20
4 7 26 17
8 34 22 11
46 41 40 10
30 36 33 29
40 3 31 34
29 14 43 9
3 29 26 13
27 3 7 14
20 39 31 11
22 42 27 21
20 1 17 8
24 6 10 42
21 47 40 23
31 13 33 23
38 6 30 11
40 11 9 26
35 23 30 15
40 30 34 17
43 4 39 23
7 15 47 22
48 35 42 19
39 10 34 30
12 5 37 3
1 37 7 36
37 27 42 9
5 26 18 4
48 4 28 5
20 9 26 27
21 8 30 37
18 14 33 30
34 45 42 16
33 17 37 13
43 21 14 15
38 25 34 16
44 41 24 18
26 46 14 20
1 2 45 2
8 41 48 19
39 39 45 7
34 43 7 46
39 7 42 16
45 48 35 31
28 31 29 23
26 35 36 22
5 12 49 15
6 27 25 21
33 45 43 18
33 0 34 22
6 0 47 6
10 19 13 27
17 45 42 11
29 33 36 15
1 44 36 18
42 12 35 6
1 7 48 35
48 8 26 8
1 25 38 27
22 8 12 6
39 13 8 6
20 8 28 16
36 18 22 19
47 6 34 31
42 5 46 10
34 34 32 21
18 28 27 11
36 43 30 27
25 28 37 17
38 34 33 20
33 47 25 15
45 46 32 21
37 11 29 13
30 16 45 17
12 29 21 41
41 10 39 28
32 20 48 28
30 41 30 6
12 4 46 3
25 36 4 9
38 44 14 21
34 2 29 25
40 7 17 14
14 2 7 5
41 12 48 18
11 36 34 6
40 0 26 49
26 43 32 18
44 2 23 23
25 38 22 16
9 49 19 8
38 43 45 34
2 11 25 37
33 7 18 29
13 36 35 42
18 5 37 1
46 13 13 19
5 46 39 20
39 40 20 32
41 21 17 2
28 37 31 28
32 36 34 12
9 30 35 17
41 5 31 10
16 13 12 10
41 8 27 9
33 7 48 30
37 10 32 15
45 2 27 20
22 6 26 47
33 48 49 36
21 41 27 20
43 41 47 9
23 49 21 23
37 6 6 22
6 43 17 16
33 33 30 9
33 18 11 3
4 34 17 38
38 17 24 28
11 48 37 37
39 23 32 21
13 22 11 18
17 43 1 22
34 4 23 7
42 17 27 21
25 47 29 15
40 43 29 9
42 47 42 17
42 9 19 8
41 4 32 21
39 17 39 40
39 46 28 3
28 39 37 10
1 16 20 16
0 21 32 31
30 25 38 39
13 36 30 26
15 19 13 7
32 29 43 8
43 12 25 16
37 7 41 35
13 39 38 8
35 48 29 10
15 47 14 11
37 0 14 10
42 12 43 5
10 8 42 33
24 21 36 11
12 17 36 11
0 35 39 29
9 48 25 10
4 35 45 1
41 2 14 12
45 7 17 14
35 45 24 35
33 40 28 6
47 4 42 22
34 30 18 38
24 47 8 5
14 28 24 25
27 44 32 12
32 47 24 16
34 12 30 21
23 3 31 2
10 40 42 24
21 13 30 4
37 16 34 10
44 10 34 10
22 47 31 23
20 6 37 15
5 15 44 23
16 38 43 11
30 13 25 15
7 44 35 8
27 11 14 21
40 21 47 33
41 44 44 15
31 11 22 26
45 6 36 12
43 5 10 26
35 45 25 15
43 48 28 26
23 34 5 3
16 28 30 17
46 6 37 40
21 9 37 6
10 14 41 25
14 7 27 24
31 24 17 18
39 45 30 31
42 37 39 12
0 37 33 19
26 21 8 19
43 46 28 12
33 24 49 35
35 37 28 22
14 9 20 1
48 6 26 8
1 15 39 17
33 2 2 7
2 3 49 18
7 33 40 19
38 15 30 12
46 15 11 21
31 30 40 18
44 7 18 9
46 11 30 26
12 41 32 29
21 7 35 16
45 9 25 32
29 48 38 14
44 5 24 7
20 15 16 17
20 24 24 22
19 28 41 14
9 4 28 30
48 14 21 12
45 5 24 14
8 33 33 6
18 33 15 8
13 42 30 25
37 42 32 29
38 40 30 11
29 5 23 14
10 46 11 14
14 38 19 5
39 45 14 8
13 12 29 22
17 35 31 17
45 38 34 5
36 1 26 27
14 34 29 45
30 15 44 20
45 14 26 20
37 8 45 14
41 43 29 8
42 47 24 18
35 39 27 16
19 8 21 24
39 40 34 22
5 46 30 26
1 29 49 11
6 27 39 15
26 23 29 15
31 20 28 10
3 12 38 49
23 42 10 31
39 47 17 20
10 33 27 4
40 9 44 34
26 38 32 4
36 26 24 17
16 18 23 28
41 25 42 12
19 42 34 15
22 2 34 18
48 47 47 17
27 4 31 20
8 32 14 18
18 48 43 46
37 30 24 17
39 47 34 5
24 3 13 3
39 41 35 20
37 37 45 35
43 17 38 31
40 14 8 14
12 32 31 30
9 42 21 1
43 9 37 32
45 15 35 31
39 15 20 21
46 3 21 4
24 47 31 13
8 13 31 17
39 28 19 5
41 17 25 25
32 3 39 9
43 7 24 30
31 30 1 1
40 48 34 23
46 13 13 22
19 5 32 3
8 41 26 20
11 15 48 30
40 7 35 26
1 18 33 23
29 1 48 45
46 8 39 38
3 13 36 2
9 27 10 17
20 15 21 11
39 24 34 31
12 11 15 25
45 13 35 19
38 2 13 16
44 20 37 16
39 0 10 20
39 5 39 31
42 8 32 14
4 21 34 30
11 33 10 15
13 46 18 20
22 33 41 30
44 20 37 10
43 12 29 13
8 36 48 27
15 9 0 14
34 36 29 34
44 12 41 31
5 21 4 11
9 41 0 9
14 35 31 17
8 0 31 4
49 49 19 16
18 8 22 28
20 36 43 24
49 48 1 12
18 9 16 19
43 5 43 10
35 46 44 40
36 5 12 25
18 7 35 5
31 9 36 22
29 40 14 39
37 25 30 35
43 9 35 24
28 37 12 0
31 10 40 14
20 3 33 11
47 7 15 7
8 33 45 28
30 36 15 22
38 19 28 37
45 13 29 22
24 44 26 14
40 1 34 23
16 34 43 10
13 42 37 23
30 14 28 25
26 19 30 29
23 21 14 20
39 38 14 10
31 7 27 12
34 46 42 21
4 15 30 9
22 11 5 27
8 44 20 13
11 43 30 26
38 35 35 15
26 15 31 37
42 8 17 22
39 9 39 15
40 9 23 34
10 38 28 11
39 10 12 9
43 11 47 7
13 4 23 14
20 44 16 19
13 45 45 32
37 45 17 10
35 44 39 9
2 31 38 11
22 36 43 40
0 0 28 24
34 6 18 39
10 2 35 42
30 16 31 23
31 8 27 25
20 46 26 46
39 20 32 22
14 21 27 6
12 13 44 23
27 46 35 19
29 28 23 39
12 39 47 11
42 40 34 17
6 29 6 13
12 42 31 20
43 17 22 23
45 8 33 38
17 47 10 12
21 9 27 24
36 32 37 41
36 34 36 27
10 43 46 6
36 47 29 5
40 39 36 18
25 40 34 32
7 45 34 18
32 2 25 18
36 9 35 37
11 38 17 12
31 8 39 14
2 10 34 20
1 44 22 19
21 21 34 25
23 42 35 7
43 45 4 41
48 3 42 37
0 39 43 19
32 44 13 8
43 10 34 16
40 21 41 29
24 6 49 23
19 20 48 15
29 29 19 3
36 7 18 3
37 3 42 43
11 37 18 36
41 7 49 13
10 35 41 36
29 15 46 35
11 46 28 4
24 3 8 18
31 3 6 6
3 37 28 20
48 36 17 23
40 40 15 15
36 6 24 1
23 13 46 1
9 26 36 23
12 38 28 8
21 42 36 21
44 5 25 45
22 5 19 11
39 5 12 7
32 37 15 16
10 6 48 47
10 31 9 12
40 9 39 20
3 9 25 15
49 14 31 31
49 45 40 24
13 43 16 6
4 41 38 35
37 40 25 18
27 5 40 6
11 33 42 15
31 42 26 22
19 1 41 10
41 48 37 29
38 18 31 5
7 15 11 13
8 34 43 25
32 31 39 21
1 22 33 20
36 41 45 28
20 4 16 18
40 16 46 12
4 9 47 17
29 46 19 16
27 44 28 0
20 10 20 21
37 30 47 23
44 18 42 1
9 30 41 18
25 14 27 9
13 41 32 22
48 47 27 20
39 12 41 7
42 14 42 34
39 6 18 18
21 2 23 43
13 5 48 5
27 23 13 21
47 30 35 10
48 30 32 7
10 40 34 20
12 29 31 17
16 40 30 18
3 16 31 36
7 32 42 25
15 18 21 12
13 36 40 5
24 27 31 19
6 14 7 37
38 8 33 10
47 32 25 26
10 12 12 25
36 17 20 29
41 12 26 12
29 47 49 0
47 35 33 16
47 34 11 43
47 38 7 26
31 46 37 7
38 3 30 33
44 14 44 20
19 26 17 9
8 2 20 10
14 43 44 14
25 6 13 13
43 45 48 21
36 48 26 38
41 7 19 27
32 48 32 5
43 34 34 9
20 36 23 24
40 22 30 24
15 4 9 9
16 36 49 18
43 42 39 30
49 44 35 14
27 36 14 33
44 3 35 20
30 8 30 13
37 49 2 6
16 15 43 12
35 39 32 24
18 37 39 17
10 4 42 21
15 34 15 19
38 37 8 25
30 46 12 16
47 4 30 38
29 0 3 20
48 9 34 22
38 9 4 8
19 12 32 43
38 7 26 6
34 29 33 7
31 48 2 9
20 24 21 32
43 16 6 25
38 4 8 19
24 46 21 19
8 40 31 24
21 7 9 32
6 36 45 31
42 29 34 32
0 35 44 22
0 10 32 18
15 4 47 22
15 13 36 7
22 21 32 17
37 47 32 22
40 10 46 24
45 10 33 0
10 28 44 31
10 26 30 14
17 18 30 27
9 38 36 23
13 40 42 4
9 41 13 20
44 39 23 22
41 9 33 11
28 31 31 23
17 19 30 8
31 17 34 28
43 8 36 30
1 32 22 20
49 10 30 9
35 3 12 5
21 19 26 21
30 19 45 14
7 15 42 9
34 45 40 7
10 35 37 38
47 29 23 17
8 20 44 29
43 11 16 5
29 47 31 39
7 38 29 9
45 5 23 9
35 47 6 8
38 16 26 28
37 32 5 6
17 8 32 19
44 10 42 5
41 5 44 32
11 46 40 21
7 23 41 32
34 46 37 11
40 6 35 22
27 11 8 16
18 28 30 7
35 8 16 16
29 2 35 10
33 7 46 25
36 7 4 14
34 4 48 21
7 27 0 15
46 15 27 24
17 44 45 20
40 45 41 30
13 44 9 42
18 16 49 13
22 8 47 31
20 6 34 43
6 6 42 41
7 38 13 2
4 35 49 3
41 5 35 19
27 9 29 19
10 42 40 10
43 5 12 18
1 46 34 20
41 48 18 38
38 38 46 8
4 5 11 20
7 17 32 14
34 3 24 27
32 8 37 35
47 38 37 24
32 6 43 30
38 38 9 15
47 16 3 28
41 37 43 10
40 43 43 15
46 16 34 33
18 19 2 13
46 9 41 20
11 23 44 26
9 27 26 17
24 41 0 19
5 42 34 23
13 1 38 30
13 3 44 33
2 40 25 23
35 21 37 25
42 14 38 21
34 38 24 19
36 6 19 28
38 46 48 27
38 17 33 16
43 3 34 32
38 2 26 1
49 1 11 20
28 31 48 8
36 6 45 18
41 49 34 7
5 22 30 9
29 13 29 18
18 20 19 5
45 7 44 25
47 49 36 35
42 2 18 12
44 14 39 6
16 35 30 15
48 46 26 6
21 43 39 14
49 2 14 14
24 14 36 42
4 23 19 10
27 38 40 12
32 36 32 24
48 16 22 23
38 8 18 21
47 41 36 5
31 12 46 4
41 29 28 4
20 2 41 19
4 8 23 11
12 40 45 13
25 3 28 17
31 6 36 16
1 31 30 2
32 41 6 14
36 38 6 17
41 4 10 19
36 4 22 21
46 46 26 9
44 8 22 19
12 41 21 10
37 11 29 9
8 27 43 16
25 17 23 20
41 13 5 15
3 36 28 19
38 40 39 25
15 22 34 30
25 19 44 6
42 39 40 21
5 14 33 35
18 7 42 20
44 47 41 21
38 6 1 10
44 13 6 0
40 14 1 3
42 4 4 9
35 20 9 15
32 12 31 22
27 44 11 14
11 15 34 21
46 29 45 42
11 26 46 30
41 46 30 18
5 49 13 15
24 45 47 8
38 4 45 6
39 41 6 9
3 6 24 8
23 9 28 29
12 41 10 9
40 5 31 29
38 41 34 19
35 9 33 38
42 8 37 20
36 31 20 28
16 29 25 12
39 40 3 40
41 7 42 41
6 1 33 18
20 21 13 3
47 10 29 24
25 47 34 30
1 40 23 25
9 40 17 20
12 44 29 16
14 40 35 4
30 12 19 21
33 0 31 15
29 47 19 25
14 24 17 19
21 4 46 13
31 12 34 10
4 36 33 18
36 11 39 13
23 16 11 28
32 45 32 17
38 44 29 25
46 38 43 19
46 3 18 23
44 5 15 5
4 36 43 4
22 17 43 20
40 12 37 27
32 9 32 14
45 10 9 6
42 10 29 2
23 44 34 15
43 43 29 9
41 15 23 28
30 43 45 27
46 45 31 15
33 36 47 24
40 11 18 14
40 11 25 35
33 43 38 38
9 41 14 25
21 36 16 8
13 20 48 24
45 13 6 37
24 3 28 25
6 6 40 13
44 20 34 29
25 29 30 15
18 28 14 16
23 36 19 1
44 10 31 5
21 40 42 29
31 3 19 30
36 49 33 25
5 41 35 14
8 24 47 23
42 36 21 22
43 3 43 35
45 30 10 18
44 10 40 9
14 49 19 20
13 44 27 34
4 40 25 24
41 1 28 21
10 39 41 12
31 38 26 44
20 5 13 23
10 38 48 6
8 42 14 6
10 35 10 27
31 7 22 22
7 34 42 30
5 40 8 18
30 46 27 27
40 49 30 18
36 20 23 28
29 49 6 6
7 17 38 5
44 13 23 28
16 13 32 21
3 17 20 32
7 40 9 14
10 17 19 14
38 11 7 14
23 19 18 10
42 19 32 36
20 35 6 12
12 12 8 5
2 42 41 3
21 27 33 48
8 46 43 14
34 16 28 21
22 20 45 24
43 9 15 16
23 27 29 22
2 30 32 13
44 42 26 13
29 10 5 25
8 39 43 10
27 46 42 0
5 5 39 28
17 17 14 21
5 24 31 7
6 19 29 9
10 41 33 24
15 42 24 8
45 8 35 22
45 7 17 27
30 10 34 18
38 5 34 26
39 5 29 6
1 30 30 13
34 3 11 15
7 38 33 17
14 23 22 24
18 20 25 18
43 23 35 16
23 38 9 10
42 1 21 15
28 10 16 16
37 8 13 14
12 9 22 14
34 38 48 30
37 15 36 22
6 27 20 19
33 6 27 23
44 9 20 3
30 3 14 8
43 10 35 22
46 42 41 30
10 35 35 10
1 10 4 27
46 36 21 7
28 16 5 1
21 3 34 13
25 7 49 9
17 42 17 20
2 34 0 16
17 4 30 27
40 19 49 0
23 32 20 2
45 46 18 14
44 8 38 34
38 24 47 30
28 38 27 10
46 32 32 38
35 46 16 26
44 11 45 3
27 36 31 31
19 15 33 23
26 7 32 13
31 22 40 29
42 49 14 26
21 21 21 15
22 46 33 23
36 14 29 18
10 38 44 19
24 47 39 23
46 49 16 17
8 17 47 33
11 21 15 12
32 4 13 6
28 14 32 7
44 45 19 5
13 7 48 34
29 38 41 6
43 19 45 23
33 37 14 12
35 0 32 4
13 41 13 8
13 23 43 27
4 15 11 17
39 33 32 16
15 22 37 23
22 21 30 12
37 49 27 39
31 4 40 2
42 42 34 11
19 4 37 32
9 17 46 35
16 40 32 29
45 46 24 30
22 2 8 24
31 46 39 21
7 9 38 0
28 27 43 11
13 23 5 5
44 10 30 25
5 36 48 4
43 39 35 41
40 16 21 14
44 11 26 13
7 37 49 34
30 27 41 38
6 34 23 19
34 37 36 22
3 38 32 24
15 37 7 6
32 2 5 31
29 11 22 17
43 12 38 19
32 4 27 13
25 44 38 10
7 10 43 39
2 38 22 5
22 45 49 25
30 1 42 40
21 9 28 16
48 47 5 11
40 42 19 4
47 11 31 18
42 47 31 16
27 14 34 32
12 38 43 5
20 23 16 2
5 41 44 29
49 12 33 41
38 44 38 18
31 3 7 11
10 8 26 14
43 24 38 33
34 35 27 36
3 31 41 28
17 35 34 13
49 43 34 27
12 32 35 26
13 36 22 12
46 46 40 13
20 22 22 9
20 12 33 33
3 15 34 27
39 13 45 12
45 27 18 37
9 33 29 16
32 38 24 23
8 41 37 8
44 3 27 4
13 44 27 26
1 0 39 27
44 23 12 15
31 47 37 13
36 1 2 6
34 15 32 27
16 4 19 15
36 13 21 18
31 36 26 22
45 42 34 22
35 19 49 18
25 34 29 17
13 25 34 1
4 2 35 23
42 9 28 33
44 29 22 19
24 6 33 21
38 45 42 23
12 37 29 31
38 8 12 6
18 19 23 4
14 30 19 32
13 38 28 25
12 2 31 12
22 25 37 13
34 10 9 11
28 43 43 15
33 18 24 24
38 13 47 31
47 34 38 24
34 23 12 8
34 18 40 13
1 42 44 30
43 0 21 14
1 4 39 31
5 28 15 16
15 34 47 9
49 41 19 12
12 41 24 23
8 43 26 27
38 38 26 12
34 30 11 25
29 4 13 14
35 44 28 25
23 19 17 34
18 13 29 0
40 7 37 14
34 25 37 10
24 12 6 5
2 26 2 0
34 16 31 18
40 33 35 9
38 8 30 17
42 11 31 20
4 18 36 18
29 13 41 32
29 22 33 17
8 45 45 14
17 8 16 3
6 13 13 37
0 14 25 10
35 11 14 6
37 25 37 2
0 16 41 17
45 2 21 1
49 41 39 9
35 43 29 24
12 9 36 21
40 38 46 33
20 14 33 11
24 18 45 31
4 9 17 16
23 34 19 1
20 31 29 10
46 2 35 9
37 39 10 19
31 4 13 6
32 1 19 4
23 11 10 23
24 6 32 11
38 1 39 16
17 27 41 17
33 17 8 45
44 43 28 11
11 44 13 24
35 10 22 6
33 23 29 5
14 8 46 31
44 41 19 7
21 17 19 22
24 0 7 1
37 33 47 1
3 33 13 6
21 6 29 26
8 38 35 16
23 48 9 28
25 44 36 25
37 6 22 7
33 20 29 24
18 38 15 3
34 46 39 42
41 21 31 34
32 40 35 18
7 31 31 3
36 8 9 9
42 5 45 12
5 43 34 19
22 11 13 12
31 43 12 9
43 4 28 31
33 33 16 21
1 30 23 22
43 17 5 22
45 42 49 8
38 12 17 22
49 8 40 42
18 14 41 25
45 12 31 4
36 12 23 36
23 15 11 4
23 18 39 33
15 43 34 33
15 37 42 33
49 13 42 13
25 11 40 14
28 11 28 5
20 6 33 18
7 21 21 27
8 9 20 7
17 21 35 35
39 23 30 28
17 6 14 25
10 44 31 19
29 19 39 31
32 48 13 6
22 38 18 36
8 41 48 11
45 33 28 43
37 0 38 25
33 42 33 19
40 43 14 13
39 41 28 24
32 25 24 38
38 48 33 19
5 5 17 4
27 43 25 27
9 25 18 38
22 42 40 0
31 38 3 8
21 31 20 16
28 22 21 35
18 2 3 4
14 39 28 17
21 42 15 4
43 13 29 13
38 11 43 11
15 27 44 21
37 38 21 1
43 8 23 11
38 40 29 18
35 7 31 13
8 40 42 19
28 45 16 7
43 47 30 10
10 17 5 18
1 9 36 9
26 8 15 28
36 49 29 23
41 49 32 3
28 42 34 17
28 12 24 5
25 35 39 28
27 9 42 32
28 44 37 25
29 42 30 19
20 43 30 24
13 43 27 9
4 36 36 37
7 21 31 17
31 44 47 27
37 10 6 18
38 12 44 3
43 49 36 18
9 43 26 0
2 25 31 24
34 15 3 22
0 7 12 22
48 0 28 15
9 40 11 6
47 5 26 24
36 43 3 6
43 41 30 15
41 49 42 41
33 5 29 13
38 39 30 22
28 12 36 38
39 34 44 31
6 45 32 8
22 4 48 29
4 24 47 7
39 15 12 11
32 35 49 38
22 47 44 7
49 5 35 21
5 45 33 8
26 1 39 21
5 40 33 30
44 15 32 36
37 38 40 13
35 12 27 7
47 11 30 20
8 42 8 15
23 35 39 26
27 40 18 17
12 2 10 9
25 49 17 36
16 17 24 12
15 2 40 9
33 41 40 24
8 4 49 12
23 21 36 6
25 36 23 11
23 39 26 20
15 1 38 21
35 19 37 24
44 8 28 16
14 31 46 18
10 40 31 23
13 8 36 33
36 3 29 21
10 44 1 12
4 7 16 10
30 8 45 15
39 39 27 5
31 40 5 7
35 48 31 26
11 39 26 29
41 8 27 22
47 8 26 28
10 36 20 5
38 31 30 25
32 11 42 10
40 7 21 15
46 9 36 16
22 31 38 14
24 1 39 31
37 27 18 11
33 46 45 19
11 34 42 24
11 34 21 24
38 45 41 16
32 14 42 20
29 41 37 8
30 29 37 26
29 49 26 33
44 45 39 15
27 1 23 25
24 25 26 6
36 15 33 19
43 5 48 37
38 5 40 24
44 48 16 11
16 7 33 1
31 7 28 14
26 23 39 7
6 28 38 29
21 3 38 29
42 20 30 31
34 35 27 14
22 12 35 20
30 45 26 11
42 12 19 28
28 6 31 16
34 39 27 11
28 40 21 16
31 11 39 30
36 49 7 27
33 47 41 17
17 40 10 19
38 5 38 31
38 44 9 10
35 16 39 37
30 2 39 45
22 3 49 17
12 4 33 19
36 16 22 13
41 4 29 32
33 7 32 25
42 6 11 21
8 20 5 18
46 26 8 47
31 6 39 22
34 10 44 18
7 17 15 9
35 40 29 22
38 31 45 37
1 48 14 35
25 27 22 47
42 46 37 26
12 41 41 7
9 4 24 45
37 41 30 8
4 18 24 25
43 28 22 0
37 13 4 41
38 8 31 43
34 40 29 12
27 6 21 28
30 12 23 15
14 47 28 13
42 26 12 13
43 3 33 13
24 27 18 1
27 41 33 16
46 36 33 14
4 22 3 17
48 46 34 35
28 26 5 20
10 33 12 21
37 2 37 20
31 43 14 11
6 4 34 2
39 9 21 38
41 42 31 18
6 37 16 17
37 43 16 2
41 7 16 34
42 12 7 3
38 6 29 21
40 12 23 10
13 21 38 20
40 10 32 20
19 4 28 43
12 41 17 20
15 8 41 14
11 6 3 21
7 43 23 46
46 13 42 27
12 42 38 11
28 2 49 25
43 13 38 21
45 33 23 26
38 10 47 2
39 26 35 20
23 0 48 17
47 9 42 32
30 40 20 26
15 34 38 27
12 35 22 31
48 4 14 29
26 16 45 43
8 39 27 29
42 37 28 43
48 35 21 18
11 13 30 19
27 41 11 16
10 30 27 14
40 12 32 38
31 47 25 5
36 17 47 5
37 35 6 4
16 22 35 23
35 31 30 29
22 29 9 11
34 47 38 21
8 38 22 10
26 35 29 17
33 2 19 10
