50 325 17170 800
19 42 23 12
34 38 29 40
9 34 15 41
45 31 18 38
12 1 38 42
47 37 32 46
26 34 19 22
36 35 27 48
42 31 23 40
6 22 21 45
24 28 29 20
18 8 15 13
16 43 26 37
12 4 25 45
1 26 20 46
2 20 28 37
38 30 17 4
12 40 38 16
27 37 1 4
38 47 17 43
2 18 30 28
33 26 15 6
11 38 42 11
16 3 42 12
37 23 13 47
20 37 14 25
13 11 37 27
35 35 24 21
20 39 8 21
12 7 13 13
9 14 20 13
48 39 15 28
5 47 37 24
17 9 15 30
18 2 19 10
44 40 16 41
0 20 35 20
40 20 10 3
36 31 19 33
30 25 7 17
18 44 7 32
6 38 39 15
6 12 16 23
35 26 21 24
38 28 37 21
9 28 28 35
44 21 27 31
11 0 6 12
15 29 10 5
25 22 28 37
11 3 26 17
9 35 30 42
32 42 23 35
45 48 15 15
13 48 29 5
14 0 25 8
6 18 14 17
13 13 13 6
31 25 14 12
19 44 15 19
12 4 36 25
31 27 40 42
9 37 25 32
34 0 34 16
24 31 18 42
48 30 19 27
46 40 14 49
10 0 16 30
35 21 26 35
11 19 19 4
35 20 26 48
12 9 38 24
48 26 26 29
44 29 33 13
32 35 33 24
33 22 13 49
14 41 28 39
42 27 33 37
25 22 24 18
3 14 2 9
35 35 23 37
36 10 21 30
29 37 26 39
21 35 38 40
12 3 28 36
28 22 35 5
36 23 22 22
23 20 24 43
5 34 28 48
14 4 24 39
22 31 27 30
26 23 26 30
18 48 23 29
2 8 14 46
9 27 16 40
6 24 9 7
49 39 14 46
19 29 22 39
16 31 19 49
13 32 40 27
16 37 9 13
18 12 7 8
17 41 20 36
47 33 40 15
37 18 13 20
13 38 21 7
43 22 26 39
48 20 27 35
22 30 37 33
11 20 27 48
34 25 11 6
36 29 4 12
20 14 16 49
13 5 24 16
0 25 32 14
5 20 34 28
17 8 19 25
27 25 24 45
1 23 27 42
29 37 32 46
4 22 43 29
39 46 6 40
16 7 36 31
7 32 28 49
14 29 38 39
0 25 21 33
27 19 19 37
15 2 3 12
48 32 31 15
19 38 6 21
10 5 22 7
30 40 15 31
14 10 35 10
14 33 28 48
6 23 28 31
38 23 17 13
3 16 18 9
19 36 12 37
22 39 9 3
6 23 29 38
19 41 16 8
12 39 26 45
1 20 29 15
3 27 27 27
11 44 13 24
34 44 23 27
15 41 7 2
8 30 18 37
23 32 24 5
1 3 30 3
15 36 24 39
7 27 42 27
44 18 1 6
45 15 25 38
27 24 36 22
8 38 35 43
7 26 20 10
12 15 46 18
48 42 28 21
14 37 15 47
4 6 7 37
4 23 35 3
38 45 29 43
42 23 27 42
31 34 34 13
3 45 21 23
14 32 35 33
44 26 26 34
23 48 20 34
4 22 4 7
10 15 8 33
12 3 23 38
1 13 29 27
8 6 16 34
14 40 33 7
29 34 21 36
44 32 27 20
41 19 24 1
35 31 24 29
31 35 21 40
0 34 31 41
12 6 15 31
42 42 19 28
38 31 32 46
34 19 46 17
42 46 47 0
40 25 21 12
14 43 45 36
39 29 16 39
12 0 28 23
39 31 10 7
34 20 37 42
49 30 13 4
16 28 8 18
35 22 19 44
7 1 28 44
5 23 16 23
33 26 19 32
8 6 20 41
46 35 35 13
44 35 20 15
12 40 16 3
40 40 34 29
12 43 23 42
37 41 21 3
1 9 30 8
15 38 6 0
14 35 48 10
1 10 15 33
15 10 23 20
6 8 26 31
17 36 9 3
7 35 14 0
44 32 20 32
1 22 23 49
20 34 18 28
28 24 21 15
11 18 19 5
40 31 38 12
12 0 14 4
27 31 31 13
10 31 6 34
3 24 19 35
23 45 36 31
8 12 19 37
45 33 23 36
36 4 29 17
10 43 26 39
6 5 36 23
18 45 22 32
35 38 22 32
48 31 16 8
13 17 11 39
24 38 34 3
7 44 1 13
45 31 31 6
22 33 22 28
18 3 17 24
29 44 12 43
20 45 35 12
14 1 20 37
12 19 23 40
17 43 42 13
8 1 27 38
43 33 19 43
44 32 49 7
26 45 8 2
34 27 26 17
36 21 23 44
3 18 31 23
26 21 22 32
39 37 13 14
13 36 23 24
15 6 27 15
43 15 36 30
24 38 20 31
47 31 42 18
37 30 24 49
4 39 25 36
36 23 30 37
1 29 33 34
12 31 41 18
19 0 26 48
4 19 21 6
15 6 29 39
23 4 15 15
34 27 9 8
34 19 30 12
21 4 36 31
13 24 29 9
49 29 36 22
14 32 3 5
20 44 15 40
9 14 27 29
8 38 6 9
10 5 27 24
6 27 21 19
19 6 33 34
16 3 34 36
32 25 29 46
39 25 25 49
13 26 3 36
45 26 28 46
0 9 12 5
11 4 15 6
8 3 2 46
18 42 24 20
29 37 31 43
17 37 31 28
2 22 41 38
6 0 15 14
3 9 38 0
35 25 21 45
8 7 14 16
17 2 25 6
13 35 30 9
46 33 42 19
18 11 20 34
16 27 19 31
14 13 46 0
21 43 8 0
43 33 6 13
49 30 33 10
15 14 19 45
37 15 13 34
13 34 15 12
28 33 24 35
10 45 25 37
14 29 5 13
32 27 29 38
12 5 29 31
12 25 24 45
38 31 2 46
37 36 16 13
41 21 22 27
11 27 45 9
11 13 26 37
6 19 33 22
13 3 30 9
17 47 28 10
42 48 19 10
22 4 1 9
18 42 45 8
9 7 8 30
12 30 27 37
