50 263 11873 800
36 30 4 34
20 33 16 29
45 39 19 28
12 16 12 30
41 35 5 43
22 44 8 29
38 37 45 6
0 15 9 30
22 39 48 31
0 11 18 32
24 32 12 34
3 18 17 28
42 38 12 28
21 37 13 32
1 19 24 2
35 41 26 2
1 4 10 27
5 47 11 28
20 34 44 3
47 43 7 31
41 37 48 29
35 38 9 47
37 24 38 19
29 37 47 7
24 34 49 9
7 35 32 6
25 36 13 31
48 33 31 0
37 47 29 7
43 36 21 6
41 40 31 23
13 27 41 21
32 40 31 6
40 40 49 22
35 36 28 23
5 19 34 11
47 31 5 43
2 16 33 29
33 33 14 33
29 41 44 10
38 37 14 27
40 42 31 4
21 41 16 35
13 42 4 46
45 35 41 18
44 40 39 38
5 31 20 31
3 16 30 19
40 36 15 29
41 41 48 17
11 47 3 28
0 25 33 25
36 38 43 5
18 40 39 41
27 49 11 25
7 19 14 28
43 38 44 15
0 18 35 29
41 20 14 32
27 34 28 5
17 43 16 33
26 29 17 30
43 47 17 30
1 9 12 34
42 40 11 35
29 36 36 12
45 45 35 0
13 18 30 1
30 39 12 29
3 9 5 48
44 40 14 28
41 42 13 33
43 38 18 35
18 34 37 1
30 38 14 31
19 33 10 41
26 28 15 29
31 35 8 35
44 38 41 14
1 15 39 48
41 43 17 32
28 42 8 46
2 18 34 45
19 46 34 35
26 35 32 35
3 11 35 24
29 32 27 20
32 34 22 21
37 42 36 7
25 42 48 4
36 39 6 48
26 44 13 31
35 34 3 41
25 35 45 7
2 31 12 29
25 29 36 9
30 36 11 30
27 31 17 29
30 31 47 1
37 40 23 4
39 33 44 17
43 33 43 2
7 28 45 12
2 14 48 7
8 42 14 27
49 42 28 6
24 31 9 31
39 35 41 12
42 17 17 2
25 42 44 20
36 42 15 36
42 36 14 27
21 36 47 24
46 35 24 10
35 33 48 17
45 44 13 30
19 4 17 28
28 40 7 0
27 34 3 46
37 32 4 36
28 33 8 44
32 39 35 11
45 40 11 36
1 43 44 29
30 32 39 25
2 16 20 13
42 35 15 34
46 12 47 32
23 48 14 33
46 36 7 48
40 43 41 23
22 33 20 27
41 37 19 49
44 38 16 31
12 31 17 24
37 25 39 16
35 32 9 19
29 30 23 36
25 32 7 29
45 43 15 30
23 37 31 23
40 42 14 32
33 27 14 29
19 34 18 41
31 36 14 28
42 42 11 34
28 24 15 28
34 39 13 28
8 4 15 27
39 43 14 32
5 14 37 40
43 37 12 29
21 37 14 32
20 49 44 9
29 43 12 25
7 25 17 37
2 15 45 22
46 39 36 11
49 41 12 1
25 32 15 29
33 33 14 29
29 47 13 28
15 18 38 4
27 29 12 30
0 24 19 35
35 34 35 9
0 16 28 22
15 11 17 34
32 34 11 28
26 44 45 24
48 43 12 30
46 40 6 42
46 40 26 38
18 32 12 39
1 32 15 27
28 42 13 33
35 28 45 9
38 42 16 31
29 38 48 16
44 49 35 9
39 40 16 34
30 31 23 19
20 36 38 28
41 46 32 5
32 38 33 26
12 13 19 12
34 30 34 42
15 27 3 45
10 13 12 29
26 30 18 37
3 24 49 28
34 41 37 34
30 42 18 28
38 49 15 31
47 40 45 16
8 36 49 4
27 34 11 34
37 39 27 14
36 37 17 32
0 15 48 14
40 42 41 15
30 31 17 32
46 41 9 32
45 35 15 33
38 34 16 32
43 40 26 13
6 20 7 30
32 22 47 7
46 39 45 28
41 43 17 28
15 25 5 47
38 39 16 30
23 38 8 44
35 36 20 19
24 35 33 19
28 21 14 31
44 39 35 35
26 42 14 31
9 10 18 29
30 37 26 19
47 39 32 19
12 20 0 37
7 9 45 19
10 6 6 47
14 41 22 11
21 36 14 26
45 35 12 29
48 41 44 23
24 28 14 31
26 39 22 11
2 22 8 29
31 35 12 31
12 24 16 30
3 40 49 22
3 7 15 31
29 32 5 35
40 28 38 7
42 38 28 6
19 32 9 32
14 44 13 29
3 15 13 28
7 15 15 27
38 27 25 19
35 44 29 32
36 32 35 3
31 45 23 9
32 31 28 25
45 40 46 22
38 49 17 30
2 16 28 43
45 41 7 45
15 17 33 2
29 37 44 21
28 36 21 8
39 37 14 26
32 39 17 35
44 41 46 24
7 10 22 33
15 11 17 27
31 32 18 32
46 39 5 38
41 42 18 29
20 32 13 27
