50 1348 13406 800
34 44 24 32
25 45 29 12
23 18 32 12
29 32 16 42
25 49 35 32
10 24 37 25
39 28 20 5
24 14 32 11
26 43 42 22
25 36 34 7
27 39 14 23
24 42 39 34
41 49 30 35
28 41 9 23
37 36 28 11
47 29 40 37
27 38 37 22
39 24 9 20
30 38 23 37
46 42 23 15
39 29 29 14
10 39 41 22
32 28 42 34
25 38 41 25
41 28 39 22
14 8 39 29
39 27 15 31
25 41 40 32
41 42 42 35
35 25 14 22
23 44 8 22
23 32 19 17
19 36 18 21
25 39 16 25
41 8 29 12
26 43 45 25
41 30 27 34
22 35 38 28
25 32 28 13
35 40 12 42
46 45 21 42
25 47 21 13
25 33 11 25
45 40 15 23
26 39 17 35
29 37 39 46
32 40 22 49
24 41 29 29
29 41 44 29
21 21 18 36
25 44 10 17
39 37 14 23
24 43 32 30
31 32 44 44
35 36 28 7
26 41 27 11
27 37 40 32
30 36 34 17
44 24 28 13
23 44 30 49
28 42 8 32
18 39 31 11
26 30 9 26
30 38 8 16
26 42 28 26
29 44 35 21
36 44 34 27
25 46 7 22
31 44 42 32
21 36 28 12
38 47 36 31
27 45 28 35
38 39 23 43
24 40 45 24
24 46 37 34
3 37 26 13
49 35 18 20
27 44 13 17
31 44 19 12
18 44 39 16
25 41 42 24
37 37 26 12
30 32 35 23
37 3 45 34
36 44 10 28
34 35 27 13
27 49 6 20
45 19 39 22
40 27 40 34
26 31 40 37
25 45 43 19
32 40 44 27
25 47 11 34
25 41 17 49
36 7 29 10
46 19 12 27
45 35 26 29
28 32 16 29
26 38 39 16
24 42 31 26
26 44 37 31
30 48 49 30
34 23 30 12
22 43 9 26
37 33 15 20
25 44 28 9
20 38 30 17
22 46 12 25
36 37 13 22
22 36 15 24
30 46 42 30
26 36 14 28
32 34 40 34
48 49 39 29
24 41 31 49
49 30 1 36
26 39 46 18
31 41 30 9
18 45 40 34
26 47 44 26
34 40 34 20
42 23 43 40
28 44 44 34
34 26 11 45
28 37 39 25
27 39 28 29
40 34 10 27
31 41 34 22
23 31 26 39
14 46 24 9
27 41 12 18
9 46 28 14
41 23 28 10
19 37 10 24
26 40 13 28
42 33 37 29
25 45 42 33
38 36 34 21
47 25 30 21
38 13 33 11
28 33 38 9
36 17 27 33
32 48 28 12
45 45 36 27
30 36 42 18
30 28 9 21
27 31 26 11
48 24 29 9
25 43 47 24
28 33 6 27
26 44 35 19
28 40 49 24
35 39 10 25
18 39 26 7
37 35 21 20
43 28 35 27
36 33 28 38
36 38 19 32
49 23 32 12
38 41 46 28
27 41 8 27
32 39 21 7
13 17 42 26
39 38 32 46
22 33 30 9
31 34 26 35
30 38 33 16
23 36 14 28
38 44 39 28
21 15 15 30
49 30 39 28
26 42 44 35
19 16 11 22
33 33 44 30
15 29 22 47
30 45 37 24
25 36 27 9
28 45 25 15
36 24 29 13
42 38 28 22
29 44 28 14
33 31 17 17
31 37 8 25
26 43 44 27
31 47 21 40
20 38 5 21
31 38 45 34
40 29 31 25
23 37 45 32
19 9 29 10
32 22 38 31
20 43 5 23
26 46 30 18
26 41 26 9
36 23 26 12
34 20 28 13
23 47 29 47
30 41 37 27
31 42 28 26
30 26 5 24
13 27 36 39
33 22 13 47
30 47 23 22
28 45 25 42
46 27 37 19
12 46 29 15
31 34 38 37
15 24 32 21
25 42 33 11
0 45 35 10
27 41 46 26
34 20 8 20
26 42 28 10
24 38 40 36
40 32 33 31
27 42 38 28
35 45 25 35
26 42 22 35
32 46 15 27
31 33 33 13
32 25 42 31
26 35 28 14
26 21 27 14
28 42 48 36
28 28 44 23
26 40 0 31
26 37 25 47
32 36 46 27
25 44 18 40
31 39 18 20
26 44 32 29
24 40 20 17
7 38 24 22
19 30 28 35
49 38 18 48
26 46 41 27
26 32 39 30
23 34 38 19
36 44 45 27
26 42 10 21
36 14 32 4
23 46 12 7
43 41 38 34
29 42 28 16
27 46 29 10
33 24 15 25
34 13 27 25
24 46 27 18
32 43 18 39
23 37 36 24
23 39 12 25
21 46 48 18
25 43 43 24
15 40 31 11
38 36 13 19
26 32 27 10
24 43 12 24
13 31 11 27
37 26 16 33
22 41 39 17
41 33 46 26
33 36 38 24
30 19 48 33
42 31 9 30
32 10 20 44
33 42 35 23
29 43 25 17
25 35 42 23
25 41 11 45
28 40 25 33
26 20 48 35
23 40 28 17
26 44 28 13
27 29 20 32
44 15 45 35
43 48 15 17
46 34 45 23
26 43 22 16
41 30 5 25
24 42 39 21
23 42 31 26
22 43 29 11
20 38 48 18
12 26 27 37
30 19 22 18
39 43 4 10
12 48 37 28
24 40 42 33
25 43 7 30
36 29 2 22
27 42 41 31
24 45 19 18
42 38 12 28
40 7 10 24
31 31 35 16
45 20 30 15
28 45 31 10
27 41 13 39
36 35 9 33
26 42 43 27
26 42 29 48
37 21 28 8
47 44 25 46
30 25 15 23
42 32 11 25
37 29 25 26
28 34 5 11
31 35 29 11
20 34 31 34
21 16 2 17
44 26 25 18
26 23 34 23
30 45 25 8
26 35 47 22
44 38 16 38
33 20 36 28
25 19 43 32
25 42 5 26
32 29 33 34
23 45 33 31
22 39 28 33
19 43 14 41
35 44 12 23
11 21 37 24
38 47 35 34
42 32 40 38
26 41 17 28
24 46 19 45
25 41 32 33
31 19 16 42
27 39 11 31
37 19 36 36
43 20 19 27
27 40 27 15
41 36 33 37
22 30 9 22
33 31 26 12
24 40 12 23
28 46 9 11
25 38 31 6
24 45 44 26
23 42 28 8
28 24 4 22
22 38 14 20
27 43 34 11
36 47 40 25
34 42 23 42
36 27 31 24
38 30 44 25
38 39 16 22
28 43 33 15
23 40 27 10
8 47 21 25
28 40 24 36
42 36 18 35
24 37 30 22
21 46 15 20
37 21 47 17
13 31 25 11
28 42 40 25
8 37 47 28
25 42 16 38
30 43 26 14
32 37 44 28
35 43 20 40
37 38 30 12
27 39 30 11
29 34 32 5
38 23 27 13
24 39 28 7
40 10 20 47
3 32 40 32
39 33 7 23
44 21 8 24
25 44 10 27
16 37 27 11
41 19 12 29
18 40 37 31
32 18 9 11
34 41 32 35
29 44 11 24
41 28 31 38
29 46 16 32
40 21 9 42
22 43 20 49
20 29 29 14
25 40 7 22
45 40 47 32
0 42 35 14
24 45 43 29
27 35 27 11
8 41 15 34
12 11 30 1
30 45 38 28
36 33 24 39
32 33 25 8
25 45 7 14
34 23 2 24
24 37 15 19
22 41 29 11
19 36 32 13
25 43 14 43
24 44 24 37
44 42 37 25
26 31 31 31
27 38 11 20
25 45 23 34
31 44 33 26
11 45 27 43
25 42 21 28
31 23 15 22
33 25 21 8
36 27 9 22
26 39 42 16
27 29 43 32
20 42 35 22
28 40 10 22
38 30 12 7
31 43 23 37
18 35 10 20
47 44 7 26
42 40 35 32
31 25 48 30
45 46 29 13
33 45 24 0
20 47 26 48
21 36 34 37
30 38 19 10
30 40 10 30
24 43 45 25
22 41 42 28
31 46 43 23
42 29 37 11
48 41 33 32
43 33 37 35
38 24 36 21
42 30 44 34
25 42 38 23
24 30 35 23
32 41 26 17
39 20 9 22
26 21 38 42
26 44 31 13
7 2 45 16
30 23 41 22
26 37 30 11
27 41 9 25
29 42 13 17
48 39 30 39
26 39 17 49
29 45 44 30
26 31 27 13
39 26 10 21
31 45 39 36
28 37 22 3
29 46 44 25
18 28 42 36
24 35 19 23
49 41 9 20
33 37 48 29
23 40 5 26
39 43 9 22
44 22 20 3
10 30 30 36
40 49 24 27
30 25 22 16
27 41 28 10
42 15 36 31
39 35 40 29
24 42 40 16
20 39 31 28
39 45 7 25
32 41 28 13
36 43 41 24
29 48 31 34
44 22 26 10
28 45 30 15
27 40 14 4
27 45 20 9
42 46 27 9
46 28 19 29
32 41 35 32
32 16 45 26
28 37 7 18
24 36 37 20
32 34 27 10
35 33 11 21
29 41 31 12
16 44 42 24
37 34 17 47
30 37 29 16
28 37 28 13
28 34 30 25
33 45 44 32
18 9 23 12
24 40 48 38
41 42 32 26
12 36 34 22
34 30 27 41
33 43 10 47
35 43 28 10
32 34 38 43
35 30 32 33
19 14 42 31
26 46 14 13
17 18 38 35
41 25 25 22
46 25 31 15
25 39 33 36
21 36 28 9
29 24 24 29
46 23 35 32
26 46 31 42
29 26 24 14
23 34 32 33
0 34 22 40
20 48 19 13
44 17 27 34
34 29 17 25
38 42 9 27
49 32 14 48
30 43 10 24
18 48 22 14
45 31 22 45
11 26 25 48
49 45 31 42
25 40 41 27
24 31 31 11
34 5 42 30
27 11 12 25
33 24 12 20
30 32 12 33
26 46 40 31
21 42 29 22
20 43 36 43
24 44 6 26
25 47 7 34
33 41 7 24
29 41 28 12
33 42 17 19
21 39 12 23
28 45 27 10
44 31 46 36
30 44 36 28
26 43 20 45
25 48 29 13
45 33 9 33
29 40 40 23
29 48 25 13
47 44 24 10
24 39 29 7
26 37 19 25
30 43 26 12
15 12 9 22
33 36 14 39
27 42 4 25
28 46 28 13
43 28 12 23
49 34 6 6
46 2 21 20
40 37 25 44
31 41 26 10
31 25 36 15
31 19 5 30
35 44 32 12
26 40 4 23
27 42 31 14
31 28 7 31
28 20 42 34
11 32 47 17
43 29 28 12
25 47 31 23
46 41 9 24
28 41 24 47
45 23 38 34
4 44 29 14
26 1 9 21
29 30 8 21
26 38 19 39
36 40 38 30
29 34 27 15
9 47 43 32
24 37 14 22
30 8 44 26
32 23 24 28
28 41 5 28
26 34 15 16
27 40 28 30
45 28 20 25
30 43 17 18
31 26 31 35
27 43 15 20
21 32 17 44
35 31 43 26
21 25 45 38
30 31 15 29
42 31 5 17
22 41 10 26
36 25 34 14
27 39 8 25
27 44 9 23
26 41 4 9
28 43 11 22
9 49 41 26
27 35 20 12
42 21 13 23
17 38 18 8
44 45 37 20
30 21 42 23
20 48 46 29
22 42 31 11
20 33 39 31
32 35 9 23
28 49 13 25
24 42 7 22
30 48 17 39
45 17 11 15
19 32 17 24
33 31 13 39
42 39 33 15
44 11 7 20
22 42 9 24
41 36 29 10
25 20 45 26
25 41 8 35
39 8 20 2
45 35 31 19
26 45 34 10
25 45 16 30
31 35 12 11
27 45 37 19
33 13 2 22
38 43 12 17
25 36 40 29
25 43 18 48
49 30 30 15
37 19 17 13
45 40 43 18
36 41 25 12
34 22 12 0
23 44 36 49
26 41 31 27
33 46 12 1
27 44 40 19
41 41 7 29
26 45 28 11
27 41 8 24
25 21 11 19
29 36 11 26
27 43 13 27
24 41 32 19
26 44 15 35
20 43 35 4
27 40 28 25
15 47 30 24
37 29 29 49
27 44 24 27
25 38 33 14
35 40 16 38
36 41 15 24
48 47 8 15
24 27 25 40
28 42 40 29
23 44 13 42
30 29 26 14
35 43 28 14
34 33 27 13
32 42 20 6
32 44 32 14
39 23 14 11
40 24 45 18
27 9 17 34
40 34 31 22
29 30 46 42
22 40 10 26
30 43 11 49
37 38 7 45
39 29 10 15
38 32 13 46
24 44 46 22
29 42 47 14
44 28 23 27
25 40 38 20
24 47 11 21
24 43 20 38
24 38 27 30
39 27 6 25
12 37 29 24
46 37 17 9
26 48 30 33
35 46 28 14
24 43 29 10
27 22 26 13
32 18 10 15
27 34 27 12
26 37 32 28
27 45 28 8
27 37 2 39
41 46 27 12
25 41 25 20
31 28 4 14
28 42 8 47
29 24 26 14
40 22 29 13
42 40 26 16
38 45 15 19
27 37 38 19
26 42 13 28
29 39 17 27
37 34 28 7
37 39 40 26
38 28 21 12
2 45 9 24
23 46 23 18
33 43 11 25
37 31 27 11
31 47 40 25
38 21 9 24
30 45 10 22
41 24 11 32
35 31 10 23
25 41 28 37
33 42 33 30
35 34 43 33
31 40 15 25
32 34 47 27
27 42 27 11
17 43 22 28
17 40 5 28
35 40 27 15
28 43 45 25
23 38 4 20
24 39 34 27
31 29 35 30
28 33 24 15
21 39 6 43
0 43 32 22
17 23 21 41
47 26 27 16
31 26 29 46
26 43 47 19
37 42 33 16
21 49 35 32
26 40 29 36
26 38 49 21
24 38 3 19
26 41 42 28
32 30 1 24
24 12 18 25
29 35 12 32
35 41 31 27
48 29 13 27
39 30 34 10
25 43 12 27
26 44 11 49
26 41 43 25
37 28 33 31
44 38 11 19
13 26 18 3
27 40 38 40
33 44 42 34
31 31 15 29
32 23 36 32
47 37 23 6
49 41 28 12
39 31 15 42
35 36 13 35
31 45 42 33
38 36 32 32
42 40 27 10
26 45 31 28
25 39 13 25
28 34 46 27
36 30 19 26
28 39 23 2
25 44 7 31
25 14 13 24
6 23 32 12
26 41 30 23
32 32 32 10
29 45 28 13
38 33 38 15
23 42 10 21
37 17 36 31
26 39 16 23
22 37 18 38
13 34 26 26
2 43 27 11
43 28 27 13
37 36 18 39
30 44 37 33
44 21 21 23
24 49 40 25
25 47 42 34
31 24 17 16
38 48 24 12
32 46 39 17
31 44 28 14
24 41 38 31
24 44 32 1
24 33 32 20
29 43 41 30
47 39 24 18
28 40 47 31
22 43 41 31
24 38 7 27
34 38 48 35
40 22 25 11
29 43 38 35
34 33 39 37
20 39 40 28
25 41 37 34
30 40 17 42
22 38 49 29
48 22 28 7
33 20 32 29
35 34 28 12
3 21 7 24
34 25 46 39
27 42 10 1
26 46 29 13
38 36 28 13
30 40 19 39
31 42 30 38
21 38 26 13
32 44 41 27
21 39 27 17
20 40 44 31
38 10 38 20
32 41 4 24
49 37 39 32
35 31 35 18
17 38 25 7
45 28 27 11
26 45 40 28
26 45 27 39
31 39 39 31
47 41 21 19
22 32 30 7
26 40 15 25
27 45 24 14
21 42 2 12
36 23 11 15
25 40 9 23
25 40 29 21
25 33 27 17
27 42 14 48
18 25 43 19
29 36 37 33
25 35 4 25
21 37 12 48
38 30 21 16
49 18 22 42
39 28 11 22
31 45 25 31
28 48 30 11
23 11 43 27
43 38 31 14
25 38 22 4
38 40 2 45
26 48 13 25
20 47 37 27
47 45 7 26
28 40 23 14
32 41 40 13
29 25 44 22
28 44 30 12
6 34 5 25
32 37 31 10
37 35 48 31
45 26 7 23
24 45 48 26
22 42 14 16
35 41 15 17
21 46 11 29
23 47 43 35
32 37 37 12
34 13 44 38
46 39 19 45
30 37 18 12
13 29 44 32
30 45 45 23
26 37 25 4
36 32 20 9
26 43 35 38
45 29 27 4
47 32 20 13
19 39 17 26
24 41 36 12
21 46 29 9
32 41 15 30
40 39 29 10
26 41 22 5
35 32 24 40
26 44 30 13
24 23 24 35
29 34 37 21
25 42 27 37
23 37 20 45
29 32 37 36
20 43 37 34
22 38 2 25
32 34 28 11
22 43 36 38
32 44 15 21
17 31 33 33
25 38 40 22
42 36 27 26
23 32 25 43
30 47 9 22
19 33 1 19
28 31 20 9
32 23 31 13
23 42 44 37
34 41 21 23
28 46 36 29
27 40 28 14
39 43 24 38
37 23 14 43
48 38 12 26
29 41 4 8
36 29 29 36
26 43 38 17
28 13 5 27
33 32 11 1
29 44 20 35
40 36 44 16
35 39 42 23
28 26 45 24
25 40 45 17
29 43 21 44
22 30 17 10
25 42 18 23
33 34 23 45
28 44 21 23
26 41 29 14
24 38 13 32
26 44 36 33
32 48 38 32
23 44 10 22
20 28 19 39
29 36 12 35
33 39 40 25
26 10 48 18
19 35 29 12
34 43 39 37
45 38 38 30
46 21 35 34
25 36 31 9
47 28 16 47
28 44 44 28
38 30 20 11
28 40 37 32
21 44 35 36
42 23 8 29
38 49 43 19
24 41 42 36
5 34 18 33
30 23 37 14
33 14 28 12
22 36 34 17
23 43 14 18
43 41 48 29
34 45 32 10
29 20 9 36
25 25 11 45
15 28 29 15
35 20 37 27
48 33 29 26
35 31 28 1
43 21 30 31
28 47 44 41
31 30 8 13
26 27 13 41
28 42 8 28
26 44 6 28
28 37 13 35
29 35 8 18
32 23 47 35
24 37 28 26
30 39 43 41
47 48 38 22
13 34 41 28
31 24 5 25
27 30 44 29
27 36 40 26
14 16 9 20
41 39 29 11
30 38 18 33
28 26 36 20
45 29 38 19
28 37 6 24
22 43 12 23
26 41 11 25
40 33 19 18
43 39 21 39
20 41 13 23
33 40 4 26
29 41 42 29
16 27 32 16
41 1 30 11
32 26 33 49
33 38 8 40
47 14 32 29
29 36 25 11
28 46 25 33
19 43 29 19
35 41 29 33
32 27 17 42
37 31 30 15
40 37 38 23
29 43 13 24
24 40 42 31
24 28 4 25
22 38 37 36
41 29 24 27
45 39 15 20
26 42 27 33
40 40 44 0
23 33 37 35
25 39 40 32
26 41 43 32
37 32 12 22
39 36 33 27
36 36 41 23
32 36 16 19
47 29 41 30
26 44 17 24
29 43 20 29
27 39 24 48
24 45 37 24
46 24 15 22
37 18 7 20
43 27 46 31
25 39 33 22
23 29 18 41
44 36 25 10
25 37 34 31
27 45 30 26
29 45 29 14
41 33 4 14
20 48 8 29
21 41 30 12
21 49 11 4
49 15 22 45
26 40 26 13
20 36 29 13
45 25 46 34
36 46 30 11
39 34 0 21
29 37 27 10
35 29 17 33
30 40 49 33
25 41 23 15
25 37 27 5
25 46 19 27
27 40 14 13
14 18 41 25
27 29 27 39
36 39 21 8
25 39 30 12
40 10 47 48
24 24 12 27
37 36 35 30
36 36 7 22
27 28 35 25
41 31 12 22
9 47 13 43
25 46 19 49
35 34 40 28
32 25 39 35
41 15 38 33
31 34 29 11
4 19 41 25
27 43 17 21
29 37 38 33
39 32 37 28
24 37 37 32
26 15 37 26
31 39 31 33
9 34 46 20
37 27 9 25
15 46 42 26
22 25 27 22
26 47 31 9
25 44 44 16
21 45 30 24
46 29 32 11
31 26 6 30
28 41 28 12
38 43 5 18
28 33 35 28
46 40 27 16
3 27 11 23
28 27 38 43
22 38 42 27
23 42 27 13
28 45 37 14
39 48 26 7
33 16 45 22
32 39 17 47
27 48 29 16
41 42 24 36
27 30 26 12
28 43 15 25
8 49 17 23
5 46 12 28
28 38 37 35
26 46 35 30
26 44 12 17
37 41 28 11
28 45 9 17
23 47 9 28
29 43 34 26
27 37 47 42
37 20 24 16
0 37 29 11
23 16 27 14
24 36 10 21
21 42 3 23
26 41 7 30
17 18 31 10
27 42 39 23
29 48 41 12
46 35 30 14
14 45 21 40
40 45 30 19
6 16 14 48
28 40 31 24
39 30 30 27
23 40 46 36
19 35 13 23
41 16 30 36
32 47 16 24
29 44 12 26
36 41 29 12
10 28 16 34
24 30 24 45
27 42 48 35
40 13 16 17
42 36 32 9
34 48 26 27
26 15 28 35
38 43 39 22
13 41 8 30
47 12 13 21
41 39 15 20
33 4 28 16
39 20 25 11
46 22 27 18
33 46 29 17
25 41 34 31
16 33 28 7
35 25 49 34
30 34 13 27
46 26 35 27
38 38 13 21
41 17 44 10
25 37 6 20
48 28 12 25
29 37 14 19
19 42 44 20
28 44 40 19
26 42 25 13
33 28 3 48
32 31 26 14
30 41 16 25
6 19 11 47
25 44 7 30
16 33 12 22
20 15 41 27
42 21 40 26
23 39 24 29
22 41 45 29
37 31 12 3
39 18 36 26
48 40 13 21
33 47 17 30
42 47 3 12
27 42 10 46
45 23 25 19
37 37 15 6
39 38 11 43
24 47 5 23
24 31 46 26
36 33 24 19
28 43 4 10
32 34 36 38
23 44 39 21
27 45 27 9
23 44 6 27
34 24 25 22
33 43 10 26
29 46 33 22
28 45 35 28
27 38 27 13
32 39 21 32
44 30 9 19
12 42 3 22
33 35 15 49
35 39 3 2
38 38 38 33
25 43 25 12
26 38 30 15
35 35 17 49
22 24 28 13
25 43 44 24
26 42 7 28
37 28 44 18
8 26 41 37
28 42 12 26
30 45 38 28
36 17 47 16
28 40 21 45
43 36 36 34
36 46 3 26
43 23 31 6
34 27 15 7
36 13 24 45
24 38 26 7
24 39 3 23
23 30 44 25
20 40 46 17
27 17 6 30
20 25 22 21
20 40 36 10
24 45 12 46
25 42 28 16
32 41 34 22
29 38 6 24
27 42 31 21
30 34 6 19
33 24 28 15
24 42 35 18
27 40 34 26
20 42 29 12
27 37 29 13
38 33 9 23
48 23 23 13
34 37 30 15
26 42 39 26
6 33 33 18
17 39 14 13
38 43 10 24
38 31 20 37
33 35 35 25
27 39 18 46
24 38 24 24
23 32 32 30
28 46 43 23
48 30 44 32
31 41 0 16
26 19 29 13
29 35 20 43
25 45 43 32
40 27 26 20
31 40 27 46
27 43 34 23
23 45 32 12
45 31 26 13
24 25 17 13
32 46 26 33
30 36 27 26
28 42 26 11
44 39 29 10
14 26 33 11
24 15 23 31
39 25 32 16
26 36 36 39
9 18 35 27
40 32 31 31
13 20 48 37
24 47 33 14
35 39 30 12
29 42 10 24
6 34 27 31
20 42 11 20
28 39 18 12
25 40 22 25
40 31 12 19
37 33 5 24
22 43 47 33
43 14 31 13
37 36 28 41
38 44 46 43
39 40 31 22
8 4 14 25
21 20 41 36
21 45 39 22
20 43 25 17
23 44 6 19
28 41 30 13
36 40 36 34
41 33 26 10
39 29 1 19
20 42 1 6
34 24 48 27
30 30 9 25
34 42 28 22
27 41 25 20
32 44 40 19
33 22 16 12
35 45 35 24
28 45 7 43
24 45 41 27
43 32 7 32
5 38 39 26
29 38 35 38
22 45 44 26
18 30 8 28
32 46 17 44
22 44 16 20
24 42 11 29
33 41 24 8
46 16 28 15
38 45 34 32
25 38 26 13
21 40 6 21
29 42 30 11
18 25 28 6
16 22 8 26
26 34 14 44
30 34 48 23
21 13 37 40
36 35 31 8
48 27 26 12
19 37 26 4
26 42 9 27
24 33 30 9
27 38 7 22
27 42 13 25
28 43 31 14
25 42 45 30
22 34 8 30
40 38 13 48
25 36 17 28
22 46 5 23
32 47 31 24
27 45 18 48
38 33 11 25
41 47 39 32
30 35 48 35
43 32 14 27
31 36 48 22
21 40 29 4
28 40 44 27
31 44 34 33
0 16 24 30
