50 951 12960 800
15 20 9 40
32 10 9 28
20 39 15 39
5 30 5 39
40 46 3 35
0 6 49 45
5 29 47 33
6 12 2 39
18 21 5 44
3 25 6 42
6 0 35 3
22 18 5 35
8 9 32 7
23 17 7 46
38 43 10 34
13 37 44 1
6 26 1 40
8 27 3 48
18 26 4 36
15 9 7 32
21 31 47 11
4 23 26 45
32 9 5 32
4 43 45 1
12 15 41 7
16 24 0 28
34 46 6 44
36 45 2 37
13 0 11 49
36 47 42 35
6 37 31 49
6 31 3 34
15 25 12 18
4 34 7 29
34 3 6 33
29 41 9 29
22 15 6 36
43 44 4 39
9 11 2 40
4 8 48 38
44 19 39 40
35 42 1 35
1 17 44 16
19 23 44 17
17 25 6 36
14 21 2 41
21 27 3 27
26 16 41 43
16 0 6 35
37 25 9 28
1 8 40 45
14 36 2 26
22 19 6 29
49 27 6 34
46 22 35 45
7 8 47 41
3 24 35 7
48 17 4 34
8 8 39 46
11 30 46 37
6 34 42 4
9 14 2 26
9 40 4 37
33 42 0 31
0 10 2 34
25 8 3 35
49 1 48 37
10 0 4 24
22 13 8 37
26 18 35 44
3 16 3 39
46 19 11 39
39 27 6 30
11 25 0 31
36 47 12 37
9 26 9 34
2 30 13 30
18 10 27 9
3 25 6 31
49 44 37 12
32 8 48 45
16 2 43 45
4 16 2 35
40 1 12 38
2 21 47 45
33 27 1 30
3 31 4 35
1 26 8 31
36 14 9 40
13 29 48 47
35 49 8 39
10 4 8 40
37 48 3 42
40 37 3 36
5 33 5 38
31 30 8 32
41 17 7 37
15 33 3 46
37 4 49 46
1 29 13 30
8 13 21 21
5 33 42 48
9 24 0 40
8 3 13 34
4 21 6 33
28 26 3 41
32 45 1 34
15 24 3 26
23 17 48 43
1 23 0 35
37 43 43 46
7 16 6 33
23 40 4 29
18 48 5 41
43 17 7 31
11 45 1 33
4 29 6 24
9 23 7 36
44 49 1 32
30 42 9 35
10 36 39 3
42 30 2 41
49 32 5 34
9 22 44 49
28 20 28 8
42 26 3 41
2 47 9 32
27 24 6 23
37 47 1 27
32 20 12 36
41 13 2 36
16 24 37 38
29 44 12 38
36 34 2 24
22 18 1 31
10 21 8 29
0 29 3 40
44 49 40 3
0 33 47 34
18 15 36 29
44 49 13 36
40 37 49 39
33 38 44 47
0 5 5 41
21 22 10 36
26 0 5 31
26 43 11 28
32 47 37 3
27 18 6 29
3 16 5 37
4 20 42 45
8 25 1 43
44 19 3 41
15 39 7 45
5 27 4 36
47 9 38 8
37 8 3 49
33 39 49 15
1 34 4 27
1 32 9 37
38 47 39 42
16 4 9 34
30 49 7 32
25 29 8 39
29 28 9 38
29 46 22 10
45 14 2 34
36 46 36 34
5 30 7 36
0 23 46 36
1 25 43 6
28 42 35 41
11 19 1 29
0 24 11 33
12 23 2 41
5 43 33 39
16 15 31 48
46 1 6 36
24 32 49 40
35 24 4 29
2 28 0 35
28 8 7 27
4 28 45 40
32 13 4 27
19 41 6 35
3 33 15 36
13 7 4 32
5 30 3 34
39 46 45 31
18 3 0 30
11 16 7 41
26 23 8 27
37 43 11 33
39 24 3 42
36 16 4 24
10 15 6 37
11 20 5 33
17 14 3 25
13 36 39 48
5 32 7 36
6 1 41 46
1 29 11 36
2 35 6 32
47 15 7 40
29 5 47 23
44 7 4 27
43 19 4 38
32 48 5 33
5 10 9 31
42 46 46 49
28 22 43 35
35 44 10 33
21 43 49 37
3 28 47 3
16 30 2 30
12 33 3 36
0 26 3 38
5 2 2 36
4 26 1 29
14 19 41 11
13 22 37 10
11 9 42 34
18 18 1 25
21 28 4 29
43 37 29 20
40 43 27 22
47 49 49 40
44 17 3 44
5 40 3 36
7 6 11 36
29 45 2 31
13 19 3 34
42 37 33 10
35 47 5 40
1 25 3 32
13 35 2 45
36 4 8 41
43 47 3 33
33 45 47 17
22 45 3 38
47 49 32 1
40 18 6 49
42 21 9 29
11 23 2 38
48 41 5 38
38 39 6 37
11 20 48 31
19 12 6 47
15 42 5 24
14 31 2 36
42 44 5 23
1 23 10 33
18 27 7 32
32 42 0 41
3 21 0 32
8 6 6 33
19 43 17 35
10 47 19 16
16 9 1 38
3 43 2 38
38 12 40 7
43 24 48 43
35 10 11 47
18 21 6 46
3 31 43 49
48 10 45 35
41 8 8 42
47 48 32 47
8 38 3 28
28 1 8 28
16 45 35 31
23 27 3 29
20 22 8 36
4 23 30 5
22 31 3 35
42 13 1 39
19 0 40 47
0 13 1 43
32 31 17 33
37 27 13 31
16 26 1 44
34 1 42 45
1 26 5 28
8 6 1 29
3 28 12 46
5 22 0 41
40 36 39 13
44 19 32 42
13 20 42 40
11 36 3 34
8 16 47 1
26 37 4 40
8 45 8 30
48 40 7 33
43 41 42 6
37 18 11 33
42 40 38 33
0 16 3 28
17 17 2 40
37 8 0 30
24 42 42 48
3 29 48 20
2 8 49 16
4 26 1 36
13 30 4 27
21 9 6 38
24 26 6 42
43 14 3 38
19 4 6 42
16 13 3 37
10 13 6 38
11 27 6 26
30 41 36 43
21 13 8 34
9 44 3 37
7 33 2 36
48 29 48 11
33 17 9 35
31 28 7 35
33 31 0 39
31 31 18 32
1 13 42 45
13 26 11 43
21 15 43 44
13 38 42 47
1 27 6 43
12 31 0 35
3 27 7 29
35 11 48 46
32 42 5 33
36 45 41 4
27 17 0 43
6 14 9 32
29 48 0 43
28 32 9 35
43 30 5 33
2 10 32 25
14 13 13 49
11 40 6 35
49 21 5 36
14 36 6 34
7 16 3 35
26 41 40 42
35 13 12 35
36 34 1 31
21 20 31 40
9 6 0 24
20 7 0 40
33 13 48 22
2 32 16 28
38 43 1 37
5 27 2 34
12 26 3 34
0 34 7 40
33 45 6 29
7 39 6 33
3 5 7 38
25 48 44 8
1 37 9 33
24 38 8 24
8 34 0 32
10 25 4 27
2 21 28 21
31 47 6 38
7 25 4 35
37 49 4 33
9 18 45 25
9 32 6 27
8 21 42 49
25 48 44 41
9 21 5 35
12 27 5 35
25 47 48 31
5 32 11 35
17 46 8 38
13 31 1 40
4 14 2 28
43 12 20 16
41 38 30 2
13 32 7 44
36 43 9 31
32 16 0 34
8 17 42 27
46 13 35 45
6 34 47 42
28 11 11 27
38 46 4 38
0 39 5 33
37 49 2 24
11 14 41 10
32 16 1 31
26 6 0 33
5 26 30 2
15 46 0 43
3 29 45 38
27 23 1 35
4 23 5 32
6 38 40 38
12 30 1 37
43 40 4 28
7 41 2 24
33 10 7 29
23 7 7 35
35 34 1 41
28 3 41 38
5 34 4 27
35 10 5 44
29 49 31 44
25 36 49 38
14 2 1 35
4 36 45 48
36 43 6 40
24 22 1 45
36 1 30 8
9 30 3 29
20 47 6 23
39 32 9 33
3 34 6 30
6 40 42 35
1 16 39 32
11 27 2 48
10 9 3 33
27 46 11 37
1 22 40 38
29 18 33 1
41 32 7 28
10 6 12 38
15 29 10 37
7 28 10 35
35 19 49 1
34 43 2 35
37 46 16 26
2 22 43 11
8 12 8 27
31 6 9 26
35 38 28 42
20 33 8 31
33 19 1 44
11 36 0 40
39 22 9 30
20 28 2 36
16 12 4 30
4 31 33 38
10 35 4 37
6 12 8 44
39 16 7 26
35 40 6 32
0 28 29 6
22 16 47 35
14 15 4 38
33 47 6 27
48 19 10 37
1 25 42 18
40 27 7 48
14 30 7 35
39 43 2 28
33 40 40 43
47 44 38 42
35 36 39 40
1 36 7 37
6 23 6 38
5 31 6 40
41 41 3 36
12 39 43 45
27 29 40 30
6 39 3 29
32 48 47 48
9 32 2 25
26 30 7 28
22 7 45 46
0 35 7 46
3 30 2 40
8 42 12 34
36 42 6 30
42 22 5 24
7 23 3 27
45 44 40 45
8 19 11 39
20 3 48 46
37 44 1 36
0 24 10 39
35 44 1 32
33 44 45 32
11 26 49 4
11 40 35 46
45 23 49 25
32 47 1 34
7 27 8 33
13 5 41 49
42 47 48 47
1 25 2 43
8 23 5 37
25 25 4 35
10 21 10 35
40 44 2 25
18 6 0 39
0 31 3 34
6 23 34 45
39 40 2 43
15 43 5 27
35 3 4 47
7 29 4 33
36 16 49 35
17 8 2 27
33 46 21 38
39 25 5 34
16 37 8 32
2 36 39 41
9 25 29 45
16 49 3 38
7 28 19 32
23 22 48 49
38 42 7 38
7 30 49 16
9 19 49 3
41 13 3 43
16 8 8 31
17 32 6 41
8 30 45 45
32 49 2 39
16 12 40 30
8 29 32 19
33 45 1 38
0 29 1 33
39 14 4 40
3 11 34 42
11 20 42 7
13 24 36 42
47 10 8 30
3 39 5 28
15 21 3 37
2 12 9 35
39 45 8 26
40 30 14 31
30 48 6 34
26 38 11 33
0 34 2 39
11 18 5 38
16 0 7 24
47 27 40 4
49 16 1 39
1 38 39 42
16 23 38 46
41 44 1 41
31 30 10 29
14 19 8 30
28 21 1 43
32 3 5 35
19 20 6 36
24 7 14 34
41 45 0 44
10 33 8 38
16 26 1 32
4 26 39 11
47 40 9 23
32 43 4 31
48 9 41 36
43 48 10 38
21 10 41 40
35 40 46 0
10 25 9 39
29 32 7 31
36 32 3 34
46 43 43 39
8 30 7 37
3 22 3 38
36 29 42 37
5 15 4 40
35 48 8 36
40 27 43 39
45 19 0 35
2 45 37 41
18 35 44 39
5 27 44 31
31 28 31 42
24 11 4 31
1 30 10 27
0 19 42 5
37 23 6 34
39 49 9 33
13 0 0 35
44 19 45 44
33 15 10 36
46 4 4 32
10 21 9 31
1 3 41 3
2 31 8 37
48 43 27 15
18 18 49 28
12 37 43 37
45 23 2 45
8 32 6 38
4 34 1 40
35 6 5 34
0 25 35 30
16 37 0 26
3 43 1 28
8 27 6 40
3 26 0 36
10 30 6 31
5 28 3 31
37 46 6 33
24 18 5 37
15 6 0 38
33 12 27 19
13 33 7 28
22 14 34 14
48 28 1 34
36 32 45 32
12 28 41 9
6 3 5 24
9 15 11 39
22 2 19 41
10 40 7 38
27 6 5 39
2 31 43 26
15 33 44 11
12 24 34 13
23 6 41 49
15 21 37 3
5 12 0 33
3 32 4 25
4 27 1 32
20 26 35 40
6 12 41 43
33 11 2 28
46 15 48 3
25 37 5 28
34 45 5 37
36 12 3 30
22 36 1 27
1 42 2 26
34 40 9 33
6 13 2 33
47 1 41 48
8 15 3 28
1 39 47 43
7 24 0 33
37 45 6 36
9 16 0 36
35 41 5 39
14 16 36 44
16 28 42 2
0 22 4 43
6 30 1 27
1 27 7 33
2 30 7 30
46 34 4 46
38 34 10 32
28 30 41 16
0 22 7 38
1 40 12 31
29 44 7 39
1 2 3 34
34 45 0 37
23 4 1 42
18 14 0 37
21 24 38 23
4 28 5 38
7 31 47 41
6 37 10 28
40 24 5 38
37 16 32 1
0 20 46 43
6 2 2 32
48 8 10 22
29 40 44 12
37 24 37 19
16 40 10 33
5 22 2 36
19 9 39 43
7 10 41 41
11 43 45 8
8 27 43 46
6 26 10 43
17 4 48 46
2 31 4 38
22 8 10 34
2 24 0 35
27 42 10 43
9 28 30 18
0 37 43 45
18 35 7 36
7 22 8 27
30 7 43 40
14 33 3 41
10 19 5 37
15 7 47 30
14 10 9 31
39 9 36 6
8 17 0 32
8 22 41 6
36 34 9 38
16 28 37 24
42 47 6 37
35 42 11 34
15 14 45 12
22 14 8 30
20 39 2 26
1 0 7 34
34 15 4 31
23 21 11 27
45 19 2 44
14 15 4 49
14 19 6 31
46 49 6 28
44 14 41 40
30 39 38 44
9 16 1 31
33 43 47 45
18 9 36 30
43 17 39 39
2 31 15 34
32 49 2 35
7 35 1 35
25 26 2 32
34 34 36 8
20 37 5 33
41 46 37 44
1 27 30 0
6 32 3 26
44 27 3 31
15 35 36 30
5 20 3 29
46 20 43 48
38 43 7 27
40 27 4 33
7 30 7 47
12 36 15 38
6 36 11 35
45 47 45 5
25 41 14 0
29 41 3 32
35 46 24 9
27 47 22 28
8 32 5 43
36 30 0 40
29 8 7 39
14 32 1 27
13 10 7 30
19 36 11 33
37 42 4 36
47 42 7 43
2 26 3 38
4 1 29 43
37 49 1 40
18 36 1 41
49 15 1 36
9 35 6 38
0 32 6 36
8 12 49 11
3 22 2 28
9 10 6 27
36 44 42 13
7 13 48 2
7 27 4 40
40 37 4 27
40 10 14 35
18 6 3 41
22 6 3 35
3 9 6 35
6 7 5 38
42 43 41 4
4 32 11 28
25 18 2 32
37 39 3 27
30 47 45 28
14 22 0 33
34 9 5 31
49 13 3 35
22 29 43 35
30 44 38 5
20 15 43 24
29 16 5 37
41 22 11 25
6 13 10 37
9 14 35 13
18 23 7 36
9 22 4 28
32 28 4 26
11 45 43 15
8 25 9 41
41 45 0 40
30 15 8 28
33 48 3 38
14 17 34 35
22 38 33 45
41 0 8 31
24 12 5 33
13 8 5 32
25 36 1 37
9 18 3 43
41 14 40 38
3 14 4 26
40 33 46 47
9 2 43 40
22 10 41 26
6 31 0 39
6 28 45 37
13 25 2 29
29 36 0 32
0 40 49 48
8 3 48 6
8 40 2 35
34 43 39 43
36 46 38 32
2 14 6 36
5 36 1 42
6 19 5 42
14 38 6 29
7 4 8 39
46 42 1 33
9 31 46 37
34 36 8 41
2 43 42 45
19 15 37 41
5 32 5 40
24 45 44 6
5 12 0 37
40 41 0 29
46 37 3 40
14 9 1 42
16 19 4 36
5 36 43 49
12 14 10 36
4 21 27 30
12 17 5 43
25 13 37 49
28 25 8 30
4 9 29 6
4 26 12 30
40 49 6 33
38 42 7 30
21 25 5 22
2 22 8 26
6 26 6 37
4 30 2 36
19 49 9 30
16 32 32 19
5 33 35 30
37 46 46 13
4 19 9 39
47 49 13 42
20 13 36 46
14 34 48 33
10 8 42 17
33 47 6 32
17 28 7 26
34 36 6 38
3 26 7 38
31 26 0 46
13 9 8 28
1 7 2 30
33 41 5 38
30 13 46 40
40 36 8 27
39 11 1 32
8 38 43 11
1 35 7 32
14 18 8 37
29 19 32 3
30 48 38 33
4 4 8 2
4 45 2 33
39 42 15 35
5 10 3 31
47 22 8 30
31 17 10 40
42 24 8 27
49 27 6 35
41 44 32 43
11 2 43 46
31 8 6 37
39 31 3 25
40 18 37 49
27 18 24 49
40 44 33 22
28 3 4 32
37 3 7 36
28 40 0 33
18 25 7 34
30 44 49 26
3 5 4 39
2 17 41 44
26 49 2 26
8 30 3 29
16 39 1 28
2 38 3 29
28 12 6 31
3 31 6 37
37 32 5 25
1 17 1 33
37 9 2 31
13 31 3 41
6 31 4 34
27 12 0 33
16 19 43 39
38 32 40 8
6 27 7 36
2 32 3 27
46 39 43 27
0 41 39 37
20 36 9 23
33 43 38 43
5 41 1 28
21 16 47 26
20 11 39 42
32 47 1 31
41 24 5 33
4 12 8 39
45 43 4 34
41 44 9 30
31 36 2 31
14 26 3 35
8 11 39 38
3 28 2 32
15 17 4 42
40 40 8 31
20 33 8 30
7 7 6 36
37 4 44 41
11 5 7 41
6 32 12 31
17 25 30 22
32 34 4 38
37 15 21 12
26 19 38 46
3 44 5 25
7 37 1 31
35 43 48 30
7 23 3 38
2 37 24 35
26 42 38 29
8 18 0 31
39 16 37 31
21 13 0 36
36 34 12 36
5 26 7 37
4 15 4 33
8 7 5 39
18 37 4 26
1 25 11 28
28 34 4 36
30 41 2 43
22 20 42 40
17 19 5 39
43 14 11 34
41 11 9 39
8 17 34 48
23 40 34 49
34 0 10 32
