50 194 15881 800
36 4 20 21
23 44 33 3
42 28 33 14
7 27 45 21
26 41 40 15
36 42 23 32
28 10 41 7
21 46 5 11
42 27 18 20
47 39 4 35
46 21 3 24
43 28 29 8
38 43 3 4
45 45 43 14
14 38 31 27
28 23 39 12
33 28 11 30
35 31 2 4
40 46 48 8
47 18 13 42
28 34 37 12
42 24 8 28
42 27 7 4
42 28 20 20
43 30 5 6
35 21 10 32
44 31 38 34
45 28 41 17
40 23 32 11
47 32 20 15
29 6 37 32
19 48 7 9
13 14 17 4
40 37 11 18
38 29 39 38
44 32 22 11
22 47 9 48
42 13 19 12
31 17 19 18
35 27 37 31
35 31 1 5
41 42 34 20
47 18 40 9
48 23 35 43
43 17 1 40
37 39 7 3
35 14 38 6
47 40 44 14
12 46 3 3
30 4 29 35
39 30 39 19
24 45 18 19
22 43 17 21
33 49 27 28
40 39 22 7
17 43 11 3
44 27 5 4
44 20 37 41
35 36 24 12
36 43 1 19
38 34 1 4
42 7 44 17
36 29 2 9
16 12 32 35
4 18 41 16
46 20 22 16
34 41 25 24
34 17 43 12
38 23 45 48
43 26 18 18
44 45 38 12
34 19 7 47
39 24 29 5
41 45 45 9
39 10 37 16
46 34 46 46
39 25 17 17
22 45 18 48
29 1 32 3
27 36 39 13
44 26 21 0
31 2 25 30
43 3 30 33
32 42 21 21
30 2 40 14
42 30 21 20
32 9 19 13
40 35 23 41
42 6 39 1
34 19 18 24
37 28 41 40
8 29 10 47
30 42 48 13
9 44 41 1
0 24 12 33
29 30 25 26
37 22 43 36
42 32 10 28
28 11 40 17
19 46 40 28
43 8 23 21
42 40 22 21
17 3 38 8
40 23 8 38
39 21 18 46
46 26 0 26
23 2 34 19
40 25 11 21
24 2 47 17
21 44 41 46
25 12 20 20
41 26 24 4
21 45 27 33
38 41 24 14
49 26 44 9
32 27 49 13
38 33 22 22
30 35 21 23
45 3 32 39
33 36 4 8
44 38 31 48
17 47 46 46
41 37 27 1
41 21 3 39
38 37 11 41
46 34 42 2
37 34 7 10
39 37 8 30
21 47 6 20
30 31 4 15
44 20 19 18
39 12 9 4
36 14 20 17
39 6 7 3
45 23 7 29
47 23 30 47
33 0 1 14
28 32 31 46
28 27 37 11
16 41 40 16
43 44 12 33
37 21 20 20
36 24 41 10
33 9 40 11
37 17 16 20
35 20 30 15
26 48 19 19
41 33 7 46
15 44 37 8
24 42 13 31
38 10 22 20
40 23 18 39
30 33 33 38
46 21 14 49
43 35 40 17
17 49 43 37
25 41 30 13
45 13 40 29
46 22 39 12
30 13 25 13
35 21 22 22
45 26 42 12
39 28 31 14
42 5 22 17
42 23 17 22
4 21 34 24
37 33 18 43
37 19 0 20
14 47 1 0
21 45 21 10
38 25 35 8
37 32 27 20
25 49 46 10
42 1 27 34
30 49 13 20
23 44 3 41
31 8 47 18
44 26 43 14
5 11 10 1
45 17 0 16
39 28 39 10
22 44 37 11
49 35 21 20
23 43 10 27
28 1 32 41
35 32 40 34
26 8 5 6
42 27 33 2
20 47 34 14
2 26 27 42
40 40 39 0
17 46 11 30
40 3 42 19
39 34 35 2
