50 875 15512 800
25 5 10 10
37 29 46 49
28 9 13 8
9 29 30 12
8 23 9 8
37 34 29 47
21 26 35 46
43 47 39 39
28 23 33 8
38 30 36 44
24 25 36 7
43 33 23 18
31 23 20 33
18 32 42 30
17 22 7 7
22 30 7 0
8 6 4 4
38 32 34 36
22 21 9 8
21 32 10 10
26 30 30 11
19 27 42 34
46 36 22 27
32 36 34 6
13 15 24 42
43 34 15 12
45 43 24 26
38 28 39 43
24 19 22 27
40 30 25 41
42 34 19 24
28 25 19 26
41 36 40 28
23 26 37 45
33 42 46 27
9 28 45 21
25 29 21 38
18 26 8 4
44 35 45 8
41 41 5 5
14 28 13 43
28 24 30 8
13 29 23 5
22 28 42 29
26 32 24 21
25 9 9 4
40 35 42 27
39 30 5 10
44 29 20 26
37 37 12 6
15 29 13 9
46 35 5 13
22 20 23 27
17 31 34 23
35 45 45 25
11 30 11 13
21 28 10 12
14 29 45 43
39 31 34 34
40 32 20 35
13 34 33 45
38 29 15 16
41 38 28 6
25 27 32 48
37 32 25 25
36 43 3 12
37 45 25 27
21 26 10 7
18 36 10 14
41 35 35 42
33 45 31 36
19 31 22 15
22 25 10 16
20 31 23 29
35 33 30 30
39 42 45 24
17 14 8 3
25 24 25 6
40 34 42 38
9 25 22 27
41 34 32 46
14 38 18 29
12 32 31 49
10 28 19 17
1 29 48 22
28 31 32 38
39 35 18 11
36 29 21 32
12 31 41 23
39 47 25 37
15 20 8 2
34 35 46 11
41 33 27 44
47 46 38 49
37 19 23 26
41 40 37 19
5 14 17 28
8 28 22 23
35 22 31 41
12 28 33 41
22 34 30 2
39 32 24 23
43 38 17 24
14 25 29 8
13 6 44 33
17 43 20 25
23 28 40 29
16 32 30 17
28 10 18 0
23 25 43 46
16 7 46 17
21 32 10 4
11 2 31 41
32 40 12 12
42 39 23 16
17 21 40 35
42 29 17 30
5 28 30 33
30 27 24 26
16 30 20 25
38 16 47 7
43 35 18 35
44 30 36 0
10 30 48 43
14 28 18 27
11 25 43 17
18 11 13 6
35 34 23 38
42 31 40 39
29 13 20 27
21 30 14 7
10 6 43 45
42 31 21 28
20 35 22 0
39 15 14 2
21 29 33 16
48 30 23 28
13 27 23 27
21 20 21 47
10 12 7 8
47 33 36 46
19 12 21 25
15 29 39 48
22 34 24 47
21 5 32 10
13 31 22 28
11 31 17 28
15 16 30 17
10 32 32 21
40 31 6 11
38 34 23 39
13 25 12 8
45 34 8 7
22 1 40 44
29 7 46 19
41 30 20 28
38 40 19 28
46 39 21 31
49 45 17 25
9 29 6 7
38 42 39 32
42 39 41 44
8 40 35 6
16 27 47 14
34 29 40 44
12 28 27 11
41 27 13 9
30 37 16 23
34 44 26 10
17 24 36 32
12 24 23 42
46 28 15 33
39 35 23 48
20 23 30 8
18 7 18 24
22 29 42 46
21 15 49 39
38 36 17 36
20 24 15 2
12 31 22 28
21 32 30 38
12 29 26 12
39 35 42 26
23 31 24 5
9 29 37 43
21 28 17 1
42 38 40 29
7 9 19 25
14 19 17 27
44 32 14 13
26 24 17 31
27 24 9 5
37 35 17 27
26 21 46 44
42 8 14 4
15 30 30 12
40 37 12 9
34 1 20 25
25 21 6 7
34 42 47 18
37 29 41 12
36 37 12 15
17 6 43 25
38 32 6 8
20 27 13 4
27 17 47 47
20 23 22 7
21 6 27 39
40 33 46 42
36 29 39 11
15 29 7 11
34 31 7 3
40 39 24 26
10 30 13 13
23 10 16 3
14 29 36 42
15 33 26 38
30 15 14 6
15 28 37 16
46 30 37 28
39 27 10 10
14 28 20 15
32 16 19 26
45 32 21 24
16 28 14 46
41 32 39 19
23 27 44 45
42 29 23 9
16 25 34 7
14 27 35 44
19 12 45 31
19 12 22 23
38 31 29 1
43 28 38 14
28 10 36 45
26 22 44 31
22 29 16 5
38 36 11 3
13 20 46 32
25 10 11 9
23 21 43 19
43 35 13 4
45 30 10 7
43 29 45 26
18 14 12 12
17 27 39 18
35 34 10 3
42 35 14 6
38 35 11 5
25 23 14 38
9 28 10 2
13 27 22 28
39 30 24 35
26 7 20 31
42 31 31 41
11 27 31 46
11 32 10 5
38 30 21 40
13 32 39 46
29 29 8 4
12 27 10 8
9 10 19 29
21 38 36 40
36 28 21 26
27 24 22 30
45 30 23 29
41 38 29 24
44 29 11 7
10 23 18 22
38 30 6 9
21 25 38 36
11 29 45 41
41 31 21 25
35 39 26 33
40 27 18 24
20 23 8 6
37 45 42 11
2 37 34 32
25 29 13 4
36 37 28 40
32 1 10 4
46 44 20 24
26 8 2 17
43 32 13 10
37 13 44 39
34 30 48 32
38 40 19 26
22 33 28 11
12 12 40 29
33 37 30 35
38 33 10 6
11 9 21 21
24 17 11 3
46 32 24 23
22 31 38 22
27 15 31 18
24 30 7 6
28 33 38 30
22 27 21 23
13 17 42 15
42 34 15 9
38 27 21 26
39 49 20 27
17 7 18 26
14 30 40 48
12 32 23 29
20 15 49 38
21 25 10 2
12 31 16 24
39 32 35 3
25 37 22 24
42 30 35 43
12 6 36 36
40 37 24 25
12 13 42 29
48 33 18 28
9 42 42 27
12 29 42 44
21 23 23 43
33 45 19 28
39 29 24 10
25 13 23 28
37 42 19 25
28 2 25 19
24 21 7 13
29 8 21 28
35 35 18 28
19 17 20 24
16 27 30 20
45 31 38 47
25 27 1 10
45 32 42 24
44 41 37 47
43 34 2 22
24 12 12 6
36 48 14 5
29 32 10 10
44 36 37 39
2 34 18 25
7 35 44 21
10 30 34 38
39 31 36 48
24 24 19 24
27 28 37 40
25 6 44 48
11 27 4 8
24 26 10 8
19 5 25 27
19 23 19 9
42 36 37 41
24 12 9 5
41 33 10 10
35 36 31 46
16 38 45 14
40 31 6 7
43 32 11 7
43 30 9 2
40 41 12 9
11 27 37 18
12 27 6 6
10 15 46 21
39 4 24 29
41 36 6 31
21 21 47 20
15 14 9 7
43 36 13 8
9 24 8 10
31 48 11 5
39 30 22 25
15 34 21 12
25 28 36 35
28 11 41 37
40 38 20 28
28 28 24 29
31 29 7 12
40 36 10 3
38 29 8 13
17 19 30 36
15 29 9 6
44 29 35 48
40 32 46 20
36 34 41 24
15 29 10 5
36 32 10 12
27 35 21 11
26 10 36 38
12 30 49 28
41 37 20 27
22 27 42 1
39 28 19 40
45 33 18 26
14 28 10 5
16 22 20 30
14 27 22 25
35 33 6 8
20 29 38 28
40 32 39 49
6 31 21 30
46 33 8 7
42 28 10 1
25 18 20 23
26 10 19 30
37 9 33 37
14 30 24 0
34 19 37 31
14 5 11 9
47 41 34 38
19 8 20 26
43 30 12 5
22 20 21 27
29 32 17 7
29 35 7 21
15 30 9 3
37 28 42 43
22 9 39 28
14 29 12 2
2 12 39 24
41 41 11 2
11 30 37 29
39 37 45 28
48 35 32 49
35 35 39 37
40 1 45 29
39 41 32 30
40 18 18 28
17 16 30 34
14 26 9 7
9 29 18 23
44 38 20 33
19 24 31 8
17 26 44 21
14 33 49 37
13 30 7 5
38 30 17 31
19 21 40 1
36 22 11 8
21 21 12 1
17 22 23 25
41 29 41 1
41 34 22 27
39 47 22 28
16 18 46 7
9 31 12 9
11 32 20 24
40 31 23 27
26 7 13 6
31 3 17 27
12 26 22 24
23 25 17 28
13 29 39 36
12 24 19 24
24 15 9 8
16 25 40 31
14 30 10 7
23 28 48 26
24 19 23 28
36 39 14 11
10 33 19 26
15 24 18 5
41 28 14 18
40 35 20 26
29 27 12 5
15 21 30 46
41 34 39 12
37 39 42 29
42 32 27 19
35 17 29 27
34 38 2 3
23 31 16 12
38 30 8 3
15 32 10 9
19 25 23 46
16 24 13 9
29 19 31 44
23 14 6 9
39 32 9 11
40 31 24 49
47 39 12 2
40 37 47 33
2 15 10 4
40 31 29 28
10 28 19 30
39 40 31 43
44 36 9 5
17 21 44 49
34 40 35 16
24 6 5 4
11 10 31 2
45 29 45 35
42 36 36 35
17 33 19 26
31 24 38 30
17 22 34 43
45 30 14 21
25 49 23 28
47 33 36 21
34 39 28 47
16 26 40 49
22 28 40 48
38 43 26 4
41 41 7 6
31 36 44 34
42 39 11 11
14 27 8 13
39 36 44 47
30 9 5 4
16 29 47 25
44 37 23 0
14 31 23 27
18 23 42 33
24 17 39 8
12 30 25 31
22 21 18 26
13 24 21 25
39 36 7 14
28 7 21 27
39 29 40 17
14 30 40 36
12 30 48 5
35 36 44 47
39 35 34 49
26 19 24 28
18 34 18 29
10 33 48 30
27 24 8 11
35 42 22 39
26 16 5 11
21 13 36 43
24 26 34 26
39 34 21 26
43 43 28 15
22 20 9 11
34 37 33 5
11 28 32 17
43 9 12 7
20 17 12 13
21 6 17 28
44 36 9 5
39 31 20 27
37 31 20 25
16 27 8 10
27 20 18 23
40 39 37 10
49 27 38 31
10 19 9 6
32 33 42 22
22 21 41 35
25 13 12 3
47 46 24 26
14 31 21 25
38 40 30 20
25 29 6 5
14 19 12 6
20 34 23 46
40 28 31 48
43 27 30 24
35 36 7 4
12 31 10 25
22 25 11 3
42 44 19 27
39 37 4 4
34 19 33 44
25 15 21 27
36 44 34 8
12 28 31 44
43 34 37 21
39 33 26 33
12 30 41 25
35 33 20 20
26 29 9 5
22 15 7 9
13 30 48 48
21 19 21 30
33 38 5 11
45 39 25 13
10 12 21 38
24 26 16 26
44 30 27 23
34 29 14 25
15 28 22 27
25 25 45 21
33 42 11 4
32 35 19 26
13 28 22 24
38 37 25 32
37 40 20 12
22 39 7 7
35 37 25 45
20 19 20 27
33 21 29 41
44 33 13 5
12 28 37 46
39 30 6 23
24 40 44 43
9 30 39 28
40 42 44 39
36 35 21 24
49 45 9 9
11 12 10 6
45 35 39 26
20 8 10 13
22 28 18 25
44 34 21 25
14 28 27 2
14 26 36 39
13 5 8 6
46 29 19 26
13 33 28 19
25 35 13 12
44 31 45 27
20 32 28 32
18 11 46 4
38 26 35 49
42 48 18 26
47 32 20 28
35 33 8 2
38 29 29 31
11 28 47 20
38 36 17 25
20 25 17 29
28 35 13 13
40 38 17 29
46 34 36 29
37 29 14 4
46 40 25 10
12 31 28 15
38 31 15 9
48 48 8 3
41 33 17 34
20 33 18 24
9 35 8 29
21 18 38 43
41 34 8 14
43 31 29 45
40 36 5 0
18 12 42 4
39 35 32 18
39 34 47 34
13 27 40 39
14 26 24 40
27 0 18 32
39 32 5 11
37 40 10 10
20 38 30 46
37 35 40 22
40 34 10 4
31 34 5 11
37 43 12 40
44 30 39 22
14 26 13 13
24 40 49 15
11 43 19 27
23 5 8 10
41 35 8 11
41 36 36 34
38 35 36 39
16 19 21 23
21 19 40 31
39 41 16 28
47 9 28 39
12 23 23 44
25 14 25 4
21 32 20 26
23 25 10 8
33 11 8 2
22 27 38 25
12 3 48 30
39 27 43 28
25 5 27 28
0 18 21 25
12 26 41 29
42 31 38 49
21 7 7 12
12 44 17 13
27 30 17 14
36 3 18 30
40 48 42 44
18 25 31 27
23 6 17 25
32 39 45 46
25 25 10 3
32 33 12 9
23 25 37 6
40 31 20 27
21 6 17 24
20 27 33 34
9 32 22 26
42 32 25 41
13 33 20 23
22 32 29 30
44 29 40 1
8 11 20 35
17 10 8 13
21 23 14 0
43 32 45 45
36 36 8 25
16 32 31 11
37 35 39 10
44 40 28 32
37 20 9 4
12 27 11 5
42 31 46 34
10 26 48 20
41 31 11 1
40 37 17 30
13 12 26 40
18 31 21 26
30 24 35 30
43 30 49 16
28 20 46 39
21 13 10 4
7 28 19 27
19 24 35 42
9 11 30 36
44 19 17 19
11 27 28 37
33 9 26 26
36 35 11 9
13 31 42 17
34 35 28 33
41 35 26 42
10 31 47 41
40 33 15 27
12 32 14 11
41 31 10 0
11 31 39 33
42 27 33 42
9 14 24 38
45 31 20 25
19 29 43 45
33 13 42 42
29 23 15 7
39 34 4 9
11 30 4 4
24 6 0 22
42 28 19 6
45 36 38 44
16 30 28 43
32 30 11 9
27 35 12 6
21 9 28 41
38 32 14 9
37 37 24 40
33 37 13 3
36 31 20 30
34 29 23 29
10 29 5 23
31 37 14 2
38 45 18 25
34 37 17 27
22 15 42 49
17 39 33 47
29 42 19 6
19 19 26 29
40 11 5 7
39 31 33 44
21 39 45 12
21 29 3 2
28 22 31 49
23 27 34 12
18 20 49 47
13 30 0 10
38 34 20 24
37 41 26 48
7 26 44 34
47 33 31 49
23 28 37 28
47 46 25 14
25 29 22 24
36 36 32 1
21 31 8 9
22 30 25 28
11 21 33 33
22 34 41 0
15 25 43 29
25 23 10 9
8 19 18 28
18 37 25 41
33 24 47 22
13 27 10 3
43 36 7 6
18 39 23 6
13 16 37 24
45 30 11 7
38 35 31 32
8 35 19 27
25 23 8 2
41 38 20 30
22 36 17 20
18 9 10 3
10 31 32 37
11 41 28 32
16 34 39 20
36 43 47 3
35 32 20 49
31 16 17 25
23 31 20 26
16 30 45 48
40 37 38 44
12 32 36 3
8 29 40 5
18 26 41 31
21 19 38 3
38 37 10 2
13 29 29 14
36 19 48 48
23 44 1 8
12 31 34 40
25 13 11 10
39 33 19 23
23 33 18 27
13 0 37 21
10 28 5 5
22 20 34 43
43 37 6 6
20 20 49 27
35 44 49 30
40 35 21 26
30 31 18 27
13 30 46 37
36 35 19 26
23 9 16 5
13 17 15 8
8 30 14 7
39 33 35 47
33 27 30 0
12 31 35 24
35 22 41 27
9 27 22 29
16 30 18 7
44 33 7 6
22 25 7 5
40 44 35 40
43 34 13 5
33 40 15 20
19 32 22 26
6 29 41 14
42 36 40 24
34 25 27 34
28 28 20 23
39 31 19 27
6 15 42 3
11 10 48 15
17 21 49 8
39 32 40 39
8 15 6 6
26 14 34 21
38 33 5 20
14 23 25 12
38 34 8 13
36 38 29 29
23 23 43 28
34 24 9 8
23 19 6 10
38 32 12 1
13 14 30 34
33 38 19 0
40 26 9 10
16 26 18 23
22 26 42 30
23 21 33 45
39 31 29 46
36 27 41 23
11 32 36 40
34 12 21 3
23 19 40 41
12 32 17 11
35 41 9 7
36 33 25 10
24 18 47 44
6 19 43 25
31 38 42 46
13 29 41 29
27 30 26 4
37 31 12 4
