50 51 15002 800
20 20 40 37
34 9 11 2
18 19 44 32
35 38 21 30
39 19 4 6
29 6 24 4
1 46 28 7
36 40 4 18
22 21 30 9
21 18 23 5
1 48 16 35
44 17 19 23
44 24 4 3
48 14 32 32
29 16 13 26
0 43 6 23
38 39 7 4
47 19 12 14
9 14 6 26
47 9 6 15
43 12 14 31
49 13 17 0
48 19 39 26
34 33 18 24
43 33 23 1
46 23 32 34
35 3 38 44
43 24 28 21
39 32 13 17
38 9 22 28
42 22 10 14
29 29 45 40
8 41 27 24
26 24 5 13
21 26 17 33
31 3 40 33
12 10 29 27
18 3 21 25
30 31 33 18
18 22 49 35
48 33 19 39
48 34 8 12
33 8 6 12
45 31 14 26
31 19 23 38
42 5 15 19
15 11 45 3
27 9 33 44
12 21 25 26
40 13 29 40
19 16 9 13
