50 112 14747 800
18 29 23 21
25 41 34 8
38 20 12 10
24 5 28 47
26 43 37 41
28 2 40 15
17 0 49 0
30 5 39 29
37 36 31 12
21 23 36 19
46 1 41 24
15 21 46 25
35 20 27 47
26 49 28 31
9 22 31 0
30 40 34 17
31 2 27 4
32 1 23 2
36 2 2 9
42 6 33 10
5 49 28 1
38 9 38 16
17 12 41 3
47 11 30 40
21 43 24 34
33 4 14 12
48 39 43 28
46 9 33 45
37 18 32 37
39 24 22 21
17 12 21 13
30 7 41 7
2 25 27 22
43 4 23 32
35 7 12 21
31 45 31 38
13 26 34 9
46 24 0 13
28 2 29 47
20 0 33 36
9 22 26 13
42 4 39 24
37 37 17 10
29 8 21 4
26 36 35 6
20 13 10 11
45 18 35 13
33 39 40 19
17 45 32 41
28 39 24 36
26 6 33 25
18 24 28 33
32 3 36 12
30 29 17 15
42 38 33 17
31 46 37 48
44 37 35 22
14 34 34 18
38 2 9 14
11 24 26 46
8 26 48 25
29 19 25 16
1 34 31 45
39 10 1 14
1 30 20 48
28 13 3 28
37 8 28 40
16 27 34 18
10 2 23 33
44 9 27 25
30 19 24 36
10 43 46 17
7 16 45 0
38 12 47 2
45 14 33 20
21 41 31 3
28 14 32 12
6 48 36 18
47 18 35 37
27 37 44 6
18 49 42 2
46 9 30 17
41 0 44 20
48 3 36 15
20 9 36 15
25 15 27 27
33 7 30 16
42 12 6 24
47 17 48 27
26 34 20 17
22 2 5 10
33 2 34 39
30 27 33 43
22 8 43 34
35 39 2 14
42 12 38 19
28 8 2 29
35 30 30 23
28 30 30 12
40 11 34 17
32 29 45 9
22 42 32 43
23 45 27 44
24 26 39 31
34 14 40 20
20 12 36 45
20 6 23 48
21 34 14 9
37 13 31 45
3 26 41 6
28 15 26 33
30 34 31 39
