50 819 16235 800
18 37 33 38
23 39 23 23
22 5 19 34
4 4 17 9
20 9 31 27
10 11 24 8
22 46 28 25
5 1 10 44
5 23 47 46
10 41 23 31
8 8 3 49
19 36 33 15
15 37 14 18
25 20 32 41
25 38 20 5
13 20 28 40
20 36 5 25
33 41 21 9
20 9 33 43
16 3 30 12
8 39 12 3
45 11 39 36
11 12 9 7
14 8 17 5
18 40 20 32
11 18 35 18
1 22 30 20
16 42 30 17
37 2 18 5
19 20 34 31
24 0 15 9
21 36 17 10
20 36 7 49
17 3 17 49
20 35 33 43
33 12 45 17
22 0 4 35
22 36 32 30
4 7 19 15
24 7 4 33
1 15 34 22
10 10 45 41
5 31 20 34
15 34 32 28
32 34 22 42
37 11 0 10
30 20 47 10
8 7 42 7
26 8 31 30
41 0 13 13
22 35 44 39
6 37 40 14
17 32 37 35
27 36 18 27
26 4 2 26
27 12 18 22
12 36 49 23
16 3 19 39
19 17 36 42
16 15 34 37
11 11 9 16
39 24 13 44
31 3 44 11
2 0 47 25
14 18 30 35
23 3 10 37
18 34 31 36
22 45 11 2
17 38 31 13
23 39 27 28
14 11 35 46
8 5 45 11
6 33 41 12
15 43 7 42
1 20 39 18
12 7 30 34
18 7 39 44
31 26 49 14
34 22 16 17
13 4 27 49
21 37 33 48
25 36 40 9
38 25 44 39
25 31 21 41
18 40 21 5
37 16 15 11
29 17 18 41
45 16 15 23
43 17 32 33
3 34 13 13
16 31 46 39
22 43 23 22
13 6 45 39
35 11 29 28
7 25 29 39
15 41 28 37
38 49 32 26
24 38 33 5
32 17 3 7
11 21 2 25
24 40 15 3
6 33 19 34
27 11 42 8
36 10 41 35
23 39 3 10
20 1 14 17
20 38 12 29
17 38 22 11
23 11 44 10
12 37 39 2
16 34 23 23
8 14 24 31
1 31 17 9
32 44 6 9
19 30 3 27
26 41 43 10
5 24 12 0
23 35 35 22
16 37 33 13
7 38 16 31
35 36 24 34
12 22 8 2
32 42 3 17
21 26 21 38
31 18 16 8
11 13 34 37
15 36 46 13
9 29 26 10
23 49 45 37
13 40 41 26
16 36 43 18
16 1 47 10
19 6 15 26
13 17 19 37
16 13 16 7
21 35 39 16
12 35 0 39
16 34 32 24
16 34 11 18
22 15 4 35
19 38 19 20
21 28 21 23
27 29 40 9
14 37 19 15
19 43 29 28
17 39 15 4
12 3 21 48
9 28 7 21
25 32 48 34
15 7 24 31
6 28 15 46
11 1 39 7
13 26 13 17
14 11 21 9
18 36 32 8
25 36 18 30
32 42 11 36
30 8 12 31
24 35 36 35
38 17 31 30
31 34 2 9
1 7 21 13
22 45 46 11
17 39 22 31
19 8 21 20
14 9 30 33
12 46 43 7
32 34 35 24
20 16 43 7
42 26 18 15
12 28 19 21
8 29 17 1
1 37 24 43
4 4 0 24
3 32 29 33
11 26 39 17
12 8 44 30
45 8 44 21
17 37 41 33
48 28 32 23
27 1 5 1
47 14 46 18
1 49 41 9
44 10 43 34
44 7 12 11
20 30 8 32
28 12 24 13
4 33 7 13
25 5 34 11
3 48 18 44
29 0 17 13
2 35 16 3
18 39 37 40
17 38 28 16
26 4 8 24
24 6 12 22
34 3 36 32
26 4 10 43
25 38 22 35
43 49 7 32
4 39 35 26
7 41 43 8
12 38 41 5
7 39 23 6
25 36 46 21
21 22 32 34
15 31 19 9
21 31 11 7
28 46 36 19
9 18 17 41
20 21 14 15
8 13 3 15
19 41 17 8
2 38 7 24
24 37 14 24
20 39 27 22
6 30 10 40
15 37 24 25
7 9 42 34
24 3 21 40
18 33 44 22
12 31 38 10
29 8 20 40
28 0 47 16
10 28 0 44
21 36 42 8
18 38 47 11
21 20 33 16
27 22 25 41
8 26 35 44
23 40 34 6
12 28 37 12
18 49 18 12
29 49 23 27
13 1 2 39
20 4 0 35
8 25 37 42
17 37 16 28
36 36 33 25
40 5 13 15
30 14 4 14
17 33 7 25
8 12 0 26
48 12 3 28
12 33 30 13
8 7 40 25
12 34 39 45
12 5 45 7
20 29 6 24
37 27 23 2
33 9 9 35
12 17 46 23
35 9 13 48
18 32 34 34
1 7 32 19
22 36 48 11
28 49 10 43
16 15 28 47
29 22 42 6
17 39 20 46
25 29 20 29
13 1 41 17
14 13 8 19
27 6 8 31
0 6 27 17
19 31 7 21
10 22 5 2
16 47 41 11
19 41 19 35
9 31 23 29
13 30 8 9
15 2 9 46
20 10 44 11
35 8 39 14
36 2 7 26
5 38 4 6
43 4 15 43
27 24 26 28
19 33 43 26
42 9 23 41
8 0 4 44
23 39 24 18
18 42 28 11
43 32 24 31
12 35 41 9
6 24 37 37
14 13 9 33
23 2 24 26
29 4 30 21
16 14 4 8
36 3 46 16
17 2 29 48
3 17 31 49
30 19 32 43
6 24 47 10
30 21 27 38
10 18 26 17
37 26 11 8
21 16 13 35
7 32 10 30
11 40 0 9
26 6 42 8
35 30 38 8
10 10 6 39
35 3 47 40
30 0 43 40
12 5 17 16
41 10 31 32
23 0 24 30
12 36 41 1
35 44 39 35
26 4 10 11
11 29 26 10
19 13 33 36
24 41 31 48
16 35 33 28
38 44 20 30
15 39 7 34
33 4 45 8
36 3 35 32
24 4 38 4
29 31 24 15
24 47 43 34
16 37 40 8
34 11 10 23
37 28 30 21
18 16 30 39
28 18 19 14
6 34 44 10
5 43 49 23
26 44 12 16
22 43 26 44
23 25 12 43
27 3 2 27
22 8 31 49
18 40 2 18
17 32 44 10
10 9 15 36
17 33 21 14
22 0 47 26
18 6 34 14
24 36 24 42
20 33 31 41
13 17 41 46
39 20 42 7
13 8 17 20
31 39 12 47
8 25 37 37
17 25 17 41
23 15 20 23
12 33 5 18
17 38 33 9
39 9 24 42
15 3 3 31
32 48 25 25
3 38 18 49
37 0 1 1
12 16 11 12
18 37 0 44
19 2 11 7
13 3 13 42
19 39 9 15
16 45 38 25
11 13 30 28
10 6 43 43
22 32 43 5
24 6 44 6
7 36 34 39
6 25 28 33
34 1 43 8
12 22 35 21
2 30 45 23
31 9 2 9
22 37 34 46
23 19 37 40
22 40 6 20
27 13 13 46
34 11 20 33
31 16 12 33
23 25 20 35
13 5 36 34
0 39 20 26
34 10 15 20
14 31 41 10
19 40 42 9
36 24 42 5
18 38 49 38
18 34 44 49
13 41 5 45
49 6 42 45
48 30 32 35
25 28 45 8
31 39 32 29
19 26 18 31
23 35 39 6
7 35 11 43
19 41 23 15
13 35 44 28
2 39 11 27
4 36 6 24
2 0 6 43
19 36 31 20
44 12 49 18
20 27 8 13
12 6 20 42
5 44 29 29
18 46 10 8
23 48 14 1
12 32 31 10
12 40 30 17
44 2 42 8
1 1 34 5
0 39 10 46
14 8 43 10
31 10 28 13
17 40 11 30
22 32 33 37
45 27 7 11
40 6 16 12
13 22 25 42
14 36 36 2
11 49 4 10
47 24 9 24
22 1 28 34
16 11 47 36
16 3 30 38
22 39 4 20
20 4 22 28
18 32 46 34
4 26 39 41
42 6 29 15
44 5 16 43
35 47 23 1
6 37 28 36
5 13 28 46
20 36 21 21
10 14 43 10
31 38 19 8
8 16 17 17
17 41 37 2
20 40 26 30
10 43 33 36
16 37 10 10
3 33 30 10
12 36 4 9
10 21 44 29
16 43 19 46
14 3 17 37
31 13 36 24
8 33 31 21
16 0 38 32
22 4 14 21
15 36 38 15
39 14 36 17
9 8 48 6
42 7 15 9
44 5 27 25
18 40 49 34
14 40 22 21
15 19 29 10
12 35 14 19
10 34 21 30
10 37 22 49
28 2 30 45
46 24 49 19
20 3 40 5
12 21 39 9
21 33 41 49
12 13 26 13
23 39 0 25
22 13 9 7
16 6 14 22
30 4 12 12
29 0 7 32
7 9 18 15
5 15 27 19
22 35 0 4
1 34 33 21
45 29 33 41
24 10 18 14
26 11 42 30
16 17 6 2
8 14 1 9
44 9 34 34
21 33 25 14
17 36 7 4
20 8 26 25
10 31 25 11
7 37 11 7
11 7 14 1
29 37 34 13
15 3 20 12
8 38 22 12
33 8 4 24
15 37 25 26
9 26 7 9
17 16 27 22
4 24 15 24
20 36 20 18
19 35 21 11
39 7 24 24
17 35 22 32
37 37 23 47
13 23 46 30
18 44 17 27
30 9 26 43
13 20 17 28
45 37 10 48
18 39 29 31
21 38 14 21
19 40 40 34
10 24 12 1
19 13 49 8
19 32 14 36
21 43 15 43
22 24 24 21
23 32 0 25
19 35 30 30
20 35 12 21
47 0 11 5
32 15 2 25
15 38 22 42
30 20 19 39
8 38 46 15
6 35 13 39
17 32 0 8
16 30 43 7
9 14 13 34
12 31 21 17
34 16 42 8
20 39 28 7
26 11 49 32
0 18 7 22
22 41 12 35
26 18 25 33
19 38 1 0
39 12 48 12
19 37 15 33
22 11 19 49
0 35 23 37
28 20 45 8
47 3 24 25
18 39 30 27
20 36 2 47
14 48 19 13
13 26 22 14
4 17 17 31
14 15 36 37
13 33 36 38
48 36 3 25
35 6 35 33
17 4 31 28
37 13 7 5
15 32 15 19
43 34 29 41
18 37 45 37
16 34 44 9
17 37 36 16
39 13 14 43
11 25 10 19
19 4 6 23
29 2 46 12
19 35 45 31
4 1 41 21
36 25 26 22
11 25 47 6
35 28 41 36
11 14 27 8
13 40 13 3
18 34 14 32
14 42 26 24
23 11 43 24
33 3 26 44
22 40 42 41
5 17 23 9
17 40 0 20
17 35 39 46
43 5 41 22
18 11 35 47
20 15 7 35
8 18 13 26
22 39 24 25
20 38 41 11
17 32 45 9
4 18 17 23
17 38 44 38
32 18 39 22
29 47 9 47
13 37 39 41
7 26 44 20
25 15 7 37
1 31 48 24
10 26 40 39
21 18 46 41
17 36 45 9
6 30 36 19
21 36 21 19
19 37 8 4
18 35 46 17
16 40 14 19
25 0 45 23
7 6 26 18
26 4 25 40
17 41 3 29
3 11 29 44
16 40 40 5
18 39 14 10
15 20 41 35
24 32 26 46
8 33 30 38
17 26 5 13
22 44 17 32
18 8 3 12
13 34 43 8
8 46 30 44
19 37 22 46
19 38 45 21
0 20 46 47
37 40 21 11
18 16 30 18
8 35 28 48
23 34 26 13
15 38 22 42
16 31 3 17
20 37 36 40
16 38 42 23
30 31 31 12
17 6 25 46
17 17 21 13
9 2 33 34
14 35 7 9
17 8 5 13
47 11 29 29
12 8 9 18
10 15 33 26
0 11 31 34
16 38 15 8
22 12 40 29
14 37 35 35
15 10 37 18
19 44 12 46
27 18 45 48
7 16 17 9
35 13 23 27
23 8 45 40
13 35 8 8
1 12 23 19
11 19 36 22
7 43 30 32
27 14 21 38
15 35 28 40
21 10 4 11
31 45 32 38
16 35 21 16
9 12 19 41
24 49 22 25
38 14 32 37
10 17 20 49
44 8 38 45
4 40 3 2
4 2 23 42
5 43 46 6
17 38 16 17
3 41 40 23
13 48 43 12
7 44 37 40
22 40 49 0
11 30 4 26
18 37 4 29
11 45 46 19
19 11 14 23
9 16 34 39
14 17 49 29
23 8 27 40
18 33 2 21
28 37 13 37
12 32 16 12
27 38 14 6
20 38 2 7
7 17 37 1
40 30 29 11
17 24 11 34
35 32 32 25
20 35 22 16
2 11 39 6
23 41 17 40
30 7 43 2
36 32 26 24
31 1 1 48
27 15 35 38
48 2 4 30
15 6 44 9
17 40 12 10
40 23 38 44
14 15 20 22
4 20 30 49
12 8 35 20
20 37 2 16
13 23 0 28
21 2 40 8
21 2 21 39
30 14 9 25
6 32 8 7
19 34 33 17
17 34 13 4
5 38 40 30
13 49 48 9
23 1 2 15
35 16 19 47
49 30 6 8
14 41 33 25
17 7 27 36
2 38 30 29
19 35 4 23
10 2 12 8
23 37 13 48
20 10 29 21
22 9 27 28
24 19 28 37
22 7 42 7
24 21 15 12
15 40 0 46
22 21 43 13
19 11 42 7
16 31 23 29
15 38 35 14
24 7 19 24
40 21 13 25
35 13 38 1
0 9 40 18
34 25 44 9
19 7 46 19
8 14 37 30
15 42 18 16
12 4 44 21
4 28 24 26
7 24 30 7
39 8 35 16
21 39 13 49
37 36 16 42
12 4 44 35
38 12 32 34
13 19 17 26
13 46 30 39
24 21 46 17
36 3 22 33
21 37 39 19
0 7 0 24
17 38 40 31
25 39 45 14
41 0 46 8
27 26 5 26
16 35 25 11
38 18 21 12
43 0 44 23
22 1 36 33
38 47 1 32
16 23 20 16
9 10 43 7
3 4 36 26
14 32 34 30
18 2 41 33
19 37 39 12
24 35 19 37
14 30 32 23
24 16 47 23
7 32 23 9
26 12 38 8
15 20 31 23
17 35 18 19
21 37 14 3
10 35 0 15
11 8 39 40
11 36 26 11
8 12 41 29
47 10 5 2
17 16 0 8
26 13 45 8
21 41 9 18
35 47 12 29
17 41 23 37
49 10 17 34
7 6 3 28
22 14 36 33
18 31 27 1
1 12 10 16
39 45 43 10
3 39 8 35
1 31 9 18
6 39 37 42
16 26 37 39
23 33 37 4
16 37 41 17
22 46 28 17
0 25 42 10
38 38 29 31
40 2 48 7
45 19 17 25
12 9 39 34
20 34 40 43
24 23 38 11
29 23 48 23
4 7 35 30
32 14 12 28
13 33 15 6
6 34 43 6
21 48 12 49
15 36 14 13
27 6 45 29
19 36 29 15
9 43 23 28
6 32 44 18
34 0 3 1
3 15 22 41
16 48 11 8
21 23 36 28
25 13 45 1
22 35 17 16
22 48 23 14
