50 139 15399 800
18 34 24 12
14 29 46 35
30 31 20 23
16 32 17 10
20 18 32 5
24 19 9 12
28 17 40 7
17 25 20 21
19 23 35 18
31 24 16 16
33 38 36 11
36 26 33 36
10 22 7 13
9 46 40 30
28 17 45 17
26 22 30 14
47 35 49 38
25 20 39 13
6 21 41 18
14 36 33 17
21 15 40 28
12 11 14 18
48 14 2 26
20 17 31 11
25 36 34 38
19 14 35 36
9 22 31 18
24 38 38 46
48 12 15 8
45 27 39 15
24 11 9 7
28 18 37 33
31 9 36 17
14 17 13 22
16 19 41 36
30 11 4 23
8 31 33 17
47 37 10 10
25 38 42 33
16 30 13 10
49 29 28 11
29 21 16 0
30 30 37 44
25 16 8 9
48 24 6 17
27 46 34 18
33 17 31 10
28 28 4 6
22 26 13 15
12 16 28 9
36 32 37 17
45 14 15 6
27 21 33 14
23 17 32 12
42 29 9 0
45 35 14 27
19 30 35 8
33 35 31 11
11 15 30 11
29 19 0 11
23 19 36 9
25 26 34 32
15 27 35 7
41 36 33 10
44 14 37 28
18 14 48 35
31 17 42 34
23 38 45 37
23 24 40 10
35 10 42 40
18 21 43 18
19 39 33 14
28 17 41 34
49 20 7 17
42 14 40 28
8 21 9 11
22 17 42 44
21 21 31 7
29 16 34 6
25 18 36 3
14 24 25 38
43 24 32 7
31 17 37 32
38 46 33 14
43 28 34 11
26 15 36 16
29 18 35 10
15 13 37 10
18 15 27 19
19 22 35 19
24 15 41 45
21 17 41 36
27 30 10 20
28 13 35 11
41 15 33 13
32 23 14 10
46 34 38 14
35 22 25 12
18 16 26 13
13 11 14 21
22 18 33 30
19 17 35 9
28 13 46 37
22 15 39 34
25 27 30 19
33 47 33 12
17 12 10 9
22 21 29 15
33 33 41 40
7 22 26 14
17 25 38 16
49 13 1 32
48 10 18 27
15 31 41 37
12 24 3 14
40 12 27 9
5 28 7 14
38 42 27 13
30 9 39 19
21 31 26 13
45 25 29 15
28 18 35 33
27 12 24 22
12 23 38 34
24 19 37 36
28 17 22 16
25 15 30 5
32 9 31 16
48 1 33 22
27 18 33 9
30 7 43 37
26 16 39 37
26 15 39 8
12 20 40 16
28 18 20 11
20 24 17 3
24 21 34 10
26 18 15 12
24 39 33 12
