50 158 11724 800
28 32 29 7
27 35 22 40
9 7 11 23
8 28 17 24
6 9 13 4
18 37 19 27
14 3 22 16
7 8 9 32
16 37 26 28
25 46 24 34
9 10 40 6
6 4 17 3
17 25 33 14
37 47 30 12
13 9 19 32
18 17 17 21
1 49 31 13
19 33 21 14
11 43 22 38
21 30 16 34
8 12 26 45
8 7 20 24
11 2 25 15
11 45 27 29
13 9 29 0
10 25 9 8
5 4 32 5
24 32 39 4
4 9 40 18
9 5 20 24
0 11 26 48
22 34 15 47
8 46 12 30
27 29 22 20
16 33 39 16
13 10 23 15
27 38 28 0
21 27 21 6
23 36 12 22
30 46 34 37
17 36 19 12
13 8 16 12
0 13 35 44
7 10 36 13
3 5 41 1
17 41 14 8
9 12 32 19
15 10 11 11
31 37 30 49
3 1 33 18
25 36 5 27
5 10 17 4
18 38 40 42
8 7 15 30
32 44 20 40
4 32 26 4
25 15 26 11
6 30 33 48
2 12 35 28
19 26 10 41
12 8 26 34
16 37 33 10
14 4 28 26
21 31 20 48
15 36 34 19
21 26 12 35
3 13 17 26
9 5 6 42
17 38 26 23
17 29 24 46
8 6 32 15
18 47 15 29
15 6 21 16
18 43 20 0
5 12 3 33
34 42 22 19
13 33 29 18
5 4 21 11
11 8 26 32
21 35 9 26
14 37 16 26
9 5 25 22
17 4 9 20
7 6 29 32
13 41 28 12
8 4 42 0
7 8 34 4
1 16 26 15
11 8 31 15
7 39 28 9
14 30 13 14
13 42 25 20
2 10 19 46
1 12 27 41
22 30 14 46
17 9 27 31
13 9 24 27
38 36 12 20
4 4 29 20
24 39 32 38
27 48 28 11
8 7 27 35
8 5 8 17
16 35 6 22
8 5 35 46
7 5 21 16
8 6 11 27
11 7 25 14
7 43 10 18
4 36 34 23
4 1 25 39
9 3 28 27
8 15 33 26
19 41 21 48
25 42 16 31
20 35 31 15
13 9 11 40
9 7 40 26
23 33 19 49
11 36 34 43
14 36 33 32
12 8 25 38
12 1 1 49
11 47 44 0
10 3 22 33
21 35 16 23
15 34 25 0
10 12 33 48
20 27 3 19
12 0 15 41
11 3 11 32
33 24 36 32
8 9 25 15
13 38 27 12
21 31 22 44
39 41 12 41
0 12 20 33
6 0 21 8
24 36 28 33
5 0 9 34
13 40 25 44
18 37 7 3
19 29 18 46
24 32 31 14
14 40 11 9
13 2 31 13
20 5 43 1
0 42 13 17
11 7 2 0
13 41 18 6
11 10 27 10
11 4 20 10
13 37 13 27
13 8 31 42
22 37 3 4
1 14 12 34
11 44 19 33
11 4 26 43
