50 988 11714 800
14 44 31 32
36 48 27 12
11 46 28 34
13 27 36 11
12 39 20 2
16 32 24 15
34 44 15 27
24 45 46 45
4 32 28 8
39 47 29 3
34 44 12 29
8 38 28 48
10 12 37 4
16 35 7 12
20 16 14 30
2 41 24 33
7 33 48 46
12 31 41 9
34 38 20 32
38 32 10 30
5 37 19 8
4 38 21 8
27 36 13 22
36 34 29 43
4 32 15 18
19 42 11 36
6 32 33 48
8 38 47 44
23 41 16 14
45 46 13 33
10 41 19 26
41 44 29 17
41 29 32 21
21 31 5 29
41 35 28 11
20 32 40 41
38 22 22 36
44 13 15 15
36 6 9 23
7 17 37 6
48 11 35 46
18 37 14 19
38 34 44 6
18 31 18 23
7 17 18 11
4 42 6 37
8 42 19 41
8 37 29 35
7 38 12 31
35 9 12 31
39 37 49 46
8 31 11 42
31 48 11 31
43 22 32 18
5 42 20 24
19 24 24 17
35 31 16 38
42 25 46 34
39 32 2 20
27 29 23 14
9 37 43 44
41 8 20 34
6 39 45 49
22 35 47 36
15 28 47 44
9 30 46 44
3 43 43 48
8 30 49 26
42 4 47 46
30 18 23 32
4 38 15 27
9 37 35 46
45 13 33 40
16 1 16 27
12 27 17 15
12 16 33 34
11 28 32 44
11 33 6 32
39 22 37 10
22 15 15 17
11 15 5 33
1 35 15 33
27 7 11 29
4 49 27 32
7 39 8 22
6 44 7 49
18 22 33 15
24 22 43 45
4 38 45 44
9 35 13 19
30 45 49 3
12 44 42 45
21 48 31 45
11 7 2 22
7 48 39 2
20 48 33 36
31 36 27 17
13 24 32 42
22 37 23 8
26 38 12 25
16 35 25 14
30 42 28 9
13 44 46 20
36 45 31 44
36 14 34 25
39 36 34 7
26 27 46 49
20 32 21 9
21 37 2 0
31 49 49 35
8 3 11 21
4 11 45 47
43 0 7 25
9 34 25 30
34 34 9 16
5 37 46 27
13 27 12 12
45 23 6 28
12 42 9 16
4 41 16 45
36 4 17 32
23 16 23 35
27 27 39 31
22 45 18 10
44 6 12 4
28 27 14 14
8 13 20 22
23 25 5 33
49 17 21 35
13 1 22 7
20 26 15 28
5 14 15 17
47 6 27 34
15 40 11 19
26 47 15 35
5 23 28 25
11 35 43 35
10 34 11 24
10 36 45 32
25 45 25 21
11 32 17 14
23 31 44 47
18 24 8 35
46 46 42 43
0 6 35 36
47 37 27 45
13 37 30 38
30 38 35 24
28 28 39 17
43 34 14 11
12 39 3 30
4 12 10 41
4 38 46 49
30 32 17 16
32 26 11 13
14 15 22 35
0 28 5 13
9 30 10 26
43 23 14 47
13 40 30 19
47 45 40 19
15 13 24 26
15 25 41 45
49 21 11 9
39 41 20 16
18 23 15 34
29 28 46 41
28 17 14 29
32 38 43 45
43 35 33 7
41 8 49 47
19 2 12 40
37 33 2 5
43 8 12 18
10 11 36 24
36 36 9 34
42 19 47 42
25 36 8 18
15 24 18 12
36 29 38 34
42 22 35 2
45 12 7 16
22 20 32 7
30 26 31 30
14 33 16 42
30 43 47 45
21 35 30 12
19 25 39 39
34 46 14 22
25 29 28 5
41 29 45 47
30 4 38 27
23 30 13 45
11 35 41 44
47 23 46 42
7 42 15 11
14 29 39 32
1 16 12 37
20 33 26 39
46 39 48 45
4 37 49 44
9 38 25 39
39 12 46 46
1 47 45 43
18 6 15 15
23 32 24 23
0 9 36 14
24 31 19 5
9 6 17 42
35 6 29 10
41 34 23 13
28 24 40 31
38 45 6 22
13 43 36 44
10 33 0 30
18 21 42 31
25 33 47 41
41 7 10 20
19 32 10 26
9 30 10 12
18 20 8 9
2 36 14 31
31 34 45 49
28 37 20 7
28 7 39 32
13 32 49 43
39 23 21 16
6 41 8 33
26 18 18 11
23 39 23 14
9 41 20 13
11 14 28 39
20 26 42 17
15 34 20 32
18 35 49 43
18 15 11 20
14 36 21 19
24 20 48 38
8 7 11 13
1 38 18 36
22 26 42 14
34 13 16 9
23 30 10 12
28 18 19 18
14 39 48 44
12 45 38 25
8 18 20 34
26 32 48 47
38 21 27 33
6 14 42 12
35 17 5 18
2 29 12 8
37 34 17 17
6 35 37 2
15 38 2 26
7 39 25 13
13 24 21 20
20 35 14 10
6 14 6 27
37 12 16 17
32 5 34 15
14 25 18 26
6 43 15 17
4 36 14 16
19 19 13 31
44 47 34 5
47 18 25 6
16 31 27 31
37 44 29 10
5 43 12 25
6 34 48 46
39 22 8 24
9 37 39 12
13 35 23 18
2 49 37 35
14 29 48 48
38 35 47 42
28 41 14 13
38 24 20 13
10 31 40 33
26 20 45 45
33 49 14 3
13 14 15 22
12 32 16 16
39 34 17 30
3 30 22 27
40 39 7 28
28 17 6 21
24 19 47 47
48 5 15 10
37 48 44 46
6 33 21 15
15 26 11 27
47 30 16 39
3 34 27 11
29 15 17 22
45 42 35 29
25 16 7 23
48 1 36 31
3 37 41 49
11 21 33 30
46 19 18 16
34 41 10 27
33 44 25 30
27 23 29 19
12 33 11 16
46 47 30 21
45 48 16 15
12 29 4 29
42 36 29 20
5 41 16 10
39 25 39 47
27 35 47 37
48 49 23 17
10 37 18 3
10 30 47 45
10 14 45 36
18 16 16 12
16 43 13 49
45 6 30 30
22 26 31 19
13 15 41 39
36 14 21 8
35 33 49 43
31 9 24 10
0 36 13 40
4 19 46 45
5 38 5 21
45 11 23 38
24 26 45 47
7 29 16 46
31 31 15 13
7 23 45 44
45 48 6 5
7 43 5 32
1 41 33 15
7 7 27 17
31 18 46 32
49 27 8 20
17 15 6 41
47 14 2 23
34 14 45 10
29 41 20 18
45 10 18 21
11 18 11 38
28 12 7 35
9 34 13 32
47 13 25 20
34 29 18 22
2 13 12 13
44 11 30 18
31 32 22 33
49 3 0 33
25 40 6 9
15 14 42 30
41 31 30 35
39 45 40 10
2 35 25 31
7 42 24 23
37 30 37 14
4 10 5 28
27 20 8 24
18 36 31 19
7 37 15 13
37 40 41 45
16 5 45 42
24 27 43 44
6 43 45 43
2 36 22 45
32 21 45 49
9 34 34 41
19 30 7 28
1 40 9 22
48 35 46 45
12 24 43 16
41 7 46 48
22 16 47 49
26 29 8 35
1 38 16 32
16 33 43 44
28 12 14 4
17 41 48 24
9 31 15 28
6 3 22 36
18 22 6 11
43 24 1 20
15 42 30 31
5 9 12 17
9 35 16 32
43 25 20 20
2 28 41 43
33 24 10 19
11 14 16 24
25 16 24 5
11 39 23 9
16 21 11 10
37 11 47 30
33 47 15 19
46 31 15 34
26 36 24 39
46 46 3 17
16 23 43 48
17 34 27 12
34 39 29 38
5 17 11 40
4 40 41 22
23 30 37 37
8 14 36 6
25 43 40 16
39 41 15 26
1 33 33 12
6 33 36 16
2 26 12 10
13 33 10 40
2 21 26 25
26 17 24 34
18 19 21 35
8 32 29 3
26 29 17 41
37 5 34 45
19 41 41 12
19 36 29 39
44 17 10 37
6 35 17 33
17 10 21 18
41 10 45 45
17 10 18 14
15 48 28 41
25 26 31 16
39 31 11 32
25 39 34 6
35 49 48 46
5 34 9 30
10 47 38 2
41 5 36 16
10 30 38 11
39 14 16 49
23 31 18 40
7 39 28 41
44 22 7 23
34 16 39 42
32 31 6 10
12 31 14 24
3 37 47 47
16 48 22 40
9 41 16 40
30 38 2 23
27 22 15 9
29 40 12 7
18 6 8 7
6 41 30 13
28 31 7 10
11 30 33 10
20 45 7 15
11 34 21 41
6 37 11 24
22 44 19 21
36 31 7 39
8 16 17 38
8 43 39 7
28 28 6 14
17 34 9 40
2 24 11 38
25 30 19 41
14 7 9 33
33 33 37 49
34 35 45 48
15 38 25 12
18 43 18 34
14 33 45 42
18 18 48 3
8 35 25 26
27 25 16 44
32 3 7 40
8 9 34 39
15 9 18 22
46 44 12 21
16 42 18 7
10 7 49 48
8 9 46 44
9 28 29 28
12 9 8 21
6 32 10 14
37 36 17 36
24 47 18 24
47 26 13 22
9 16 24 13
6 13 9 8
22 24 23 32
2 32 18 14
10 24 13 30
9 24 26 30
19 44 10 4
35 27 30 47
11 22 44 22
32 41 10 12
28 46 34 16
17 35 44 47
11 31 44 43
31 28 25 30
21 47 32 14
0 33 30 45
25 37 24 10
6 36 44 1
12 15 28 40
20 42 1 9
16 37 8 25
36 37 25 24
36 23 45 19
8 34 2 20
7 49 9 40
7 34 25 27
18 26 24 15
20 12 22 30
33 20 10 10
23 38 30 38
27 22 6 41
12 23 46 29
14 36 34 40
11 45 34 17
10 12 5 43
20 30 46 49
13 6 17 42
17 43 26 2
3 9 21 29
16 44 25 16
6 33 14 36
10 35 16 1
25 25 11 5
21 16 29 30
22 22 4 11
17 24 13 34
8 35 24 23
39 13 43 2
13 24 11 12
25 35 15 16
24 43 48 18
11 32 44 44
3 11 46 44
12 20 21 6
16 44 19 16
49 8 17 9
21 44 29 45
20 45 46 19
7 29 12 32
4 6 36 44
34 15 21 4
9 46 41 20
15 43 11 29
13 37 5 18
3 15 16 15
9 32 30 48
29 11 26 16
29 14 4 28
49 35 21 35
0 21 49 41
9 21 11 42
22 29 7 37
19 15 6 12
22 23 36 27
27 21 7 36
49 11 4 17
22 22 45 9
46 20 38 47
30 6 47 44
42 34 12 8
49 44 13 22
28 20 18 33
8 11 16 23
19 49 29 31
5 40 0 18
43 5 14 17
33 38 21 7
36 46 42 8
48 18 43 31
1 36 11 43
39 21 27 28
3 13 46 3
2 35 10 29
29 20 30 8
17 42 41 33
31 28 10 32
1 19 36 12
41 31 23 33
33 20 25 25
17 22 11 14
28 14 25 18
4 38 31 14
36 16 46 44
7 37 33 8
17 32 13 46
8 43 11 29
24 33 44 46
4 22 14 37
25 38 34 7
4 30 34 7
27 30 12 35
28 39 35 49
10 48 15 34
14 29 47 49
34 43 27 34
15 44 23 14
11 22 39 39
32 17 26 1
14 42 1 20
32 26 20 30
3 34 41 32
3 17 48 46
40 31 31 25
19 49 14 15
12 47 14 35
48 0 47 45
8 31 1 17
5 18 41 13
15 45 14 29
7 34 6 7
47 1 11 24
11 19 3 23
39 9 28 46
28 15 3 28
23 43 18 33
38 49 12 17
27 44 37 13
37 36 18 26
18 22 28 12
41 35 44 47
22 15 34 36
11 32 28 34
45 32 13 6
35 20 20 34
33 35 32 19
39 30 6 5
46 39 30 34
43 34 17 14
46 28 48 48
8 35 17 31
18 38 46 48
9 47 10 32
9 43 45 35
15 44 47 47
9 10 38 38
12 34 8 36
0 43 48 42
44 44 24 34
31 37 14 18
41 10 14 17
14 7 21 26
47 22 15 31
45 15 24 32
26 26 19 25
9 45 29 5
24 49 12 13
45 45 12 41
42 41 12 28
38 7 43 48
3 27 10 11
18 34 30 3
8 34 18 10
23 38 35 3
4 43 45 31
2 39 25 43
47 11 6 30
41 16 38 6
24 2 44 44
43 26 47 22
8 29 3 30
43 8 3 33
10 30 14 19
18 43 43 13
28 20 18 25
26 35 8 22
16 11 26 4
33 35 10 16
21 26 15 22
7 35 48 49
2 37 0 43
42 48 46 40
39 34 22 33
12 38 47 30
24 27 32 43
7 14 19 49
23 31 24 13
20 12 20 28
34 15 32 0
11 28 16 1
30 38 15 15
31 40 31 22
39 48 12 16
5 35 18 14
28 42 21 43
6 28 38 6
38 48 7 39
31 29 37 37
41 11 17 20
10 7 17 9
14 37 11 13
31 25 15 8
48 2 21 13
36 45 16 5
7 33 41 46
21 44 7 36
9 33 41 28
13 41 32 23
43 22 19 25
15 10 21 35
4 29 17 33
5 37 26 32
5 33 41 47
28 14 44 41
40 21 46 43
30 32 37 24
12 37 16 34
42 10 37 34
8 43 19 40
33 17 19 41
16 32 7 36
14 31 44 5
44 21 16 9
34 25 46 48
44 48 0 25
32 32 13 26
25 37 8 33
14 31 17 22
3 7 41 8
7 41 45 35
28 38 46 45
23 22 18 10
7 42 24 14
35 17 19 13
13 36 20 10
15 29 16 7
19 37 21 45
41 9 21 20
37 35 40 32
13 30 18 10
19 32 15 20
10 40 32 46
5 43 34 16
22 20 37 40
39 45 27 31
3 31 26 21
40 3 6 7
22 29 8 39
17 24 19 18
35 28 4 32
13 35 10 31
29 31 37 14
35 19 44 49
42 17 12 15
6 37 11 7
12 42 19 6
0 16 32 12
17 10 11 26
34 15 42 6
45 29 8 24
24 18 10 33
27 17 42 6
24 33 27 6
22 39 22 48
11 39 21 9
38 28 48 42
31 28 45 43
35 5 41 37
4 13 29 38
43 13 9 7
39 12 46 9
5 45 0 37
3 37 24 5
7 33 43 12
14 13 39 46
47 43 44 3
44 11 42 47
4 2 47 44
42 22 34 24
10 12 29 34
16 27 12 26
14 28 28 16
4 13 47 48
39 38 18 33
1 36 13 3
24 7 39 44
32 19 49 8
26 38 20 38
37 31 5 39
22 37 7 34
8 30 35 6
0 20 43 1
9 46 16 30
45 48 10 15
2 33 20 37
30 32 12 24
19 33 13 23
9 35 30 4
38 10 35 4
33 33 10 31
30 18 15 13
39 44 7 29
11 33 16 32
40 3 45 25
34 24 38 20
0 36 34 7
39 45 24 21
37 46 19 13
36 30 27 26
3 23 46 43
7 7 19 38
6 37 9 17
30 42 23 47
39 8 47 38
14 36 22 40
31 27 17 14
44 8 33 19
3 7 36 41
24 38 44 23
32 46 9 20
31 37 10 6
22 45 49 41
38 20 45 48
4 43 0 26
13 40 39 14
42 27 14 24
35 32 4 14
39 19 14 14
3 35 32 27
43 11 14 27
38 15 46 16
13 10 43 27
30 5 40 28
11 9 48 43
39 6 35 38
6 19 9 36
40 31 14 12
19 3 25 26
21 29 17 30
16 16 9 32
10 43 43 45
10 11 14 13
14 37 48 35
32 25 9 10
27 19 8 37
6 10 47 48
5 39 48 34
34 30 7 17
25 0 20 30
32 35 15 29
40 29 39 34
16 35 46 47
11 24 46 22
46 12 35 2
31 35 15 26
0 35 45 44
41 13 20 12
19 1 4 26
43 21 40 38
33 39 30 1
10 48 39 45
46 43 49 36
17 27 46 45
48 20 22 8
14 21 14 15
41 7 29 37
45 48 25 32
46 6 11 24
6 31 44 30
22 24 25 2
46 48 30 25
40 7 31 38
32 17 25 35
36 28 41 5
31 42 27 43
7 32 47 40
19 38 39 25
11 33 19 33
20 4 18 11
23 25 40 42
32 37 23 15
26 5 9 10
43 15 15 19
2 33 24 31
7 31 36 23
21 27 16 43
5 28 14 19
8 16 42 11
1 29 18 9
14 25 49 32
37 23 21 27
40 21 47 33
32 19 16 25
45 23 33 49
29 40 22 8
3 30 46 31
45 27 12 16
29 33 31 17
7 12 15 7
30 43 25 26
16 19 44 36
31 0 25 35
42 42 1 42
27 30 15 12
8 15 31 37
46 39 2 24
45 42 29 0
10 31 37 0
44 36 13 7
43 21 1 12
41 36 21 48
9 16 47 30
11 34 40 26
13 39 11 2
46 24 6 38
16 40 18 30
12 34 11 28
15 39 36 40
8 33 43 47
26 33 30 4
21 37 23 13
17 17 18 48
19 32 18 10
12 12 17 33
5 23 4 40
4 16 12 16
1 33 23 6
5 33 22 46
9 33 44 43
12 10 23 15
9 16 49 45
17 34 22 30
3 32 31 2
13 34 23 21
10 35 45 26
0 8 46 44
15 36 6 28
25 31 17 45
30 20 15 28
11 18 1 18
6 38 49 49
27 27 10 18
22 33 6 31
14 11 46 49
40 46 10 19
10 36 11 9
40 9 11 17
18 36 31 43
9 32 9 21
42 24 28 17
8 31 21 10
49 6 23 36
4 36 21 10
16 30 36 32
29 38 15 25
10 23 42 16
19 7 41 4
7 32 17 27
33 25 24 9
46 43 12 41
20 30 42 18
28 19 43 36
27 15 13 18
6 7 11 15
2 31 22 3
18 42 30 10
18 35 17 41
5 34 25 10
28 48 49 43
37 27 14 19
39 33 47 47
11 30 19 36
9 8 48 48
23 9 44 44
10 38 1 14
38 24 3 23
35 21 23 21
32 45 15 11
10 18 34 48
31 41 48 48
42 10 17 41
45 47 19 44
16 25 1 41
10 19 23 24
30 28 35 29
9 30 35 6
14 28 20 44
4 45 4 29
10 34 33 39
7 31 40 43
27 17 15 39
19 32 39 5
31 41 40 16
