50 223 15718 800
23 44 14 35
30 44 43 4
37 9 32 8
48 42 32 14
44 9 35 21
35 30 14 1
33 35 19 30
28 41 30 10
14 14 18 22
8 28 39 19
47 7 29 12
23 7 15 27
32 40 43 23
15 26 24 3
46 18 31 20
39 7 34 42
46 14 32 44
13 28 45 26
20 24 23 7
42 45 27 46
7 29 38 47
33 46 16 33
33 23 9 25
6 20 17 27
43 36 14 11
22 26 37 47
21 18 20 23
36 44 4 10
39 11 32 28
48 15 28 29
36 33 46 11
14 23 13 29
37 44 17 27
22 19 38 48
43 47 12 20
34 44 31 18
37 33 27 8
40 19 41 1
37 36 6 29
9 27 34 23
29 25 10 24
30 37 39 19
32 46 11 2
44 10 36 48
48 34 9 31
20 31 3 8
13 31 30 38
35 41 33 0
45 5 27 5
38 21 12 29
24 41 11 32
46 11 17 2
29 27 31 47
12 12 32 49
36 34 33 43
47 19 29 47
34 31 30 42
40 10 2 0
42 6 10 36
43 23 19 27
47 20 19 19
49 17 7 18
38 38 38 45
29 44 34 32
21 26 7 36
34 42 15 34
23 13 35 42
34 35 37 32
48 16 37 18
47 13 19 22
17 37 36 10
43 7 15 25
36 1 29 29
43 28 26 13
20 14 13 8
25 38 23 22
14 29 34 6
36 15 28 8
46 25 39 10
39 14 45 36
45 14 40 36
34 38 29 22
30 25 43 20
41 37 15 15
26 14 0 29
14 24 15 13
8 30 37 39
9 35 27 10
12 27 12 20
39 6 30 3
47 10 14 33
37 7 44 4
45 11 35 1
41 12 17 25
37 42 30 46
27 37 34 43
40 15 48 14
8 0 32 10
44 6 2 26
37 36 31 40
43 10 34 10
37 40 4 33
44 11 29 16
33 10 9 22
35 37 26 22
22 30 13 31
32 9 11 26
47 20 33 41
31 39 31 16
33 37 22 19
30 41 31 10
35 37 10 27
7 33 24 19
26 38 38 46
35 24 24 7
14 25 31 40
21 24 17 15
24 33 8 36
47 6 40 17
46 18 40 44
49 14 27 45
43 14 5 2
9 0 27 47
23 0 23 39
42 15 28 26
45 16 36 11
43 10 32 1
43 33 31 41
35 40 20 17
35 37 18 17
23 31 16 33
32 39 1 25
30 47 18 9
31 43 21 25
43 10 27 4
48 13 39 19
42 10 31 40
10 32 48 24
38 37 39 20
30 10 45 17
27 40 20 22
17 37 20 41
1 9 13 30
28 31 13 20
14 31 25 42
39 15 42 3
42 34 35 41
47 15 23 16
48 14 9 22
44 31 41 2
21 17 14 18
15 16 14 11
35 41 29 8
11 11 25 24
36 34 8 14
36 36 28 44
42 4 25 10
10 23 28 19
35 34 4 10
35 39 8 31
41 34 36 44
31 38 13 22
33 38 30 43
38 13 27 8
24 40 9 1
33 38 17 21
17 18 25 15
16 1 21 7
9 25 27 18
39 38 8 14
44 24 37 48
25 39 31 18
22 29 10 0
17 31 28 1
38 30 38 5
23 21 36 14
13 21 26 42
40 10 28 47
37 41 27 21
41 7 38 9
41 14 8 18
40 4 32 46
41 20 9 11
32 47 25 9
19 43 29 46
5 20 35 43
43 42 43 11
11 19 20 8
38 40 14 0
14 23 39 22
36 42 17 24
22 20 33 45
24 21 31 3
15 7 27 5
40 36 32 30
38 31 37 46
39 46 33 21
43 38 38 12
8 16 15 43
38 36 40 16
41 4 24 19
44 10 34 30
18 33 11 38
33 45 31 9
42 9 36 15
33 38 31 44
43 39 42 43
34 32 37 43
17 12 30 22
27 24 25 43
2 17 37 6
46 22 42 9
28 29 25 14
48 17 40 16
19 27 32 46
36 40 22 9
41 11 48 29
29 24 17 28
36 39 16 5
15 34 45 22
48 5 28 47
41 14 30 13
38 40 32 40
