50 262 16786 800
6 20 24 21
23 30 17 47
44 19 9 4
38 13 0 6
34 26 31 12
37 27 32 21
36 24 21 11
27 33 13 5
1 36 16 0
42 22 7 20
42 14 11 43
23 9 12 0
35 17 9 6
3 11 18 0
2 16 2 7
4 30 40 8
5 8 49 15
45 44 1 5
13 37 6 5
17 22 14 9
14 47 9 0
0 10 14 2
17 24 20 34
28 18 5 3
32 45 8 4
6 40 7 11
25 16 18 39
35 12 16 7
16 47 39 12
27 42 37 7
30 43 6 5
30 47 40 29
18 30 39 26
28 3 39 40
4 9 41 46
26 10 46 23
11 41 18 16
0 0 16 0
12 9 20 10
7 3 38 34
0 9 5 8
12 17 18 34
13 28 32 38
2 11 34 34
28 27 14 42
25 22 2 4
34 30 5 0
41 26 44 48
48 24 42 13
15 20 22 32
2 11 36 28
37 14 22 41
8 41 43 20
39 17 10 16
22 28 39 27
41 11 38 32
16 41 12 44
2 18 10 0
12 45 38 14
31 12 45 25
45 18 22 7
24 44 3 1
41 26 6 19
6 3 33 37
5 16 26 46
36 15 3 1
16 17 23 48
5 40 41 46
42 19 22 6
43 21 14 14
3 16 18 42
9 26 12 47
27 37 22 28
21 15 32 37
0 9 48 18
6 26 8 12
38 11 40 34
13 32 49 43
28 46 38 10
39 45 9 39
3 9 8 45
28 17 14 44
12 35 9 8
37 16 12 12
28 46 20 4
15 26 38 26
40 12 23 39
30 1 38 47
3 7 34 41
20 47 5 42
4 36 9 7
39 5 32 49
1 8 31 40
0 21 5 6
46 23 45 30
0 10 47 25
3 11 30 19
6 14 13 7
8 22 43 32
3 9 39 46
23 37 33 8
4 3 1 1
24 48 41 37
39 33 13 14
0 9 3 0
47 15 11 0
15 46 31 24
16 14 16 2
37 31 14 2
17 16 25 38
26 22 12 39
11 45 9 0
22 49 13 36
34 20 8 6
8 28 46 10
49 4 12 0
8 10 41 46
13 48 8 8
40 24 14 0
6 5 38 30
45 18 20 27
42 27 13 1
28 43 10 48
3 47 45 23
3 22 8 5
7 6 31 35
0 9 28 37
5 8 1 7
19 47 22 27
32 46 14 1
6 11 41 37
21 23 21 31
42 7 11 16
19 10 9 0
0 13 15 32
2 5 10 37
24 38 0 20
21 16 18 9
30 43 4 0
28 38 31 20
9 31 22 5
20 34 21 0
19 34 26 43
5 13 16 8
13 15 38 18
28 35 33 44
4 7 14 3
31 20 13 8
37 25 6 1
25 40 31 23
32 33 14 35
20 38 35 33
39 16 15 7
33 38 34 43
19 48 23 26
31 37 39 14
4 17 26 39
15 17 11 4
28 36 19 31
6 11 31 24
37 16 14 14
38 11 46 25
17 45 24 31
22 33 20 42
17 48 10 27
36 17 45 38
12 20 24 41
28 13 37 40
47 17 4 3
3 13 19 33
29 41 16 33
30 20 7 9
11 19 17 2
20 38 38 33
0 5 13 49
2 23 33 40
15 0 22 42
40 14 6 6
7 10 39 33
9 11 25 45
36 41 11 0
31 15 11 10
49 25 11 3
49 15 7 37
45 20 34 46
0 11 3 2
43 14 12 3
0 10 35 2
27 45 12 36
16 9 22 45
20 31 38 27
7 16 49 34
26 24 12 1
14 40 2 7
18 12 12 36
17 25 21 4
4 33 1 38
22 39 14 5
47 15 43 8
1 10 0 42
21 23 17 47
0 25 28 29
5 1 3 8
26 34 18 1
19 27 4 7
15 36 38 25
14 27 47 32
6 6 34 27
16 9 5 8
23 49 13 44
27 2 46 28
11 14 34 38
5 7 9 42
28 38 15 6
4 13 14 5
27 20 14 7
12 10 33 22
40 42 45 12
11 9 7 44
10 25 0 4
1 8 9 34
42 12 6 4
3 10 2 1
18 43 13 41
3 8 32 36
16 15 39 30
24 21 32 41
19 13 25 36
6 5 22 13
21 10 13 44
0 40 7 9
37 19 13 3
32 16 46 21
8 14 1 13
35 22 40 35
11 11 36 27
2 15 7 16
27 41 1 42
23 38 14 48
3 12 26 40
5 26 30 49
4 19 40 43
4 15 16 0
5 9 4 1
16 16 31 7
9 8 23 2
39 15 24 7
20 37 20 3
33 18 20 7
32 36 44 29
22 45 14 1
0 9 12 11
26 8 6 8
8 29 37 49
20 20 12 10
16 35 24 40
33 14 46 31
1 7 28 38
7 8 40 23
0 7 7 13
16 36 7 43
8 5 14 43
