50 1110 16779 800
40 12 21 17
49 13 27 32
27 43 23 35
44 8 5 31
41 10 38 25
28 27 35 25
28 4 32 44
43 19 8 11
12 6 23 24
28 42 45 37
30 31 26 39
8 33 15 29
0 36 16 28
5 32 15 25
43 14 15 48
36 10 21 12
5 6 21 3
39 10 41 38
37 14 33 18
35 11 31 33
33 21 19 23
3 30 42 4
7 38 12 49
38 15 38 45
36 12 37 33
36 39 1 49
12 18 28 37
33 16 22 13
32 11 36 45
5 37 29 36
0 34 40 20
30 10 37 40
32 14 35 2
37 21 19 26
39 11 18 19
22 6 12 44
15 5 3 6
32 37 30 3
37 10 3 49
23 2 2 42
40 21 6 11
6 49 10 20
37 16 17 3
2 34 44 30
18 1 14 24
4 38 18 6
33 13 15 1
44 12 28 6
6 29 20 41
39 11 27 40
10 44 39 14
33 17 23 20
42 14 23 8
33 19 13 44
44 11 19 15
14 1 40 20
11 6 36 19
37 12 32 8
16 3 13 15
24 5 31 40
36 14 20 10
33 41 23 49
35 8 17 26
43 13 19 43
36 22 18 22
4 36 14 12
39 20 48 29
9 1 7 11
8 33 40 40
38 11 6 48
17 3 28 26
17 33 6 24
18 1 7 9
46 11 21 10
16 20 34 33
8 0 6 11
10 30 39 15
2 0 31 11
14 9 13 30
20 0 18 30
4 32 9 44
41 19 6 0
37 11 24 32
8 17 2 1
14 8 18 32
24 39 36 14
39 39 18 40
27 22 9 31
3 37 9 13
8 30 35 9
25 40 17 40
3 34 22 34
46 13 9 11
45 9 10 44
26 9 31 16
6 32 40 4
8 34 23 20
9 1 26 21
42 16 46 37
40 12 12 9
15 7 4 11
13 2 12 48
29 4 21 0
14 15 8 7
6 0 9 45
41 5 25 34
34 10 13 47
34 12 20 17
47 49 17 4
2 26 37 47
21 9 48 42
32 18 16 32
31 13 21 10
3 35 44 43
39 26 4 4
35 7 9 48
49 4 40 6
40 16 33 12
2 40 18 23
36 42 13 33
36 15 44 19
27 12 30 44
42 14 12 3
7 17 11 2
2 34 31 8
14 7 17 27
42 32 14 33
6 35 40 35
38 28 5 8
37 34 29 12
32 13 39 40
14 5 23 12
25 0 11 47
7 36 15 22
34 39 34 5
33 10 9 46
39 6 31 40
6 38 8 41
35 16 3 21
1 36 5 4
5 32 11 7
41 9 15 47
2 34 28 21
39 15 35 30
38 15 24 18
41 13 21 13
42 13 9 35
37 16 32 4
7 34 49 43
19 0 32 41
32 12 27 7
21 10 13 44
15 0 9 41
42 17 28 31
9 30 11 16
44 7 7 13
7 7 10 49
40 12 7 4
39 16 32 13
39 2 16 23
35 29 25 12
5 37 9 6
14 48 33 7
7 34 39 11
48 45 23 10
39 11 1 11
33 5 14 21
9 4 28 7
35 15 11 0
37 12 28 42
40 13 15 17
39 15 31 31
24 48 40 2
16 4 18 23
7 31 19 13
49 5 11 0
33 29 8 48
1 32 42 3
41 15 34 19
34 19 15 40
5 35 3 18
35 19 28 27
41 19 25 26
6 26 27 35
2 36 24 35
38 36 19 4
1 31 26 8
7 39 40 31
3 29 39 32
37 39 11 16
38 10 49 9
45 17 14 19
29 43 30 21
7 0 2 23
3 32 13 26
42 21 35 13
36 17 27 23
7 33 18 1
21 10 36 43
25 13 31 42
9 31 33 37
46 44 11 23
37 14 2 7
9 33 18 36
43 14 47 32
34 16 32 35
24 1 30 11
30 31 3 29
4 36 38 46
39 11 32 48
28 9 5 18
42 13 13 47
31 38 20 24
45 14 31 26
33 17 8 12
33 12 21 40
40 13 14 4
29 26 9 10
18 1 12 21
42 40 31 26
25 7 19 30
15 15 14 46
10 42 8 29
40 16 17 9
15 6 24 34
8 38 10 2
4 38 47 41
35 15 46 18
40 9 22 24
33 3 3 29
36 16 22 7
38 15 32 14
4 31 12 38
49 15 16 18
14 9 41 19
2 37 22 47
36 13 9 34
45 12 23 14
20 11 44 48
34 19 15 10
43 24 10 13
44 44 29 39
19 10 15 30
33 12 39 44
38 17 29 8
29 40 9 12
43 13 7 23
42 25 46 24
41 31 23 15
6 33 42 40
3 38 11 45
3 2 48 21
42 41 9 4
34 9 34 41
30 18 24 29
40 14 9 8
38 16 47 22
34 13 14 48
41 12 37 31
26 36 31 7
2 37 40 2
24 45 21 21
36 15 16 43
10 32 24 12
6 35 28 30
46 16 26 33
8 35 49 40
40 11 15 36
5 29 41 9
33 19 4 5
3 36 25 4
18 2 33 28
47 31 14 3
19 24 1 1
43 14 4 9
6 31 26 10
40 9 10 2
21 17 23 12
33 14 37 15
33 12 17 44
34 10 29 24
15 12 38 14
35 15 4 4
36 19 28 13
39 16 1 0
1 33 11 45
30 15 15 41
38 15 46 4
42 9 6 4
32 36 34 12
14 8 15 1
37 11 15 5
42 10 18 26
37 10 12 48
7 39 21 4
38 13 13 45
36 10 0 28
6 36 9 3
39 14 36 3
33 13 30 11
11 35 30 41
3 36 34 23
44 14 39 17
32 8 32 22
41 14 31 5
41 10 15 33
5 23 33 26
45 15 38 29
37 12 11 19
20 10 46 29
11 3 9 14
36 11 25 31
38 15 8 27
34 5 6 0
46 7 22 2
35 11 20 11
23 10 1 14
45 15 16 1
12 2 20 33
42 13 47 40
3 40 15 3
43 17 10 45
15 4 29 16
29 28 14 7
38 9 47 11
41 11 10 0
40 14 25 22
41 10 4 7
46 11 17 24
4 30 43 24
2 31 18 39
43 12 11 2
1 38 13 34
21 9 6 10
3 36 9 47
3 35 17 13
34 5 20 2
40 19 31 34
41 17 28 4
49 18 26 33
1 36 7 9
37 16 7 5
37 6 22 13
41 7 34 23
42 12 49 25
45 14 6 38
29 33 0 47
1 27 18 20
38 17 24 30
39 18 12 27
0 35 13 34
37 22 45 16
5 33 3 9
14 3 14 24
10 8 13 12
21 28 15 12
41 13 30 28
12 8 1 14
43 35 5 2
35 10 16 25
46 15 8 46
14 4 1 11
2 32 11 46
11 5 2 14
21 19 14 49
45 15 7 0
43 32 6 1
1 34 13 45
39 46 44 25
6 36 43 39
2 40 44 23
44 11 10 44
36 9 11 46
27 16 41 4
12 36 17 9
19 6 35 16
18 12 40 18
31 17 36 39
40 3 44 42
2 33 46 45
6 33 11 35
3 36 4 9
47 17 49 0
30 17 5 7
39 9 8 7
35 13 3 17
40 12 28 28
41 16 43 31
33 16 18 34
34 12 31 5
24 2 19 15
35 15 12 26
38 14 32 3
4 43 11 47
43 17 5 8
41 13 34 26
30 41 17 15
22 1 45 5
41 14 20 38
22 42 14 3
43 13 17 2
21 2 9 9
8 5 20 25
48 6 0 20
2 36 4 19
48 19 7 16
34 0 26 32
34 15 15 26
23 28 18 34
41 19 33 19
39 12 10 8
3 43 12 11
45 12 13 25
49 41 35 26
32 27 38 21
40 13 21 24
5 38 17 28
27 38 34 43
1 31 36 16
44 45 12 11
35 15 42 41
42 14 33 3
21 4 33 38
37 10 8 14
45 17 7 47
31 39 19 34
39 18 30 2
45 19 37 34
17 7 12 10
43 17 31 17
36 14 19 21
36 44 7 32
17 15 6 21
22 19 23 24
14 23 39 20
31 11 16 3
40 16 35 24
28 15 39 16
30 41 36 6
4 30 5 4
47 38 36 24
40 11 0 13
33 15 6 18
38 14 5 14
28 17 10 8
30 14 12 45
45 9 17 30
30 33 14 12
42 20 25 29
1 33 9 45
35 21 20 40
39 13 22 40
35 13 34 43
35 29 43 18
39 10 4 16
41 9 32 22
5 41 2 17
40 11 7 7
41 14 2 13
43 19 7 7
46 19 25 21
44 18 40 24
3 33 32 10
1 35 19 28
41 8 18 1
26 23 2 38
39 8 19 45
5 35 6 13
1 34 35 15
44 17 16 31
38 13 8 15
22 4 30 21
40 15 36 14
43 7 41 25
41 11 23 1
35 11 15 8
3 27 27 36
26 19 27 2
39 17 45 48
44 11 41 22
40 17 27 27
24 6 44 34
20 2 5 9
37 19 21 35
37 20 44 34
14 0 22 47
34 10 28 14
36 13 10 33
33 32 19 25
5 34 32 2
43 13 21 15
34 17 8 2
17 10 26 10
4 34 24 24
39 14 19 16
48 35 24 40
5 30 40 20
9 39 14 43
7 32 7 20
14 2 33 37
40 16 30 37
31 32 17 20
26 5 16 28
46 14 11 13
29 41 48 23
12 5 18 43
12 33 15 48
6 35 18 20
37 28 15 28
11 33 47 23
2 33 12 8
35 10 28 27
6 36 41 18
45 18 12 44
3 31 11 1
6 37 9 49
4 32 7 13
32 10 48 30
41 13 26 11
1 27 44 40
34 34 33 11
0 36 23 12
42 16 13 31
35 13 4 23
25 0 2 4
16 2 11 40
4 38 22 4
40 43 25 3
43 15 13 48
7 35 19 30
46 18 31 25
38 8 10 30
17 31 10 25
13 7 24 40
1 39 31 2
39 32 14 46
2 32 18 10
34 18 36 25
41 17 37 49
3 36 2 20
43 13 26 3
42 12 33 16
37 13 20 38
0 34 5 46
7 37 7 20
20 11 28 34
25 14 35 31
47 10 22 17
11 30 29 5
39 17 29 1
39 10 47 29
42 34 7 15
37 10 27 20
34 8 4 5
5 33 19 36
39 13 48 24
40 17 20 49
2 30 22 4
16 2 15 6
40 4 29 25
2 31 41 23
33 14 37 27
33 16 1 25
36 13 12 46
39 10 40 1
4 3 18 25
4 35 19 41
31 1 9 32
13 45 9 9
35 14 35 38
40 13 39 35
22 35 32 24
7 38 3 39
14 3 1 5
39 12 45 45
0 27 42 42
30 34 48 17
46 22 13 24
46 31 16 30
40 15 33 31
33 16 9 44
26 28 22 17
36 11 10 25
37 11 2 12
42 20 1 31
38 10 27 11
41 18 11 46
33 16 15 48
3 36 24 30
39 6 18 32
2 36 8 43
38 8 28 9
35 18 12 32
39 16 47 24
34 23 20 33
23 14 22 39
47 3 12 8
9 38 26 0
11 1 10 9
42 44 34 17
8 31 35 38
2 33 15 14
4 32 48 12
38 25 41 49
33 10 25 40
7 1 24 30
43 32 8 5
13 22 14 15
8 42 31 14
2 36 8 15
35 19 10 2
49 21 32 20
46 40 8 15
38 10 17 32
8 35 25 12
7 34 34 10
36 8 0 28
6 36 13 48
46 28 18 11
40 11 9 23
37 17 2 7
2 35 27 17
41 13 19 15
29 16 21 41
16 13 30 29
35 11 22 45
29 15 23 16
28 21 43 44
14 18 19 31
2 36 34 25
40 7 29 37
4 37 8 6
44 12 33 15
1 33 9 40
46 15 11 24
2 31 13 17
37 21 4 46
38 17 33 27
34 18 40 46
37 17 49 26
43 13 45 23
40 4 29 31
30 7 20 11
5 36 22 36
2 38 13 31
32 47 22 1
7 26 11 42
17 0 1 28
40 15 42 28
34 10 10 3
7 34 32 19
42 29 49 41
29 16 29 6
0 44 22 12
25 31 13 47
8 28 17 47
38 37 31 22
6 39 17 31
46 13 28 19
37 18 2 15
1 31 47 44
10 31 15 6
16 5 6 37
41 14 37 36
37 16 19 32
32 14 23 32
15 13 21 24
39 8 6 8
41 14 26 13
10 35 14 28
26 0 7 23
4 9 19 37
45 37 13 30
2 34 24 37
28 29 12 46
40 18 39 46
37 14 27 41
22 11 16 0
35 19 24 17
3 40 46 27
23 37 26 8
42 14 8 46
35 20 24 26
37 27 8 22
34 42 21 24
28 13 20 18
48 12 49 30
38 19 26 20
11 17 25 24
18 5 27 10
3 31 9 2
42 12 15 31
42 15 30 1
44 20 24 28
36 7 22 1
41 15 15 5
0 42 4 7
10 5 24 17
43 16 13 47
41 14 18 19
47 10 37 39
13 6 25 4
36 0 23 39
42 11 23 9
32 11 3 8
21 4 34 30
35 20 41 44
14 2 35 44
4 39 17 11
0 36 28 1
39 10 4 12
33 14 13 47
22 18 0 21
36 18 31 33
30 43 41 34
16 41 22 9
3 32 24 24
48 3 22 13
30 13 30 37
49 6 23 27
35 6 41 24
18 6 24 1
35 7 30 29
7 33 32 21
10 5 45 25
39 14 20 33
38 13 13 38
1 35 49 6
12 33 45 34
34 13 6 8
25 24 8 17
23 8 5 4
41 19 18 24
25 14 7 7
42 15 26 20
4 39 20 37
31 23 6 19
33 39 49 17
27 39 38 0
33 14 41 31
1 40 33 2
34 13 16 36
36 7 42 9
30 25 10 35
35 22 12 0
11 32 20 22
28 39 31 12
49 14 1 7
2 30 17 44
3 4 28 25
3 8 0 26
16 1 10 49
36 7 42 0
2 29 40 32
39 13 5 25
21 5 17 23
6 11 29 13
38 14 9 20
49 29 0 13
42 5 31 30
41 12 1 6
41 22 35 13
0 29 22 1
35 8 10 16
37 16 13 38
24 1 38 31
39 8 24 28
41 24 43 42
31 14 32 42
47 4 5 10
21 0 1 39
30 39 45 30
1 35 19 34
15 6 21 12
28 18 12 43
41 8 13 44
30 9 33 3
34 10 38 45
17 3 3 17
36 13 19 43
18 1 10 4
38 12 14 48
2 35 12 16
3 27 4 10
40 10 0 16
0 46 8 11
30 7 8 3
39 12 13 5
40 18 19 35
7 34 20 38
14 3 31 39
25 45 11 46
26 41 24 20
43 8 15 0
38 13 32 15
36 17 9 14
48 27 17 8
35 13 15 43
22 29 14 28
33 24 5 6
48 44 20 24
15 7 7 17
7 1 18 31
5 30 25 49
36 25 17 18
38 14 11 31
11 32 42 14
24 3 32 29
38 15 29 40
2 29 9 49
42 44 31 31
37 16 32 7
36 17 30 38
41 13 18 33
17 5 28 24
34 12 23 13
34 16 19 15
15 6 38 17
41 11 19 45
6 26 28 11
18 15 19 37
0 8 24 26
16 11 0 11
16 3 44 35
45 44 35 36
43 1 5 1
33 16 41 7
42 14 44 48
3 29 14 49
0 23 8 26
35 8 4 2
15 7 43 11
36 6 13 6
33 10 9 10
46 21 10 12
8 37 30 16
6 15 30 30
23 20 24 36
7 42 30 15
18 1 13 46
30 28 13 9
13 1 2 41
7 30 22 21
5 36 24 29
4 26 2 11
32 22 26 46
8 31 8 11
17 7 11 6
21 10 33 39
4 30 22 45
37 6 30 4
0 34 37 45
39 9 6 5
48 17 26 40
38 13 2 14
13 5 40 14
34 20 5 15
33 13 18 1
33 26 36 36
18 8 30 7
45 12 42 21
33 14 18 38
35 13 1 11
36 12 21 44
41 9 16 39
23 7 28 8
5 33 20 18
24 13 38 32
34 18 0 16
21 0 27 10
5 33 36 24
4 36 13 39
33 17 4 8
43 48 28 13
39 15 44 21
41 12 41 39
16 4 8 7
6 35 5 19
31 36 24 4
44 14 22 47
6 34 29 11
35 16 24 11
41 13 14 33
39 18 7 5
35 16 21 4
5 17 7 31
44 13 35 41
39 12 28 7
33 15 1 0
46 9 35 27
46 9 7 12
37 14 37 45
28 9 34 19
29 4 20 17
6 28 11 8
2 37 38 21
41 11 45 27
42 6 15 46
2 37 30 24
19 19 23 18
23 4 4 7
17 17 25 37
23 4 6 26
39 12 11 20
31 47 8 12
7 30 36 4
36 0 16 4
38 13 15 38
42 36 12 5
22 4 26 28
35 13 29 2
5 35 13 19
41 15 33 39
30 8 47 25
41 17 27 34
17 5 33 16
6 35 24 21
34 10 17 25
44 17 3 1
28 32 18 17
4 37 47 42
8 35 12 18
42 5 26 10
9 34 8 9
6 39 28 0
5 38 2 7
35 5 44 15
4 30 27 31
7 32 14 44
4 33 4 10
42 14 30 20
2 37 1 6
27 8 22 26
45 17 19 6
20 4 34 1
0 6 32 19
34 18 11 17
2 37 21 32
41 43 46 2
7 40 14 4
37 16 4 10
37 15 25 25
38 14 14 14
39 22 21 36
19 8 1 13
40 10 38 43
34 19 33 9
23 6 29 28
37 14 38 0
16 44 35 9
16 4 30 33
24 4 36 37
40 12 12 0
30 42 34 33
37 18 11 49
44 48 26 17
40 12 39 32
48 34 38 23
42 18 23 32
35 11 7 8
6 36 40 44
41 13 14 43
41 13 24 13
19 4 48 25
4 34 0 20
37 0 28 8
40 45 25 20
5 38 2 9
10 0 23 2
47 18 24 7
39 11 32 44
17 1 32 45
40 18 44 24
3 35 12 23
8 31 5 12
43 17 17 28
39 16 10 46
30 44 16 25
44 36 3 30
38 13 5 11
31 18 3 9
39 15 37 4
39 9 24 2
6 32 31 28
47 27 42 28
41 12 40 24
7 8 41 41
24 20 16 29
30 13 22 32
24 32 32 24
40 16 37 33
31 14 14 30
39 19 13 29
5 34 18 5
33 49 31 1
40 18 23 33
3 30 9 10
22 7 7 48
48 7 21 41
6 30 16 49
42 15 28 14
13 11 26 45
31 10 20 22
41 13 30 14
14 27 48 2
33 13 12 47
47 13 37 2
37 14 23 35
11 48 35 19
42 41 16 6
4 31 0 8
47 17 42 32
18 1 41 18
44 15 37 25
17 9 47 44
37 43 36 3
6 5 24 30
46 19 11 8
44 18 36 12
35 16 8 48
42 34 18 40
38 9 15 47
32 15 8 48
40 26 3 9
14 8 48 17
38 39 21 47
11 1 8 45
0 35 43 19
33 19 34 27
39 20 28 32
39 12 6 23
39 16 26 21
12 6 8 40
45 28 19 31
0 36 19 14
2 33 21 41
34 16 10 47
41 17 6 46
10 5 31 46
40 9 22 3
0 36 38 2
3 38 43 22
35 10 23 27
38 23 8 6
40 6 27 33
37 21 4 6
20 31 24 15
3 36 12 48
23 15 27 10
41 47 20 23
42 14 32 10
36 14 43 20
2 29 26 6
7 15 21 31
33 16 10 42
13 37 0 19
45 27 34 1
40 18 15 48
33 13 47 30
37 10 40 7
12 6 33 28
34 14 9 45
12 3 42 31
10 39 20 31
6 32 45 11
1 36 2 4
5 34 15 46
39 10 27 24
34 41 24 14
33 12 36 3
27 17 24 30
38 13 4 13
6 31 15 9
44 13 25 33
19 10 24 6
38 15 20 4
29 31 29 20
36 14 37 18
34 19 23 13
38 6 43 47
11 35 22 2
38 11 33 31
28 11 8 47
35 28 24 15
4 35 26 27
27 20 2 17
34 16 43 14
34 16 8 47
33 13 22 28
38 11 29 0
38 16 3 1
5 30 37 4
32 18 26 36
41 10 5 18
3 30 35 22
43 13 14 45
35 36 49 6
40 15 28 2
6 35 7 19
39 1 38 40
39 19 8 39
30 0 26 44
5 30 32 11
32 24 13 24
38 10 15 10
36 16 12 34
46 49 27 3
4 34 23 15
33 17 26 14
34 12 5 18
