50 217 12465 800
42 22 20 26
15 27 46 48
14 42 20 10
20 7 39 41
10 31 35 38
25 18 27 31
39 38 32 26
24 33 32 26
31 37 25 45
30 15 21 4
42 35 15 19
30 29 16 44
1 30 15 0
28 40 28 47
13 33 44 33
27 23 22 42
27 30 16 33
7 14 17 2
8 16 2 25
4 32 46 18
14 10 44 14
13 31 15 8
21 37 26 11
26 24 7 39
43 25 27 25
17 11 1 46
23 33 17 25
41 38 24 43
37 34 25 9
12 29 30 4
21 30 26 24
10 3 8 30
11 31 1 3
34 29 14 9
25 29 5 38
37 36 48 13
0 6 29 35
10 7 44 27
18 28 35 49
16 21 41 49
1 10 44 41
17 9 13 44
29 26 49 20
1 22 8 22
7 34 9 25
3 25 33 35
14 33 43 25
5 12 33 45
35 19 13 11
7 8 9 1
13 26 26 44
28 26 34 22
9 14 32 42
2 22 28 38
11 28 18 39
14 12 27 25
35 33 12 12
43 6 23 43
10 29 24 6
10 22 29 48
14 8 22 12
37 16 40 18
0 21 30 40
26 38 29 21
37 41 47 19
7 15 11 40
21 32 22 19
14 12 32 49
46 46 26 49
10 31 31 48
10 7 39 22
40 34 4 6
8 11 15 35
11 27 11 34
0 17 15 5
2 30 7 30
11 8 21 46
0 21 46 16
8 22 23 45
8 7 43 27
2 19 39 44
29 38 6 19
37 26 23 11
7 24 9 7
30 21 19 46
29 34 35 46
12 15 26 29
22 15 41 0
9 3 47 15
13 27 41 28
15 31 33 42
18 47 26 13
14 3 19 32
8 10 47 21
5 23 24 45
12 32 16 41
26 37 34 45
45 41 18 8
8 17 32 49
22 18 17 15
12 28 13 12
24 8 25 13
29 32 47 18
3 36 6 12
34 25 41 44
13 28 35 42
39 30 28 13
13 29 16 18
1 25 19 26
20 12 25 42
8 1 33 46
48 11 46 18
5 27 19 11
28 17 10 45
28 26 23 9
37 37 30 18
9 29 17 15
41 23 21 22
9 27 13 41
16 4 20 39
0 24 39 11
13 9 24 20
24 21 43 0
4 18 19 0
8 27 40 45
39 3 48 19
13 21 29 42
0 19 41 7
24 32 12 37
2 9 48 7
47 45 27 45
3 13 9 41
25 39 5 35
13 17 28 26
35 35 30 39
2 14 49 24
23 34 1 10
0 7 36 42
14 12 18 43
28 19 26 40
2 21 29 43
21 12 11 38
37 32 16 43
6 19 18 6
22 35 32 44
15 17 35 43
11 4 1 12
8 36 38 13
9 36 26 39
10 25 35 33
25 2 48 46
28 4 8 42
10 9 3 31
30 40 5 0
3 24 11 34
3 21 26 44
29 41 26 38
10 3 26 48
39 32 26 47
19 38 26 24
16 18 48 32
10 19 16 37
25 45 42 39
1 22 25 23
11 25 27 17
39 1 44 26
12 29 5 0
10 9 30 21
1 20 43 36
12 38 38 45
40 8 9 34
13 27 9 4
37 39 47 19
0 26 15 8
30 22 26 4
34 44 5 20
28 24 32 29
41 40 17 14
13 33 18 25
36 41 47 16
14 11 5 45
18 4 13 2
3 28 25 42
25 24 3 12
31 37 46 18
23 21 35 47
11 33 15 21
26 17 38 4
21 23 31 41
27 41 23 48
11 1 45 20
21 15 12 33
0 16 37 45
33 47 28 38
8 14 43 20
45 30 0 30
27 41 26 23
32 23 29 9
19 31 37 31
6 3 30 43
33 40 13 39
6 12 10 28
23 33 35 34
8 0 33 47
23 39 18 36
14 14 35 39
17 22 42 14
11 29 10 12
3 14 24 7
17 27 15 2
10 35 38 21
23 41 6 24
30 14 47 18
33 29 3 36
2 4 34 28
29 28 24 15
3 11 11 33
