50 250 13936 800
44 5 12 30
42 37 29 32
23 23 47 22
27 5 34 10
44 38 4 33
20 31 34 21
42 44 35 15
43 21 22 43
24 38 46 24
20 37 43 5
49 7 34 35
33 24 20 23
36 2 3 8
23 28 48 42
44 33 31 39
31 20 34 43
38 39 43 16
9 38 45 41
29 22 45 47
37 41 39 22
41 11 43 39
40 11 21 13
47 28 37 1
34 18 31 4
1 36 3 27
36 13 31 18
17 36 3 26
23 26 36 26
15 41 0 45
13 36 40 30
38 39 31 3
22 40 46 3
23 37 22 46
44 17 34 21
47 41 9 16
40 33 15 36
2 49 44 20
40 42 14 15
5 40 39 18
5 29 22 1
39 25 25 9
31 25 21 49
28 11 39 15
30 28 42 17
22 30 49 14
46 47 27 5
15 37 17 10
33 37 20 29
49 16 37 17
18 43 28 14
37 9 47 31
41 5 31 26
49 21 26 40
25 26 28 28
17 43 35 12
16 35 35 26
40 43 31 38
13 45 5 28
23 5 22 43
24 31 42 32
17 8 27 11
15 8 10 18
8 41 49 8
20 26 4 48
41 38 20 41
47 23 32 28
45 37 19 10
21 42 23 38
11 47 47 31
23 36 47 18
37 21 10 4
24 19 0 32
39 38 26 46
33 10 15 11
20 27 9 22
43 36 16 37
19 11 39 43
45 20 36 16
40 47 35 5
40 30 22 25
13 38 27 2
42 39 24 37
20 33 37 35
44 18 32 31
38 40 43 2
38 41 4 15
26 40 32 3
40 39 11 30
11 37 15 34
47 40 37 3
39 38 30 25
39 41 10 33
6 22 0 49
22 34 26 10
25 16 45 37
43 31 27 26
27 2 25 13
19 30 22 21
41 20 48 35
39 41 22 26
30 4 43 47
8 34 23 41
36 13 44 35
47 34 48 46
19 29 24 16
30 32 24 41
26 33 32 35
40 36 24 17
41 44 1 28
30 13 3 30
25 33 3 21
41 45 43 16
42 40 20 37
16 36 19 17
21 32 46 11
22 47 30 22
18 41 47 39
35 42 26 49
14 29 34 29
25 37 48 31
36 8 41 40
35 21 20 13
24 33 43 16
25 18 32 2
45 15 31 39
16 31 5 40
17 40 29 16
14 39 20 19
39 4 39 31
30 10 43 22
23 32 9 42
26 17 6 38
0 26 33 29
33 36 44 47
10 2 49 5
22 29 7 22
46 11 36 7
31 19 25 45
30 35 15 8
29 5 49 4
24 35 36 21
30 35 36 32
43 28 37 19
42 32 7 36
21 34 40 41
43 24 26 20
41 26 0 32
23 16 31 14
32 43 17 24
41 39 43 35
0 36 26 23
32 15 35 22
38 47 47 6
41 42 34 6
31 9 30 25
46 44 35 23
21 30 36 31
22 16 22 37
43 38 29 13
3 41 24 24
40 29 1 35
25 33 10 38
38 49 37 29
22 41 37 35
29 46 14 20
11 27 29 3
23 35 16 12
47 30 0 14
15 42 17 36
38 40 49 35
40 44 22 38
25 37 7 23
15 34 40 20
39 6 20 47
32 8 21 25
29 34 17 34
2 25 5 23
39 40 34 38
34 40 25 29
35 19 30 34
23 30 22 10
49 34 34 30
32 12 20 20
39 39 17 5
44 20 35 24
38 18 39 6
4 45 6 21
14 30 15 14
26 28 6 18
41 14 16 39
39 17 38 24
13 44 33 27
8 9 42 7
45 35 19 25
40 9 14 33
37 33 47 16
48 45 38 15
31 40 6 14
42 37 21 18
40 41 8 21
17 29 16 18
34 21 29 23
28 49 40 11
48 36 37 10
39 44 45 40
26 19 16 38
28 19 42 48
35 7 38 34
29 15 40 45
19 33 1 23
37 42 43 8
24 21 17 25
20 37 40 3
41 7 20 15
31 17 42 14
43 39 49 10
40 16 24 42
11 35 30 19
39 6 21 32
39 38 23 9
40 40 25 18
22 37 31 20
42 42 34 37
32 8 13 20
27 28 16 46
18 32 23 20
45 37 43 26
17 8 30 2
29 45 37 22
48 38 37 48
38 29 28 44
48 27 39 42
20 36 34 26
40 42 20 28
39 28 24 16
42 36 29 13
45 38 26 41
39 42 30 18
32 6 42 16
40 14 4 32
39 37 36 11
22 34 23 11
38 26 24 42
0 30 45 12
42 39 31 20
23 34 25 41
40 44 42 29
15 6 27 41
43 8 23 4
18 42 38 28
