50 77 13185 800
5 17 15 31
5 33 24 41
5 32 21 5
18 14 9 15
8 24 23 25
42 3 12 17
46 46 16 23
48 48 19 10
25 14 42 33
28 48 13 16
41 20 8 26
0 24 7 26
37 0 31 39
11 36 16 19
33 18 32 30
12 24 23 11
40 38 43 23
5 24 16 37
25 20 11 11
47 46 43 44
10 5 25 3
31 0 24 17
36 12 16 19
28 4 22 24
31 36 13 49
47 47 25 43
49 46 3 16
28 33 23 4
25 26 22 47
6 18 12 20
27 39 7 20
49 46 18 16
46 48 6 12
15 35 15 22
29 5 28 24
30 9 1 3
44 44 29 26
6 22 42 20
48 47 18 8
2 25 11 28
48 47 37 18
15 19 40 19
36 38 33 28
28 3 21 23
33 4 23 25
36 28 21 1
41 6 27 18
4 21 9 14
2 30 15 18
41 12 16 21
6 31 8 12
46 44 27 19
46 48 37 23
19 10 17 19
47 44 10 9
7 30 25 41
12 33 13 12
29 13 5 16
16 17 47 20
48 47 21 47
30 18 21 0
49 49 22 43
4 32 9 23
44 48 49 9
5 44 35 44
32 16 13 25
49 46 19 14
43 44 11 10
25 1 34 9
49 46 46 36
10 14 25 42
48 48 20 44
29 15 49 32
22 37 15 33
44 20 30 49
36 24 5 40
46 45 25 32
