50 800 17041 800
33 15 29 38
4 24 42 27
14 4 42 33
42 41 6 48
44 37 36 14
4 11 8 22
4 21 4 16
8 28 0 43
8 43 35 23
38 4 21 37
1 23 15 39
35 12 5 29
19 27 24 12
45 38 39 44
13 25 7 39
2 23 5 38
3 17 15 31
48 42 43 49
27 8 38 22
24 18 45 20
3 24 18 43
0 26 20 45
30 0 36 12
49 38 9 8
40 11 18 27
44 40 36 16
2 26 2 39
44 40 6 30
49 39 27 5
10 26 41 25
7 20 18 46
6 33 37 46
43 43 37 48
2 33 18 41
25 8 30 28
35 8 29 40
1 18 34 43
4 43 18 34
8 30 14 36
1 36 12 31
5 26 31 36
33 6 33 38
12 21 32 43
45 10 14 20
47 39 6 32
4 18 23 48
0 26 48 36
10 28 40 48
47 40 23 46
44 36 28 19
37 10 35 37
42 42 1 27
2 40 27 46
44 17 23 35
10 14 31 43
44 40 39 44
7 33 37 26
12 40 46 24
47 42 30 35
11 22 32 28
47 43 22 27
38 11 3 12
5 32 2 16
5 28 27 24
32 14 24 40
45 38 23 44
46 43 6 20
47 39 40 46
46 38 31 45
43 39 6 6
3 30 30 43
27 4 39 36
28 8 15 41
45 43 27 23
13 26 43 12
45 37 11 46
1 20 18 20
44 38 49 49
14 26 40 25
21 32 3 28
4 37 39 33
6 30 35 1
43 42 16 2
47 42 40 36
42 42 39 37
46 40 24 41
40 39 5 33
20 3 28 41
39 18 49 33
41 42 6 29
46 39 35 30
14 9 47 27
44 37 22 39
43 38 11 45
46 43 35 37
0 10 8 34
35 10 17 44
18 2 34 46
0 11 23 45
18 28 35 39
5 24 39 37
8 14 20 45
45 42 33 31
17 0 22 28
9 35 23 40
27 5 42 46
43 39 12 9
5 24 18 46
39 44 24 49
49 39 44 6
25 5 46 37
34 10 7 40
13 19 1 36
43 44 19 42
24 5 41 48
42 5 37 42
41 43 21 40
5 34 34 42
32 13 23 44
46 23 24 25
44 43 30 35
44 38 5 17
46 40 40 27
12 26 21 40
41 43 6 26
41 42 9 36
1 30 9 41
34 14 20 42
0 27 45 21
46 42 17 23
44 38 25 49
47 41 20 33
47 43 31 47
14 6 39 42
10 35 35 38
47 39 13 45
38 40 16 36
39 13 44 39
29 14 7 45
0 26 14 18
42 3 31 32
33 13 41 21
24 19 33 34
46 40 28 41
6 19 25 29
4 23 35 39
40 43 23 43
33 11 26 38
39 16 27 42
0 26 40 49
49 39 23 44
15 26 34 36
42 41 41 13
46 43 22 5
44 39 34 46
32 4 9 39
15 4 11 49
44 42 41 6
22 9 24 41
6 23 18 31
43 39 15 42
38 42 21 40
0 19 34 45
42 8 11 24
3 22 35 39
46 39 47 18
5 31 33 37
1 36 5 27
7 28 12 47
10 24 32 36
27 12 18 28
4 29 42 42
44 40 25 39
12 15 32 10
14 32 21 24
10 25 18 47
44 38 6 46
49 23 34 39
6 20 34 49
6 3 18 40
15 24 8 32
44 41 16 46
5 27 2 38
43 39 19 30
43 41 42 49
43 1 30 38
7 33 4 29
46 38 19 36
41 0 9 32
49 39 45 40
44 37 29 11
44 39 15 28
3 24 42 47
46 39 5 27
4 16 16 45
46 42 47 17
11 20 12 28
25 27 36 26
49 35 43 38
43 40 6 32
32 2 16 40
17 25 25 40
44 42 10 34
8 15 34 13
42 41 26 34
33 4 40 31
8 25 16 36
47 41 34 23
33 8 7 35
4 19 46 19
9 24 42 40
5 8 43 25
9 27 45 18
3 27 45 46
47 38 31 43
9 13 45 36
44 41 19 1
41 40 5 47
7 33 39 46
42 40 40 31
4 17 40 45
42 40 27 43
35 19 40 45
43 43 0 31
31 9 26 44
45 38 0 36
25 13 40 45
38 3 5 17
16 9 48 27
3 25 46 42
11 35 3 46
11 20 24 48
7 17 15 48
34 7 46 32
39 42 6 42
45 37 18 25
5 34 1 45
47 12 39 39
34 14 21 38
8 24 41 14
41 11 14 41
17 29 15 40
48 40 19 18
10 18 16 22
14 2 24 43
38 0 45 16
46 41 47 13
37 18 38 40
44 38 38 38
49 40 29 33
9 27 26 44
0 32 9 36
17 28 9 37
45 43 38 41
41 39 43 49
16 1 16 40
45 39 2 41
39 42 42 47
43 38 27 47
43 40 2 48
7 35 35 21
8 20 17 42
44 9 36 48
45 39 36 38
47 39 38 34
44 39 31 41
47 35 4 3
45 43 17 41
48 5 3 34
17 22 22 32
45 40 46 32
8 43 26 48
2 19 47 30
4 25 47 31
48 43 40 48
9 26 8 49
8 18 40 28
42 36 44 15
9 18 29 43
34 28 34 37
22 24 40 31
22 1 36 42
7 11 24 20
10 31 30 6
11 12 31 16
44 38 17 40
16 10 6 36
15 9 43 33
8 22 36 37
7 35 43 46
32 9 6 45
2 32 44 13
43 38 7 23
4 22 27 15
1 30 25 30
39 9 13 20
46 35 45 39
47 43 14 29
6 27 43 44
45 42 29 31
46 40 33 41
41 37 13 11
3 7 42 36
46 37 31 48
9 14 14 43
46 39 32 26
23 4 39 22
17 27 31 43
46 41 41 30
23 5 26 45
1 25 49 21
5 11 14 34
47 39 17 40
39 8 4 42
1 17 41 24
4 25 19 13
3 28 27 32
15 12 25 34
14 27 22 39
14 35 25 45
0 16 47 32
33 1 36 29
34 15 29 49
31 6 1 12
43 38 18 48
6 36 42 21
47 42 22 46
42 41 24 35
49 39 10 23
7 46 1 22
5 32 42 47
20 4 45 49
44 44 34 46
42 38 18 16
46 37 5 27
8 32 23 39
46 39 42 48
1 7 23 32
38 21 27 42
45 37 2 49
45 38 3 2
22 3 29 43
42 38 40 27
49 39 16 37
24 13 44 46
1 35 31 37
22 8 40 39
49 40 10 34
2 25 49 29
5 29 41 29
8 14 22 39
34 7 25 28
40 41 0 49
0 31 39 41
44 41 30 43
44 36 33 48
5 24 29 24
43 44 15 41
8 28 26 36
2 20 17 36
38 43 4 31
46 41 9 18
43 41 41 31
47 42 28 46
31 12 7 27
3 31 42 25
44 11 41 49
41 37 12 43
0 33 32 20
6 23 5 42
46 38 9 37
8 28 38 42
25 8 27 45
25 6 3 11
41 31 11 33
37 10 19 47
11 32 18 44
33 5 42 46
0 30 38 26
4 35 11 26
8 16 37 15
5 29 26 41
5 33 13 37
18 13 32 29
15 22 15 44
48 7 30 46
45 41 49 25
47 36 3 32
46 39 22 39
6 25 10 28
39 41 42 26
48 42 10 39
40 4 5 36
0 12 8 40
6 12 7 33
21 14 34 44
25 3 48 43
27 6 42 49
21 10 39 48
47 41 14 12
44 40 9 39
26 11 29 38
13 28 8 27
13 17 25 48
38 8 34 11
2 26 17 39
44 41 24 38
41 13 2 29
9 32 32 46
1 13 45 31
1 46 25 19
44 10 43 38
3 24 31 15
7 27 24 38
9 28 36 12
23 8 19 36
44 40 39 44
39 6 31 44
31 13 26 22
9 29 40 36
35 10 31 38
4 11 23 11
46 38 8 10
42 46 41 29
42 41 4 40
20 7 24 40
32 14 14 45
43 38 23 41
8 2 12 36
45 41 42 43
4 45 32 45
1 49 19 44
6 12 44 48
33 4 29 37
0 19 38 31
2 34 41 27
29 12 42 41
31 2 14 20
19 24 7 28
42 41 42 47
41 48 10 45
43 40 23 30
5 20 31 48
13 12 44 22
47 38 46 45
47 40 9 15
6 27 29 34
9 31 47 26
2 25 39 21
10 26 24 14
0 29 14 32
39 15 21 20
36 9 20 40
48 37 21 40
6 25 23 35
7 32 3 15
5 14 42 48
22 0 45 49
4 20 48 30
42 45 30 33
15 14 17 41
3 35 38 43
45 41 21 21
2 31 38 38
5 49 28 39
45 43 24 12
3 24 27 34
33 17 40 25
41 22 18 6
13 8 14 32
44 45 15 23
8 22 47 26
46 42 34 40
4 25 39 42
45 40 13 11
13 22 33 20
14 15 34 31
5 28 0 44
6 31 35 23
44 39 36 37
43 40 32 42
47 42 44 31
43 42 17 42
33 8 11 22
14 27 36 39
5 7 6 35
42 40 33 37
48 16 29 48
6 17 20 39
45 40 24 41
47 42 15 40
36 2 39 48
35 24 13 38
3 16 29 46
26 10 43 25
25 18 41 27
41 39 3 45
23 10 7 40
1 16 13 37
20 27 49 24
1 29 9 40
40 49 31 47
19 12 20 42
1 5 46 27
47 39 4 28
43 42 13 44
45 41 9 35
49 40 13 43
26 3 3 47
3 15 13 40
47 40 15 6
4 1 45 24
4 29 12 47
44 41 45 27
2 27 13 24
11 15 40 29
43 38 33 42
3 37 10 35
42 42 5 31
43 10 34 46
10 18 28 32
36 49 40 37
1 29 41 20
34 4 30 45
10 31 18 18
6 28 36 47
32 14 21 31
42 37 23 33
43 38 32 47
15 21 6 2
4 36 34 27
4 11 36 47
8 31 25 19
0 28 32 29
46 23 40 40
14 15 25 19
12 29 33 41
44 40 12 18
8 35 35 49
5 17 12 12
44 45 3 33
4 31 41 46
17 44 3 16
48 38 21 44
31 15 45 27
38 19 2 41
9 18 47 42
31 16 32 46
44 38 29 39
15 20 29 26
0 43 21 37
22 8 42 23
44 27 29 43
42 40 20 41
46 41 28 48
27 9 28 34
12 29 39 44
34 3 20 38
1 28 29 39
13 11 18 39
4 32 36 28
44 14 15 48
45 37 22 47
45 40 22 38
47 42 7 36
45 39 40 42
10 25 21 43
36 10 46 19
15 25 41 45
20 17 20 46
6 28 31 42
49 43 0 12
31 14 25 43
0 34 44 45
8 2 22 25
6 14 13 40
7 32 27 45
25 0 21 41
49 38 40 48
1 49 47 40
14 22 32 34
42 35 47 45
12 26 31 30
4 21 0 7
6 27 18 48
8 27 39 28
2 13 14 37
10 26 3 31
44 41 21 36
44 40 10 26
48 42 38 32
7 33 13 39
45 38 32 27
10 34 0 45
5 11 36 35
43 39 38 27
31 22 37 44
5 15 13 40
9 28 35 36
41 38 39 26
1 35 37 42
2 16 26 33
4 31 12 33
3 25 41 23
33 12 45 23
43 40 3 35
42 42 25 43
8 24 34 32
41 40 5 43
43 39 23 42
18 22 24 38
0 29 48 25
34 7 19 29
30 7 26 42
44 38 1 14
11 3 34 45
12 17 2 33
45 42 6 21
46 37 12 49
43 37 26 35
44 43 29 47
44 4 36 15
37 18 16 45
5 25 30 28
3 24 42 28
43 39 46 33
6 12 32 49
2 28 45 43
43 45 10 46
47 40 44 43
6 30 30 28
47 45 3 43
47 39 20 44
24 5 34 15
8 24 45 49
26 13 37 32
39 42 30 21
30 5 11 39
10 28 32 42
15 23 22 42
45 38 21 18
43 40 14 30
48 40 45 37
13 30 23 42
8 25 0 47
39 37 33 42
41 42 38 20
6 31 22 29
8 38 35 41
45 39 35 11
22 14 31 48
43 38 11 35
42 41 27 40
24 27 11 49
7 18 45 43
6 28 12 42
10 18 22 48
46 40 14 46
24 10 45 37
46 41 29 46
47 7 0 40
40 18 47 45
21 5 3 26
32 2 40 27
12 21 12 47
41 41 32 47
15 26 11 49
23 15 46 23
46 41 43 30
4 34 48 28
48 41 40 24
46 40 15 48
47 41 36 45
34 0 19 43
47 40 17 43
6 24 42 23
29 10 47 38
42 35 34 49
4 26 24 17
47 40 41 41
44 39 31 40
1 13 36 43
48 41 47 22
13 16 42 47
7 14 13 16
20 19 0 39
18 22 19 37
39 16 16 34
19 4 34 45
43 41 12 48
2 32 26 47
5 23 48 32
44 41 6 22
7 29 26 48
36 3 19 31
28 4 37 24
44 5 23 24
17 26 44 20
0 29 17 22
4 38 40 27
1 40 35 47
47 40 6 34
2 32 38 48
3 4 7 42
46 39 41 37
4 31 33 41
43 34 49 42
33 9 38 48
5 29 47 35
3 29 22 43
7 20 5 16
24 16 39 25
48 46 46 29
7 48 32 14
25 17 14 17
42 40 29 33
46 40 29 18
45 40 24 48
44 40 3 49
36 9 42 31
27 10 24 19
4 30 26 37
22 9 35 39
28 11 37 9
36 20 44 26
37 11 36 41
43 41 31 47
43 41 26 47
46 41 25 46
42 41 23 42
6 23 37 33
6 34 43 39
9 36 7 32
2 32 1 13
8 29 30 46
45 40 12 40
22 0 4 31
8 6 33 48
5 29 21 49
1 24 3 49
6 21 41 46
43 40 46 44
35 8 37 36
45 41 30 38
45 44 34 41
42 40 20 19
44 42 7 45
6 38 29 33
41 13 46 47
28 14 28 46
20 3 20 34
46 42 34 43
5 35 29 24
33 0 24 37
16 16 44 31
2 28 13 31
44 39 14 39
34 46 38 28
9 31 28 40
26 12 10 10
45 40 5 33
4 18 30 45
5 12 5 47
19 16 15 23
44 43 8 35
2 34 33 47
1 27 43 41
3 20 14 25
31 6 14 28
48 22 15 2
0 31 6 44
46 43 4 38
25 0 20 27
3 33 20 42
1 33 1 39
35 5 31 38
44 39 43 22
0 29 39 31
46 38 29 14
2 34 24 35
41 45 30 45
6 28 34 44
15 19 43 40
29 13 27 43
41 41 41 35
40 42 8 40
14 44 28 45
0 20 46 31
12 12 22 41
30 13 15 21
2 26 23 46
13 26 6 43
9 35 36 26
45 20 19 22
3 26 16 39
1 28 23 39
44 45 48 30
40 20 13 28
2 30 45 28
8 32 29 37
