50 1510 11940 800
6 32 12 10
25 44 40 11
17 13 24 18
14 48 28 12
31 24 40 33
39 40 41 26
10 40 23 19
30 48 32 14
34 43 12 1
26 30 40 47
41 48 10 19
27 36 21 20
15 48 47 2
35 41 43 2
4 36 33 6
11 38 28 11
17 4 49 38
8 42 46 37
14 49 49 31
13 44 23 27
17 30 26 28
8 47 29 10
43 29 16 12
26 42 29 23
5 36 43 31
34 49 24 26
9 3 28 23
12 46 29 14
11 5 42 5
25 34 6 7
12 28 26 15
38 30 22 12
17 13 28 19
30 44 35 24
0 45 15 16
47 26 32 1
36 48 7 14
13 43 38 6
24 43 34 25
11 43 21 18
11 45 24 19
27 42 38 20
10 43 40 21
22 4 6 6
11 41 22 19
32 48 35 10
32 43 24 22
2 22 28 30
16 4 6 4
17 47 43 36
25 7 27 17
37 41 38 35
29 13 37 1
9 33 33 14
32 47 4 15
11 42 8 2
25 31 34 49
47 29 25 25
14 43 28 19
32 45 29 25
30 6 45 31
38 0 19 21
22 33 25 16
0 3 40 8
13 35 26 12
46 43 45 10
9 32 25 22
10 42 22 15
32 40 29 33
17 47 45 4
11 44 27 3
21 27 27 9
48 27 18 25
40 43 26 12
29 35 28 4
48 30 14 10
8 45 25 19
1 9 49 36
7 28 20 39
15 41 41 28
14 46 29 22
8 43 30 9
15 1 15 28
10 44 41 24
8 41 44 20
28 17 24 25
45 26 31 19
27 38 40 47
26 46 36 18
24 12 46 26
4 43 28 5
32 39 28 22
40 47 34 26
14 29 15 23
45 13 40 29
23 34 25 28
7 47 42 37
26 39 35 29
15 47 19 18
13 38 43 31
14 34 19 24
47 47 35 21
24 45 26 0
29 41 40 42
6 37 28 30
27 43 23 22
36 42 18 20
13 47 20 0
21 35 33 7
13 42 14 11
35 41 42 25
6 35 39 6
14 2 15 10
49 47 7 20
6 45 21 36
43 39 9 39
29 36 23 32
13 43 25 30
15 31 30 27
9 42 12 9
26 41 37 30
35 43 37 20
12 42 43 11
49 32 0 4
15 8 36 14
5 38 24 31
18 43 25 21
43 30 18 21
42 48 31 2
32 22 46 10
3 43 46 33
11 44 24 14
34 33 26 35
31 9 30 26
7 38 40 18
33 41 29 3
26 45 27 20
12 31 14 17
31 49 5 8
37 42 11 9
20 39 23 14
26 44 24 27
4 48 28 35
10 46 34 18
37 45 44 39
35 47 43 34
21 7 28 30
19 48 34 11
44 41 31 27
25 48 26 26
30 48 28 18
10 39 31 22
3 33 20 14
4 25 13 33
19 3 19 18
28 23 25 33
37 43 30 13
25 39 33 33
36 37 39 32
11 41 39 29
24 5 47 4
11 46 46 27
10 37 46 25
9 26 8 47
7 36 3 24
47 26 39 6
10 44 30 23
44 41 45 9
15 43 20 29
16 45 16 12
36 46 22 33
33 39 26 29
43 37 15 16
5 39 25 25
14 23 46 8
33 41 36 18
9 38 48 47
33 33 27 26
42 20 33 16
18 48 37 25
37 18 17 3
12 44 24 4
14 18 7 20
38 15 48 20
14 39 42 20
39 42 36 23
40 43 10 28
27 42 14 23
33 47 45 17
21 23 24 25
32 42 18 23
4 49 42 43
41 4 18 17
9 1 28 31
44 42 10 0
20 37 37 12
13 43 39 12
35 29 39 10
4 47 44 20
4 38 16 34
13 44 38 16
14 16 27 27
29 48 45 4
31 40 18 20
8 33 31 11
11 43 21 17
39 38 8 19
12 26 24 30
29 44 19 9
10 39 10 3
18 22 48 40
38 42 31 23
33 38 23 2
26 40 20 12
27 36 17 18
7 10 24 24
14 43 17 36
36 26 10 3
32 48 24 18
26 33 40 36
21 17 47 33
11 24 1 5
47 39 23 11
3 42 10 18
10 28 38 1
11 40 42 10
44 20 44 32
12 10 8 4
30 18 29 38
27 34 20 20
22 1 48 38
48 36 16 22
11 45 19 9
9 43 30 21
33 35 23 8
36 2 40 20
36 39 31 29
28 42 44 2
35 33 16 23
12 41 15 29
30 38 14 17
25 41 17 15
34 45 42 32
24 47 45 39
11 49 27 10
5 41 18 19
16 18 22 21
11 41 38 14
7 32 35 17
36 2 46 36
10 44 44 21
28 31 30 16
28 17 43 42
2 28 49 43
3 13 15 13
37 42 23 17
13 37 45 19
12 48 17 27
29 36 41 11
43 32 38 37
10 14 34 14
14 48 46 24
30 49 26 25
39 38 20 21
7 41 16 10
12 43 29 22
18 27 35 44
19 4 46 29
49 23 27 23
15 43 18 17
34 47 43 34
30 0 47 27
21 24 23 19
7 47 28 12
26 35 12 16
30 49 31 30
26 9 3 36
6 43 1 2
12 0 31 8
17 8 19 23
5 46 18 37
7 31 22 28
10 32 27 8
27 44 19 17
6 49 36 7
18 39 41 22
10 44 21 15
30 41 45 14
20 14 34 9
13 45 40 4
13 30 29 15
9 49 19 30
3 45 22 22
23 8 36 33
44 49 44 8
17 7 36 39
4 35 23 21
47 27 16 20
46 26 23 23
27 40 26 11
46 40 38 32
38 29 29 33
10 44 38 11
44 35 18 25
12 45 9 10
11 4 24 36
7 42 19 24
22 27 2 15
23 30 23 8
35 44 13 7
41 40 4 3
45 18 35 17
37 33 25 41
26 47 18 15
8 49 20 29
5 38 46 28
45 7 27 18
29 13 21 8
6 30 29 30
35 37 28 35
48 17 19 1
18 41 19 26
48 21 36 27
39 33 18 4
26 40 48 4
29 45 46 18
10 40 39 25
7 31 12 2
25 29 49 6
48 31 36 17
9 35 31 29
8 47 19 24
8 33 34 4
38 47 47 48
4 42 21 26
29 29 25 24
39 49 34 37
26 38 49 34
48 38 43 3
45 44 37 27
38 43 30 23
29 33 35 43
7 45 22 0
26 32 23 19
30 35 43 5
43 46 15 14
39 36 49 18
12 42 8 19
8 46 29 16
30 42 26 20
24 45 17 25
7 28 25 32
7 40 21 35
14 44 33 22
30 34 28 18
23 2 17 7
13 42 20 11
28 37 19 31
11 2 46 14
6 41 21 22
48 36 28 14
30 41 27 14
10 35 0 3
32 19 11 19
9 28 26 26
48 48 34 20
45 33 18 2
4 49 19 28
14 31 28 0
34 46 30 9
7 30 7 23
42 27 27 22
38 30 38 2
9 28 23 3
29 10 43 41
6 34 26 7
5 20 34 16
13 41 32 32
20 33 21 28
32 29 34 23
16 48 24 22
35 23 19 12
26 45 20 29
35 35 44 39
10 44 24 27
29 3 13 29
8 43 23 9
48 27 19 25
28 33 43 41
20 7 19 30
26 30 25 43
41 38 28 10
13 13 35 37
21 33 10 12
11 37 19 31
8 44 34 14
14 43 14 25
17 42 35 39
43 39 42 30
13 42 42 34
10 42 21 9
34 9 12 10
41 44 27 15
9 40 26 15
27 41 9 3
23 39 49 32
19 35 46 42
5 27 12 3
38 5 35 14
30 16 7 19
12 37 21 24
11 47 17 18
24 41 43 18
35 38 38 7
30 39 27 20
40 21 9 18
37 29 49 35
46 40 27 20
5 30 49 5
42 43 30 25
19 43 22 25
35 3 21 20
37 45 24 36
7 41 17 25
33 35 8 6
8 37 19 9
42 28 48 15
3 31 19 22
42 47 24 29
11 43 7 7
28 47 19 29
6 29 24 27
9 32 37 3
6 44 19 24
33 43 26 18
12 46 15 31
12 45 23 6
9 41 27 8
11 39 18 25
32 40 26 25
18 36 39 36
10 6 15 10
15 40 3 34
10 45 16 1
38 45 4 12
33 29 30 12
14 39 27 26
24 42 41 1
26 39 26 31
16 38 43 17
15 39 22 23
8 48 46 26
12 38 32 30
42 42 21 19
14 39 47 36
48 35 35 22
11 45 45 44
10 48 46 6
23 36 34 4
7 45 0 18
41 36 39 8
12 41 26 28
11 24 12 11
33 46 17 18
9 31 14 23
12 48 15 28
8 28 26 30
31 21 9 4
8 45 0 18
27 33 20 30
29 49 23 16
2 23 28 16
40 39 25 5
6 1 43 29
49 26 27 28
25 44 21 17
14 41 21 10
8 40 44 8
25 16 42 7
40 43 33 25
46 30 18 22
16 39 32 14
39 37 9 1
16 40 27 16
46 30 16 17
42 24 42 30
38 15 22 32
13 39 38 21
37 36 11 13
9 33 21 18
12 40 21 16
20 42 29 23
22 11 15 2
36 34 15 7
11 40 22 17
36 48 22 21
29 48 32 26
21 5 27 46
24 6 28 24
25 35 26 14
14 40 10 16
8 34 14 7
21 43 39 23
0 28 23 21
29 1 44 26
26 41 41 17
47 34 44 31
15 39 24 28
32 41 22 38
8 42 26 20
26 46 24 20
13 21 29 12
24 40 40 37
45 37 44 24
36 33 45 8
22 45 24 19
30 29 19 24
9 42 30 21
21 4 21 25
37 30 16 21
45 40 11 33
45 37 16 10
22 45 28 2
11 45 46 35
35 39 49 47
27 3 19 29
29 38 37 10
7 16 31 22
12 40 23 26
11 43 44 34
20 27 12 38
42 41 46 3
44 45 45 10
20 26 18 20
46 38 0 14
6 45 9 13
30 29 34 6
9 43 20 24
24 45 29 13
26 44 28 16
33 42 23 11
6 31 28 9
44 31 13 13
36 33 26 14
19 3 33 22
29 36 24 22
7 33 11 6
27 12 42 42
9 44 24 11
30 47 29 22
12 44 34 0
6 10 21 23
17 46 24 29
35 40 18 29
46 45 18 12
10 39 23 23
35 38 49 35
11 30 20 24
11 43 38 1
12 29 44 21
14 41 18 34
38 37 48 40
19 35 40 27
34 44 18 20
5 33 42 27
34 22 12 15
33 9 45 22
11 28 30 15
0 10 20 0
7 36 43 28
31 26 43 1
38 33 22 20
5 27 23 17
21 43 27 30
47 47 21 11
7 45 30 25
5 31 44 40
27 27 27 18
6 42 28 27
12 46 41 37
43 24 42 42
7 42 31 27
15 47 47 22
6 43 49 33
10 27 38 15
18 45 30 4
24 21 41 39
14 41 10 12
26 0 28 21
32 22 21 14
23 11 2 22
42 23 40 30
13 40 41 39
10 48 26 21
27 41 34 40
30 43 15 16
16 47 44 6
17 43 10 7
31 46 1 5
15 43 37 16
25 39 44 36
5 33 35 11
14 44 9 26
8 45 24 12
10 25 22 13
48 44 28 11
26 42 46 28
12 46 26 14
31 39 10 18
27 40 33 12
18 0 22 15
44 29 20 30
24 46 37 38
10 45 26 6
9 45 40 35
8 49 27 31
38 45 19 28
8 31 24 29
36 43 43 46
21 8 2 23
37 8 25 25
12 31 33 15
26 24 22 6
28 36 16 17
44 19 20 21
42 41 33 0
12 41 45 30
14 43 18 20
14 13 20 29
39 38 23 12
8 26 44 23
34 40 18 16
6 49 28 9
35 41 29 23
30 33 29 2
11 27 1 9
23 1 22 14
27 36 15 24
26 0 16 17
30 41 20 20
29 41 19 10
13 3 40 39
6 35 20 22
35 45 47 28
44 38 25 18
6 41 8 29
11 43 35 3
8 13 17 21
49 4 40 14
13 45 35 3
10 48 16 27
19 8 35 1
9 42 25 11
28 48 20 20
26 38 23 16
38 4 43 43
45 18 24 21
9 47 39 23
3 29 11 12
5 9 23 42
32 46 39 14
22 3 20 18
9 33 30 8
12 30 1 11
28 45 26 7
19 49 44 41
31 24 42 31
7 45 16 12
6 36 15 24
38 23 46 13
7 36 36 46
4 20 37 36
35 47 22 24
6 49 22 12
15 49 1 8
8 44 18 28
11 47 18 42
10 24 38 26
6 42 16 29
30 29 19 23
14 41 43 35
14 19 42 27
29 47 41 17
33 39 18 8
27 45 14 23
11 42 44 3
5 33 26 22
23 48 29 24
32 48 27 23
27 32 43 13
37 34 44 39
37 37 45 26
31 43 47 12
29 4 18 30
31 21 32 16
47 42 28 13
41 28 46 30
29 34 40 38
46 19 16 34
28 43 38 32
39 28 25 25
9 46 24 26
7 45 44 37
31 48 21 27
7 37 23 45
9 44 45 33
34 30 39 25
49 30 23 28
35 33 30 14
32 36 35 30
10 42 32 20
20 48 44 41
42 45 42 10
12 32 19 28
28 31 37 9
9 40 9 12
8 44 19 23
32 25 34 16
39 35 45 4
8 39 44 15
30 46 9 29
7 49 32 24
10 45 43 23
2 48 26 14
2 30 18 11
30 34 35 6
43 34 46 39
35 41 12 13
27 44 26 14
32 47 25 32
38 46 20 24
9 22 34 3
33 44 45 41
31 46 24 20
17 40 17 26
11 45 46 29
4 26 30 7
37 3 45 31
37 25 4 16
32 42 27 22
23 35 37 12
47 31 8 16
13 2 35 30
25 44 32 25
8 38 34 26
8 31 14 19
17 39 15 16
36 49 29 14
30 41 21 20
13 4 40 14
9 49 48 39
11 43 8 16
19 20 31 24
38 29 23 22
36 22 38 29
29 35 22 17
26 22 28 27
30 41 21 13
12 12 21 22
46 32 26 17
24 39 23 19
36 41 37 9
29 25 49 36
48 42 39 10
5 28 22 17
33 38 48 16
10 44 5 5
47 25 26 2
14 34 31 25
15 40 17 19
8 49 47 22
11 40 49 10
35 47 23 16
10 46 29 15
12 42 46 41
10 43 15 28
31 45 31 25
41 26 47 22
22 45 30 24
9 36 18 17
11 35 21 26
9 46 21 27
34 44 46 37
31 32 13 0
39 36 38 31
37 38 20 28
1 36 20 19
19 38 31 34
13 46 38 14
8 43 23 35
45 31 25 20
11 41 24 21
30 39 18 20
17 3 23 19
45 35 33 23
33 23 22 11
41 39 24 13
41 48 40 29
13 42 42 13
25 13 9 9
8 29 12 26
11 21 18 27
29 37 40 5
37 23 30 20
43 34 49 28
29 1 43 32
18 20 23 22
8 47 16 25
15 42 12 25
38 32 44 37
44 35 31 23
23 1 26 24
43 36 8 13
21 42 33 24
7 41 24 21
9 40 18 27
34 41 4 16
27 5 41 16
28 47 24 13
20 6 43 38
49 39 27 25
30 18 36 19
9 45 28 17
32 46 34 28
34 40 41 39
26 29 41 14
9 45 23 30
40 5 49 38
35 37 21 18
25 47 45 35
11 40 22 6
40 46 25 24
23 44 15 13
32 45 41 14
17 0 20 25
7 40 22 17
43 17 23 21
40 25 25 20
8 42 9 7
6 45 41 8
22 43 25 16
34 40 13 1
3 26 38 4
13 40 23 18
35 45 4 2
49 48 6 7
41 44 28 31
39 46 25 43
8 40 24 22
39 23 24 0
8 41 37 29
32 41 24 15
18 42 27 39
32 36 29 22
44 23 21 31
11 41 34 32
11 47 23 27
38 48 20 40
33 38 35 14
35 46 25 9
9 43 19 27
28 44 29 24
10 49 11 37
31 43 6 14
47 35 40 18
26 26 25 16
11 49 23 14
32 17 43 35
21 45 44 32
5 39 18 12
7 43 49 19
8 41 29 23
36 44 25 22
30 48 17 25
28 11 36 21
12 44 18 8
13 37 47 25
31 34 10 31
14 43 20 12
6 29 35 26
26 23 27 12
24 37 13 14
14 42 27 2
15 43 31 26
42 34 16 2
30 43 49 13
23 40 32 27
32 4 49 5
37 27 38 1
3 43 40 34
10 39 42 31
18 37 45 28
40 31 16 21
25 3 31 4
8 23 35 40
31 21 33 43
23 7 26 13
12 44 17 15
37 24 33 42
38 42 22 13
45 36 20 19
37 45 42 27
28 43 45 31
11 41 16 27
26 25 44 12
5 33 47 43
19 45 20 15
35 26 35 0
41 36 46 26
13 40 22 15
15 33 16 24
28 38 24 14
7 2 29 48
29 42 12 25
38 41 31 8
6 46 18 3
28 47 26 20
12 30 28 34
18 27 45 13
19 48 35 8
10 34 32 35
32 41 14 2
30 23 15 3
26 6 45 29
30 13 46 37
21 29 32 22
11 28 27 29
44 29 7 24
7 41 2 10
30 35 49 24
42 34 1 1
9 42 46 9
34 28 45 47
23 39 30 25
29 41 27 45
16 33 20 22
43 37 44 18
31 17 9 18
10 41 46 28
25 36 39 27
49 45 39 43
12 32 40 16
18 49 19 14
15 46 28 18
13 47 39 27
22 15 37 28
15 40 41 26
31 29 18 13
39 28 32 19
33 45 47 30
29 43 30 20
45 31 35 17
28 43 24 23
25 42 13 22
19 36 25 23
38 26 20 31
49 40 21 2
21 5 46 38
47 38 34 7
41 40 48 31
13 42 6 22
9 47 20 13
14 38 19 19
8 33 35 20
37 45 27 22
36 18 23 14
39 40 43 33
34 28 38 6
44 22 41 33
11 40 12 20
26 49 28 23
34 47 7 16
33 17 26 31
17 47 12 10
9 48 27 32
9 42 26 18
16 29 35 2
28 44 40 14
46 42 19 14
24 45 32 13
2 34 33 26
31 40 25 29
48 37 22 17
29 49 37 14
13 43 34 13
21 43 8 16
26 37 12 25
7 49 21 23
27 30 3 4
12 43 32 1
37 43 19 10
12 47 26 23
8 38 46 29
42 17 21 26
10 33 48 18
24 4 30 2
29 42 40 16
34 42 21 19
29 6 28 13
42 8 23 32
23 13 41 40
31 41 33 26
4 44 20 22
25 33 24 39
34 33 45 27
41 21 23 37
37 48 27 17
28 44 23 28
13 9 46 33
47 17 29 17
38 43 26 16
17 19 22 15
44 15 11 20
6 36 24 18
41 36 38 39
12 44 16 28
40 16 14 1
11 38 44 1
1 12 38 24
49 23 30 37
41 34 22 22
34 40 30 22
12 44 3 12
6 29 21 17
38 45 16 18
38 28 21 26
32 22 41 38
32 38 49 11
8 48 48 39
28 45 29 6
41 7 23 14
8 25 23 15
9 44 11 15
23 26 8 12
45 31 37 39
10 43 47 28
21 18 19 6
32 23 34 40
33 47 43 5
15 48 26 28
38 49 43 36
6 44 34 8
28 19 22 20
28 37 42 41
37 1 35 7
25 26 37 30
40 23 23 23
40 44 44 29
13 38 17 28
21 20 8 16
25 36 21 24
17 18 19 26
34 41 26 10
6 46 23 30
30 41 23 18
11 3 17 7
29 40 19 21
7 28 7 13
38 38 28 27
15 24 42 30
47 42 29 27
46 41 38 25
33 38 26 24
7 46 44 17
12 42 34 29
6 43 33 12
34 36 42 22
34 41 39 36
40 44 34 7
14 45 42 12
11 40 39 31
3 28 27 27
24 40 14 12
7 33 20 21
26 39 0 1
35 39 16 0
11 32 46 42
13 49 30 21
20 25 33 28
13 33 17 30
9 36 22 5
2 2 27 16
41 42 19 22
30 24 25 10
10 5 40 31
44 35 20 25
27 40 27 5
8 42 29 27
9 44 22 27
39 43 18 32
7 44 45 26
17 45 22 24
11 48 41 36
34 43 9 3
12 49 36 16
1 8 40 30
17 42 18 11
12 5 27 9
12 40 18 15
15 23 21 5
23 18 49 40
21 41 48 45
33 3 44 20
5 33 22 16
29 29 14 32
35 42 47 6
40 4 40 11
34 33 23 19
16 44 42 11
37 44 16 22
26 43 21 21
11 44 21 8
46 38 48 28
17 7 43 12
26 45 46 31
2 29 26 21
9 33 16 12
12 25 5 20
9 43 33 20
34 40 21 32
27 11 43 19
4 41 13 9
34 44 35 30
40 41 30 26
41 32 22 17
37 41 18 17
28 45 46 38
49 34 35 41
47 15 19 26
48 30 16 15
12 39 24 20
13 45 17 17
20 22 48 32
14 35 3 15
6 27 25 3
6 36 19 19
26 3 23 30
30 37 13 17
28 41 43 25
6 8 15 1
6 43 32 23
26 45 41 24
17 7 29 28
9 44 1 3
7 12 40 24
17 2 30 27
33 42 20 22
14 15 25 29
0 33 28 17
9 47 42 19
17 40 23 4
48 36 32 48
38 49 14 22
34 42 18 29
4 40 17 6
4 47 46 19
49 43 48 26
30 41 38 4
14 15 46 34
30 41 32 37
40 29 31 13
45 43 23 18
10 42 41 10
14 48 26 27
12 44 47 1
6 30 27 18
23 40 42 0
8 26 32 22
8 45 28 19
8 31 39 1
18 0 4 24
48 31 24 31
43 37 42 8
9 36 14 16
22 6 49 34
46 21 35 20
12 46 47 35
9 35 28 24
31 39 22 24
21 46 32 26
11 38 21 20
37 46 14 20
8 42 30 7
15 43 0 2
16 47 11 4
7 44 49 23
28 47 2 30
44 18 21 27
46 46 16 22
38 9 32 22
2 27 40 33
28 44 35 12
26 42 16 13
8 37 15 28
16 22 28 17
36 29 24 8
41 22 48 31
9 9 47 37
24 12 26 21
20 16 26 19
9 27 15 7
7 44 17 2
47 27 31 18
45 38 38 41
18 44 21 9
47 41 21 20
32 45 47 16
42 39 4 4
21 18 10 25
20 46 20 25
29 44 14 13
34 38 35 11
25 20 16 7
15 2 36 8
12 31 46 39
12 44 29 21
11 36 44 42
11 37 40 36
45 40 47 4
47 25 35 11
15 20 27 22
16 45 10 11
18 48 42 6
8 42 24 12
21 32 10 18
43 29 25 3
2 33 25 12
45 31 16 8
2 44 21 23
24 15 32 35
23 2 41 45
8 41 20 36
46 33 16 28
31 46 28 18
30 44 47 18
8 40 22 17
35 42 43 23
29 38 27 26
12 41 23 29
36 40 24 18
49 40 20 25
15 41 31 28
12 36 10 8
3 47 13 28
19 43 27 21
27 41 27 12
11 31 25 35
10 44 24 28
40 49 42 41
31 13 34 7
11 42 19 22
35 40 39 13
10 46 24 25
24 49 32 1
45 16 30 33
30 47 48 38
33 45 32 7
26 44 25 27
46 22 27 26
11 40 35 20
46 42 21 25
12 44 41 45
5 47 8 33
24 45 42 28
10 45 43 45
12 49 42 39
14 1 14 10
41 39 26 18
12 34 39 13
25 31 19 23
9 44 5 12
39 46 43 31
25 49 26 5
29 45 33 3
34 42 42 26
0 33 26 24
25 3 16 29
31 10 28 4
13 40 16 2
3 27 21 11
32 48 24 29
38 15 19 25
35 40 24 12
31 40 27 26
31 6 31 24
40 35 33 2
18 2 40 25
22 36 27 16
28 48 42 38
34 40 21 25
15 43 21 31
11 37 11 17
14 41 44 5
33 37 22 0
25 18 27 13
6 31 13 6
37 42 27 2
28 38 33 2
10 42 49 30
6 30 20 30
25 32 20 23
7 48 30 28
16 19 26 19
35 45 23 28
15 6 42 0
14 41 10 20
35 40 37 16
42 17 32 20
35 12 28 22
32 36 30 29
4 35 17 4
14 8 25 25
40 27 33 19
12 31 2 10
27 14 41 27
41 43 15 18
47 30 46 9
11 44 26 26
23 44 27 9
7 22 10 3
8 26 35 11
30 44 15 21
25 12 20 14
14 30 47 38
7 24 32 14
4 28 29 27
21 19 30 29
12 49 24 16
30 38 12 6
32 38 17 19
8 49 17 12
44 39 23 26
11 32 37 20
26 26 32 20
8 46 16 26
37 44 48 35
15 49 38 13
1 30 31 16
10 41 15 27
13 2 19 14
30 41 27 17
7 27 24 17
5 34 8 9
12 43 5 8
7 39 27 19
44 41 22 22
17 37 45 7
7 10 6 21
10 42 21 28
25 33 28 22
9 37 25 23
37 43 21 29
20 41 15 23
38 35 47 15
13 29 15 36
25 39 18 22
15 44 30 20
46 33 17 29
17 41 27 22
24 47 23 6
42 23 3 18
43 0 15 18
8 34 36 20
28 16 13 37
42 37 26 30
10 45 15 6
13 49 18 26
16 45 21 5
13 42 40 43
2 32 23 14
15 42 47 11
43 45 28 30
10 42 41 33
11 27 18 18
46 28 31 0
33 37 24 9
6 44 46 19
49 37 21 24
7 0 34 9
17 47 2 5
29 36 45 28
26 10 26 31
49 30 19 27
11 3 29 17
8 46 42 36
31 5 25 24
10 34 24 26
16 5 24 27
26 0 17 13
10 25 47 28
20 27 42 41
10 34 15 0
20 30 17 26
43 40 23 23
7 39 27 1
30 39 26 5
30 49 26 22
12 39 44 17
7 34 16 21
31 38 24 17
29 23 28 18
19 46 11 10
22 43 19 22
7 41 46 24
31 14 42 43
11 45 22 5
16 42 10 10
21 38 44 38
15 32 20 27
41 33 22 25
11 41 36 20
34 48 19 26
11 42 13 19
29 24 28 29
11 41 39 21
7 47 36 2
23 3 20 0
30 1 46 13
39 39 31 21
30 42 5 19
30 43 20 10
27 42 45 30
7 42 39 6
14 28 48 32
16 40 26 15
7 40 30 0
33 34 26 24
33 47 29 33
12 43 29 27
41 32 25 27
13 44 14 31
12 41 30 35
11 40 20 16
27 46 32 32
33 23 28 26
30 40 40 35
37 47 25 23
8 41 38 13
5 44 26 16
49 34 40 15
10 48 22 3
12 12 17 22
38 40 32 25
33 48 41 10
8 39 21 6
47 28 25 18
46 40 35 9
41 38 22 6
35 43 30 45
36 33 4 3
9 47 35 7
22 3 24 25
19 36 49 10
4 42 18 32
26 34 38 33
45 28 18 13
19 43 48 40
7 34 3 0
32 30 22 15
21 10 44 0
32 47 36 15
29 49 28 24
34 38 46 5
41 35 11 3
31 39 37 14
22 41 13 8
28 14 18 26
38 39 26 20
30 31 39 16
44 35 33 5
36 22 17 37
41 43 37 27
38 34 19 20
7 28 21 10
10 32 24 20
23 8 24 31
23 40 35 22
41 27 45 0
6 30 7 36
9 45 28 2
31 36 19 17
30 41 29 31
35 32 21 15
3 44 49 42
22 41 36 36
35 40 20 22
12 45 40 8
39 24 31 32
46 49 21 19
22 12 11 23
8 48 29 23
25 0 26 24
9 48 37 24
44 27 13 6
36 24 18 28
34 33 37 8
4 41 33 8
35 10 17 29
13 25 20 22
10 49 21 18
41 38 20 26
33 30 12 15
13 44 9 36
20 44 24 22
30 46 9 6
36 35 29 0
12 8 22 3
24 25 27 9
47 45 48 7
35 40 15 30
