50 1110 15932 800
26 12 16 15
25 37 10 35
38 4 35 36
25 25 35 12
30 37 41 38
48 0 22 15
27 10 34 38
40 14 36 43
41 42 16 48
7 9 6 30
37 7 46 15
17 24 33 40
43 9 14 16
20 27 40 33
21 44 35 43
36 13 15 40
15 16 20 44
15 13 28 29
17 27 7 46
43 1 36 1
24 10 36 11
28 19 2 23
18 18 15 12
26 11 14 30
7 11 3 23
15 34 34 41
16 18 14 37
26 14 35 46
7 17 44 23
8 42 28 9
25 4 47 16
8 5 37 41
8 11 20 13
1 13 17 8
5 6 23 13
21 23 21 32
21 32 49 25
39 5 15 37
37 17 35 38
23 26 18 11
49 12 48 25
28 4 39 44
26 26 17 41
22 11 8 46
12 35 18 39
30 29 13 41
13 10 42 29
28 27 12 25
24 21 39 1
6 18 38 35
32 37 26 39
19 46 25 34
24 42 33 1
26 30 35 46
44 15 19 14
8 10 33 40
49 15 9 37
23 2 31 6
12 13 27 10
33 8 37 31
24 30 36 39
20 20 42 19
18 19 6 25
14 17 27 12
30 47 32 21
18 22 11 35
41 15 20 17
38 18 16 12
24 26 42 18
30 49 44 2
49 4 15 31
1 7 7 41
2 47 29 40
18 11 35 26
6 11 37 44
19 30 37 38
36 7 35 44
23 28 40 14
10 13 33 36
10 17 17 12
3 24 46 4
27 6 37 35
34 45 46 6
28 9 20 39
25 9 34 43
6 24 41 22
22 21 16 47
20 42 27 43
46 3 31 42
37 6 28 40
22 31 33 2
34 46 33 31
19 26 45 15
25 27 37 7
49 5 48 24
28 32 26 36
40 13 30 47
48 11 36 2
27 3 21 17
36 17 12 31
18 3 37 16
30 28 34 1
32 38 19 45
2 18 33 41
36 16 28 46
5 1 27 14
35 28 27 33
23 25 13 5
38 7 31 1
19 25 19 45
19 32 35 40
31 10 38 42
28 28 45 13
40 20 39 48
46 10 17 44
46 10 12 2
39 2 37 29
43 14 4 40
9 28 7 36
25 12 21 42
39 0 41 41
41 18 4 29
23 26 20 43
14 28 19 17
46 2 38 8
11 9 34 38
42 8 13 6
49 3 12 26
40 49 33 11
21 46 34 39
1 33 3 47
24 32 45 15
35 15 45 17
10 44 8 28
32 13 20 43
33 31 10 25
34 12 7 27
32 32 14 44
9 38 25 29
34 5 47 21
34 6 48 16
39 41 12 8
27 23 41 12
35 6 13 14
44 4 10 22
7 12 20 15
36 34 19 12
47 12 44 29
27 28 30 44
24 38 25 42
21 23 11 28
30 40 17 25
17 18 38 48
20 33 40 13
41 11 3 20
28 7 31 42
43 48 15 39
27 43 43 14
20 32 6 14
11 16 12 7
13 12 22 39
22 30 17 13
21 21 34 11
38 47 18 15
21 23 13 24
9 38 17 15
16 14 43 11
17 16 37 13
33 20 3 39
41 32 40 20
26 15 47 25
14 35 34 11
40 17 48 11
38 7 34 21
13 17 24 49
4 43 36 40
4 3 8 19
4 18 9 24
30 8 16 42
31 6 21 20
14 15 34 41
8 13 29 8
31 20 34 40
21 35 39 36
27 17 42 11
22 28 27 27
38 37 15 29
17 22 29 43
18 30 49 39
42 40 38 41
28 15 42 9
37 37 43 11
35 10 20 35
9 11 16 41
25 10 48 12
18 39 16 22
46 21 18 37
28 13 20 22
35 13 44 21
11 16 13 36
7 15 17 45
26 49 17 45
27 29 21 41
48 25 36 41
40 19 17 36
31 23 20 28
36 1 34 34
31 17 48 21
23 18 43 16
42 16 39 41
40 2 39 48
42 13 28 2
15 29 22 30
46 46 12 36
30 42 44 8
9 11 33 34
10 15 47 1
22 32 31 47
38 3 38 28
10 47 42 40
6 41 36 39
20 31 47 19
22 25 20 11
11 11 41 8
47 16 29 42
33 5 36 47
41 43 48 14
17 10 13 31
49 7 42 4
42 14 20 11
18 9 13 36
26 5 17 19
42 5 10 26
17 9 25 39
39 12 29 41
10 14 9 30
34 15 8 2
45 4 40 47
17 18 16 34
18 47 46 20
0 25 11 36
20 25 19 7
40 18 12 26
33 23 37 41
15 48 39 41
23 6 36 38
34 10 9 28
18 21 12 2
22 23 6 17
4 21 35 19
30 7 35 15
35 2 17 20
26 3 11 23
17 21 3 37
12 8 22 49
8 7 33 38
27 21 18 8
10 41 31 44
11 7 21 47
48 4 29 12
32 22 21 6
14 10 11 33
8 44 29 5
33 11 20 40
33 48 35 39
5 12 36 44
42 8 18 32
25 12 13 28
41 12 36 40
26 48 34 39
22 25 18 38
40 0 28 35
35 17 39 37
37 11 21 8
22 21 11 35
45 19 40 7
28 37 23 48
45 5 36 39
31 20 37 39
2 16 33 42
16 14 7 35
37 0 36 40
45 20 21 9
45 21 41 32
35 4 13 27
40 33 19 30
31 6 18 8
36 1 31 5
42 3 15 29
13 28 38 37
42 3 38 39
35 44 13 49
49 7 23 48
23 27 18 19
33 5 19 42
10 25 42 16
14 39 20 13
34 12 47 30
20 41 34 38
37 44 8 26
37 33 21 43
11 12 14 15
42 42 46 48
27 43 48 43
19 35 8 47
2 15 31 42
34 20 33 39
6 17 34 42
32 2 42 7
27 25 30 40
9 39 10 28
44 19 31 26
22 38 39 43
37 24 42 41
31 36 49 14
20 26 33 42
36 9 14 16
30 40 45 11
39 2 27 4
44 5 30 11
32 15 34 47
20 15 30 18
8 15 16 10
19 39 27 20
42 0 22 34
41 24 36 43
11 42 9 39
17 27 23 45
38 11 31 22
43 32 11 21
8 13 48 23
26 18 5 38
26 22 26 38
0 14 22 11
15 16 28 40
24 43 32 41
21 43 37 41
25 1 33 44
33 20 19 14
39 42 49 11
27 28 28 46
41 16 32 42
3 14 36 45
12 13 33 40
25 21 9 33
45 17 21 48
33 11 37 39
17 11 28 45
33 13 18 30
16 16 33 16
2 7 10 30
20 30 41 11
39 39 21 10
22 6 30 45
29 7 23 14
31 5 25 37
10 48 37 22
2 32 27 2
39 4 29 43
38 17 17 14
7 27 5 30
39 11 20 47
18 49 46 8
30 48 26 18
9 18 32 43
1 40 25 49
33 9 35 42
12 17 23 38
37 46 22 9
39 14 40 30
24 28 30 17
18 22 22 9
40 28 37 40
48 21 35 43
2 7 22 45
0 0 47 30
2 9 15 49
39 5 16 20
8 12 42 18
44 9 42 14
28 46 7 31
44 22 40 43
38 17 6 30
19 21 11 32
23 34 31 12
30 26 9 33
16 7 40 33
37 5 28 46
25 32 48 23
19 26 34 39
31 7 46 18
13 20 14 27
27 38 42 13
25 39 36 20
32 20 36 41
45 26 7 27
18 27 30 35
27 18 29 46
8 12 8 30
32 48 31 31
45 14 9 13
10 40 29 45
5 7 16 35
44 8 34 32
42 21 23 14
11 21 32 18
13 12 15 42
41 5 13 14
32 36 26 48
27 46 33 18
16 38 35 43
42 7 30 43
46 6 35 39
29 31 29 42
20 31 13 39
23 32 16 14
14 17 37 3
3 3 38 40
19 18 36 49
33 26 37 39
45 6 15 32
7 23 18 15
40 5 13 15
21 24 31 45
10 24 38 26
28 31 2 42
28 1 36 19
46 15 34 41
36 45 23 19
33 39 4 42
24 45 44 41
25 28 32 44
31 30 24 14
28 32 24 45
30 43 39 49
28 34 39 41
42 11 47 17
12 10 13 23
46 31 14 46
26 36 37 47
29 48 34 39
24 23 41 7
23 27 35 37
18 41 34 42
15 32 6 26
1 12 44 19
22 31 36 11
37 45 23 13
25 25 46 8
15 26 3 31
34 13 40 5
43 22 37 36
40 2 43 27
20 26 25 46
15 14 21 45
29 11 13 49
23 21 44 37
44 2 27 9
42 22 33 34
20 22 36 41
38 2 17 48
9 17 47 47
35 32 16 30
6 27 39 42
39 8 27 39
40 5 22 41
17 33 18 10
23 34 20 47
12 22 29 42
33 18 12 33
38 3 35 43
35 12 48 36
9 10 49 10
27 17 17 6
48 0 17 12
26 1 36 19
20 11 25 43
31 3 26 19
30 2 35 37
13 11 32 12
49 6 25 14
24 48 33 40
20 22 22 34
46 2 15 15
36 12 25 7
14 13 47 15
41 3 28 38
20 47 17 35
27 40 30 46
34 26 33 37
37 7 45 9
33 6 14 26
49 17 22 31
35 2 40 23
26 14 41 48
26 24 46 3
29 3 31 41
28 27 7 27
20 34 10 35
33 0 14 28
9 32 30 15
11 18 38 30
42 19 15 44
25 11 38 3
43 4 47 21
11 17 33 40
21 28 31 40
18 21 34 39
42 23 33 44
29 33 31 41
10 47 40 17
21 23 29 14
18 49 41 18
12 7 28 42
41 10 42 15
37 14 11 26
38 9 42 8
34 13 40 6
49 15 9 40
12 6 44 19
7 12 42 20
1 20 30 44
26 21 15 23
26 19 6 36
28 32 22 19
16 21 42 21
43 15 33 46
19 2 35 38
10 19 13 10
28 28 20 21
19 22 21 41
26 26 48 13
36 9 45 7
18 22 7 38
36 6 19 12
21 28 8 34
37 1 10 27
43 3 26 17
34 29 28 41
19 23 43 20
3 7 25 47
18 7 2 30
29 19 25 24
29 17 36 25
35 10 46 15
38 9 49 6
33 5 42 38
39 18 2 40
18 34 20 45
25 49 27 7
29 41 22 6
11 2 38 21
23 35 23 11
39 7 48 19
34 8 35 2
12 16 23 11
32 28 39 26
39 12 16 29
19 16 14 43
35 6 18 11
32 32 31 43
20 20 42 36
24 4 38 22
42 9 6 48
11 10 16 29
37 8 35 13
40 8 49 18
33 9 25 4
45 19 4 30
33 11 27 41
22 15 38 26
10 11 45 22
27 22 16 29
39 14 33 43
16 25 38 10
12 36 38 42
17 27 40 38
19 42 34 44
25 29 44 18
24 15 36 45
33 18 30 38
40 17 27 48
27 27 46 4
2 26 21 14
37 15 34 38
21 17 37 17
38 46 37 5
42 1 46 17
26 8 31 35
20 24 35 44
41 18 5 29
37 10 20 9
39 1 19 12
42 4 30 44
42 17 30 15
45 15 25 17
5 29 18 25
8 16 31 38
22 47 14 39
4 17 44 42
36 8 12 34
17 9 45 18
14 5 35 0
24 25 36 37
37 0 30 46
16 44 9 45
21 23 34 41
39 1 38 32
0 49 48 46
28 14 29 7
47 21 39 42
8 8 39 41
47 6 13 43
18 4 13 26
38 41 24 14
36 25 46 16
41 4 39 41
20 35 18 41
22 27 37 33
12 7 22 38
41 30 23 13
31 5 37 35
42 12 24 14
48 0 38 42
23 26 12 33
10 15 19 45
19 24 36 41
18 37 38 21
47 11 29 20
22 28 48 1
15 16 37 42
23 23 19 19
5 12 19 48
46 1 36 40
12 4 23 41
4 6 33 31
4 12 42 12
7 21 17 33
29 10 35 46
11 30 13 3
20 31 13 49
9 5 33 46
20 32 16 37
19 44 10 32
5 33 40 12
18 24 18 14
23 24 20 34
37 7 36 44
6 13 40 31
40 9 49 14
27 37 11 29
37 6 31 39
20 39 40 20
41 15 26 13
29 10 43 43
22 42 7 23
36 14 30 39
44 5 19 42
13 48 34 40
17 7 36 39
39 1 21 42
47 11 8 27
18 24 46 19
36 28 26 18
26 20 21 19
32 3 31 43
42 5 40 45
4 0 32 9
31 2 20 45
17 25 8 31
6 13 46 19
8 23 12 25
37 17 33 9
18 19 43 42
27 25 27 39
31 0 23 4
47 22 21 1
30 9 36 49
34 29 21 19
32 12 17 18
12 9 19 23
31 5 39 12
32 31 12 1
19 35 34 15
1 47 8 26
37 11 16 20
19 25 9 45
46 3 26 33
20 38 7 37
19 8 10 38
19 17 44 15
45 15 26 32
46 5 37 22
25 36 35 46
13 12 29 42
38 2 37 46
3 37 29 11
30 48 41 43
38 2 34 45
4 24 30 29
13 7 32 37
34 33 21 16
22 24 26 49
26 26 49 7
19 24 13 38
29 42 40 8
29 16 22 19
5 29 21 46
34 30 27 46
20 27 39 43
29 48 1 30
39 8 27 37
40 8 9 18
22 22 25 45
28 48 34 44
30 20 11 29
13 31 32 41
13 14 35 31
47 5 45 20
19 8 34 34
5 5 23 41
28 4 23 23
23 45 29 39
13 16 32 24
23 27 36 45
46 16 44 34
20 45 40 15
36 20 21 34
26 25 18 12
35 6 27 47
28 28 20 2
42 14 17 15
44 1 14 19
33 38 26 16
17 24 12 46
12 36 8 35
22 28 36 37
24 21 12 31
29 4 38 39
28 37 32 31
36 8 49 15
41 7 8 30
41 6 34 44
44 3 35 44
20 22 36 40
13 9 4 12
15 30 14 9
14 12 9 37
33 0 37 39
11 14 20 42
11 7 44 13
0 27 8 33
33 9 35 40
22 20 46 42
25 20 20 46
30 39 27 21
33 45 41 26
38 15 40 44
35 13 48 14
41 9 36 42
37 12 35 16
35 0 12 35
2 9 13 33
25 26 26 33
19 10 49 6
30 22 34 40
25 22 11 29
41 28 14 9
42 8 26 43
4 3 29 3
24 9 46 12
28 32 33 41
30 3 48 13
21 30 32 46
44 28 41 34
42 12 16 31
38 23 32 3
42 12 19 41
30 16 14 27
21 22 22 39
28 5 39 42
17 23 40 6
40 21 18 48
30 12 33 44
34 0 32 46
30 26 19 15
23 30 22 11
19 22 44 3
28 21 33 26
43 1 18 14
35 48 11 44
36 12 21 40
18 31 33 42
27 28 29 46
13 4 15 44
19 20 20 37
21 26 19 44
41 17 29 8
35 38 14 46
27 36 38 37
21 28 46 23
37 7 39 40
8 14 12 24
9 8 39 45
36 32 16 12
27 1 17 20
24 4 31 23
30 14 28 46
19 22 27 44
35 9 20 1
5 15 40 21
40 4 36 43
42 37 29 34
29 39 45 12
30 3 26 43
17 34 26 25
32 6 26 14
35 23 35 38
30 46 38 44
42 15 14 48
20 26 40 40
45 15 12 20
28 45 21 28
17 23 28 43
30 47 41 10
49 19 35 40
24 30 42 7
28 28 48 34
22 35 21 12
40 7 8 49
2 46 14 30
39 1 17 24
45 16 16 39
25 40 22 28
44 46 31 12
5 13 42 14
40 15 35 44
28 38 24 33
45 17 41 6
41 8 35 38
6 27 31 6
18 22 10 38
37 6 37 39
38 1 34 42
41 7 17 38
10 19 38 49
4 14 34 38
21 27 22 41
40 7 24 14
33 16 23 33
23 35 29 6
44 13 34 48
28 7 11 8
43 10 16 43
24 23 47 43
39 8 24 4
1 37 23 34
36 10 17 15
32 6 24 8
7 3 37 17
39 1 10 33
40 25 11 22
26 27 35 38
42 3 20 41
37 24 32 48
43 6 43 32
47 0 20 38
45 12 43 18
25 21 36 4
30 19 3 34
38 16 20 15
42 15 24 43
46 11 20 46
34 2 49 15
7 16 36 17
2 14 5 37
12 6 8 33
35 7 32 40
21 24 33 46
30 30 17 5
22 30 48 14
27 31 49 19
21 13 19 17
25 16 6 31
22 25 49 16
24 25 18 30
15 44 19 16
41 47 43 26
8 18 28 38
21 22 35 2
22 25 20 17
26 2 48 4
41 11 27 6
7 6 28 21
20 30 37 41
13 42 42 6
17 25 41 8
22 28 31 43
4 20 19 12
20 29 3 30
41 27 14 9
17 25 25 33
45 14 33 33
20 35 27 42
43 2 17 27
26 7 45 6
38 2 2 43
22 28 17 33
28 18 49 32
46 11 38 29
24 24 45 32
32 36 26 48
26 46 22 48
37 30 22 38
29 27 11 27
29 44 18 29
23 25 35 39
7 17 35 41
30 37 40 21
17 44 32 40
21 32 29 34
31 32 22 41
23 41 27 30
47 19 14 7
10 14 17 16
19 26 45 12
20 34 26 15
30 35 38 41
24 6 35 41
44 5 16 11
9 29 33 25
5 13 7 22
41 18 22 45
41 10 31 45
8 10 35 37
9 48 47 35
40 12 49 18
15 7 10 11
46 13 30 39
14 14 35 3
7 2 36 40
0 3 34 43
9 9 33 39
8 28 40 21
18 16 21 45
25 46 29 48
5 38 27 34
40 20 40 44
22 30 34 45
10 13 30 43
39 38 33 46
36 8 38 39
44 31 25 16
5 13 39 40
33 4 34 45
43 41 31 27
30 25 35 41
8 5 7 38
10 6 26 43
36 32 46 21
2 45 8 20
47 5 30 1
46 1 17 40
8 3 40 14
15 29 29 46
27 26 43 16
19 29 30 43
4 7 36 1
20 15 14 35
29 49 13 46
5 12 14 37
25 30 47 13
42 13 18 11
2 5 30 33
11 12 24 11
34 35 21 9
12 12 15 10
27 0 47 23
39 2 33 11
22 26 18 42
25 24 42 48
28 27 18 46
20 31 11 37
29 30 36 33
32 34 46 40
37 19 49 22
19 22 13 47
9 35 42 35
24 0 29 45
39 8 40 45
16 27 20 29
33 8 39 13
34 14 45 20
26 17 48 14
31 16 16 18
30 37 8 28
20 31 27 7
21 25 41 12
33 9 27 20
45 10 37 28
25 26 36 25
12 34 36 6
6 4 26 42
38 7 46 9
31 26 18 15
34 30 9 32
39 21 37 43
23 29 17 43
2 13 33 9
29 5 30 34
12 11 13 29
9 7 36 31
25 39 49 16
17 8 48 34
28 49 39 10
5 47 18 43
12 34 40 10
37 10 9 29
19 10 42 15
47 22 15 27
29 10 40 29
15 34 35 47
21 27 36 47
34 3 49 15
8 14 48 15
13 12 21 44
38 15 40 43
36 5 18 19
16 34 37 40
22 12 41 17
6 10 41 6
20 20 27 2
48 15 14 26
11 13 22 46
25 49 16 41
42 9 41 28
21 25 8 34
30 4 14 35
26 24 38 3
27 9 39 7
32 19 22 5
28 8 12 48
23 22 12 27
17 19 25 49
23 4 40 8
15 24 37 9
2 30 29 12
15 10 17 44
34 16 22 37
37 42 40 39
22 16 49 9
27 22 33 28
40 1 22 39
37 32 30 38
27 27 33 49
41 32 29 42
41 16 35 43
22 33 31 34
29 9 39 48
13 20 44 16
14 20 17 37
18 39 38 32
28 5 41 19
49 0 32 40
20 25 36 43
39 2 20 16
41 10 32 45
34 6 9 25
9 19 39 18
14 13 45 31
22 41 25 9
35 15 45 44
15 23 33 36
28 40 2 23
9 26 33 42
18 6 15 29
27 22 21 7
22 16 17 13
48 14 48 21
37 18 6 27
10 6 39 11
29 33 48 14
15 43 34 48
29 30 34 32
31 5 6 36
12 22 24 10
28 10 37 21
43 13 2 28
18 39 6 27
19 7 21 25
28 15 39 42
15 41 43 4
19 25 18 36
33 21 20 28
11 16 33 41
24 25 43 19
34 11 8 34
23 10 18 47
25 37 41 5
23 13 19 49
32 27 6 48
41 2 15 12
20 45 21 11
25 31 43 5
26 39 13 37
36 41 12 31
15 38 36 38
39 30 42 10
24 18 40 17
35 7 38 45
