50 58 18716 800
49 13 25 43
29 35 16 44
20 18 17 47
30 30 45 33
2 27 32 40
9 24 36 4
1 26 34 30
46 13 27 39
19 24 41 26
10 26 4 47
28 49 43 37
42 7 17 8
0 26 22 15
37 27 40 33
23 2 35 4
35 20 23 36
15 10 49 40
39 8 48 11
14 22 39 43
25 34 30 39
4 18 33 29
45 3 40 41
15 24 31 20
5 13 33 33
3 29 49 34
17 27 46 41
48 19 32 5
22 42 40 39
36 5 29 43
19 8 13 41
4 23 49 18
42 4 28 43
39 27 47 35
23 5 37 6
23 30 10 41
47 38 39 9
12 32 29 36
15 31 31 7
1 19 43 45
8 28 20 14
8 35 39 7
37 6 25 36
22 12 34 33
6 12 47 35
10 18 22 35
28 24 25 19
6 22 19 42
9 25 15 24
40 41 36 7
11 28 15 9
45 21 34 8
8 48 5 34
8 25 33 9
42 49 11 8
9 22 47 30
20 30 47 31
28 21 27 46
31 25 16 49
