50 170 14870 800
10 28 21 26
22 21 41 4
48 15 17 38
37 21 36 14
42 17 35 42
44 38 31 48
29 19 26 45
36 4 48 14
31 21 6 32
20 27 3 27
30 20 40 2
35 8 22 40
30 34 46 12
49 49 30 4
46 47 16 31
32 22 7 15
48 11 29 42
40 12 45 9
46 32 4 30
48 17 34 4
9 29 2 28
29 17 0 47
36 26 36 36
43 2 9 10
34 25 39 6
42 36 35 29
38 14 4 39
27 15 20 11
44 48 19 47
29 8 41 11
11 28 35 46
28 14 26 8
45 9 45 18
33 3 17 17
8 31 35 48
37 40 18 47
43 1 4 31
35 12 14 16
9 31 26 43
10 28 30 13
9 26 13 8
31 15 34 0
48 35 29 40
44 16 7 44
37 10 4 24
23 24 47 8
8 29 30 17
39 13 14 12
38 26 3 41
38 39 25 13
38 11 23 47
5 29 46 4
37 45 45 9
36 20 8 13
47 35 2 35
33 15 8 5
43 38 11 42
22 22 23 47
12 26 1 27
6 29 30 43
29 17 13 15
39 19 33 4
10 27 32 47
12 31 20 16
31 13 46 3
44 40 38 15
7 31 36 8
29 26 40 2
39 49 43 2
48 27 26 31
34 2 19 22
44 37 41 3
48 27 40 6
40 6 25 43
10 26 4 31
31 26 36 1
35 45 13 48
30 7 47 12
11 25 3 19
38 46 11 26
46 14 24 41
34 8 47 2
11 27 35 45
31 15 42 0
12 29 28 43
41 11 34 35
47 29 38 44
8 25 2 17
48 33 35 13
34 14 1 7
35 31 26 40
41 33 38 0
17 12 48 6
44 13 38 44
29 21 7 1
49 12 36 2
44 45 38 1
11 32 48 4
32 18 15 39
45 17 18 29
31 24 36 35
32 18 44 0
44 27 43 14
41 19 17 19
30 21 25 46
9 29 37 10
42 46 43 10
44 42 49 1
31 8 45 6
10 27 34 37
33 10 12 11
36 42 37 6
34 24 12 26
34 9 39 24
23 36 10 21
22 10 17 21
41 23 5 23
49 29 12 17
35 16 41 0
47 32 3 6
7 29 47 10
49 18 34 1
39 33 20 40
37 32 47 3
43 27 22 11
32 5 18 10
35 16 32 33
12 27 33 13
46 34 40 3
41 38 9 28
8 28 17 40
9 28 20 25
34 20 3 20
45 28 44 8
37 4 22 3
30 10 44 5
38 8 1 43
42 12 0 31
36 1 27 28
34 17 30 10
39 21 39 11
7 28 45 4
5 29 12 32
10 31 10 8
25 9 15 16
46 15 37 7
46 49 18 2
7 31 33 49
22 5 48 0
34 19 8 29
25 13 7 4
6 29 21 35
24 12 5 39
9 29 34 10
9 31 14 3
35 17 19 1
10 25 18 5
29 27 5 33
47 7 1 22
30 4 35 0
12 26 46 14
42 45 13 0
45 13 0 0
30 3 25 34
38 11 24 45
38 17 1 1
39 8 43 5
46 28 36 0
6 32 5 11
40 22 37 15
