50 136 12029 800
34 36 39 12
25 41 48 20
10 46 48 24
34 28 5 11
43 29 30 36
27 43 32 6
24 36 36 48
10 47 40 24
15 34 5 33
10 30 28 44
17 44 48 48
7 35 37 14
30 38 43 12
5 14 28 38
36 13 44 40
7 32 2 10
19 36 19 5
2 22 33 39
33 39 31 45
13 37 27 36
24 32 29 40
27 13 25 37
44 32 15 44
12 41 32 35
20 33 14 0
29 42 43 42
37 43 12 48
47 45 15 40
13 15 22 45
21 40 37 26
4 20 49 10
45 45 40 37
17 39 36 22
15 38 22 46
39 27 21 9
21 46 12 1
25 40 48 16
18 24 28 34
25 45 43 14
11 30 24 47
24 38 10 41
7 33 42 29
17 39 29 44
18 27 5 2
8 38 8 1
23 37 13 1
13 43 32 35
4 28 39 43
41 43 16 4
49 14 13 1
40 12 28 35
15 38 29 27
31 42 37 41
20 18 23 41
19 29 34 41
11 26 32 23
9 32 9 37
41 12 25 11
39 29 8 2
40 1 30 47
46 16 39 4
48 38 19 18
35 39 34 24
20 33 15 9
15 36 21 46
16 32 33 46
7 34 19 3
42 39 25 34
13 28 5 42
27 31 24 1
37 33 45 42
33 36 46 30
26 36 41 13
9 22 9 11
48 29 25 45
10 28 43 15
14 30 48 17
31 45 8 3
42 4 45 10
12 49 47 46
27 46 5 1
48 25 15 45
15 28 22 9
19 22 38 46
40 43 24 35
22 40 28 46
2 35 42 21
12 34 34 46
25 46 10 4
8 38 3 6
33 25 10 10
48 20 25 18
36 29 49 12
33 36 44 10
38 10 42 19
21 41 12 4
1 18 49 16
8 48 44 15
34 10 19 31
17 34 2 7
18 40 35 23
0 9 26 34
47 27 32 36
11 40 34 15
0 4 38 2
14 49 6 41
20 37 1 21
22 29 38 24
36 42 45 22
34 49 20 36
37 5 33 32
33 12 29 34
47 8 33 46
20 38 22 42
33 4 39 39
37 42 21 13
25 28 8 27
13 49 48 23
2 26 27 49
32 44 20 22
31 44 18 45
33 43 7 20
42 37 14 30
13 47 40 49
40 20 36 40
12 28 37 42
14 48 46 31
13 30 32 36
5 28 43 49
43 39 31 32
17 33 48 45
33 35 22 44
20 22 8 7
13 40 8 1
15 23 13 1
45 47 11 27
