50 130 12184 800
46 42 9 47
33 3 8 11
22 38 7 19
22 43 29 40
22 36 45 15
20 49 14 28
15 22 36 43
26 31 6 7
31 13 20 21
14 19 3 17
34 47 47 16
18 19 4 17
5 16 16 24
44 43 14 18
23 43 41 10
28 41 41 45
37 12 10 40
10 19 44 37
7 20 27 37
6 22 22 24
28 46 40 37
24 42 46 36
37 14 11 29
33 23 25 30
20 36 33 33
26 42 26 36
10 22 17 20
25 46 35 31
12 22 39 4
25 18 17 40
47 44 3 42
29 43 37 41
24 18 13 36
47 25 12 29
31 36 3 12
9 19 29 48
2 6 28 32
11 19 24 32
26 37 13 32
9 18 46 40
30 26 24 24
17 30 32 49
40 43 25 47
31 15 24 42
23 49 32 45
43 11 31 10
42 48 45 31
23 43 40 47
14 26 17 8
3 26 8 21
22 32 12 19
8 18 8 31
26 44 11 17
1 15 0 36
39 5 26 1
18 47 0 37
20 39 46 47
25 49 36 42
20 49 12 3
10 14 7 12
23 37 3 1
10 4 25 19
9 18 45 2
11 15 43 8
19 21 37 3
11 21 17 42
26 41 12 35
25 35 14 37
8 14 25 35
23 42 27 21
30 4 25 43
10 23 43 35
14 11 38 28
18 12 40 27
22 46 6 24
11 18 44 43
19 25 28 45
2 14 10 38
23 24 6 29
13 20 13 10
10 22 17 11
14 6 26 40
46 47 27 28
42 37 35 18
28 43 9 7
12 33 37 40
18 16 41 8
41 47 36 23
13 21 27 29
45 8 11 29
24 48 18 47
18 29 16 49
45 48 39 35
12 21 11 16
20 3 10 5
20 39 29 40
39 31 25 33
22 45 32 38
49 9 5 21
35 20 34 32
19 23 42 1
9 19 30 39
24 38 24 23
20 21 24 33
42 12 26 34
12 23 39 3
14 23 13 36
21 40 12 27
11 18 17 15
21 41 12 31
18 18 14 6
37 5 37 44
11 19 45 43
13 20 21 19
5 20 36 32
29 46 16 26
30 15 24 29
24 39 5 35
19 42 7 19
22 14 5 24
45 18 27 38
25 41 3 21
32 40 45 37
27 45 28 20
30 8 10 28
41 26 42 2
18 39 12 23
20 39 34 29
5 19 37 34
26 41 10 21
