50 384 18917 800
47 4 30 32
24 42 19 47
38 6 0 14
44 12 26 29
47 12 27 48
46 19 21 40
13 26 27 33
41 0 26 47
47 13 31 37
18 42 25 48
5 39 34 33
14 31 18 3
29 26 42 38
45 24 18 2
2 32 6 11
38 36 30 40
44 8 27 40
17 31 35 38
43 5 13 11
42 0 21 2
26 28 42 38
24 37 17 0
28 17 23 45
40 7 17 3
22 0 35 43
45 7 29 35
46 42 38 23
45 2 30 40
12 32 33 38
34 13 28 33
46 4 24 39
25 33 8 44
23 14 35 20
20 1 16 37
48 33 16 38
14 47 25 17
8 34 25 36
43 9 36 20
8 31 11 22
4 13 23 0
12 32 18 1
45 4 26 38
29 16 32 33
47 14 35 36
30 17 40 35
46 9 25 2
10 15 18 3
47 22 31 31
34 16 6 11
19 2 20 36
7 48 26 46
2 30 28 36
44 12 22 45
25 34 36 34
30 25 22 46
44 17 12 1
38 27 30 41
19 3 10 37
17 0 24 43
45 33 18 7
46 1 24 7
32 27 25 36
17 3 42 18
48 39 22 48
39 2 17 0
31 34 17 0
11 25 26 47
27 15 39 38
44 21 21 38
34 4 17 6
36 44 10 46
32 19 33 43
41 15 18 2
15 21 10 21
8 21 29 33
39 1 27 47
12 39 23 39
1 45 33 33
45 19 19 3
26 36 31 33
18 0 34 44
45 22 15 43
3 42 16 27
35 34 29 46
48 11 15 0
16 34 23 45
46 14 30 36
44 15 33 43
21 43 37 32
41 15 36 37
42 4 39 38
20 0 24 46
44 8 20 0
39 34 23 35
29 38 22 43
46 6 37 33
47 16 16 2
38 33 43 30
16 5 33 19
47 5 19 31
30 37 38 47
17 1 23 2
12 16 12 0
4 43 16 1
12 14 26 42
37 18 21 49
23 36 13 2
46 22 21 4
22 1 47 14
46 10 20 44
26 33 16 1
42 15 28 28
12 14 14 2
14 32 22 7
19 1 35 35
47 18 2 5
49 6 31 34
47 1 17 13
47 19 22 33
11 39 31 31
17 5 37 29
11 15 6 22
2 22 17 0
2 42 2 31
46 40 17 27
47 11 8 41
13 19 25 36
29 34 31 16
43 4 26 23
13 14 30 41
19 0 24 37
2 44 15 37
44 6 14 38
12 18 14 3
21 44 4 29
31 20 12 34
14 1 16 19
8 37 18 2
43 18 22 0
26 37 34 37
8 40 34 22
19 33 40 31
40 12 18 4
45 14 31 32
46 16 19 5
17 4 26 25
46 41 20 41
40 7 29 44
19 2 31 38
28 15 37 35
35 44 16 46
9 6 21 45
43 25 35 35
17 1 32 32
46 11 18 2
16 3 19 1
48 36 19 44
43 29 33 35
28 32 10 14
46 9 13 40
30 38 38 38
32 36 29 39
18 1 37 34
37 23 38 38
39 34 14 4
27 18 30 34
26 45 22 31
17 46 42 41
3 44 18 46
16 0 33 36
32 20 23 45
48 20 14 3
38 21 25 5
40 4 47 32
13 39 14 28
42 10 20 1
37 41 8 0
48 20 25 43
37 25 21 40
47 17 6 17
16 42 23 45
20 16 23 41
5 29 34 32
2 46 17 7
9 15 38 39
36 15 21 47
47 9 18 2
37 16 22 0
12 36 26 37
49 7 33 31
9 44 9 30
18 0 11 21
26 34 21 27
47 37 16 36
13 31 20 5
1 43 44 36
48 4 22 32
16 3 19 8
31 15 31 30
10 30 11 17
45 11 38 17
25 15 21 6
13 27 31 25
43 4 26 39
29 10 10 39
26 23 19 38
19 2 39 33
45 17 21 41
48 38 27 32
45 16 19 1
26 22 27 34
48 13 19 5
23 2 35 34
20 38 2 14
3 38 12 18
47 4 7 28
5 37 15 3
47 8 19 3
33 30 18 4
27 22 22 4
12 29 19 46
17 4 22 44
44 8 21 42
19 5 12 5
6 38 19 2
15 46 35 41
6 24 36 36
13 18 21 7
46 16 37 34
47 13 30 34
7 37 30 35
47 9 23 2
41 20 25 47
40 6 29 33
41 19 17 44
17 32 12 4
36 15 24 27
11 44 35 28
8 40 35 38
6 31 19 3
49 44 29 30
29 19 14 4
19 0 35 20
43 5 26 32
20 2 35 40
48 21 37 32
49 3 18 35
20 4 33 43
46 22 31 22
42 4 37 31
40 6 18 42
0 31 18 5
40 11 6 24
28 21 1 0
3 48 26 11
7 28 18 4
21 44 6 36
39 6 25 37
40 3 28 32
19 37 20 46
14 39 31 48
28 24 17 7
38 10 19 42
19 1 17 39
21 31 29 30
8 14 20 46
44 1 20 45
13 31 34 35
30 15 20 4
39 36 26 46
16 29 21 2
47 18 25 25
9 16 34 35
47 3 20 0
7 38 22 42
9 19 35 38
49 2 25 17
43 24 22 7
46 11 17 18
43 4 18 47
40 3 34 35
46 9 23 3
2 39 47 9
9 28 19 1
10 18 35 32
14 42 21 41
22 31 27 32
49 41 19 4
49 10 40 41
49 12 16 1
46 14 18 39
14 4 32 37
10 27 17 4
42 11 17 1
15 17 22 43
6 17 21 2
9 38 35 30
4 35 18 1
49 6 30 43
11 43 17 4
27 24 39 30
9 49 21 46
19 29 24 32
13 34 20 27
23 4 26 43
20 3 28 27
28 28 21 5
11 38 19 2
13 49 32 18
41 19 20 1
1 43 33 35
2 35 41 22
27 22 10 23
43 5 18 30
45 17 7 17
28 14 22 3
18 21 22 1
37 24 21 31
24 1 33 42
47 5 32 41
37 25 18 0
27 34 21 0
45 10 26 37
40 8 29 37
48 15 35 25
37 31 38 41
45 11 20 0
0 37 32 29
19 32 33 32
47 19 25 31
11 20 31 31
7 15 33 32
12 44 1 25
20 18 17 34
6 42 30 35
13 18 16 0
42 12 21 3
11 19 7 10
27 18 17 37
41 42 21 35
31 33 12 9
26 17 32 37
46 10 36 27
14 15 24 46
18 32 20 1
18 17 37 31
47 12 31 31
19 4 29 16
17 1 24 23
1 43 29 37
34 30 13 5
24 36 16 4
22 0 25 41
23 14 37 35
27 35 20 44
36 46 19 5
16 31 22 31
25 8 15 2
1 34 20 36
11 16 31 40
42 10 24 47
21 32 18 8
28 17 14 24
42 35 19 46
15 30 39 33
9 45 12 16
47 12 15 2
14 14 21 1
16 0 46 26
48 3 38 23
40 9 37 40
26 31 32 38
1 25 13 21
46 40 23 33
2 17 35 46
26 21 31 37
13 29 17 4
16 7 17 3
45 34 16 3
20 42 26 32
32 13 20 0
39 22 22 26
48 6 26 23
31 34 26 43
