50 155 17442 800
20 3 14 10
14 13 7 4
7 25 5 8
36 18 21 35
38 35 27 13
18 30 26 33
42 10 9 15
24 11 36 33
40 11 43 42
30 23 21 33
8 13 10 17
44 7 30 11
33 45 42 26
13 16 34 37
22 14 39 41
42 18 10 32
10 34 44 29
30 13 38 31
41 29 1 29
7 41 3 31
35 28 18 19
35 19 3 27
40 15 20 43
24 21 37 34
36 45 36 34
44 38 3 25
37 16 6 34
42 19 6 6
31 31 7 35
12 32 37 28
25 16 9 22
43 40 9 21
35 23 4 40
42 17 43 30
48 42 1 13
14 21 42 25
36 27 39 33
37 18 22 21
4 20 17 34
43 38 15 10
38 27 34 30
27 24 2 5
36 20 31 13
44 48 28 30
31 16 10 33
38 23 33 35
5 11 37 42
14 26 9 39
12 19 5 30
25 25 36 39
25 18 20 30
15 35 27 32
38 33 38 42
22 34 41 34
2 15 22 11
22 0 40 29
16 2 1 37
35 16 12 28
33 30 42 38
46 26 17 25
13 18 19 27
11 32 38 35
3 17 12 36
22 5 34 40
36 30 47 11
39 28 42 43
39 35 24 25
38 22 6 38
0 25 36 14
44 40 13 26
43 21 43 46
4 33 41 42
2 44 20 36
36 12 32 36
4 23 37 37
11 15 20 6
11 12 21 13
37 11 17 32
32 48 38 43
43 26 34 38
33 37 35 34
41 36 44 22
24 27 42 35
10 20 33 20
37 16 12 46
34 27 9 29
8 22 17 11
41 22 16 35
43 23 36 35
36 22 14 33
10 37 2 5
14 32 19 15
37 44 41 33
20 12 45 36
39 42 19 29
24 0 15 32
8 15 37 40
45 35 12 37
43 48 40 40
14 31 33 35
44 25 34 20
39 21 36 41
41 27 38 29
39 20 10 35
39 21 38 31
41 1 39 39
35 22 22 33
9 4 38 38
14 16 14 5
21 34 31 34
34 11 9 13
35 23 34 37
28 24 24 37
40 17 37 37
3 18 8 33
33 15 20 37
22 9 19 27
26 10 26 22
7 34 13 29
32 25 27 26
13 31 18 48
25 10 14 2
7 30 21 12
9 41 15 17
35 21 5 16
35 26 18 21
40 42 21 28
31 27 1 22
38 19 27 34
44 15 33 33
7 32 8 22
44 45 13 7
34 3 11 16
16 30 30 34
25 8 19 29
8 15 34 12
5 23 45 28
28 46 36 23
5 33 20 5
12 22 13 34
33 19 39 36
31 28 40 33
6 26 42 49
27 26 21 29
33 27 27 33
27 6 40 32
19 32 15 33
19 26 32 42
37 12 15 35
8 15 8 24
17 33 7 3
40 30 25 12
46 19 16 38
26 27 14 28
16 19 46 40
