50 782 19200 800
24 24 42 2
27 34 40 22
15 34 12 11
21 14 17 20
10 20 39 16
15 35 35 22
11 1 10 46
26 43 7 27
29 37 38 19
38 15 40 29
12 5 42 31
28 42 49 45
20 24 45 13
24 44 45 19
47 22 25 41
21 14 28 17
26 20 36 38
39 22 23 19
30 10 20 28
12 21 17 11
17 21 36 28
16 35 45 46
41 35 9 32
14 25 41 7
15 15 14 28
20 22 0 31
14 15 48 17
15 27 49 26
45 20 23 44
12 25 31 36
34 40 24 23
35 18 14 14
44 33 9 28
3 19 34 27
1 38 14 38
14 12 44 24
12 1 37 11
35 22 24 35
30 39 34 34
15 20 4 5
11 31 37 8
25 24 17 19
21 27 44 5
20 23 15 36
40 31 41 3
17 26 39 49
8 15 42 5
14 15 20 10
26 30 8 27
19 20 28 8
25 30 49 11
17 22 13 37
13 12 38 14
45 24 38 23
9 17 28 12
31 35 30 10
11 4 25 35
11 19 36 20
2 39 33 40
21 26 43 11
14 24 36 23
17 19 31 11
29 16 22 29
3 26 36 26
36 27 18 22
15 22 10 31
17 14 36 8
43 36 15 40
7 29 16 18
11 17 26 12
5 9 44 12
15 9 22 22
8 22 38 31
7 5 21 26
14 26 39 39
16 19 35 18
3 21 8 34
13 49 2 40
0 0 46 12
28 35 15 21
17 31 31 24
32 10 38 18
28 42 47 39
38 36 9 13
41 12 30 34
32 35 16 40
26 7 37 17
30 28 38 11
18 17 49 37
22 13 21 33
39 32 25 47
42 30 2 45
19 20 35 44
37 32 40 10
29 27 5 28
41 32 38 17
27 35 42 4
17 20 28 28
12 22 2 41
44 29 18 20
42 26 47 14
49 24 12 40
8 27 26 11
13 38 28 32
23 30 7 48
13 17 46 25
48 30 30 15
14 8 25 32
8 25 0 14
46 36 38 12
43 9 35 44
33 13 40 8
23 27 36 4
8 15 44 1
16 26 26 33
2 25 48 12
23 29 37 29
41 21 30 5
14 19 49 27
49 25 18 29
24 31 36 22
4 21 19 44
7 27 17 31
28 26 36 3
44 23 47 43
42 34 34 7
14 22 36 5
13 14 41 7
16 14 33 8
19 33 40 14
10 15 35 9
36 21 32 31
16 21 35 5
9 43 10 37
38 30 12 30
14 20 42 6
17 12 32 11
6 28 42 4
37 28 33 6
32 32 17 31
31 32 24 4
39 28 15 10
13 12 29 20
8 31 17 4
5 16 25 28
3 27 18 14
34 49 33 14
39 33 49 14
37 31 9 18
14 10 16 24
20 39 19 1
16 17 46 39
5 6 14 30
34 35 43 5
22 4 14 33
33 25 36 27
9 32 29 26
42 35 22 16
23 29 16 19
11 27 41 33
14 17 9 25
39 33 38 24
14 34 43 17
11 25 42 3
30 29 44 5
6 3 18 42
35 5 28 19
43 36 3 20
34 2 36 16
36 32 43 38
9 13 42 33
31 17 47 9
20 35 9 27
20 19 39 33
41 31 47 45
19 21 23 17
32 26 1 15
10 26 22 21
21 14 18 30
43 32 13 27
6 26 21 48
41 34 33 34
8 16 33 30
14 29 32 30
49 40 44 27
29 5 36 40
21 35 9 27
26 21 1 47
5 1 39 28
19 14 24 27
18 19 27 12
15 18 27 4
14 18 36 10
7 36 16 2
36 20 44 25
21 47 41 11
34 4 7 35
45 28 14 25
20 17 48 48
14 15 29 1
43 32 36 27
13 18 44 26
15 33 20 14
34 30 34 8
4 32 29 33
16 46 15 16
15 26 7 41
37 6 27 12
16 31 21 33
40 33 19 28
34 32 32 10
2 46 12 45
44 7 36 11
32 24 44 33
31 29 21 8
40 32 31 4
27 27 12 39
40 36 35 38
19 34 14 14
39 37 42 33
42 35 32 21
30 7 44 12
21 2 16 38
18 21 5 0
21 25 6 40
11 26 37 16
35 31 19 19
12 17 27 31
24 9 10 17
16 27 29 29
3 22 38 25
29 10 39 13
18 4 35 10
40 34 16 31
14 21 19 22
40 33 42 5
18 11 29 33
33 38 36 46
24 28 46 36
22 27 25 22
14 17 38 33
34 10 40 31
21 14 11 19
9 24 15 26
24 15 26 38
18 39 27 16
17 28 34 30
15 42 19 18
41 30 43 26
39 20 23 21
23 22 48 42
38 29 14 26
32 35 5 21
9 38 32 3
36 34 27 18
26 18 44 44
2 29 32 27
27 42 45 7
29 41 12 48
10 12 7 44
24 26 28 30
37 13 34 45
15 44 38 15
14 18 27 39
22 47 14 32
12 21 29 26
30 39 38 36
38 30 46 18
14 26 38 39
6 28 18 17
23 28 20 33
25 12 4 34
41 39 16 26
21 12 45 5
24 49 35 6
32 36 23 31
37 33 27 23
19 36 33 19
11 13 27 4
8 32 1 34
43 30 11 14
42 28 4 49
22 17 34 5
14 19 19 40
35 47 17 35
39 34 44 33
40 32 31 24
5 35 32 24
46 23 16 26
15 26 20 15
42 31 26 6
4 6 43 30
12 15 27 3
15 16 33 6
40 24 34 12
11 47 30 18
14 12 38 48
2 24 22 27
26 26 42 31
8 11 18 30
43 33 30 13
26 48 29 38
19 16 8 36
25 15 24 25
31 4 30 17
0 12 39 32
18 11 6 18
40 33 46 4
29 14 35 23
7 14 49 13
19 27 7 37
45 29 13 49
19 23 9 27
43 12 24 18
41 35 31 38
17 23 35 12
14 23 47 14
42 29 21 14
7 16 16 48
14 18 13 28
12 35 15 28
35 33 0 32
25 8 42 40
25 17 14 29
31 25 48 22
9 37 22 22
37 31 5 28
17 25 39 7
18 9 8 44
3 32 10 26
13 4 10 23
40 30 35 48
10 14 20 18
9 28 29 19
16 20 11 26
30 45 49 27
8 19 35 3
36 25 9 23
21 21 40 1
20 20 27 29
14 16 32 21
8 28 24 31
33 27 30 29
8 28 35 29
4 11 11 43
44 13 46 21
37 34 24 22
8 20 32 13
14 25 26 3
37 27 15 19
29 17 6 44
30 3 10 31
26 13 22 14
20 38 16 28
30 34 36 11
12 26 42 36
7 37 22 43
7 29 35 21
39 21 14 37
2 13 47 7
16 2 41 6
17 40 43 0
15 17 33 12
34 35 25 9
48 25 25 23
11 25 46 19
40 48 48 2
43 30 22 27
41 36 39 0
19 30 37 22
35 40 36 25
17 15 30 13
41 22 19 29
45 37 38 5
12 17 47 48
31 48 15 36
21 8 3 49
33 35 5 42
15 17 28 27
19 21 21 10
20 2 43 47
16 22 12 7
18 32 47 18
31 6 31 13
19 9 20 47
38 14 47 10
42 24 43 47
39 33 27 49
14 36 45 8
8 20 3 37
22 18 16 36
18 49 45 10
38 34 46 24
20 17 19 23
14 11 40 14
15 20 10 42
11 10 22 33
37 32 48 46
19 2 45 4
12 21 30 28
4 13 20 9
42 37 22 48
24 26 23 0
14 26 19 28
45 41 44 35
13 15 22 44
40 32 4 38
14 12 35 37
38 27 39 45
14 8 31 32
9 9 1 47
8 28 13 13
26 20 29 24
42 46 27 22
32 3 21 28
41 28 24 0
17 44 25 29
15 16 29 34
41 33 35 15
14 18 36 23
28 16 41 15
33 43 19 39
27 19 7 21
46 28 45 35
8 15 16 3
29 29 31 11
16 37 30 7
38 38 18 24
17 12 46 15
17 22 45 30
16 20 43 40
14 18 33 43
9 25 32 43
32 21 46 28
7 23 35 7
9 14 34 8
10 20 38 32
18 31 23 10
22 3 2 49
12 22 40 34
15 15 48 20
41 32 18 1
18 38 33 10
44 11 2 32
34 23 42 27
32 46 17 17
20 43 15 22
10 26 43 1
41 31 7 45
17 23 44 16
10 11 23 30
46 27 8 34
11 31 25 20
24 0 34 16
8 9 13 19
19 21 24 28
26 23 37 13
38 37 15 40
16 13 37 16
28 41 15 46
37 26 20 3
44 9 47 4
18 10 16 27
19 19 41 27
30 17 7 5
19 31 39 0
13 17 31 17
9 18 39 41
15 46 36 46
19 41 26 10
40 18 48 7
36 36 6 43
18 39 17 21
5 34 25 28
37 34 38 19
31 12 46 27
17 42 35 8
4 23 24 7
28 36 20 13
35 31 42 15
9 10 17 19
20 17 26 22
36 15 7 18
36 37 13 25
21 18 31 36
34 24 44 32
19 16 38 25
11 20 28 39
17 10 29 15
2 8 31 0
23 28 46 10
42 24 28 42
5 9 12 40
13 26 18 21
47 14 36 48
36 26 39 33
44 31 27 43
14 43 40 44
3 23 20 33
22 17 17 26
43 40 26 20
43 33 11 22
18 48 32 30
45 27 46 7
22 17 34 23
18 16 11 41
10 18 11 3
34 5 13 30
28 47 7 21
32 31 42 21
35 45 43 36
37 35 24 38
28 12 48 41
12 24 46 35
36 32 23 26
23 17 30 45
23 42 19 33
28 13 38 26
20 29 29 17
40 33 43 11
15 34 40 14
22 20 38 9
10 23 42 8
23 18 16 3
40 33 48 26
23 23 19 5
19 13 39 24
15 18 40 24
12 14 15 44
36 25 30 39
14 13 35 33
35 35 37 26
42 33 45 23
27 2 37 24
17 36 36 10
31 40 32 0
21 37 44 22
11 17 30 25
18 22 46 36
5 0 6 37
18 15 46 32
11 23 19 35
13 28 27 21
9 29 24 40
15 8 30 24
23 12 11 34
21 25 14 25
13 18 29 41
42 33 33 47
9 15 41 34
11 2 21 13
13 20 20 43
19 43 35 21
3 18 26 13
41 31 45 42
15 23 27 29
38 36 40 18
15 20 28 12
31 33 47 11
39 34 21 8
19 29 26 15
37 19 11 33
48 40 26 16
16 22 16 40
39 31 41 13
41 32 37 3
40 33 31 15
14 18 30 24
18 21 43 39
38 23 41 34
38 35 36 31
49 27 11 29
16 42 40 25
21 16 39 18
33 1 38 29
29 19 36 48
38 30 19 31
25 37 42 37
12 20 37 25
17 20 25 20
13 15 47 41
11 15 30 1
25 9 47 48
13 7 46 34
47 31 4 42
24 10 26 24
44 43 14 34
19 18 36 38
45 42 25 27
38 31 18 33
40 4 40 45
10 24 2 20
13 6 5 21
30 24 9 10
20 16 47 40
44 20 20 35
21 30 13 39
32 23 32 28
21 3 22 28
48 26 0 44
43 47 32 37
26 46 14 20
36 39 9 24
10 34 37 22
44 34 23 9
18 11 21 31
38 13 33 12
21 22 49 18
36 19 49 13
36 15 11 18
18 42 39 5
7 20 40 16
22 12 32 31
8 16 39 47
9 20 22 21
27 33 26 23
38 31 30 18
14 14 32 30
22 15 23 34
13 23 37 9
35 39 32 8
36 12 24 30
27 21 39 6
14 10 37 2
42 33 32 31
29 32 46 42
25 23 41 24
17 12 13 31
21 23 41 39
34 40 23 28
13 9 38 25
31 41 30 48
18 23 16 15
45 33 42 36
10 19 12 29
16 16 34 41
24 2 16 11
37 41 45 46
35 38 36 47
45 6 43 42
32 37 25 23
21 33 21 19
6 30 45 31
31 35 44 39
29 27 41 29
21 42 17 34
16 13 31 5
32 2 28 12
36 47 19 21
27 23 37 8
14 25 32 32
11 23 22 42
24 12 29 26
34 26 9 27
18 49 25 28
17 16 47 43
12 10 33 38
14 6 21 19
9 27 13 30
39 33 38 43
9 12 20 31
21 33 36 15
22 26 17 17
16 14 39 31
24 21 20 36
16 34 47 35
13 8 27 14
30 39 48 30
24 21 16 36
40 16 14 10
41 33 40 8
41 33 17 43
24 1 4 46
38 36 29 35
23 3 20 24
14 25 35 42
40 27 35 26
36 31 6 18
38 31 31 9
5 24 19 23
42 30 31 3
22 22 8 30
22 23 23 3
12 18 36 30
11 32 48 4
36 35 20 3
6 17 9 47
0 23 33 25
32 39 30 6
14 24 5 49
44 46 49 47
17 17 46 35
12 10 17 19
18 33 43 6
28 38 33 35
15 13 36 18
36 35 33 14
17 11 31 20
43 3 30 10
32 28 31 9
29 23 43 11
13 1 39 38
29 33 33 13
17 46 16 29
39 33 26 39
31 33 49 38
1 9 20 22
22 14 47 14
38 13 16 28
12 13 28 35
14 27 25 4
39 33 23 27
39 32 21 19
19 25 46 8
26 34 19 9
27 40 38 18
6 19 28 27
24 16 18 17
16 48 23 27
25 35 6 12
33 20 1 30
13 19 45 41
29 26 23 11
18 21 38 35
9 23 25 24
46 26 14 27
13 19 20 25
20 38 45 24
20 30 15 13
39 31 12 32
15 13 36 46
17 39 45 2
16 11 12 33
27 48 19 23
33 31 28 12
7 11 28 24
21 16 38 23
33 19 2 43
25 20 36 37
14 15 28 20
8 16 45 15
14 17 35 9
15 33 43 41
10 49 32 36
27 42 18 43
3 29 30 32
9 47 32 35
11 40 29 5
4 15 19 40
19 36 14 21
30 21 28 4
29 41 20 20
15 22 12 42
4 21 42 24
28 18 34 18
46 38 5 48
24 21 49 11
28 0 31 17
10 29 41 19
30 16 26 39
11 12 34 35
12 20 37 2
7 23 40 34
24 12 39 22
10 29 31 34
31 14 24 25
2 20 7 34
25 25 38 32
18 32 19 18
30 21 40 8
21 34 44 41
20 44 13 45
35 13 6 48
12 17 28 32
27 2 24 28
21 0 13 40
45 10 28 35
9 11 38 15
10 20 25 31
34 26 24 24
10 20 15 24
21 40 9 15
