50 63 14817 800
33 18 23 19
16 16 28 24
12 23 48 36
14 44 27 32
19 4 35 16
9 35 42 34
39 6 33 30
25 5 33 28
36 30 20 32
10 36 24 1
11 36 41 17
15 15 46 23
41 13 18 39
29 27 45 37
14 22 42 39
40 35 25 10
18 19 38 43
33 2 15 46
29 1 17 19
9 12 9 41
34 44 14 47
15 18 16 40
38 5 25 30
21 39 28 24
27 14 16 7
4 9 15 42
11 17 13 44
28 2 26 44
11 27 47 29
38 7 25 34
27 34 28 29
41 14 29 41
18 41 40 36
22 40 7 47
7 26 13 46
10 4 44 42
16 21 30 45
39 15 27 49
12 28 32 37
28 41 23 44
44 5 47 26
46 12 46 45
13 11 7 49
24 38 9 43
46 35 6 45
29 44 18 24
13 16 1 44
1 10 22 21
12 43 39 46
23 9 36 23
48 12 20 39
43 13 14 28
16 36 13 9
26 0 38 45
19 35 14 20
27 7 38 0
47 14 46 35
14 22 12 42
23 43 28 17
6 39 15 47
18 25 31 47
44 9 7 46
32 41 34 34
