50 621 12885 800
28 37 7 42
44 20 45 8
10 9 20 14
26 28 10 43
7 14 18 31
38 45 33 29
14 10 38 5
27 3 36 16
33 43 37 27
46 46 33 24
9 29 31 14
46 18 42 12
33 49 22 37
27 43 32 31
6 10 34 10
46 40 24 18
3 14 35 28
36 44 31 16
20 37 35 31
6 40 33 21
19 7 16 42
10 11 17 34
18 15 11 30
12 39 36 30
18 38 8 31
33 40 21 3
15 45 17 11
17 37 17 32
8 10 36 31
3 34 22 16
16 49 9 26
29 22 12 25
9 10 15 30
14 0 19 29
45 13 3 29
41 31 33 28
34 44 30 6
44 16 11 19
46 45 26 24
29 35 27 25
43 40 7 32
22 3 35 21
21 28 2 45
27 39 34 31
14 24 35 30
3 22 37 27
15 30 35 29
4 11 18 44
44 13 33 9
8 7 30 24
3 10 36 27
35 9 47 11
48 19 23 26
8 16 22 4
13 35 30 13
20 6 26 25
28 35 8 37
0 33 31 30
41 38 0 34
31 1 44 9
12 16 12 28
38 31 22 37
25 33 25 7
34 21 12 20
47 38 23 16
48 37 6 23
17 25 43 14
3 17 45 11
25 48 31 19
23 33 14 22
30 39 15 40
25 31 36 11
39 28 10 17
27 36 9 24
25 15 16 48
21 35 23 31
40 37 34 30
10 12 36 14
41 32 36 26
28 46 43 4
25 29 36 29
33 30 20 25
6 6 7 28
27 18 3 5
4 16 37 21
21 16 32 16
31 14 36 29
25 20 44 7
14 12 35 11
15 10 13 16
18 43 13 40
29 9 32 30
28 20 1 36
4 37 35 18
29 40 29 24
15 9 19 48
23 30 18 30
12 37 42 0
30 45 8 48
34 23 29 24
49 37 31 35
38 38 22 18
16 34 32 27
7 10 14 36
27 33 14 19
18 22 46 2
38 29 24 29
35 10 18 15
24 33 31 27
42 9 40 13
35 26 37 5
40 21 45 16
23 34 5 28
40 23 17 47
35 10 38 2
4 49 2 46
5 15 27 25
15 19 47 7
33 48 39 32
42 45 38 39
19 47 46 14
33 41 8 46
38 27 32 28
19 25 34 27
31 20 45 10
37 37 40 0
47 23 35 33
8 29 11 48
9 47 39 6
31 30 8 17
10 27 37 30
27 38 12 23
20 22 19 47
36 3 18 39
48 24 16 22
35 21 45 7
17 35 43 6
37 26 18 36
29 36 16 30
7 12 20 38
36 21 33 31
27 26 35 20
18 31 17 25
47 49 41 5
33 1 13 32
27 28 33 1
8 44 18 39
36 8 29 10
48 25 31 25
26 32 35 27
2 6 19 29
15 26 47 11
36 12 36 27
42 41 24 16
31 37 23 23
10 27 5 20
33 43 38 23
28 36 40 23
1 10 40 10
48 42 2 47
23 32 38 32
38 10 37 0
22 41 17 49
10 35 49 13
6 16 19 29
26 33 24 24
7 11 33 27
38 34 15 41
48 22 49 0
21 32 6 21
0 25 42 7
6 9 20 26
33 26 41 28
4 40 43 13
24 25 11 29
30 6 18 28
29 25 26 37
27 1 41 17
18 39 41 2
44 27 0 12
7 31 24 20
45 22 31 21
4 9 28 26
36 21 35 26
5 10 49 13
26 32 19 16
11 3 35 28
33 29 35 9
38 14 10 37
10 4 6 28
21 29 39 12
7 12 37 7
14 28 49 13
10 34 18 32
48 27 4 30
2 44 35 4
23 6 14 18
39 28 42 11
16 23 18 33
28 0 25 19
12 40 5 33
5 6 14 44
23 45 36 14
23 46 34 25
22 25 5 44
41 29 46 6
42 7 38 27
26 33 1 43
20 28 12 34
17 34 3 42
44 25 7 21
38 48 24 19
39 31 10 36
10 40 33 31
23 45 34 26
45 32 32 28
22 6 34 29
3 14 12 37
37 39 1 15
44 17 39 31
20 23 24 5
17 41 36 28
25 38 45 2
42 19 46 0
32 23 22 31
11 14 35 21
32 1 27 13
9 15 32 12
4 37 34 26
0 11 13 43
4 10 9 44
33 3 31 14
10 24 30 17
40 36 17 32
47 18 21 40
33 30 35 1
2 28 15 17
44 7 36 28
28 19 49 11
38 3 35 30
14 5 2 21
42 30 29 40
33 31 14 11
30 35 21 43
34 9 25 24
11 9 47 4
19 19 29 38
39 0 31 18
26 2 31 33
6 27 30 6
29 45 40 27
39 37 8 41
45 17 49 4
9 11 31 19
1 17 34 29
1 40 13 31
24 29 48 5
15 34 17 9
17 18 17 47
18 32 35 27
17 45 40 22
9 23 31 26
10 25 39 12
21 41 11 21
43 5 22 21
39 30 14 29
35 31 35 25
14 17 9 15
41 15 23 12
2 11 13 13
2 11 48 6
14 8 33 34
9 36 4 27
29 45 48 7
25 7 9 21
13 34 38 29
12 22 3 27
6 7 38 28
5 7 19 23
40 34 2 33
6 15 35 28
11 34 34 27
4 6 30 32
5 12 38 5
5 9 17 15
9 24 17 30
19 29 26 30
23 25 14 31
48 32 31 11
43 38 16 1
37 18 21 16
34 37 27 12
24 20 47 3
15 38 45 3
8 10 32 15
21 34 30 19
47 28 49 13
19 40 23 32
47 15 11 49
30 42 21 22
18 17 28 23
3 11 36 34
6 35 34 30
21 36 21 44
14 12 24 7
25 29 18 32
36 39 12 21
5 17 37 6
7 25 19 27
49 36 32 31
13 28 43 2
45 43 47 15
18 26 12 41
30 7 3 37
42 47 26 18
8 10 44 5
11 23 43 4
29 30 35 5
40 38 9 33
28 25 22 15
26 17 34 22
32 35 21 26
4 39 42 20
17 32 24 27
49 32 14 48
36 26 27 43
5 5 6 20
11 40 7 35
28 33 8 31
30 45 24 11
6 24 36 32
13 41 33 32
14 32 42 28
5 10 47 3
30 12 8 17
9 12 13 28
24 37 34 27
13 36 9 29
18 38 7 29
7 42 25 24
16 24 33 29
11 30 15 23
19 46 44 0
12 49 4 18
33 46 38 28
16 31 26 43
18 28 8 48
43 30 49 1
29 43 42 3
37 44 47 7
44 30 36 33
14 27 34 24
20 4 10 23
5 2 40 12
23 47 49 2
30 16 6 21
39 16 29 21
8 10 40 9
45 37 17 44
30 39 43 1
9 9 28 46
25 19 21 26
28 43 34 29
22 35 29 45
40 46 23 10
4 13 14 10
16 21 34 31
10 12 38 28
22 17 25 21
11 23 21 9
27 24 11 37
49 49 29 4
24 3 18 13
30 41 24 25
21 46 43 20
26 4 5 31
26 47 23 15
34 37 29 22
14 19 45 7
46 37 7 31
48 34 14 19
8 25 35 26
45 40 42 2
31 39 27 14
7 8 34 29
14 8 0 0
2 15 19 25
33 23 38 11
46 38 34 30
24 27 39 28
47 35 17 10
30 46 24 21
12 19 11 44
38 0 42 16
4 26 11 43
9 10 39 3
23 31 3 30
29 23 35 27
40 18 8 37
2 12 12 38
32 4 19 32
22 4 7 8
6 6 16 24
28 21 42 4
40 24 29 7
19 30 9 40
14 31 20 20
41 41 42 6
19 32 21 11
39 43 2 32
3 7 33 28
40 44 17 24
44 0 3 43
2 8 26 2
29 6 36 25
33 19 4 38
38 45 37 30
33 36 5 35
10 12 30 33
27 21 29 27
24 33 36 14
9 13 38 27
21 33 3 25
29 29 46 3
31 31 19 24
37 42 33 18
17 26 40 4
16 14 4 31
13 44 4 43
13 19 34 6
33 18 23 28
23 30 42 3
37 26 37 6
5 9 34 26
9 10 48 10
3 7 11 44
24 49 6 37
9 6 26 38
31 43 31 29
43 35 48 8
19 29 33 30
16 29 25 11
36 45 4 37
1 9 17 18
24 47 1 30
30 46 6 39
20 35 38 22
46 26 38 30
33 38 25 21
29 27 7 29
35 46 36 32
33 35 12 19
5 1 32 14
17 48 49 4
39 31 30 20
40 26 26 18
18 24 45 9
40 14 13 48
44 40 46 6
6 31 17 14
40 24 35 26
7 14 8 37
33 27 6 36
33 20 34 27
2 5 8 41
2 35 4 23
41 23 17 46
8 7 16 36
4 40 19 17
23 35 45 1
37 25 11 43
34 45 24 42
29 36 37 34
19 27 37 14
16 27 14 34
37 21 19 31
38 29 12 10
46 36 39 4
46 34 36 31
24 27 4 37
25 29 10 15
3 40 12 26
18 31 47 6
25 42 17 23
12 25 21 21
20 34 29 16
31 19 34 15
25 14 11 36
15 39 27 35
4 11 27 25
46 31 39 4
44 2 24 28
29 42 35 27
20 17 49 0
23 18 5 48
48 45 29 25
4 10 8 44
7 19 43 12
27 37 17 12
22 38 31 9
46 33 1 45
7 35 0 25
36 45 25 31
30 48 20 6
14 22 6 14
8 2 39 4
21 33 16 14
29 31 12 7
8 9 34 33
48 13 29 23
34 20 10 46
6 43 40 23
18 29 45 5
44 35 48 8
5 6 30 25
35 38 33 30
32 14 8 30
18 28 34 27
3 32 27 28
10 9 29 48
35 46 1 29
8 17 46 26
44 5 22 25
5 5 19 29
43 30 35 26
12 36 32 32
20 35 28 21
40 25 41 3
30 34 12 12
12 43 25 36
42 12 44 6
39 38 38 29
17 21 3 43
29 23 29 35
8 9 34 5
5 10 47 2
45 48 22 19
8 5 40 2
10 10 24 17
42 5 35 29
10 14 38 28
21 43 18 26
9 4 6 27
0 21 13 23
4 11 33 17
20 35 35 29
38 44 10 18
16 0 31 11
44 29 24 21
46 49 32 29
7 38 35 24
46 43 20 28
21 29 14 44
31 29 38 23
15 3 26 22
34 23 32 27
19 25 4 25
43 7 10 23
13 14 19 39
2 5 16 37
23 36 29 8
39 10 44 5
26 24 35 17
34 32 31 25
17 37 5 44
30 20 6 45
34 18 30 14
27 0 34 23
38 18 35 30
9 9 28 11
20 22 36 29
25 22 40 26
22 29 10 26
15 2 39 27
19 36 48 2
46 19 47 8
35 19 36 30
17 21 8 43
36 44 25 27
28 36 6 43
38 0 33 27
33 36 45 8
10 13 35 30
37 45 33 32
24 28 13 36
12 27 6 37
30 19 34 1
10 9 7 30
6 10 15 18
3 10 19 24
36 29 26 14
4 14 22 32
45 29 3 31
36 10 29 28
49 30 28 1
23 18 38 32
36 17 46 8
25 13 34 29
31 19 32 28
36 37 34 19
38 40 2 35
6 29 44 3
26 23 35 25
0 10 43 12
6 12 29 48
33 12 28 15
23 22 31 12
8 5 20 6
36 7 29 49
15 36 23 12
9 9 34 26
45 32 41 24
25 37 20 13
45 47 7 40
6 35 16 38
3 13 20 35
10 8 31 29
36 38 48 0
36 20 37 30
7 24 29 4
29 27 45 8
