50 127 14106 800
26 17 44 34
49 5 15 25
44 47 27 35
10 6 40 23
44 47 19 23
43 47 4 49
7 15 11 42
23 31 29 49
12 34 3 14
25 19 13 48
38 14 33 26
0 38 25 35
23 29 35 16
19 29 34 16
44 8 47 28
27 18 15 35
8 11 36 14
47 4 36 23
44 48 35 26
39 1 29 31
8 37 12 35
16 30 18 27
44 34 16 33
37 44 45 24
15 27 39 38
9 33 18 42
16 12 9 17
19 37 35 28
40 6 46 42
0 35 30 46
39 11 9 14
45 44 24 33
43 35 11 21
22 47 8 14
33 19 7 44
7 7 28 44
40 43 20 40
4 39 12 49
46 10 9 44
44 6 43 25
12 20 28 43
12 31 36 19
47 9 21 35
39 15 35 20
12 40 30 21
8 27 42 30
19 25 37 26
46 4 37 23
6 46 29 17
42 5 33 41
10 33 33 17
47 10 31 47
13 12 19 42
17 39 30 25
23 20 24 32
43 10 19 36
22 34 2 20
6 31 10 19
49 39 14 20
44 8 17 49
46 38 12 45
10 48 34 26
38 2 32 19
42 49 32 20
46 47 38 21
39 24 21 29
14 27 7 39
43 9 38 18
20 33 30 38
22 7 35 21
8 28 18 31
41 6 0 20
19 21 40 20
43 46 25 38
9 6 41 25
17 21 22 38
44 11 41 48
3 24 36 32
10 36 26 27
11 20 32 18
46 45 32 14
8 31 17 34
47 7 34 21
29 14 27 28
15 5 24 45
4 31 30 21
21 38 12 34
28 7 41 31
45 8 2 6
2 45 25 39
48 7 23 44
21 42 13 16
9 18 3 49
39 43 23 35
2 47 29 26
7 37 39 29
5 45 34 24
8 23 26 33
14 32 38 39
38 6 5 35
19 22 18 33
41 7 30 20
17 43 36 18
8 8 37 26
8 37 46 23
5 40 40 13
17 24 32 18
46 44 31 22
48 6 21 39
41 8 16 30
2 27 36 47
5 46 36 21
46 5 8 37
45 48 32 15
21 4 30 44
47 3 3 30
49 34 15 36
12 35 8 7
17 7 23 42
10 25 33 18
23 1 37 43
23 38 3 29
22 30 24 44
29 43 35 17
49 49 18 38
6 43 35 14
46 19 21 33
