50 461 12236 800
16 36 36 40
42 32 37 29
8 15 26 42
20 33 29 27
9 48 38 13
40 36 46 44
13 48 21 20
20 44 40 41
40 32 28 27
13 38 39 45
10 46 44 20
35 45 37 25
14 26 32 23
28 40 47 24
15 37 38 28
13 38 33 45
21 32 42 0
6 47 21 44
37 47 35 19
32 43 23 16
16 35 21 29
26 38 39 13
9 37 32 22
1 26 31 14
9 48 35 19
11 29 25 22
12 17 39 26
20 29 42 13
46 33 28 18
21 46 33 38
21 44 33 35
43 34 23 44
18 33 17 27
21 32 37 35
20 36 26 38
48 32 24 36
49 13 19 21
11 44 23 34
14 32 26 35
16 19 44 38
22 45 32 36
43 24 46 7
23 43 28 29
33 17 44 20
22 44 35 9
2 45 34 11
27 36 36 13
7 6 41 12
39 39 35 13
29 38 47 44
10 36 49 2
2 34 28 26
30 28 49 17
32 15 36 40
4 42 26 43
46 24 41 40
38 18 31 11
12 23 28 17
27 13 43 11
40 32 35 35
11 47 41 12
42 30 25 36
15 41 43 46
12 44 45 39
4 36 31 41
15 48 28 15
1 24 48 47
1 44 27 30
0 40 49 46
23 37 29 27
29 39 36 17
7 46 47 19
42 33 43 7
19 36 48 19
7 45 39 26
10 1 49 39
10 32 26 2
22 34 38 22
12 23 36 43
32 45 36 26
4 29 37 25
13 39 42 36
29 36 46 28
19 43 40 43
11 38 25 47
3 36 42 39
43 35 41 4
16 45 33 37
3 40 39 41
36 26 26 22
28 36 25 45
5 39 33 23
42 40 49 23
30 29 42 6
26 45 31 30
23 17 47 49
19 14 23 47
10 23 34 27
25 8 30 30
25 17 46 1
19 26 45 48
46 36 18 28
32 48 31 28
49 18 45 47
47 35 38 13
18 28 33 23
48 28 45 17
10 35 49 24
13 28 41 19
21 34 28 22
20 36 30 26
15 37 49 44
16 33 49 47
9 38 29 36
5 9 24 7
23 34 39 27
25 18 45 29
10 42 40 14
13 42 47 22
15 20 31 25
29 37 40 28
32 41 42 9
1 18 21 37
7 25 45 33
24 47 35 23
24 45 26 40
21 30 33 41
14 29 30 30
22 40 33 17
12 49 32 24
35 36 27 42
16 36 32 45
8 18 31 14
48 36 23 31
48 20 28 10
34 48 19 18
29 40 36 29
12 39 37 34
44 34 24 25
30 46 44 40
31 45 31 31
18 30 43 20
4 45 30 32
0 42 27 17
30 35 40 14
16 40 46 9
26 41 29 39
41 33 29 4
5 45 30 33
7 47 49 31
11 27 38 43
12 38 31 31
42 32 45 15
23 31 46 35
1 40 41 22
44 30 45 14
15 34 29 24
43 34 13 28
17 49 45 44
43 36 36 28
14 44 31 36
6 41 40 35
18 32 44 40
6 48 48 4
3 41 19 37
15 38 38 6
8 28 26 31
35 41 25 19
16 40 24 32
23 31 28 43
20 49 35 37
13 36 37 33
3 46 47 12
13 15 43 11
17 18 24 41
20 25 24 33
11 39 43 7
18 28 32 23
11 24 42 20
14 49 36 39
39 32 25 30
40 33 25 16
45 48 29 32
21 38 25 7
15 38 20 33
36 26 31 17
10 37 44 49
23 26 38 17
35 38 9 21
16 32 36 23
39 42 30 25
16 39 34 24
40 0 45 23
34 44 32 40
23 16 26 30
31 43 16 40
24 44 36 45
16 44 35 15
7 39 29 13
21 36 48 16
22 20 32 34
6 32 36 17
12 36 29 37
41 35 22 30
26 16 32 30
41 40 46 39
41 14 28 38
42 29 36 40
28 7 20 42
22 41 42 8
18 36 29 38
19 9 22 45
7 46 31 23
22 20 30 17
43 18 25 33
12 41 49 17
12 49 44 41
22 26 37 39
27 44 38 10
42 34 45 43
2 35 42 49
19 44 37 30
12 47 26 37
13 39 28 12
8 43 4 36
38 36 30 41
10 44 30 27
6 44 19 34
4 14 22 18
14 35 28 30
18 0 42 23
42 33 48 47
14 38 34 36
26 35 36 43
21 33 24 16
20 46 30 42
15 25 40 19
44 36 28 30
29 46 45 37
14 44 31 13
23 43 39 20
3 15 26 31
42 32 32 43
47 34 19 32
41 36 49 16
45 26 43 3
15 37 39 3
31 40 33 8
4 40 34 37
27 41 26 35
14 34 43 39
39 32 25 26
33 46 23 18
18 23 33 20
23 20 33 38
37 19 39 43
21 12 49 13
2 14 47 47
40 33 39 41
11 42 27 39
45 33 31 40
33 33 46 36
8 49 41 24
8 31 37 45
16 31 36 38
2 37 27 29
39 32 28 7
23 28 32 18
16 27 36 47
11 30 23 42
46 23 34 31
3 46 26 28
18 32 27 30
20 27 36 19
17 49 38 16
11 30 40 22
13 26 47 48
7 25 45 22
28 32 46 5
23 37 30 23
23 31 44 10
10 49 32 46
15 40 22 20
13 44 48 22
20 34 29 42
32 3 44 9
40 38 24 21
40 34 19 31
6 19 35 41
17 41 15 31
27 20 30 36
41 18 39 10
25 49 37 38
15 25 32 19
31 30 39 17
14 27 40 20
13 31 31 31
13 15 29 24
14 29 13 21
9 42 46 15
22 35 37 9
37 36 49 11
6 9 43 13
23 10 42 39
18 34 36 35
27 40 46 20
21 41 32 32
30 35 22 39
30 38 37 9
17 30 26 37
9 30 48 16
35 39 41 7
26 48 45 0
21 34 40 37
40 32 30 20
28 41 36 36
14 41 38 37
35 15 41 8
9 46 46 41
36 26 49 20
15 23 41 23
10 22 46 47
15 36 30 14
7 9 40 35
35 34 49 18
13 5 32 37
44 33 14 28
21 39 40 21
14 44 38 14
37 44 44 16
35 39 24 34
12 44 24 38
1 41 47 3
24 33 37 32
39 33 21 19
39 36 37 41
24 35 44 22
12 34 21 42
25 45 40 43
1 10 25 30
10 49 35 22
23 21 45 16
17 42 30 32
16 32 44 27
23 41 28 34
31 9 21 35
44 26 26 22
29 20 27 41
8 28 43 5
9 40 35 33
18 33 29 39
15 30 44 15
3 27 41 43
9 30 31 35
0 30 28 23
21 10 38 46
9 37 28 29
9 42 49 0
39 36 49 9
26 44 33 38
44 33 28 19
45 36 48 45
22 32 29 38
0 33 49 31
13 11 49 4
11 15 23 33
12 42 26 14
2 32 26 40
12 33 27 28
44 30 36 18
31 33 47 16
39 35 38 1
26 38 34 48
20 36 34 45
7 44 38 26
16 35 22 29
13 23 42 44
6 47 45 6
6 41 35 23
3 44 47 4
14 31 46 21
16 46 29 44
43 32 25 41
21 38 44 21
42 35 27 29
42 34 41 8
39 37 20 41
47 32 49 36
8 49 33 19
44 22 32 15
15 41 24 26
40 35 36 12
30 25 44 40
18 29 30 32
24 18 34 15
13 15 35 25
20 43 31 38
32 47 37 17
14 31 39 16
1 47 37 47
15 44 38 10
2 43 18 39
8 36 30 28
5 3 27 44
10 48 31 39
21 38 47 25
18 36 31 33
14 21 24 39
33 10 30 39
13 30 34 2
33 27 25 42
36 37 37 47
9 18 49 2
40 18 49 47
17 43 26 37
9 35 46 33
15 26 35 46
25 48 40 23
4 34 47 33
16 35 24 43
18 35 49 30
16 31 36 21
45 31 15 45
14 35 48 20
11 47 28 27
23 37 47 42
2 43 44 38
9 27 41 16
32 19 32 30
39 31 18 17
14 35 29 31
16 36 36 30
6 39 30 15
20 38 46 13
26 38 28 23
25 35 29 45
11 40 43 47
21 33 47 24
11 38 43 21
30 28 36 15
13 42 32 0
1 48 33 48
21 8 16 20
26 37 22 15
15 42 43 3
21 46 39 36
11 37 46 25
21 38 26 17
5 18 19 31
19 38 34 29
24 0 28 20
42 38 31 4
26 40 49 48
10 35 47 44
43 38 44 44
43 36 20 17
11 17 25 39
25 36 25 43
21 35 47 9
33 28 42 38
40 49 32 31
