50 242 17831 800
38 47 32 18
40 46 46 2
42 22 29 13
37 46 36 10
31 47 32 34
7 26 31 17
37 45 12 38
7 27 3 47
39 47 5 39
4 22 4 47
27 29 8 26
34 1 34 17
0 14 48 30
3 21 27 38
6 23 29 48
34 8 27 37
35 10 34 25
14 16 23 49
37 45 18 40
38 49 39 7
27 8 25 36
21 18 26 2
42 28 30 9
31 7 30 19
36 8 34 42
11 11 28 48
41 16 26 38
32 3 27 45
31 1 25 44
38 7 24 34
33 49 8 41
34 21 46 11
9 45 27 18
36 41 35 11
10 14 27 42
19 28 43 12
43 16 32 16
34 2 30 45
48 8 24 19
29 30 22 7
41 49 34 13
31 2 30 12
33 5 29 48
40 42 36 18
34 43 37 11
41 43 43 48
41 20 1 42
42 21 3 39
41 46 35 17
45 48 2 41
31 42 41 18
11 28 17 49
40 43 29 32
47 12 28 38
13 42 28 41
14 27 29 33
14 32 46 10
45 45 19 42
27 8 7 41
30 5 34 15
25 41 20 9
28 10 24 45
33 47 26 42
24 43 12 39
9 44 27 35
34 49 33 41
33 32 22 44
28 8 28 42
37 45 7 32
28 8 37 27
4 39 2 43
27 46 44 34
41 48 39 8
38 45 21 44
21 22 12 40
37 49 4 39
37 44 39 28
28 7 7 39
9 26 21 43
31 44 25 47
10 12 36 22
46 10 34 34
10 24 27 42
41 21 45 7
27 27 10 40
31 8 41 20
13 18 45 5
5 11 31 36
11 21 26 27
7 23 47 40
9 10 18 13
30 9 20 37
7 48 37 3
36 40 13 37
8 17 6 21
37 46 32 19
12 15 35 4
10 29 33 44
38 49 31 19
40 48 34 47
8 4 37 21
36 48 36 1
10 42 23 43
38 44 27 44
12 20 8 46
2 39 35 9
3 11 22 39
35 49 25 44
32 49 41 16
39 39 38 17
10 8 31 46
27 9 37 44
29 47 0 42
40 37 35 42
30 7 35 7
31 2 35 25
15 24 34 6
36 47 23 37
37 43 34 20
3 9 7 39
23 45 27 20
23 8 23 42
35 10 32 17
40 0 26 40
12 39 6 42
35 49 2 45
3 33 32 42
15 35 47 15
43 44 38 18
33 47 35 39
36 33 41 42
10 6 10 22
16 42 1 46
5 8 22 39
11 4 2 40
13 5 34 29
12 29 30 42
38 49 24 37
33 48 35 37
33 48 40 47
30 34 38 9
34 46 31 30
31 18 20 41
37 49 31 38
7 14 26 40
12 20 30 46
13 23 35 44
26 11 39 39
8 45 34 9
6 27 19 40
42 34 33 20
40 40 5 43
20 42 23 44
36 39 46 19
15 47 30 48
29 9 32 1
11 9 33 32
28 5 15 45
29 7 40 30
3 44 31 38
13 41 21 45
6 20 2 42
1 23 9 41
11 28 32 11
12 28 23 5
4 13 37 41
37 48 40 15
31 1 39 44
18 31 43 12
30 4 7 43
9 10 41 6
39 28 45 4
35 48 37 45
33 29 27 45
32 40 37 36
40 4 28 11
33 47 38 18
39 10 36 14
32 28 32 35
39 34 35 38
38 44 25 33
19 45 13 0
32 4 31 15
12 14 31 36
37 42 27 34
20 42 36 19
0 10 44 27
15 15 44 8
33 8 36 10
16 19 21 45
12 9 43 15
11 18 21 42
35 8 23 6
31 7 37 40
36 6 32 17
28 12 32 37
18 17 35 13
14 16 36 18
39 47 13 44
29 5 30 9
27 31 33 17
12 22 31 41
37 47 32 36
15 7 19 30
39 36 31 17
39 42 35 47
12 25 24 25
10 16 42 41
38 40 16 8
16 33 36 20
4 9 41 47
37 46 36 9
26 9 34 13
12 24 28 18
38 2 31 7
9 20 39 14
32 8 28 0
28 8 31 34
32 17 24 33
44 44 23 39
37 45 4 45
39 45 37 41
15 18 30 32
44 35 32 12
40 28 33 15
2 17 44 41
38 42 28 39
34 41 38 18
14 44 18 38
7 45 40 33
36 39 14 43
35 7 7 42
36 19 29 6
28 23 10 46
28 6 39 34
10 21 7 45
38 48 33 6
11 32 37 17
13 23 37 16
17 23 26 46
12 25 4 37
9 16 24 44
