50 104 18910 800
4 48 2 17
7 38 29 31
20 34 41 45
28 47 26 40
5 42 34 26
18 46 7 49
15 14 25 35
3 42 31 39
4 1 35 32
21 24 23 14
4 45 26 38
49 33 5 19
28 35 13 49
6 7 9 12
2 44 27 43
15 24 26 38
36 10 33 35
14 25 28 39
36 35 25 42
31 46 4 40
30 46 42 27
3 38 24 37
32 39 3 14
19 5 39 33
21 47 35 36
28 43 25 34
36 43 1 16
24 47 29 39
20 9 38 26
7 36 37 17
31 28 21 37
8 42 5 48
21 9 16 45
21 22 24 26
7 5 26 43
25 42 42 46
28 27 15 43
34 33 37 35
9 18 47 45
42 29 25 41
31 45 45 31
16 47 2 17
18 1 23 39
31 3 18 33
4 3 13 39
30 29 24 16
46 37 17 45
30 45 30 32
7 42 26 27
18 35 24 48
13 17 25 37
10 47 42 47
30 48 5 19
24 46 9 34
11 44 6 21
26 42 48 26
9 24 0 46
38 49 42 26
3 41 28 37
7 1 10 43
23 45 25 37
28 48 47 32
26 31 2 48
5 48 0 44
8 43 5 18
12 29 49 41
15 48 22 21
20 2 18 44
34 44 49 40
37 45 25 42
26 48 27 36
35 45 30 39
7 4 10 21
6 44 4 15
40 48 34 36
18 43 44 27
27 20 12 22
29 28 4 14
22 49 25 34
20 49 3 16
25 42 26 34
35 41 27 39
2 43 41 32
8 44 8 23
41 32 25 40
14 48 12 29
23 33 26 40
31 43 44 8
21 22 10 45
18 33 27 42
0 42 48 33
31 44 18 25
22 42 19 32
6 46 26 40
0 9 42 34
28 22 30 36
18 47 4 40
23 48 7 20
10 18 29 43
15 42 49 34
7 48 25 38
25 32 32 35
6 23 28 30
17 12 29 37
