50 116 18245 800
21 24 4 14
6 38 1 38
35 28 42 35
43 19 35 25
32 31 22 31
24 46 45 46
22 37 47 45
28 35 24 28
41 37 28 37
43 35 12 41
24 49 5 20
35 26 19 47
35 43 33 17
24 43 25 34
24 40 32 1
26 33 18 32
34 32 9 29
23 45 38 18
4 39 8 30
23 46 38 18
29 38 8 34
24 37 6 32
20 28 10 33
23 46 44 46
10 39 10 45
22 38 0 28
21 42 7 31
28 38 23 28
9 27 21 16
28 35 12 5
36 29 13 23
21 26 46 49
12 32 29 12
5 6 11 13
19 22 44 42
30 27 40 49
18 43 20 15
29 48 22 27
4 42 17 21
18 44 48 16
31 28 27 46
21 39 6 24
3 43 0 33
23 46 46 46
20 42 47 44
28 40 34 36
28 23 16 31
43 23 38 48
37 21 28 38
23 31 17 37
10 24 37 29
23 33 20 11
26 48 45 48
20 42 34 34
21 36 20 21
9 36 13 19
21 42 15 19
19 24 42 44
34 23 23 9
29 49 28 17
14 32 2 34
22 23 9 33
4 40 17 30
20 26 40 46
21 23 4 31
20 24 3 37
28 48 30 30
20 46 10 18
11 21 44 10
20 48 2 22
26 25 32 46
41 44 35 27
15 17 29 16
16 36 48 49
4 27 30 36
22 31 15 21
26 38 3 18
10 30 24 29
37 15 17 23
9 41 47 43
23 26 15 34
5 41 22 29
19 40 22 29
5 42 17 33
19 44 21 11
19 39 45 42
1 39 40 48
8 33 8 21
14 31 24 16
19 40 22 27
14 40 15 27
40 39 23 29
33 34 45 31
15 21 39 45
18 40 19 21
19 31 5 22
23 43 42 15
25 24 19 31
3 46 39 46
18 43 13 18
12 39 44 49
21 48 17 38
41 10 1 44
20 25 31 29
34 20 6 24
8 40 15 32
26 48 19 46
19 44 23 29
20 47 12 26
28 46 18 7
20 31 13 28
28 28 39 46
40 11 25 28
4 40 33 26
12 32 16 22
19 35 45 27
