50 1221 12628 800
8 24 46 25
15 43 29 17
19 35 15 45
4 39 41 16
20 36 42 25
20 43 6 35
0 17 25 5
7 28 11 5
30 46 37 29
19 48 38 14
33 27 36 7
28 23 7 38
32 5 33 20
25 23 35 3
27 25 47 26
27 33 7 6
38 13 38 27
11 26 45 28
31 20 44 33
13 22 49 25
19 12 9 39
32 13 35 40
10 28 42 25
7 39 48 27
28 42 40 33
27 14 32 15
35 6 47 31
1 36 44 14
17 38 49 35
26 23 30 21
4 37 47 30
41 19 40 25
22 26 3 42
2 33 38 26
1 31 25 15
4 45 40 19
25 9 1 3
15 15 26 1
0 47 29 2
23 46 39 10
7 35 1 0
10 17 12 37
14 39 9 46
4 37 24 19
2 29 42 24
2 29 1 3
34 2 45 15
18 30 43 39
26 11 47 33
13 16 48 20
6 34 34 20
3 30 36 12
29 25 43 21
15 31 37 32
14 16 47 30
14 34 33 4
4 47 16 45
18 46 8 43
16 40 39 1
7 37 27 8
2 38 39 20
27 6 41 28
18 22 45 26
17 19 28 41
12 40 47 30
12 27 9 41
31 20 4 1
29 43 36 17
2 34 45 26
13 46 44 34
25 23 40 25
2 32 39 29
0 41 35 18
46 25 30 16
12 20 31 2
1 36 12 41
26 39 42 42
13 39 27 4
17 49 23 9
9 18 38 34
31 13 40 16
24 42 48 32
18 26 12 32
22 8 34 5
1 31 44 10
10 29 13 46
16 48 43 26
1 32 9 6
18 34 2 6
15 22 45 23
26 22 3 10
27 42 47 28
20 18 33 8
19 29 2 41
21 18 28 1
30 26 34 5
30 42 41 36
1 29 34 6
41 20 48 24
39 21 16 40
24 6 34 4
19 12 2 5
32 47 14 1
32 17 40 24
32 15 40 29
11 30 31 12
4 27 44 6
0 18 18 43
1 25 31 35
8 26 12 34
7 49 31 6
6 36 45 25
1 35 43 30
2 35 48 35
30 26 27 6
2 36 42 19
3 37 46 22
18 27 20 34
35 10 36 5
36 14 20 15
30 9 41 5
12 28 7 2
16 25 22 10
35 14 29 15
20 15 43 36
10 41 41 12
26 46 30 13
8 34 37 32
19 36 8 41
3 38 44 25
28 26 47 23
10 21 31 9
1 31 37 10
27 11 46 37
31 24 42 16
25 19 40 17
46 26 9 4
5 37 49 36
27 44 41 25
19 16 46 27
3 37 42 24
38 25 39 17
1 38 30 13
19 24 8 38
12 25 39 47
29 45 46 22
33 34 27 2
31 9 5 9
33 7 0 1
26 22 24 2
34 17 7 46
27 27 44 27
18 38 39 26
24 13 42 22
36 18 45 26
10 40 33 11
18 21 9 8
20 24 31 24
31 48 49 27
39 46 35 3
30 35 15 39
16 36 36 13
6 38 24 6
29 11 47 29
24 18 31 13
0 41 0 6
34 15 46 29
34 35 3 4
19 18 35 9
36 16 5 38
4 36 34 21
4 36 7 42
39 19 41 15
1 31 38 15
41 19 48 35
46 40 48 29
25 36 44 28
17 43 3 2
34 2 48 28
40 47 39 22
1 39 9 39
33 8 14 43
6 35 8 43
8 27 18 43
21 17 38 8
34 29 44 26
9 49 21 39
28 18 37 25
6 45 5 0
41 14 34 3
12 38 17 34
8 30 31 7
8 37 33 10
32 15 10 31
27 20 43 2
0 34 45 22
31 11 47 25
43 24 42 5
0 31 22 6
32 48 44 13
7 14 46 29
7 33 4 40
38 34 45 43
42 22 7 49
4 48 31 20
3 43 13 38
10 34 32 7
2 41 28 12
0 35 31 27
14 41 3 7
33 31 8 42
34 12 29 20
21 17 37 19
11 45 11 2
23 11 15 47
1 32 42 20
21 28 34 5
25 19 45 24
27 23 32 15
6 47 4 40
0 47 30 10
30 44 27 9
5 38 10 3
4 36 40 22
21 42 43 5
37 19 14 39
30 17 40 42
2 35 49 29
28 12 45 24
29 20 18 25
8 34 8 46
30 16 48 36
10 40 21 2
41 41 38 0
0 36 9 48
36 8 40 36
35 3 2 1
27 15 39 33
34 16 38 25
38 17 35 26
25 38 4 1
37 13 39 8
15 37 35 13
25 33 35 13
18 27 12 44
31 27 49 40
21 20 33 27
32 23 2 3
41 19 47 27
21 20 13 45
11 33 41 12
1 40 44 26
38 21 40 8
0 36 27 0
11 46 8 41
9 32 12 42
25 32 44 45
32 16 43 10
9 42 49 26
38 12 34 9
23 22 45 11
2 39 1 7
2 41 6 48
27 26 13 39
0 38 5 39
13 41 43 22
26 46 42 14
26 1 0 1
1 34 40 26
23 20 41 10
40 8 7 36
37 10 13 36
32 13 29 19
4 38 13 2
14 24 8 8
27 17 39 26
13 22 42 32
25 9 28 1
34 14 7 1
2 28 49 36
0 37 9 35
25 48 27 26
27 43 43 24
32 40 42 2
29 17 41 27
20 35 41 22
17 41 40 26
1 38 4 5
30 20 23 4
30 9 39 33
22 45 16 42
38 18 43 27
25 25 36 3
20 37 36 19
2 38 45 21
18 24 35 4
0 41 46 28
2 37 35 42
15 24 42 29
5 48 11 40
27 10 40 14
25 22 43 30
21 9 7 1
9 39 7 3
8 25 1 36
28 20 38 14
31 19 7 11
31 16 33 2
20 17 42 7
0 39 40 17
0 39 44 23
35 28 44 46
17 40 38 23
12 25 11 42
28 21 46 24
26 30 8 24
27 42 36 4
24 13 9 38
3 35 47 38
16 32 33 7
18 13 7 42
21 47 12 42
1 39 24 11
37 23 32 7
14 33 40 23
25 16 49 39
7 35 40 25
34 17 42 15
33 20 38 10
0 33 37 4
28 20 31 6
31 30 41 24
3 31 46 20
25 28 41 26
27 46 45 24
35 35 44 21
40 27 38 4
36 24 36 10
3 37 45 5
18 43 34 2
20 30 4 5
16 48 29 11
38 14 31 21
43 10 33 10
38 11 41 38
11 34 48 35
1 36 45 32
4 33 43 40
24 22 44 42
29 10 40 8
12 30 41 5
18 34 47 25
4 32 10 4
38 13 36 26
0 48 2 1
1 31 27 9
30 41 46 34
17 40 8 26
35 42 35 3
22 17 4 3
37 17 49 39
5 39 45 16
44 26 5 37
36 18 1 5
3 35 6 1
32 14 2 5
30 23 16 1
14 37 48 31
1 35 11 40
20 27 45 15
2 36 14 45
2 33 44 14
6 35 46 36
12 42 2 39
28 45 45 28
9 42 36 28
10 45 28 11
47 38 36 27
16 23 47 37
2 42 5 1
31 22 39 40
23 20 39 32
6 38 12 45
46 22 43 29
27 15 43 26
38 39 49 27
41 35 36 4
34 2 42 26
0 38 46 25
21 43 43 24
13 30 33 15
2 36 45 40
28 21 47 23
44 20 45 28
5 24 39 24
28 24 36 16
24 14 49 33
3 35 42 24
21 16 41 7
2 36 9 45
10 32 11 39
35 8 34 15
33 19 44 28
1 19 12 46
49 39 24 38
1 36 33 29
19 47 2 8
37 21 32 7
2 25 35 3
4 36 7 4
33 11 42 17
1 33 46 15
28 8 37 23
25 41 43 34
4 27 34 1
15 45 12 33
38 14 33 8
13 49 8 39
5 33 26 0
1 40 31 36
24 42 10 2
6 42 45 26
7 15 14 36
26 49 4 0
26 30 48 30
9 20 7 4
27 27 40 15
0 39 35 37
32 10 40 0
23 3 37 19
38 13 36 2
24 15 35 28
31 22 4 44
2 40 39 15
36 48 1 9
6 14 37 22
27 34 42 2
4 34 47 30
27 12 3 3
6 43 10 40
31 25 34 29
39 15 11 47
8 38 1 5
28 12 46 32
29 5 40 35
38 24 3 46
23 42 41 8
0 40 32 4
6 45 11 40
30 19 39 37
14 25 42 27
44 43 37 24
3 29 38 2
21 42 39 23
33 16 38 29
17 44 5 3
15 23 32 3
22 18 18 45
38 45 14 44
13 48 45 29
4 44 33 5
29 48 44 24
23 47 30 3
3 39 30 11
41 26 34 2
7 42 5 1
4 34 33 0
24 33 9 46
21 15 44 27
30 46 42 36
0 39 33 11
28 4 35 10
28 14 39 11
18 23 36 25
23 46 44 38
27 24 44 28
38 6 49 5
31 46 33 6
11 36 2 3
16 25 43 34
19 22 25 4
1 36 6 41
27 44 38 29
21 24 43 28
31 25 45 33
2 24 30 0
8 16 44 29
12 35 28 12
30 18 45 16
38 24 2 43
19 21 49 20
31 17 37 32
21 46 27 6
19 19 8 0
31 33 4 2
31 11 47 8
18 34 46 27
0 34 48 9
28 29 44 19
30 25 41 13
1 26 45 31
6 24 35 36
0 37 7 42
23 21 14 43
14 13 36 18
3 36 11 2
13 22 39 26
44 48 6 37
25 14 10 26
22 44 17 46
6 21 12 39
6 37 47 35
36 39 28 5
16 8 26 8
33 7 46 22
35 24 42 22
20 24 35 3
13 28 8 40
22 43 5 1
5 16 14 45
28 6 45 22
2 37 31 14
14 31 4 40
16 46 36 37
2 38 45 27
10 32 42 40
35 27 27 5
3 42 12 2
7 34 47 41
0 33 9 0
18 17 4 40
41 21 7 36
45 7 47 23
38 10 14 47
4 30 39 8
2 41 48 39
7 31 49 40
33 41 36 9
13 33 43 29
5 41 18 0
5 36 34 4
26 22 48 19
24 38 36 4
11 43 32 7
2 39 47 28
39 34 34 30
37 18 35 9
11 26 30 1
30 9 39 0
24 13 47 17
32 20 10 40
23 30 42 32
33 47 16 33
21 27 15 1
5 40 44 11
6 20 27 7
1 34 47 41
16 38 6 44
2 48 46 32
30 44 41 35
1 27 43 13
26 45 8 3
21 33 31 13
2 38 31 26
20 18 42 17
3 36 31 27
33 45 37 1
4 34 42 24
22 27 7 35
31 7 40 6
34 24 10 3
1 46 46 28
28 22 30 12
34 18 12 43
2 23 15 6
0 35 14 43
30 49 40 21
36 12 41 12
20 27 9 7
19 16 12 39
0 37 48 17
28 27 41 2
2 35 36 42
4 41 39 23
0 36 46 24
7 48 9 41
0 32 13 38
32 45 40 3
1 34 48 29
14 16 29 10
2 27 40 20
40 21 14 47
1 38 2 2
19 22 14 44
9 46 44 37
26 31 17 49
18 22 7 46
23 16 28 6
37 27 6 2
16 24 46 18
46 32 43 27
28 0 39 29
31 41 1 45
1 28 19 47
9 22 38 7
24 19 36 31
14 49 42 40
36 15 34 5
16 31 19 49
24 39 44 27
28 29 39 17
0 34 0 6
26 18 6 35
5 35 15 43
34 16 31 4
31 5 42 20
24 21 39 6
33 10 37 25
14 46 44 43
29 27 42 28
34 16 43 25
21 9 0 4
34 28 5 46
0 34 28 9
32 18 39 30
10 45 38 16
5 25 42 26
16 17 8 44
0 34 2 6
6 32 7 38
3 37 46 22
12 48 36 32
15 8 35 20
24 25 43 26
20 18 3 2
21 39 12 46
33 4 31 28
4 32 4 43
32 3 13 44
2 33 10 45
26 1 44 6
1 36 29 8
24 21 28 9
35 10 7 42
15 26 16 40
25 22 35 11
21 24 43 28
19 42 1 11
29 23 12 4
2 36 44 17
5 44 32 3
22 8 49 37
27 1 6 41
19 21 44 17
21 24 42 24
4 35 17 40
1 41 14 42
35 18 42 24
0 34 35 11
4 22 10 37
23 38 46 28
22 36 47 31
17 31 10 39
32 46 38 30
37 18 31 6
21 43 9 8
27 49 32 23
0 39 49 42
26 10 39 9
8 38 12 44
5 39 45 19
15 47 8 43
31 15 43 28
23 25 2 0
23 49 40 36
17 27 45 23
8 34 49 30
24 47 38 3
27 26 44 27
10 33 45 2
5 32 14 40
23 18 45 29
3 36 37 30
30 22 34 1
16 49 14 45
32 17 44 10
7 34 41 3
1 31 15 43
27 44 38 35
13 32 15 43
24 30 49 35
9 38 33 6
7 49 29 17
26 45 8 41
34 16 5 41
26 5 44 47
41 18 6 42
12 30 31 1
39 19 42 1
27 46 5 4
27 18 41 39
10 39 5 5
1 35 48 17
12 35 44 30
31 35 44 31
29 45 36 10
11 46 32 32
1 34 7 0
23 44 48 28
4 34 10 49
25 2 30 32
2 35 35 28
30 19 14 39
2 17 45 29
48 42 5 2
27 15 40 27
18 23 18 44
20 43 5 47
46 37 48 17
10 27 47 32
4 39 3 6
22 2 49 28
41 47 10 41
41 40 37 13
22 37 45 35
17 31 39 9
32 8 10 32
26 47 10 40
3 35 11 5
31 18 5 42
6 46 44 17
14 17 37 23
33 26 36 21
31 46 30 15
38 10 30 8
37 16 36 21
23 18 39 11
0 34 4 39
32 12 2 39
3 37 11 45
38 13 37 24
31 5 47 37
39 44 33 7
1 37 41 30
28 18 42 27
24 44 13 48
15 28 38 26
15 19 48 21
4 18 7 6
2 40 5 42
0 36 37 26
12 14 7 41
0 37 36 3
22 30 13 43
29 18 46 29
18 26 49 23
33 17 41 41
26 7 43 10
29 36 48 26
23 46 47 36
10 47 4 1
23 16 34 18
23 46 40 20
34 44 37 20
0 36 49 38
5 26 9 43
9 42 8 36
16 40 34 25
4 35 42 2
37 36 46 30
39 10 47 28
1 33 39 20
17 25 36 27
48 29 37 11
5 34 43 24
7 46 7 1
2 29 49 37
12 36 39 20
13 48 39 26
33 36 36 20
2 30 7 4
39 12 44 27
26 13 44 25
20 17 44 28
13 31 34 11
2 36 31 2
1 34 29 13
37 17 38 13
26 35 44 25
40 9 3 3
15 44 6 42
24 19 8 1
21 44 18 35
20 46 41 25
37 42 9 37
34 15 45 17
13 18 38 26
10 45 43 23
28 15 5 5
14 47 36 13
2 34 5 4
25 19 45 20
18 26 28 4
25 47 41 21
35 30 9 40
5 37 42 29
39 5 35 1
48 43 2 12
33 8 40 5
24 35 37 8
17 25 34 0
14 22 42 13
6 49 39 25
33 15 27 31
25 12 2 2
18 48 37 4
31 16 48 25
33 47 5 42
16 39 17 48
13 27 28 24
4 21 47 11
30 30 37 13
18 42 46 37
2 40 40 26
19 27 48 16
27 3 5 37
10 28 7 1
23 42 13 37
32 49 8 34
1 34 9 1
38 11 39 0
3 42 36 14
17 39 7 4
2 35 45 33
0 44 9 40
31 16 39 30
8 37 38 39
23 27 9 2
28 31 35 3
30 21 40 24
24 22 45 41
20 24 25 17
25 14 45 31
18 18 43 24
2 42 41 32
20 31 34 26
10 45 31 20
33 7 12 35
16 48 33 3
18 31 44 29
22 42 33 11
41 0 26 0
34 25 34 4
1 32 38 3
0 31 32 5
0 38 38 22
19 30 45 34
1 36 43 26
26 49 9 41
31 11 42 27
31 7 40 20
13 28 12 44
13 23 42 25
19 14 10 40
30 39 43 25
27 19 27 24
26 8 44 25
18 39 3 6
21 21 6 4
18 41 35 28
10 14 46 38
29 10 37 24
4 37 44 32
1 36 35 22
1 33 40 22
24 19 38 34
46 30 8 32
4 47 4 0
1 32 33 3
33 45 13 42
12 45 39 28
2 45 39 39
6 24 45 39
37 41 2 1
8 45 49 25
15 21 13 40
6 48 43 31
20 41 8 37
39 13 36 4
37 39 35 10
23 19 41 26
1 34 31 12
30 40 1 13
0 35 36 31
6 23 33 34
2 35 34 14
2 38 8 0
6 37 43 12
25 30 27 12
26 35 44 20
4 42 5 4
34 23 49 17
16 3 30 16
29 2 40 32
3 38 44 11
39 11 46 24
0 35 46 19
1 35 46 28
40 7 30 11
6 38 11 42
4 31 9 12
6 37 0 3
37 13 8 3
31 20 32 28
39 31 42 29
32 41 47 10
0 26 31 0
27 15 46 23
10 38 37 28
17 19 12 36
30 43 37 7
29 12 47 37
32 11 37 2
28 41 10 46
24 41 36 12
30 34 32 21
1 35 16 42
9 38 7 1
38 18 46 39
23 21 40 28
29 22 10 42
45 37 33 7
36 16 41 22
1 32 37 24
28 3 38 38
20 48 43 37
48 46 3 37
23 18 6 0
22 47 47 20
41 21 4 45
30 12 45 18
25 42 28 6
38 9 31 21
28 45 46 26
41 44 9 0
41 1 40 8
6 46 4 37
25 16 44 28
15 46 45 23
1 39 46 11
14 27 49 10
0 29 11 43
25 19 31 7
31 39 40 27
16 33 13 38
29 34 33 8
24 26 6 0
0 38 42 22
37 21 48 22
22 25 42 30
35 15 43 28
11 48 6 1
19 49 38 6
23 34 39 25
6 47 39 4
27 44 29 18
17 18 45 24
5 35 30 25
39 49 36 9
2 35 49 21
29 21 36 23
31 17 44 20
3 31 41 35
1 37 7 2
27 29 38 10
45 9 36 25
25 28 39 25
0 35 48 43
22 30 7 42
12 10 37 25
17 33 34 10
7 37 9 3
9 23 41 3
6 24 43 22
19 19 6 4
19 18 40 6
22 23 9 39
5 44 41 23
23 28 43 36
10 34 35 23
1 40 41 27
11 28 43 30
24 42 36 16
7 22 31 15
28 9 39 24
26 28 42 30
6 34 44 32
35 19 40 2
6 38 33 3
3 37 10 41
22 25 40 14
28 14 17 43
4 15 36 9
24 31 5 0
26 42 12 41
15 23 36 35
0 25 39 12
26 20 17 46
1 37 7 39
25 29 14 42
32 43 47 31
25 45 35 10
3 36 33 5
10 24 25 10
41 20 43 11
8 19 48 36
21 47 27 1
20 15 36 16
40 16 48 20
4 48 36 30
21 21 9 2
0 31 34 12
12 34 25 3
25 32 38 1
1 34 43 21
26 10 42 36
27 47 48 32
3 42 38 22
33 19 35 6
28 37 37 27
14 41 48 27
0 38 9 45
17 28 10 41
17 32 31 3
33 42 36 10
0 22 4 7
25 26 1 15
15 43 34 26
27 41 9 40
35 19 4 1
28 2 34 8
17 29 14 43
29 11 14 37
41 5 43 38
21 23 36 10
21 34 40 18
19 10 15 38
10 16 39 28
1 35 3 0
29 7 5 40
18 27 46 40
38 17 26 9
28 48 35 1
31 10 49 30
21 23 0 8
31 16 40 21
29 20 41 22
15 35 28 15
36 14 45 12
22 40 49 26
25 47 5 38
26 25 49 4
26 14 39 39
22 37 4 46
29 4 45 0
29 41 11 47
21 34 2 9
34 45 49 17
16 46 34 28
25 19 38 28
18 26 45 31
20 37 32 3
33 44 44 21
13 29 31 19
17 40 40 6
16 38 44 32
1 40 46 30
34 9 44 21
48 20 11 41
14 24 43 26
13 23 41 15
24 40 32 9
20 11 46 5
22 33 27 27
44 9 36 11
24 2 8 1
16 23 43 10
26 33 48 37
22 48 38 22
15 17 33 4
31 40 26 6
25 47 33 0
8 17 43 28
25 34 46 26
1 32 37 30
24 34 45 28
37 33 46 33
2 36 32 1
39 8 47 27
18 31 5 2
1 40 40 18
20 48 43 31
23 11 25 0
26 37 40 22
31 23 28 0
36 24 43 6
27 30 40 31
0 31 5 40
35 9 36 26
1 33 37 26
9 36 38 12
9 40 33 33
46 16 36 27
32 25 37 29
21 13 1 2
3 38 42 32
34 37 44 18
29 28 11 2
32 15 41 34
23 36 10 4
10 32 44 31
28 36 35 10
3 35 44 32
10 45 33 27
30 21 1 0
32 13 3 0
6 41 4 46
39 32 45 25
35 31 38 27
13 21 43 32
12 47 24 34
27 14 5 41
31 10 10 41
1 33 32 8
2 40 16 41
32 6 34 30
0 36 44 34
23 18 3 36
1 35 49 27
38 46 40 4
10 22 38 19
18 10 27 10
34 15 46 40
13 34 45 34
4 38 39 26
0 36 38 15
26 18 34 19
24 23 43 30
2 41 42 19
26 7 37 24
42 28 44 25
17 41 8 36
15 37 27 4
2 38 39 10
9 35 37 14
2 40 33 20
14 14 5 34
43 26 40 17
28 20 17 45
0 34 47 32
12 21 38 10
15 30 48 23
4 41 9 40
48 47 7 45
11 27 9 45
26 44 6 40
30 24 23 21
35 14 46 10
26 16 4 7
8 22 36 23
0 36 43 34
38 13 42 26
17 18 8 2
40 22 45 35
44 9 7 46
34 13 38 25
31 21 6 2
17 32 8 1
31 16 9 37
23 18 11 0
39 38 47 28
21 23 12 3
2 43 37 25
24 16 13 42
10 34 44 29
21 23 15 35
29 43 41 26
4 24 41 31
2 39 34 14
30 18 36 25
11 22 2 40
5 49 2 5
25 22 37 2
17 22 7 38
22 30 39 2
4 25 44 34
2 39 5 6
44 11 35 24
31 30 14 43
28 24 38 10
15 37 42 1
30 15 6 5
41 45 25 6
33 32 47 21
28 15 44 34
35 14 8 48
7 39 24 9
22 21 44 21
3 36 38 19
15 25 46 42
25 49 33 4
37 31 38 24
3 24 43 22
49 47 4 8
21 17 46 15
1 37 46 27
23 10 36 7
27 25 34 24
0 44 35 16
4 33 0 1
33 5 30 29
