50 174 11164 800
35 22 3 24
4 18 34 4
19 30 33 42
19 19 30 31
11 25 19 35
14 26 2 22
21 24 5 43
25 23 11 36
10 0 7 19
43 45 10 38
33 40 38 12
30 29 40 17
47 31 10 28
4 0 10 43
7 20 36 31
4 18 17 44
3 32 12 30
28 44 22 8
32 20 45 45
10 17 10 37
6 10 43 33
35 34 42 3
33 29 6 5
27 19 20 35
11 48 0 11
14 30 38 48
33 30 40 18
35 23 40 36
24 31 9 41
1 7 39 11
10 34 27 24
4 21 18 36
44 46 11 19
16 12 6 19
5 30 9 38
26 48 32 9
26 37 18 8
22 3 33 39
30 23 5 20
31 19 40 11
33 38 6 14
31 22 19 20
34 32 7 28
26 18 14 21
32 19 39 39
13 19 24 16
31 30 39 36
23 29 7 38
5 14 46 49
34 39 21 47
15 43 34 20
11 40 20 38
3 5 11 27
14 21 35 5
19 1 45 25
30 16 21 40
8 4 12 38
8 17 31 48
25 34 42 32
28 22 10 48
22 30 10 39
1 32 32 26
37 0 28 14
27 48 24 41
9 10 13 32
48 11 31 39
37 17 14 18
5 16 30 8
33 26 16 47
12 2 39 37
32 5 40 46
12 22 41 39
35 47 34 36
47 41 32 42
30 49 37 31
22 30 29 37
17 24 8 5
11 0 24 15
32 33 20 37
12 0 28 9
9 3 16 45
12 7 41 30
28 41 24 11
29 18 49 21
38 22 39 36
35 23 31 22
30 3 20 37
28 43 44 9
21 12 35 3
13 36 42 40
35 33 17 37
30 18 8 37
31 37 9 40
15 22 44 46
44 46 43 42
40 37 39 33
34 40 5 45
45 35 36 38
31 26 49 34
46 25 20 35
12 29 9 45
18 37 17 32
5 19 22 42
18 18 46 36
21 27 22 39
11 10 7 40
33 35 10 39
7 17 24 34
24 47 15 41
18 20 18 29
8 16 40 18
16 26 37 30
46 23 1 25
9 15 8 41
29 35 46 40
42 26 12 13
21 33 4 26
27 21 13 19
23 0 23 44
37 38 16 38
30 29 35 31
24 32 12 35
7 16 27 40
28 41 28 47
43 28 38 49
18 16 8 39
23 24 46 25
27 18 1 1
29 37 44 20
26 5 8 42
12 6 31 25
17 7 15 31
13 21 23 13
35 16 12 36
14 10 35 18
24 16 6 39
32 39 19 34
5 14 9 16
11 13 33 14
14 1 33 5
45 19 41 25
11 28 40 37
30 31 49 42
26 30 47 34
17 27 25 39
23 30 19 5
9 38 10 42
23 5 36 47
21 22 31 2
27 45 23 25
29 25 10 46
29 17 38 41
8 34 9 41
20 0 20 36
19 11 4 41
31 37 24 28
40 46 10 45
17 26 4 39
24 18 21 38
19 43 5 36
20 10 11 39
26 32 4 43
26 40 15 35
20 10 14 19
35 30 32 23
24 26 2 25
32 25 27 25
31 3 13 45
34 26 15 38
45 40 12 29
31 45 31 22
31 37 37 22
32 42 37 5
44 16 49 38
