50 284 18083 800
27 3 40 47
22 43 22 32
20 11 48 2
24 8 11 29
16 8 27 41
28 22 26 15
14 16 17 26
5 11 16 44
5 27 35 2
37 14 47 29
26 22 32 35
1 22 9 39
28 11 24 37
3 12 6 34
26 23 26 33
23 7 3 5
2 6 33 5
25 11 17 11
36 26 4 47
47 12 14 24
16 19 34 44
24 18 44 48
21 31 12 36
24 48 34 22
7 29 30 6
26 27 9 5
33 31 37 30
37 12 30 41
47 30 17 31
41 38 14 43
14 33 2 44
18 2 6 32
11 31 9 2
37 28 11 33
28 48 16 5
17 35 35 0
24 6 37 5
40 32 27 30
30 35 31 6
30 21 7 6
34 23 15 31
33 20 32 0
28 19 15 6
36 38 9 28
11 29 33 4
33 7 34 31
49 29 15 28
45 45 39 39
16 8 12 24
8 3 23 28
43 42 32 33
28 8 22 44
24 15 41 39
30 5 34 7
27 1 32 3
28 15 31 24
8 10 9 47
27 2 14 34
40 45 48 48
17 45 32 7
15 2 22 38
21 15 7 49
19 22 36 3
45 43 15 35
0 12 1 4
19 14 37 7
12 5 30 32
31 22 28 3
30 40 11 47
21 4 11 45
5 4 37 7
36 18 10 19
19 17 12 47
41 17 27 46
30 30 24 35
26 6 10 40
9 34 30 37
46 42 16 4
23 14 38 28
11 38 49 45
23 32 30 6
47 5 15 34
36 22 12 11
39 40 4 12
38 32 31 49
26 10 13 42
1 7 12 30
24 27 40 20
13 33 23 31
1 0 13 6
14 10 27 22
27 25 20 32
10 16 10 44
3 6 20 35
1 8 36 1
22 6 19 23
25 11 11 5
41 44 46 49
12 6 32 2
39 31 34 1
3 9 8 0
9 30 36 7
48 49 37 37
34 20 17 36
23 8 45 47
31 19 24 40
46 17 44 43
22 16 30 27
32 35 20 17
10 11 20 49
49 38 34 5
40 33 4 0
34 47 6 44
8 4 35 23
29 36 6 12
31 4 11 18
37 12 16 36
23 24 39 9
6 8 29 44
27 43 27 35
26 15 12 48
20 9 7 37
3 13 14 3
3 8 43 27
48 26 30 49
18 31 33 1
28 18 24 43
13 27 19 32
36 35 16 29
10 4 18 34
9 24 4 3
40 44 23 39
19 7 3 37
32 17 31 2
1 5 13 48
31 28 25 37
14 20 35 0
29 42 39 43
1 5 23 44
33 33 43 33
49 39 14 47
29 35 38 44
30 9 17 2
31 14 36 32
46 41 13 29
33 12 23 32
30 24 22 37
38 34 6 1
27 5 29 43
6 10 0 47
44 26 35 5
47 40 48 30
8 47 35 10
20 19 35 39
33 29 18 2
6 9 24 45
2 11 17 34
33 38 38 1
35 26 38 0
35 8 17 5
7 9 26 43
36 5 48 42
36 36 9 2
21 2 18 11
25 23 36 4
31 16 1 45
29 5 5 40
25 24 1 27
47 16 34 8
8 6 18 4
4 4 12 37
35 35 27 37
15 31 1 48
30 28 24 5
45 49 33 38
34 30 8 45
41 31 20 36
28 48 48 31
2 30 13 49
28 10 7 34
6 4 14 31
14 0 44 47
16 32 36 3
25 22 1 1
43 45 30 1
48 44 36 34
37 23 32 42
41 14 34 3
6 27 34 21
33 9 37 1
48 22 31 2
28 18 13 27
22 5 34 6
43 39 23 6
5 8 34 7
28 21 14 38
47 46 18 40
33 12 8 45
35 0 30 39
28 22 12 43
30 22 13 11
41 46 28 24
29 4 29 9
29 11 32 5
24 49 36 3
10 8 47 38
48 27 36 5
31 48 11 41
26 38 14 32
7 26 14 25
30 12 28 28
5 14 18 4
26 27 20 9
25 26 13 21
1 19 24 47
36 12 20 4
47 17 45 37
38 38 47 25
26 34 34 3
1 9 39 4
43 17 18 4
28 29 8 45
26 12 24 31
29 21 6 49
6 40 3 4
16 30 48 48
13 4 28 5
20 35 13 27
12 30 30 7
36 16 33 1
19 25 34 2
39 45 49 19
30 40 16 31
2 9 23 24
28 41 39 1
32 8 5 1
1 9 11 5
12 15 2 5
0 17 38 0
43 37 26 45
36 27 37 9
26 32 30 9
10 10 41 46
36 2 31 9
31 11 8 38
3 8 32 49
9 31 13 34
49 4 25 40
35 24 21 45
43 36 0 0
26 31 22 37
24 1 30 36
0 7 7 20
20 21 22 4
29 9 13 33
27 27 18 10
5 9 7 47
37 34 4 40
47 47 29 7
12 21 44 43
49 19 36 48
24 8 19 22
20 24 41 34
40 44 30 43
34 8 28 37
44 39 23 47
11 40 16 26
34 31 32 10
20 33 48 39
35 17 12 43
48 40 27 2
28 49 16 46
40 35 38 2
33 16 5 29
26 9 39 32
5 20 20 47
27 28 34 42
32 8 15 30
29 23 39 1
39 16 22 0
1 30 13 25
23 47 6 4
39 26 11 43
2 35 43 49
