50 1067 16796 800
23 47 13 42
43 3 41 35
34 39 11 43
12 6 11 0
15 33 6 12
38 46 9 2
40 6 4 36
43 39 9 41
14 13 14 43
39 29 29 17
21 43 13 6
29 45 48 40
44 2 9 1
11 10 33 32
18 19 21 14
24 25 36 44
46 5 7 44
30 46 13 19
21 19 2 47
20 27 12 36
46 46 34 32
30 24 47 9
43 30 40 37
41 37 10 46
8 10 9 2
12 14 18 6
24 47 4 1
18 30 14 45
17 29 19 15
26 46 47 40
46 37 18 22
32 36 49 3
41 42 13 46
17 6 1 3
32 46 18 48
26 39 14 42
45 9 10 46
16 30 34 25
39 49 44 31
34 42 37 44
30 10 6 7
25 48 41 31
13 33 41 37
36 45 44 31
24 45 44 37
7 7 36 40
17 29 11 23
45 6 11 46
46 7 23 16
20 26 40 41
20 46 13 46
28 45 12 48
21 47 30 34
21 39 37 31
35 25 11 44
27 42 38 39
28 48 12 39
31 47 2 0
11 5 10 0
34 1 36 12
9 16 9 45
17 4 9 41
46 40 10 43
36 15 13 40
49 3 39 38
12 22 42 35
48 45 40 33
27 49 34 35
16 49 11 43
35 27 40 32
18 22 38 41
30 19 7 41
49 4 8 13
14 12 12 43
43 3 11 21
12 4 43 36
27 32 32 30
9 10 6 3
29 34 44 32
12 24 28 28
11 25 32 23
33 25 11 46
25 47 11 41
43 38 9 44
18 23 8 40
18 23 28 34
12 27 40 24
12 3 3 4
28 48 10 15
12 7 35 5
24 46 11 46
13 15 4 48
27 15 39 41
35 49 47 36
13 11 39 37
27 29 10 5
29 18 28 49
14 25 15 43
27 44 49 39
22 41 38 41
30 40 23 18
41 2 34 49
22 42 38 39
31 0 8 43
10 4 11 40
48 1 20 12
33 12 37 37
27 26 10 45
15 18 12 3
38 41 6 7
32 47 13 5
44 7 8 4
32 12 6 7
23 44 41 36
21 45 15 24
29 43 42 36
47 36 24 7
12 24 13 14
40 9 10 27
11 25 32 35
18 33 11 46
25 47 10 48
26 48 21 19
43 0 35 22
12 12 27 0
13 6 18 6
44 48 5 48
39 32 23 34
20 8 45 43
8 5 44 39
23 44 39 35
43 11 44 37
21 23 40 4
26 43 24 7
33 46 25 8
16 38 8 45
29 44 12 46
34 29 41 31
30 47 17 12
10 13 47 33
26 21 5 48
27 44 10 9
29 20 6 48
45 41 27 31
21 12 16 3
18 24 3 24
34 32 30 30
20 30 45 40
27 46 2 42
14 20 8 1
12 14 14 44
27 10 9 49
30 7 31 33
30 47 8 46
29 47 11 46
41 45 20 30
43 14 14 32
22 28 6 47
39 29 25 14
6 7 2 0
11 11 12 45
47 24 6 49
6 6 14 41
44 34 12 41
47 40 8 43
9 9 7 49
48 40 29 46
27 46 30 34
23 32 8 44
48 45 33 20
6 13 9 2
44 5 13 46
26 48 36 32
19 17 32 38
24 44 39 33
14 28 35 31
11 18 12 43
36 29 43 33
17 20 36 29
40 40 1 0
37 17 37 38
7 13 31 41
9 37 14 41
15 23 18 39
45 11 35 31
12 34 42 35
47 22 12 3
24 45 33 19
8 4 9 30
31 45 15 12
27 48 1 8
21 44 12 44
24 48 23 12
16 44 12 38
24 47 24 32
26 47 15 46
7 6 41 43
26 45 40 33
26 45 38 36
17 24 12 47
23 20 34 34
32 44 12 49
16 32 0 2
12 5 2 43
18 7 12 5
12 5 41 33
11 11 4 9
42 49 13 42
26 33 14 43
42 6 10 44
10 24 7 6
19 16 5 1
35 44 37 13
12 27 46 34
45 7 3 45
4 30 5 40
42 47 3 42
29 47 40 29
26 34 2 45
46 47 14 3
10 10 12 47
22 21 38 38
45 7 8 7
23 46 34 39
17 33 22 33
14 30 40 23
10 30 9 44
44 0 41 31
17 7 12 40
28 45 49 46
16 25 3 35
37 37 11 47
28 42 12 45
23 15 5 0
10 28 9 45
18 21 43 36
27 28 7 0
22 24 8 3
33 46 9 11
45 5 4 20
18 13 39 26
35 49 10 46
10 6 8 43
40 39 1 40
41 3 5 47
14 9 35 39
43 20 1 9
28 48 3 2
42 33 14 41
15 23 8 15
38 43 2 7
46 7 38 42
17 28 25 14
26 45 10 4
23 44 32 29
30 44 42 31
28 39 25 31
15 9 7 9
9 5 23 49
41 29 43 34
41 17 30 33
20 43 11 40
25 48 7 14
29 47 7 46
26 28 48 14
12 32 19 16
10 4 33 40
37 41 0 0
49 42 47 3
30 47 10 18
42 36 8 23
19 27 40 24
12 16 11 47
12 9 35 34
14 5 3 48
6 25 48 31
15 31 48 28
22 24 4 47
28 44 0 49
6 33 44 19
25 34 8 45
25 45 2 44
46 9 42 35
29 36 38 48
7 12 40 34
41 45 38 26
24 42 1 37
42 36 1 5
27 44 34 30
12 9 36 30
24 44 1 47
7 15 46 31
25 25 9 49
32 35 9 45
24 25 2 30
43 38 9 46
42 4 44 36
12 6 39 32
48 7 11 43
31 14 38 31
12 7 35 37
15 2 45 41
17 30 27 36
37 36 0 0
22 45 31 33
46 35 10 45
47 8 7 41
15 30 49 42
12 4 31 13
40 3 1 46
35 31 41 35
27 19 13 44
22 37 40 32
47 8 26 13
14 14 2 2
22 42 31 20
29 27 15 43
47 0 6 45
24 45 48 45
16 3 0 44
38 47 45 46
10 34 9 44
8 35 36 39
38 44 42 23
36 44 2 4
21 46 9 0
47 31 43 36
43 5 12 44
23 47 15 6
20 13 28 11
43 40 29 46
38 12 46 27
18 21 6 17
12 37 3 7
40 35 10 43
22 38 38 43
16 23 12 11
36 10 14 48
20 19 40 41
12 18 30 45
9 30 15 37
46 40 10 41
22 19 6 39
15 22 14 3
47 35 8 44
17 4 36 28
23 20 28 12
46 8 9 48
33 45 0 4
28 43 6 47
31 40 1 40
48 5 19 39
16 22 28 40
11 9 48 45
42 5 13 43
19 17 7 48
25 46 2 7
23 25 5 3
6 22 0 46
28 44 12 47
23 16 8 49
42 5 9 46
46 3 34 40
42 0 8 2
21 47 41 36
16 21 9 43
48 34 45 40
24 9 49 32
25 9 2 48
23 24 43 39
37 42 40 33
30 35 14 44
19 36 9 44
10 28 6 44
29 31 45 31
20 7 16 2
21 29 6 2
18 38 27 28
28 45 6 32
11 14 35 32
28 48 18 11
29 44 28 24
41 42 43 36
48 38 21 9
20 47 13 42
47 47 7 43
25 43 15 10
13 31 9 40
12 8 13 43
29 42 7 49
42 43 9 46
31 36 8 1
18 29 26 20
30 46 11 42
23 47 19 9
30 7 25 39
15 8 12 43
13 5 48 48
41 11 45 33
17 9 43 39
23 20 40 35
43 36 37 34
37 16 9 41
35 36 40 45
34 30 10 8
21 31 19 39
32 24 35 35
44 9 26 45
20 35 44 37
27 27 25 12
25 45 42 36
45 10 35 34
12 14 20 45
25 40 11 43
12 11 45 30
16 37 35 38
10 35 33 35
39 2 6 0
36 23 1 4
27 43 48 46
9 33 31 47
26 48 23 27
25 39 5 46
26 13 1 0
47 24 7 44
45 43 12 48
16 13 38 22
26 20 29 16
11 4 11 43
49 9 4 47
39 15 13 47
20 20 36 39
44 49 12 49
35 29 6 2
47 10 36 39
36 44 38 41
32 41 41 11
14 14 35 36
48 8 35 29
20 45 1 10
28 25 7 46
32 47 25 5
25 37 31 32
24 24 10 25
14 38 43 0
20 45 4 32
38 39 11 42
28 30 5 6
16 8 22 41
24 42 6 2
11 11 4 46
45 46 13 22
38 20 35 36
18 7 11 41
12 3 7 44
7 7 32 37
19 48 21 7
26 47 12 20
29 13 37 38
46 4 42 34
29 44 10 47
26 49 38 35
13 29 26 49
43 9 44 39
26 48 43 34
42 5 16 9
9 15 25 11
12 3 41 47
22 46 10 39
42 43 3 49
17 20 13 44
48 47 10 42
33 12 3 46
30 47 33 19
27 43 24 12
25 42 9 44
12 35 47 38
28 48 12 44
48 4 19 7
36 41 8 38
42 5 37 28
28 44 40 35
13 39 19 15
47 16 23 16
29 46 41 16
15 27 44 27
16 14 13 3
19 9 13 49
23 22 36 35
13 1 1 5
41 9 46 34
14 7 15 42
33 48 7 47
9 28 7 7
11 32 10 44
15 7 42 36
15 6 2 47
14 27 5 1
46 44 22 42
35 27 12 2
22 24 14 47
28 22 21 9
40 36 2 0
24 19 5 41
49 2 40 47
12 7 11 1
31 18 48 47
47 8 9 40
11 8 38 36
22 46 12 43
19 17 39 35
29 47 39 36
21 19 5 17
16 32 10 44
24 39 15 42
44 2 7 49
38 47 28 26
22 47 9 42
49 40 12 6
46 17 11 43
44 1 3 42
3 38 30 39
14 10 7 48
36 37 8 48
28 48 38 35
20 11 35 16
17 13 44 37
22 44 33 23
26 47 31 33
20 35 18 15
14 7 44 17
43 9 43 34
20 30 43 39
45 41 4 4
32 3 42 34
21 44 35 27
38 47 37 37
49 48 11 42
27 44 49 20
8 13 1 1
43 0 41 33
45 23 3 7
15 21 14 43
13 34 6 9
18 20 18 39
15 10 12 40
44 49 11 48
41 15 8 3
47 5 38 33
29 47 45 35
49 48 36 46
48 6 35 35
47 8 8 45
11 12 10 47
26 48 44 45
10 13 15 38
46 31 11 45
13 6 3 7
10 30 8 5
47 44 14 45
11 33 31 31
17 18 10 42
25 47 40 33
21 29 10 0
27 15 10 2
16 5 41 35
13 34 43 41
23 43 43 42
29 49 36 29
15 10 11 1
13 7 5 41
32 2 18 4
26 39 8 42
34 47 16 15
47 12 7 5
12 9 17 31
23 12 5 35
28 35 19 35
34 46 33 15
16 9 11 40
15 33 25 3
26 33 16 44
20 47 38 38
17 31 9 42
45 34 34 37
40 9 38 31
21 46 10 45
40 47 40 30
27 40 4 4
29 36 9 1
27 44 26 30
18 37 7 18
27 46 48 21
13 19 1 41
14 18 19 18
44 35 39 37
19 44 45 39
47 42 47 29
24 21 32 26
46 16 13 46
10 30 4 7
33 36 8 41
44 35 9 1
27 41 36 28
35 6 12 39
15 11 14 47
27 25 9 41
22 35 37 34
22 21 20 15
17 11 30 34
38 36 6 1
14 33 9 49
21 49 15 42
48 46 43 16
31 45 10 44
14 16 26 39
39 10 5 48
26 46 43 39
30 48 9 46
17 22 21 37
15 23 2 4
48 24 10 44
31 40 4 16
11 18 37 33
21 38 39 30
45 45 12 47
35 49 10 42
16 21 11 45
40 12 13 43
13 9 29 34
43 19 39 30
38 33 12 44
42 36 20 16
31 47 36 23
21 48 40 35
27 39 39 38
15 18 11 39
14 7 12 45
39 11 10 49
26 16 5 6
11 27 2 34
25 48 7 41
33 7 2 48
40 25 38 35
16 14 14 41
43 9 34 32
26 44 43 31
26 44 6 38
28 46 12 42
41 49 13 44
28 48 45 37
37 36 16 49
19 11 9 8
24 44 37 34
45 45 49 24
24 14 13 44
44 23 39 14
25 46 3 42
14 10 9 43
15 26 40 40
15 34 6 11
22 19 21 6
19 45 6 41
7 4 12 1
40 3 30 29
38 43 4 38
35 42 49 41
24 43 43 41
12 7 7 40
17 6 37 28
25 16 7 44
12 12 3 8
47 36 12 44
17 8 0 2
31 35 3 5
34 19 46 34
22 22 27 8
45 37 7 45
26 45 5 0
28 18 44 35
26 19 10 47
8 6 6 1
41 48 30 11
16 4 14 45
36 49 13 42
14 39 43 21
39 48 23 29
37 41 39 37
7 8 5 45
13 3 19 48
23 46 22 26
23 46 8 44
27 8 45 37
28 44 37 33
49 5 11 48
33 15 6 1
21 23 17 9
44 3 26 3
30 46 6 46
30 48 3 3
35 46 9 47
20 22 15 43
24 45 47 36
48 13 18 29
46 42 41 30
46 5 15 46
30 48 32 34
28 25 6 8
22 43 11 43
27 24 39 33
27 48 17 7
14 7 9 43
33 49 23 30
34 28 9 20
40 3 38 34
37 42 12 43
40 9 31 22
34 36 26 47
16 6 37 29
18 7 37 33
43 41 8 44
14 0 5 0
49 36 3 44
24 47 13 45
38 47 37 28
20 26 7 47
24 8 42 20
30 47 10 48
40 6 11 43
12 3 10 44
32 46 14 46
9 6 18 19
42 45 41 25
31 31 17 4
26 48 8 43
32 45 33 30
39 33 36 30
28 25 9 45
47 7 40 30
45 44 9 45
24 46 23 12
28 47 9 48
28 45 12 46
48 22 10 44
30 1 7 16
14 16 12 1
37 39 12 42
40 17 48 48
33 18 11 42
33 38 9 42
14 3 8 8
14 14 3 42
49 5 11 8
14 10 39 34
17 15 11 42
48 9 15 43
26 28 31 42
26 25 40 31
23 27 46 30
24 45 6 7
12 8 40 22
10 24 36 36
36 43 40 38
17 22 1 4
47 40 6 46
31 46 15 46
26 14 12 45
14 15 41 40
17 9 23 24
25 44 39 27
29 34 36 44
23 47 38 30
43 9 40 18
49 35 30 33
11 7 7 44
7 9 13 46
14 15 9 44
13 9 45 8
28 48 5 4
29 35 36 10
32 20 22 4
6 9 4 47
40 6 41 36
44 37 44 17
13 47 0 46
17 12 24 35
47 43 19 37
26 44 8 3
12 12 2 37
27 42 11 40
22 21 46 46
10 10 33 30
47 5 10 2
28 48 6 0
23 47 4 44
27 42 12 44
40 30 26 6
29 37 32 12
39 8 36 35
23 48 20 35
21 28 13 9
43 6 14 39
34 39 15 43
27 37 47 23
28 48 11 44
34 35 45 40
48 15 6 42
13 17 37 29
26 0 4 49
29 41 35 31
13 10 28 44
6 9 47 40
47 35 27 42
42 21 13 49
25 45 14 40
31 44 10 45
49 46 14 41
4 12 6 9
29 46 10 44
8 36 14 46
22 47 0 11
26 49 12 44
24 45 10 44
46 17 21 37
1 9 4 6
20 32 38 36
28 47 13 41
13 22 7 46
7 4 7 45
18 13 26 20
46 4 12 40
41 12 0 44
29 47 32 28
26 17 7 9
32 20 14 42
12 8 14 23
49 9 8 46
24 44 11 10
22 45 5 3
13 11 33 49
24 46 7 22
45 43 42 37
28 49 40 30
45 5 43 43
23 47 34 38
26 28 8 41
11 20 0 46
30 44 8 44
14 9 14 46
23 45 9 3
12 29 36 35
17 17 26 27
25 21 15 46
35 5 44 20
8 15 40 36
44 2 8 47
9 7 20 17
26 45 11 45
12 18 29 18
14 0 10 8
38 24 4 42
40 3 40 25
41 19 25 43
25 49 9 46
24 29 12 14
44 38 47 27
32 27 13 19
29 43 12 20
43 8 7 42
11 41 31 25
38 4 12 48
22 35 8 47
46 39 1 18
18 3 25 39
20 48 33 38
24 43 12 44
13 27 29 18
13 36 15 40
16 5 21 8
20 14 10 41
21 47 28 5
21 20 44 27
13 38 43 33
6 8 40 37
27 46 15 46
15 5 5 26
10 34 36 34
48 7 28 31
29 43 2 37
28 44 36 36
23 25 30 33
28 34 45 31
14 11 11 41
17 18 11 42
12 6 23 2
47 33 45 36
25 31 41 46
17 5 44 38
12 11 38 38
12 40 2 47
31 18 2 4
32 49 13 46
24 47 12 44
37 36 6 16
27 45 43 36
26 21 0 7
42 13 25 18
13 30 11 41
25 30 16 13
43 22 13 17
12 25 27 24
8 18 14 42
42 41 17 3
6 30 3 2
29 47 43 37
35 22 11 46
40 40 2 49
36 22 14 8
17 29 5 47
15 6 12 48
22 12 42 37
43 49 40 45
28 26 11 41
17 31 5 37
33 30 42 32
21 10 6 49
16 18 6 3
25 44 15 10
44 44 4 39
47 8 10 0
31 47 1 0
42 43 19 39
18 22 22 3
29 48 16 41
7 7 4 43
28 44 36 21
27 44 48 42
24 47 38 39
11 9 39 32
46 3 43 43
37 13 15 5
48 37 42 10
7 8 26 23
43 9 5 5
11 9 40 35
47 37 26 22
27 20 11 40
39 49 42 35
24 22 28 38
25 16 8 8
26 3 35 34
38 19 13 46
29 47 8 39
46 5 48 15
20 31 2 40
23 48 6 6
17 23 9 32
40 37 40 29
4 13 41 37
26 47 0 10
18 44 3 43
23 33 29 17
24 21 7 41
21 41 44 20
20 45 43 36
26 44 40 37
48 40 44 38
26 41 8 41
23 47 6 40
20 23 31 32
25 43 39 36
25 45 45 45
21 28 6 44
16 30 20 2
30 44 8 46
27 8 36 34
48 12 28 5
11 31 24 9
43 5 42 40
28 40 3 3
36 9 45 46
12 9 37 35
18 22 28 35
32 46 38 37
26 45 11 45
32 2 24 30
39 2 26 4
25 49 8 44
32 38 6 40
33 43 9 44
10 9 14 45
12 12 28 46
41 46 43 35
33 13 5 42
12 3 13 42
24 47 14 46
17 15 37 34
25 30 43 27
23 46 3 7
31 45 4 46
18 22 27 29
20 47 47 40
43 8 19 20
39 39 23 41
23 46 41 36
18 38 43 32
45 41 21 10
24 43 3 47
26 49 30 32
48 30 9 44
40 42 33 31
32 12 22 12
41 38 13 44
16 7 24 35
21 26 10 45
36 10 42 32
25 45 1 40
16 43 42 41
11 8 3 5
22 45 39 28
16 23 34 6
18 22 31 27
36 33 8 41
46 36 24 39
40 37 27 36
21 27 9 6
22 46 11 47
35 37 17 45
15 25 9 38
19 14 21 3
14 7 14 45
16 29 18 33
9 6 11 47
26 48 1 7
40 14 44 34
24 11 13 46
30 47 42 38
14 6 41 45
22 4 24 38
6 14 4 45
29 17 13 42
42 7 41 40
33 49 34 32
16 31 10 45
23 18 3 11
46 4 13 41
25 23 8 1
6 13 12 46
32 13 9 41
41 12 3 6
25 42 10 38
31 20 11 48
12 29 9 42
28 14 36 36
25 24 15 45
29 45 0 4
45 10 6 0
14 8 11 40
24 18 3 32
12 31 9 45
36 45 5 37
39 5 46 38
41 11 33 33
47 37 43 41
28 46 30 36
19 23 16 5
29 44 25 11
