50 422 12719 800
18 20 39 49
15 24 6 11
1 18 15 28
39 7 21 18
2 24 43 16
9 46 1 12
47 38 11 12
29 43 13 32
5 32 16 38
19 48 16 28
28 18 7 16
1 20 17 26
14 32 18 22
10 24 19 16
41 4 0 11
20 2 12 28
23 5 1 20
49 10 30 18
8 2 8 23
6 26 3 13
9 33 19 16
5 24 8 13
45 5 40 15
46 0 2 14
11 2 12 32
2 22 7 44
36 10 29 18
39 6 4 20
17 20 11 30
6 27 13 30
10 26 3 19
14 24 20 19
45 5 37 4
26 9 6 8
15 13 8 12
16 9 13 28
23 31 23 16
20 4 7 11
1 21 12 23
49 2 3 9
2 7 39 35
2 17 4 24
16 30 5 9
13 35 16 44
5 26 21 20
18 26 41 47
18 29 22 20
42 7 5 8
8 23 40 48
2 22 47 6
0 22 24 41
45 13 32 2
41 12 14 32
7 28 12 10
6 27 16 26
42 14 3 34
2 21 48 15
29 11 20 0
18 17 16 24
32 20 46 13
7 10 19 47
20 35 3 10
5 29 3 2
35 0 5 23
17 10 16 27
5 16 9 10
43 20 1 7
14 13 19 18
17 13 2 14
1 27 15 20
44 0 17 13
1 28 20 4
38 2 16 17
0 21 41 49
1 23 3 10
2 15 20 42
49 3 7 11
15 40 11 49
2 22 24 20
41 2 15 9
19 30 2 9
12 32 21 13
17 19 36 41
28 18 28 47
4 29 36 49
11 21 25 13
0 27 25 42
5 18 4 33
3 21 43 11
17 32 6 28
35 4 3 14
10 26 7 17
46 6 9 23
28 42 38 49
31 17 45 12
31 6 37 46
17 12 19 36
10 8 19 18
14 28 27 45
39 12 14 36
8 16 19 18
28 30 16 28
28 10 12 27
3 17 7 14
42 3 24 4
22 37 34 39
5 37 16 30
25 13 16 48
45 3 44 10
43 9 2 24
46 5 18 36
24 36 16 36
45 1 45 15
42 14 22 28
1 16 16 21
9 41 24 19
11 36 19 49
6 31 41 47
46 4 5 12
45 9 19 31
42 3 19 18
0 15 8 12
4 15 19 27
45 6 23 17
29 27 49 47
9 37 20 21
2 14 3 8
8 10 16 27
41 8 0 12
37 34 2 17
42 11 20 22
13 27 43 45
9 18 26 13
1 28 11 31
20 36 14 2
7 15 16 32
6 22 1 10
10 19 20 34
32 31 23 49
21 20 7 10
9 30 20 28
17 29 4 11
42 11 15 29
1 24 8 22
8 19 10 33
15 16 3 13
25 5 16 26
36 6 8 24
3 13 33 4
34 12 16 49
1 24 36 37
35 14 21 1
28 16 32 39
25 19 15 26
37 10 18 21
8 20 4 10
10 47 15 30
38 7 3 12
13 29 46 45
3 29 12 41
16 44 46 48
21 10 23 29
14 23 19 27
42 1 9 12
36 24 23 19
41 3 3 23
48 6 6 10
17 31 45 46
20 22 45 48
5 10 11 0
39 10 22 45
49 6 25 46
15 40 17 20
4 13 23 34
46 12 29 43
3 20 22 27
30 16 17 37
27 23 7 7
2 29 44 48
6 21 6 9
40 38 0 8
42 7 29 44
20 22 9 13
26 43 20 18
24 32 18 36
5 23 18 15
24 38 15 33
2 16 4 6
48 37 29 44
9 25 18 18
2 18 10 21
17 37 24 38
24 8 47 48
1 16 9 23
40 11 26 44
36 2 31 41
10 27 23 16
24 2 21 31
22 27 32 39
2 23 18 49
28 7 14 32
18 14 24 19
0 18 3 10
41 10 34 8
1 33 34 42
43 17 23 13
45 0 14 3
42 8 43 12
38 3 20 47
35 25 3 11
17 35 20 14
39 23 9 29
24 35 6 10
16 26 28 39
8 21 5 14
11 31 8 48
25 37 21 14
4 10 14 33
27 29 15 24
12 33 0 7
25 17 9 7
31 17 12 20
22 23 44 11
0 28 11 38
24 24 12 33
36 23 21 49
40 28 22 6
9 20 18 20
4 20 4 13
8 24 44 43
32 29 7 10
16 3 16 18
8 12 22 19
42 8 33 24
37 37 2 32
24 5 22 17
44 5 25 40
30 20 29 33
0 26 25 47
28 28 41 42
6 15 7 11
20 18 19 25
7 16 16 16
6 24 44 41
9 39 19 19
26 25 6 9
10 24 4 16
1 14 20 20
13 11 22 19
10 5 44 14
49 1 44 38
2 20 32 6
14 25 16 33
3 26 4 8
45 8 0 11
15 42 18 17
29 12 23 21
41 2 2 9
10 34 20 17
24 22 11 46
30 37 10 15
48 0 14 25
37 11 16 43
31 13 13 42
7 33 6 9
5 21 14 48
3 21 4 11
1 21 28 40
1 19 11 19
15 22 3 14
10 19 14 32
5 11 25 20
3 17 8 41
26 21 20 13
25 17 21 30
27 4 19 17
49 4 6 14
39 7 15 23
9 36 5 24
33 39 20 13
6 28 22 35
0 19 11 29
2 22 19 14
26 28 7 19
39 2 32 1
2 18 19 17
24 3 48 44
42 13 12 21
11 31 47 28
0 45 20 18
41 0 29 36
5 25 21 19
8 31 39 48
5 22 15 26
40 3 5 40
0 19 14 39
32 18 18 18
11 19 29 41
35 20 8 13
6 21 14 46
11 21 43 11
2 27 20 11
32 3 17 18
4 36 31 27
5 33 15 44
13 25 18 18
19 15 11 15
15 36 4 13
35 27 19 17
5 18 43 45
29 17 10 30
6 19 16 35
13 14 19 19
0 24 23 44
27 1 1 16
45 7 20 15
14 19 40 47
3 19 2 12
15 11 24 16
29 36 10 24
45 3 14 28
30 29 36 43
0 27 3 15
22 35 18 19
11 16 20 29
28 9 1 36
31 4 11 23
42 29 23 22
20 20 7 8
17 36 5 42
27 13 5 26
13 16 44 43
1 23 19 21
25 38 20 18
43 2 10 35
12 21 40 12
48 8 5 14
16 22 12 9
14 20 37 29
17 11 4 14
35 4 3 14
39 5 21 19
7 19 27 4
17 44 23 18
3 16 16 44
38 5 32 12
29 46 24 21
40 16 23 17
1 22 20 18
25 19 16 30
40 4 6 10
29 46 28 37
19 20 0 11
22 5 18 45
7 24 0 11
11 30 20 16
39 39 19 19
9 20 22 17
9 27 17 18
23 30 7 8
47 6 4 11
0 29 4 9
6 26 7 8
21 27 20 23
11 14 6 13
1 21 5 39
47 7 49 49
17 24 5 14
22 41 18 32
49 1 27 26
42 3 35 16
2 25 15 19
10 37 20 20
14 36 4 25
38 35 15 30
3 24 32 43
11 28 6 10
32 21 33 16
10 27 41 48
26 8 7 7
4 19 15 31
13 40 32 32
9 3 21 35
42 6 15 11
25 11 19 17
9 30 0 4
32 29 4 29
4 35 23 20
1 25 13 12
39 4 0 12
3 18 22 22
25 23 12 31
45 3 14 46
39 13 49 15
16 28 32 24
14 3 16 24
14 14 18 17
32 5 18 42
35 24 44 45
8 29 30 49
0 18 2 11
6 22 8 48
17 23 42 47
22 6 44 15
21 33 9 27
45 4 43 15
42 6 2 7
43 11 8 12
27 26 15 20
11 4 20 17
24 3 13 31
1 8 17 16
20 22 3 10
2 15 13 14
42 4 7 21
7 17 21 19
5 45 18 1
5 17 18 43
38 6 14 17
49 3 2 7
36 10 5 13
20 30 4 29
