50 1411 11008 800
45 7 4 47
46 12 29 20
38 49 20 9
40 43 44 29
46 9 48 19
11 36 31 23
43 9 30 30
40 2 33 32
46 6 29 22
44 7 11 49
45 10 38 6
34 37 0 31
39 32 7 22
21 30 9 2
45 24 29 26
13 16 35 29
31 28 13 8
12 23 8 16
45 10 31 11
23 5 32 34
28 32 47 41
43 13 36 27
43 30 21 34
44 24 45 4
39 40 18 11
31 46 9 15
42 6 38 9
37 25 34 38
47 9 23 35
17 26 30 22
37 14 32 26
35 24 40 36
45 10 28 32
9 8 36 27
43 38 25 27
3 32 28 13
35 39 33 28
16 31 9 42
43 21 12 49
40 48 38 14
17 38 15 8
48 9 19 36
42 1 33 10
17 27 31 17
44 38 34 29
33 44 45 13
40 26 30 21
46 9 26 31
43 8 30 21
34 41 32 34
3 48 13 10
26 44 40 31
42 14 40 30
39 27 34 27
45 11 20 6
35 48 22 9
17 36 7 6
20 31 15 37
45 8 32 24
35 31 47 2
32 20 33 33
6 26 24 39
18 33 33 25
48 38 47 27
10 30 45 5
46 6 39 22
22 9 37 32
44 26 46 17
31 41 11 11
47 12 35 25
45 7 30 29
42 23 32 29
48 5 30 29
35 33 38 29
11 36 42 17
47 40 33 30
43 11 9 19
44 6 9 5
44 5 2 47
14 30 48 12
49 16 33 11
45 7 43 11
30 38 36 33
46 11 19 30
47 49 43 9
49 8 48 26
22 34 42 29
26 49 15 13
48 6 37 19
49 4 43 27
45 7 7 3
46 19 26 45
37 40 44 21
6 26 37 23
14 36 42 34
44 44 33 26
19 24 39 25
27 26 26 6
46 4 22 23
21 27 23 10
39 43 42 33
49 8 32 31
19 29 26 41
17 19 25 11
49 4 7 4
17 10 29 25
36 34 34 27
49 5 41 33
47 9 47 2
35 14 23 19
23 18 41 16
33 39 31 3
45 32 28 28
12 33 32 26
34 11 32 33
45 8 34 15
22 41 17 15
25 25 41 29
24 28 37 35
30 43 29 20
22 10 46 10
43 9 45 17
47 48 30 41
44 4 24 26
48 35 33 49
19 35 31 14
35 33 33 36
48 49 24 32
15 29 32 28
16 46 36 47
46 38 32 28
20 46 31 25
27 16 35 26
26 44 35 21
47 10 15 27
48 7 34 29
49 26 43 40
29 9 38 26
34 4 43 22
36 27 10 49
11 10 31 18
44 8 32 21
13 25 36 20
26 30 14 30
34 30 25 20
46 13 11 16
45 6 21 32
44 8 37 32
42 11 36 24
29 47 47 2
46 7 30 36
35 39 28 36
33 49 26 2
32 36 31 16
49 7 24 34
42 49 29 24
36 29 4 47
47 43 26 0
47 8 22 27
46 4 34 25
29 27 34 24
45 9 39 38
33 20 28 26
19 25 37 15
14 41 49 20
36 34 28 28
45 33 43 40
33 18 10 7
48 40 40 2
34 41 42 45
22 28 33 7
33 47 42 28
44 9 37 30
46 7 33 24
43 4 34 39
17 38 30 31
44 10 35 24
44 9 21 35
39 32 33 25
36 24 32 27
48 7 1 49
33 19 22 18
24 23 11 15
24 10 46 14
17 39 33 20
46 7 37 16
46 5 24 21
40 18 41 37
48 6 27 19
34 18 43 1
20 30 31 23
27 6 30 9
48 7 27 23
47 24 35 15
41 15 36 20
44 8 10 3
17 11 4 13
39 39 9 10
44 30 11 48
34 47 32 29
19 20 26 22
28 41 39 30
42 5 34 31
26 24 13 2
30 33 42 36
45 32 40 26
28 9 34 26
45 7 41 36
18 21 37 22
31 43 9 8
30 40 16 2
44 39 29 31
45 35 39 24
48 11 32 30
22 27 40 19
22 5 8 12
42 11 40 26
47 9 5 6
11 2 5 9
45 4 33 19
35 9 34 24
47 48 37 36
25 42 35 28
47 9 37 18
26 6 33 24
45 21 34 42
20 49 26 34
7 38 36 31
34 39 4 46
17 18 42 5
46 6 4 11
45 31 5 9
44 31 30 17
18 38 32 27
12 24 37 15
43 45 30 21
44 30 24 25
45 9 48 46
28 18 32 25
44 4 30 24
45 7 34 15
49 10 47 16
49 32 30 21
22 48 39 6
45 8 26 7
33 29 30 40
11 32 24 36
17 43 39 30
45 37 20 14
41 38 47 17
47 9 32 2
12 28 10 3
32 25 25 19
4 36 40 19
45 6 38 32
32 33 40 20
36 39 21 2
13 29 31 11
27 32 10 15
46 9 43 27
21 35 32 27
29 5 25 32
42 11 37 13
33 10 8 12
46 10 31 26
24 43 12 8
37 11 40 22
49 6 22 21
23 38 4 11
38 17 35 31
35 47 31 32
46 12 30 27
43 19 10 3
48 4 9 42
41 35 41 23
49 49 46 21
49 6 24 34
42 22 29 20
45 42 5 9
32 23 28 4
9 28 9 16
25 19 36 38
37 35 20 1
48 9 49 44
18 2 44 8
44 8 25 33
36 8 32 30
42 44 47 28
24 2 12 9
43 13 39 17
44 8 13 8
24 22 16 25
44 47 13 14
39 17 31 40
47 6 33 33
30 41 7 10
36 1 27 27
33 31 28 29
39 33 12 6
41 9 33 25
43 41 7 14
45 5 36 20
34 29 46 3
46 8 32 37
34 46 7 9
49 40 35 34
35 34 44 15
38 10 36 38
26 14 48 28
23 1 20 22
23 40 43 18
29 29 34 35
47 6 5 49
39 7 42 37
39 42 36 27
26 29 48 27
43 42 45 28
30 7 30 28
42 41 17 27
34 4 28 24
47 28 7 10
30 43 41 34
48 9 38 12
37 11 5 16
45 7 32 21
39 36 32 23
43 9 35 22
45 7 32 30
48 12 30 28
46 28 7 8
40 8 13 10
32 25 42 32
18 25 19 6
20 23 38 20
36 24 8 47
46 16 13 9
36 2 34 19
48 10 39 21
18 27 8 4
16 30 5 3
28 26 22 33
43 40 15 9
6 43 30 28
46 46 39 30
38 29 45 26
43 28 10 9
33 12 33 40
42 24 21 4
45 7 28 35
45 49 35 37
46 25 40 21
49 35 35 30
22 47 20 36
26 36 39 4
45 7 13 12
7 10 37 22
44 7 41 29
15 36 24 25
15 22 35 16
45 7 37 29
48 5 34 28
48 25 23 5
44 33 30 18
41 11 37 28
15 3 41 23
23 29 23 5
14 34 30 38
49 41 6 13
44 6 44 22
46 24 7 8
47 29 43 37
47 5 33 30
46 46 34 27
37 36 26 33
22 44 47 25
45 37 36 33
46 6 47 20
39 17 34 31
33 15 34 32
29 34 37 31
49 8 34 26
44 36 47 12
39 34 7 9
44 4 7 47
6 11 32 12
44 7 35 20
38 27 32 23
29 33 18 33
9 38 36 26
41 7 41 18
30 45 44 44
20 35 10 13
37 12 34 20
25 3 34 32
38 27 40 34
42 25 38 21
25 47 35 28
41 9 31 11
14 24 43 23
37 38 36 26
43 10 41 49
44 27 31 20
49 33 11 5
47 3 26 22
29 44 42 13
20 10 13 48
10 17 34 22
47 6 35 33
26 24 31 22
49 40 40 26
33 28 14 16
41 35 39 0
30 9 32 25
11 15 36 26
42 4 26 20
40 6 44 34
44 10 35 24
46 20 35 28
24 38 46 13
42 8 15 10
41 27 8 3
36 37 46 21
35 12 36 31
48 33 21 13
28 10 39 34
47 8 14 12
44 1 28 24
24 11 33 19
31 32 34 23
45 30 33 27
16 14 32 32
36 11 9 10
47 8 43 20
36 18 6 8
10 36 35 33
24 0 30 24
38 27 48 17
27 35 14 13
36 37 38 33
37 47 27 21
48 8 19 29
38 48 23 16
18 38 21 25
46 12 34 31
32 38 39 27
47 6 32 22
41 38 16 25
18 17 48 34
47 39 33 32
49 46 40 18
20 19 31 30
45 9 29 25
46 40 27 30
43 35 2 9
3 25 27 24
37 26 36 39
27 45 16 22
47 12 35 15
40 19 47 25
35 37 6 44
46 7 19 17
42 28 9 13
47 6 5 43
47 48 37 28
37 44 45 19
32 1 20 8
34 46 44 35
24 43 12 13
43 5 16 10
15 33 47 11
47 12 38 25
34 44 39 18
44 4 11 11
19 35 47 32
49 12 9 7
48 5 31 49
35 39 26 25
45 5 33 27
47 17 38 20
47 24 36 13
44 9 32 5
21 5 26 31
19 26 31 25
40 38 39 25
49 7 28 6
20 25 46 12
41 6 38 28
37 36 9 8
32 14 45 3
17 38 33 34
49 11 42 24
44 9 31 29
12 13 41 38
23 5 36 10
46 4 27 25
42 15 24 29
46 29 40 21
46 22 33 26
48 5 33 29
48 6 39 14
46 46 45 29
28 43 18 32
44 37 31 26
27 29 24 15
11 34 8 6
48 5 45 43
47 24 23 25
34 45 33 35
48 9 31 18
7 17 43 15
41 44 24 10
47 8 27 28
46 7 48 42
49 20 2 8
29 21 15 9
45 7 46 21
47 10 46 18
45 10 9 12
45 8 31 10
37 31 32 21
41 7 13 15
47 9 25 34
14 32 20 43
44 4 42 24
43 27 40 30
43 25 27 34
28 40 46 20
21 38 32 37
18 2 33 23
37 22 12 23
32 12 20 29
39 25 35 27
26 48 27 27
27 42 46 35
48 11 24 27
43 40 42 10
15 38 33 27
45 8 36 20
22 31 44 17
37 20 30 17
40 14 9 12
47 6 36 28
13 36 30 11
30 14 42 42
38 34 28 19
49 45 37 4
45 6 36 18
46 9 40 19
49 9 12 11
14 42 31 28
14 26 27 28
44 10 36 24
34 47 18 30
15 47 34 27
14 24 37 30
44 18 35 27
40 24 31 28
29 9 38 22
9 19 31 18
32 36 45 30
34 17 26 22
42 39 26 33
47 27 42 14
37 46 13 16
47 31 16 6
24 5 37 33
34 38 40 28
47 8 26 19
25 15 46 16
26 7 7 12
16 26 5 14
47 33 37 23
48 45 3 5
35 43 35 25
35 1 42 43
47 39 40 24
25 10 24 22
23 24 21 21
34 32 9 13
23 10 44 25
46 2 7 2
11 31 13 6
46 8 15 15
19 6 39 22
44 10 11 13
13 31 49 17
31 38 36 7
33 26 31 29
16 33 28 16
47 5 11 11
46 7 41 38
12 16 40 19
19 26 44 15
8 36 19 4
37 6 33 34
44 10 37 42
6 48 42 21
15 27 21 16
24 45 11 7
18 24 34 37
44 30 39 22
43 7 6 3
23 8 33 28
46 8 41 34
38 22 24 32
43 11 18 41
43 8 5 6
37 38 31 19
44 8 39 25
47 7 44 37
41 43 10 17
13 10 27 28
22 2 33 30
46 49 10 24
48 10 33 21
17 8 24 33
44 10 33 26
49 48 28 6
40 40 29 20
47 8 46 26
45 9 33 29
49 46 38 40
19 33 30 20
47 8 36 23
35 30 40 27
42 31 37 22
15 32 46 39
22 48 31 36
44 3 36 30
44 11 10 9
44 7 39 23
44 9 24 28
43 43 30 21
49 9 41 6
35 14 33 31
48 9 34 28
47 9 17 6
11 33 45 12
25 31 36 25
34 45 24 28
15 8 43 21
40 17 32 21
5 36 31 28
47 6 46 20
44 17 29 21
46 8 3 49
49 8 38 21
40 35 41 25
14 32 40 18
12 19 8 12
36 32 28 18
46 8 8 47
20 33 42 16
42 30 40 27
22 30 28 23
24 10 28 26
43 9 38 15
43 7 38 27
20 29 29 11
46 6 22 32
28 0 14 17
43 7 28 32
10 33 48 25
38 41 43 6
41 6 25 29
46 4 29 49
20 29 16 7
37 48 33 21
38 40 18 35
27 29 21 26
39 37 46 22
32 41 42 6
40 9 34 17
47 11 28 20
28 32 36 23
48 7 35 18
44 7 6 10
44 7 31 26
41 25 27 19
23 46 41 7
49 10 7 21
14 2 22 13
43 8 34 17
47 5 40 23
12 44 40 24
48 43 37 18
24 38 41 28
45 7 32 21
28 45 49 26
31 19 12 6
43 45 21 45
11 16 37 25
43 10 9 9
38 43 27 8
49 15 33 28
21 40 11 17
41 33 27 42
12 22 39 22
43 11 31 24
46 6 39 33
49 10 25 40
22 23 48 36
29 4 43 21
21 24 36 19
45 3 28 21
46 4 21 38
43 8 33 34
38 29 42 34
43 39 2 11
45 7 34 27
21 24 28 36
33 15 40 27
31 4 40 26
48 40 40 21
38 30 31 20
15 27 42 28
35 35 24 32
30 34 43 16
45 8 12 9
34 12 6 47
18 38 31 32
43 37 32 45
33 46 29 26
49 24 40 27
31 45 33 15
31 21 18 10
38 40 39 6
12 33 2 4
45 10 37 26
6 20 2 37
30 32 41 28
43 10 40 30
42 13 39 21
17 21 39 17
43 6 36 19
47 6 37 18
33 23 23 27
45 8 16 9
44 20 33 20
43 30 27 28
49 39 44 33
7 24 39 21
44 47 48 33
23 35 43 42
22 35 30 31
47 8 21 31
28 16 11 48
32 30 34 25
29 31 12 18
48 8 41 18
43 29 37 40
48 16 35 30
23 10 14 9
32 1 14 13
44 27 49 35
29 26 29 37
48 6 6 41
29 24 28 28
13 39 30 25
43 12 25 25
47 17 36 29
42 42 46 10
46 5 35 29
29 36 31 32
45 6 37 5
46 45 47 23
34 27 0 15
48 4 43 20
35 41 39 27
38 27 31 29
48 5 40 38
19 30 36 31
38 38 38 24
46 8 27 47
41 20 29 30
31 26 38 21
18 29 32 27
46 7 44 20
47 13 18 11
41 7 11 11
47 5 31 38
48 32 39 27
13 32 41 18
48 28 29 22
31 8 31 26
25 8 35 20
43 17 31 26
42 40 25 39
43 31 24 19
10 39 38 25
45 8 42 32
32 38 32 22
38 46 36 41
48 4 33 13
12 35 33 27
47 4 43 21
40 28 4 12
46 34 14 8
39 15 38 24
38 43 46 21
9 35 3 43
34 15 28 30
23 28 41 31
36 46 42 25
25 31 40 10
40 3 37 21
41 29 39 24
42 12 18 8
33 34 48 19
20 40 3 47
47 8 42 8
46 30 15 1
38 0 30 32
43 8 35 37
38 41 12 23
41 46 35 24
45 5 24 15
47 8 21 12
23 32 42 17
28 27 43 19
24 26 32 38
4 19 39 32
35 5 34 22
26 38 15 3
46 5 36 32
47 9 44 26
11 4 24 6
22 39 36 24
38 39 37 20
37 41 42 37
45 30 3 7
24 24 36 19
32 41 23 39
38 48 15 20
46 38 39 27
0 27 15 10
44 9 24 28
48 6 29 9
12 39 41 30
23 49 36 20
20 42 36 20
45 8 24 30
35 49 8 15
36 10 9 9
42 16 11 18
48 31 33 27
14 4 11 13
13 36 7 10
20 49 10 12
47 10 23 20
42 5 42 11
38 25 30 30
47 8 47 13
40 32 43 28
15 26 31 33
22 12 37 35
48 20 43 38
36 13 41 39
31 36 42 26
45 8 38 26
12 29 22 15
46 0 46 18
11 25 40 26
44 8 33 33
48 7 22 25
49 9 32 20
40 47 8 7
18 18 11 5
48 5 42 22
42 12 9 14
47 30 41 20
45 5 47 12
42 9 39 31
13 40 38 17
45 6 10 0
18 34 13 13
43 5 44 37
43 23 39 26
22 21 27 29
47 8 46 21
18 41 18 11
40 25 48 14
46 11 40 32
1 8 43 22
30 31 13 44
48 30 43 29
37 28 14 12
46 8 10 7
38 26 7 8
40 5 20 28
28 9 29 25
14 43 3 44
12 26 33 32
47 22 33 28
22 27 36 39
42 28 45 30
23 32 36 21
16 36 40 12
15 49 5 9
28 25 29 32
48 6 38 29
26 10 36 22
41 47 25 15
19 32 48 37
14 28 29 43
36 17 36 35
34 15 49 35
23 45 7 2
14 19 46 21
37 17 6 46
44 35 5 7
34 22 9 30
45 34 40 16
34 34 9 11
49 46 27 28
32 15 48 16
30 39 49 13
29 38 44 23
41 31 33 29
28 32 24 3
45 36 38 23
24 24 29 35
45 9 36 32
45 4 11 20
46 33 41 34
46 7 39 28
39 24 34 10
48 41 40 29
42 11 35 32
27 48 39 25
37 43 11 13
44 46 29 34
28 46 28 10
35 46 40 30
44 7 14 15
36 24 21 7
24 35 47 11
48 8 47 16
17 8 32 11
47 24 29 25
39 40 38 18
17 3 39 25
41 6 29 29
49 7 9 9
20 37 39 24
44 8 29 11
48 36 30 25
24 49 21 13
46 6 24 31
23 29 37 28
48 8 27 40
28 9 37 34
43 6 34 28
45 8 32 27
45 40 44 25
39 27 40 32
17 44 40 26
44 6 48 17
27 14 37 21
40 27 31 43
24 23 19 23
47 8 16 21
30 32 41 25
49 24 45 26
43 6 28 17
44 8 36 21
23 12 33 23
43 7 25 32
34 24 30 22
32 30 30 17
35 12 19 13
34 30 25 25
46 4 10 5
45 24 35 32
43 11 45 39
48 8 41 26
48 9 17 14
48 13 35 23
46 4 26 32
42 26 45 18
47 10 48 20
42 29 41 35
32 3 43 28
44 6 21 38
44 24 39 22
49 29 4 16
26 7 37 26
41 46 28 17
49 8 24 28
26 28 46 37
48 46 40 42
36 27 28 23
46 7 40 7
49 27 34 23
40 39 18 11
49 29 43 21
31 1 33 29
44 32 24 28
36 40 14 15
46 5 35 14
37 41 48 31
22 36 31 25
41 49 5 48
43 44 37 29
44 7 26 30
44 35 32 14
42 8 34 27
44 16 17 6
10 27 38 33
30 7 31 20
44 6 27 31
42 8 27 24
35 17 45 24
23 8 33 29
19 7 40 19
33 39 9 10
47 9 36 15
49 35 27 47
36 40 38 30
44 6 11 8
49 31 36 20
48 9 33 28
47 7 30 21
41 32 6 15
12 36 49 25
42 42 37 19
41 42 32 17
32 11 39 16
38 14 49 33
43 9 9 2
40 33 19 17
48 7 36 21
34 48 38 26
45 5 15 7
46 9 37 31
28 46 27 31
47 30 41 8
15 37 34 20
29 23 29 4
8 26 27 44
14 37 49 34
27 29 16 9
33 37 44 33
47 8 35 18
47 6 40 30
30 44 9 8
27 44 30 37
20 28 41 29
26 24 46 13
28 43 9 15
23 32 12 9
49 45 4 42
38 26 33 27
25 24 34 25
48 30 32 33
39 33 27 36
44 7 22 32
13 27 21 11
20 28 30 36
49 21 30 22
46 8 26 29
41 42 32 30
42 30 37 19
22 23 33 26
45 8 25 9
46 10 33 10
39 15 6 48
10 17 35 31
3 28 30 6
32 40 25 24
43 25 32 27
38 13 34 33
42 8 38 25
46 30 31 27
31 28 33 47
12 17 6 45
41 27 40 12
48 37 39 32
48 19 6 6
28 45 23 23
21 5 5 46
8 30 2 12
28 5 9 1
10 25 26 21
40 41 34 19
48 21 38 30
27 5 7 8
45 6 31 20
46 11 44 34
31 44 45 12
47 8 37 24
44 42 13 1
41 17 36 28
45 8 46 25
43 34 38 23
19 34 6 11
30 40 8 8
23 25 35 29
47 10 17 33
26 22 17 28
13 20 40 26
48 7 33 26
40 18 36 43
3 16 24 17
42 42 30 14
29 11 48 37
44 36 36 31
42 11 40 45
32 9 34 21
44 13 19 38
44 27 14 7
30 37 8 0
44 11 9 49
49 4 41 26
47 11 23 21
38 38 13 9
24 15 19 21
45 9 13 15
48 8 18 9
38 18 21 28
26 35 25 31
20 38 8 15
4 25 33 34
45 26 31 12
45 5 7 6
48 33 38 30
46 4 35 35
46 9 24 17
15 20 44 17
44 7 44 25
20 27 31 34
25 47 15 24
41 39 24 20
44 6 13 6
21 30 7 12
12 23 35 28
27 25 40 27
34 9 22 21
41 37 31 11
42 42 47 4
46 7 26 28
44 21 24 18
36 36 9 43
46 7 9 17
47 7 42 13
29 14 14 8
6 27 25 13
46 9 46 14
48 14 26 13
42 3 28 32
47 9 33 32
46 1 24 18
48 34 23 28
43 22 5 2
40 19 27 18
35 8 10 9
45 7 31 19
46 10 28 15
18 30 34 28
45 28 32 35
46 6 36 30
45 17 28 23
31 34 33 26
41 10 38 22
35 28 26 20
26 35 47 28
45 15 28 20
14 36 46 18
40 12 36 20
44 31 36 21
17 18 3 6
48 10 35 1
40 37 31 34
22 9 44 28
26 25 13 5
47 6 47 27
38 40 14 14
42 14 26 21
46 8 34 29
17 27 33 6
22 6 35 24
3 27 29 36
32 42 36 17
45 26 10 10
49 8 11 9
35 43 33 22
44 7 30 19
44 6 32 21
2 36 44 23
45 9 26 0
18 24 34 26
22 28 8 48
46 8 43 34
45 6 31 24
21 16 43 44
48 16 40 26
47 26 33 27
17 48 38 33
31 42 13 6
47 26 40 17
38 43 31 29
27 33 22 34
28 34 36 30
37 31 34 21
34 37 35 25
16 5 29 18
34 41 18 13
48 8 25 44
12 37 11 19
33 45 37 26
46 27 10 9
12 14 41 11
32 32 9 6
49 5 9 10
28 40 40 4
46 9 5 49
45 37 37 24
26 6 35 17
31 44 32 22
48 8 44 21
47 8 33 32
45 10 43 31
45 25 44 13
35 0 29 24
46 6 10 11
41 11 34 24
18 46 9 10
15 29 39 29
46 8 37 31
36 46 35 21
23 18 26 25
47 41 3 45
47 9 33 25
43 5 34 22
37 11 33 34
26 29 9 13
45 8 38 48
46 8 23 27
44 13 49 23
49 35 26 20
36 37 33 20
13 43 43 27
33 0 31 27
32 19 34 28
37 44 12 14
40 27 30 29
46 45 41 33
47 10 25 29
21 34 8 9
42 27 33 18
13 26 26 29
46 17 21 19
46 5 42 27
16 32 8 13
33 27 45 38
17 14 9 11
37 42 47 10
22 33 47 23
29 22 43 18
45 8 41 15
43 7 26 33
37 32 43 28
29 29 49 40
31 13 8 10
45 10 33 26
26 33 32 27
42 49 36 34
49 0 33 32
47 42 46 34
46 4 30 38
19 41 7 17
44 8 16 10
40 9 29 26
14 29 38 28
48 32 27 31
49 8 23 29
38 34 35 23
18 25 26 22
41 11 44 35
27 25 37 24
46 11 41 23
39 15 40 8
24 27 34 20
8 26 32 25
9 23 37 20
46 5 30 31
46 20 28 18
45 5 45 37
9 37 17 30
46 42 37 42
13 36 11 17
10 44 29 9
39 36 41 18
39 15 45 26
25 32 28 44
49 8 11 5
35 36 30 30
32 27 22 32
23 27 46 6
44 34 7 13
38 45 37 8
19 17 11 15
33 12 13 16
33 29 15 12
38 35 40 25
43 4 5 11
44 17 38 16
6 17 36 31
33 12 45 30
17 40 21 48
42 4 37 29
30 13 10 49
30 41 13 9
44 8 12 2
48 9 28 38
46 38 40 6
44 8 41 28
49 35 13 5
47 16 19 23
32 32 11 12
13 23 16 9
44 48 34 26
47 16 31 20
47 17 14 12
9 30 10 16
45 29 43 21
22 29 32 41
27 49 28 40
24 7 31 28
39 49 24 13
44 7 23 23
44 10 24 19
43 7 22 31
41 33 8 6
44 6 29 31
45 37 33 23
46 20 38 10
48 31 29 26
29 8 47 31
37 28 17 13
24 25 34 38
49 7 36 36
3 10 41 16
36 31 16 36
28 14 39 35
2 8 40 23
41 46 29 35
39 47 25 30
27 15 30 23
32 0 37 24
38 36 28 32
40 28 33 29
44 48 38 30
42 6 32 32
41 15 15 35
34 9 28 13
43 8 47 32
35 37 26 37
48 40 32 29
46 11 33 27
49 25 36 32
46 9 44 25
37 7 22 25
14 23 38 31
14 34 31 22
45 7 35 28
44 45 47 12
45 5 14 1
32 34 49 20
26 43 30 30
38 15 40 42
45 24 48 20
25 20 34 23
32 15 36 21
46 5 10 10
47 7 46 17
22 46 25 34
46 5 8 45
24 12 13 12
25 4 30 33
23 38 41 20
24 47 37 15
40 23 3 49
33 44 47 17
35 10 35 30
26 5 38 22
14 42 32 30
47 46 35 22
1 8 11 27
15 25 36 23
26 8 10 3
39 15 32 24
37 12 9 41
48 5 30 32
30 20 6 6
27 39 43 18
44 9 7 8
17 24 42 38
36 5 15 0
48 9 29 15
35 22 38 8
27 34 42 10
24 47 34 19
35 17 37 28
46 18 4 12
45 10 34 38
30 34 17 27
46 8 48 28
41 44 35 1
30 43 21 46
37 16 16 41
