50 94 19764 800
22 39 13 37
46 11 15 4
18 38 36 9
1 16 45 36
29 14 25 36
7 7 4 24
30 24 27 6
8 10 43 10
4 1 18 2
38 35 10 31
13 37 26 18
23 35 11 30
18 33 17 6
25 10 19 6
19 37 15 5
1 23 14 4
16 14 44 5
21 33 38 24
46 19 32 29
23 34 21 13
3 23 16 29
6 2 20 2
17 37 20 7
3 27 10 16
5 14 40 16
21 37 42 43
18 15 16 44
23 34 4 14
10 7 16 15
21 33 0 32
38 16 29 38
18 37 18 0
7 22 3 23
9 4 15 5
36 49 46 10
7 8 17 16
44 13 18 10
4 8 33 43
24 11 36 10
17 36 26 13
8 22 39 41
4 18 41 43
7 21 33 46
18 3 42 16
9 14 17 3
7 5 34 9
19 15 20 5
24 38 49 46
33 20 43 39
7 14 35 31
25 38 49 34
12 4 31 26
20 37 43 45
18 32 41 45
7 5 39 18
46 12 43 15
14 5 31 16
12 7 7 24
9 17 6 42
5 7 20 6
10 12 20 4
12 6 19 7
18 35 36 43
19 37 47 39
14 30 7 28
40 1 21 1
28 7 19 1
1 40 14 2
20 38 45 33
17 42 48 38
21 47 31 15
4 33 17 24
8 10 18 3
18 19 37 12
28 21 44 49
9 8 42 2
19 26 19 3
8 4 11 8
12 12 40 35
4 14 42 40
20 34 22 26
3 18 30 16
38 32 40 43
3 17 39 39
19 38 39 45
10 3 46 48
14 6 37 15
17 43 9 14
1 19 42 40
4 23 7 25
3 20 21 9
9 19 16 18
41 8 20 23
28 47 18 5
