50 53 19097 800
48 32 4 15
0 9 2 36
40 4 26 24
47 1 29 10
4 10 27 12
26 0 15 27
43 3 49 17
26 3 9 10
40 36 42 29
47 4 39 15
25 47 37 44
3 38 22 5
19 42 39 32
40 20 47 42
19 1 33 48
10 42 40 35
35 13 16 25
26 42 35 45
7 38 2 8
28 25 33 4
4 10 20 14
15 15 10 16
48 2 25 24
4 4 20 9
0 8 44 44
23 26 26 34
0 8 44 18
25 38 7 0
41 43 32 48
43 1 40 49
15 8 35 13
28 40 36 48
1 6 41 10
45 29 5 1
36 34 26 30
0 8 13 21
49 31 44 19
11 6 17 23
2 9 1 3
46 30 8 24
5 13 46 28
44 29 22 43
13 1 44 17
44 34 0 0
18 5 36 17
25 44 17 18
31 39 26 9
49 3 27 6
47 23 44 37
45 29 20 36
7 9 31 18
34 39 9 16
32 5 49 10
