50 97 19735 800
27 25 28 35
36 49 32 24
16 36 32 22
28 43 34 35
18 13 30 37
30 3 40 39
28 29 7 29
3 14 33 35
17 34 10 19
27 24 26 36
21 20 31 37
34 12 31 30
5 4 28 35
0 26 26 37
42 43 20 30
33 27 7 14
16 32 33 33
0 9 30 37
28 25 28 36
11 11 27 25
11 23 33 22
33 49 32 31
34 45 38 28
35 45 26 40
36 8 27 27
32 26 22 24
24 25 22 34
38 8 39 37
25 22 26 33
30 23 43 28
25 19 27 39
8 31 27 26
32 5 22 27
8 24 5 29
39 46 40 3
25 5 31 22
19 15 24 25
29 19 23 20
46 20 27 36
32 34 18 38
42 16 19 38
38 48 27 32
24 1 24 33
18 29 21 32
19 32 30 19
5 11 31 38
25 20 21 19
5 27 33 37
26 3 28 37
0 23 29 40
27 10 45 24
22 9 36 29
41 14 9 21
22 3 29 29
34 22 33 36
29 31 33 35
3 46 24 34
23 15 28 31
30 12 34 23
37 13 29 40
22 11 32 21
40 47 31 38
42 34 40 19
8 31 31 34
24 37 29 33
32 36 31 40
31 30 26 27
26 21 22 23
22 41 29 36
34 49 15 29
37 48 21 33
25 49 22 38
38 5 35 23
7 21 26 34
36 24 27 19
42 30 40 35
5 45 22 5
19 44 36 18
34 40 24 36
25 6 31 38
10 37 33 20
42 47 28 40
7 38 27 41
27 0 27 37
35 48 38 27
37 47 37 27
27 24 35 27
19 12 30 38
26 3 31 41
17 19 34 29
14 7 28 38
33 48 30 17
36 47 25 31
24 7 38 30
15 13 10 25
21 17 21 25
15 48 32 38
