50 757 13100 800
34 35 32 29
36 18 5 49
33 42 47 10
32 44 43 42
32 35 31 12
27 25 25 46
19 24 40 3
40 34 35 15
2 47 34 0
30 16 46 10
12 35 48 45
43 45 41 33
40 20 31 34
38 43 42 4
16 42 37 16
45 31 17 34
15 40 40 34
31 43 29 24
26 32 29 12
31 22 27 41
33 26 39 11
13 46 37 45
27 24 35 32
22 8 17 47
16 24 37 33
36 43 40 39
27 30 19 38
14 48 33 30
17 23 33 0
35 19 41 11
29 30 35 9
30 39 33 11
33 15 42 17
19 32 25 48
26 42 37 35
35 19 19 19
36 22 27 18
27 22 23 48
8 46 34 30
45 46 36 40
41 34 37 35
38 19 36 40
42 23 32 11
33 26 29 39
13 42 4 40
10 27 40 17
36 25 23 44
44 47 2 43
21 28 28 17
33 32 31 8
38 36 8 24
32 34 32 48
21 34 44 33
19 28 29 4
22 47 35 36
43 42 32 45
24 30 9 35
37 32 41 13
39 27 40 38
26 27 2 26
29 30 34 29
36 40 35 2
33 23 32 31
29 41 34 47
24 24 26 40
31 16 41 2
36 25 40 33
29 39 40 42
26 43 32 33
35 25 44 12
20 27 13 47
13 44 32 25
32 43 35 4
37 37 5 28
38 24 35 47
30 27 27 25
39 40 36 35
13 43 30 40
28 19 31 39
33 38 2 45
38 47 17 35
32 21 28 26
33 45 20 37
35 27 16 3
36 24 27 32
22 37 29 28
38 45 43 17
33 43 45 23
28 20 36 37
15 47 46 4
35 22 32 10
46 48 36 37
36 23 27 17
9 17 40 20
32 25 38 36
32 25 38 2
18 3 26 38
40 24 33 32
35 27 36 44
28 34 7 16
27 23 26 42
36 23 46 15
34 24 28 33
40 45 9 41
35 21 2 21
4 45 40 34
29 30 29 35
2 42 32 8
9 47 32 6
37 18 22 15
21 17 18 39
26 28 20 27
36 41 13 5
31 42 34 22
31 43 30 36
29 37 17 14
35 23 4 49
34 35 32 42
31 21 5 46
40 23 40 17
31 28 33 38
11 48 38 30
25 21 34 26
40 20 14 36
28 26 31 0
21 39 38 12
34 38 49 0
38 20 24 37
27 35 34 5
23 39 27 17
21 30 31 3
14 37 43 22
22 36 37 27
31 42 42 11
33 20 49 17
35 32 43 14
29 19 25 31
40 17 37 1
36 19 19 14
14 40 43 39
10 46 28 45
32 37 34 12
12 43 36 5
12 47 34 36
12 46 27 37
31 34 43 17
35 21 21 46
36 21 40 10
35 36 22 14
22 20 44 0
18 40 40 36
34 21 27 39
28 34 24 19
32 40 28 39
13 46 34 8
25 26 38 33
32 41 34 45
45 33 12 42
33 30 32 36
18 32 39 37
0 40 0 33
36 36 40 27
35 16 39 7
29 33 37 2
32 22 28 13
32 39 42 31
24 42 5 40
16 29 8 47
32 22 31 8
37 21 32 31
34 24 37 36
11 48 23 40
41 26 27 37
11 39 33 41
33 36 29 4
34 16 36 39
47 46 26 38
35 17 14 24
33 22 20 3
49 35 30 35
33 41 47 16
3 45 43 43
24 29 38 38
23 45 41 41
48 42 37 7
16 39 30 11
12 16 33 48
28 15 43 44
44 29 22 41
10 43 7 0
35 26 33 40
12 45 26 6
9 37 40 47
14 46 41 8
20 28 29 42
11 44 26 40
26 43 31 14
34 15 42 13
37 35 43 4
27 37 39 14
23 43 27 42
36 40 8 40
36 43 41 11
37 17 26 10
17 43 43 35
11 41 27 9
36 17 28 22
24 29 12 30
13 46 33 41
24 31 11 44
6 45 30 18
24 22 43 22
31 40 5 31
34 20 44 27
27 44 7 47
28 37 32 15
33 44 39 33
34 19 42 2
31 28 10 40
12 43 24 41
28 26 22 36
35 40 48 7
43 44 34 42
39 24 39 43
15 41 29 41
19 31 30 43
37 26 14 35
31 20 25 2
33 30 35 38
47 34 44 40
27 28 31 12
6 45 7 27
15 45 19 1
27 40 42 13
25 40 18 27
36 23 49 24
37 23 34 49
26 45 35 46
36 26 23 39
32 22 47 3
31 24 12 41
29 38 40 39
19 39 42 1
28 23 37 19
27 44 38 8
36 21 32 20
35 35 49 7
28 34 20 17
32 46 32 16
36 24 5 9
41 48 46 8
24 46 27 38
4 39 28 40
16 44 34 36
41 43 24 46
26 30 45 15
39 29 3 46
17 39 40 41
31 21 41 1
8 46 29 45
41 28 1 40
32 19 32 7
39 38 26 27
26 47 3 25
8 45 18 10
18 45 30 29
27 43 42 8
32 23 3 33
38 20 3 21
16 15 31 34
39 18 43 13
36 21 32 39
39 27 40 35
32 25 17 44
35 19 41 37
41 22 25 42
32 23 40 32
12 47 27 38
32 42 13 21
35 43 24 16
43 24 30 35
25 46 42 33
9 47 22 32
35 38 49 36
12 45 24 42
26 24 29 37
32 40 31 49
38 19 25 43
34 21 31 36
37 22 33 42
9 42 39 46
15 21 48 17
25 15 45 49
27 33 30 20
31 48 23 26
32 34 41 9
21 29 23 46
32 22 33 39
30 21 36 35
30 32 38 4
25 37 36 44
32 20 35 1
23 19 44 19
33 22 37 24
34 26 33 38
6 48 35 16
10 46 22 39
27 39 31 25
24 39 38 9
7 42 35 35
22 40 28 33
28 42 15 19
38 20 2 46
46 20 24 43
34 22 39 37
38 25 34 9
24 27 23 47
39 41 28 38
27 31 46 46
36 31 20 6
33 19 33 2
7 42 43 24
31 40 33 11
23 19 29 9
40 33 41 8
29 32 39 6
23 22 11 36
33 41 32 47
36 29 30 33
46 38 32 33
19 15 11 11
32 39 25 36
40 23 29 44
40 37 32 5
41 16 29 36
34 22 30 42
34 24 39 38
39 25 30 40
28 25 13 31
49 16 29 40
35 39 27 36
21 20 35 11
33 30 42 26
30 37 40 16
17 42 19 49
34 45 41 16
48 39 5 4
22 31 17 3
33 36 9 37
30 39 3 46
17 46 25 16
32 39 25 34
36 45 42 19
22 29 41 20
34 34 45 8
33 23 37 9
34 27 40 48
31 36 26 48
28 27 22 35
35 23 25 47
8 46 33 39
19 34 31 33
43 41 39 46
32 36 29 34
9 44 19 12
34 45 15 4
35 38 42 10
32 16 6 47
34 23 24 0
40 39 23 8
37 27 30 41
9 44 7 30
12 47 33 23
21 16 47 13
31 39 28 26
30 36 34 22
32 23 11 18
36 19 33 39
30 40 37 37
41 23 44 16
38 24 14 28
22 30 30 45
36 15 20 3
43 34 28 37
27 41 40 2
34 21 25 37
24 20 46 14
35 42 22 20
35 26 20 26
34 32 28 9
24 18 41 18
41 18 45 29
30 25 31 13
16 44 31 43
29 34 36 2
33 22 30 14
38 25 30 33
28 40 34 9
35 24 30 43
37 23 30 34
12 42 28 41
35 26 18 37
34 42 31 3
36 23 33 35
29 40 15 47
17 25 38 37
33 43 27 39
11 41 30 35
11 41 3 21
34 20 34 42
23 28 6 27
38 16 45 10
14 44 30 31
13 40 35 10
45 9 30 10
37 19 2 22
29 36 26 44
40 49 31 42
22 30 36 18
28 40 34 35
32 41 32 3
45 41 31 39
36 44 33 38
39 27 35 46
26 23 36 38
38 23 21 49
32 40 39 46
17 34 35 15
40 20 47 41
39 33 41 5
40 42 48 8
26 26 44 3
16 21 31 20
37 21 42 18
41 48 2 45
31 28 24 14
37 21 30 37
41 21 38 10
13 43 45 6
33 20 38 31
19 38 29 26
27 30 16 19
31 18 33 38
32 39 19 28
32 25 31 32
33 23 33 46
18 42 35 33
46 45 31 6
40 18 32 37
32 41 43 17
17 49 24 15
32 30 20 13
35 26 35 33
46 47 26 36
9 45 26 33
32 44 39 43
16 46 45 8
10 45 41 48
36 25 41 4
29 41 32 17
13 32 33 37
44 24 14 1
34 29 28 49
37 39 1 46
34 23 44 23
23 43 30 42
10 37 11 32
23 38 22 48
21 24 42 29
11 49 33 20
15 48 35 5
23 27 30 40
31 21 35 9
24 17 32 29
49 40 30 39
18 29 41 42
32 20 29 37
35 23 18 19
10 44 3 41
37 43 14 8
32 27 14 14
37 23 36 27
26 28 13 46
36 20 8 36
31 39 15 31
41 20 36 0
36 34 46 14
20 11 30 36
33 23 16 24
27 28 38 30
37 48 13 26
15 43 28 23
36 49 30 6
32 25 23 34
36 21 48 28
49 40 33 49
36 26 35 21
36 37 30 37
7 49 34 45
41 43 45 36
38 27 28 41
30 47 9 23
36 18 33 8
25 34 34 12
37 19 36 11
39 36 39 48
31 39 33 44
36 18 26 13
34 27 20 10
40 19 12 14
49 26 35 39
20 46 28 48
34 46 24 12
27 38 11 41
27 32 3 27
11 47 17 19
48 44 38 31
30 42 22 42
35 17 48 24
14 49 33 6
48 37 31 32
43 47 32 39
24 35 33 36
37 23 48 19
29 36 2 36
26 29 33 41
12 48 7 30
29 33 26 40
32 18 42 9
33 22 37 35
30 12 6 37
30 38 35 5
10 45 35 43
36 24 29 24
26 45 43 7
23 42 32 14
19 28 1 32
35 46 40 14
38 39 27 40
36 22 47 13
29 31 28 6
14 32 37 39
27 34 34 37
8 47 27 37
7 44 26 42
29 20 21 32
40 16 17 11
33 24 34 39
47 21 31 12
36 18 29 5
24 12 26 35
40 40 32 37
27 43 23 47
25 31 19 29
29 21 35 6
36 19 36 3
31 20 37 36
41 44 38 23
17 46 39 4
38 35 26 4
35 23 4 43
27 40 24 16
36 20 33 35
9 47 12 27
15 38 24 43
23 46 37 7
36 17 39 19
31 41 43 5
43 23 9 8
9 44 23 32
23 27 39 13
35 32 9 21
22 47 24 30
24 38 35 32
36 43 30 36
39 39 43 48
46 39 7 42
27 48 16 39
49 43 36 3
31 39 36 30
24 44 30 45
21 39 45 35
26 35 38 40
34 36 25 45
31 21 32 0
35 23 31 12
25 48 33 30
29 27 11 49
30 39 34 16
35 18 35 36
38 25 18 30
31 28 29 43
20 26 26 34
24 20 28 45
33 36 28 19
37 34 39 42
48 44 41 40
14 47 45 22
34 33 33 40
37 24 31 44
37 14 30 37
26 31 45 16
37 26 23 0
28 44 37 39
6 43 37 37
36 26 45 47
3 48 36 46
40 49 31 12
15 41 27 48
14 35 21 13
21 26 30 40
36 39 28 33
36 23 29 42
36 23 37 35
20 36 37 17
37 18 24 12
16 25 3 44
36 44 20 26
31 41 33 31
27 14 37 13
38 28 30 2
33 23 37 37
37 30 33 5
32 46 19 43
6 43 0 44
13 37 17 29
27 45 37 42
26 37 13 5
28 38 37 14
45 44 31 39
33 43 38 3
38 23 1 15
28 25 33 44
34 19 4 9
36 22 2 29
37 20 43 38
29 40 20 29
36 19 2 13
37 25 26 24
36 20 25 0
10 49 47 36
37 23 30 44
29 36 27 47
45 48 32 33
32 40 48 43
37 25 41 40
16 46 37 20
28 36 23 34
39 31 34 24
33 40 24 44
20 29 28 38
25 43 30 44
37 26 34 6
21 33 22 14
44 32 27 44
10 44 38 32
37 19 40 13
28 34 30 39
36 23 35 16
30 44 35 38
29 33 25 28
25 16 36 33
37 49 9 21
7 43 24 28
34 41 34 6
39 20 29 47
32 18 27 45
38 22 26 39
35 31 29 36
33 35 32 48
41 15 45 7
23 38 48 18
34 24 12 42
31 37 47 45
15 43 47 49
28 39 44 8
13 24 30 45
35 22 39 15
35 23 36 18
37 8 25 36
29 41 27 44
23 26 27 47
18 34 37 9
18 42 30 12
24 39 8 35
38 19 34 15
18 29 39 9
24 23 32 35
21 47 32 14
38 28 7 45
38 20 40 24
27 22 40 36
36 31 32 47
34 40 30 0
29 40 24 35
36 19 34 36
29 20 24 37
23 45 40 19
25 39 37 38
43 42 7 31
34 25 44 19
11 47 31 38
15 31 36 15
33 35 42 24
38 18 25 47
35 23 30 41
31 20 38 25
10 46 26 43
14 43 31 32
32 18 38 33
32 36 24 41
41 43 35 24
35 33 30 35
12 48 37 32
29 24 14 13
33 36 23 7
37 24 0 17
31 42 30 35
29 22 42 11
37 27 7 48
32 34 32 45
30 13 11 47
38 42 37 18
30 42 33 40
36 19 32 12
11 47 28 46
32 19 16 18
24 28 34 48
11 44 34 16
16 48 36 40
38 39 49 29
16 38 8 23
42 31 47 48
39 37 31 42
29 26 36 41
34 39 39 41
30 18 32 1
9 42 32 9
24 30 20 4
11 43 3 41
37 19 26 41
21 38 8 40
46 31 48 23
18 22 30 27
23 27 32 17
31 24 31 39
29 38 30 45
27 23 49 4
9 48 47 42
32 24 43 3
35 20 45 0
22 4 45 49
26 42 25 16
39 36 23 39
32 35 28 17
47 44 18 34
42 46 47 12
