50 374 15282 800
27 28 45 47
23 35 14 2
19 9 19 39
17 33 15 9
47 23 29 12
27 34 22 22
3 44 6 13
20 37 13 26
8 20 41 31
48 22 41 11
19 37 25 1
27 25 39 39
6 9 15 18
21 34 3 7
6 15 40 24
25 33 18 20
21 26 33 19
22 48 13 30
25 31 24 16
20 34 44 41
10 17 40 43
14 33 14 4
12 39 2 5
13 35 32 0
5 17 31 40
13 17 40 12
11 36 37 12
4 19 18 25
23 34 11 29
20 15 27 32
48 19 41 36
25 32 49 48
12 32 35 13
11 21 24 21
46 20 34 16
3 16 37 18
9 26 10 48
9 14 32 14
20 36 48 22
13 30 37 22
15 15 46 11
11 17 38 44
7 4 40 20
7 16 28 3
5 15 37 42
2 13 45 39
9 18 0 7
19 39 12 22
19 31 41 2
16 39 29 14
17 26 12 13
6 13 34 9
13 14 14 26
29 33 24 26
24 16 4 5
12 19 21 29
49 22 37 10
26 35 39 9
6 13 37 38
11 26 12 10
46 24 22 31
12 18 36 11
4 22 40 19
13 29 27 42
2 16 12 41
12 12 5 10
10 21 32 24
6 13 14 22
4 17 8 1
9 11 42 44
32 39 36 10
8 15 35 23
20 30 18 24
18 18 35 13
17 26 27 2
4 17 39 7
20 37 47 8
22 30 39 18
16 21 12 18
21 13 26 1
26 37 13 25
23 34 7 0
45 24 46 17
8 19 39 12
5 14 2 7
18 33 0 6
5 22 32 34
6 41 27 15
14 41 37 8
15 25 25 16
10 15 40 1
7 16 28 16
11 8 33 33
21 31 30 13
22 31 42 5
20 37 45 20
19 24 34 39
25 36 35 9
19 28 40 39
9 15 3 40
13 42 40 41
21 30 48 6
18 16 27 33
15 33 31 44
12 48 22 15
24 27 29 16
12 16 4 47
15 33 43 27
4 28 48 14
12 24 3 49
0 17 44 8
15 34 33 9
15 14 6 6
19 18 12 1
25 48 37 18
13 19 14 11
13 15 21 29
26 28 13 26
9 18 36 44
5 21 37 41
21 34 31 48
14 15 20 28
2 10 13 20
16 43 16 20
29 32 49 32
23 49 10 23
18 38 37 8
12 17 15 34
10 43 38 4
31 30 44 11
11 27 33 48
49 22 38 36
13 39 15 6
11 14 41 6
19 30 37 1
12 33 11 17
16 30 44 12
6 26 39 43
27 29 9 12
48 23 39 13
8 39 39 47
22 32 7 0
15 34 21 32
47 24 11 22
23 33 13 4
12 12 47 33
19 37 6 2
12 38 42 43
19 35 11 24
20 27 15 28
14 15 48 27
21 34 39 43
22 47 17 11
28 28 10 8
9 23 36 21
14 11 46 32
44 23 6 1
15 24 19 34
12 41 38 13
7 12 10 7
17 35 44 34
21 33 33 35
11 15 8 2
10 22 29 19
14 49 32 8
26 36 37 14
20 27 48 2
47 22 40 10
28 33 36 15
5 21 32 7
29 34 46 12
6 15 43 32
12 20 46 10
8 22 16 38
0 24 48 13
49 22 38 47
22 43 47 17
18 31 41 7
6 17 48 25
32 38 11 20
8 12 37 22
6 10 33 10
16 41 44 13
25 32 33 14
14 22 48 38
46 26 38 40
12 33 33 4
47 20 10 41
22 32 36 40
45 24 42 10
47 18 37 5
12 13 30 32
21 49 48 9
30 32 40 33
24 31 35 1
5 23 27 16
19 46 37 45
7 18 10 22
20 32 30 37
13 34 33 14
26 28 38 44
15 31 38 37
23 42 14 7
4 12 28 5
9 32 44 43
46 23 21 9
30 30 40 47
48 22 33 8
27 47 33 5
2 21 1 14
28 25 26 9
9 16 26 14
20 37 42 44
3 16 35 36
21 27 38 43
18 36 41 43
14 30 49 44
5 10 44 46
11 27 14 14
12 12 21 24
7 16 37 11
18 18 37 36
16 27 9 21
14 17 15 10
10 27 31 11
6 21 41 41
44 41 36 7
16 31 49 6
14 12 35 12
48 22 9 22
47 26 1 24
3 14 39 42
16 30 9 20
28 31 18 35
20 37 30 19
2 15 18 26
14 46 9 0
8 20 36 34
15 46 11 45
16 20 36 4
18 32 40 25
14 27 39 0
27 38 36 43
14 23 34 7
21 35 37 4
16 33 34 1
32 44 29 1
22 23 18 9
19 41 6 3
25 33 9 19
18 29 44 42
46 24 40 10
4 15 9 5
26 41 37 17
26 25 29 12
7 17 26 29
27 25 28 15
13 18 13 11
20 37 36 47
16 20 20 17
14 41 45 40
21 33 38 44
28 27 13 19
28 39 4 10
27 33 7 15
25 34 30 19
6 10 18 15
49 23 30 13
19 19 32 5
15 15 44 47
11 22 13 8
6 28 27 19
18 29 32 20
18 32 40 5
1 13 31 16
14 45 37 36
14 15 43 39
10 15 22 26
1 41 35 5
19 38 32 33
16 36 25 17
12 11 43 44
6 14 34 3
20 39 36 37
18 36 37 21
17 41 33 33
18 37 3 6
4 13 26 12
16 44 6 20
7 22 48 14
20 37 28 28
19 37 30 27
17 40 0 0
9 17 33 8
3 29 37 25
36 42 19 47
46 25 9 1
18 31 12 24
8 36 14 25
11 10 13 16
16 37 35 32
12 14 20 13
19 40 14 14
20 36 32 10
12 10 28 12
10 20 14 25
7 12 36 11
6 18 7 46
11 6 2 40
3 30 34 19
18 14 15 36
24 30 33 33
14 33 11 7
8 14 37 21
24 31 32 6
7 28 27 43
12 22 24 14
6 25 12 11
2 16 42 42
13 15 32 27
19 39 7 9
16 33 12 28
11 15 23 7
14 26 31 23
13 9 38 3
13 10 32 42
20 37 26 13
28 37 14 8
20 35 34 11
19 36 35 10
15 23 39 8
20 26 0 6
15 11 33 16
5 14 26 28
21 37 41 16
11 12 9 24
3 21 4 2
22 15 33 9
5 16 33 9
10 12 8 7
3 9 47 43
22 43 38 38
13 26 10 9
5 13 29 24
9 20 2 11
47 20 17 2
14 38 27 8
11 42 42 3
9 31 14 1
14 14 49 24
19 29 8 42
9 17 42 23
11 46 19 28
4 15 40 47
24 34 8 16
21 35 35 43
15 22 17 18
19 34 28 20
16 29 38 17
6 17 45 12
46 21 29 4
19 18 42 37
19 37 31 12
22 30 17 7
14 22 15 7
24 32 41 15
12 17 3 5
18 35 31 1
19 32 39 40
24 10 41 47
21 36 43 18
8 20 34 6
9 18 35 45
21 38 38 8
