50 113 19618 800
41 12 16 38
23 46 33 45
8 47 23 39
45 7 13 23
21 10 32 4
5 36 38 37
18 28 43 25
31 21 14 32
31 16 7 27
26 11 4 29
38 36 5 25
28 23 33 42
48 13 22 34
40 1 37 34
36 18 4 31
34 3 9 27
36 33 18 32
3 37 33 36
41 4 18 31
38 45 15 8
23 10 27 3
44 16 29 41
31 33 12 29
28 6 35 30
38 23 6 33
37 17 42 10
46 41 18 29
42 17 42 45
28 46 21 13
16 9 16 33
40 9 47 44
43 42 9 18
22 12 2 28
41 27 26 26
37 33 12 11
40 47 14 11
31 28 6 16
6 41 27 40
37 16 26 31
40 40 32 40
34 40 17 29
26 46 24 38
19 31 22 28
34 14 22 1
44 12 35 41
9 44 30 29
16 28 8 48
48 22 4 49
30 44 31 24
38 20 31 37
8 48 19 32
49 39 28 2
49 11 31 2
9 19 30 41
6 33 30 27
38 17 35 39
42 12 25 2
30 7 21 0
3 39 43 39
2 38 29 28
34 27 17 32
41 12 21 5
29 18 9 16
39 23 38 6
6 31 16 14
27 22 15 3
43 9 15 33
38 48 33 43
24 18 34 5
19 20 41 32
38 15 7 27
39 7 17 33
40 7 48 42
13 41 36 41
32 24 17 36
46 42 27 14
46 35 10 23
3 37 16 46
39 4 8 19
11 43 15 35
46 22 16 16
5 42 47 49
45 8 11 32
4 40 34 12
40 18 27 2
49 13 23 10
39 19 6 43
33 28 6 0
11 38 15 34
8 37 17 23
23 6 34 11
17 20 31 13
31 48 22 21
41 10 19 32
20 25 16 11
25 11 7 19
4 37 2 14
41 22 13 34
37 16 18 27
44 48 5 26
33 27 39 44
30 39 23 8
23 37 27 29
6 37 29 44
3 38 32 39
6 39 32 10
1 47 30 23
21 31 5 49
41 12 14 32
38 37 32 41
2 34 32 41
27 43 18 31
26 47 28 2
