50 180 13664 800
8 25 34 31
23 21 3 11
16 41 36 35
13 36 45 35
48 25 31 44
18 21 13 9
44 12 11 14
31 24 47 28
21 23 7 12
18 26 43 45
32 27 32 34
25 28 10 15
21 19 29 11
31 44 7 16
17 20 48 24
25 14 3 13
19 26 49 14
7 34 9 8
39 36 10 10
40 29 20 1
36 21 35 39
19 24 9 12
18 40 28 15
35 37 39 28
28 46 32 30
30 35 10 14
13 29 34 26
39 34 40 21
19 32 11 10
21 21 7 13
15 19 38 48
11 31 49 23
12 34 22 11
20 29 27 36
9 41 8 15
32 32 11 12
45 41 15 6
9 48 3 9
35 34 5 11
14 12 36 26
37 25 3 1
33 23 14 2
31 21 38 26
43 35 38 23
19 22 4 0
16 22 46 36
22 44 6 7
29 23 6 9
23 26 8 14
16 42 8 3
14 22 20 0
16 43 10 4
18 25 30 32
25 41 33 23
11 35 8 14
16 13 7 4
6 21 29 47
20 22 48 35
25 26 0 6
28 37 3 7
24 18 8 10
5 22 9 11
36 33 7 13
35 6 36 33
40 27 6 0
23 23 25 34
45 43 26 9
49 23 33 3
34 30 10 6
27 34 12 12
14 22 11 14
5 46 38 26
12 23 30 35
23 48 28 35
47 21 24 6
28 37 5 2
0 30 44 29
21 25 11 7
10 43 36 27
6 24 2 2
4 22 36 6
15 17 32 45
15 31 3 14
33 21 9 11
41 38 11 10
22 25 39 35
45 17 15 7
21 21 35 27
28 32 39 33
4 44 9 11
1 32 11 12
22 17 49 24
38 30 38 35
30 34 35 30
34 35 41 17
26 21 49 7
25 19 42 47
16 20 5 13
17 25 44 33
36 36 8 14
22 19 5 12
35 22 11 13
29 8 40 31
38 34 47 38
8 36 43 28
1 32 9 5
25 39 33 13
25 28 43 35
4 36 19 7
46 33 3 7
24 23 36 32
47 46 40 29
20 23 32 25
33 29 24 2
44 29 42 40
17 24 8 11
11 33 7 15
37 27 47 13
48 15 45 24
21 24 1 3
17 34 9 9
4 14 16 8
5 23 1 6
25 48 45 30
16 14 37 33
32 42 26 2
28 33 7 9
39 23 26 28
16 27 19 15
7 48 7 3
19 42 4 4
19 30 5 6
41 19 8 12
15 32 37 25
36 47 26 32
7 32 35 29
32 22 47 34
11 34 24 3
27 27 42 35
49 45 4 5
10 6 8 11
24 13 8 20
6 29 16 2
0 33 46 43
33 31 11 10
30 42 10 15
41 38 11 15
13 21 10 10
12 35 0 1
15 35 15 12
18 42 15 8
41 47 37 27
26 45 10 11
23 34 7 11
27 44 31 2
12 23 4 7
12 36 36 28
12 40 10 14
29 39 28 33
6 34 8 14
18 31 8 12
14 36 32 14
33 42 27 32
13 35 40 28
16 17 40 41
30 41 33 7
38 19 41 28
23 27 44 29
42 34 32 32
36 45 47 31
35 29 19 6
31 39 32 31
19 23 8 13
18 25 34 32
7 35 4 2
2 0 46 39
17 22 15 1
21 31 7 13
39 30 24 9
42 19 41 46
