50 855 13915 800
26 47 31 19
12 25 29 13
43 42 35 16
20 32 33 18
0 35 34 15
24 4 37 2
25 48 18 25
16 25 8 30
14 39 44 12
23 8 19 0
44 45 40 20
23 38 36 20
34 33 34 21
11 19 2 48
7 7 37 26
26 45 6 41
25 39 9 38
5 18 34 21
8 16 43 34
21 35 14 13
22 4 33 17
22 31 36 18
16 39 23 48
39 47 38 17
27 6 7 8
24 5 33 18
19 46 34 20
6 47 26 28
32 14 14 24
21 2 33 20
27 3 36 15
9 27 34 20
15 21 32 21
14 42 30 20
17 39 20 20
27 33 0 35
11 5 21 40
34 40 20 42
12 5 11 30
36 41 2 10
14 42 6 42
22 13 9 36
25 13 28 4
32 44 36 1
29 27 35 17
16 27 39 20
35 8 35 43
34 43 34 21
18 16 32 21
44 40 9 14
26 1 9 27
20 41 36 17
18 43 7 44
22 10 29 12
22 3 29 42
18 48 31 19
11 23 31 20
25 8 17 24
38 45 5 34
41 17 31 18
7 7 33 20
17 34 32 17
31 30 14 35
24 5 41 41
33 43 35 27
28 46 33 18
15 16 30 27
31 42 33 20
45 26 0 36
22 4 32 16
21 7 13 6
25 4 32 21
15 36 7 34
8 48 19 33
32 38 46 20
42 9 34 17
7 17 34 19
27 6 12 38
11 22 9 39
44 49 25 32
29 46 13 46
8 34 18 32
21 6 5 39
0 24 3 44
23 45 40 20
22 2 33 19
2 42 30 22
34 39 10 44
24 6 30 18
25 19 32 46
11 40 34 20
39 47 30 20
19 23 34 18
23 46 25 14
25 7 34 20
33 20 11 34
35 43 14 27
5 21 29 21
23 30 26 28
11 37 38 15
25 4 9 39
4 20 34 16
22 0 33 18
25 8 34 22
9 27 34 19
47 30 33 21
8 44 39 21
37 23 32 19
15 24 31 21
16 45 25 30
19 14 49 39
24 5 33 21
20 14 16 2
22 1 30 12
9 45 37 21
11 24 5 34
20 5 11 13
21 1 4 47
13 29 28 48
17 6 46 14
3 45 11 39
39 33 30 21
24 6 35 47
12 46 38 23
21 3 29 30
23 4 31 3
23 49 33 16
31 44 1 45
27 39 32 20
20 2 33 16
3 49 32 22
24 14 37 20
25 8 34 20
2 49 27 8
30 27 32 18
24 43 40 18
35 45 45 11
20 29 32 17
27 36 14 35
35 37 35 17
14 43 35 19
23 7 35 19
28 1 36 8
22 8 28 20
46 48 40 8
31 44 21 14
23 32 42 18
15 45 33 21
21 14 35 19
23 3 21 26
13 49 31 20
4 33 13 46
25 6 35 17
17 27 5 15
32 40 35 20
25 42 36 16
24 5 20 22
27 48 32 20
31 37 25 4
26 5 33 29
13 12 33 17
38 40 28 35
0 47 15 20
25 6 32 24
40 45 4 36
13 11 25 21
41 48 33 47
47 17 32 20
41 21 5 36
41 9 23 36
14 9 34 19
27 32 17 40
36 49 49 26
21 45 26 18
45 24 18 39
3 46 18 37
47 42 35 20
25 28 38 12
30 1 35 43
16 45 37 44
20 32 30 21
24 42 33 21
4 45 14 27
24 1 17 38
24 5 32 18
16 30 37 16
23 38 45 11
17 33 39 21
25 28 46 20
22 3 35 16
21 27 21 17
34 33 36 18
26 39 35 22
23 3 34 20
49 25 42 19
49 36 33 22
35 40 32 21
34 4 8 35
27 47 25 16
35 46 0 35
28 18 40 26
20 1 8 48
25 47 35 16
11 41 42 4
3 47 34 16
11 26 36 38
25 35 41 2
36 49 33 19
27 5 39 21
38 40 26 32
37 43 36 18
18 47 33 17
24 6 31 18
23 2 30 36
31 36 25 42
17 29 35 21
20 14 42 9
43 45 35 11
42 10 37 18
19 28 30 15
22 2 1 44
1 40 35 16
25 4 21 42
49 44 27 38
30 46 33 17
25 29 17 41
36 45 15 49
0 40 33 22
2 30 28 17
22 3 48 15
26 6 37 14
49 45 33 22
36 36 34 17
4 6 21 35
8 10 31 18
4 42 35 17
4 23 38 18
31 12 33 19
7 38 32 22
29 47 34 9
26 2 36 19
7 40 35 2
8 41 27 39
27 41 31 18
39 46 33 47
32 31 28 7
21 5 29 19
23 5 32 20
22 6 39 5
37 40 35 21
24 6 27 38
1 45 33 19
24 40 0 22
39 48 40 28
18 42 12 34
19 25 38 19
21 2 31 18
7 27 34 21
13 24 29 49
24 4 12 35
6 1 30 22
25 4 34 19
9 11 41 11
14 15 23 13
35 24 32 18
30 41 34 21
20 31 25 7
21 3 33 27
12 48 33 18
40 48 35 17
3 9 39 23
39 40 9 46
6 46 8 36
48 45 33 49
24 1 13 34
48 18 35 14
15 6 40 21
9 25 17 35
19 5 45 24
24 2 5 18
21 39 32 19
23 4 23 37
24 41 31 11
33 24 31 32
30 25 18 29
25 6 31 23
22 16 42 42
25 7 33 20
21 36 36 21
20 5 13 40
38 18 25 42
23 26 31 17
11 2 6 40
20 33 37 18
26 3 35 22
19 49 7 47
24 22 38 16
18 42 30 18
20 4 32 19
16 32 30 17
14 11 17 48
11 20 28 43
41 29 3 36
36 40 30 17
24 6 27 42
19 48 48 14
25 48 35 21
12 48 31 11
20 47 10 37
23 5 27 34
27 16 42 10
20 35 31 19
25 46 30 23
19 35 25 25
49 19 38 14
2 48 4 41
8 35 33 17
22 6 35 16
11 42 39 20
45 17 31 16
24 6 1 48
9 1 22 26
22 5 35 20
17 18 32 19
48 41 42 12
26 5 23 24
28 29 34 20
39 0 35 17
4 8 40 21
44 42 29 15
24 6 35 19
22 7 26 18
36 49 14 34
40 48 31 24
26 1 33 17
27 22 32 24
20 4 3 36
1 16 28 23
22 44 16 46
26 15 10 35
5 13 21 16
29 49 25 26
44 28 37 18
11 10 27 16
23 27 36 18
26 4 16 3
17 30 35 21
17 49 27 47
35 34 38 18
16 35 12 26
7 15 8 28
34 39 17 41
44 23 39 21
33 4 6 38
24 5 9 21
23 5 1 44
24 3 28 31
30 27 6 44
21 3 32 19
26 6 40 17
5 42 37 14
23 26 21 13
40 20 40 11
22 11 25 49
24 18 10 46
22 5 21 42
38 3 4 42
37 42 35 19
25 7 4 42
24 2 38 17
1 18 49 16
41 37 21 47
36 44 27 17
13 8 35 29
26 43 8 48
30 47 3 34
1 48 39 7
31 38 20 17
35 44 31 15
42 30 11 36
5 11 43 19
41 40 19 33
14 15 35 20
22 5 30 20
6 45 35 18
26 37 21 16
40 38 31 37
20 4 26 46
14 15 37 16
21 36 17 39
26 0 33 25
26 17 35 12
5 45 23 4
12 29 20 34
33 40 26 45
36 3 29 18
23 2 43 21
38 16 32 20
18 43 33 23
8 22 42 4
28 35 36 19
24 5 26 38
27 42 26 38
4 32 29 31
36 49 34 21
4 18 46 17
3 6 17 44
27 44 30 19
38 20 32 1
2 33 36 19
40 7 10 42
44 40 14 36
2 14 6 45
19 3 13 30
23 35 31 21
32 35 22 37
21 32 25 42
25 6 12 20
21 6 16 30
46 22 35 20
13 9 14 44
24 6 43 12
0 31 31 18
17 30 34 14
13 36 35 19
16 29 31 17
27 33 34 30
11 4 36 10
11 40 33 18
2 18 6 37
24 35 18 42
7 26 16 23
31 32 4 34
19 27 32 14
21 5 15 45
26 4 16 16
12 2 32 20
6 11 38 21
19 28 16 44
15 40 13 43
13 13 9 22
9 19 8 47
13 45 27 3
14 23 20 31
6 13 3 38
13 17 30 2
23 22 31 23
16 21 36 20
41 44 2 32
49 37 29 5
21 31 35 19
32 9 18 43
27 4 33 18
22 6 14 40
7 27 33 21
36 48 34 15
34 22 36 1
22 8 33 19
22 4 34 20
17 15 31 21
4 20 45 19
27 6 4 37
35 40 31 31
41 11 37 17
23 20 11 36
32 0 31 17
22 5 8 45
25 28 30 23
17 5 32 13
20 4 31 34
41 47 31 17
24 21 37 21
1 45 46 23
27 4 1 28
23 5 49 17
5 19 33 17
17 43 9 41
0 24 21 45
23 41 33 17
25 9 11 43
6 5 8 38
0 19 1 49
24 4 3 46
23 1 35 44
13 26 36 15
15 37 28 37
13 40 34 2
21 44 35 20
11 13 18 46
24 5 15 35
16 3 43 8
3 11 30 46
22 7 43 21
35 43 31 18
33 36 9 26
7 15 13 33
14 45 22 5
24 0 9 33
34 22 36 18
6 41 33 20
10 36 34 23
25 5 34 21
12 16 16 10
40 30 47 16
24 19 34 22
45 43 15 46
5 40 23 37
25 6 7 36
12 47 2 41
22 2 47 6
28 48 33 17
37 41 5 27
39 38 33 19
23 5 21 43
22 5 31 13
27 31 34 18
10 42 20 41
18 21 3 38
30 5 37 15
13 18 27 12
31 40 36 19
4 24 36 20
7 23 33 16
9 17 44 13
14 40 38 17
19 31 0 39
7 13 41 49
25 40 41 14
18 5 31 19
34 5 31 25
6 17 14 26
26 1 32 18
16 10 30 19
39 44 29 43
1 37 36 18
16 33 38 34
21 42 38 18
23 6 3 38
44 25 36 20
14 38 36 15
17 9 33 17
16 35 26 7
22 38 31 3
22 34 19 24
27 5 36 21
18 22 31 21
22 13 37 18
23 3 31 19
5 23 32 19
34 48 8 24
34 38 32 22
46 39 32 12
4 27 32 5
3 29 32 20
26 4 35 17
32 18 4 30
17 38 36 18
6 23 42 40
28 46 13 38
18 8 11 27
20 39 34 19
14 21 35 34
20 8 33 17
6 24 36 19
22 7 35 21
24 9 11 33
3 36 33 18
42 38 30 19
20 14 32 17
26 37 36 17
11 12 37 20
18 33 33 21
26 35 34 18
17 11 34 16
26 2 39 12
37 8 12 11
20 3 20 14
26 4 11 29
6 41 27 7
25 30 28 12
38 18 34 16
9 38 14 33
32 33 30 20
21 4 17 2
26 0 31 18
15 35 21 14
28 7 31 5
2 17 35 20
21 14 32 27
8 49 11 40
22 6 32 22
44 28 30 16
22 7 30 22
26 8 47 8
43 37 30 23
14 17 12 30
19 7 34 18
39 33 34 18
9 17 11 33
11 35 32 19
18 42 33 21
34 48 39 11
19 15 34 6
4 3 37 17
10 49 10 35
42 38 39 17
35 32 9 34
17 45 34 22
42 49 19 27
10 14 38 4
16 41 9 47
29 14 31 22
19 34 36 19
33 32 31 18
33 47 34 16
8 23 36 20
31 47 26 21
28 6 5 40
24 6 36 12
24 4 24 42
28 35 24 23
30 1 44 16
23 30 35 18
29 9 43 19
5 8 40 1
36 24 41 12
45 34 35 22
25 1 35 20
7 14 37 14
17 21 34 20
12 15 46 21
21 34 22 48
24 10 33 25
23 12 33 45
24 34 47 27
29 49 23 46
22 8 9 46
26 46 33 20
23 47 36 19
15 4 35 20
22 3 34 17
14 26 34 17
5 29 14 45
21 5 32 18
30 45 7 46
27 43 33 11
18 34 39 20
27 36 35 22
15 0 35 20
25 27 33 17
0 15 8 49
21 21 37 28
23 1 22 19
23 32 45 46
20 6 35 31
37 44 26 25
23 36 26 26
23 7 6 40
25 32 32 43
8 31 21 3
18 1 28 34
26 5 34 19
21 3 35 17
35 41 31 18
27 32 34 23
23 7 29 17
39 20 7 27
30 40 22 12
29 45 37 15
11 43 43 17
32 46 30 36
3 21 41 12
8 30 37 19
13 7 34 16
26 22 2 40
31 43 36 23
11 0 31 19
22 30 13 6
23 38 33 21
27 8 13 17
25 38 42 9
24 8 33 21
12 40 33 32
4 18 36 17
20 4 32 17
36 42 30 20
32 39 34 36
18 29 33 21
1 12 20 41
31 41 14 48
10 42 19 28
13 17 31 22
11 39 40 11
10 10 31 18
25 37 32 42
26 39 13 49
31 48 33 15
41 28 29 22
12 34 4 29
16 44 32 22
11 14 22 28
23 9 9 43
35 12 28 16
32 36 35 7
6 39 14 36
31 49 24 45
20 7 33 20
22 3 12 22
6 22 29 18
34 27 18 48
5 10 7 42
26 1 34 17
10 38 35 19
43 12 25 49
26 8 34 22
19 33 31 19
43 22 30 14
21 6 7 32
21 2 14 44
19 47 35 33
34 45 34 20
6 11 35 21
15 25 33 21
17 16 35 25
32 44 9 28
21 2 39 31
32 29 37 19
19 2 32 17
10 22 32 20
15 11 37 17
43 8 21 24
45 46 33 21
43 19 8 26
31 37 33 41
7 19 33 20
22 1 3 36
36 27 39 46
24 3 33 13
2 34 32 17
33 41 34 22
8 27 33 20
30 4 33 17
41 34 33 22
24 5 45 10
35 45 34 9
36 48 17 29
21 2 39 23
28 38 30 12
17 22 1 25
17 28 17 43
22 40 48 12
26 49 10 26
22 24 32 21
16 49 33 17
39 5 33 20
12 37 33 19
8 18 19 8
2 49 15 46
22 5 39 20
4 14 34 20
14 31 32 19
16 23 13 35
31 42 30 20
21 47 36 19
14 16 33 20
36 49 17 45
16 28 34 18
21 8 19 28
31 32 42 29
31 47 18 42
24 3 19 43
22 7 30 19
40 38 32 21
6 20 32 22
25 6 33 15
21 20 37 36
17 49 15 32
20 32 35 20
22 5 37 24
31 20 29 43
22 4 34 19
30 42 29 17
48 43 45 27
16 16 5 49
0 30 6 34
30 8 21 43
24 45 3 30
22 34 37 5
25 48 37 20
27 2 34 18
44 36 15 45
29 34 32 15
34 33 34 16
7 19 29 43
24 6 35 19
23 45 31 16
47 26 31 21
22 7 18 14
34 46 12 18
19 32 34 21
29 46 36 19
15 35 30 10
19 43 33 20
32 48 13 45
25 14 33 17
24 33 47 14
17 11 40 33
25 44 33 22
9 16 30 46
26 21 8 46
39 47 27 21
33 31 34 17
25 6 19 45
27 45 33 20
32 46 18 38
25 31 18 36
45 49 35 22
21 18 43 13
16 3 37 21
28 12 36 22
26 3 38 20
15 4 2 43
25 37 5 48
25 13 23 38
24 31 34 18
22 5 35 1
39 44 32 18
19 16 10 23
48 44 37 17
16 47 19 34
29 3 34 15
18 23 19 37
11 30 37 16
9 23 38 2
9 26 36 4
21 27 43 19
22 1 20 24
17 28 26 19
14 19 35 18
24 5 35 18
0 49 32 13
43 44 37 16
24 34 33 18
24 2 17 46
40 37 34 33
22 4 25 2
24 6 31 17
24 5 41 6
21 6 16 1
3 15 20 39
24 41 35 21
38 42 33 22
21 48 16 40
16 20 34 18
28 19 37 21
