50 71 11027 800
28 18 8 22
28 28 28 42
21 24 33 32
30 12 29 44
21 29 5 19
39 33 22 33
40 0 36 47
34 16 40 6
36 3 34 43
37 44 34 40
46 41 2 31
13 40 38 41
38 37 39 43
46 2 9 18
37 31 46 29
8 45 32 47
23 44 37 47
46 23 41 39
29 47 32 43
41 26 9 20
49 5 9 28
26 30 35 15
22 16 44 2
29 11 9 24
41 23 39 28
29 38 16 16
39 36 29 9
21 13 10 16
44 17 35 24
42 6 41 37
49 20 12 15
30 27 31 7
39 1 22 18
14 28 28 29
48 14 39 45
40 26 35 49
42 32 39 0
25 44 2 19
38 25 38 46
43 26 28 3
37 35 47 35
24 12 44 10
21 34 2 25
30 6 20 16
38 17 43 10
48 42 9 12
28 23 46 37
47 2 12 5
31 42 21 23
15 22 44 25
12 30 13 23
44 41 32 47
33 23 16 18
40 5 4 26
33 46 27 12
21 42 41 36
38 24 38 43
25 32 17 24
8 39 35 5
43 10 4 5
35 36 35 41
48 48 33 9
48 26 37 42
27 16 34 37
46 10 35 11
37 34 39 24
32 10 5 36
19 9 20 34
23 32 6 6
23 20 36 20
29 28 28 45
