50 122 18348 800
28 47 43 20
43 26 31 17
27 29 35 13
14 39 20 32
46 3 41 23
30 15 26 44
1 9 29 12
38 33 29 17
2 13 43 34
33 18 42 23
3 39 35 39
3 14 48 36
43 12 18 42
31 16 41 39
41 40 28 3
43 28 41 20
40 26 30 35
10 4 38 32
46 21 49 38
42 0 44 23
8 41 12 4
46 7 12 44
4 1 3 29
6 14 33 4
49 30 42 11
15 36 37 41
29 20 27 24
32 44 20 10
30 5 45 28
29 33 33 39
8 41 43 16
44 4 33 30
39 16 46 11
4 26 38 4
23 20 40 30
24 30 40 45
29 19 15 36
19 14 11 36
47 26 22 23
10 46 26 25
6 6 36 38
3 9 32 22
38 18 31 39
38 32 35 22
37 29 34 38
39 39 43 31
4 4 30 1
32 22 31 2
33 31 39 43
7 36 23 35
20 18 37 34
16 20 8 30
40 11 25 38
37 42 37 0
38 29 33 38
6 9 35 9
43 27 37 34
32 31 28 17
36 1 22 5
47 10 32 11
35 12 21 35
2 5 43 26
29 28 47 20
32 33 39 13
49 5 28 18
46 23 27 40
24 10 13 36
34 31 40 26
31 21 42 22
31 8 33 29
46 20 42 43
20 49 39 23
2 4 12 38
26 3 40 14
2 3 13 39
45 30 45 21
22 30 41 35
36 33 19 36
41 32 34 18
32 15 31 36
41 11 33 47
35 39 7 49
20 34 49 39
7 48 34 35
18 40 43 43
25 25 6 34
31 33 14 42
29 7 44 16
26 11 28 36
44 25 36 42
34 16 44 28
26 35 40 13
40 3 35 6
40 8 16 26
4 8 44 13
48 14 18 37
8 8 37 10
45 12 19 39
39 24 22 28
48 11 31 17
0 13 15 40
5 11 20 36
43 7 15 39
34 19 26 19
33 24 48 8
40 17 16 42
29 9 37 19
41 37 33 31
38 17 23 24
22 39 45 21
44 18 24 34
11 10 47 13
12 26 19 36
35 17 22 31
16 31 40 23
22 48 45 36
29 29 46 16
39 10 13 32
46 26 33 16
12 19 34 27
39 18 30 19
26 45 49 39
