50 76 18001 800
45 48 9 23
9 43 41 28
39 43 36 18
8 31 44 33
16 18 35 6
30 14 8 16
39 33 14 11
40 17 15 8
41 6 49 18
31 6 42 7
22 15 45 36
44 39 38 36
12 27 44 9
10 43 43 2
40 23 45 38
15 25 46 30
30 38 28 7
7 43 34 32
5 7 39 44
32 12 38 19
10 38 13 11
26 39 3 17
37 25 42 14
15 46 45 21
33 39 12 30
0 19 45 33
10 46 23 34
12 1 0 16
43 44 17 4
8 39 14 23
1 29 32 26
15 20 41 28
34 29 31 17
5 47 16 23
33 30 26 12
45 33 35 24
43 49 46 38
29 1 20 19
17 32 38 13
8 20 44 25
11 11 39 20
20 40 42 19
26 2 46 35
4 31 7 3
10 46 24 36
11 47 45 39
23 36 44 34
33 17 31 8
10 13 12 32
23 14 45 34
9 20 27 26
5 37 12 33
14 35 8 28
30 17 25 26
24 42 41 13
25 5 7 16
27 5 47 19
4 22 32 16
48 20 17 20
24 0 27 9
29 48 40 36
8 27 12 10
11 47 43 22
35 39 34 14
27 26 46 35
45 38 48 33
18 19 24 38
28 40 22 26
22 40 34 23
13 3 3 6
16 38 33 29
17 23 22 44
27 10 42 12
39 24 39 7
1 48 45 16
13 43 46 43
