50 99 13338 800
44 26 42 38
41 0 15 1
43 23 40 20
27 17 22 9
31 20 42 34
26 22 37 48
32 9 42 46
0 21 46 18
24 9 27 29
36 4 32 20
18 14 31 43
24 43 2 4
1 20 6 0
9 27 31 47
21 39 24 2
31 16 22 0
25 22 27 5
10 19 47 28
39 20 29 7
9 10 6 43
14 12 45 24
18 19 20 44
30 16 49 28
16 5 29 23
32 21 49 39
16 10 5 38
20 46 33 6
40 14 43 33
16 9 47 30
28 44 47 34
39 9 44 30
9 18 34 10
20 33 27 27
14 5 30 20
46 18 28 46
18 20 17 13
31 9 32 18
19 47 2 40
45 7 35 5
35 3 25 14
22 28 32 2
9 16 46 32
36 10 45 32
12 40 49 33
10 19 3 40
45 7 42 0
35 45 38 8
43 21 46 41
38 13 10 43
26 33 27 16
44 11 37 10
37 21 7 38
19 14 46 33
40 11 40 45
10 13 46 27
22 41 37 7
26 41 35 49
8 17 36 11
20 15 11 42
36 24 13 21
33 19 6 21
14 41 25 49
25 22 16 17
30 15 27 22
22 13 28 25
19 38 48 29
29 47 12 41
37 20 22 18
36 16 46 30
25 26 23 46
35 15 26 9
40 39 44 25
38 7 46 36
31 32 1 3
18 41 12 38
24 38 5 36
23 40 29 19
46 16 31 0
20 5 37 4
24 9 46 27
31 14 19 2
32 15 20 19
31 22 21 15
13 12 10 14
21 27 31 12
41 2 48 35
41 14 34 3
13 16 28 37
34 14 12 41
27 29 45 35
12 9 9 41
11 20 19 40
40 17 4 19
31 13 2 38
8 21 38 14
23 8 46 4
33 16 44 33
31 12 38 45
10 15 31 18
