50 1172 13394 800
5 31 16 42
35 43 25 26
25 45 11 19
26 12 6 10
28 45 6 30
19 45 36 11
9 37 2 32
15 34 22 6
31 18 9 22
0 37 31 20
2 37 30 14
31 14 44 19
23 41 24 29
13 25 22 22
9 35 33 9
29 39 31 11
13 9 32 7
31 20 26 25
19 18 25 25
25 43 6 42
46 4 36 11
31 11 28 20
25 40 10 34
31 35 7 30
25 13 2 34
16 35 10 20
27 17 6 33
14 26 29 46
29 41 4 39
0 15 26 11
30 11 16 40
37 48 11 27
15 33 34 7
47 3 35 10
0 25 17 9
24 48 8 25
14 37 7 46
35 17 10 24
10 7 25 23
35 14 18 24
3 14 3 21
11 23 20 27
37 22 10 41
33 19 23 6
9 35 16 24
27 14 9 35
15 20 32 7
5 12 5 21
46 2 6 36
13 26 25 23
25 17 24 22
31 17 29 26
29 16 7 23
15 28 25 28
15 31 4 22
3 36 25 43
5 34 15 17
26 22 35 10
16 26 23 21
31 15 14 36
13 29 48 17
30 18 8 26
25 21 1 27
8 36 49 22
39 31 32 25
26 12 12 38
1 26 21 11
30 19 16 5
2 35 34 10
14 44 34 13
47 0 6 30
18 30 20 20
12 41 8 22
21 18 29 22
38 40 26 21
32 23 28 19
20 24 37 8
43 12 26 9
20 33 35 14
8 19 39 12
18 34 40 2
34 30 8 17
11 42 6 21
35 5 10 1
13 23 9 36
17 22 23 25
15 15 30 8
45 29 26 25
31 13 4 36
3 32 33 1
40 26 9 3
8 21 18 25
44 22 17 9
4 26 21 4
1 16 3 38
20 31 26 24
23 32 7 33
29 33 17 22
1 27 21 24
17 25 12 24
5 31 10 26
34 12 31 10
28 15 17 29
38 34 20 9
1 40 24 21
1 20 7 26
0 38 13 40
29 31 12 26
16 30 17 36
27 14 10 35
27 28 14 2
10 27 37 9
15 22 9 18
21 42 32 13
35 26 10 37
7 40 7 25
15 31 29 24
14 31 32 15
47 39 10 28
9 39 5 31
5 30 24 3
31 16 13 37
37 8 43 1
29 18 6 6
32 12 12 35
18 37 37 17
11 35 29 17
35 47 37 5
34 38 28 9
26 18 10 31
7 10 32 18
29 16 6 34
0 38 2 24
4 33 37 13
26 20 24 16
6 34 22 23
20 22 25 39
7 15 4 23
12 14 25 7
33 21 11 19
6 19 14 16
31 14 19 2
5 35 41 1
1 30 14 42
30 35 5 11
29 43 10 2
34 33 31 6
28 47 29 12
31 20 0 32
36 15 31 8
26 16 6 20
36 25 15 42
26 14 20 32
25 0 7 27
16 24 8 39
15 34 13 46
47 11 5 35
14 49 13 36
17 35 30 45
12 23 26 3
32 30 31 19
18 28 12 33
41 29 34 14
7 29 40 18
6 37 13 7
8 4 21 32
16 16 40 8
27 15 27 21
30 36 37 4
15 42 7 37
8 31 6 23
9 11 26 22
39 5 35 11
2 48 33 13
22 11 7 25
4 16 4 34
33 27 11 36
23 27 14 27
28 35 9 29
23 25 10 19
6 41 10 28
3 34 9 33
18 36 9 36
5 34 29 26
28 14 32 21
3 34 10 17
11 28 42 14
33 33 32 4
31 17 2 12
30 13 5 20
30 22 29 0
3 25 6 18
3 33 7 42
18 46 10 29
43 23 25 17
25 47 34 7
14 15 20 17
35 14 9 19
27 18 35 9
16 27 5 2
2 24 27 27
27 15 6 38
11 23 23 8
0 17 7 26
9 25 28 10
46 0 26 6
10 36 10 44
24 25 25 21
5 35 3 30
11 23 35 13
27 18 11 42
26 10 28 6
22 31 13 37
6 28 34 9
18 35 9 34
11 28 33 11
13 36 33 9
6 17 16 32
2 37 33 16
27 18 8 20
1 32 36 11
8 29 24 24
24 48 48 25
36 42 10 3
13 21 14 27
11 6 13 29
8 19 4 3
6 30 4 34
12 27 8 36
26 30 27 18
27 17 24 35
13 29 11 41
26 26 9 9
47 8 26 18
9 34 35 14
8 35 5 15
45 5 30 20
3 36 30 14
22 29 35 7
48 33 30 2
9 29 34 23
13 39 25 23
27 30 5 35
41 4 5 21
39 17 9 25
8 1 28 19
21 26 8 11
10 15 36 6
13 22 4 37
0 34 24 21
29 44 24 10
1 37 9 31
39 38 13 33
38 24 4 22
32 48 12 21
12 32 15 2
9 20 6 23
5 16 20 18
30 27 21 18
28 17 31 13
20 42 22 11
39 46 13 31
28 12 36 9
3 35 24 26
43 20 28 23
35 2 35 11
17 26 11 36
45 17 42 3
11 29 10 33
9 41 32 8
44 4 22 22
22 32 26 9
5 12 25 21
7 26 27 18
31 43 9 28
17 28 2 40
20 42 10 37
25 16 27 27
15 29 31 26
30 14 23 22
26 30 7 25
2 32 11 45
30 14 33 1
11 27 0 27
30 28 18 42
15 44 11 32
10 17 8 26
3 36 28 15
27 16 34 14
8 36 8 4
2 40 33 11
7 32 32 3
31 15 8 42
9 18 1 1
14 30 0 37
33 19 25 20
12 18 4 29
8 30 33 11
9 16 8 33
25 41 15 28
2 37 28 11
9 33 24 35
39 5 15 21
9 29 23 29
35 41 3 31
21 39 23 5
29 16 9 30
26 46 9 30
3 11 7 26
48 1 36 12
28 32 40 19
13 34 12 38
35 32 25 15
45 23 13 23
8 18 10 42
16 38 2 36
7 34 36 8
21 32 35 14
14 42 23 4
2 27 10 24
49 33 29 4
30 15 33 25
27 26 39 18
34 15 34 9
3 23 1 30
2 18 23 24
23 46 28 16
47 41 19 27
13 43 11 1
33 17 36 9
48 17 11 23
5 21 34 5
23 5 13 18
19 23 26 13
14 20 7 24
19 20 24 18
11 33 29 14
5 38 11 28
45 45 25 23
27 12 2 40
28 15 16 6
40 15 18 0
9 38 7 17
16 28 13 32
5 34 31 16
31 17 17 31
38 23 21 13
17 34 36 13
4 37 35 15
12 45 17 18
29 15 20 32
27 48 14 42
8 36 34 12
24 40 31 25
14 39 14 7
25 15 8 1
29 42 1 3
29 20 18 9
29 13 3 47
37 23 1 35
34 15 4 21
11 0 19 30
30 20 32 14
20 33 20 39
6 29 37 14
44 13 23 38
17 45 34 11
19 39 32 17
17 29 9 36
42 30 21 1
4 16 15 19
44 28 17 7
26 16 33 16
5 36 2 19
19 13 12 28
27 14 23 30
30 15 14 16
18 28 26 21
5 32 14 29
11 32 7 27
40 20 4 49
10 18 9 25
37 20 4 19
11 14 2 9
17 39 8 20
27 14 29 39
29 40 20 35
13 30 32 8
15 27 14 34
19 7 33 13
4 33 34 11
32 13 3 46
38 46 47 20
1 27 33 11
11 30 9 41
10 34 12 30
39 2 23 19
13 25 3 34
30 18 22 18
42 21 6 12
28 14 10 23
4 33 17 3
26 19 9 6
8 33 5 40
21 10 27 21
10 34 37 9
27 13 35 23
5 12 4 28
38 20 37 28
10 33 27 24
28 18 29 14
33 39 16 32
28 12 35 13
0 9 32 19
40 40 10 24
39 35 25 14
1 36 7 20
27 16 26 29
28 49 35 8
19 19 3 29
9 27 26 7
38 42 11 3
13 42 15 39
44 2 6 9
8 7 18 14
4 22 26 20
33 19 3 8
32 47 33 19
17 25 17 9
29 42 43 19
1 16 19 40
25 17 40 6
6 33 32 3
19 28 29 27
28 46 7 25
23 17 16 1
14 33 45 18
38 22 30 16
24 45 29 14
31 3 33 11
27 17 31 10
4 38 11 24
17 33 26 17
3 0 12 28
15 28 10 25
32 15 32 9
3 36 15 22
4 27 11 26
3 34 8 28
40 24 6 25
0 18 9 24
2 23 2 0
25 44 6 26
5 30 10 23
5 34 9 22
12 21 29 8
22 36 41 6
3 23 21 38
33 19 25 18
32 33 9 25
26 38 7 25
31 23 26 22
32 11 8 41
6 25 10 39
16 23 38 33
1 28 28 21
13 31 6 28
47 37 33 3
19 25 11 20
28 16 27 26
7 3 10 21
9 11 29 24
5 35 27 23
38 15 8 22
22 35 19 26
5 36 23 12
22 43 23 13
17 32 0 32
15 21 16 13
28 5 16 20
10 32 9 8
20 17 4 23
42 22 10 24
26 18 4 21
30 16 30 7
10 29 30 45
2 32 15 36
7 33 9 23
29 16 11 31
13 27 2 31
33 36 28 18
32 30 21 28
34 36 9 31
35 20 21 6
44 5 19 12
30 14 49 9
14 18 22 24
37 36 19 14
7 18 32 12
7 17 10 36
0 32 13 39
20 18 3 17
3 2 12 27
26 45 14 12
2 25 33 11
6 37 21 26
36 36 6 13
24 47 3 15
29 15 6 43
21 18 26 20
3 37 31 10
5 33 12 23
2 32 6 34
7 33 2 16
44 7 11 33
23 21 47 12
20 42 31 9
37 5 28 11
33 16 9 26
25 43 9 16
14 30 29 17
37 24 12 12
15 17 7 34
40 45 24 33
2 9 35 20
27 20 34 10
33 36 24 13
5 30 30 5
14 38 10 23
33 16 7 32
31 40 20 18
4 41 21 18
9 35 16 41
0 30 20 33
4 12 14 13
29 18 34 9
5 36 29 0
25 33 37 7
7 27 10 30
18 22 26 1
9 46 27 17
11 27 36 9
36 18 35 9
24 12 25 19
19 22 6 30
4 14 7 5
29 15 27 25
6 10 15 29
6 38 30 8
15 20 35 13
45 5 23 28
29 13 7 16
6 27 37 9
24 17 44 11
1 28 28 17
39 48 4 32
10 34 33 18
15 20 22 10
30 17 6 26
7 17 7 4
45 43 23 25
18 17 14 32
24 33 3 20
1 31 10 27
10 18 26 14
14 33 31 11
31 16 6 21
28 16 33 21
31 12 5 37
23 42 16 46
12 18 38 13
6 35 27 20
20 31 18 23
29 17 38 7
30 13 26 26
16 39 22 21
18 24 12 38
8 37 7 26
27 23 10 27
10 21 31 15
9 21 19 28
45 11 28 6
23 49 21 14
45 24 20 43
10 16 16 4
38 12 7 32
17 40 28 25
46 2 34 8
43 18 15 32
1 32 30 30
12 38 35 12
2 12 7 26
49 23 36 22
20 45 5 26
4 36 29 9
28 27 13 29
18 32 11 6
8 31 26 19
28 19 8 38
20 24 28 24
30 18 31 3
5 34 28 22
3 11 24 12
15 47 17 6
28 15 20 16
19 30 26 26
25 8 28 21
1 28 8 23
28 15 8 41
10 45 12 31
41 4 35 12
8 35 9 23
28 12 15 43
44 30 20 17
17 2 34 13
28 38 8 35
7 4 1 30
34 35 8 45
45 16 30 25
2 38 36 12
30 15 6 4
36 48 16 43
48 24 32 9
9 30 10 26
28 42 33 16
27 18 22 7
11 39 34 14
2 33 26 20
29 35 31 16
23 20 24 16
20 29 3 8
17 25 35 10
30 17 18 22
7 25 17 24
5 27 22 25
2 25 20 11
30 12 38 7
39 45 36 12
3 0 10 36
24 23 10 25
1 38 1 8
3 27 11 23
7 32 0 23
21 34 10 20
15 17 16 5
34 27 29 18
30 43 31 25
12 29 28 18
8 15 35 13
1 33 33 10
29 13 19 10
1 36 28 5
20 9 5 9
27 16 2 33
24 36 3 8
27 19 5 36
34 19 25 25
37 40 15 0
17 28 12 37
37 15 42 13
20 28 35 10
4 34 23 17
24 27 4 24
2 2 34 11
16 45 7 0
30 18 28 24
8 22 5 34
36 43 20 24
30 17 9 32
27 16 41 10
6 36 32 10
11 39 33 10
17 30 23 23
27 16 12 38
0 27 30 18
3 39 13 5
12 28 2 17
29 16 12 12
6 40 29 7
17 14 21 34
13 32 28 21
19 20 6 25
25 16 11 18
35 24 11 24
19 35 29 7
34 25 31 1
30 15 38 5
44 14 20 17
7 33 23 12
3 37 40 10
33 26 2 40
29 14 10 45
0 31 32 9
22 17 24 2
28 19 9 22
29 17 21 16
23 29 20 34
26 17 8 41
3 8 11 8
6 12 15 29
13 31 30 16
11 22 27 22
49 27 25 20
16 39 45 7
28 15 33 7
21 10 34 17
12 32 10 8
12 28 24 22
22 36 40 27
8 26 17 20
17 39 41 15
19 37 33 16
18 31 30 28
29 13 36 10
31 47 12 20
27 22 37 11
29 37 2 38
29 17 6 21
22 32 14 19
30 14 34 4
23 17 26 21
6 24 27 12
19 28 5 19
34 37 26 17
21 17 9 35
3 9 34 12
34 39 36 25
30 15 13 47
26 15 8 33
33 16 11 23
21 45 17 37
30 30 14 20
23 38 7 25
3 16 9 26
23 21 17 26
19 30 18 48
17 21 5 34
18 19 9 21
20 12 33 10
0 31 13 22
23 14 6 5
11 29 11 12
31 20 0 26
18 33 20 21
24 32 35 9
35 39 8 42
4 31 23 43
19 36 31 19
5 30 19 14
30 18 10 28
12 15 36 6
44 17 30 17
7 18 20 18
17 19 11 3
31 17 38 29
7 34 15 21
14 39 37 13
31 13 11 30
19 18 5 43
5 20 2 9
14 17 18 31
31 17 32 22
8 26 5 36
16 21 8 31
14 21 16 27
7 12 12 25
24 27 36 15
9 38 12 34
32 17 32 12
5 2 36 20
32 33 7 26
30 11 32 20
48 10 7 25
24 43 18 17
2 34 9 24
35 19 33 13
13 27 32 10
16 37 31 23
12 27 6 23
47 11 11 24
5 29 18 20
30 19 9 33
23 20 28 0
1 34 25 14
31 14 9 40
38 24 23 18
20 48 11 25
40 13 2 21
31 16 26 21
31 41 30 33
18 27 16 24
4 3 14 23
23 43 28 19
16 16 21 0
30 16 9 32
28 16 18 32
12 14 37 14
30 21 35 8
10 28 32 3
45 25 30 16
13 18 25 35
9 18 25 22
14 23 4 26
47 2 4 10
18 47 17 24
44 0 26 10
49 9 26 20
1 37 21 35
26 17 10 21
18 24 5 22
9 40 7 15
7 27 32 10
26 14 31 22
30 18 6 45
29 14 31 17
16 33 5 25
19 21 6 25
36 24 21 40
35 39 29 27
18 21 20 27
38 9 33 16
3 35 20 26
26 49 5 22
18 13 31 23
26 23 7 26
36 35 40 16
9 47 1 35
29 15 11 27
0 20 13 10
3 25 21 46
7 34 9 19
24 25 14 29
2 32 6 20
5 31 36 12
17 35 3 31
5 23 26 2
26 36 27 20
24 40 9 21
31 38 15 29
12 28 13 32
19 43 28 17
22 23 13 32
21 43 24 23
12 32 16 26
17 19 34 10
16 40 19 23
24 36 19 21
7 24 21 4
26 31 25 22
7 30 13 9
37 21 10 21
34 27 36 18
8 38 30 13
9 25 34 13
7 31 12 4
31 2 14 12
12 15 35 12
30 15 5 24
26 11 23 29
13 43 26 13
25 34 14 34
47 18 11 38
27 17 8 25
22 28 20 20
49 20 0 35
11 18 2 25
14 25 31 25
12 39 38 6
2 31 3 36
27 20 21 33
15 35 36 6
3 33 10 22
9 38 15 46
27 16 36 2
20 33 24 18
3 40 9 18
34 23 30 12
16 16 29 8
36 24 16 40
13 38 16 23
29 17 41 22
4 17 14 33
41 15 33 7
5 34 12 32
20 17 44 17
3 34 15 10
10 32 10 11
29 18 8 24
33 19 20 34
0 46 15 25
21 27 0 30
13 34 20 0
2 10 25 23
31 6 21 29
7 31 4 18
21 38 25 7
27 26 25 14
37 20 6 24
16 33 14 19
2 31 19 9
4 28 21 19
9 35 29 15
5 32 31 15
46 2 20 15
29 39 14 30
11 19 8 15
29 14 25 3
5 9 9 28
0 31 26 15
31 40 18 26
31 5 11 17
30 44 35 14
9 21 28 10
45 25 26 9
17 36 34 12
38 17 5 19
0 34 25 8
37 39 25 32
9 6 43 11
29 12 27 19
41 4 20 8
21 34 18 10
16 34 35 14
33 24 27 24
1 31 8 33
23 10 23 32
39 15 4 33
9 28 39 4
8 18 30 18
46 24 8 22
26 30 17 2
12 39 47 10
10 24 29 28
27 37 27 9
12 34 5 25
16 33 7 22
29 17 18 27
5 2 16 13
4 39 21 18
23 30 32 7
14 16 30 3
12 5 25 17
30 18 8 48
40 37 27 23
25 31 37 11
14 40 22 22
30 18 10 24
14 40 33 12
9 28 11 37
39 23 8 25
48 22 8 20
6 34 19 24
5 28 11 39
17 42 3 30
5 34 9 47
15 30 31 20
28 23 28 10
27 45 8 36
12 33 23 21
10 31 10 37
6 10 19 27
48 0 6 21
38 11 6 6
28 16 6 24
3 33 26 23
29 28 24 38
0 33 40 7
29 15 21 21
24 20 28 24
18 48 6 26
25 10 35 19
38 36 4 20
6 31 36 11
14 32 10 49
24 18 29 18
18 25 23 29
5 19 6 25
29 16 6 32
10 18 7 26
21 26 11 23
28 31 4 19
37 28 21 25
15 6 38 20
24 30 14 8
30 14 33 5
26 37 24 0
45 1 5 35
25 18 2 22
29 16 34 25
26 31 24 4
29 24 29 15
16 22 4 29
26 44 5 35
32 25 9 22
17 36 27 7
1 37 18 12
8 5 5 28
0 37 33 10
27 12 32 15
37 33 26 5
25 43 5 31
28 33 31 7
34 13 19 21
48 18 10 27
38 15 3 30
29 26 19 36
8 31 5 21
24 34 22 18
13 23 34 25
30 14 11 36
15 16 32 7
14 18 22 16
35 20 2 30
29 14 13 28
24 24 25 14
29 17 26 25
3 15 25 38
33 15 5 27
41 40 10 26
18 37 30 19
18 22 23 13
7 29 25 8
29 32 37 7
6 11 29 16
6 36 12 8
8 18 3 29
31 37 14 37
27 34 8 25
24 48 6 30
28 36 24 23
28 13 27 3
19 47 11 27
36 30 31 21
5 33 10 12
39 35 10 15
16 1 18 12
9 49 22 23
30 7 21 34
46 24 29 3
29 15 40 20
6 22 38 9
15 30 2 22
5 33 14 30
15 9 29 9
8 20 7 30
0 10 14 33
31 21 19 9
4 29 11 14
9 31 24 17
36 15 31 12
18 34 28 9
23 24 32 6
6 32 21 23
12 40 21 1
22 46 7 37
13 28 9 5
24 21 3 35
7 39 16 22
32 15 13 24
30 36 23 22
12 41 26 7
44 32 16 16
31 16 29 28
19 17 33 7
4 13 5 9
29 5 39 21
26 32 24 13
42 10 19 23
1 34 1 43
23 15 35 10
0 14 21 0
32 16 33 6
27 28 7 22
26 28 10 8
12 30 3 27
22 46 2 37
8 14 20 6
7 36 15 28
8 29 37 20
23 27 13 22
12 2 11 8
13 37 4 27
18 41 13 34
32 42 2 24
9 34 18 5
14 34 36 13
5 30 5 24
18 6 14 38
28 17 36 14
18 25 12 23
20 23 36 14
21 17 11 44
8 17 8 7
7 29 31 11
12 11 6 26
3 31 12 32
29 37 42 11
27 39 32 3
24 48 27 15
17 15 23 22
29 33 8 23
36 26 24 19
31 34 5 37
3 15 37 5
10 23 6 42
27 18 9 6
12 17 30 11
21 46 31 11
31 15 14 31
16 22 5 34
29 19 37 9
31 18 35 21
27 14 34 18
39 10 42 5
28 13 29 28
44 28 23 14
28 32 33 13
3 6 35 30
26 22 27 28
4 33 42 16
36 34 29 21
27 18 30 9
21 9 9 29
23 40 3 41
39 32 15 12
26 15 18 36
34 44 10 24
49 37 21 4
9 31 31 17
32 47 38 4
4 32 12 32
17 36 19 28
2 19 32 12
31 18 12 18
27 30 21 25
28 29 33 16
20 19 12 29
32 17 8 17
18 30 8 11
31 14 10 20
10 41 6 34
20 44 10 29
14 28 1 6
9 32 9 27
20 47 12 22
34 18 6 23
19 34 33 20
18 31 38 9
14 26 21 25
8 39 45 18
29 14 24 15
29 20 49 11
18 30 10 31
24 34 21 19
32 22 21 8
12 40 32 1
37 41 29 19
14 13 3 8
39 13 17 25
10 41 33 9
7 31 34 10
29 14 19 22
9 23 27 15
13 44 2 19
25 12 19 25
32 12 31 7
26 8 7 8
11 21 12 41
20 29 21 17
31 13 12 17
42 18 4 15
20 37 16 13
