50 117 15751 800
17 33 36 40
48 48 29 13
36 19 22 12
39 25 15 7
47 48 19 23
31 27 28 17
35 33 28 10
45 49 35 31
17 42 24 34
40 7 31 36
26 37 16 34
38 21 39 28
23 15 18 9
37 18 36 39
35 24 28 49
14 32 49 26
2 14 40 31
4 16 23 33
25 23 45 35
24 36 15 32
40 31 29 29
26 11 19 32
32 17 36 25
47 18 19 15
25 25 38 35
29 6 36 24
24 17 26 40
46 24 29 35
14 26 22 11
20 47 18 37
38 12 33 36
31 21 22 18
15 7 27 44
5 0 19 26
9 34 41 29
22 33 32 31
40 24 27 37
4 12 34 39
40 21 23 8
20 36 27 19
37 20 23 9
49 14 21 16
46 49 24 9
38 39 47 41
42 26 32 33
4 12 29 8
39 27 37 41
6 18 27 33
24 23 29 33
40 0 27 9
15 8 27 43
8 17 27 35
30 12 22 27
34 19 44 31
35 37 26 10
39 34 30 24
15 0 31 26
42 5 31 19
27 18 35 26
21 22 27 28
15 24 40 49
40 33 23 28
39 31 19 34
27 13 36 28
1 19 24 38
49 32 22 9
30 32 24 9
47 14 33 27
17 24 25 28
49 29 38 32
13 30 12 2
21 28 25 11
34 48 20 11
19 10 27 39
41 13 10 30
39 21 20 23
39 27 18 7
38 28 37 40
27 31 27 10
19 8 28 39
28 17 31 29
14 13 25 13
44 28 28 28
1 13 17 8
12 17 22 24
32 24 37 14
36 4 39 22
28 28 42 37
32 27 18 43
35 31 27 36
38 13 21 33
25 20 20 48
27 18 31 3
13 12 28 19
41 37 20 5
46 37 33 20
36 41 11 31
11 41 41 35
29 15 8 0
34 27 28 40
24 15 45 31
44 26 38 21
21 0 34 36
27 31 21 4
31 19 38 22
17 18 37 20
5 17 30 23
33 5 33 31
3 15 24 38
45 32 32 41
48 27 24 38
10 21 34 29
22 39 28 13
22 17 33 32
45 33 27 41
25 14 19 22
43 13 27 14
