50 67 13871 800
44 7 41 20
41 28 18 30
32 24 46 25
39 27 44 25
27 24 0 44
22 36 28 35
18 36 4 36
39 30 44 18
48 14 47 29
17 14 1 43
41 13 45 20
38 32 43 21
37 12 46 24
8 44 22 38
40 15 43 23
39 29 9 39
19 27 49 22
39 20 44 19
45 8 3 45
7 32 38 48
12 41 36 35
41 24 31 44
30 3 49 27
32 31 47 17
43 42 38 25
41 36 47 25
43 19 2 16
45 15 49 18
28 18 21 46
44 29 45 23
10 26 19 30
16 39 19 43
45 20 5 13
24 18 17 24
19 23 48 24
41 26 49 28
47 27 17 35
19 19 45 25
30 34 47 42
41 10 42 42
31 16 8 29
11 15 45 26
35 8 6 19
45 20 49 23
40 21 48 44
30 42 40 42
18 32 17 39
49 12 12 37
32 29 16 31
48 21 11 33
46 9 24 34
17 18 13 29
45 20 9 39
44 26 45 40
44 26 13 18
35 25 38 42
30 18 33 42
27 13 47 25
32 14 48 25
27 23 20 45
46 11 9 22
46 33 45 40
27 27 47 22
20 23 10 43
28 33 46 21
27 21 2 30
49 26 10 44
