50 760 14310 800
5 37 32 40
5 23 29 9
15 42 40 25
29 28 41 46
26 3 33 28
17 39 23 18
43 47 12 36
2 34 19 44
9 42 18 17
43 36 41 22
6 22 41 41
14 20 42 15
9 47 42 43
38 30 22 40
20 19 23 49
38 45 15 37
43 31 16 39
13 32 13 3
40 41 28 25
23 43 27 16
15 31 25 28
17 41 41 30
49 28 19 41
16 11 29 23
37 46 23 23
17 36 4 4
39 42 5 45
5 5 42 6
33 37 47 41
39 30 46 40
32 39 12 40
35 41 43 41
44 22 27 25
16 21 41 38
15 45 21 37
40 39 18 10
33 40 4 26
49 41 33 43
3 29 39 22
48 49 48 20
31 36 7 38
40 33 24 8
33 38 15 46
33 17 18 47
22 4 26 6
5 33 26 1
42 29 8 30
9 16 21 34
20 26 13 43
15 24 33 24
46 34 43 36
31 38 40 2
8 21 39 17
48 29 25 38
36 37 10 6
22 23 14 47
27 10 10 10
18 45 32 39
5 37 49 14
19 36 28 48
27 5 17 13
23 6 25 31
0 13 15 41
25 29 23 16
33 44 34 39
22 36 14 38
29 22 41 2
4 6 12 33
18 30 40 13
41 23 43 9
32 35 18 26
33 39 38 41
20 48 41 12
41 48 19 39
9 32 19 49
8 35 18 15
14 14 15 20
25 18 7 13
31 22 18 4
34 23 35 12
24 33 16 14
10 35 35 45
38 24 12 36
25 31 4 38
0 5 6 4
15 36 23 17
32 26 47 22
9 33 37 16
10 32 33 25
37 35 48 23
40 39 44 12
18 19 28 28
19 34 33 35
19 20 45 11
43 33 45 46
14 23 22 33
35 25 6 23
9 30 18 28
32 20 47 7
15 38 37 14
12 33 10 17
38 32 0 39
19 34 41 24
34 31 23 46
9 16 14 4
35 34 36 30
36 41 35 19
16 17 19 27
9 15 26 20
23 8 8 35
36 46 40 0
29 43 28 35
18 39 26 21
24 5 22 32
28 35 10 8
10 29 19 19
42 38 9 5
21 6 22 31
12 43 32 27
34 32 26 21
10 47 12 24
24 6 48 44
14 37 25 32
41 49 14 41
48 13 6 6
23 6 12 36
13 20 40 16
36 30 34 6
4 40 9 33
8 34 47 48
10 34 23 24
43 44 14 45
11 26 1 34
40 28 24 25
23 25 48 1
36 21 43 44
12 28 41 18
23 8 46 42
34 32 7 23
11 49 35 35
40 14 8 4
36 36 18 40
24 24 47 5
32 25 45 6
7 25 35 44
43 38 43 22
10 44 31 39
13 23 21 22
10 30 5 0
21 32 20 4
6 35 49 18
4 3 41 20
46 24 39 45
6 32 26 40
0 17 32 31
26 27 12 38
14 40 24 31
22 6 9 12
33 29 10 35
37 32 27 24
10 35 27 24
14 8 1 35
14 45 23 26
7 38 33 45
17 46 42 17
10 36 9 1
11 34 25 38
4 29 8 33
17 24 13 0
20 46 36 29
36 33 27 23
24 9 18 49
24 11 48 35
7 24 29 2
24 49 21 22
13 33 42 20
34 44 24 35
39 28 24 29
28 28 23 47
39 32 20 25
31 33 18 45
6 34 17 47
30 9 27 21
36 32 26 35
44 26 10 43
38 37 5 1
22 31 44 41
20 45 5 32
25 41 41 40
21 39 49 43
16 44 9 34
39 22 6 30
8 37 47 14
6 37 43 24
39 36 26 30
32 3 7 18
23 31 13 5
39 37 24 22
35 35 17 42
26 17 30 29
22 38 33 10
30 34 22 46
24 22 33 42
14 20 42 16
41 35 16 10
19 9 10 19
8 25 40 17
2 32 17 40
35 20 22 44
12 37 16 2
39 38 46 24
33 21 36 29
30 38 41 45
34 19 35 5
34 40 0 27
11 41 40 39
33 30 0 32
15 36 2 41
21 35 39 17
22 3 31 2
32 31 18 26
10 35 18 1
29 37 22 49
45 27 14 48
18 32 33 27
42 39 38 32
32 27 41 11
43 35 21 21
22 49 33 40
32 30 47 18
38 31 10 20
46 19 26 6
10 36 1 16
47 40 20 26
44 45 39 18
18 7 18 31
5 20 12 33
34 43 42 2
36 22 32 27
9 41 37 49
5 31 10 26
12 12 16 36
47 21 34 35
37 24 23 31
34 30 40 49
27 38 19 31
24 5 29 23
26 9 0 28
19 33 17 29
22 44 45 11
19 4 37 26
40 27 27 23
7 33 20 32
40 30 21 1
21 2 21 48
23 1 43 20
1 46 17 4
39 23 36 32
1 9 28 39
43 28 39 40
26 6 17 18
9 8 25 43
26 48 8 23
34 26 33 17
10 22 16 39
23 38 11 39
38 34 44 22
30 33 22 40
34 27 38 15
38 32 14 36
6 9 45 18
13 32 34 25
36 31 34 18
26 5 8 12
34 34 1 30
19 45 23 14
47 32 17 24
40 18 14 28
10 36 39 9
29 28 19 48
27 31 14 41
3 24 46 19
26 4 39 46
25 5 16 3
35 39 34 7
3 13 15 8
42 37 39 15
22 45 17 23
43 37 39 19
19 17 34 8
8 46 16 37
16 37 12 20
9 34 15 44
34 19 11 39
20 9 13 7
14 16 27 36
12 13 41 46
9 35 31 40
36 35 6 23
6 24 10 34
23 44 14 27
33 33 23 42
7 44 41 8
4 12 17 27
14 20 30 29
43 20 8 36
38 31 36 26
37 20 22 23
22 8 39 17
6 40 18 23
31 40 11 40
8 45 29 30
48 28 47 47
6 24 31 35
14 33 16 9
43 30 13 5
3 35 22 29
11 37 40 11
7 5 39 10
22 37 2 24
27 26 32 25
42 48 11 3
24 5 8 26
30 41 22 48
31 31 34 11
27 4 49 45
38 42 19 28
13 39 18 10
43 41 14 40
14 13 14 37
5 21 27 45
41 33 15 0
8 13 37 13
15 32 38 43
23 32 13 40
15 44 17 20
36 34 18 31
23 47 10 12
38 25 15 27
34 42 34 16
4 15 14 49
12 46 8 29
22 6 21 47
0 47 39 11
26 4 21 31
26 38 42 12
27 17 39 1
22 47 36 14
43 39 6 31
17 45 18 27
11 35 23 23
37 42 1 32
17 26 31 38
12 30 42 23
36 32 49 21
16 35 23 20
24 2 16 40
5 34 35 2
37 18 11 25
22 20 43 23
49 43 19 23
2 20 31 7
39 38 38 16
43 17 36 10
13 49 27 34
34 22 27 28
10 34 11 16
25 8 21 47
9 43 18 27
37 28 3 32
8 32 37 42
13 43 18 36
9 35 18 36
29 37 42 46
11 36 45 36
26 6 48 17
25 4 21 30
29 13 47 36
41 49 15 28
18 38 38 8
12 41 12 4
15 47 47 2
31 38 38 22
38 47 26 40
26 6 10 35
11 37 48 6
39 21 36 36
7 31 30 28
7 33 35 27
48 36 39 47
41 43 10 33
7 30 36 8
37 26 28 48
9 18 4 35
9 47 5 39
10 33 22 23
10 36 22 46
20 13 48 6
11 33 42 32
16 38 42 14
28 8 8 26
16 47 33 24
10 27 14 2
44 18 15 6
8 35 36 15
13 38 10 1
28 30 24 45
37 39 31 42
9 36 49 9
49 17 40 46
22 32 41 20
36 37 10 5
12 31 33 35
12 36 44 39
30 44 33 37
22 2 14 37
31 35 48 14
22 36 13 44
2 7 9 28
16 18 29 14
21 48 48 22
25 25 22 36
13 13 14 20
1 18 24 27
14 46 12 3
26 26 23 22
39 37 19 24
27 32 9 31
44 23 9 36
24 42 27 49
24 7 11 3
10 2 41 10
23 45 20 41
0 26 43 11
34 24 46 10
31 37 33 15
18 39 43 5
40 37 16 44
17 47 25 22
38 47 9 10
31 43 48 45
33 30 22 29
49 28 44 39
6 18 39 28
7 33 42 40
38 26 14 25
36 24 36 12
28 19 38 4
35 43 48 47
2 11 21 21
8 17 15 23
25 38 32 47
25 6 44 20
39 45 36 31
31 31 15 13
36 39 25 27
45 29 23 25
3 8 44 18
18 8 28 9
29 21 36 45
28 40 22 40
15 12 21 29
25 5 33 19
3 30 43 6
26 6 1 37
35 33 17 42
10 33 40 18
48 36 15 6
29 38 14 4
17 49 24 46
20 28 31 33
17 40 13 44
36 22 20 47
9 25 6 0
25 32 37 3
5 35 44 8
18 49 27 24
16 17 10 2
34 26 25 20
8 32 3 33
12 34 2 2
17 47 30 44
26 7 26 27
32 30 35 6
41 22 10 2
36 20 12 18
25 31 20 28
37 32 23 7
44 23 13 19
7 15 12 40
18 41 25 9
12 5 21 25
26 45 39 15
37 28 29 30
36 31 29 8
22 38 8 1
43 16 44 48
12 20 47 10
49 21 47 25
37 38 25 19
5 35 37 24
28 1 32 4
23 29 2 40
22 45 40 41
9 27 15 31
42 39 35 20
15 38 39 45
14 16 16 44
16 21 22 13
26 11 9 39
31 18 39 33
48 24 18 38
5 40 25 48
42 42 22 15
46 27 16 30
38 25 40 12
11 34 26 27
10 32 13 45
45 31 16 44
10 47 40 18
30 17 18 30
4 6 24 39
23 35 41 11
13 36 44 25
8 36 17 43
37 24 25 3
25 6 7 38
4 17 7 32
29 30 37 39
26 7 37 46
10 39 39 15
33 38 25 27
12 19 45 3
29 47 38 41
2 17 25 30
33 47 24 18
24 7 37 18
15 36 28 19
0 19 38 43
33 29 18 3
14 49 9 32
45 21 4 8
7 9 18 28
27 33 32 5
14 33 9 28
23 29 18 46
6 11 24 24
36 24 19 46
32 42 15 22
32 32 28 35
16 45 28 25
16 37 41 5
41 15 23 1
20 33 19 37
43 28 46 18
27 2 44 11
31 35 40 39
35 37 37 43
36 31 2 31
10 45 39 27
29 39 39 16
12 5 24 25
0 24 0 33
3 10 27 4
42 25 40 17
25 26 21 42
2 46 18 43
23 6 21 23
15 45 22 18
10 38 41 11
37 14 10 48
42 47 47 21
35 26 23 21
21 43 9 8
11 16 47 9
22 13 1 35
12 31 7 7
49 38 41 15
45 28 34 45
25 33 19 8
32 27 14 26
18 35 8 45
7 25 2 29
17 11 44 16
5 4 17 38
43 44 28 39
26 38 14 5
28 21 23 22
26 4 37 3
3 16 43 6
23 30 24 44
22 21 40 29
26 12 11 26
6 36 26 48
35 24 41 12
5 45 21 31
47 18 39 9
29 30 21 29
30 27 22 44
12 10 30 41
23 6 16 37
9 40 19 36
10 19 38 37
49 20 23 17
20 15 34 29
42 39 4 29
19 45 34 39
14 48 35 42
29 39 17 40
36 37 12 2
4 40 15 8
11 45 24 38
28 14 18 44
38 40 8 0
24 16 19 29
41 49 7 7
23 20 27 40
44 43 39 19
34 32 9 25
4 34 32 10
5 11 17 30
47 18 12 5
9 33 5 12
5 18 40 19
9 10 16 45
23 39 27 29
31 40 0 37
25 41 29 30
40 34 37 37
35 48 28 37
47 32 14 38
38 41 26 22
24 14 20 39
27 9 17 8
11 30 41 12
12 35 7 31
26 8 43 6
46 23 17 20
25 4 11 5
36 38 39 36
35 36 12 18
7 25 23 17
3 7 36 16
14 46 16 38
12 33 24 47
17 43 17 18
7 15 16 20
13 32 46 22
12 15 23 47
27 46 7 35
23 27 49 34
21 33 9 1
27 29 8 29
48 30 41 14
5 7 42 16
42 38 39 48
9 20 22 40
36 23 19 39
28 10 33 48
4 24 22 8
16 12 8 41
33 35 8 26
30 43 20 48
21 34 14 45
23 4 41 14
46 22 2 47
32 23 40 20
20 25 41 41
9 28 4 27
6 21 48 16
22 38 42 44
37 39 14 41
25 30 9 48
9 34 15 24
11 35 23 28
40 38 25 11
0 44 43 9
29 38 46 7
21 29 48 2
28 40 29 35
28 28 5 18
2 10 36 14
18 43 16 27
44 28 6 39
37 42 35 11
23 26 11 10
8 43 19 44
19 34 6 41
43 37 11 28
43 35 35 16
20 48 34 28
30 42 33 10
4 28 35 42
32 31 14 18
28 33 23 21
41 37 34 34
5 8 25 22
44 35 29 40
38 31 12 25
26 4 23 15
27 35 6 5
29 48 21 45
7 26 48 18
7 36 18 8
27 4 26 22
14 23 28 45
48 29 2 38
29 21 5 39
34 44 18 19
20 43 18 24
2 9 11 30
46 25 17 37
44 15 28 42
10 20 36 7
38 20 10 7
3 19 6 39
4 42 27 0
35 28 48 9
39 38 30 20
23 5 13 24
5 35 43 18
32 34 9 39
22 30 22 43
32 36 44 6
32 27 43 4
36 37 16 19
2 17 10 24
35 39 6 34
35 41 10 33
30 48 40 17
47 22 37 46
33 29 21 28
22 17 32 4
9 34 27 21
27 22 41 20
45 31 30 40
11 35 15 0
16 18 24 46
14 21 17 1
1 28 16 47
30 35 16 44
27 6 7 15
35 43 20 27
13 44 26 30
39 37 17 18
35 29 16 6
38 31 34 40
24 7 24 36
25 6 39 14
34 40 27 11
12 34 16 1
1 16 36 41
18 15 39 39
49 30 13 24
5 31 15 6
36 46 26 25
7 22 3 29
21 44 14 15
36 36 25 40
43 23 21 0
