50 88 11982 800
37 21 22 22
26 26 13 20
36 36 38 6
26 36 8 34
17 27 5 23
36 25 47 5
15 8 42 16
19 37 31 13
44 37 0 35
18 11 14 46
42 39 45 35
9 18 25 22
27 10 11 20
44 11 5 39
28 27 15 9
13 8 1 15
29 13 26 34
0 41 44 5
41 11 44 5
12 6 2 27
26 12 14 21
8 7 34 31
27 38 26 21
24 30 45 5
18 30 10 9
5 1 5 42
30 46 41 14
16 38 17 31
20 38 12 17
17 3 6 33
24 34 29 15
44 15 39 22
27 16 9 31
19 6 10 21
39 2 42 46
24 7 14 42
24 31 40 1
7 6 0 27
4 8 15 38
11 7 4 26
28 46 5 31
32 14 3 36
28 15 45 11
15 23 16 14
27 12 23 42
30 13 29 22
25 45 18 25
9 8 20 23
18 19 13 31
5 43 20 22
19 14 27 19
21 41 19 30
40 43 2 36
36 18 6 40
19 23 35 7
34 22 39 45
4 2 26 10
46 15 33 2
33 18 25 24
20 43 38 26
31 16 8 20
28 12 13 34
42 17 7 1
44 14 39 8
41 24 6 25
23 31 4 38
10 1 47 9
19 30 14 25
31 40 41 0
23 20 8 36
23 31 18 32
12 25 6 28
15 5 12 36
21 47 12 34
22 26 19 35
35 11 28 16
49 2 20 7
20 27 11 17
26 27 47 22
37 49 15 30
43 35 21 20
22 4 0 27
33 23 30 17
39 4 24 12
28 16 16 33
37 40 9 16
30 10 49 10
27 17 42 9
