50 478 12034 800
47 31 41 14
13 9 48 22
25 37 45 41
23 26 35 25
46 16 40 32
26 33 19 20
18 12 41 24
22 12 44 18
28 31 4 30
44 16 34 29
33 42 7 21
26 29 30 23
35 22 33 44
17 36 5 48
24 12 28 24
18 4 14 11
16 36 35 35
45 29 38 36
31 32 41 3
23 13 47 32
27 7 0 14
41 32 9 31
34 49 10 10
44 23 9 8
31 19 7 9
23 40 33 38
31 9 18 44
18 41 7 31
45 30 34 24
34 8 40 29
32 36 40 16
12 36 35 40
26 45 48 30
22 42 31 31
26 21 25 3
31 20 20 36
24 32 9 40
18 4 3 23
35 5 30 29
43 25 23 46
28 14 38 11
23 25 28 34
30 19 18 36
22 46 3 8
30 46 41 38
35 28 48 19
30 19 13 29
42 2 31 37
24 47 15 41
18 22 38 47
30 6 34 17
25 17 43 34
37 11 41 41
35 25 35 20
24 29 43 18
24 27 44 29
21 45 35 29
35 2 45 22
16 8 5 22
31 40 5 0
30 8 13 27
30 18 47 46
15 4 20 3
23 42 31 24
36 5 37 42
25 33 37 40
31 41 37 36
37 28 39 33
48 11 32 32
26 31 13 39
26 7 13 17
22 43 45 34
15 44 19 38
23 2 28 45
28 24 41 24
29 36 7 18
21 24 40 35
45 22 8 8
17 42 12 12
13 1 39 29
23 36 1 35
17 39 36 40
35 28 19 27
39 45 36 22
7 1 38 31
35 3 38 26
35 46 43 22
47 26 12 22
44 6 40 36
22 5 34 12
29 41 41 39
22 43 31 25
35 21 13 9
27 43 26 23
32 20 38 39
26 9 15 7
40 22 28 26
33 17 7 1
28 12 39 23
49 27 38 33
32 22 9 13
30 31 31 13
25 22 28 19
38 6 44 15
45 10 24 42
22 39 8 3
41 35 10 34
30 40 22 35
30 27 0 16
24 40 14 24
30 18 42 14
28 31 49 15
25 29 19 19
16 38 37 42
32 23 35 28
33 48 44 10
26 1 41 10
23 8 39 34
20 12 38 40
24 37 36 33
20 24 37 39
49 36 37 37
37 10 40 20
30 40 2 36
49 17 30 46
18 4 16 12
28 37 36 42
24 11 43 9
19 2 36 35
33 25 46 32
37 18 18 24
24 3 45 16
46 27 12 47
30 29 35 8
28 43 33 32
16 17 36 33
27 42 38 28
45 7 39 21
21 45 49 47
37 13 48 35
44 29 0 13
25 43 36 33
32 19 40 42
25 25 44 21
21 44 22 40
24 33 30 19
21 42 34 8
16 36 19 39
33 28 32 39
13 28 23 18
26 34 38 38
26 45 33 19
23 40 48 8
30 43 5 40
41 2 31 20
26 13 40 43
18 38 1 10
18 37 10 8
30 36 32 26
31 42 39 15
30 13 38 43
29 26 33 30
43 39 5 17
30 38 43 27
29 10 22 33
19 1 29 36
13 37 2 11
35 29 40 39
33 34 4 6
38 35 37 15
34 40 32 27
41 19 6 11
16 22 35 20
28 24 4 21
15 49 38 38
29 5 35 15
26 31 23 24
28 44 14 14
20 4 9 0
46 24 44 12
30 38 27 3
12 43 38 39
27 47 36 44
34 12 13 40
35 28 37 31
20 1 14 46
27 22 36 33
38 21 27 32
37 16 38 31
24 22 10 42
39 36 34 5
21 15 11 26
25 48 32 25
24 9 37 38
20 34 38 20
32 5 37 30
30 47 6 11
31 30 6 11
27 9 43 40
33 14 35 38
38 43 5 40
41 14 20 26
22 5 42 14
23 40 47 11
21 23 12 34
38 4 1 28
16 4 39 36
40 24 15 29
46 30 33 22
14 35 31 40
39 19 36 39
44 33 13 37
29 24 9 13
32 46 36 23
23 37 37 21
16 28 4 14
18 5 39 32
28 23 21 36
31 28 42 33
23 49 37 13
24 22 31 35
26 32 40 36
30 6 2 15
26 3 43 17
40 6 34 40
39 37 33 30
29 0 38 16
42 15 20 17
23 41 24 31
22 1 42 15
26 32 43 0
29 21 3 29
28 39 1 26
8 10 36 40
44 24 41 39
16 27 13 31
33 26 38 19
23 28 40 48
22 44 46 38
42 39 33 39
11 37 42 21
27 19 38 43
36 36 42 12
32 38 36 37
33 25 40 42
33 9 39 42
28 38 33 29
43 25 18 20
19 32 48 14
19 3 6 47
33 42 43 17
25 37 49 38
36 21 19 20
22 42 8 37
36 19 41 32
36 23 43 27
21 39 2 39
20 29 31 21
44 5 44 17
32 12 1 10
28 46 5 6
19 40 5 31
40 6 37 26
13 6 0 9
18 42 19 34
29 40 20 16
9 41 15 28
28 24 40 14
24 45 21 42
22 41 23 26
24 6 28 9
11 28 42 34
27 15 24 31
32 26 37 22
36 15 30 26
33 40 23 36
29 21 8 29
39 37 36 23
32 12 32 37
46 12 2 9
25 6 45 22
20 42 19 5
48 29 29 41
24 35 35 30
33 3 35 25
30 39 8 40
38 20 23 46
30 19 40 41
46 38 40 27
25 12 46 27
27 30 36 37
34 21 9 34
21 2 16 5
20 29 11 12
34 49 45 43
9 20 16 40
31 44 35 25
16 41 34 22
26 46 32 24
27 26 28 44
44 47 37 34
5 3 40 32
21 36 33 24
27 33 41 36
33 10 19 27
33 34 13 24
27 17 45 11
17 15 43 12
10 21 35 38
31 23 46 15
15 40 29 38
16 12 45 21
23 38 19 37
39 10 21 33
30 0 7 23
27 18 22 0
32 12 40 35
26 37 21 20
33 3 40 25
30 20 27 23
29 45 13 12
24 44 14 45
49 48 32 32
15 33 33 40
37 18 37 39
32 38 17 33
23 41 46 32
23 40 44 28
24 45 30 24
27 34 10 13
36 10 9 27
23 43 40 39
40 49 20 30
35 31 27 24
37 11 32 38
27 45 37 12
17 34 22 32
17 9 35 39
30 15 47 23
34 41 22 13
44 29 45 18
41 22 13 15
29 19 33 35
31 35 2 20
18 38 44 14
48 26 12 6
24 42 21 48
24 35 38 11
27 44 34 11
47 42 38 14
31 7 34 38
27 27 2 33
28 13 48 18
23 32 0 35
25 37 28 29
24 42 32 35
29 31 12 30
22 23 14 37
23 39 46 18
22 38 3 7
28 46 46 23
35 32 39 29
37 6 31 31
35 28 16 14
41 29 32 36
43 37 31 23
30 18 38 36
35 0 28 8
25 12 44 36
41 31 32 26
29 44 34 45
25 43 43 33
29 14 37 27
30 44 39 35
33 35 8 42
47 40 20 20
20 34 40 11
25 30 32 32
38 37 45 16
39 21 39 30
13 2 42 43
26 36 6 23
30 12 37 9
22 26 35 37
17 32 14 45
15 4 40 13
15 24 7 3
34 39 38 16
27 35 30 33
14 39 36 36
30 40 37 31
38 37 46 30
33 48 17 21
24 5 38 23
34 41 21 45
24 25 47 37
18 17 4 2
18 32 34 24
39 38 35 24
37 49 37 20
19 40 39 8
30 26 19 28
30 26 42 16
28 9 11 11
30 32 14 11
35 32 25 11
17 40 20 18
44 13 42 21
30 32 46 11
38 25 24 12
31 8 26 0
42 23 43 30
29 20 2 31
17 11 36 38
29 45 14 35
18 2 35 33
28 39 32 23
33 39 35 36
34 17 8 34
27 38 13 33
27 7 44 11
20 32 23 42
48 22 37 39
21 46 28 26
22 33 42 41
31 21 8 18
31 33 40 31
20 37 6 20
29 20 33 29
48 25 28 37
21 21 37 47
13 19 8 43
36 19 7 41
26 32 1 3
27 29 1 17
45 14 21 10
21 46 6 46
38 19 48 15
27 35 40 34
22 16 15 0
29 26 39 38
48 25 17 10
41 14 35 26
12 30 8 24
15 43 33 42
16 31 42 44
40 44 31 24
16 39 39 36
31 19 12 30
42 11 9 3
27 33 8 12
17 39 32 22
38 16 4 30
49 38 32 36
23 37 29 27
35 6 35 31
19 38 35 28
29 42 33 28
35 24 30 32
42 34 34 33
36 7 6 25
28 39 9 39
24 39 26 34
17 40 21 25
24 18 13 48
40 22 46 19
26 10 39 41
35 34 35 25
32 48 7 29
27 37 1 13
27 41 6 22
37 36 21 22
17 39 33 35
28 23 42 9
17 34 24 13
31 26 4 17
33 23 37 10
29 3 32 28
