50 915 18171 800
31 35 17 20
28 17 25 10
29 37 38 25
6 30 37 12
9 11 47 10
24 16 17 11
8 25 37 33
15 29 31 10
15 3 43 14
11 29 19 10
10 25 37 28
18 22 41 29
19 27 49 19
25 28 7 36
15 32 41 21
10 24 25 14
20 13 34 15
22 16 40 26
23 37 28 28
30 15 20 20
20 15 24 32
39 41 13 32
34 38 42 27
31 25 40 27
27 7 21 20
4 4 20 39
10 15 20 30
9 29 2 37
21 13 45 6
24 11 42 27
13 22 19 18
5 28 30 31
16 26 20 9
48 44 48 19
27 7 32 47
11 23 44 28
14 27 36 30
9 18 43 12
28 30 24 44
5 26 24 2
33 35 37 28
15 23 37 6
0 13 2 47
25 34 39 30
12 32 29 17
1 15 7 16
4 5 39 28
6 31 38 28
32 21 34 4
15 34 26 42
13 25 38 14
20 46 45 25
6 15 49 31
10 8 25 22
19 41 23 45
29 21 21 9
16 30 42 28
3 32 18 49
26 41 43 24
14 5 36 4
26 39 15 14
23 38 37 27
10 3 42 23
10 23 44 25
12 26 41 27
28 36 47 0
14 17 39 25
11 32 44 28
8 29 33 16
14 7 39 15
37 41 40 28
0 18 39 27
24 46 40 18
9 4 39 16
17 41 42 23
14 10 42 29
8 21 44 39
42 29 7 18
10 32 26 44
2 33 28 16
5 12 28 44
38 15 35 31
10 9 34 45
26 46 43 20
21 29 39 30
7 27 14 16
14 26 41 14
0 5 27 22
19 29 40 30
9 31 41 24
19 32 24 15
13 27 21 12
27 33 43 20
15 26 15 20
9 27 47 19
30 42 29 6
13 33 21 0
26 21 37 22
16 37 8 30
13 24 41 25
12 40 33 2
18 31 40 48
29 7 38 27
28 42 26 32
31 43 22 39
12 22 39 26
16 9 27 5
16 31 41 24
16 30 19 6
22 29 41 29
28 36 46 17
14 31 41 28
27 29 37 47
24 47 30 48
30 48 17 18
4 12 32 20
18 19 10 28
23 34 39 27
14 4 37 29
31 12 42 25
21 15 41 30
1 29 43 26
14 44 42 26
21 29 43 25
26 12 24 7
21 30 41 27
24 34 34 9
36 11 15 41
27 47 9 47
21 40 32 13
43 18 39 24
42 33 49 36
17 33 39 11
8 32 25 10
22 36 27 16
17 20 27 18
13 27 39 28
20 25 39 27
14 29 8 45
6 20 43 25
29 39 9 13
8 28 7 14
10 36 13 33
31 7 42 35
10 21 29 2
7 12 15 0
34 46 18 22
9 30 37 44
43 38 23 24
20 16 39 27
23 15 18 19
38 24 37 38
1 15 45 14
10 29 39 24
3 33 10 43
7 25 42 28
24 14 35 8
23 12 35 9
19 30 36 27
11 20 41 29
13 27 3 36
31 37 23 1
26 37 23 21
3 15 12 35
14 39 33 35
30 18 46 16
36 10 34 39
23 35 9 2
5 20 37 28
28 12 34 23
23 25 35 31
17 18 40 28
30 34 32 37
23 42 40 31
19 40 45 2
25 27 23 2
3 8 34 25
10 32 41 28
25 3 37 30
16 27 40 26
13 23 18 45
10 37 45 4
29 32 41 25
30 27 40 7
8 28 42 30
7 18 33 16
10 28 37 8
13 29 44 25
16 20 39 23
30 46 31 13
18 38 33 7
6 32 39 29
29 31 46 25
9 26 33 27
31 33 34 6
25 29 26 2
19 7 38 28
16 16 28 29
15 38 39 27
14 37 43 26
16 22 10 34
1 9 40 26
23 13 37 26
12 19 4 35
10 23 40 25
16 33 42 24
6 32 20 10
15 27 38 25
17 36 25 12
0 12 32 7
12 13 30 5
13 18 6 35
5 24 1 44
11 32 49 8
24 48 29 8
19 27 40 26
24 48 39 24
17 35 32 21
6 6 38 27
22 41 24 3
17 4 15 35
6 8 33 13
26 41 40 14
21 46 42 29
32 27 39 26
15 23 20 23
2 18 43 12
35 46 45 6
19 48 21 31
26 13 26 33
45 10 32 13
28 11 25 5
14 14 22 12
10 26 27 3
11 22 34 42
20 20 38 28
8 11 28 6
34 42 43 40
9 4 42 25
5 12 35 32
19 26 43 27
3 12 32 27
5 32 46 0
25 23 35 8
9 23 24 5
9 37 25 13
28 39 30 4
8 19 26 2
0 14 22 16
8 16 32 13
19 5 46 17
6 29 38 24
17 33 42 30
34 36 44 26
5 31 40 18
18 32 5 14
13 22 41 27
36 22 40 27
22 28 46 37
22 14 37 26
14 34 23 46
2 14 30 7
14 45 30 0
28 25 39 25
22 35 38 24
27 36 31 14
2 13 14 15
23 20 47 18
36 37 18 10
21 29 37 28
26 49 23 4
8 29 19 9
16 33 46 28
14 15 39 29
24 11 31 41
6 34 40 27
6 28 42 28
15 28 30 37
29 32 42 25
11 34 42 27
4 17 20 3
18 40 33 23
3 15 28 17
16 20 43 25
13 15 5 49
3 15 49 31
5 6 28 36
34 36 14 20
10 31 39 26
2 6 45 17
11 20 32 34
4 29 35 32
9 23 1 47
8 22 42 28
39 40 47 23
17 47 39 8
14 27 18 8
3 11 20 17
9 26 47 40
7 34 31 1
17 24 10 38
30 31 21 3
30 43 41 13
4 4 23 0
7 6 24 3
31 15 15 21
25 39 43 27
2 27 44 34
23 22 28 10
31 25 13 11
5 14 38 29
15 31 25 43
29 40 27 1
20 6 3 32
36 5 4 20
32 31 39 30
3 21 24 13
20 36 29 3
28 5 18 30
24 32 42 26
18 14 44 31
13 28 13 16
6 25 39 20
15 28 21 21
1 19 44 11
19 13 39 29
9 22 40 6
14 30 8 31
24 15 27 2
15 36 39 26
9 25 41 28
24 32 1 18
17 39 37 11
14 29 42 27
9 45 45 8
6 28 38 26
4 26 32 18
3 32 26 34
7 26 10 41
0 14 11 32
16 26 44 9
5 4 42 23
17 22 25 14
29 16 26 28
10 31 25 3
12 12 43 28
11 37 25 9
11 11 26 4
25 21 35 7
0 5 35 8
17 28 15 18
32 17 15 37
10 27 37 28
11 28 40 30
24 41 41 28
24 47 43 25
14 23 40 29
4 28 9 15
28 22 29 14
32 43 34 8
2 26 39 20
1 21 8 15
14 47 46 20
8 28 13 20
42 49 26 11
3 26 40 27
36 45 31 13
22 12 40 27
17 12 33 15
12 19 37 26
22 37 49 2
7 11 37 26
20 25 41 27
20 4 34 5
3 15 37 44
7 30 15 23
12 34 25 12
22 27 36 25
0 18 17 11
24 30 29 12
29 41 17 27
11 5 40 22
8 31 45 22
17 35 31 40
22 23 25 25
4 31 41 26
18 27 39 29
5 8 39 25
25 13 27 4
25 29 18 23
33 27 44 31
18 38 48 11
11 25 39 4
26 13 16 30
16 3 40 25
30 18 35 17
22 25 21 8
13 28 35 28
20 33 42 24
18 47 36 25
15 34 34 11
6 30 22 29
4 19 44 13
13 27 13 14
39 32 19 4
5 14 39 26
28 38 40 28
36 33 39 22
23 40 37 2
16 30 33 24
5 6 41 28
4 12 30 18
8 22 7 7
21 42 41 31
29 32 22 11
13 38 24 31
5 29 11 30
27 38 43 29
30 33 10 13
31 9 16 9
18 37 39 14
22 36 29 6
28 27 42 2
15 28 36 22
17 21 20 5
23 39 23 2
24 30 39 27
43 3 43 34
10 30 44 25
13 26 34 5
31 38 45 41
6 13 35 13
13 28 44 23
33 40 32 31
7 8 44 14
33 33 10 26
4 19 46 15
13 18 32 29
23 42 39 25
0 29 40 25
20 23 32 2
13 33 6 30
17 24 43 15
6 21 44 31
1 5 17 25
25 19 44 7
8 24 38 28
15 26 28 10
11 30 21 37
0 14 41 24
24 21 18 41
14 33 23 9
9 25 46 3
4 21 17 42
3 21 40 28
25 0 41 19
6 34 45 10
18 25 36 47
25 34 47 5
9 14 43 12
10 29 33 5
9 34 23 30
28 40 10 37
24 44 40 27
27 27 41 28
24 37 29 38
5 3 38 18
3 8 36 20
24 34 41 24
12 39 43 25
33 18 30 45
39 11 32 28
4 23 38 29
23 43 47 4
12 14 33 36
24 44 31 35
11 35 35 27
2 20 44 30
7 30 23 8
14 42 25 15
6 34 34 7
22 29 18 20
10 32 44 25
36 21 43 15
28 35 40 25
14 28 40 30
20 26 35 31
33 18 18 25
34 16 36 25
26 32 44 44
11 24 16 27
1 48 41 26
20 10 41 24
11 27 37 27
31 43 42 28
12 27 36 31
18 44 40 30
3 21 33 5
9 26 34 42
19 25 30 10
10 48 30 38
10 28 39 21
32 22 40 27
24 20 34 21
33 37 28 28
21 33 41 27
16 32 20 9
18 23 25 22
23 29 34 4
24 24 29 14
19 43 0 19
31 16 22 47
5 17 42 30
22 34 39 27
31 28 36 1
6 25 19 42
2 13 42 10
7 19 26 10
21 25 40 11
18 23 41 26
30 8 28 5
3 16 5 35
19 28 9 1
33 29 21 4
30 36 31 10
13 10 32 1
6 30 34 12
31 17 30 0
14 49 38 9
9 11 28 17
5 24 36 31
21 17 34 9
18 29 42 25
10 14 28 10
3 24 26 10
32 36 24 6
13 26 15 41
15 31 45 11
4 23 8 15
26 38 40 31
7 25 32 0
24 37 36 2
22 40 11 15
4 20 9 7
10 34 39 29
24 21 41 29
26 27 47 24
13 33 28 1
21 34 32 25
25 28 44 15
7 5 33 25
3 3 2 35
5 22 42 14
19 22 30 2
1 14 44 16
12 25 41 26
25 35 38 24
10 38 40 26
29 44 18 13
17 32 48 14
18 11 37 29
14 29 37 28
10 28 26 37
38 5 27 13
10 29 31 33
18 3 39 8
11 6 42 27
16 38 25 7
8 28 39 1
18 40 25 14
5 33 38 23
14 11 10 24
7 23 40 23
6 27 42 26
13 28 9 15
15 22 39 27
20 13 42 10
26 35 30 15
20 25 42 24
2 30 29 38
48 21 39 15
25 37 44 27
23 8 17 9
12 29 14 22
21 43 40 28
29 35 32 7
24 4 42 29
7 31 40 26
11 26 38 28
0 14 41 27
23 33 6 43
19 23 38 27
13 28 43 28
3 16 41 30
17 9 29 10
7 19 23 48
1 24 37 36
27 37 17 0
7 7 7 16
28 43 37 27
5 0 44 28
8 33 41 1
23 18 25 29
24 36 45 3
2 13 40 45
21 38 42 26
5 24 40 13
7 18 29 13
41 23 13 34
27 30 44 22
32 49 8 4
5 36 25 19
32 26 38 31
21 15 35 22
4 14 2 9
9 17 44 41
30 36 19 1
18 27 41 0
8 11 28 23
27 33 41 31
13 32 40 26
26 15 47 19
11 23 23 14
16 19 40 3
2 3 35 35
16 23 11 6
11 21 27 31
29 33 36 22
18 29 14 7
17 25 24 1
36 23 44 9
11 27 48 23
13 32 29 31
12 26 41 26
36 22 15 13
23 29 24 15
19 25 39 25
15 1 31 27
25 39 40 28
4 24 17 0
24 9 42 28
8 22 3 19
2 11 39 25
23 33 40 29
7 16 9 48
32 33 37 24
33 47 1 18
41 33 40 25
15 26 24 8
11 29 39 26
21 22 43 24
26 32 21 13
5 30 45 44
17 25 26 13
12 27 47 8
15 17 39 31
36 49 48 14
25 37 19 28
18 13 41 25
34 8 39 27
12 17 33 17
12 40 8 16
6 12 39 38
10 36 17 43
10 16 38 30
38 25 34 6
2 29 42 2
37 12 22 8
13 35 30 1
6 7 38 36
14 30 28 9
2 13 27 2
12 14 29 16
22 2 0 15
4 23 4 18
4 23 27 38
5 18 24 42
20 42 12 12
5 24 37 29
19 25 12 27
26 32 45 26
3 18 28 28
13 11 41 26
12 32 39 16
9 21 31 18
32 28 45 25
15 16 28 9
1 15 43 25
2 15 2 27
32 17 34 1
9 32 31 27
7 36 26 5
6 35 24 18
17 39 44 26
20 41 35 7
4 10 39 22
1 6 40 30
25 30 41 27
12 27 36 35
14 29 35 0
0 13 38 28
33 13 40 30
20 29 17 5
16 33 26 39
20 49 40 28
16 22 37 14
25 27 48 3
12 29 40 27
11 17 33 18
8 8 19 29
3 18 32 19
8 28 46 21
25 6 21 46
11 7 38 28
11 17 41 28
28 40 40 28
8 26 33 24
4 7 48 30
38 29 16 26
30 23 26 48
27 17 37 3
20 29 28 7
26 10 28 42
19 35 32 12
20 37 19 18
37 37 20 38
13 28 39 27
39 44 22 7
18 47 23 14
31 41 22 31
16 2 33 39
32 19 36 2
25 46 40 28
43 19 39 30
6 28 42 7
28 12 44 1
25 27 4 21
9 23 33 6
27 22 39 25
23 10 32 20
16 35 22 14
28 44 16 27
4 15 17 33
17 5 31 9
6 14 29 3
27 34 43 34
2 22 39 32
19 18 14 27
26 30 16 19
16 37 34 21
4 37 38 23
0 25 46 7
26 29 39 7
35 20 41 26
8 23 41 28
30 37 38 31
25 43 38 27
4 14 38 28
14 38 36 12
29 36 6 29
8 10 38 10
8 35 33 13
23 49 43 28
7 36 31 16
21 26 38 3
23 45 44 23
6 31 39 28
27 18 23 17
24 40 44 39
13 31 42 28
25 16 21 12
10 30 21 34
42 35 40 25
29 9 42 28
5 27 33 21
6 15 47 37
17 26 21 27
16 43 25 10
7 28 15 32
3 6 38 28
18 33 32 18
30 40 40 26
14 28 29 6
0 20 47 30
17 24 43 27
26 31 40 7
10 29 37 44
5 9 47 5
16 30 25 3
11 35 41 26
43 47 10 38
13 29 31 12
35 32 10 34
32 46 38 15
2 17 5 30
21 30 39 27
31 10 43 27
22 20 22 33
11 13 29 21
1 12 29 38
18 39 25 9
0 10 3 26
44 16 41 23
7 11 15 18
8 33 34 21
14 25 48 29
7 27 43 24
2 14 44 49
15 35 26 32
6 31 26 13
24 42 20 25
6 27 35 3
5 26 41 29
7 16 41 26
39 19 8 36
24 28 39 25
0 28 21 17
20 14 38 10
30 10 42 37
22 36 19 15
31 35 36 1
26 41 15 25
25 45 23 11
24 48 28 11
5 18 25 10
7 9 49 17
18 16 40 25
5 0 47 14
5 13 32 19
33 39 31 23
28 49 29 24
7 23 30 8
7 23 41 26
21 34 41 27
28 34 0 37
29 22 34 0
14 32 42 29
13 29 31 6
20 35 23 0
4 33 42 31
18 27 39 28
31 42 27 5
25 41 36 28
30 20 42 28
31 38 30 47
5 23 48 9
16 27 25 26
19 43 42 20
22 18 43 2
5 17 30 22
2 36 41 25
2 23 18 22
2 18 21 27
21 11 3 31
19 43 29 6
30 45 46 32
32 34 27 2
10 25 33 25
6 19 30 16
17 11 30 6
33 21 32 42
1 27 30 17
8 16 40 27
0 14 40 26
11 27 40 21
37 42 41 27
2 14 31 1
13 28 40 27
7 5 40 26
3 20 21 20
11 4 27 44
28 21 14 18
24 36 39 29
17 31 36 39
26 45 24 8
13 30 33 32
19 26 41 23
9 12 24 14
2 9 10 14
10 8 30 35
29 35 19 27
14 25 37 27
21 43 37 28
28 41 41 24
26 15 27 35
29 16 20 43
13 32 27 15
10 5 41 5
15 5 20 43
3 11 42 22
26 24 23 5
4 27 25 22
19 31 47 27
8 23 27 30
22 9 25 32
24 32 0 38
17 45 22 4
19 15 40 24
37 37 40 6
29 39 36 21
14 24 29 2
6 30 40 28
25 19 37 8
19 22 26 4
15 22 37 25
6 17 29 17
10 34 28 43
18 16 27 2
9 24 46 25
21 40 34 33
1 19 32 19
20 19 38 2
3 15 17 32
23 27 25 8
21 23 27 13
