50 995 17681 800
32 30 14 34
5 20 33 47
8 24 16 32
20 33 13 39
27 26 12 40
17 12 32 49
5 22 33 44
31 22 31 44
27 47 19 43
34 39 17 29
11 13 6 35
20 31 0 16
34 36 13 40
29 1 5 27
13 14 25 35
44 21 25 44
22 19 12 29
38 34 19 16
40 13 19 40
41 16 20 31
22 33 2 38
47 18 27 46
24 33 22 22
39 47 2 42
35 43 13 28
49 15 37 31
29 24 17 5
13 17 17 40
27 8 33 15
30 37 30 46
44 31 18 35
17 18 32 46
49 35 31 46
25 3 31 45
13 20 28 24
40 2 7 20
18 34 32 45
43 0 25 37
45 2 10 38
37 25 31 47
37 8 6 48
36 39 5 36
45 36 5 10
29 12 11 2
9 11 10 39
37 36 18 28
34 14 10 22
36 20 28 20
40 7 22 34
22 15 16 35
42 10 6 24
40 18 13 38
6 13 4 16
35 31 6 48
15 37 23 15
32 17 28 16
49 29 11 18
33 13 30 43
22 9 4 44
34 44 9 35
35 37 41 22
35 38 3 26
38 48 3 34
31 42 6 33
22 2 28 45
11 15 16 29
33 43 10 25
35 37 18 34
34 42 9 35
42 42 31 41
10 23 5 49
31 16 32 39
40 8 28 42
27 13 17 18
37 20 8 38
16 7 26 28
3 20 15 35
11 15 3 42
44 44 24 47
45 32 21 31
22 13 19 34
33 12 11 20
24 34 31 42
38 38 9 28
36 45 20 42
35 21 2 29
41 16 36 14
49 33 14 44
47 38 5 18
11 14 32 49
44 42 15 26
29 18 20 42
38 8 34 47
31 2 32 44
32 4 8 31
21 8 22 25
38 14 32 43
34 41 11 28
35 7 27 27
36 22 49 24
37 24 7 39
11 14 14 10
15 20 28 18
41 17 11 45
34 14 34 44
9 15 7 22
36 16 10 31
30 34 8 43
13 16 27 19
40 1 34 43
44 39 37 28
43 39 23 32
38 29 8 42
42 42 16 31
43 11 31 24
16 11 34 28
40 26 42 16
21 35 32 18
38 41 18 39
35 37 3 25
49 8 1 29
42 26 37 7
40 5 14 36
35 36 24 4
42 39 44 33
3 13 24 45
37 20 16 47
36 41 28 44
37 39 11 21
46 38 12 27
22 36 26 39
42 15 28 42
20 26 18 49
37 36 32 44
8 9 11 42
11 21 20 39
38 4 13 45
38 6 4 29
42 13 10 34
42 36 21 22
22 16 10 40
35 25 26 13
42 9 15 29
38 5 33 45
31 31 4 30
13 10 17 25
33 24 27 18
37 13 37 30
36 42 15 49
36 24 8 43
11 12 27 31
27 21 22 36
28 14 31 44
14 15 11 42
36 40 3 40
13 15 28 46
33 40 27 47
43 21 6 46
48 12 7 49
24 29 9 48
10 8 27 18
28 35 34 47
27 18 30 45
29 34 12 19
37 28 5 44
34 25 29 17
0 25 13 43
7 17 13 34
28 8 7 18
34 43 18 16
43 22 16 29
24 40 22 49
6 16 9 35
36 45 31 43
32 15 14 35
11 7 14 5
36 40 20 23
15 12 3 37
11 21 19 40
19 39 16 37
39 37 33 43
7 9 31 25
9 38 33 19
10 17 14 38
42 37 34 42
32 41 9 24
4 21 14 5
36 42 46 24
34 6 22 6
46 6 31 46
13 12 6 32
34 38 9 41
37 11 13 48
46 18 29 44
36 49 28 24
40 17 34 44
36 23 26 32
35 44 31 16
14 17 28 26
29 31 14 29
39 46 22 21
38 16 1 36
36 3 29 46
5 0 37 42
33 22 29 40
26 17 11 44
43 35 26 44
16 25 31 47
9 15 34 44
40 0 5 30
42 17 39 12
10 16 8 27
7 38 24 24
8 19 3 37
35 39 1 26
8 17 7 44
40 7 32 42
40 12 32 44
46 42 31 45
37 8 12 41
28 27 41 21
41 18 21 37
40 8 12 39
38 19 5 31
35 41 3 37
7 14 23 33
7 14 13 21
34 6 28 49
17 17 11 37
27 12 32 45
6 17 29 44
25 15 4 38
34 25 14 29
15 19 34 44
12 12 13 28
45 34 6 29
39 38 18 36
25 10 30 42
38 45 28 41
39 21 10 41
38 13 23 23
34 15 15 31
12 10 26 12
45 32 18 22
37 39 5 46
40 19 27 25
30 47 1 27
42 23 4 38
44 23 15 32
33 39 9 33
32 21 34 43
37 35 34 42
29 19 8 43
11 2 22 22
37 49 31 46
36 36 27 48
44 32 26 13
18 18 1 45
46 5 6 14
49 4 29 48
29 34 30 43
39 6 11 33
36 23 0 12
37 19 0 49
41 27 28 44
20 22 3 26
16 22 33 43
42 6 33 42
33 7 40 42
46 14 11 30
17 17 36 38
49 36 16 23
30 49 31 42
4 23 14 19
38 25 35 45
33 8 9 20
32 21 29 45
37 41 30 45
44 24 6 30
14 7 46 19
47 10 31 45
43 14 2 23
35 45 27 41
39 49 3 34
6 14 30 44
35 11 0 40
20 10 14 43
35 41 32 45
13 22 37 23
26 45 11 44
32 21 40 48
47 9 10 46
14 21 6 30
49 28 23 32
10 28 30 45
31 18 37 47
32 38 7 39
5 15 22 31
43 41 15 23
34 46 30 44
26 3 28 27
32 40 2 27
32 41 2 27
42 7 22 35
13 11 29 42
15 16 6 29
47 2 2 32
9 17 30 45
36 39 3 25
34 14 13 43
18 33 5 28
8 32 3 31
38 43 16 36
27 19 9 36
28 45 32 44
34 8 12 25
30 36 8 24
48 12 14 36
38 40 14 41
36 40 32 37
28 17 19 20
46 41 2 30
42 16 4 43
13 10 21 17
14 46 30 43
38 3 19 42
40 16 32 44
21 44 20 26
8 7 9 30
32 30 16 20
7 17 30 44
35 7 14 47
39 45 31 17
23 2 17 23
13 18 5 24
12 9 5 22
38 39 12 23
5 12 21 31
5 13 32 44
10 4 3 24
39 42 16 28
43 21 14 26
25 20 9 33
45 22 29 41
26 25 31 45
28 23 17 27
17 27 27 17
7 15 7 41
37 41 30 36
38 0 31 44
35 22 31 5
35 16 21 24
18 34 4 15
9 22 17 35
24 45 15 34
23 33 21 43
6 13 7 45
15 32 29 47
36 3 26 48
27 23 12 36
47 10 19 37
37 38 5 40
12 3 14 19
36 37 18 46
34 37 22 28
33 14 35 10
16 15 6 36
31 28 34 9
28 9 41 21
9 19 18 26
38 5 29 44
19 0 4 31
10 12 24 32
38 34 21 48
45 16 15 32
33 19 27 5
37 0 29 44
32 11 27 18
8 5 21 37
22 14 18 48
48 10 21 48
41 9 5 40
36 38 24 40
26 37 29 45
30 30 29 43
10 18 4 37
25 27 16 48
12 11 6 36
31 40 10 17
22 13 15 43
26 47 29 10
31 15 22 48
32 19 29 47
28 12 20 27
44 32 7 45
9 23 34 47
37 35 26 45
45 18 33 42
34 31 32 43
45 7 17 22
42 38 6 19
11 16 9 40
37 13 38 30
34 39 34 46
31 1 31 45
3 16 3 23
34 34 3 37
27 22 10 44
31 6 23 9
7 14 10 43
5 9 23 46
34 39 1 45
29 14 15 31
9 20 29 23
47 13 7 23
43 42 20 29
27 6 28 46
18 37 12 26
41 11 32 43
22 40 33 46
20 7 19 16
37 39 8 22
36 48 3 31
20 19 7 34
46 4 22 40
35 44 3 19
39 5 14 4
38 41 28 46
2 10 32 47
10 23 33 25
31 11 2 29
43 32 29 43
38 11 9 46
36 14 33 45
29 39 9 29
17 8 20 16
34 38 32 47
9 9 30 43
35 28 17 33
37 11 32 25
35 41 14 44
25 20 7 33
37 18 16 29
42 7 20 44
35 43 9 44
23 14 1 25
29 25 31 44
13 17 8 29
36 7 7 34
49 20 13 36
49 18 25 20
32 29 30 45
23 13 23 31
12 9 19 34
25 38 10 31
41 47 17 46
40 37 11 23
34 26 19 24
37 18 31 44
45 21 3 32
38 21 14 9
12 13 5 45
21 1 26 44
27 0 18 49
33 3 6 41
10 14 35 46
35 3 40 26
33 24 14 28
49 16 30 44
36 37 33 44
20 25 16 39
5 18 31 44
41 8 15 12
35 0 9 25
35 43 32 47
6 12 30 43
20 21 35 47
14 16 29 27
33 44 12 47
36 41 6 46
21 9 30 48
41 40 22 34
13 12 24 36
33 43 21 37
34 45 15 30
39 6 23 38
40 40 31 42
49 28 16 40
45 16 26 43
32 40 27 31
40 10 16 10
25 40 6 35
37 7 8 28
39 46 16 44
11 11 20 33
24 16 2 26
33 15 7 29
17 19 9 17
28 15 28 45
7 19 20 32
31 47 19 26
34 30 28 45
10 7 31 41
39 18 22 26
12 27 10 41
8 18 30 47
45 23 3 33
0 15 14 19
37 21 46 37
9 19 31 46
27 20 5 30
18 11 6 44
8 16 31 47
15 10 19 39
10 12 31 33
40 39 11 24
22 18 18 27
2 24 35 45
44 20 21 39
21 8 7 32
38 15 21 36
36 0 17 17
41 42 35 45
26 2 14 17
26 6 33 2
36 28 29 46
39 20 32 46
35 3 5 43
25 25 22 38
8 19 2 15
29 9 32 45
40 26 33 44
41 5 12 22
32 44 11 11
38 19 2 19
43 41 5 40
25 22 9 42
9 25 41 23
38 37 29 22
38 27 10 46
33 35 31 44
44 37 32 44
15 11 5 17
44 16 33 43
39 8 31 46
31 35 14 28
36 37 34 42
41 40 17 37
32 46 10 45
30 9 16 17
32 30 25 28
30 1 15 49
29 37 26 18
38 28 12 38
41 2 19 33
38 18 27 13
36 14 21 17
48 30 25 5
32 25 34 36
16 14 18 41
8 17 40 36
16 36 26 36
19 1 39 25
34 40 3 34
19 10 12 30
44 10 33 43
37 36 15 13
31 26 10 22
41 15 25 32
9 21 18 31
32 27 30 33
35 32 31 46
38 10 31 45
25 10 27 32
22 8 11 23
49 3 15 45
36 34 13 5
21 40 2 39
34 27 7 47
16 9 23 43
8 7 11 40
27 2 25 32
13 49 17 47
41 9 4 32
38 16 49 6
12 29 26 38
36 26 10 45
12 15 31 42
39 39 12 45
17 12 16 21
29 12 6 42
37 20 5 29
39 43 17 42
34 20 28 41
39 24 10 33
37 2 30 44
21 10 15 34
7 16 19 35
23 15 35 24
46 16 16 28
46 40 28 30
38 39 33 43
29 42 15 44
14 33 11 24
34 45 31 43
9 39 0 23
47 18 23 27
21 49 11 13
30 22 14 36
7 13 31 45
16 18 31 44
5 7 32 45
11 16 14 23
42 10 15 19
42 21 46 10
38 3 22 37
38 21 23 32
32 11 9 25
2 18 11 27
33 38 6 37
39 32 20 30
29 26 22 44
32 9 34 43
11 11 19 36
34 37 8 47
17 48 14 26
33 36 8 43
37 44 27 22
35 37 32 42
36 20 35 27
37 46 31 45
44 4 11 25
27 7 19 10
4 2 12 46
38 22 16 46
35 38 37 42
12 27 18 42
33 14 21 37
39 23 32 45
41 21 33 44
31 35 17 45
48 15 16 34
49 44 15 46
20 20 25 24
34 4 16 31
18 16 6 39
28 6 30 25
35 19 4 38
38 20 21 15
49 19 32 45
47 11 12 16
11 24 9 19
34 11 2 31
34 46 26 24
39 18 35 42
40 45 5 15
33 39 13 23
26 41 6 45
33 13 32 46
30 11 33 44
43 24 4 23
38 40 12 49
34 3 33 47
23 44 13 37
30 33 8 47
36 30 27 30
39 40 19 33
33 3 4 47
20 30 33 43
13 23 14 30
35 9 15 44
41 44 30 49
46 37 33 45
29 16 28 43
36 26 5 42
32 47 23 38
33 18 31 30
35 41 44 40
18 19 31 46
13 19 30 40
12 17 13 42
35 39 6 38
34 42 17 17
32 40 34 44
39 46 23 36
10 17 14 29
40 28 10 37
46 11 12 38
39 9 29 47
34 27 5 47
22 19 3 44
14 17 19 35
31 24 24 17
31 25 20 35
30 44 6 29
13 9 5 37
35 41 3 7
42 13 5 46
12 27 31 42
22 38 8 43
35 40 6 35
3 17 38 9
9 25 13 40
42 42 7 35
33 35 25 30
33 30 6 28
21 6 12 26
25 15 34 41
10 22 12 35
40 46 26 18
38 41 31 45
13 16 6 31
43 23 35 22
41 8 4 46
11 24 30 47
1 8 5 31
29 40 10 40
36 38 16 46
33 34 32 43
9 14 14 45
33 21 18 33
8 17 31 46
30 36 4 47
48 18 11 5
29 0 31 43
39 2 7 31
38 42 24 30
30 41 17 21
35 19 17 29
36 34 21 25
15 19 16 14
24 35 23 22
34 33 1 37
18 31 21 27
12 9 33 27
48 37 4 34
22 7 25 44
35 13 33 44
30 3 6 46
38 7 5 19
48 16 12 47
24 15 16 30
8 20 23 42
28 35 0 35
44 11 34 43
34 40 28 27
40 5 19 41
32 30 8 45
27 5 6 36
39 34 1 16
31 29 1 25
43 28 6 26
38 23 23 45
20 40 3 44
20 45 16 44
32 3 4 26
34 23 13 40
13 18 30 42
36 7 27 17
25 3 15 16
44 44 42 28
8 10 38 37
14 7 9 38
25 46 15 39
44 46 13 16
37 40 5 36
46 8 13 43
4 14 32 44
34 41 4 43
44 14 4 39
29 0 33 44
22 31 15 29
25 11 12 28
20 17 32 44
33 19 18 16
40 37 28 40
44 22 17 35
40 13 13 30
18 17 0 24
39 14 12 44
35 27 21 33
39 20 20 25
35 46 28 41
41 37 26 42
16 36 10 37
37 44 1 19
30 42 38 48
33 20 21 7
35 19 11 48
15 10 10 16
17 22 30 24
7 21 10 48
16 16 19 30
36 13 35 34
40 2 33 45
45 37 17 10
20 33 35 48
39 9 31 47
1 16 21 27
9 12 28 40
34 17 31 45
49 14 18 35
32 41 1 32
30 4 13 38
16 19 26 20
36 46 27 30
42 49 7 39
42 42 7 47
38 9 1 35
22 20 26 23
36 42 13 33
27 4 30 45
30 20 12 32
1 35 6 30
9 17 9 28
46 29 27 7
34 8 9 48
38 37 35 4
23 27 35 17
40 37 17 49
37 39 31 44
37 10 5 22
43 15 28 41
15 22 33 44
44 15 13 20
4 23 0 48
41 41 31 46
45 16 28 15
35 41 6 28
44 39 1 29
24 19 32 47
36 13 25 35
9 11 1 26
35 37 4 47
32 39 17 28
34 45 37 41
14 11 23 30
44 44 4 8
41 2 32 42
42 46 30 45
29 46 14 9
3 15 24 42
31 11 3 11
28 21 39 25
26 43 5 26
46 9 9 34
41 37 33 43
23 49 34 47
24 38 6 41
38 20 10 41
41 34 6 47
20 10 28 25
9 6 21 17
37 42 27 18
26 38 8 29
38 35 6 43
16 23 31 44
32 49 33 44
31 15 31 44
22 39 30 43
40 42 13 37
31 13 32 47
9 21 29 46
42 11 3 31
34 24 32 43
38 23 20 38
35 41 7 43
13 36 6 41
46 10 10 16
36 39 35 43
44 41 34 33
45 13 13 44
34 10 32 43
35 44 4 45
34 42 27 5
26 13 34 41
39 37 4 49
11 30 9 44
13 19 25 6
34 15 15 29
22 29 19 19
40 0 30 42
40 48 28 32
6 18 5 22
40 27 11 28
47 26 13 39
39 8 32 43
28 37 6 43
22 48 5 32
34 40 13 42
36 21 14 27
28 4 42 29
32 20 17 41
38 17 23 32
35 37 32 42
36 7 19 24
38 20 3 17
28 6 1 4
34 17 28 45
33 13 31 40
29 14 23 24
32 6 3 37
16 29 44 17
33 41 17 40
19 10 30 44
35 19 30 41
34 1 6 41
37 11 33 41
5 29 39 5
37 28 15 44
45 17 16 28
29 46 19 28
32 17 3 41
39 18 23 21
42 10 34 43
8 20 10 27
44 7 31 24
43 14 33 47
41 7 0 41
14 15 35 42
38 37 9 36
34 18 27 42
11 26 12 33
18 17 30 45
35 18 34 46
12 10 28 28
45 20 8 49
23 43 12 34
15 2 8 29
37 22 20 24
28 34 22 21
36 8 4 38
4 21 10 31
2 16 17 21
19 21 49 35
39 9 12 39
41 33 20 30
35 25 16 48
30 14 9 17
31 30 16 5
31 43 3 42
32 9 33 44
31 8 36 39
24 29 5 49
37 9 25 31
33 33 8 23
39 13 22 33
30 38 19 27
26 25 7 26
35 8 7 30
13 17 7 24
11 18 26 39
42 8 19 20
34 14 19 33
38 16 20 13
32 20 29 45
41 19 14 37
33 44 14 22
45 17 31 43
33 16 14 37
20 1 6 41
41 14 33 25
27 33 7 43
37 21 13 29
22 4 13 4
36 43 19 26
9 14 19 45
35 9 26 14
38 25 31 44
41 26 4 27
30 20 7 42
19 17 4 45
36 19 33 39
45 2 29 46
33 44 13 37
15 27 35 44
30 12 48 25
27 3 34 46
25 46 27 4
48 27 29 42
0 14 29 46
31 13 19 18
16 44 40 29
33 0 8 11
32 12 10 49
35 42 28 45
34 4 8 33
49 15 1 30
32 2 19 41
19 18 6 31
31 49 13 34
35 45 12 34
3 18 27 28
25 15 20 22
36 48 11 47
