50 341 17371 800
14 46 44 16
6 41 11 10
14 32 0 33
45 38 23 35
13 36 1 29
42 17 11 27
46 13 5 34
24 25 15 37
25 30 15 31
6 46 7 1
7 24 25 19
11 30 13 46
8 46 5 37
17 19 10 32
3 47 9 24
3 45 15 42
14 11 34 29
11 33 22 40
19 30 6 36
9 49 24 0
13 18 8 5
6 47 44 23
16 33 26 32
13 35 37 20
5 28 19 22
35 31 29 39
8 33 8 44
13 43 15 21
16 38 39 28
20 20 22 10
1 37 16 42
31 28 41 21
1 40 20 40
41 26 6 42
11 19 21 42
25 34 31 33
13 35 31 29
13 37 14 17
25 10 12 6
32 41 9 20
29 35 21 13
25 38 3 35
11 41 0 34
7 31 28 14
45 29 43 18
7 48 43 46
13 43 40 15
17 12 9 38
1 39 1 23
21 43 8 14
31 37 33 47
8 41 40 15
22 21 47 16
19 25 33 19
34 33 12 20
17 42 36 20
13 39 35 20
12 42 1 40
14 30 16 27
3 49 9 13
15 37 16 10
14 35 4 0
6 44 9 11
11 33 15 44
12 44 28 11
42 27 2 49
14 28 6 29
28 23 7 18
5 18 30 3
11 45 29 27
10 34 10 41
42 11 15 24
17 40 21 15
7 21 19 15
36 17 17 46
11 35 10 11
14 31 49 11
19 14 29 14
8 21 28 11
18 41 2 14
4 36 34 29
2 44 40 31
13 47 16 6
8 46 31 22
11 39 5 29
22 37 5 37
8 39 4 27
16 34 14 42
10 41 36 26
15 33 40 18
31 25 43 10
20 21 19 46
17 31 5 45
27 25 10 36
10 42 11 1
27 24 9 31
15 44 3 30
14 37 7 37
13 46 8 38
15 29 23 27
11 33 48 18
12 40 26 13
8 45 10 8
9 29 33 26
10 25 11 12
7 42 25 21
49 6 2 19
18 30 11 2
25 43 48 30
27 39 37 14
32 8 37 13
19 40 6 17
14 32 36 38
16 48 7 12
16 43 30 26
23 38 10 31
5 42 5 26
17 41 29 14
11 34 15 35
4 8 21 24
4 29 40 2
14 35 2 33
18 18 27 31
2 39 45 8
17 37 33 21
14 21 47 7
6 37 2 31
48 12 6 28
19 35 11 32
43 25 9 23
5 16 8 34
0 30 26 28
11 43 28 17
17 18 17 12
12 4 20 14
17 15 28 16
8 48 38 33
49 8 15 37
29 28 35 21
36 21 9 40
0 21 45 19
11 29 8 48
14 36 41 30
24 26 18 34
10 28 5 26
8 25 16 38
2 45 1 23
28 36 40 38
15 49 27 31
5 43 22 13
14 39 45 24
35 5 7 30
2 41 37 33
6 41 8 15
30 36 25 24
16 39 4 27
21 19 35 18
10 41 1 45
2 11 23 18
10 21 13 46
9 49 8 32
32 28 31 9
28 16 11 19
12 33 28 0
17 46 12 19
15 30 0 38
37 26 22 24
43 21 40 25
23 8 26 13
8 25 3 20
19 39 2 35
3 28 22 48
39 16 3 28
9 11 2 29
12 29 17 11
44 28 15 19
22 29 34 12
5 38 20 20
7 23 20 35
7 45 47 14
12 35 24 4
16 35 6 44
14 43 14 8
9 34 12 46
21 3 2 29
3 45 27 28
6 41 12 7
6 32 23 49
1 27 30 27
10 25 38 19
44 7 0 1
44 9 49 48
8 37 28 3
12 42 4 1
14 42 27 10
21 36 9 29
5 48 12 36
11 16 14 18
14 39 1 47
36 28 6 27
18 43 20 2
6 12 48 15
10 42 43 47
9 37 10 26
11 24 4 39
7 16 39 16
0 25 3 46
12 43 35 15
18 38 33 15
9 37 17 12
5 44 13 9
15 34 24 31
12 37 10 48
26 40 27 28
17 47 35 17
11 36 17 44
25 8 31 31
21 41 32 41
4 43 8 46
20 36 47 3
29 24 35 13
8 40 25 17
8 40 14 15
18 21 22 2
11 44 27 6
14 42 8 0
6 27 34 3
11 27 5 32
20 33 8 27
20 37 2 11
9 37 12 11
16 40 26 40
8 35 32 40
42 3 25 21
29 32 3 36
30 22 23 25
8 14 27 5
47 32 3 42
10 33 37 19
0 32 9 45
18 42 33 12
27 28 7 38
34 26 10 32
7 47 43 24
23 4 9 10
18 48 1 36
6 47 11 48
39 20 30 12
35 8 6 28
41 44 35 21
25 8 34 33
23 48 4 7
4 25 12 0
9 37 14 30
17 42 27 23
21 38 7 30
29 16 5 38
0 45 19 33
18 36 43 13
14 29 35 18
6 18 21 16
7 46 26 33
15 27 8 21
38 21 9 31
17 44 1 39
18 40 40 30
11 22 4 27
1 36 24 31
7 35 21 8
10 38 31 33
19 20 20 41
8 32 4 21
11 32 16 34
23 49 32 13
17 34 28 6
20 46 23 44
14 39 1 9
14 38 25 8
26 41 17 17
5 47 0 20
27 33 11 30
16 42 35 3
2 35 28 27
23 18 8 33
34 45 7 24
39 32 37 6
0 45 6 33
36 12 10 28
20 34 28 24
7 37 5 7
38 38 1 36
17 27 8 37
21 43 7 41
21 34 32 20
22 23 17 45
9 47 15 45
12 46 26 22
17 10 32 17
18 38 37 2
7 39 20 15
6 46 41 24
21 36 33 25
37 19 36 29
14 35 18 13
18 37 16 47
43 30 9 24
41 34 21 35
13 38 8 36
11 41 39 10
33 4 31 38
18 36 38 24
9 38 2 40
15 44 43 35
0 27 16 42
1 44 4 38
7 49 1 19
19 29 24 26
19 15 9 39
29 15 46 13
16 35 0 39
12 46 39 21
16 28 6 38
24 38 5 35
11 26 12 32
21 36 6 32
11 44 12 28
2 45 19 11
47 33 4 36
17 45 34 29
8 27 10 2
11 36 14 39
16 36 2 30
4 28 35 7
48 33 9 23
21 42 18 15
14 32 7 22
2 37 41 10
23 39 6 49
16 24 26 22
9 9 2 13
12 48 18 1
