50 345 13380 800
42 37 1 4
16 12 46 41
43 14 18 11
44 37 3 10
20 17 41 12
1 30 0 19
43 39 16 28
46 12 41 32
26 5 17 17
40 35 36 14
34 39 0 20
48 4 39 40
43 43 8 17
22 6 8 11
37 9 9 21
15 15 49 38
13 14 13 27
44 36 42 20
38 13 2 22
40 37 8 8
40 39 21 5
34 0 47 20
33 33 8 32
13 16 49 45
38 25 40 47
30 20 11 20
40 36 14 49
20 31 23 23
15 0 9 26
42 35 37 46
31 7 34 15
48 18 6 5
45 39 2 5
47 6 35 43
43 35 30 49
33 13 7 15
42 36 31 47
48 1 11 4
45 37 36 33
29 35 40 46
33 17 29 35
43 43 6 18
38 38 23 17
46 38 13 16
41 37 49 41
41 37 21 15
40 37 48 30
34 21 26 19
44 39 37 47
26 24 49 49
42 38 6 12
41 38 42 31
43 38 43 29
34 33 9 5
12 23 40 38
43 16 7 20
42 42 10 43
6 35 26 9
41 42 3 12
40 38 8 19
39 38 48 11
41 36 12 18
39 42 3 20
31 16 5 11
46 37 49 46
38 38 0 45
22 32 36 17
46 36 42 37
41 39 5 7
43 32 24 22
42 34 39 14
32 6 34 11
41 39 9 22
42 38 8 12
9 6 21 6
43 38 29 9
46 16 13 1
43 21 37 34
39 6 16 22
46 35 11 13
47 7 2 0
25 24 37 15
40 40 1 48
19 39 42 42
40 36 13 16
43 36 47 32
28 21 3 17
42 41 2 24
40 38 13 12
40 37 33 22
34 37 47 14
44 37 31 28
44 1 20 13
43 36 34 15
40 38 47 45
30 24 15 41
42 37 5 16
25 3 5 2
28 28 8 21
36 10 32 13
37 38 28 13
41 37 40 26
44 36 2 16
44 37 9 18
30 8 49 28
42 38 24 15
12 12 35 34
45 41 35 9
47 34 0 17
47 11 34 29
42 42 46 46
43 39 4 19
33 31 11 7
37 13 41 31
43 41 10 23
26 4 3 4
38 35 19 7
40 40 16 30
34 25 9 10
45 37 41 13
35 11 41 8
42 36 22 10
39 45 49 30
4 23 20 22
27 16 31 4
23 14 14 47
41 14 10 25
45 41 13 15
3 22 43 25
44 38 49 2
29 42 34 12
44 36 14 9
39 39 29 14
41 37 44 33
30 38 35 29
43 37 29 25
42 41 36 10
39 39 39 12
41 44 43 26
41 41 47 1
39 40 32 20
46 37 12 4
41 0 5 4
36 15 7 22
22 22 34 9
40 41 4 28
28 48 40 15
14 14 10 13
43 41 42 13
43 37 48 13
44 38 16 31
44 37 3 11
33 0 25 29
17 5 39 42
4 16 48 14
18 16 7 6
44 39 42 16
35 13 47 14
27 9 37 7
45 32 47 7
33 17 47 17
38 38 39 26
24 37 43 27
40 36 36 23
42 24 47 20
45 34 6 23
30 5 45 10
40 39 11 20
42 34 40 30
44 36 17 28
46 28 13 15
37 16 4 6
44 36 42 25
48 15 15 12
43 38 13 36
41 36 31 0
21 5 7 24
40 10 47 0
28 31 48 27
23 5 43 6
40 37 18 13
39 34 38 39
31 10 12 25
42 41 47 23
47 49 30 24
19 23 10 12
28 4 5 14
30 23 26 20
12 8 48 22
33 19 37 31
39 15 0 44
42 37 32 46
38 10 38 35
43 38 38 13
26 18 34 20
45 34 1 48
49 9 44 29
44 33 22 14
38 37 37 29
34 21 36 29
44 39 41 12
40 26 16 19
43 35 30 8
41 36 16 33
35 36 25 14
45 36 2 49
47 39 45 10
39 24 2 11
41 40 29 21
40 8 3 39
48 41 2 9
40 18 12 26
21 15 40 36
42 37 42 28
47 15 28 36
46 14 9 19
45 37 29 20
48 42 7 23
41 37 11 15
26 30 36 32
40 34 43 5
42 39 26 34
43 38 1 14
45 1 39 25
47 36 37 23
43 40 9 20
45 26 27 7
32 10 5 47
11 44 26 6
40 37 0 34
44 44 25 19
37 39 7 19
42 37 43 9
36 42 2 21
43 35 16 14
43 41 29 30
42 23 12 21
42 41 24 0
42 38 7 20
42 37 13 24
38 37 13 15
40 36 4 29
38 13 32 9
29 31 5 35
42 38 21 22
37 48 20 17
41 33 7 7
44 38 43 28
42 39 25 38
32 10 4 15
44 36 9 45
25 23 44 31
44 38 2 8
39 16 8 13
5 28 49 25
49 37 24 31
49 49 5 22
39 41 43 3
33 4 2 4
42 36 14 20
39 34 7 13
42 39 37 18
44 34 8 8
42 22 11 16
39 1 11 10
43 0 3 16
42 36 13 9
42 37 38 32
44 37 1 23
39 39 7 12
21 14 39 35
36 34 35 30
17 5 23 10
44 36 42 5
40 39 27 15
21 8 7 37
47 37 19 31
42 38 4 17
40 40 26 3
17 27 4 15
40 39 31 21
38 42 12 14
35 18 17 12
41 38 46 18
23 34 44 20
48 36 31 7
38 24 7 8
43 38 14 17
43 41 11 21
29 30 49 26
49 38 43 19
25 35 44 33
39 38 11 18
36 15 31 23
42 35 37 12
18 6 0 14
42 12 18 17
39 37 49 17
45 38 30 13
41 38 10 8
46 40 18 24
23 21 41 33
46 41 1 27
43 37 20 49
20 3 4 6
33 22 48 38
47 15 18 10
42 42 46 48
36 2 34 17
42 39 41 35
37 19 41 42
43 41 6 26
22 4 35 9
4 40 44 23
39 17 17 15
46 37 43 17
40 37 14 34
40 37 10 17
36 17 28 13
43 36 34 21
39 41 8 18
22 32 48 27
44 39 19 27
45 40 44 11
40 34 12 12
37 24 45 18
34 24 40 41
27 18 44 33
36 7 44 4
39 32 2 20
42 43 31 8
30 0 49 36
46 3 26 18
39 15 31 10
47 31 44 15
28 16 44 4
41 40 27 19
43 11 14 24
40 39 17 17
46 12 36 26
29 44 9 21
42 36 9 2
42 6 47 23
37 35 13 13
43 41 12 14
