50 1583 15869 800
46 30 35 4
3 27 23 49
13 39 23 49
35 22 36 5
7 12 35 48
23 36 35 49
29 37 27 48
40 29 24 8
7 48 41 43
33 33 31 37
9 39 27 21
12 47 44 22
18 0 41 45
16 19 30 43
35 36 47 6
6 33 42 19
25 11 35 48
21 29 28 42
29 10 35 33
30 33 35 36
33 33 20 42
20 28 40 48
0 21 28 43
24 48 39 39
13 21 5 33
25 27 45 44
16 37 42 47
38 14 39 45
2 13 37 47
38 30 24 35
14 9 26 39
33 15 42 49
3 38 36 48
28 34 38 37
1 15 40 23
24 39 38 36
9 43 49 40
1 14 40 30
32 29 38 35
21 41 34 44
27 15 16 13
10 45 47 41
10 35 12 39
19 42 25 18
36 40 39 48
18 7 37 49
15 42 29 40
6 25 35 45
30 26 30 47
31 38 35 35
19 27 38 46
35 30 25 45
43 19 41 38
17 45 35 47
10 38 22 17
34 26 29 41
30 39 11 35
29 38 40 42
7 45 29 16
0 34 31 21
46 36 37 49
40 34 42 48
3 44 31 11
31 35 39 38
30 28 34 41
24 10 41 43
0 37 20 24
48 33 33 49
36 18 7 35
19 30 35 47
34 41 15 16
30 35 40 37
18 33 19 15
16 49 38 37
34 33 30 46
40 20 19 47
41 30 30 22
31 35 18 21
13 10 35 37
20 28 35 47
33 38 34 47
19 40 41 20
2 34 41 41
41 32 17 40
32 29 30 46
19 21 40 49
15 37 23 33
4 35 7 33
32 36 24 40
35 33 30 48
12 31 27 26
0 37 35 42
6 26 20 39
14 45 44 24
40 21 24 7
2 15 24 37
29 43 20 28
33 32 34 47
10 29 38 39
33 42 14 16
22 4 19 39
35 36 26 30
37 32 25 37
32 36 36 45
10 45 47 41
39 45 27 11
31 31 38 24
15 34 17 49
41 44 42 39
10 49 12 33
9 33 28 18
33 33 19 36
37 38 33 44
33 17 25 13
37 35 37 49
28 21 24 22
27 35 41 42
37 40 26 7
39 21 45 41
24 42 39 17
9 45 39 2
22 17 39 41
12 36 39 36
27 39 20 5
23 22 45 45
0 22 36 24
8 48 31 37
15 43 34 48
22 4 25 18
19 26 38 43
26 43 48 35
18 12 28 30
33 40 22 6
11 22 33 33
10 35 40 43
7 37 36 47
38 28 35 47
23 36 31 46
4 1 39 26
13 43 22 40
8 32 47 14
19 47 38 43
12 31 32 24
16 35 24 8
8 32 45 14
10 33 28 25
7 40 19 41
13 14 30 45
29 40 37 47
2 38 38 41
36 28 38 43
29 35 19 46
35 35 33 48
13 37 40 45
29 34 27 48
31 35 43 36
44 37 38 20
6 46 27 26
3 43 36 1
27 35 43 49
18 43 13 31
40 34 38 40
40 16 35 39
43 36 43 48
23 22 25 12
8 28 35 36
37 31 43 38
32 8 37 47
11 28 38 46
43 37 11 31
38 29 16 42
9 47 23 48
29 41 41 33
13 46 40 44
9 12 35 23
2 49 49 24
22 47 44 39
0 46 42 49
9 39 35 42
31 45 36 36
34 16 42 47
21 11 39 41
14 3 41 44
48 25 47 45
46 18 44 48
42 30 31 35
27 18 31 35
36 15 34 43
20 16 37 37
11 31 19 32
8 46 41 39
32 37 31 48
30 25 41 25
1 28 39 40
18 39 35 45
47 36 33 49
20 42 39 39
3 13 36 47
28 46 38 38
22 49 7 44
37 32 29 28
2 23 36 48
34 34 28 41
18 18 34 45
21 15 35 42
22 38 42 30
21 13 29 48
12 48 32 34
1 46 31 39
13 32 29 45
13 16 49 19
13 25 5 21
21 19 13 0
36 15 28 31
10 9 5 37
31 34 31 43
14 20 18 40
12 39 31 40
23 36 38 38
46 19 6 35
31 31 21 47
43 14 24 39
31 29 42 44
18 5 36 48
7 34 43 33
11 15 23 45
22 44 28 46
26 38 34 47
3 46 38 39
16 49 44 48
16 36 16 11
33 23 27 43
38 32 27 39
37 40 27 38
5 47 7 41
27 20 43 41
35 41 16 15
12 44 31 25
28 27 45 46
39 28 33 39
10 20 41 45
34 31 29 42
9 46 42 47
19 44 41 13
15 44 40 41
43 14 32 21
8 25 35 48
8 43 36 41
27 9 31 41
25 29 43 17
49 30 9 36
2 38 32 43
4 19 34 48
27 29 12 34
40 26 33 39
29 11 39 48
24 40 37 35
35 38 23 40
40 35 22 41
33 38 34 49
27 29 33 49
11 38 17 47
31 38 38 43
28 11 37 23
12 18 26 47
41 31 38 36
19 46 31 43
19 48 38 37
32 35 37 47
7 42 43 36
12 37 42 22
18 39 44 29
26 32 39 44
43 38 13 27
34 37 42 41
33 43 26 32
9 42 20 9
20 29 39 33
36 31 42 34
17 15 15 46
36 34 38 43
40 30 35 39
13 36 18 35
18 41 39 42
7 42 27 46
28 17 31 31
7 40 22 21
3 45 0 8
22 27 42 46
25 28 26 47
17 32 14 35
6 21 43 35
30 33 19 48
4 25 46 21
22 16 41 21
24 15 21 34
7 39 40 42
30 31 33 44
30 30 34 41
6 34 17 45
30 47 35 29
22 3 40 35
40 48 41 44
22 16 4 34
25 11 43 28
14 48 37 46
7 22 43 38
44 9 44 2
30 48 30 12
19 47 47 45
15 43 40 37
19 15 36 39
33 22 39 47
11 38 37 44
33 26 33 49
28 33 30 25
20 10 12 20
10 46 17 32
36 34 36 43
21 42 21 16
33 42 35 46
4 41 48 23
17 15 26 41
10 48 38 47
0 31 37 47
24 32 31 46
19 32 33 43
5 32 37 46
15 38 25 46
37 32 34 44
9 2 36 40
37 35 34 47
34 37 20 7
12 37 1 4
36 39 30 44
17 23 42 41
34 41 40 44
13 49 39 31
10 39 16 9
0 11 18 48
35 35 42 42
43 34 28 29
8 15 12 43
5 49 31 48
11 38 34 45
7 7 34 48
34 30 25 45
9 34 44 42
25 37 35 39
15 16 9 35
22 8 33 45
21 32 23 14
42 16 37 25
13 47 12 23
46 13 36 46
37 36 37 46
31 31 34 38
17 49 34 15
1 14 31 49
8 48 32 46
30 32 16 17
12 38 32 48
34 14 30 45
12 47 40 43
12 15 6 26
37 32 30 47
5 28 4 40
29 7 32 31
8 43 19 20
22 16 39 49
23 42 34 46
8 29 41 45
13 28 39 37
20 48 41 43
29 25 43 34
10 36 41 31
19 38 14 22
30 49 39 44
29 23 26 46
2 21 40 41
46 20 37 49
0 47 21 38
25 33 39 47
14 47 35 37
35 45 32 47
37 40 35 44
18 39 22 43
29 34 1 22
14 49 41 37
24 30 30 30
21 37 32 42
41 34 46 47
12 36 35 49
16 47 42 41
41 35 30 25
0 37 14 24
17 44 33 47
14 26 0 43
8 35 9 46
3 21 4 34
5 16 13 25
10 44 19 0
19 20 41 47
30 42 26 32
20 16 30 48
15 39 36 47
13 45 24 11
33 39 23 48
45 17 26 19
38 31 33 49
38 18 49 7
6 45 40 44
43 24 38 48
5 40 41 34
16 20 27 34
31 47 37 41
18 5 39 21
35 34 41 44
33 4 33 45
34 33 26 48
2 35 41 43
29 38 15 4
26 38 11 35
29 21 28 38
49 26 18 40
33 34 42 13
22 35 18 48
37 41 36 48
34 39 22 13
2 42 33 39
47 30 37 33
0 28 29 44
3 23 11 18
10 11 36 42
5 13 43 44
36 32 38 16
8 19 41 39
37 37 9 23
21 19 34 40
0 7 43 48
21 41 6 38
3 19 34 41
36 37 6 22
3 46 38 40
28 36 27 44
29 39 42 45
17 38 37 39
37 25 34 42
16 46 12 37
21 47 47 40
30 42 13 28
19 43 28 25
5 26 39 49
16 25 36 44
28 33 38 10
46 32 45 42
12 34 30 41
31 47 39 48
9 14 21 39
4 4 24 39
22 32 29 43
28 23 34 41
4 41 39 24
48 31 42 13
8 26 32 45
5 27 42 37
27 16 37 40
9 42 33 45
30 31 37 45
12 44 31 47
39 36 46 36
3 49 40 34
18 23 24 48
1 12 32 41
37 37 33 49
30 29 36 48
27 24 33 49
21 41 9 40
10 27 33 39
1 36 33 37
13 46 31 49
5 43 33 42
16 41 18 45
20 39 34 12
8 36 38 37
7 38 30 10
25 16 41 33
32 35 32 47
3 10 26 8
4 16 32 47
36 38 29 14
16 42 5 32
3 39 36 49
39 28 3 48
23 29 36 48
33 30 21 42
33 7 31 37
38 43 28 42
30 33 40 35
36 43 33 37
7 16 34 23
24 39 47 29
6 43 36 48
17 32 31 40
5 17 17 25
10 35 42 29
2 35 21 49
34 1 28 41
13 48 20 26
21 26 37 43
30 37 34 49
22 35 45 36
18 36 19 46
13 49 4 25
46 36 36 30
27 35 35 46
43 35 33 45
15 45 41 42
14 35 39 20
12 40 41 24
28 36 33 49
40 31 35 41
17 30 42 38
33 36 49 15
15 30 25 40
2 39 28 36
40 34 13 18
43 26 25 47
39 11 29 46
6 25 36 18
5 37 37 37
33 16 28 36
27 43 41 45
48 7 27 39
7 43 25 36
45 28 14 22
31 36 29 25
20 35 17 1
13 0 37 43
15 44 43 2
36 31 26 46
17 3 35 44
43 36 34 42
23 12 20 38
30 32 31 22
35 37 34 47
7 47 42 47
27 10 41 45
11 28 39 44
18 38 31 38
27 39 42 45
11 23 39 47
36 19 22 39
14 31 28 4
6 43 17 5
23 12 35 39
8 47 34 49
33 30 34 40
34 16 37 48
9 38 39 42
28 46 39 36
30 33 39 47
21 40 27 45
25 11 41 39
8 10 38 23
13 44 40 47
12 28 19 32
9 12 32 44
3 45 36 46
40 43 37 45
21 45 33 49
2 4 6 48
10 20 34 48
34 29 27 49
5 15 35 45
30 35 32 41
16 43 27 23
27 13 42 44
8 44 31 14
16 6 48 22
33 33 20 43
14 30 45 45
17 25 41 44
35 38 31 40
7 41 43 44
23 49 28 3
6 37 39 47
27 32 38 45
9 14 21 32
23 33 32 12
2 25 35 48
17 3 32 30
29 11 4 23
46 20 42 41
32 27 13 18
34 27 28 41
21 49 33 47
8 44 41 17
13 33 33 47
19 31 39 14
13 34 17 38
40 20 30 42
9 0 38 31
3 31 38 43
3 36 22 45
17 45 18 31
10 48 28 25
13 26 34 49
21 30 32 42
46 39 41 43
35 38 27 48
36 37 38 43
45 31 3 34
5 36 13 35
26 41 45 46
44 39 31 43
37 12 44 44
13 13 35 45
33 22 46 36
1 13 37 48
26 31 28 14
24 6 46 48
10 22 30 39
26 37 24 40
36 42 32 40
7 36 42 45
29 39 6 30
17 34 46 40
6 37 22 22
13 43 32 43
30 29 41 44
31 36 44 39
24 46 43 33
11 45 39 18
43 39 18 27
15 30 30 5
36 39 32 40
7 38 39 34
9 43 5 45
18 15 44 44
0 17 37 48
33 33 48 38
29 8 45 40
42 21 25 4
40 21 34 49
20 0 33 43
28 41 36 47
37 40 34 49
35 31 11 44
5 42 19 38
10 43 28 13
22 30 38 44
29 37 38 34
11 37 9 40
16 27 42 19
18 47 38 43
28 28 39 23
21 43 28 45
8 45 33 7
40 33 31 47
42 33 37 39
25 35 31 48
49 45 46 49
29 33 36 39
9 36 7 49
48 33 45 47
10 49 44 45
31 30 43 46
34 40 13 47
28 33 26 2
8 44 29 12
46 15 34 46
40 6 46 20
8 48 36 41
17 20 33 48
16 44 34 45
8 26 36 48
9 43 41 42
10 47 18 15
35 29 32 42
1 48 43 41
44 34 17 28
36 31 45 20
4 45 31 47
0 35 31 38
36 42 20 30
34 36 43 47
8 28 35 37
3 38 41 42
19 45 39 8
0 22 45 13
6 10 24 35
35 34 36 45
10 32 42 49
20 44 37 2
37 30 30 26
27 44 12 47
31 44 21 45
45 32 41 42
28 32 40 49
8 6 38 39
15 45 40 46
10 49 35 49
30 38 37 24
15 37 34 47
26 17 34 45
28 18 48 27
31 37 40 4
36 37 38 41
27 30 44 47
16 31 5 10
33 34 41 30
36 33 36 13
1 21 35 46
30 29 38 44
9 38 17 19
19 48 21 26
3 40 41 46
19 21 35 47
44 38 39 45
16 44 42 14
7 44 34 46
45 26 35 48
17 12 24 26
35 5 39 46
29 42 41 36
1 37 30 48
41 31 36 48
37 37 23 36
7 15 16 25
44 31 27 34
2 37 43 40
21 9 17 38
11 25 39 40
9 17 42 36
32 36 31 28
9 25 37 44
3 40 40 43
24 39 26 16
35 29 46 49
9 13 37 29
34 36 45 44
35 10 30 25
12 47 31 34
23 12 26 42
1 42 33 38
21 48 49 31
2 40 36 38
2 29 37 42
17 44 29 21
32 34 42 38
14 41 30 32
22 1 39 46
35 36 35 47
27 13 41 44
3 41 46 42
25 35 33 48
2 41 2 31
16 29 27 42
28 24 31 41
33 30 34 47
44 36 45 13
23 25 39 43
24 45 44 14
4 35 11 36
3 17 45 43
26 25 38 31
0 42 39 35
10 34 25 35
43 33 37 13
17 40 38 47
24 41 34 48
16 38 41 34
11 35 34 39
12 34 32 49
19 36 38 37
24 23 37 37
34 34 11 41
13 33 35 44
35 29 28 28
1 32 40 48
18 45 12 22
5 37 35 46
36 33 24 36
48 6 29 46
27 33 35 39
20 4 44 42
38 36 16 33
10 45 36 39
2 20 38 40
38 28 37 42
11 47 9 42
32 36 27 48
10 32 36 44
40 17 32 44
31 29 34 46
43 11 43 44
13 37 31 39
35 41 36 47
40 45 12 30
33 36 40 44
20 7 35 30
33 36 23 29
4 34 28 42
1 20 15 11
30 49 46 35
22 38 7 38
33 26 25 9
7 33 46 44
30 35 28 46
17 34 19 46
32 15 32 38
28 31 38 46
15 25 40 30
13 14 31 45
28 39 34 39
31 36 32 45
29 36 38 44
26 17 33 48
19 41 37 41
19 37 24 48
28 28 22 25
47 23 36 40
33 31 42 25
8 44 49 49
17 39 41 44
12 26 49 13
25 31 33 37
5 48 26 35
47 31 40 41
7 43 37 44
42 35 33 49
2 32 41 44
45 12 28 27
29 48 43 47
40 16 33 44
12 44 15 47
26 45 38 47
43 10 25 33
21 43 34 10
16 19 33 40
17 21 15 42
1 32 36 29
26 40 32 44
39 22 36 48
19 24 33 40
14 41 7 31
29 29 31 47
4 23 32 41
20 42 35 10
38 37 36 44
32 22 33 48
16 44 39 44
13 38 7 48
12 33 30 43
14 26 22 21
11 20 16 15
10 23 13 45
43 35 41 29
27 46 47 8
35 35 37 6
15 44 29 35
26 8 38 38
37 39 26 20
2 17 40 45
6 14 33 43
19 40 35 39
31 40 36 34
10 38 44 30
15 46 34 48
10 46 32 46
0 28 9 22
30 9 35 40
18 38 35 38
13 43 39 46
41 25 16 49
8 47 31 42
30 38 39 38
16 48 31 46
13 39 40 7
17 42 37 40
10 44 5 14
29 47 49 37
9 17 41 32
1 48 22 1
14 37 38 49
37 8 35 30
5 19 38 38
17 43 40 32
22 19 35 41
40 36 34 41
36 30 33 38
36 29 37 40
31 43 34 39
16 42 36 13
38 35 28 47
37 15 46 40
6 45 47 48
36 34 38 46
4 3 44 44
10 19 40 45
19 41 29 40
36 25 33 49
42 21 24 45
4 39 45 9
32 21 31 47
8 40 33 37
25 33 28 44
16 8 40 43
31 37 35 49
32 34 27 44
36 36 22 26
30 26 28 29
4 44 38 49
16 47 26 49
30 22 38 25
24 34 28 46
32 29 39 39
18 33 21 38
3 13 30 44
9 43 34 49
33 33 37 26
35 48 17 41
13 14 29 33
31 36 38 46
33 35 37 43
30 40 32 9
27 42 38 44
9 42 39 40
12 35 38 49
13 10 31 19
10 45 31 39
10 9 31 39
28 6 38 47
9 48 10 28
3 37 48 14
35 2 35 46
38 20 16 46
8 40 34 42
26 28 40 49
27 31 40 47
0 37 48 41
10 47 40 41
30 1 31 48
39 41 31 48
1 22 45 14
21 28 5 41
23 0 7 40
35 27 37 35
1 3 36 44
3 25 26 24
27 42 37 26
36 34 47 29
15 42 18 48
5 19 33 46
13 19 30 39
2 29 27 45
29 33 49 43
33 41 36 2
33 39 25 19
28 34 7 30
10 38 36 27
44 5 14 27
12 46 39 38
10 33 36 49
37 24 26 44
30 35 30 48
32 5 18 4
33 34 33 44
17 37 38 26
42 12 42 41
17 42 35 45
12 35 5 44
3 15 44 43
8 39 46 39
32 28 14 36
20 22 11 42
20 35 16 43
29 28 33 48
28 33 40 45
4 49 32 46
29 32 40 4
17 47 40 22
0 23 37 48
34 13 36 40
43 9 20 37
36 41 41 45
14 44 16 29
10 16 37 25
20 7 43 47
27 19 45 47
19 42 12 46
1 24 39 42
17 16 40 49
16 1 40 40
7 31 45 43
31 23 36 40
31 30 28 15
11 31 47 49
2 45 34 38
19 35 32 23
11 15 3 26
46 15 34 49
24 17 35 48
31 29 26 20
40 14 36 49
25 46 42 15
17 20 42 39
43 38 26 48
34 23 47 30
16 38 33 24
15 47 44 42
7 44 40 46
22 6 4 49
46 35 34 40
38 17 35 5
41 28 33 49
26 24 43 42
43 39 37 41
0 22 14 42
36 32 34 42
15 42 36 49
26 32 35 46
9 36 27 20
18 25 33 36
9 22 14 47
30 1 6 49
6 43 31 45
26 36 33 32
4 8 35 47
15 47 34 24
21 21 37 44
10 33 34 10
43 12 17 49
21 19 47 44
15 35 35 1
49 41 16 34
23 27 44 47
34 32 39 42
19 44 37 44
32 36 25 9
30 7 4 44
3 6 38 11
12 3 25 4
21 41 28 44
11 44 42 41
27 13 38 41
35 36 42 45
10 21 26 34
16 43 29 42
0 34 23 45
18 39 36 46
8 25 17 45
11 47 24 17
34 42 25 19
17 27 31 39
30 39 41 41
16 26 38 40
36 36 38 47
6 17 47 43
33 33 40 42
9 37 37 47
41 22 31 44
48 39 28 13
46 39 34 44
13 48 39 17
10 16 38 41
10 1 34 10
16 39 35 28
47 37 36 11
41 35 42 45
5 48 33 46
14 21 46 41
33 29 40 41
21 13 16 37
34 34 34 42
37 40 38 49
47 27 35 46
33 33 31 41
9 40 24 47
36 36 44 49
21 17 44 40
13 34 29 31
39 14 11 33
26 6 48 43
5 3 29 35
40 2 16 46
12 18 41 37
31 35 32 47
11 17 29 42
24 6 37 39
18 36 45 39
18 36 41 1
25 20 24 41
20 31 16 35
29 45 37 49
25 44 46 25
18 45 40 49
2 30 42 35
22 8 41 40
11 12 43 39
17 43 35 38
12 32 11 21
47 18 41 39
9 40 34 20
32 46 41 43
9 30 34 35
30 26 20 22
19 40 35 25
38 34 38 47
13 39 35 44
0 0 31 13
30 28 33 48
12 49 28 47
4 3 48 32
4 25 23 48
0 41 40 38
18 42 40 43
38 0 34 47
26 5 35 45
27 0 30 28
13 34 32 49
38 33 14 39
34 40 12 27
13 9 37 48
17 31 42 42
5 17 36 46
16 36 44 10
36 33 34 38
47 41 40 45
11 9 33 35
26 5 30 37
38 39 19 46
13 32 7 25
19 36 41 49
47 22 40 44
19 43 10 5
36 36 35 32
12 38 44 33
38 33 35 48
2 39 37 18
42 32 35 47
26 5 30 47
31 37 8 39
30 31 42 38
9 33 36 42
3 43 18 31
24 15 25 27
2 39 41 44
26 38 20 31
48 14 43 38
24 25 35 40
13 46 30 28
6 41 35 43
23 7 33 13
24 34 47 11
13 49 28 32
37 36 35 48
6 23 34 48
40 18 24 22
27 37 30 26
30 38 8 49
20 48 35 48
15 23 42 42
44 7 32 42
7 49 36 45
9 25 28 16
25 9 39 35
6 20 32 45
7 44 37 45
32 35 46 34
25 16 30 48
7 25 35 38
39 38 19 40
28 13 0 46
14 37 39 41
26 32 49 45
14 48 37 38
27 38 39 27
35 23 47 26
14 46 35 47
2 47 31 41
18 40 46 36
18 40 33 39
26 37 43 38
13 43 34 45
23 20 31 48
22 44 43 49
33 39 28 42
1 43 41 20
29 19 34 47
15 48 25 42
9 0 35 47
5 23 10 0
48 38 16 48
19 31 48 34
1 39 23 39
40 36 19 36
12 36 24 17
12 47 6 47
29 15 28 35
33 35 26 46
4 19 34 35
37 7 19 29
28 39 43 45
28 31 34 45
30 29 0 38
22 36 19 48
2 0 24 44
11 22 31 32
41 34 37 42
30 29 34 44
14 10 25 4
29 41 38 39
7 33 24 49
7 23 38 36
22 38 37 42
40 37 35 47
31 38 15 46
17 10 45 49
0 2 37 26
12 33 43 44
26 12 42 28
10 37 40 27
6 35 49 22
2 43 41 38
9 42 40 38
5 40 26 44
43 15 40 43
11 43 32 42
0 45 34 36
38 9 29 44
43 19 14 43
14 39 38 48
11 40 33 48
9 28 35 45
34 45 42 47
15 42 4 28
28 32 16 20
32 35 30 41
41 33 38 41
24 34 27 37
38 37 23 42
30 33 22 49
30 32 40 38
42 25 23 43
25 47 44 18
8 43 36 46
33 11 43 42
29 30 36 18
36 29 7 33
42 25 29 49
16 38 36 33
26 15 6 32
0 44 36 35
2 40 34 35
1 45 44 49
17 46 37 49
34 39 38 48
16 42 47 45
26 49 7 25
9 24 4 44
28 33 18 28
32 10 33 46
9 21 35 34
33 8 35 44
28 33 47 36
12 1 30 47
47 31 34 49
15 32 40 12
2 38 39 42
9 38 27 41
0 40 24 45
18 47 42 41
32 35 42 1
39 37 40 43
40 30 42 37
6 35 36 38
31 35 33 24
18 18 32 30
36 6 35 42
18 49 42 11
10 21 15 47
18 28 26 47
35 33 32 47
38 27 11 48
14 47 40 43
25 14 15 44
38 32 3 29
10 22 15 18
33 33 21 12
12 38 25 46
9 27 32 46
6 7 39 36
8 15 40 41
20 19 12 44
21 44 41 46
27 35 18 38
26 33 44 39
9 3 31 39
4 42 30 48
30 40 23 39
17 38 41 42
37 39 42 33
19 41 35 38
9 46 32 42
25 42 27 35
27 33 39 35
35 24 22 47
5 33 35 35
13 49 11 42
11 34 44 37
16 40 43 42
11 40 2 28
43 42 33 42
29 31 40 48
31 0 40 49
15 3 45 33
17 41 45 44
10 49 33 47
40 9 32 45
3 44 39 45
32 30 38 41
35 35 36 48
14 44 31 37
25 6 34 43
18 47 31 46
30 31 36 46
46 16 28 49
17 9 36 33
10 44 18 27
11 11 39 37
12 47 41 49
33 35 33 40
2 44 33 45
29 14 37 43
11 37 41 49
30 36 15 38
34 10 33 48
8 39 40 9
39 39 29 42
5 31 30 41
34 31 41 32
31 39 22 49
35 47 45 37
27 37 16 44
3 48 22 16
1 25 36 40
5 49 6 42
42 36 0 41
17 45 41 44
35 30 40 42
42 12 17 47
34 27 36 46
4 39 47 15
28 35 21 17
3 21 34 40
25 3 31 41
31 19 28 43
34 38 46 37
17 49 40 41
35 32 30 27
12 47 41 37
11 22 28 41
4 27 26 48
32 8 12 48
33 32 33 39
34 12 38 29
28 33 38 41
47 41 37 35
23 26 28 44
16 40 27 46
18 18 34 37
35 13 10 44
13 47 43 45
43 41 36 35
0 26 43 14
33 25 34 45
7 44 37 46
16 40 44 41
9 38 37 24
12 44 22 20
23 14 28 32
34 32 9 46
7 26 36 45
36 17 39 48
34 34 18 1
22 46 39 0
27 32 35 43
41 33 17 45
8 48 44 42
34 33 36 48
13 47 13 42
26 46 41 42
34 13 44 36
16 38 27 29
2 42 36 37
5 48 29 41
34 31 35 49
35 34 44 42
35 39 34 49
6 0 43 45
35 42 37 2
0 38 36 31
12 45 15 29
26 32 8 36
24 11 7 32
36 31 41 45
25 1 39 47
32 31 36 43
23 17 23 30
14 15 37 48
12 8 38 38
18 40 12 41
11 36 41 44
17 6 33 44
25 38 37 30
9 6 33 48
2 28 35 33
17 43 38 33
16 27 44 40
26 35 45 15
19 27 34 45
26 47 36 48
22 40 34 39
2 42 29 12
32 32 44 47
28 24 31 49
9 35 40 42
0 38 36 43
29 28 24 35
9 8 36 45
13 19 22 10
5 37 15 31
7 20 38 23
16 16 37 28
13 47 34 45
35 32 36 45
27 31 35 44
17 42 34 49
16 41 38 45
5 33 31 38
3 34 16 38
25 40 40 41
8 46 49 49
38 34 38 23
30 40 18 26
10 9 25 40
22 41 30 40
4 32 33 46
9 40 17 44
6 46 33 32
32 33 34 48
22 37 36 44
33 35 46 42
26 39 49 45
40 21 36 45
17 41 18 31
6 39 42 14
23 32 20 44
14 41 31 44
16 48 39 41
4 12 34 48
7 42 31 33
33 19 6 46
24 17 43 41
44 36 30 47
37 22 38 39
12 44 14 5
7 35 30 41
43 2 32 37
10 26 1 15
34 9 27 44
13 43 15 47
32 35 40 47
30 41 41 41
6 22 43 45
29 39 28 29
21 40 38 46
23 5 43 41
1 32 43 32
34 32 39 8
21 29 16 38
27 32 33 40
14 16 13 36
26 12 44 40
30 44 28 49
5 47 48 33
26 47 27 25
14 38 47 39
25 39 19 12
6 39 41 16
24 28 38 37
12 48 35 21
41 35 33 49
28 7 22 49
4 2 40 48
29 35 36 44
41 30 29 42
41 2 8 37
9 17 35 31
41 32 35 47
0 10 44 41
9 48 37 43
21 7 40 41
24 44 20 45
22 35 21 41
33 33 35 46
5 23 41 44
29 38 35 49
34 15 23 24
12 28 42 47
20 38 36 36
46 16 38 45
22 35 38 44
13 37 37 49
10 32 28 21
41 38 47 41
38 37 36 46
7 39 32 46
16 2 32 48
6 45 23 18
40 10 27 28
35 24 36 47
26 22 36 30
13 18 34 49
10 35 33 42
30 31 1 49
2 31 13 43
14 13 34 46
29 37 34 42
11 29 36 41
10 37 33 16
10 32 45 38
41 21 31 41
26 2 36 44
8 47 28 31
7 15 29 17
9 44 38 45
31 5 21 43
25 48 34 48
15 24 33 35
42 31 16 41
34 40 39 44
1 14 30 36
36 33 16 43
8 44 39 29
28 34 47 41
33 40 8 48
21 46 17 40
38 31 35 26
2 43 43 39
15 5 28 41
32 29 41 46
19 10 39 43
25 42 46 34
29 25 33 17
6 9 18 20
5 26 34 36
42 20 37 49
3 26 31 11
8 49 38 31
8 37 29 41
2 13 33 32
14 41 40 31
33 29 31 47
46 42 40 46
0 7 38 36
22 47 36 47
7 26 30 31
44 46 9 44
37 32 27 28
18 38 38 36
38 33 35 47
38 32 31 44
13 43 9 41
10 40 25 16
10 45 30 42
18 31 34 48
8 29 35 48
20 18 33 49
31 24 0 21
2 24 32 48
