50 52 11078 800
32 28 34 46
6 38 1 23
9 48 11 32
12 12 30 0
5 28 30 24
37 32 38 14
7 46 30 4
3 47 37 38
7 47 26 40
27 6 31 44
25 12 33 2
2 39 28 15
25 25 36 0
7 43 34 20
2 49 48 4
4 3 36 45
5 48 33 48
4 32 32 1
1 45 33 6
5 47 33 5
4 33 5 0
18 21 44 34
35 16 31 17
5 42 37 10
16 29 35 3
31 35 44 24
6 30 41 40
4 48 39 28
7 41 28 37
44 9 31 40
3 36 10 16
39 18 13 35
31 10 19 8
31 15 25 16
2 41 5 17
27 11 34 37
20 16 37 4
6 46 11 10
8 45 3 2
2 37 0 32
28 24 48 40
6 43 39 5
32 17 41 23
2 40 29 1
2 47 43 30
32 12 45 34
39 30 0 22
10 19 26 13
3 36 35 1
2 30 13 7
5 47 38 5
14 28 32 32
