50 63 13619 800
19 12 1 10
39 11 4 1
17 2 37 31
22 6 5 27
41 7 41 30
10 14 21 18
38 10 5 16
40 9 44 37
38 36 25 33
37 6 2 2
40 12 44 30
7 15 26 36
25 19 10 39
10 9 14 39
39 9 7 42
5 45 7 5
13 10 35 36
14 5 17 38
24 5 8 10
44 8 21 2
39 8 26 46
16 16 18 37
11 36 27 45
13 9 6 10
42 12 25 34
3 15 21 29
30 31 6 45
4 37 39 37
13 7 8 38
2 13 48 22
17 8 37 30
20 15 6 9
6 46 9 41
4 27 9 10
1 38 20 35
38 7 15 8
18 13 31 41
39 5 43 29
44 8 10 39
43 24 41 42
12 31 22 38
39 9 7 38
44 32 11 38
39 6 10 7
22 30 24 18
40 8 22 34
5 1 6 11
15 21 5 14
6 22 8 35
41 7 7 41
26 39 41 46
38 5 10 39
40 6 5 7
20 39 31 43
25 48 24 36
17 0 31 48
22 6 32 43
12 28 16 33
13 22 25 43
12 12 21 35
39 5 30 45
15 15 47 40
41 3 11 6
