50 128 17277 800
26 46 35 30
38 41 31 38
31 36 18 24
25 45 17 18
12 19 21 34
10 33 31 39
24 10 30 12
3 11 14 10
2 36 40 13
24 48 27 13
21 0 38 26
22 41 28 32
17 19 39 33
1 0 24 23
7 5 10 27
24 45 16 19
25 44 19 28
25 41 22 6
26 46 23 22
27 19 21 34
30 48 9 17
38 17 8 27
36 26 29 24
28 24 30 18
2 43 35 29
17 47 35 20
3 17 15 6
29 4 31 33
13 16 20 21
18 23 24 29
11 16 17 30
25 49 30 24
9 45 38 21
8 14 37 41
23 8 42 33
46 33 17 15
18 14 20 49
11 12 16 15
32 29 10 24
19 22 28 14
36 0 26 19
25 46 23 20
29 12 18 25
23 48 25 25
27 49 19 18
3 5 25 28
6 45 4 29
27 9 21 11
4 27 33 29
10 0 40 37
22 47 20 31
11 41 21 27
7 38 7 11
22 48 15 14
6 14 10 12
24 49 37 29
32 1 41 39
32 2 22 30
31 42 32 34
11 21 20 22
27 47 16 23
0 1 28 37
34 10 17 22
22 48 19 35
12 23 17 17
23 29 32 30
26 48 10 36
22 46 11 34
11 15 33 26
33 15 17 16
9 2 16 17
10 38 18 25
25 45 33 34
23 47 33 29
31 8 14 23
27 42 30 27
34 22 27 19
40 19 38 35
21 46 10 25
20 49 10 32
27 49 10 12
25 49 13 35
26 26 8 23
14 28 13 17
11 43 20 19
18 21 27 4
27 49 43 17
34 34 14 25
19 48 24 34
29 12 20 31
22 36 37 35
25 46 8 26
24 30 42 15
9 3 25 6
7 1 22 28
3 16 40 32
26 33 27 23
8 4 16 15
13 3 27 34
5 2 13 36
20 45 15 18
26 20 26 35
24 47 33 17
12 10 19 34
38 23 46 32
12 21 13 25
43 42 34 39
13 46 33 22
14 8 34 42
26 49 21 19
17 13 15 10
3 15 42 29
2 4 16 29
25 45 14 31
29 49 17 21
0 33 16 21
4 28 15 15
33 25 14 40
21 48 11 33
11 16 15 23
19 21 19 38
14 10 16 25
26 48 41 17
22 40 13 21
22 35 24 18
26 45 39 39
12 6 22 38
35 17 23 38
