50 385 15409 800
18 36 33 21
38 29 23 25
7 9 43 14
36 29 40 41
18 35 40 17
32 37 36 46
33 27 29 45
22 39 38 20
39 35 43 17
18 5 20 11
25 16 21 10
33 30 45 12
39 11 33 45
8 19 36 38
18 7 39 40
8 35 43 22
18 38 44 30
14 8 24 14
27 34 11 34
43 21 14 8
25 38 36 19
25 44 8 42
43 27 25 22
13 19 2 0
39 25 22 15
16 4 44 18
25 13 37 39
35 39 19 38
34 26 22 28
21 44 15 9
23 7 34 15
18 21 37 18
47 33 30 49
16 42 32 37
19 4 34 48
23 43 44 30
28 45 34 20
39 38 33 23
32 26 25 10
28 42 43 18
17 17 23 17
39 28 32 18
13 22 22 26
37 23 19 16
40 20 34 24
35 17 20 13
15 18 47 34
26 18 20 19
14 18 36 44
31 25 45 43
29 1 41 22
26 44 17 25
39 24 31 41
40 29 22 7
38 10 29 44
27 2 31 27
37 23 39 27
19 20 40 15
38 25 29 12
29 29 31 46
38 28 49 18
31 33 20 25
36 28 47 12
6 13 38 17
29 20 41 34
22 24 24 32
33 20 31 39
8 15 20 19
37 39 12 18
37 30 45 24
15 42 20 38
16 29 45 16
25 31 28 29
39 31 28 39
3 7 22 10
20 45 37 16
34 17 12 42
26 11 43 27
31 0 32 29
7 11 37 23
16 5 20 15
22 26 10 37
41 27 39 46
26 47 48 15
37 45 6 36
22 10 29 19
20 31 48 15
7 14 19 9
7 12 26 47
27 15 16 40
25 46 18 43
27 40 29 22
25 17 23 21
38 25 16 9
35 26 34 46
21 35 4 9
40 17 42 26
9 15 38 20
16 16 15 45
18 17 39 27
24 5 27 43
23 28 32 23
23 35 34 15
30 30 11 14
14 9 22 10
26 36 18 11
21 26 5 15
8 14 1 38
23 44 37 29
37 27 36 41
17 21 31 43
38 30 30 41
9 41 6 48
27 47 46 6
25 39 45 19
39 26 36 45
32 16 47 20
22 22 20 6
3 16 16 41
19 39 29 44
31 17 30 21
42 9 46 25
26 24 15 21
9 5 36 22
41 26 23 20
39 25 26 40
20 38 30 15
8 15 29 16
14 46 34 47
12 17 38 42
30 19 18 10
32 26 24 37
8 20 33 28
8 6 30 17
28 41 19 44
14 27 24 15
34 27 33 48
27 24 4 3
27 23 38 7
38 27 25 11
41 30 38 20
45 45 18 15
18 6 46 22
16 34 25 32
39 30 23 11
38 24 32 19
32 18 43 23
31 38 48 20
28 40 34 34
34 31 27 23
23 0 36 21
42 18 46 14
5 24 33 42
40 24 13 27
39 31 43 24
23 15 47 13
25 29 26 12
8 0 34 43
32 33 34 40
33 47 37 42
3 45 34 26
34 46 12 19
28 8 35 25
9 33 32 41
24 43 44 24
27 15 34 41
12 48 37 19
22 34 19 17
35 21 26 19
18 8 41 22
35 18 30 44
8 11 34 20
21 39 21 12
14 39 5 12
17 49 17 16
41 27 33 33
41 13 20 19
39 30 14 27
23 17 44 16
15 39 1 43
9 7 30 14
16 13 36 19
44 28 21 13
30 9 6 42
45 15 28 43
22 18 29 20
38 28 20 12
38 22 5 18
7 22 34 13
22 29 22 4
39 24 33 10
24 38 41 28
17 48 31 26
35 29 39 17
32 6 16 3
38 25 17 22
37 25 2 2
26 40 18 16
37 49 34 41
27 44 4 22
25 13 34 10
22 25 31 44
31 31 13 8
46 18 16 16
23 41 44 21
24 30 33 46
13 32 44 15
29 33 7 13
22 46 29 40
28 37 0 3
4 4 47 35
21 0 34 47
11 20 8 14
28 19 32 43
27 32 14 22
36 23 35 45
20 39 4 2
17 42 21 9
30 37 41 24
38 29 21 20
13 22 34 38
35 22 32 49
17 39 30 28
27 42 0 3
31 6 30 21
42 25 48 22
22 3 11 49
36 21 6 6
32 21 38 45
14 7 49 8
7 3 42 18
42 35 10 10
7 10 35 17
27 15 45 17
20 15 41 15
23 23 18 42
38 25 42 35
9 4 27 18
39 24 21 13
31 0 15 6
13 26 22 45
33 30 29 4
14 21 31 24
18 43 11 25
32 22 41 22
6 9 31 47
8 14 27 22
39 42 49 29
38 2 17 17
24 27 31 19
6 22 6 2
30 25 49 18
29 7 16 12
17 4 42 17
33 21 29 39
18 17 39 16
17 18 8 45
15 35 28 34
15 19 41 14
31 16 40 23
10 39 24 5
22 32 24 17
10 7 42 19
7 9 34 42
42 2 43 15
22 17 42 40
43 15 16 10
25 11 27 21
41 21 32 35
32 19 11 21
27 34 35 40
23 0 39 23
15 49 17 11
42 18 9 12
32 17 36 21
21 6 44 17
37 26 25 9
12 18 10 27
23 15 32 45
18 12 42 49
6 15 34 30
35 42 37 23
37 23 40 15
39 23 22 47
18 29 43 18
17 8 16 13
37 27 23 24
33 5 27 12
24 31 35 14
46 35 48 27
28 49 48 20
20 12 13 14
24 40 30 12
11 40 32 15
38 19 21 11
16 46 20 48
17 48 44 38
22 30 31 45
17 15 28 6
28 14 25 24
33 19 27 15
28 23 44 23
22 18 48 18
20 37 37 20
29 4 34 21
23 19 34 49
32 2 49 26
28 28 13 5
37 33 40 19
14 47 49 15
36 10 21 20
9 20 21 14
29 38 48 13
17 46 41 37
23 2 42 13
13 12 20 23
5 41 13 13
21 48 14 2
15 27 20 23
9 14 47 21
19 21 35 18
22 36 34 16
21 7 49 13
22 35 46 21
25 35 29 44
39 28 22 19
42 31 43 12
16 34 45 24
34 24 21 20
15 15 43 24
19 39 30 18
14 40 34 44
16 14 24 36
17 14 19 47
23 45 21 24
25 16 27 22
41 25 5 31
35 23 32 42
45 48 32 15
38 19 40 40
8 19 7 45
40 24 37 17
15 48 45 14
15 15 23 40
7 20 19 19
35 17 32 46
32 14 45 29
14 33 32 22
15 0 33 49
37 15 34 49
38 29 42 17
12 25 33 24
32 34 30 48
8 42 31 7
37 32 33 24
16 20 24 17
24 45 32 21
21 12 29 44
40 18 7 17
40 28 15 48
8 22 35 14
7 31 34 27
37 38 43 23
36 32 31 47
37 28 4 47
25 44 35 45
15 41 36 18
40 27 18 36
26 49 46 19
17 37 36 47
22 18 44 10
25 19 42 25
19 11 26 20
1 11 37 43
14 27 46 32
23 21 25 24
9 24 34 6
22 17 38 14
28 9 47 24
26 5 36 41
42 27 15 21
37 14 20 13
29 11 21 14
34 10 22 14
21 37 47 31
