50 853 14809 800
28 23 0 43
31 25 30 29
28 26 20 41
20 29 20 45
31 28 21 41
31 18 28 44
33 26 28 13
27 25 40 42
17 21 20 12
18 22 28 45
14 28 18 16
33 30 31 42
25 37 28 40
30 20 18 20
37 9 44 34
11 14 19 21
29 24 44 36
31 35 9 45
5 40 16 15
24 31 33 26
42 24 17 41
28 22 18 20
15 40 33 34
34 25 37 41
34 27 16 42
15 8 34 34
8 7 42 28
42 40 18 21
35 29 16 18
27 8 2 33
18 33 2 37
38 13 30 43
7 15 12 44
22 18 25 16
42 42 33 37
18 35 37 44
7 15 22 16
20 30 20 25
31 22 20 22
40 12 29 46
32 38 36 42
11 5 40 7
27 21 18 40
25 31 18 17
41 40 30 34
49 5 43 36
0 31 33 47
3 41 23 21
35 24 36 45
19 28 15 24
20 23 39 46
20 4 31 37
14 43 21 33
48 46 27 30
33 45 22 14
49 38 17 20
33 29 29 31
44 47 27 25
46 21 20 28
9 28 19 41
32 35 0 48
26 32 13 44
31 29 39 44
36 49 22 22
25 31 26 18
20 48 38 28
20 32 49 15
15 35 35 23
21 26 11 32
46 32 17 39
13 5 33 33
17 11 19 20
30 31 18 24
8 5 6 32
35 7 16 41
14 37 27 44
11 34 24 34
16 32 29 43
27 16 7 41
46 13 14 36
28 17 37 15
9 4 13 28
27 39 36 36
7 47 21 42
21 32 21 13
18 30 28 33
43 4 19 27
18 24 19 35
39 38 37 42
14 15 11 9
16 37 37 46
42 18 20 40
7 35 26 45
25 25 34 37
19 16 34 44
6 42 24 23
43 43 15 22
19 28 46 33
24 32 24 13
24 41 18 21
16 18 20 20
20 27 27 24
25 21 40 35
7 8 34 40
36 36 49 9
26 28 47 32
42 39 39 20
21 32 11 46
35 30 32 37
16 28 21 17
32 19 29 37
27 12 18 32
45 0 23 22
7 48 36 44
19 47 7 22
8 5 13 35
40 25 34 49
32 27 12 17
25 1 12 23
3 48 24 9
29 16 22 22
26 45 36 43
41 45 38 26
47 24 18 23
23 34 21 20
32 32 19 18
17 47 19 18
37 22 30 36
14 17 44 40
20 27 17 21
13 39 22 34
20 41 16 35
41 38 46 26
22 6 14 39
25 37 26 45
16 36 8 28
21 19 17 22
23 7 42 33
18 36 20 16
24 41 26 34
26 27 28 47
13 19 36 41
12 8 37 40
49 40 30 42
25 20 8 32
37 30 7 35
18 2 13 21
22 15 33 44
29 33 46 40
8 33 31 48
22 6 35 46
31 16 24 40
17 17 22 38
48 29 21 19
14 23 19 13
25 4 13 27
19 41 12 24
23 19 35 37
25 34 37 8
22 36 17 1
26 32 13 22
30 40 0 42
44 38 16 19
18 36 29 45
33 26 38 34
43 42 29 39
45 41 47 31
19 2 19 20
41 0 23 24
14 24 29 12
24 26 46 27
17 47 24 10
36 26 7 31
11 15 11 48
21 15 6 15
14 48 20 40
25 23 47 28
23 24 18 23
17 9 10 41
37 29 5 45
35 28 8 17
18 19 33 43
18 41 14 35
15 38 24 45
21 39 20 23
42 4 35 36
28 36 20 9
22 39 22 25
25 20 9 49
29 29 26 16
25 27 37 32
32 33 29 38
31 26 22 32
33 24 16 38
38 35 45 16
22 0 19 28
15 36 42 36
12 33 21 18
32 19 33 35
1 24 40 33
23 19 14 45
21 33 47 43
45 34 11 26
47 20 25 21
29 31 9 12
37 34 15 16
26 16 39 10
18 32 21 11
36 5 44 37
45 42 21 21
46 5 17 5
14 33 35 7
31 26 20 3
10 43 39 26
43 32 10 49
45 42 36 36
26 27 30 32
32 23 19 33
31 26 22 25
46 25 43 41
23 26 29 48
21 25 45 46
7 7 23 35
26 3 35 5
32 49 32 31
38 13 15 0
48 15 28 45
34 30 21 11
32 25 45 43
39 41 42 32
5 6 25 37
25 35 39 22
21 27 16 35
14 33 29 30
24 43 29 38
17 31 41 34
16 29 16 23
17 26 42 42
21 36 19 21
35 27 9 10
24 26 21 17
20 46 37 40
40 8 35 31
36 26 42 40
8 3 14 28
33 33 22 17
36 28 40 42
19 41 19 48
28 17 10 27
26 30 16 1
39 28 19 20
36 0 30 39
29 20 6 39
32 31 14 25
34 32 18 14
38 20 25 32
20 24 11 48
21 12 12 32
19 38 8 28
44 7 29 45
23 25 32 18
30 17 21 17
2 18 20 22
20 20 40 45
40 33 20 23
17 19 9 42
30 33 45 49
19 33 24 26
27 5 20 19
18 27 29 46
10 40 47 46
21 25 40 42
32 25 29 42
44 49 0 17
48 35 26 36
44 33 21 20
15 8 26 46
5 43 33 32
31 29 12 33
13 7 0 33
6 14 39 42
2 2 49 37
38 26 17 46
4 17 28 21
31 20 37 36
19 41 17 49
37 21 12 27
14 23 36 34
37 3 24 27
2 49 41 37
48 2 40 46
21 34 47 32
20 16 7 39
27 23 16 19
45 37 42 43
47 5 18 22
49 7 36 30
23 26 20 13
3 15 22 47
27 27 45 45
22 20 18 33
44 36 23 28
25 26 15 6
37 32 20 6
46 18 41 40
26 22 17 24
14 27 11 40
47 5 20 37
24 26 3 24
29 41 33 46
31 46 28 23
21 43 39 43
35 32 31 37
28 36 27 32
10 4 7 48
23 48 17 35
33 29 3 6
37 23 32 13
36 29 10 26
33 13 0 26
26 30 44 14
25 21 21 26
1 2 17 13
15 32 13 24
31 29 32 39
23 8 3 44
23 45 3 37
16 37 20 17
6 19 16 20
1 42 25 20
37 30 42 41
32 32 2 48
23 30 21 5
18 34 25 13
31 22 40 11
25 28 13 21
19 12 38 46
12 19 23 34
38 29 31 21
20 35 16 38
11 32 41 38
40 4 22 20
37 27 40 39
10 5 35 49
11 36 8 38
2 34 43 48
42 1 19 45
43 12 14 25
34 23 22 19
38 18 23 31
22 40 27 2
48 0 31 34
2 41 24 38
22 38 25 4
47 14 27 10
21 36 2 43
13 38 32 33
31 27 33 35
42 25 24 30
6 2 13 28
16 28 17 20
18 37 14 20
18 1 35 41
20 20 39 47
37 7 15 21
19 33 19 19
27 40 20 25
29 26 47 37
21 14 29 20
4 44 29 49
38 38 28 42
3 9 36 42
28 27 33 6
0 33 32 37
32 16 8 30
4 14 39 49
34 32 30 42
14 37 20 33
36 28 9 49
27 18 18 22
19 35 27 35
48 40 34 22
4 44 15 25
7 45 31 30
19 37 40 18
28 22 24 8
32 30 15 22
32 8 35 40
39 37 24 26
15 33 24 43
39 16 23 24
19 26 24 22
37 23 28 17
16 13 23 23
19 33 13 39
3 38 34 33
14 43 22 40
24 34 23 0
31 25 26 20
30 30 18 21
36 31 24 23
23 18 38 33
28 43 24 27
4 25 37 33
21 10 2 45
41 49 33 39
40 7 19 23
17 3 32 40
48 40 22 20
36 38 18 43
4 42 36 39
37 21 24 29
38 26 9 21
0 20 24 14
45 15 29 32
46 43 16 44
23 17 19 18
31 9 4 49
38 3 18 21
32 33 20 29
37 31 45 37
16 36 9 49
21 33 33 30
23 36 38 41
17 7 30 38
15 29 21 22
8 30 19 21
37 16 19 25
45 38 27 45
34 29 21 22
34 30 43 33
41 23 22 20
7 17 13 13
23 13 46 21
21 34 35 27
36 14 37 45
11 47 12 28
17 43 24 25
10 15 18 17
18 26 20 23
16 11 26 41
13 37 24 22
28 34 34 45
7 38 20 40
27 43 18 26
39 29 16 19
43 33 18 24
35 37 29 40
26 28 23 43
6 11 18 23
10 34 16 29
17 19 22 44
36 48 17 39
42 12 32 30
17 41 5 46
25 20 28 38
2 0 27 22
39 2 28 46
21 20 39 38
19 25 7 47
46 6 43 40
21 9 4 47
8 24 22 15
21 39 22 45
25 28 14 18
24 25 34 33
48 30 32 13
22 31 32 22
16 33 18 24
2 17 2 31
30 37 7 49
44 25 33 9
40 32 38 24
19 17 34 27
36 29 30 38
26 36 30 43
6 27 22 25
33 28 27 6
40 15 18 17
35 30 30 23
26 45 29 15
2 28 19 39
26 21 23 18
45 46 40 39
32 16 10 19
46 43 25 22
11 22 38 38
9 22 43 33
18 35 25 20
32 28 23 31
41 24 17 19
13 8 18 24
10 18 22 33
26 16 14 46
24 43 30 46
27 21 18 10
43 33 14 35
39 32 20 21
29 27 21 38
43 41 26 48
25 10 26 40
37 44 22 21
13 2 48 46
25 23 43 39
4 33 41 25
17 47 21 23
11 13 17 20
8 49 31 40
6 39 35 43
43 40 0 36
34 28 19 21
30 22 14 29
42 16 8 23
22 44 14 16
12 8 21 20
34 28 39 36
26 20 34 44
30 16 2 31
17 41 38 44
7 46 12 29
35 31 17 24
32 13 18 17
25 24 27 14
7 28 13 32
20 29 35 46
34 33 13 19
25 14 17 24
31 6 36 9
24 38 24 25
25 14 26 0
49 6 41 7
42 7 21 28
37 26 42 0
0 28 13 31
20 33 43 36
28 27 33 20
47 49 20 18
25 10 22 14
18 40 32 21
18 12 21 36
11 25 31 34
21 37 17 26
25 12 35 24
49 19 27 40
36 11 6 42
18 23 39 38
39 2 5 42
5 17 28 38
49 39 26 49
19 33 28 40
6 27 22 36
22 44 39 48
3 44 28 39
23 27 18 46
34 29 21 18
21 33 15 31
34 27 18 19
35 20 10 31
25 28 8 34
20 23 27 16
28 38 46 18
21 33 6 41
26 28 17 18
32 31 39 36
12 28 18 22
42 34 21 18
28 17 19 18
39 48 17 33
32 28 43 39
48 16 28 36
28 6 30 19
34 35 42 38
24 38 13 20
23 40 47 22
30 34 4 33
47 34 22 9
12 6 21 20
31 31 23 19
31 24 17 17
8 43 6 11
36 24 44 5
40 34 23 33
7 36 25 28
33 26 43 22
26 16 30 1
21 39 23 2
40 37 22 18
49 18 7 41
22 26 31 44
12 42 22 20
37 31 43 29
28 28 21 19
6 15 31 33
35 27 40 28
9 46 32 21
40 31 18 21
22 32 14 17
7 38 24 46
43 39 33 42
17 8 7 46
34 32 45 13
37 20 36 38
47 25 25 6
11 38 15 33
34 32 4 47
25 1 38 44
47 24 7 27
6 36 27 48
40 12 43 30
11 31 20 46
25 29 39 47
16 10 17 3
45 30 5 35
46 34 15 3
28 30 18 32
34 29 19 24
7 2 7 47
27 33 42 35
23 23 15 42
1 25 33 4
47 49 26 19
28 21 14 33
42 10 32 4
40 27 35 44
26 16 24 33
27 24 37 36
44 40 32 19
9 30 19 21
16 32 22 12
15 40 21 33
22 0 7 44
21 27 30 36
22 30 3 21
40 7 40 43
3 30 35 44
33 40 8 36
37 11 23 19
31 21 19 22
18 31 27 19
46 25 38 30
20 28 30 29
42 3 41 44
41 9 5 26
33 22 27 9
37 11 15 43
39 33 32 45
5 25 35 34
14 35 49 29
20 31 24 5
39 25 32 29
20 22 10 41
24 35 20 22
33 27 25 43
27 44 23 16
26 30 15 9
20 9 20 21
34 27 33 49
15 38 31 28
36 28 24 27
44 22 13 23
1 45 18 49
47 9 42 46
36 28 24 29
2 11 28 34
39 8 32 49
33 25 21 22
29 24 5 36
36 21 33 32
25 33 20 30
46 18 24 18
28 31 23 36
8 32 24 46
49 0 17 21
14 33 7 23
35 49 15 46
28 46 38 18
29 2 34 30
23 22 34 30
30 34 24 23
13 19 31 3
30 21 40 43
11 40 30 17
29 20 27 35
17 31 27 43
21 8 7 35
4 36 18 18
3 18 22 28
36 23 29 18
24 17 22 23
38 26 19 31
35 32 27 7
33 9 38 27
37 29 19 27
34 43 35 35
13 16 27 41
27 29 11 37
20 34 25 17
45 4 33 23
32 28 10 42
40 29 27 27
36 43 24 44
30 30 22 45
37 15 36 37
25 26 31 46
2 12 24 5
14 40 24 15
38 31 34 33
14 35 18 1
19 1 35 42
39 36 10 18
49 38 45 32
47 7 8 30
46 21 35 34
41 26 22 23
40 1 18 20
34 21 17 22
8 6 19 24
41 4 10 39
37 32 17 13
13 45 19 30
32 15 38 39
19 31 33 48
43 5 13 40
26 17 7 25
22 40 20 21
35 29 47 21
36 27 29 27
22 28 39 17
24 34 28 49
46 23 13 26
27 35 5 15
20 39 29 41
35 33 39 20
24 39 26 31
44 0 34 6
31 20 22 40
18 21 32 39
25 29 15 29
46 15 29 18
3 32 35 43
32 28 44 38
34 32 9 10
36 27 26 40
36 29 23 37
9 31 25 24
0 19 10 44
48 12 33 34
23 33 25 17
41 30 13 16
21 41 29 26
11 21 28 37
24 33 19 9
40 27 24 40
20 27 32 31
21 13 35 36
3 40 21 29
49 47 17 30
27 35 29 46
20 18 18 25
17 14 30 41
42 27 31 37
18 48 31 40
46 10 9 26
16 36 24 19
23 4 34 45
20 12 43 24
19 18 22 13
8 41 18 34
25 4 35 43
12 16 14 23
32 31 33 15
22 35 0 33
12 42 20 26
31 16 24 19
28 39 17 22
26 33 24 11
45 43 31 39
22 45 33 36
42 8 14 19
5 12 31 42
19 34 43 33
45 17 37 8
7 17 29 42
8 14 25 20
33 29 10 47
39 46 45 39
22 37 23 33
27 35 26 28
8 41 28 5
40 41 18 22
41 21 28 49
42 10 21 24
18 37 29 17
45 4 40 29
39 28 27 41
22 31 24 22
32 38 41 29
31 10 22 38
27 2 29 38
19 24 38 35
9 40 20 21
28 19 22 47
38 18 33 42
9 6 35 30
32 27 20 22
42 49 19 18
12 47 28 37
49 39 22 38
19 37 42 30
16 33 31 16
34 22 12 44
24 25 19 39
26 14 25 35
15 39 14 14
37 30 13 29
22 28 31 33
49 47 2 27
47 25 23 15
10 7 28 24
25 26 19 22
36 26 13 25
19 41 26 40
42 36 15 22
47 44 19 19
19 21 36 43
40 31 29 22
20 27 49 29
26 16 13 34
37 26 26 4
19 23 31 23
9 43 20 42
16 26 28 17
13 34 42 36
43 16 36 44
32 30 48 47
6 13 8 48
25 27 28 17
36 37 27 42
9 46 33 33
13 40 25 33
12 36 20 25
28 13 18 21
44 18 34 30
24 31 18 20
46 23 37 48
19 29 16 19
14 4 21 25
31 33 39 47
24 32 35 34
45 47 45 33
0 43 46 42
48 47 5 47
33 46 5 44
