50 145 16129 800
38 46 21 24
33 47 49 17
32 11 17 25
34 38 45 16
21 14 43 14
40 33 44 19
20 28 30 38
17 3 45 19
29 45 19 40
21 48 18 39
33 45 7 22
25 19 13 16
16 34 49 19
21 9 43 17
17 39 38 22
15 33 23 42
37 48 25 46
4 47 19 42
18 21 18 42
11 27 10 19
28 5 20 28
33 46 5 4
31 47 10 24
27 40 37 19
24 40 21 23
23 48 49 15
6 45 22 21
5 16 21 21
36 1 17 27
20 32 18 37
6 25 17 39
31 22 15 37
44 4 13 11
7 31 18 38
21 5 31 43
14 4 9 20
31 42 25 34
14 4 42 16
5 9 30 32
10 16 12 39
2 19 0 9
31 43 19 23
27 15 14 21
32 44 5 1
34 25 14 35
22 28 47 16
28 38 18 23
15 42 20 35
21 47 18 19
12 10 45 11
2 14 39 10
16 15 20 38
16 1 46 18
16 5 5 16
3 39 31 40
13 47 16 40
36 17 18 17
18 9 19 43
36 30 20 45
39 48 46 13
14 19 17 43
24 11 14 41
1 4 18 16
32 49 17 49
13 32 22 36
8 3 17 39
8 24 21 27
16 40 40 15
35 43 17 32
26 49 31 36
31 39 18 37
14 7 46 15
17 44 18 37
37 49 13 47
9 36 14 24
7 35 13 27
15 3 48 9
18 43 28 47
11 19 42 14
31 15 15 29
17 10 32 32
16 32 20 49
26 26 19 31
18 16 38 45
36 42 18 34
23 42 19 38
36 28 49 17
19 18 17 39
12 37 47 15
44 6 15 35
19 7 15 24
1 11 13 36
17 40 15 23
34 42 12 19
13 23 20 39
38 22 15 38
36 41 47 9
31 28 35 25
11 3 35 39
44 1 21 43
31 15 20 20
29 46 46 18
11 1 21 17
17 3 22 42
31 49 47 16
34 31 19 29
16 37 19 28
18 43 21 19
14 0 27 43
25 0 18 38
6 17 14 22
12 39 10 24
31 47 24 40
9 7 32 47
13 45 18 37
27 37 15 23
12 5 34 39
12 34 44 19
0 39 24 36
3 30 18 37
26 43 16 25
31 31 18 40
12 34 28 22
29 46 16 41
37 45 18 22
4 44 13 24
31 48 19 24
23 40 15 23
4 40 16 39
32 47 23 39
32 35 48 19
28 48 38 30
29 33 41 19
44 8 18 33
34 15 13 26
21 49 10 26
27 16 18 38
33 49 14 29
19 16 15 38
19 47 47 21
21 41 17 15
38 43 18 36
11 38 12 26
34 43 21 11
20 7 15 26
