50 51 16480 800
19 31 15 12
26 5 30 30
10 15 41 30
32 8 49 18
23 27 44 15
36 10 43 7
24 26 40 9
9 45 40 7
29 7 34 30
6 36 36 21
15 35 14 6
29 8 37 21
2 43 44 38
27 4 46 28
19 13 37 5
29 13 39 22
4 28 36 19
6 38 43 46
11 11 41 29
11 22 49 43
3 47 37 31
2 42 28 32
20 34 46 46
35 6 30 38
3 47 34 22
2 45 46 19
20 19 20 42
36 13 7 6
16 41 17 18
33 5 46 7
27 11 49 35
23 10 25 4
35 2 49 48
28 11 49 47
21 15 32 23
27 13 45 41
7 46 34 7
21 25 26 20
25 4 44 25
10 16 37 1
26 13 48 49
32 40 31 31
28 14 35 31
29 12 49 49
20 43 36 12
7 29 47 11
25 10 45 0
23 9 25 36
23 11 39 31
33 9 36 21
26 12 42 10
