50 458 12294 800
2 6 25 5
29 45 13 27
30 43 22 28
45 28 3 27
20 44 0 24
41 30 4 14
15 24 11 10
41 42 17 28
30 43 5 48
46 31 34 14
44 27 30 18
42 29 6 17
18 28 5 13
25 1 44 2
32 44 5 10
4 5 5 21
19 31 33 16
40 35 20 28
1 6 12 9
43 5 0 11
42 28 10 13
48 33 6 12
12 28 13 38
13 16 10 30
8 5 37 16
1 15 31 17
31 41 8 15
20 23 38 18
38 38 35 17
29 39 16 41
15 25 34 46
43 10 32 15
8 14 46 23
38 14 11 28
9 2 46 6
37 43 8 16
4 12 9 13
21 25 22 36
8 6 16 43
30 44 0 32
17 27 8 20
16 0 42 27
16 25 6 14
34 41 34 12
2 12 26 42
32 40 1 29
35 14 4 48
34 41 31 13
21 25 4 36
17 32 38 12
45 32 42 2
12 40 38 11
5 1 16 12
36 35 16 7
11 13 9 45
5 3 6 16
2 5 21 30
11 34 11 13
25 20 7 48
42 32 17 37
34 43 34 14
6 4 13 18
14 30 8 11
28 41 25 16
17 29 14 9
32 0 31 14
16 23 43 3
5 7 32 16
29 44 5 21
31 40 12 15
7 3 21 37
14 30 34 13
11 20 12 11
5 7 7 16
22 26 0 39
23 43 34 12
34 12 20 43
32 44 26 38
42 30 25 27
4 0 36 16
33 42 30 20
19 30 5 10
30 39 39 21
17 33 34 14
4 10 6 22
39 7 39 17
6 11 32 28
14 25 0 5
5 14 43 18
9 16 0 20
8 14 34 19
39 17 1 27
19 29 11 47
46 32 1 11
42 33 9 34
18 28 36 17
22 33 18 21
22 37 37 16
41 24 37 13
37 26 13 43
44 32 37 22
34 5 40 20
22 44 30 16
41 45 16 18
11 39 35 18
33 40 1 18
47 34 31 4
20 49 10 34
0 9 40 1
30 42 6 23
31 43 5 18
43 35 11 34
38 35 34 20
9 45 29 14
34 42 12 9
0 7 8 36
33 42 9 12
10 6 9 28
16 28 4 38
22 48 35 15
41 36 9 13
41 31 2 23
4 6 32 13
49 24 7 19
3 15 33 17
48 29 43 19
13 6 2 28
6 13 9 20
2 11 9 15
21 20 10 34
8 8 5 14
44 23 25 36
31 40 17 27
5 6 4 12
3 4 7 15
20 45 40 11
5 5 37 16
17 25 30 15
14 10 4 13
45 34 30 9
3 8 35 9
31 42 12 46
16 29 6 12
12 11 6 36
42 17 5 18
19 18 35 15
26 49 5 20
3 8 16 43
22 28 26 46
28 19 5 15
32 43 34 20
41 30 40 2
22 26 13 37
24 20 4 36
20 29 7 36
28 19 10 43
34 42 34 17
32 40 6 8
13 7 18 44
11 27 31 12
28 39 17 36
16 29 7 35
29 44 37 40
32 45 32 17
31 43 14 12
31 1 44 25
36 1 5 22
45 6 35 10
21 31 10 43
20 28 7 15
4 14 34 8
26 36 38 15
23 14 33 42
36 2 45 4
46 6 6 16
29 44 10 14
30 43 7 23
29 44 4 19
5 47 36 21
21 29 11 16
46 23 31 12
31 39 34 10
37 29 7 3
13 4 8 18
41 28 9 12
21 28 8 26
43 35 2 20
39 35 35 10
32 42 25 40
18 29 35 16
30 29 36 17
31 39 12 7
36 10 13 16
21 8 6 44
19 21 22 49
28 31 45 17
16 29 27 27
32 46 11 14
3 8 1 15
24 46 28 37
14 28 0 18
20 47 1 38
41 27 29 10
49 42 34 25
32 41 4 17
17 30 38 16
32 42 2 48
32 48 3 12
48 32 46 6
43 32 35 12
47 7 4 12
28 11 32 40
12 1 36 12
28 44 1 14
6 12 9 45
13 24 9 23
6 5 32 22
24 48 32 19
23 25 0 24
15 27 41 10
9 5 4 10
29 42 43 8
25 38 6 33
28 44 33 13
37 29 8 23
27 44 18 48
41 25 7 16
28 2 34 13
18 15 48 10
46 31 4 17
20 23 12 47
13 13 39 12
33 42 8 16
6 10 3 15
36 30 48 19
7 11 34 5
9 31 8 48
23 17 34 13
31 5 1 13
13 28 17 44
38 29 14 46
11 3 2 44
7 3 34 15
28 6 3 21
21 25 34 13
11 9 4 24
28 45 6 13
30 44 35 12
14 2 7 24
39 34 41 6
46 31 2 13
46 13 16 15
48 18 36 16
23 25 11 17
6 2 41 44
3 16 14 38
26 45 26 18
7 13 36 19
8 2 2 24
36 39 16 41
19 30 38 14
11 28 4 26
49 41 32 18
15 26 31 17
30 46 41 33
7 0 49 5
11 8 4 12
14 35 31 47
29 29 35 13
12 24 33 13
11 44 4 14
35 43 37 14
20 23 1 17
30 42 1 32
36 32 36 13
12 6 5 13
34 6 43 36
31 28 36 17
17 19 9 16
13 25 33 3
40 28 16 43
20 33 32 19
33 46 33 19
33 34 8 10
33 43 7 16
41 47 37 9
32 42 2 10
18 31 34 22
38 34 30 9
11 9 37 15
31 40 0 26
39 44 6 21
8 8 8 17
41 17 41 22
33 37 30 20
15 28 37 19
27 32 8 47
25 0 49 7
38 30 3 19
24 27 36 10
15 34 9 14
32 44 6 42
31 41 38 15
20 9 33 11
30 42 7 15
29 41 4 9
32 43 35 13
44 48 39 14
26 36 1 34
31 42 1 28
19 30 19 48
4 7 4 42
19 26 37 12
27 41 24 19
36 43 6 13
22 49 34 14
1 7 6 10
3 8 11 13
47 34 0 37
30 42 36 15
29 43 17 48
19 23 7 33
5 1 10 17
14 4 16 27
21 30 11 17
49 17 32 14
32 43 7 18
34 46 11 27
13 31 38 15
26 46 29 13
33 40 5 49
45 49 38 0
28 47 11 38
14 23 6 15
32 35 32 13
15 30 41 16
37 36 5 10
30 43 40 16
20 34 34 21
36 33 15 30
13 25 49 25
30 44 47 1
33 43 37 11
19 20 11 15
8 4 34 24
14 39 17 41
22 31 8 38
32 42 8 12
32 46 22 48
29 2 49 3
25 22 36 22
33 37 18 44
25 34 46 11
21 22 23 38
25 33 38 17
22 25 11 43
8 3 42 6
38 1 36 16
4 12 8 28
9 8 9 15
13 5 10 18
17 28 14 45
8 5 34 12
32 27 43 21
4 15 23 10
9 8 7 18
31 3 5 40
32 44 3 47
16 37 42 8
12 24 8 11
14 27 35 11
1 5 34 3
20 24 38 18
27 48 36 17
6 22 20 32
43 20 10 14
10 31 9 13
2 5 11 41
34 41 42 25
32 25 6 8
29 12 35 18
35 44 45 22
8 13 46 10
14 26 7 15
31 14 32 9
41 3 12 14
37 30 5 12
21 29 3 9
14 26 41 18
38 32 33 19
18 34 29 13
6 9 37 12
14 22 24 18
18 34 16 40
20 27 30 9
32 9 32 20
30 41 26 37
41 26 25 28
2 8 12 15
21 20 4 29
4 6 0 29
16 17 32 14
17 25 2 17
11 20 34 16
14 32 23 35
36 44 25 45
1 2 10 15
13 7 38 13
30 43 5 18
25 45 19 33
27 42 32 14
18 6 35 12
34 45 1 28
39 36 16 37
1 32 14 16
21 24 21 36
22 48 8 43
15 6 6 27
20 31 35 14
29 41 4 26
32 31 32 16
34 44 4 6
26 48 7 11
6 27 16 42
31 43 27 35
32 42 10 25
39 35 29 23
19 26 37 13
18 29 47 19
33 39 5 17
43 15 7 12
20 25 30 39
27 46 1 9
3 9 39 13
36 44 39 9
32 39 4 12
21 42 7 15
2 2 36 19
45 16 7 20
27 39 20 39
12 31 18 36
6 11 2 14
45 26 12 14
24 41 38 18
39 27 15 28
47 17 7 17
28 43 21 9
29 46 7 21
18 33 9 46
4 2 42 22
2 18 31 17
14 18 37 17
39 37 44 1
18 28 9 38
27 36 29 32
42 1 8 6
22 26 30 21
28 2 9 38
