50 432 12132 800
44 13 21 48
42 6 27 33
46 11 0 23
49 28 27 13
45 8 17 1
47 14 32 43
36 12 20 42
46 10 31 26
37 18 22 43
44 12 26 46
41 28 19 44
45 8 36 10
26 17 22 19
39 15 22 47
48 10 30 36
45 22 40 38
25 16 21 43
32 16 8 16
48 8 27 47
48 30 42 12
39 28 16 20
25 11 38 36
21 16 15 20
38 6 36 35
11 15 32 13
40 28 15 22
28 8 22 40
31 14 16 21
48 13 16 22
28 24 33 46
46 22 19 45
43 17 29 29
22 7 13 20
18 3 21 21
38 18 22 30
37 21 30 37
41 10 44 40
16 9 10 30
37 13 25 46
12 15 26 23
37 1 15 8
14 10 18 20
38 20 18 24
30 9 29 42
47 9 8 10
29 10 1 6
43 2 11 15
26 16 39 27
38 28 14 18
44 20 40 28
49 14 17 49
38 25 19 47
39 10 14 8
34 5 20 46
18 0 49 27
37 15 24 37
31 29 21 8
22 25 19 47
30 21 34 13
38 17 9 18
37 19 24 41
20 25 45 21
25 22 44 9
38 11 22 45
48 17 36 15
47 21 38 44
48 22 20 45
39 18 22 21
18 0 16 29
19 8 3 21
39 19 45 30
36 20 8 22
42 10 22 33
20 11 42 22
44 24 25 45
38 20 26 20
16 11 38 11
29 4 12 19
43 14 17 11
28 18 17 10
40 20 7 43
46 7 7 19
36 25 23 39
47 14 16 26
44 15 46 31
16 25 39 9
17 6 18 16
12 21 44 30
31 13 26 40
25 6 15 45
38 15 6 24
48 8 1 33
48 15 6 26
44 9 34 32
41 24 49 37
48 37 23 45
43 16 21 42
45 5 47 35
18 0 46 35
43 24 22 25
32 10 34 21
5 6 30 21
24 3 9 6
27 2 29 48
40 10 42 30
33 18 15 24
35 16 37 31
48 27 40 40
47 22 40 11
46 7 12 41
8 15 15 43
39 3 5 24
24 13 45 24
2 19 33 37
43 11 24 21
7 17 21 48
29 28 22 43
8 21 41 3
47 10 20 43
39 19 22 43
26 9 21 45
44 9 14 30
41 19 12 11
40 23 37 34
34 3 18 3
37 11 26 43
36 3 14 22
37 0 22 6
41 18 23 8
25 9 40 9
33 18 20 44
21 7 8 28
37 12 2 21
37 18 16 48
25 13 26 29
34 11 23 48
20 19 44 19
23 6 20 28
4 11 20 44
40 2 19 41
26 14 10 10
41 28 23 2
39 2 27 49
49 15 27 24
49 8 46 36
36 7 12 20
37 8 25 13
39 1 22 42
30 6 34 41
29 15 21 44
31 17 34 26
39 16 27 3
29 15 22 42
39 10 48 11
40 25 47 45
34 20 34 2
43 29 34 22
17 21 12 17
43 14 6 8
14 18 26 44
46 5 19 46
43 26 21 45
33 15 26 44
1 8 20 46
49 29 20 46
48 4 39 7
46 24 16 31
40 20 35 20
42 27 11 22
49 20 22 38
41 20 43 14
38 12 3 24
26 9 34 45
13 6 35 7
20 4 22 13
43 14 6 33
45 16 22 37
40 34 14 49
37 2 25 48
44 21 29 30
20 23 19 9
37 2 47 15
20 18 29 7
46 2 36 25
43 22 18 21
38 18 15 11
43 16 21 12
44 19 11 13
14 5 20 45
17 15 16 24
45 21 38 45
17 17 18 40
18 4 31 20
24 16 1 28
26 19 38 26
48 39 28 44
2 20 8 19
25 16 16 11
43 25 21 46
15 22 24 29
45 19 37 16
40 15 21 35
2 14 49 4
35 13 46 4
30 24 41 4
41 11 10 34
34 7 3 29
11 0 7 6
21 17 42 20
38 11 20 14
46 9 24 8
24 23 13 29
0 3 17 20
40 14 16 14
48 29 30 8
39 17 31 17
47 14 20 49
2 23 0 29
42 13 38 46
7 6 29 22
9 11 10 30
15 10 6 21
24 22 23 6
43 28 19 43
46 22 44 13
31 23 32 5
46 5 42 43
43 19 27 26
44 13 43 19
42 7 27 23
45 9 16 20
48 14 20 33
44 5 49 26
38 15 29 30
27 17 19 43
38 24 6 20
2 27 12 42
47 24 38 46
8 14 31 41
1 16 34 6
6 37 23 31
36 28 19 22
10 11 31 17
12 3 41 21
35 2 18 19
20 2 34 23
32 4 29 40
41 10 26 44
38 15 44 33
41 25 9 18
32 0 36 37
40 0 27 5
44 8 47 22
21 13 32 14
11 1 4 15
37 33 44 30
26 3 48 20
25 9 17 43
44 27 19 24
44 11 35 29
40 24 13 36
45 14 31 23
26 27 33 43
27 14 9 26
43 12 11 16
39 32 10 11
46 10 29 21
41 1 24 17
16 10 11 35
40 10 38 34
6 4 26 40
29 13 21 46
26 6 20 40
22 17 44 24
36 15 13 18
48 18 19 13
24 22 34 19
37 14 34 2
0 23 12 15
29 11 8 18
0 15 46 42
44 8 40 28
30 28 31 23
31 13 16 8
30 37 22 46
8 18 23 45
46 10 47 38
0 18 25 49
47 16 28 16
36 15 10 16
46 16 32 1
42 20 47 6
48 25 24 41
46 26 18 22
40 24 37 4
42 21 16 38
43 17 0 26
49 20 5 18
46 18 22 33
47 37 13 19
44 17 20 14
36 27 22 21
13 8 32 34
7 19 25 47
24 11 12 13
1 22 20 6
9 12 17 15
45 23 25 6
4 18 29 23
37 0 3 29
16 9 15 24
38 4 37 30
42 39 34 37
25 29 43 33
45 26 9 27
33 9 28 46
34 0 48 12
12 34 44 6
22 5 5 30
41 14 35 22
18 16 18 43
40 12 37 32
27 13 11 19
11 24 24 17
30 17 21 16
10 7 37 20
43 17 47 46
42 17 10 26
34 19 22 44
5 5 20 3
31 13 20 45
31 10 20 43
36 7 39 42
34 6 16 20
34 12 37 34
31 16 25 48
34 20 22 46
14 12 34 20
22 11 14 37
23 26 9 1
49 12 28 10
47 14 20 28
48 14 49 25
22 7 20 32
41 30 9 20
34 8 32 20
47 12 3 18
18 4 0 19
28 2 45 36
38 16 24 23
47 5 31 5
38 3 11 12
12 0 24 29
47 26 1 7
46 0 0 29
45 19 38 40
0 33 45 35
39 5 13 8
11 4 6 19
46 20 27 38
41 15 35 26
42 28 11 27
44 19 35 49
46 14 23 7
42 18 44 7
36 24 28 15
20 2 23 42
47 24 28 27
47 15 16 28
38 10 48 43
15 25 17 47
37 15 23 19
37 8 12 21
2 7 37 11
43 6 22 44
5 23 41 7
49 19 3 27
5 13 29 9
27 14 34 21
29 19 4 17
35 12 35 42
39 0 10 30
3 5 23 40
19 8 28 31
41 22 19 20
43 13 35 23
39 15 1 29
39 22 11 34
40 22 17 49
6 5 44 16
8 2 9 44
33 28 38 23
49 27 0 27
32 16 35 8
41 15 43 29
6 22 14 19
27 14 22 9
35 22 37 14
32 10 45 19
43 21 22 49
35 15 30 10
19 16 47 11
24 14 24 44
41 18 39 30
9 27 36 10
39 10 38 36
28 12 6 21
38 2 43 25
38 24 24 41
46 3 29 25
37 22 19 45
38 22 37 34
40 25 18 46
13 21 28 33
49 19 1 24
43 8 8 18
20 20 30 33
17 9 40 21
39 17 1 21
30 18 15 24
45 12 28 17
38 11 4 25
41 24 31 24
48 12 22 22
37 13 33 33
48 27 28 43
35 18 20 1
14 2 18 17
29 15 18 16
8 18 15 21
33 10 20 45
41 10 22 26
