50 730 14793 800
12 12 29 27
25 11 39 8
21 9 39 12
17 2 22 27
13 11 38 28
35 21 25 5
33 12 34 49
21 7 18 10
31 43 38 21
17 5 15 14
41 43 36 18
31 10 37 17
36 29 34 20
43 36 21 20
47 22 13 6
26 20 13 21
30 22 35 14
22 14 42 29
28 47 7 19
37 19 11 43
19 9 48 21
16 4 17 24
6 27 25 12
19 11 35 19
38 19 16 22
14 7 30 19
11 17 16 22
44 19 20 12
27 18 27 26
45 5 29 19
45 46 24 6
26 28 39 33
43 30 18 22
33 16 6 26
25 31 34 30
33 23 9 30
22 37 15 12
23 38 16 14
12 3 40 34
7 33 1 25
8 43 21 3
15 8 20 15
23 48 20 20
29 22 35 29
44 19 28 12
24 18 21 22
26 22 47 24
41 34 41 18
39 10 22 11
7 1 42 27
12 18 35 22
32 23 32 13
25 42 20 18
21 27 28 15
30 39 18 3
43 7 32 21
36 41 17 16
32 20 43 24
21 5 21 17
10 6 37 29
37 38 19 35
40 10 48 38
39 9 45 32
46 18 44 8
25 24 35 24
41 30 28 39
34 30 37 25
1 41 5 21
5 28 43 22
38 23 18 18
16 0 18 35
1 25 2 15
39 21 22 36
33 25 31 15
49 10 41 24
45 7 38 31
7 48 36 42
35 7 19 8
21 14 14 40
24 46 26 19
40 39 20 13
39 11 46 17
11 9 39 24
15 11 12 35
37 22 12 28
21 17 19 26
30 33 15 31
26 0 4 20
36 19 46 47
12 4 10 22
7 0 26 26
15 4 21 41
41 6 15 9
2 46 22 35
38 10 5 38
21 7 18 25
11 34 14 16
39 32 14 43
22 8 31 24
11 4 8 24
27 48 12 24
0 21 7 5
0 9 0 32
35 9 38 44
40 2 20 36
35 1 20 7
20 25 27 14
27 9 24 29
42 19 24 10
10 8 38 33
13 19 38 24
10 48 25 13
40 32 40 43
43 13 9 26
35 34 38 22
49 20 47 13
44 19 27 6
18 44 26 11
13 9 12 17
35 9 23 31
38 8 26 34
13 10 25 5
24 17 5 45
32 29 26 8
48 25 20 18
35 47 46 26
11 1 29 23
37 15 19 22
48 25 13 13
7 12 35 19
30 15 29 21
11 6 23 6
17 18 24 43
29 36 23 23
14 8 21 27
38 46 20 30
14 11 27 6
20 11 36 21
45 11 21 3
31 23 19 16
38 23 40 29
45 21 42 28
40 16 33 13
49 20 23 44
18 5 13 20
41 18 14 28
6 48 8 40
11 4 14 0
13 45 32 18
46 17 49 45
17 9 38 19
19 8 35 14
16 15 23 11
14 7 20 17
21 23 19 3
32 12 8 28
15 14 14 37
47 13 20 23
39 8 22 9
49 2 19 32
25 16 28 7
4 44 16 39
45 15 31 16
30 12 28 24
46 32 27 29
15 1 41 29
43 40 17 35
36 17 22 41
42 11 46 37
44 20 39 20
42 45 29 19
48 9 40 17
41 27 31 30
39 29 30 23
24 13 39 15
27 21 29 16
48 21 24 16
47 4 36 20
15 5 23 9
30 24 13 6
23 44 20 27
14 4 24 9
16 3 45 42
42 16 35 19
40 37 32 15
13 3 23 29
14 10 15 14
12 8 20 16
11 15 37 17
45 20 41 36
34 33 19 17
34 2 4 28
36 18 19 7
38 10 43 49
31 13 6 21
17 6 20 13
43 15 22 7
9 6 33 38
17 5 42 25
15 9 27 36
30 15 29 8
11 2 16 13
17 7 14 26
44 29 35 33
34 18 24 15
31 28 19 30
22 10 26 49
36 42 16 1
42 10 10 16
48 6 17 32
18 12 8 28
41 29 36 25
9 11 16 34
30 16 25 7
41 40 21 14
33 33 16 36
13 17 30 18
36 21 7 14
48 16 22 11
15 6 18 13
42 24 10 8
8 10 34 19
37 12 35 16
44 17 30 22
45 4 24 42
46 14 25 10
30 8 17 25
11 5 25 15
40 37 12 7
49 5 14 21
46 11 21 14
8 26 28 9
7 46 23 16
10 5 34 17
20 7 17 15
16 5 46 25
10 49 38 18
18 11 31 26
33 36 11 29
16 4 33 19
21 0 20 9
21 29 12 23
46 23 27 19
12 36 41 25
22 48 28 14
26 41 33 17
12 15 26 32
41 11 16 38
10 1 21 20
13 48 27 8
20 8 33 23
48 4 13 36
36 33 18 29
40 10 34 32
18 4 12 28
44 37 21 15
43 12 32 16
29 16 16 17
43 21 25 38
13 5 27 49
41 40 38 18
26 2 43 17
23 30 22 12
38 6 40 16
27 14 38 14
35 13 42 32
15 18 42 24
36 26 19 6
7 46 39 28
40 8 39 26
47 20 15 6
42 10 12 25
6 31 43 46
25 39 32 40
28 21 3 32
35 45 17 22
23 15 16 9
41 5 21 33
44 14 21 19
16 9 8 7
44 21 24 29
5 37 20 23
47 12 37 15
5 17 44 2
22 1 32 25
26 37 13 19
38 19 10 28
44 5 14 22
14 9 45 18
41 30 15 28
20 14 46 20
37 10 21 19
13 41 15 23
49 33 14 8
48 30 38 37
13 9 32 16
42 11 12 38
47 30 24 7
1 42 25 4
31 24 11 29
22 13 15 22
43 23 22 5
8 8 29 14
43 5 22 39
16 0 38 25
47 19 33 25
34 24 18 6
26 11 37 23
27 41 26 13
41 36 47 24
28 6 45 28
48 22 34 20
19 16 29 23
6 36 12 10
16 4 4 38
3 25 19 15
18 17 39 31
13 11 17 25
7 14 21 21
41 19 15 28
11 25 15 34
46 8 13 14
33 25 32 20
15 27 13 12
20 15 22 4
7 25 32 37
4 45 11 30
19 7 38 24
12 5 42 32
12 5 40 34
35 16 36 27
37 30 39 18
42 30 2 22
31 16 23 11
47 13 17 38
39 20 30 42
41 29 25 29
48 18 26 6
36 6 21 2
13 43 6 13
45 23 40 25
46 13 45 26
43 15 6 32
23 45 42 41
40 27 35 12
44 16 4 16
15 42 19 7
15 31 24 20
9 5 20 46
14 11 27 14
34 24 26 15
8 10 38 31
11 37 27 46
39 26 30 18
19 1 11 36
46 33 8 21
16 11 23 25
40 17 20 16
13 19 46 12
36 40 9 32
35 1 21 16
9 12 10 45
41 8 32 20
17 7 29 41
34 17 9 16
19 10 26 15
49 12 41 23
18 8 25 27
15 9 9 35
9 23 14 31
40 10 41 27
41 28 41 35
23 38 24 30
14 6 41 5
48 21 7 31
39 47 19 11
17 2 16 7
33 32 23 24
9 33 13 18
37 12 24 13
33 18 42 24
47 8 39 22
11 45 43 21
14 2 37 18
29 11 13 20
32 20 20 48
8 42 25 40
43 32 29 14
43 26 19 10
13 9 47 28
42 8 32 20
24 37 14 17
42 39 21 17
20 9 46 28
15 3 32 11
15 0 48 20
4 8 13 15
14 40 8 47
16 9 18 29
17 14 30 16
9 46 30 22
14 2 21 36
35 9 47 35
47 26 34 18
7 5 31 19
33 16 1 32
18 5 37 22
13 7 16 1
46 29 17 16
31 19 4 25
30 24 34 45
40 11 36 19
3 44 39 12
37 13 42 40
39 18 41 10
28 0 12 13
3 39 22 34
41 34 39 22
43 19 23 12
38 10 37 21
21 15 41 23
38 39 19 15
23 4 18 26
27 10 38 8
13 38 39 45
16 47 39 11
40 46 19 8
36 33 7 34
29 21 16 37
42 34 21 11
46 25 13 22
26 21 26 16
44 19 19 43
27 46 31 29
31 27 27 7
19 4 27 37
13 2 36 17
39 6 20 36
34 7 48 34
39 30 20 13
4 46 42 23
47 24 10 20
34 22 28 29
29 33 29 15
37 17 21 17
14 8 39 25
26 9 43 23
13 10 42 8
44 19 25 44
46 42 36 44
13 1 38 31
30 33 38 19
44 17 12 13
41 8 14 29
21 36 42 19
46 16 48 29
24 25 16 32
25 30 36 21
13 11 36 20
43 29 43 42
41 11 22 2
22 7 28 20
43 39 9 11
28 37 23 24
20 38 32 19
22 29 19 7
47 4 37 13
39 23 9 19
34 12 33 22
11 20 5 36
42 9 22 24
38 32 16 25
38 28 29 22
46 28 5 24
7 12 11 26
5 4 34 23
18 34 23 12
48 22 22 6
29 44 15 33
39 43 1 24
20 30 7 28
31 8 28 4
31 26 40 40
43 18 37 19
40 36 36 25
16 7 14 34
44 33 23 27
37 36 38 20
31 32 44 18
49 8 6 37
36 10 24 22
14 5 24 16
48 30 14 33
2 36 13 23
35 15 20 1
47 5 40 22
32 29 35 26
46 10 29 37
21 7 9 33
46 31 48 39
38 14 31 23
49 7 33 23
12 13 14 7
36 11 13 17
45 20 18 22
15 5 19 28
16 7 15 29
23 41 37 26
12 10 9 19
32 16 11 21
47 39 17 19
16 0 20 9
10 39 21 41
39 25 31 42
44 10 21 11
13 5 28 12
38 16 6 27
9 33 13 7
20 17 28 28
17 1 28 16
46 40 0 25
11 5 28 2
43 42 23 25
46 15 3 31
49 18 12 5
17 4 6 29
44 33 22 18
17 8 17 27
43 26 23 4
10 6 35 16
18 37 33 35
16 9 39 34
45 29 39 33
26 12 17 42
43 28 21 26
34 48 24 29
46 44 11 8
18 11 23 5
22 3 24 21
47 17 26 11
48 17 40 16
37 35 13 24
27 28 12 19
33 30 37 20
46 37 39 36
42 23 27 2
11 17 9 0
15 2 22 8
28 29 31 31
18 9 10 34
36 6 14 13
14 6 37 18
13 11 30 14
38 5 41 22
15 9 23 15
48 13 7 23
31 33 21 46
44 10 43 32
41 38 0 42
28 34 38 15
15 8 21 2
41 45 30 24
15 35 4 20
46 2 33 38
20 16 34 31
13 27 34 23
46 8 16 30
38 47 41 43
36 37 28 1
39 35 0 19
46 9 18 14
17 1 12 29
40 9 16 16
25 14 28 8
33 14 30 10
43 13 17 16
35 16 19 21
14 4 8 8
48 23 37 28
49 21 25 2
12 47 19 4
5 9 21 17
49 18 34 32
45 18 25 18
7 32 20 15
40 33 26 33
0 31 28 32
37 7 35 20
23 36 17 10
46 15 47 21
25 18 13 20
11 8 19 6
18 9 31 21
37 7 35 21
31 24 17 15
22 2 16 21
13 22 16 31
19 3 13 28
48 21 18 49
34 46 25 19
15 0 37 18
11 6 21 9
44 31 16 41
37 20 23 21
32 34 28 12
15 5 25 18
38 32 14 31
32 16 20 11
11 1 21 11
5 43 31 8
15 48 23 6
46 9 22 45
34 18 32 10
26 23 23 15
29 21 34 37
18 0 42 17
48 32 32 21
42 38 12 9
8 10 34 25
39 31 44 30
47 5 38 23
13 4 27 19
10 6 35 26
44 30 17 20
46 11 24 10
38 14 28 16
36 27 26 39
6 49 26 29
34 34 13 1
42 14 11 14
41 28 27 32
17 8 20 38
31 2 10 11
38 27 13 25
49 10 21 9
24 13 11 26
2 7 28 13
18 8 24 16
26 38 47 36
37 20 29 27
47 23 33 24
44 31 25 15
19 8 37 32
37 19 40 32
46 49 15 20
49 10 24 33
19 11 46 23
11 4 12 24
15 10 20 37
44 7 33 29
44 28 35 13
38 47 19 22
45 20 36 27
45 6 8 14
33 29 16 26
26 31 23 16
39 33 45 37
14 5 33 16
46 34 35 18
11 7 22 10
25 14 13 24
30 12 36 41
11 12 38 23
26 18 22 20
13 4 11 14
12 1 41 23
40 32 45 32
32 30 17 16
31 14 27 13
41 4 24 19
26 2 23 21
40 31 17 10
14 5 23 10
31 40 20 42
17 7 42 35
14 4 37 35
9 7 23 19
19 10 30 15
45 8 32 27
49 7 28 26
30 30 24 17
43 24 31 27
44 28 12 37
48 8 12 23
30 16 27 43
26 42 0 25
42 16 14 49
4 48 17 44
14 7 15 14
44 17 19 28
45 14 32 34
38 15 16 20
45 32 11 47
5 21 45 27
30 4 43 23
44 18 41 27
39 31 19 21
35 28 17 2
15 18 15 28
15 0 23 49
16 3 4 13
42 25 37 28
22 9 36 24
23 48 16 39
43 20 7 17
14 3 38 28
16 4 26 18
25 36 14 14
45 17 6 14
15 6 30 18
11 8 30 21
6 34 20 6
49 20 3 2
29 20 21 9
13 6 32 27
36 4 30 31
24 30 14 13
47 14 21 13
41 33 25 7
12 8 15 29
42 27 26 31
45 34 16 36
9 11 28 29
41 14 11 39
39 7 4 35
5 42 19 43
18 2 26 23
17 28 34 23
36 16 2 19
17 6 23 21
