50 292 18443 800
44 20 13 44
4 38 49 35
48 9 13 10
36 6 17 1
3 5 27 13
48 25 32 23
13 27 41 16
0 21 26 14
29 2 20 11
43 43 15 27
14 15 41 22
28 29 9 3
12 26 36 14
0 9 32 2
31 0 37 29
10 27 19 4
37 34 12 2
1 33 41 32
30 4 23 7
24 15 27 28
40 18 6 1
5 36 19 0
46 39 34 11
32 2 43 24
35 3 24 41
40 34 35 24
38 34 12 48
13 40 10 35
33 4 3 19
25 29 27 9
36 43 47 31
31 40 14 40
30 29 40 11
8 3 37 35
29 5 17 8
2 30 17 3
24 34 39 43
41 44 16 43
31 21 8 22
36 33 43 25
37 4 1 45
10 24 20 13
28 24 43 42
24 22 14 39
2 21 5 0
4 4 20 4
30 45 42 34
14 42 2 2
31 10 21 26
9 16 18 6
40 10 39 47
27 16 43 22
9 4 16 17
18 17 22 8
42 35 10 11
28 4 42 38
13 27 21 6
29 33 5 11
29 45 0 7
27 32 14 36
34 2 44 38
41 48 47 39
30 22 30 10
26 31 14 22
12 21 48 20
9 7 39 11
21 23 43 3
29 3 42 47
5 45 21 0
31 42 18 7
44 29 20 6
41 41 20 6
41 35 46 36
7 2 45 44
32 27 10 20
42 40 44 27
33 48 17 0
30 5 30 29
29 46 6 19
40 19 18 5
32 6 29 19
46 18 32 25
32 43 8 11
42 30 6 11
11 2 45 18
7 6 15 5
20 22 44 47
7 40 22 7
31 5 20 3
30 32 38 18
18 44 34 4
9 30 28 13
6 35 4 3
46 22 33 36
32 44 44 37
7 12 40 21
15 15 3 8
5 34 42 29
42 43 31 16
39 42 10 9
16 30 23 9
28 13 48 17
29 1 49 30
35 28 7 28
34 4 18 36
39 44 16 15
12 40 47 39
5 0 12 0
21 34 31 17
48 11 34 18
37 31 6 9
28 39 16 1
12 32 2 8
4 27 1 8
28 32 27 7
44 27 4 9
6 37 30 0
35 7 20 9
36 25 29 6
49 7 19 6
30 23 3 2
3 22 2 17
38 47 20 4
14 26 41 9
6 4 45 35
7 5 32 26
15 46 25 8
29 2 43 29
39 44 17 5
2 3 19 5
46 25 46 15
5 8 43 1
35 40 39 22
7 6 24 11
49 32 21 6
38 6 18 7
5 33 0 15
33 3 43 32
38 48 45 9
7 24 42 29
17 40 11 0
13 21 23 44
28 25 44 39
37 2 32 32
8 26 11 5
32 46 16 4
35 29 21 14
41 27 30 43
2 41 45 41
17 28 25 7
21 26 17 7
27 19 23 2
27 3 5 14
38 39 19 5
29 2 15 1
3 6 36 32
41 26 11 7
24 29 40 45
25 28 36 37
10 0 49 20
31 47 49 19
27 42 17 42
14 41 6 3
39 34 11 16
6 7 45 38
30 1 18 5
31 2 6 18
29 25 38 43
45 12 20 4
27 26 44 42
45 44 43 26
29 26 15 5
20 39 37 35
12 40 44 41
38 21 48 10
43 34 24 15
33 4 35 16
26 5 3 15
2 16 29 25
34 5 20 4
20 25 17 5
21 25 42 40
31 3 4 13
29 2 22 17
18 39 7 0
5 1 21 0
33 28 7 12
1 4 43 25
8 29 44 35
11 8 45 31
36 45 33 37
34 5 21 8
2 30 40 45
14 20 44 29
16 31 24 3
29 14 34 2
29 22 46 43
31 3 12 28
23 38 5 12
5 3 29 36
29 4 8 27
30 38 11 33
15 32 30 13
30 4 21 11
31 9 20 7
1 25 36 24
30 28 47 29
5 18 22 10
20 45 24 2
33 6 25 13
39 17 42 34
3 5 48 29
20 24 49 19
14 28 40 16
14 48 44 35
16 37 33 13
32 4 43 15
36 22 28 2
15 32 11 17
5 38 1 8
35 49 26 10
28 21 33 10
35 32 12 48
41 29 24 20
30 46 48 33
30 4 23 26
41 45 11 3
30 4 0 0
23 45 8 10
22 17 21 7
21 20 24 33
49 21 48 47
27 29 22 4
26 30 10 9
39 32 47 43
36 46 13 12
3 29 3 49
40 29 45 5
30 47 29 14
22 47 17 3
25 27 5 7
24 46 22 11
10 36 13 3
25 45 4 12
32 29 36 25
0 8 23 34
47 3 41 16
11 43 26 2
22 27 17 2
11 26 25 1
18 9 30 12
19 13 34 28
13 37 25 44
8 19 22 4
28 10 1 10
35 47 43 40
28 0 35 4
3 29 7 12
29 23 42 39
11 27 14 6
13 21 26 44
7 9 13 47
15 42 18 22
29 4 45 28
17 26 16 9
26 24 45 16
31 1 18 2
24 41 42 39
41 48 47 8
13 34 25 12
34 32 20 8
22 19 30 12
13 19 15 1
31 28 43 44
49 15 4 9
8 24 47 34
43 41 12 5
27 3 15 12
48 44 15 16
5 8 44 19
44 45 15 1
48 31 13 12
13 20 31 34
9 30 1 7
5 4 39 31
40 34 46 17
26 26 19 6
38 34 0 3
29 6 0 32
6 10 18 2
34 37 42 47
6 35 42 24
