50 240 16791 800
16 24 25 25
46 42 38 42
34 48 35 2
40 41 42 3
22 28 20 34
9 47 20 34
48 48 10 19
37 43 6 29
21 13 27 35
45 43 23 22
2 37 15 20
18 21 41 5
7 25 35 5
20 21 5 30
20 43 32 24
47 38 14 48
16 14 32 0
30 13 34 0
12 9 28 3
0 5 41 5
4 1 30 0
8 35 32 45
44 41 41 24
28 37 24 36
3 22 48 4
29 49 38 33
13 31 19 40
16 10 29 3
3 5 29 23
6 26 8 13
46 42 25 41
17 30 27 11
44 48 30 6
40 47 8 20
12 14 21 3
44 43 33 44
30 9 0 42
14 25 34 5
19 5 41 9
27 12 40 48
2 1 41 23
30 42 29 27
32 22 31 4
2 0 34 1
43 42 41 4
4 24 44 38
44 40 27 2
14 32 34 24
38 39 36 0
1 0 37 5
15 7 32 7
37 31 6 49
42 43 24 42
15 32 34 4
35 28 41 43
41 45 43 1
5 32 7 45
33 45 10 0
48 43 21 47
44 44 13 21
2 20 24 33
44 1 23 31
41 35 13 37
24 0 33 29
18 8 22 36
37 39 17 23
6 1 36 45
13 13 24 46
0 6 10 45
44 49 31 0
24 33 37 23
5 6 16 46
2 1 15 36
15 13 36 0
29 49 8 42
43 43 42 1
28 26 40 48
15 5 43 31
45 39 7 29
20 18 22 35
18 24 45 28
22 10 43 33
40 49 35 0
46 48 41 4
11 30 41 10
19 38 30 3
34 28 31 10
9 12 2 41
5 3 25 5
19 8 31 6
10 39 31 5
18 0 18 38
23 31 46 27
2 23 38 1
3 6 31 16
35 32 33 44
5 9 39 36
2 35 35 12
1 3 18 43
46 46 49 29
42 37 3 23
45 46 26 32
30 43 6 37
42 35 18 11
15 33 25 10
17 31 6 28
38 27 45 35
0 0 27 7
49 43 22 13
9 42 41 49
29 28 36 46
49 44 18 28
6 30 30 7
39 42 33 10
34 49 45 43
27 28 19 27
42 34 37 30
49 44 41 15
17 42 24 17
11 23 34 1
4 3 32 41
49 39 14 10
38 29 38 1
36 18 1 24
49 45 29 1
16 10 37 8
45 42 30 40
34 29 30 8
40 47 34 39
48 46 11 23
42 17 34 45
41 37 43 46
5 0 10 29
11 32 11 39
16 22 4 27
1 21 28 48
0 9 40 35
10 22 21 28
5 3 19 29
38 27 33 7
37 28 40 1
9 9 35 5
14 11 36 49
10 49 19 48
1 9 34 37
15 22 18 33
6 1 17 26
4 17 25 25
4 12 39 2
48 49 28 1
25 13 29 26
40 41 16 39
27 22 0 26
15 13 38 2
34 13 27 19
13 21 28 45
3 0 5 31
1 6 44 44
21 6 45 36
6 30 18 20
3 2 25 46
40 44 28 2
5 3 41 5
41 49 41 5
10 48 45 15
6 28 25 24
38 36 42 11
0 5 34 1
35 38 2 37
13 25 40 1
19 24 9 15
10 8 20 47
35 27 28 7
26 6 34 7
27 22 22 3
34 38 32 2
38 25 34 34
32 25 34 36
45 37 8 27
37 36 24 33
42 45 21 38
29 22 40 41
35 26 28 15
0 2 15 21
44 42 42 13
14 26 13 13
47 40 14 38
3 2 8 49
32 49 45 3
34 29 49 34
45 44 8 46
13 9 47 7
22 28 28 48
2 30 34 40
44 48 31 20
48 46 38 0
36 20 39 31
1 5 33 29
12 5 26 0
26 37 19 48
2 16 47 39
48 39 5 27
46 47 5 10
32 7 27 24
32 10 33 6
13 16 28 1
7 2 42 41
9 22 12 47
33 3 29 49
39 34 22 25
42 45 27 18
3 16 35 1
1 8 45 30
0 0 15 43
16 11 14 35
8 14 24 26
4 2 38 3
47 45 25 48
8 8 40 7
7 23 26 43
12 32 28 11
35 27 37 46
35 21 43 43
27 42 43 5
9 27 33 2
2 18 10 28
13 32 30 0
14 16 5 16
21 3 11 33
12 23 26 0
1 0 29 47
4 3 20 45
36 47 12 31
0 2 8 17
40 48 33 48
10 24 1 35
7 42 31 1
28 12 27 49
6 11 44 3
44 48 32 11
