50 332 11282 800
31 45 12 8
8 36 8 29
9 41 25 12
41 24 11 30
17 34 18 48
49 26 19 25
12 37 22 9
48 5 16 26
49 40 16 40
45 28 23 9
15 28 18 38
1 42 23 5
5 21 24 7
46 24 8 31
0 44 25 10
33 0 10 34
35 26 27 46
39 26 17 19
35 32 16 3
42 34 21 7
29 23 18 38
20 36 25 6
1 34 41 12
45 25 3 0
17 26 20 43
33 29 31 24
28 9 3 11
30 15 6 29
17 33 20 6
30 35 24 10
18 44 42 15
43 20 8 20
0 24 18 28
42 18 24 11
7 39 29 6
33 22 38 16
14 31 34 39
46 31 5 29
5 38 10 21
49 35 22 8
16 49 23 10
11 6 40 6
38 45 25 28
17 42 43 16
1 27 40 15
7 48 33 3
35 0 22 6
5 27 30 28
16 33 20 26
12 3 40 16
39 2 7 33
44 32 6 29
3 26 38 17
33 1 29 35
40 34 32 13
40 17 28 11
46 26 26 32
0 27 42 13
10 34 27 9
3 32 35 4
16 34 25 9
5 44 8 7
45 36 41 15
48 20 41 1
37 10 36 19
6 28 33 44
15 32 32 41
16 47 20 27
5 30 19 42
14 41 35 40
30 29 14 35
4 36 0 47
12 12 29 47
47 27 22 14
19 28 29 11
33 29 38 16
9 22 27 37
19 42 40 47
8 21 12 12
47 17 26 9
47 25 8 31
25 24 4 31
5 38 9 31
34 13 29 41
2 40 24 23
40 9 42 18
46 25 24 7
6 35 0 18
2 46 20 37
37 19 10 41
8 39 8 29
10 30 28 47
7 38 17 32
5 15 20 8
21 37 32 40
2 35 4 31
16 39 26 40
8 38 43 14
4 26 29 49
47 38 12 42
6 24 10 37
38 29 23 4
36 44 6 9
1 22 26 23
10 34 20 21
34 34 43 14
13 26 40 0
33 3 20 35
31 29 37 3
42 20 26 10
6 38 27 11
4 21 15 27
12 34 41 14
0 22 28 7
7 38 45 17
42 27 12 24
48 47 0 7
6 42 41 11
9 38 25 8
7 24 9 1
17 29 26 4
7 23 6 36
36 34 23 39
35 27 45 17
41 27 1 24
18 41 10 31
40 35 39 45
40 15 37 5
20 45 24 6
12 37 25 11
11 32 24 7
4 30 34 1
44 19 5 31
1 43 29 28
36 30 13 33
32 9 14 36
39 21 40 44
0 38 22 11
41 21 23 19
39 44 24 12
12 24 9 36
18 41 45 17
6 43 31 28
39 25 43 15
48 23 22 7
46 23 10 14
38 27 42 12
17 26 37 9
34 17 31 42
16 49 27 9
11 46 28 32
4 38 41 14
30 3 29 34
0 33 44 20
49 22 28 35
13 36 15 25
24 26 22 5
38 32 5 36
24 38 21 8
5 26 26 10
33 27 34 5
0 29 21 36
5 22 9 30
41 7 25 16
23 36 26 10
42 15 9 0
41 33 46 20
33 45 0 11
1 26 25 6
48 20 40 13
7 21 20 20
32 17 17 47
35 27 39 13
10 28 21 6
39 15 24 7
43 27 23 0
26 37 4 27
43 16 6 31
0 40 19 23
31 0 11 20
19 35 45 17
43 12 36 4
2 19 42 14
46 49 26 22
38 21 13 24
38 18 18 29
49 28 35 47
1 22 43 18
17 23 44 16
19 24 25 11
14 48 7 21
1 40 33 3
20 35 38 4
42 25 33 9
39 16 30 2
33 26 6 17
43 25 35 9
6 24 36 30
21 11 27 41
9 36 8 29
40 19 23 28
26 38 13 19
19 42 35 7
36 22 37 46
26 21 20 45
39 23 0 8
33 9 19 5
45 33 34 47
43 3 26 36
38 2 26 34
24 31 23 40
43 28 42 4
24 16 31 12
44 25 35 1
47 33 28 12
47 36 27 49
19 43 3 27
41 21 17 27
34 33 27 9
41 31 19 34
5 35 35 8
45 26 25 30
41 14 6 33
4 47 23 6
37 47 45 18
1 31 23 49
0 27 44 9
2 35 25 11
7 32 39 18
41 40 33 18
5 48 27 38
44 30 44 14
43 23 42 14
41 7 39 17
40 13 23 7
11 43 16 32
26 33 28 9
15 41 8 30
49 32 25 9
33 4 21 42
48 26 24 20
3 41 41 15
48 42 21 42
3 41 0 18
42 44 23 8
17 14 28 6
8 44 45 16
36 29 33 4
45 27 40 15
5 14 21 7
4 39 30 30
6 28 30 41
28 24 25 5
35 27 18 48
10 42 21 36
23 42 25 32
43 24 20 11
46 22 9 31
23 38 15 29
11 30 44 14
4 24 30 36
6 29 36 7
31 21 29 49
3 29 44 15
3 24 3 0
31 18 19 8
35 21 28 26
47 32 22 42
0 24 21 11
48 15 28 39
48 42 25 4
11 33 30 1
37 25 22 5
13 24 46 14
36 46 41 42
39 36 23 4
20 48 8 30
7 33 2 29
12 3 28 10
2 35 32 24
30 28 24 14
43 20 19 21
43 42 24 11
3 46 41 15
13 48 2 7
18 35 34 31
29 28 42 16
9 29 29 35
9 21 8 4
49 25 36 12
5 33 44 14
26 11 22 10
29 45 34 8
6 30 23 10
4 30 1 1
46 23 28 5
12 16 45 13
7 32 38 47
45 12 13 24
48 25 36 4
0 38 38 11
27 5 42 14
12 41 40 5
48 25 1 18
41 25 35 27
39 18 31 42
10 27 21 6
3 41 0 38
11 36 23 12
43 31 22 24
8 36 41 16
45 23 35 21
47 25 12 21
36 29 25 14
21 1 26 25
49 33 49 21
6 12 30 42
31 28 38 2
35 17 21 5
24 12 37 8
41 26 46 12
18 29 21 26
40 23 35 7
45 22 30 18
47 29 43 15
37 31 40 11
10 23 18 33
37 39 30 47
38 23 44 13
35 28 26 9
30 6 26 8
23 46 31 0
