50 199 11916 800
22 17 6 30
10 7 24 1
2 42 19 38
24 4 1 31
6 31 47 13
6 42 46 33
2 49 14 25
29 21 5 9
19 5 41 29
18 47 27 21
22 22 16 31
2 45 46 27
6 35 12 24
6 5 10 1
28 45 28 11
6 29 4 2
8 20 24 20
10 20 49 20
44 29 28 20
47 22 32 22
8 11 4 6
31 41 5 7
23 24 17 10
13 8 18 14
35 38 0 14
6 46 3 28
6 49 36 19
33 36 42 26
22 41 6 3
4 32 6 17
36 46 16 26
22 42 40 11
44 39 40 19
22 26 44 31
7 8 20 34
20 35 48 31
40 6 8 5
26 14 43 26
20 27 11 14
9 7 6 11
16 24 5 18
25 20 0 13
33 29 0 31
10 9 49 22
32 21 9 37
8 37 34 6
33 1 48 6
16 13 13 3
26 41 44 35
14 9 46 10
8 7 19 7
42 23 45 7
23 1 40 2
25 34 14 43
43 32 13 39
18 24 13 18
4 46 15 33
2 26 8 5
8 49 20 44
18 29 16 7
16 14 45 39
34 26 9 13
15 34 10 28
2 32 46 36
20 44 26 2
28 21 40 31
3 46 49 23
36 3 22 26
34 46 12 8
1 24 42 31
24 38 40 24
28 21 28 15
8 47 38 26
20 46 4 4
29 34 43 29
19 32 2 23
17 11 7 3
31 46 13 24
35 2 37 33
3 33 2 18
19 42 28 3
23 46 48 18
18 32 3 25
22 25 19 44
1 45 7 18
3 12 15 12
17 33 8 2
36 12 4 8
6 49 29 10
15 14 12 1
2 48 24 28
9 49 7 29
23 28 15 37
19 28 47 29
10 25 43 21
25 17 7 2
34 33 6 5
3 39 6 25
13 4 11 9
19 24 21 33
0 30 39 4
49 36 6 26
4 46 12 7
10 30 7 19
23 21 11 17
25 27 33 40
2 42 5 7
15 5 22 38
17 28 35 24
1 32 29 9
47 47 12 2
23 21 6 3
6 1 16 25
2 29 4 24
0 47 11 17
21 25 2 31
29 29 43 23
34 2 8 25
2 42 1 35
0 1 27 21
25 5 4 26
10 31 36 19
43 38 45 28
21 5 11 30
4 44 47 26
34 23 9 21
23 30 3 0
10 44 49 23
1 32 12 15
14 27 9 31
10 12 15 30
17 30 32 39
31 19 2 2
30 35 21 28
8 33 45 30
0 46 5 21
33 15 16 14
31 2 45 18
21 27 46 23
25 37 31 16
3 40 45 16
18 15 7 0
27 47 10 32
28 31 40 15
1 30 27 1
3 49 14 35
27 39 39 30
15 24 37 24
20 22 7 32
23 44 23 33
9 29 9 4
22 23 37 15
8 7 21 22
41 5 11 37
1 47 14 26
37 35 39 24
6 13 32 22
15 2 8 33
16 0 43 26
12 36 0 46
7 33 35 13
2 46 11 7
24 8 6 2
6 32 48 20
35 33 18 28
25 11 20 2
0 31 23 7
17 23 47 27
5 29 15 26
33 9 14 23
18 23 47 34
1 33 40 26
17 23 6 8
2 26 8 6
36 45 36 23
16 0 4 8
27 47 22 7
30 34 43 25
16 2 16 19
17 42 10 2
23 25 12 7
2 29 41 3
19 5 44 25
4 9 17 35
21 2 9 3
3 16 44 32
0 45 30 3
20 22 44 29
37 34 2 23
15 8 46 28
10 19 38 21
1 28 9 42
45 35 48 13
16 34 24 11
1 49 8 30
17 5 12 25
16 9 19 25
4 32 13 15
7 34 17 30
