50 124 16129 800
40 27 14 36
6 5 23 16
33 27 16 18
36 29 26 48
11 40 27 41
32 11 10 13
25 20 34 44
37 33 19 25
35 4 8 0
29 11 21 41
0 9 19 13
43 7 23 43
43 36 38 4
13 29 11 2
19 23 30 49
40 28 31 45
27 4 12 1
14 33 29 44
7 6 38 10
42 28 29 26
41 20 16 16
25 30 31 13
28 20 30 25
23 2 34 47
36 12 35 40
28 17 6 19
17 46 37 15
6 28 21 46
8 39 25 25
24 14 36 44
0 20 26 41
3 31 20 19
17 36 16 12
32 15 25 43
45 22 27 46
42 34 27 10
35 33 26 42
20 6 27 39
31 39 25 45
38 33 10 16
38 27 28 12
39 29 5 22
10 32 30 45
44 32 31 45
34 24 26 48
3 38 1 21
7 30 34 1
38 17 31 26
5 42 30 43
21 19 7 6
33 27 26 48
40 23 16 20
4 42 28 35
12 32 27 44
15 35 22 40
19 28 29 42
39 25 27 11
9 29 12 13
34 17 36 28
34 23 18 32
19 44 28 41
36 33 20 47
3 45 20 16
18 27 12 7
39 24 7 13
24 22 20 23
27 37 30 46
43 29 30 46
7 7 37 0
34 17 24 42
24 29 29 47
41 11 27 42
20 22 32 46
41 23 31 15
4 31 23 45
41 20 10 15
24 41 27 47
7 15 6 8
19 0 36 47
21 24 27 47
11 18 18 8
31 31 6 10
9 13 11 25
46 19 24 18
26 25 3 13
12 30 6 14
33 14 28 46
4 31 21 1
23 21 18 18
1 26 0 1
43 3 24 30
9 18 5 15
11 3 4 16
39 20 24 46
31 31 30 48
37 28 29 47
37 16 13 26
16 40 18 13
44 20 40 7
31 35 23 40
7 8 27 49
15 35 28 31
39 23 32 46
27 46 33 13
28 22 27 44
38 21 36 17
32 26 20 8
26 16 26 48
10 35 1 15
16 41 26 49
18 34 15 13
29 47 11 28
10 13 5 10
41 25 33 48
6 25 31 43
11 36 5 14
47 29 24 5
33 24 32 49
21 28 31 44
13 31 28 47
34 24 32 49
40 27 27 42
47 21 18 13
41 11 30 29
