50 538 15406 800
24 15 32 31
5 32 26 27
25 19 10 35
12 8 9 35
4 13 26 35
23 30 5 37
8 8 21 44
10 31 3 20
40 38 25 48
35 22 17 24
24 10 44 39
24 15 28 41
15 17 33 27
34 18 46 29
35 17 22 27
29 19 31 33
39 42 35 7
39 37 25 31
21 15 9 29
28 29 24 30
39 40 25 26
25 15 0 25
3 22 36 31
44 22 23 33
38 39 30 46
11 26 40 21
29 13 28 29
3 36 10 44
44 28 39 43
31 9 25 35
5 45 24 26
22 37 11 33
33 31 24 26
19 17 15 34
33 17 28 40
15 6 4 29
32 18 30 46
25 3 22 31
32 8 26 33
39 44 14 12
18 8 21 25
36 39 28 28
26 17 9 16
27 21 35 40
32 13 45 36
24 44 26 34
14 24 11 18
41 39 24 32
21 24 1 29
2 23 18 45
32 4 3 23
9 6 43 37
18 27 6 21
12 40 27 32
30 5 6 18
15 44 32 45
0 17 27 34
45 34 12 34
27 20 15 17
34 9 28 32
8 49 8 31
26 2 42 46
30 12 36 28
1 30 26 31
19 20 46 35
8 7 25 34
42 15 48 7
30 9 5 23
5 27 28 40
20 15 26 34
30 19 0 25
13 34 11 30
29 23 11 33
33 27 24 31
18 35 8 30
38 39 25 30
31 20 41 48
36 43 26 27
16 42 10 45
38 38 21 42
3 10 37 47
32 7 32 24
32 6 32 40
18 29 37 22
30 42 26 30
30 14 23 24
11 18 41 36
12 49 45 36
37 36 12 27
32 25 20 23
37 33 42 34
3 43 41 39
27 9 3 27
18 25 33 15
32 18 23 34
38 38 31 44
5 18 16 24
27 13 49 24
24 28 12 29
42 34 35 15
25 12 26 31
35 41 5 22
37 46 3 21
26 11 23 29
3 3 23 30
38 21 26 34
29 3 12 18
22 5 19 22
31 21 21 26
34 26 21 35
26 18 12 20
25 42 25 31
25 12 21 33
36 43 31 47
22 1 25 48
7 26 19 18
23 1 10 15
9 0 33 39
19 42 18 18
46 15 36 19
24 4 26 33
39 36 29 18
4 34 27 37
14 40 34 44
44 20 24 32
14 6 17 22
2 28 41 4
15 45 29 36
28 24 47 17
7 28 27 29
27 16 2 18
22 14 25 33
15 17 37 45
14 44 40 41
20 34 28 36
46 15 17 29
26 16 44 39
16 0 13 35
8 3 25 25
12 34 26 48
26 18 3 19
21 13 24 31
48 47 30 28
35 38 29 37
35 39 41 38
6 30 33 48
28 26 19 23
16 45 29 45
3 8 29 48
15 41 4 36
19 4 25 34
6 23 24 27
33 8 26 28
37 37 9 34
26 45 25 30
21 17 27 28
29 15 5 24
3 28 28 32
20 47 34 39
19 20 46 46
15 45 37 24
30 31 15 9
29 35 21 45
28 41 34 18
36 33 11 40
25 8 11 32
14 39 28 32
25 0 23 31
34 13 22 29
5 19 37 19
16 45 36 40
23 19 44 35
3 27 30 40
20 43 39 13
29 13 6 36
13 23 9 34
18 45 26 29
22 8 38 34
35 34 24 36
11 36 6 42
28 25 42 30
21 47 26 30
33 7 26 28
33 8 24 24
3 40 34 28
48 11 23 29
31 32 13 21
33 32 44 11
31 18 18 16
31 12 32 43
27 25 9 30
19 4 32 12
18 41 18 49
28 25 12 38
17 12 22 31
15 3 33 39
19 46 27 47
18 7 29 36
23 20 21 35
19 46 33 49
29 12 0 36
45 14 0 44
18 17 32 48
34 44 22 33
25 14 38 43
33 5 24 37
3 47 26 0
40 22 16 22
32 23 22 27
25 12 23 32
19 41 33 44
23 11 12 26
17 38 16 25
23 26 22 20
10 39 48 43
6 25 26 37
11 23 26 29
29 18 39 36
23 20 10 35
29 24 22 39
27 19 4 23
28 19 29 31
44 43 39 34
39 12 20 38
38 45 41 9
25 22 14 32
0 30 40 27
8 30 24 23
23 25 9 45
1 39 43 24
38 40 26 30
21 22 27 30
27 22 12 33
14 47 23 38
27 10 23 38
19 16 41 30
30 7 28 22
27 10 24 29
11 40 27 43
41 15 23 28
28 23 29 41
31 25 26 31
33 14 22 38
34 37 28 48
23 31 27 28
24 22 32 44
26 15 33 27
32 32 25 41
31 44 30 14
30 16 20 29
36 5 8 42
4 13 12 17
37 12 23 31
8 25 19 21
30 11 12 47
4 6 27 46
16 42 32 38
36 39 32 45
31 13 19 30
12 20 0 39
37 37 0 28
22 12 9 12
33 18 2 16
35 16 31 35
41 10 38 47
27 15 6 17
11 24 34 41
12 45 27 31
27 17 19 2
26 18 19 26
24 19 19 44
12 46 10 18
4 3 30 33
40 35 25 32
31 4 21 31
28 17 37 43
49 29 24 44
20 20 9 20
33 16 36 2
31 9 49 39
13 13 24 31
2 17 25 39
25 19 15 7
39 39 12 34
19 9 35 47
34 0 28 40
34 18 12 28
25 22 28 3
45 36 25 31
37 39 17 48
42 37 26 30
44 22 23 30
18 48 29 31
0 5 17 22
14 24 10 45
7 44 25 34
33 19 25 31
31 0 35 44
4 29 39 32
3 49 25 5
22 37 26 47
35 48 27 31
35 8 19 43
22 23 8 13
16 47 29 35
10 34 28 44
24 16 41 36
9 23 36 38
35 27 6 23
8 25 27 33
27 23 40 41
43 30 3 41
31 22 8 39
43 43 27 27
23 21 27 30
28 45 21 45
32 23 24 35
28 19 6 39
30 12 40 40
14 1 39 33
30 14 30 47
37 7 48 40
26 17 14 48
22 16 7 2
29 18 17 36
23 49 12 35
36 38 17 35
8 46 16 6
31 10 28 46
25 29 10 31
24 23 5 48
27 4 28 41
25 22 13 22
5 13 23 34
40 43 22 35
7 31 24 33
26 21 2 34
42 36 10 31
30 25 10 38
26 48 14 15
25 18 19 31
6 20 31 38
17 46 20 22
23 2 2 26
26 9 19 45
26 37 40 40
30 7 35 25
27 17 31 1
2 16 9 24
35 38 6 24
2 3 5 12
16 38 23 29
7 11 10 17
35 36 25 34
28 10 23 40
22 41 18 35
22 20 23 27
30 17 40 26
33 12 4 42
31 1 30 29
27 20 16 43
37 45 48 23
25 11 31 42
8 30 3 39
32 29 2 17
0 46 10 31
3 29 39 23
7 42 29 41
17 49 38 41
19 40 26 32
32 6 33 45
38 31 34 48
22 1 33 31
23 43 20 24
8 32 24 26
25 17 42 45
12 2 22 30
25 31 30 22
12 7 45 38
35 35 5 20
27 3 25 31
49 29 21 31
4 26 13 24
33 14 35 35
35 11 40 44
38 32 22 31
19 13 10 33
35 32 25 44
22 18 46 44
40 9 15 30
25 24 38 35
32 21 10 18
17 48 47 28
1 23 13 21
2 25 28 27
25 15 2 33
2 32 30 29
16 40 0 29
9 28 17 39
29 27 20 33
30 34 29 29
19 45 14 46
15 38 40 41
31 19 37 43
29 15 2 16
23 16 26 30
25 30 28 32
29 12 10 16
8 6 4 15
15 45 10 40
12 39 39 45
39 15 20 29
11 48 10 27
9 24 10 30
14 2 26 31
21 19 24 30
22 15 32 45
13 39 41 45
17 40 1 22
23 48 9 46
12 29 9 18
19 31 32 35
19 45 26 32
9 31 24 32
5 49 26 31
41 25 26 37
31 4 14 28
34 9 23 45
32 0 10 33
8 20 27 29
13 43 28 41
38 41 28 29
18 45 21 27
35 42 26 34
25 22 33 42
28 33 19 42
35 49 13 13
29 19 28 29
20 26 9 22
14 45 24 26
27 25 19 6
15 23 21 44
18 46 25 30
17 42 26 33
29 23 31 41
32 37 39 28
24 45 39 15
15 45 12 16
3 5 30 33
19 39 15 25
15 44 2 16
2 31 34 33
16 8 31 43
25 3 22 29
26 14 12 33
19 38 31 36
19 36 41 43
30 23 40 39
39 21 24 22
19 8 14 43
12 22 32 34
9 44 27 31
37 46 9 25
13 45 18 32
38 27 28 45
27 21 21 29
17 12 28 36
30 11 7 19
13 47 9 38
16 44 22 31
12 43 0 27
25 5 11 32
23 40 7 21
1 36 40 33
9 43 22 25
15 35 9 34
6 29 15 19
8 38 35 48
12 34 27 29
2 43 3 39
38 35 34 47
21 11 29 35
26 27 16 35
31 10 32 17
4 32 10 38
37 23 38 34
7 30 31 29
18 18 27 38
0 29 39 25
22 20 42 35
16 23 1 35
41 36 28 29
23 12 36 21
2 24 26 48
35 11 44 23
31 5 44 44
39 10 9 26
27 25 27 48
9 42 12 26
13 43 24 31
1 26 27 31
31 8 13 33
31 14 25 25
40 33 3 12
13 30 0 32
44 38 14 46
27 4 29 31
24 16 31 42
33 42 28 33
21 44 7 27
11 36 25 32
30 21 28 28
42 34 39 45
19 24 28 26
30 10 8 2
21 16 22 32
8 27 26 31
0 31 36 33
0 11 25 45
3 23 9 35
44 36 26 29
28 23 28 33
11 30 1 20
28 26 8 21
14 46 38 37
19 49 3 24
29 35 41 21
38 41 12 41
17 24 8 36
23 20 4 36
27 28 3 25
27 3 17 37
33 15 15 39
13 44 13 34
19 47 32 35
30 15 32 31
19 35 38 28
26 17 30 46
