50 143 13216 800
25 46 29 31
8 32 41 47
31 45 9 12
20 7 38 47
44 33 38 37
20 30 19 37
27 43 38 30
29 49 16 8
36 35 16 9
38 9 6 12
5 19 42 29
29 38 27 41
42 33 22 43
27 38 13 35
39 25 49 30
25 35 7 25
28 34 4 49
23 37 20 0
32 29 24 47
28 37 1 16
30 39 2 21
25 44 45 30
37 43 21 41
26 33 48 24
44 3 43 40
13 29 39 36
42 17 46 40
25 43 14 1
43 24 47 22
26 47 42 31
48 35 1 13
41 22 42 34
25 32 3 42
43 33 15 4
25 40 14 49
33 30 44 35
27 7 6 24
21 31 37 41
42 26 20 25
26 42 22 35
14 43 18 39
20 33 22 16
21 45 7 36
28 42 41 47
38 43 49 39
22 30 45 48
20 42 46 19
36 40 39 36
26 41 13 11
41 34 39 47
45 18 28 15
26 41 37 29
20 45 14 7
22 43 36 36
37 6 47 14
29 22 22 12
9 39 32 44
42 13 14 40
18 7 34 36
42 18 18 43
42 12 33 16
20 21 36 42
24 45 37 32
39 27 19 43
46 27 33 37
27 38 23 40
28 32 17 49
32 31 49 34
36 39 41 47
41 11 47 35
24 24 48 41
10 13 18 4
27 32 31 37
39 25 16 12
23 11 16 19
29 40 28 35
18 42 23 46
40 41 23 43
26 44 42 47
15 46 3 19
38 7 44 36
31 18 49 29
38 34 20 6
5 45 21 41
22 38 44 44
48 36 47 42
30 49 9 3
28 34 34 25
3 46 5 23
29 40 9 5
11 19 21 16
35 8 24 29
37 48 45 44
35 5 6 12
19 41 10 21
23 44 4 30
34 37 24 29
27 41 15 48
34 37 11 39
42 35 38 27
37 33 3 17
23 35 34 20
10 40 44 49
12 41 9 44
23 6 41 37
37 30 43 26
31 41 19 37
25 42 17 46
26 46 16 47
34 26 22 3
1 27 18 13
28 33 19 42
24 43 19 48
26 44 45 28
19 40 46 40
1 40 20 5
37 29 8 23
44 35 0 21
29 33 9 9
29 32 13 6
45 35 25 25
29 39 33 5
30 29 26 25
49 8 32 39
24 41 45 39
38 35 47 29
18 6 17 11
32 17 24 16
40 40 25 14
4 46 40 45
46 37 40 43
32 14 17 49
23 30 30 31
39 47 20 39
27 42 3 37
25 40 20 44
26 15 28 18
25 36 14 3
40 24 9 20
6 48 34 37
22 42 38 44
32 27 40 35
32 36 36 49
