50 177 15234 800
11 41 10 17
38 44 31 40
5 8 35 4
2 13 49 3
36 9 14 32
36 45 36 25
38 48 2 5
16 14 46 9
39 13 0 33
37 11 28 12
15 42 22 40
19 12 6 23
22 8 21 41
38 48 49 1
25 8 43 6
42 46 38 12
42 22 5 32
27 17 44 15
28 29 31 15
8 11 43 16
5 11 36 25
42 46 34 1
15 13 23 3
48 24 27 23
38 47 6 34
46 8 14 39
7 4 15 40
8 42 31 22
23 5 42 17
8 45 21 15
23 26 47 15
24 7 42 1
1 13 15 38
27 12 48 16
4 44 49 25
6 6 40 38
49 27 17 21
23 18 49 21
12 3 4 15
9 14 21 39
37 29 32 6
4 3 4 14
12 8 11 16
16 10 40 8
44 22 36 7
16 1 32 11
30 5 20 34
15 5 35 19
28 7 21 19
40 4 29 9
38 46 29 29
43 31 43 21
46 3 35 1
3 2 37 3
8 45 21 33
29 16 48 11
13 3 15 25
39 12 13 23
36 3 37 18
41 49 49 2
37 32 45 18
42 14 10 30
24 14 9 21
32 4 47 37
13 3 45 17
17 8 2 18
24 3 31 1
10 1 22 36
40 9 36 17
30 40 14 10
6 46 11 22
9 43 7 14
42 48 9 36
37 15 13 47
22 3 31 18
37 49 27 13
15 8 33 38
9 3 32 41
28 6 24 37
36 1 41 14
39 47 18 39
30 21 40 14
34 19 22 36
42 45 32 11
34 10 38 7
34 11 2 27
5 9 3 40
40 38 41 10
47 43 44 39
4 43 36 38
27 8 12 8
16 42 48 11
21 10 0 44
37 17 15 15
41 49 15 36
11 11 46 4
27 16 37 45
39 47 5 36
13 44 20 28
41 13 37 2
22 25 5 22
33 0 30 32
43 46 5 42
18 27 45 45
41 10 2 21
39 47 17 8
22 3 40 31
11 14 36 20
33 48 21 18
41 45 39 11
29 14 30 30
37 2 9 32
9 45 35 1
43 46 46 8
24 5 14 43
2 40 24 28
40 16 16 22
11 45 16 29
34 12 10 21
39 46 21 21
36 12 4 46
48 47 28 42
37 1 35 12
19 5 9 15
31 2 42 45
30 4 19 7
10 11 1 26
19 12 29 37
25 7 47 10
39 10 6 20
46 15 38 10
12 6 8 22
27 0 10 30
45 3 47 23
14 6 37 14
12 5 42 24
23 12 42 23
29 0 32 15
27 11 14 4
48 29 39 47
34 19 48 35
33 1 2 37
27 17 37 0
6 33 34 2
36 7 15 27
29 8 15 48
30 2 21 33
26 3 4 26
5 43 41 32
4 11 12 30
44 30 25 43
8 49 40 21
15 2 22 26
16 48 21 24
28 12 15 23
44 14 47 2
42 38 34 30
16 16 32 3
43 9 20 3
44 44 26 28
49 8 37 35
27 9 42 7
6 1 28 45
42 49 39 17
13 47 35 28
40 49 17 14
20 4 17 2
15 14 40 34
16 7 17 34
24 0 43 3
10 41 5 29
28 19 28 39
19 6 25 0
8 16 25 1
31 1 11 26
14 41 35 45
32 12 11 33
