50 90 17152 800
36 38 27 30
14 41 27 33
39 49 24 33
31 49 11 22
18 21 39 31
42 47 31 38
5 35 36 38
16 31 2 13
15 45 27 36
18 45 31 30
21 20 35 29
22 37 2 32
9 22 6 28
28 22 41 6
47 38 15 16
25 20 16 23
15 44 12 28
9 25 38 37
26 23 2 1
27 15 23 34
40 34 28 34
20 45 30 33
16 19 32 32
21 40 20 2
10 39 9 0
29 18 14 21
29 32 11 7
41 45 2 22
39 48 17 10
15 28 7 0
16 45 3 37
10 22 36 14
14 41 35 5
21 42 33 28
35 44 22 25
12 43 3 36
29 42 32 26
14 48 6 32
20 42 14 9
12 45 29 10
32 31 37 34
9 47 32 3
22 40 37 21
12 38 30 36
21 34 26 33
39 46 25 23
27 20 13 29
5 37 38 42
18 44 20 38
37 43 25 22
18 35 0 23
26 23 12 20
39 46 33 37
12 39 21 12
30 16 24 28
23 21 14 0
17 23 0 3
39 48 12 23
20 36 12 24
18 44 26 32
31 32 22 8
43 48 31 27
29 21 37 38
36 49 4 41
15 48 14 16
34 27 12 12
16 45 26 42
40 37 32 26
45 14 30 34
9 49 32 40
26 19 31 31
5 41 11 9
42 7 3 29
25 20 8 7
26 16 16 26
7 43 32 30
27 31 18 9
10 48 32 33
28 23 2 43
45 42 32 7
9 40 21 19
10 21 10 16
11 45 23 14
28 33 21 3
34 45 33 0
25 45 6 11
19 14 27 29
20 26 14 26
39 47 34 22
6 33 4 38
