50 168 17851 800
23 22 27 36
48 16 27 32
22 16 18 33
27 48 31 10
17 20 30 43
5 29 22 35
19 26 28 44
47 20 42 25
34 26 9 28
18 9 35 16
19 1 29 6
33 27 43 10
42 38 35 42
47 19 18 31
19 32 33 21
33 35 35 41
25 46 38 20
39 29 33 42
48 38 44 27
39 47 18 29
47 22 40 13
44 48 31 41
46 14 19 29
48 17 40 6
47 18 26 24
18 4 9 24
47 19 19 27
20 3 24 26
21 45 34 42
20 37 49 19
0 20 11 17
39 22 48 28
40 28 10 33
19 1 8 39
42 32 7 39
9 31 6 11
28 8 21 23
20 5 32 44
23 0 41 31
20 5 29 3
9 18 20 45
48 16 46 35
15 3 5 22
8 14 32 42
21 4 17 38
38 29 19 27
19 5 2 40
18 9 21 25
28 28 35 38
20 0 42 35
19 0 32 41
20 15 5 39
32 40 38 17
16 0 11 45
47 19 24 31
20 3 24 28
32 24 48 32
39 28 33 41
45 19 31 36
40 28 15 36
39 45 36 18
29 33 23 31
12 46 6 34
39 24 0 36
40 19 27 45
22 4 37 24
15 13 16 34
0 6 24 24
25 6 49 33
37 28 33 42
49 14 22 29
47 17 18 30
23 0 25 31
46 19 32 18
17 2 17 47
19 6 16 32
8 2 17 40
37 46 24 42
15 4 32 39
5 33 23 30
12 22 23 9
19 35 0 45
43 17 31 38
31 26 25 23
48 20 17 36
16 1 34 44
46 22 13 6
49 14 35 40
49 20 0 35
39 41 26 44
47 33 32 41
27 3 34 42
0 14 2 48
19 5 27 20
0 7 21 47
48 18 14 19
24 1 30 16
2 21 31 21
20 1 22 48
19 4 19 26
29 28 47 39
45 15 26 43
20 31 37 19
48 25 47 44
49 17 23 40
21 33 31 39
49 19 24 45
46 28 17 26
12 4 26 11
43 19 14 48
41 35 47 26
46 15 42 49
47 18 17 28
11 15 42 25
18 9 28 3
24 16 19 49
37 29 24 29
19 5 22 28
33 37 29 28
20 45 36 15
49 17 43 6
7 44 23 35
19 2 19 29
34 41 39 13
17 46 16 31
23 8 34 42
20 4 17 43
26 43 24 35
42 16 35 42
19 2 24 23
10 21 33 41
18 8 25 19
46 19 49 34
48 15 36 39
47 16 2 7
42 17 38 37
4 12 34 41
29 27 40 29
36 45 16 27
19 3 29 11
23 4 25 22
12 30 23 28
25 20 34 42
36 32 22 28
16 5 46 35
22 7 22 29
48 13 19 46
35 37 12 43
37 27 23 42
45 22 14 49
39 31 22 39
22 28 10 14
26 29 29 45
17 4 28 42
13 26 22 31
37 48 16 39
7 17 23 24
40 47 18 26
33 45 32 7
23 3 2 39
31 37 20 47
40 23 19 27
26 32 20 29
10 11 8 31
45 15 30 40
35 28 37 39
37 33 7 44
18 5 16 34
