50 115 18071 800
20 48 16 30
7 2 45 35
41 43 28 37
19 40 39 26
3 3 24 46
1 0 41 41
15 47 22 40
6 45 40 30
2 4 13 45
9 4 17 48
48 38 20 44
10 27 33 17
11 35 12 18
46 39 46 20
6 2 28 45
20 41 11 43
11 49 38 32
30 41 42 12
3 2 42 36
41 30 20 48
10 0 27 34
43 17 27 14
14 46 25 43
32 41 21 34
41 48 49 28
5 3 31 36
35 8 40 35
0 19 12 25
19 49 36 22
18 35 20 31
22 27 44 10
1 4 49 18
12 41 41 16
25 11 18 45
2 40 12 41
33 35 45 12
46 9 32 31
20 22 13 4
17 44 42 21
41 6 13 26
18 35 41 19
45 44 28 45
2 46 32 20
28 24 17 48
2 1 33 47
30 42 18 24
2 3 22 44
49 19 25 46
30 24 36 8
16 34 11 43
8 31 25 44
2 23 22 41
20 33 36 23
8 29 32 30
40 13 36 10
3 44 46 42
31 40 31 18
13 21 30 39
40 0 19 45
46 7 31 21
48 38 32 41
4 1 40 1
5 6 28 25
1 6 29 45
8 7 30 34
16 43 39 29
6 30 28 46
30 39 28 45
35 39 26 37
7 36 28 45
35 29 24 46
7 4 45 32
39 19 31 47
13 37 27 43
25 7 32 40
19 22 42 37
30 38 22 49
9 2 25 27
12 18 39 25
5 5 31 7
8 33 19 48
1 5 20 45
17 28 11 49
10 2 44 31
45 47 48 26
49 33 19 39
44 22 13 0
29 49 27 43
46 29 34 38
8 35 38 39
28 43 41 20
28 44 19 44
34 19 33 23
42 47 26 36
26 24 25 45
22 24 35 20
44 12 30 32
17 3 41 25
16 12 28 41
23 37 49 28
3 6 28 46
30 24 19 31
7 3 20 48
44 36 34 39
1 12 28 43
47 34 25 25
2 1 14 34
9 30 19 42
10 3 24 21
9 49 47 23
22 35 48 22
10 49 34 12
38 46 16 42
10 11 39 24
19 14 23 39
