50 505 18482 800
30 9 19 43
17 46 7 29
43 33 23 17
23 12 39 7
41 32 24 30
20 43 5 43
23 49 13 19
28 49 15 12
45 36 11 4
43 40 18 33
23 31 20 37
42 2 2 43
33 42 16 42
34 14 13 35
15 32 10 45
36 28 11 36
29 9 38 39
38 4 18 12
24 45 23 19
30 4 17 4
27 17 6 23
34 11 46 11
32 2 22 6
4 8 23 16
27 40 33 16
15 6 21 9
37 46 24 9
45 8 0 49
38 7 18 33
47 14 14 40
40 17 15 12
30 27 12 43
20 45 7 35
35 32 26 48
18 38 21 14
41 49 22 45
45 18 16 34
26 27 0 45
21 47 41 29
5 35 35 13
47 20 17 11
26 46 25 5
18 13 10 14
25 46 11 41
32 48 15 49
38 8 15 43
29 30 46 23
39 1 2 44
36 24 3 45
44 45 22 23
36 36 22 15
47 22 23 34
23 44 21 4
45 14 24 16
45 6 16 42
18 22 22 25
36 13 2 48
27 11 27 19
39 7 6 7
23 36 13 47
37 30 8 29
47 23 47 29
37 37 20 25
45 18 31 49
45 17 23 0
10 17 41 27
26 19 24 14
43 14 18 39
45 10 9 11
36 48 20 45
24 39 29 47
34 2 3 11
27 46 15 14
20 14 31 5
40 2 12 8
41 36 19 14
23 49 15 15
29 13 21 19
39 11 32 27
21 40 18 9
21 27 34 38
35 16 23 24
40 2 18 48
48 0 21 8
31 25 19 6
37 24 5 30
25 40 23 7
46 21 23 27
3 16 27 15
43 15 14 40
25 40 21 6
22 43 18 5
44 31 26 0
16 32 23 2
30 7 3 48
33 11 3 40
22 13 38 5
24 4 10 16
45 10 11 16
28 41 21 45
31 8 13 35
30 36 48 19
30 49 13 22
45 17 14 38
47 15 31 45
26 41 31 12
17 46 27 12
46 20 10 13
24 47 18 9
32 35 26 19
34 49 38 3
33 43 13 48
20 47 18 10
32 12 42 8
29 21 33 4
37 17 6 47
49 12 5 46
34 39 11 33
30 49 14 39
47 11 11 35
21 11 37 27
28 24 21 6
26 37 23 5
38 43 27 17
42 3 2 11
30 49 39 9
9 26 21 41
34 11 15 46
17 8 12 49
18 5 9 38
41 47 24 13
15 36 3 45
44 27 32 32
15 45 26 25
32 20 14 40
30 12 4 10
34 32 34 10
36 25 15 38
30 39 29 17
47 12 25 11
25 8 37 36
32 31 13 34
24 41 28 37
33 13 10 40
22 31 21 19
35 46 15 49
42 22 22 24
49 24 34 29
33 44 23 17
24 20 45 0
41 27 16 11
36 30 21 27
24 49 27 38
18 8 31 10
33 13 9 4
21 22 19 10
27 48 5 42
30 34 13 13
14 18 13 14
26 0 17 47
42 5 3 47
46 10 16 11
27 21 19 23
35 3 31 16
46 2 11 15
34 32 33 7
38 12 28 1
41 19 16 15
26 47 27 25
31 44 25 14
37 46 4 42
49 18 31 9
26 46 18 1
32 11 11 17
25 13 35 13
32 37 7 49
43 26 20 40
28 41 11 48
35 42 15 46
47 47 10 0
38 25 22 11
17 28 3 45
49 17 19 41
38 7 10 35
32 40 19 12
31 22 5 44
29 37 41 20
29 45 19 14
24 10 12 4
47 37 15 44
29 25 23 31
1 5 27 17
45 19 16 38
33 3 14 45
38 24 14 9
19 41 20 14
37 41 20 15
45 4 22 10
17 24 29 46
33 14 2 36
36 17 12 32
39 1 19 9
37 35 13 49
32 46 30 10
41 7 28 20
31 23 26 25
34 11 13 44
41 34 16 42
45 6 45 17
44 10 2 36
31 9 40 31
39 12 8 20
36 30 7 18
29 14 44 13
43 20 6 47
5 4 15 39
19 47 14 15
21 46 4 10
36 13 8 43
44 43 23 19
25 7 48 13
38 30 23 18
26 30 18 11
32 10 31 33
15 40 18 38
48 19 4 42
20 33 20 13
29 48 15 11
37 25 22 9
24 1 28 44
26 38 14 44
24 6 13 34
30 33 22 21
36 22 20 45
31 25 18 14
39 13 14 12
34 13 12 17
26 2 39 23
32 6 11 48
34 19 11 46
44 39 3 49
40 40 1 41
31 46 23 26
40 20 17 5
25 40 16 14
48 20 6 41
23 14 5 5
20 30 11 47
20 45 20 34
27 18 11 5
34 32 38 37
29 46 1 47
28 48 9 3
43 2 36 29
33 1 35 24
29 19 9 30
48 0 2 46
27 39 23 42
21 31 38 19
33 37 15 7
35 8 9 41
45 16 9 41
24 39 43 26
23 49 18 19
39 31 41 8
28 42 39 25
32 3 16 11
40 23 17 12
39 29 16 8
42 21 21 22
32 21 19 13
40 10 30 10
34 45 20 9
37 7 27 18
13 4 9 49
16 40 19 34
25 45 16 23
47 16 15 43
27 45 15 43
29 44 21 35
31 49 35 15
37 16 44 20
25 37 14 14
36 38 16 48
29 3 26 45
21 38 15 21
18 49 16 45
13 13 5 44
27 8 26 15
32 3 3 42
40 30 17 35
22 47 0 47
27 43 37 27
40 39 15 10
43 33 39 11
47 46 14 13
28 45 22 42
36 19 41 12
25 7 15 42
30 32 29 8
23 40 7 40
37 9 40 29
15 40 18 36
26 20 13 39
22 46 22 10
49 30 21 18
33 48 13 12
33 32 16 12
45 34 8 9
30 37 38 38
46 5 10 42
37 25 47 15
24 37 25 6
42 18 45 28
21 47 33 32
34 41 11 35
45 1 19 2
43 18 28 37
47 5 39 10
21 44 34 1
48 30 18 36
30 1 23 34
39 26 5 11
36 44 36 16
44 15 0 46
48 20 20 40
23 18 6 11
29 15 21 2
31 45 0 42
31 3 16 42
45 17 28 3
41 9 49 27
42 9 25 33
35 42 26 8
24 45 29 36
44 8 17 10
39 39 35 38
29 22 26 15
41 48 3 36
15 27 15 46
38 46 20 3
39 9 3 46
25 19 43 34
20 6 31 8
45 24 47 12
49 3 19 8
40 16 22 14
31 19 22 2
22 19 14 5
23 21 21 1
34 44 15 33
13 49 7 16
44 46 33 41
27 42 18 18
41 14 12 45
16 39 23 37
41 36 21 47
25 24 11 32
32 7 17 16
19 41 4 44
34 14 13 7
41 46 17 14
32 40 20 17
27 9 48 15
42 46 18 48
37 25 26 38
44 13 11 40
47 3 15 23
49 8 7 11
36 6 12 2
28 37 31 22
32 5 8 44
37 0 8 38
31 37 9 44
44 32 12 48
22 17 18 42
27 48 6 25
38 12 32 48
26 31 22 17
49 19 20 17
40 2 21 46
44 15 23 14
27 45 13 45
25 43 14 44
31 17 7 47
33 0 39 20
32 28 17 13
30 9 26 14
42 1 42 7
33 46 0 46
29 1 8 16
41 12 6 26
36 21 29 45
31 0 30 16
27 21 46 21
26 12 19 9
27 12 11 12
39 4 27 49
28 17 26 32
30 12 11 8
41 22 19 40
34 24 31 7
18 9 4 48
31 3 21 38
44 48 0 43
22 8 45 33
32 43 44 23
47 24 9 27
27 41 25 47
32 26 24 21
45 43 16 49
39 0 21 49
32 46 13 2
28 46 11 34
29 10 31 32
17 1 40 44
38 12 9 42
37 8 40 22
25 9 8 39
40 14 20 49
18 37 20 44
28 45 21 46
37 31 47 49
23 42 33 33
45 20 20 6
20 42 26 2
41 27 8 6
44 15 5 32
39 8 44 12
44 33 20 25
37 22 7 3
10 20 6 38
34 47 20 10
47 3 13 47
21 44 28 14
35 34 31 46
20 36 32 12
17 31 17 14
44 5 7 39
35 4 2 48
43 29 20 14
44 37 13 38
31 16 44 27
22 9 39 2
27 42 0 45
30 49 21 10
23 40 33 35
25 13 19 31
20 39 2 29
32 44 11 27
38 7 22 15
36 9 37 47
26 12 45 10
39 14 33 7
46 25 3 44
44 46 43 28
37 10 28 4
30 9 19 11
31 46 42 30
46 27 9 43
22 15 32 13
34 38 23 48
32 24 24 5
35 29 17 2
32 39 12 49
28 10 30 42
44 0 18 37
33 18 5 46
1 4 12 38
40 40 12 4
21 42 25 19
36 1 3 47
6 12 29 46
22 11 15 47
8 17 43 16
20 34 7 46
39 37 36 27
33 34 14 33
39 9 14 17
37 26 18 8
18 15 2 43
48 17 16 12
43 0 16 48
23 38 0 44
40 16 15 14
30 26 9 34
31 45 16 49
37 10 11 47
44 13 39 12
48 21 43 22
37 5 21 17
49 44 3 42
16 17 16 37
33 28 7 46
10 4 22 43
41 4 49 40
33 22 14 42
22 49 14 42
37 40 22 36
45 35 24 9
27 3 28 16
30 17 32 8
19 49 5 49
27 31 19 8
33 16 13 13
