50 1012 11892 800
32 26 21 25
24 48 23 2
27 37 12 39
27 32 22 21
28 25 32 26
39 17 25 36
25 17 30 9
13 31 36 34
16 20 46 0
35 17 43 28
16 33 23 4
29 33 19 40
24 28 35 19
11 19 36 30
22 29 44 25
13 36 42 0
9 16 30 36
18 19 20 42
18 35 19 10
18 6 27 11
40 26 13 10
3 37 14 12
28 27 5 3
31 39 28 27
15 35 13 0
44 5 33 2
31 35 31 4
8 29 26 32
34 47 16 19
48 19 32 10
35 0 20 29
20 15 48 29
30 20 30 6
7 30 26 42
18 47 25 49
27 38 0 33
16 33 15 45
34 43 13 47
39 46 34 49
13 32 16 4
28 40 13 39
39 43 40 29
19 44 31 1
32 34 26 10
25 49 10 33
37 34 5 29
37 30 35 37
9 46 45 16
36 9 13 18
35 48 43 11
1 43 21 48
14 40 8 5
38 11 22 20
22 27 32 3
37 35 12 30
23 24 39 36
27 23 40 16
34 46 38 17
16 26 29 13
25 25 20 17
34 49 34 13
49 20 21 14
35 42 29 5
6 9 29 9
33 47 29 23
13 35 34 31
37 43 25 42
6 17 39 20
4 35 11 19
29 22 0 33
38 10 14 29
27 25 18 23
33 43 30 36
38 33 13 28
31 27 30 7
41 39 28 35
34 10 19 25
7 28 1 33
3 29 31 43
8 27 28 5
32 47 31 2
13 33 38 10
47 13 25 31
9 37 24 34
34 32 31 5
5 23 22 34
33 39 26 15
18 25 31 34
36 41 32 2
26 42 29 38
14 23 41 6
17 40 32 35
43 44 11 46
28 47 33 6
33 46 31 14
28 24 31 11
35 40 33 5
32 37 22 18
5 11 19 28
14 23 8 39
43 44 34 18
9 33 28 31
17 35 34 5
32 38 38 0
24 45 37 15
21 26 14 17
16 21 9 25
19 49 23 45
11 27 22 36
36 17 27 5
34 28 29 8
21 46 14 40
23 37 7 19
41 30 33 35
40 23 37 8
12 30 32 13
7 21 20 12
36 45 9 49
24 6 45 28
39 41 21 31
22 20 34 25
36 21 39 14
22 34 29 13
9 33 21 36
29 34 30 11
35 47 26 43
25 29 33 3
30 9 23 5
43 39 10 31
36 31 32 27
7 29 22 31
31 38 10 21
18 20 36 23
23 15 23 44
10 25 39 26
7 47 16 21
36 18 21 41
14 25 20 14
6 17 22 11
24 20 28 13
43 29 36 2
43 16 42 8
45 37 40 34
23 28 17 38
36 47 26 35
12 31 34 7
29 11 36 5
47 45 14 0
41 30 40 34
14 39 24 11
24 30 23 6
30 45 34 39
32 47 32 2
14 37 38 18
19 33 7 26
18 1 28 13
27 27 10 8
15 34 43 14
42 34 15 11
17 35 4 26
15 33 33 15
33 46 24 12
8 19 28 4
20 28 14 24
14 11 33 6
37 40 33 7
30 42 26 11
21 39 24 37
33 47 34 0
46 33 29 33
26 8 14 24
13 14 14 25
3 31 33 14
39 35 41 20
21 30 11 20
5 31 21 5
33 38 42 7
27 45 22 34
4 30 26 26
22 45 38 9
47 35 24 12
35 39 25 2
9 41 19 24
33 41 25 34
28 27 13 34
4 34 22 33
40 39 21 15
22 28 7 19
14 39 7 26
12 20 1 30
25 39 36 18
44 40 24 35
24 35 28 9
40 10 12 45
29 23 35 10
49 32 26 18
48 33 45 19
40 35 39 8
36 47 37 27
47 24 40 14
28 35 23 21
3 32 34 43
32 20 36 6
19 39 46 11
11 14 27 11
13 19 28 45
15 21 39 25
18 28 43 21
2 37 6 31
27 29 37 7
47 6 35 29
14 24 13 39
37 35 37 4
36 49 27 8
22 15 15 37
21 25 38 4
4 22 30 6
37 45 24 2
3 18 36 15
21 25 29 1
37 49 16 29
38 46 31 28
18 21 35 2
30 39 19 26
35 10 41 12
30 19 33 39
29 22 16 24
33 42 12 39
15 32 23 41
21 17 22 9
0 48 26 13
25 18 41 6
25 34 35 2
32 11 30 33
36 30 29 5
36 37 37 19
34 48 27 11
38 48 34 2
9 45 30 6
32 9 23 35
37 19 34 33
37 47 32 34
34 9 30 14
36 9 36 20
29 14 25 11
39 24 21 8
35 32 20 31
40 34 27 26
10 20 35 8
29 47 34 9
26 38 33 11
34 45 30 38
18 34 17 41
32 18 16 22
3 36 26 39
37 19 34 10
34 21 31 28
9 43 23 29
21 26 31 12
32 31 39 24
29 18 35 6
26 14 45 14
34 30 29 4
34 45 7 26
46 46 25 6
7 14 27 27
11 29 10 11
34 21 34 36
23 32 35 32
12 30 8 5
36 26 47 20
33 44 28 37
44 41 20 32
46 34 12 24
39 25 30 14
31 38 29 6
49 31 13 28
37 46 25 3
18 16 28 14
25 27 3 13
16 39 9 40
35 44 40 0
11 46 12 5
38 45 29 3
38 46 28 19
10 30 24 45
34 43 30 42
34 21 13 34
27 40 18 35
17 36 29 42
12 30 45 23
23 19 28 1
29 18 40 21
23 38 31 1
23 41 7 6
35 49 9 39
26 40 35 35
13 41 14 34
25 44 22 15
42 39 30 5
18 27 8 36
20 30 20 7
34 49 41 18
5 36 14 16
41 23 26 10
20 33 26 37
26 47 28 17
30 45 31 12
16 39 13 34
19 23 11 0
42 12 33 3
35 29 5 13
34 20 20 25
48 27 21 11
38 28 31 10
40 33 17 11
47 6 8 25
28 44 28 14
39 15 2 22
26 15 33 5
27 21 12 25
36 14 15 15
46 2 35 44
17 33 34 0
35 47 20 16
31 14 39 35
21 34 30 30
35 46 29 26
36 38 6 12
5 30 13 31
28 39 19 21
34 21 43 24
40 46 27 37
44 44 22 13
23 30 31 10
42 45 33 31
31 17 25 8
16 27 27 38
42 19 16 2
17 45 27 8
28 38 21 11
40 27 35 11
29 14 16 33
26 30 23 23
3 27 26 11
40 30 29 3
48 35 10 10
27 8 17 8
15 41 35 7
28 24 23 10
28 3 16 15
36 19 29 7
39 35 34 22
32 32 32 18
23 22 8 26
23 41 15 27
17 27 43 26
38 31 20 7
29 19 3 41
30 17 4 39
18 40 21 10
39 36 12 5
43 21 16 39
34 22 23 41
22 23 31 22
25 27 31 35
47 22 28 26
32 35 28 5
43 26 28 0
24 42 25 27
23 32 24 3
40 12 6 21
11 27 17 46
28 35 13 16
42 42 11 11
8 26 32 33
8 12 35 7
0 17 29 4
35 33 1 28
39 46 32 7
43 37 26 5
16 39 21 36
17 35 14 18
34 34 1 25
35 34 17 26
34 47 10 33
43 44 34 39
49 38 7 15
24 13 18 21
27 46 18 5
47 1 28 3
19 2 35 2
34 38 5 33
9 31 26 32
45 14 25 28
16 19 30 24
18 22 17 43
37 48 46 6
40 46 24 5
11 17 9 32
27 36 43 39
31 19 16 22
3 27 21 43
32 44 19 9
19 32 19 5
23 23 6 26
41 8 35 28
34 25 36 14
48 17 24 34
35 36 16 36
3 36 0 39
22 31 38 10
41 36 12 33
43 12 12 24
18 39 31 25
44 26 27 5
8 31 13 30
20 41 11 38
24 45 29 1
33 2 30 9
34 21 30 40
39 32 4 20
34 45 28 9
28 34 18 21
0 18 13 39
16 44 31 3
8 46 28 21
22 42 43 7
26 20 1 4
32 48 31 9
38 47 30 4
18 26 29 9
3 24 21 45
42 38 44 9
22 22 36 26
23 36 33 7
43 42 22 12
26 47 36 36
41 25 3 28
27 36 35 42
21 32 34 38
37 45 34 4
38 49 39 6
11 21 21 31
17 44 36 37
47 22 39 2
44 36 48 26
35 17 21 48
28 32 26 23
39 44 33 38
37 21 41 24
21 43 13 4
33 20 32 11
12 18 15 22
15 33 26 15
23 48 33 0
43 34 33 38
20 29 28 1
43 19 7 26
46 34 32 2
34 38 27 27
47 6 15 45
6 30 20 6
28 0 30 23
30 40 40 11
22 25 16 42
33 42 24 5
18 36 29 39
9 29 11 34
47 36 32 15
29 20 28 39
44 20 33 17
25 1 40 11
42 45 32 7
27 29 24 23
17 38 3 33
44 28 28 6
47 41 2 34
42 49 27 0
2 15 47 4
28 29 23 8
20 17 28 35
24 7 23 18
20 7 25 6
20 38 11 33
16 46 32 10
25 27 32 21
2 33 10 25
16 18 13 33
14 13 6 28
37 21 31 6
34 44 22 18
19 28 27 3
32 25 29 38
27 35 36 9
43 33 24 3
25 14 33 3
18 31 41 42
13 22 45 21
35 38 25 6
19 24 20 15
37 13 41 42
19 43 36 6
7 19 35 5
47 30 25 14
36 42 23 23
24 23 22 14
20 43 26 7
46 19 21 14
9 39 17 11
47 8 30 4
4 12 31 26
34 31 20 24
45 48 32 35
38 45 8 30
9 26 25 6
23 30 36 21
33 46 37 7
20 37 33 34
29 42 49 9
18 22 30 8
40 41 37 17
45 33 38 3
23 23 35 13
13 44 28 11
42 42 35 27
41 28 0 2
23 39 27 7
48 15 31 10
9 26 43 26
29 23 22 31
47 29 37 37
17 16 24 19
29 27 13 27
2 17 17 12
17 22 30 29
37 30 31 26
41 17 17 37
39 43 9 3
1 29 31 28
35 29 29 34
37 31 26 23
36 5 25 7
24 22 25 7
31 33 18 13
27 40 4 19
27 36 20 26
31 47 38 22
41 47 41 38
19 17 35 25
24 26 20 37
29 45 6 30
27 45 31 33
42 44 17 26
5 13 14 31
18 42 31 8
34 44 13 39
41 40 34 18
15 46 27 35
30 24 32 34
18 25 29 6
27 46 28 37
43 41 33 26
26 40 36 6
23 27 37 10
32 34 36 22
12 3 33 42
38 33 26 26
24 8 7 23
34 19 0 37
21 41 29 43
37 44 30 29
24 27 12 25
26 14 22 24
31 35 26 4
45 37 13 30
33 36 33 17
33 36 18 29
46 31 16 33
27 21 19 29
8 48 40 18
20 39 36 28
27 32 23 11
34 49 31 36
38 38 18 46
22 40 23 48
36 25 24 24
28 23 32 25
18 27 11 22
38 37 42 4
34 35 36 39
5 35 39 19
12 36 23 37
25 39 44 10
22 28 31 5
45 41 27 13
10 9 26 8
3 29 11 2
30 37 38 29
11 27 4 18
37 18 7 5
38 28 27 28
27 25 34 16
30 27 29 16
27 25 5 11
36 24 29 9
23 39 29 9
26 30 15 36
28 43 20 24
30 4 37 11
48 4 1 45
20 48 36 12
36 46 30 40
33 35 31 0
28 44 26 16
34 13 30 22
38 31 10 20
35 49 27 6
9 9 41 6
5 33 38 0
17 37 23 5
37 32 37 23
26 8 12 35
8 26 30 18
32 45 36 18
26 42 33 21
12 19 45 19
12 20 39 13
17 45 24 36
26 42 13 24
42 11 12 32
16 23 35 31
13 36 2 32
15 14 30 4
36 37 6 24
46 31 34 3
14 34 27 6
7 33 37 3
9 17 2 23
12 32 35 31
10 43 40 30
39 32 30 11
27 48 37 17
1 10 37 19
26 27 25 1
6 28 5 17
48 27 31 4
36 43 21 29
42 32 31 36
45 36 23 24
28 32 36 5
14 29 48 17
14 4 23 6
46 18 13 28
37 35 9 31
40 21 23 8
26 49 13 31
42 20 25 7
23 33 33 35
15 28 27 37
40 45 25 36
39 35 22 28
35 43 20 12
49 39 37 7
28 35 34 33
40 43 8 28
14 20 30 37
10 35 7 20
35 24 12 16
28 47 30 40
26 12 5 18
36 11 16 20
29 30 26 14
38 40 28 5
12 24 7 43
37 23 30 37
19 36 34 29
8 46 29 25
24 12 36 22
45 31 9 34
29 32 31 2
32 39 19 1
43 41 41 7
29 49 29 16
25 20 18 25
32 42 17 12
48 22 14 9
21 45 41 12
31 29 4 26
18 14 23 15
29 47 22 13
31 35 28 30
27 24 18 29
31 30 11 24
46 33 31 33
22 21 31 9
15 46 25 28
16 16 23 17
13 41 6 48
47 35 41 7
38 33 23 29
32 38 18 13
46 41 24 27
16 24 16 30
39 36 43 9
38 43 39 35
27 37 29 41
28 31 31 35
15 14 35 41
47 38 23 8
23 35 32 19
25 18 36 3
38 22 40 18
36 48 33 33
34 47 14 36
28 20 5 25
27 18 15 44
23 43 14 12
46 33 46 12
16 24 28 6
39 20 16 16
31 40 18 36
4 19 24 29
48 0 30 13
32 18 29 2
16 49 32 1
37 39 30 2
6 34 18 8
37 31 8 24
47 38 29 38
17 25 6 36
27 42 26 1
37 41 8 18
9 40 14 26
36 38 29 18
44 33 21 27
33 49 17 46
7 26 39 19
7 13 18 15
20 21 16 41
47 31 29 32
43 38 29 3
42 34 28 9
36 34 36 6
31 44 35 37
32 21 29 0
14 47 27 36
23 21 24 32
39 27 7 42
46 44 28 20
38 43 28 34
31 21 24 1
23 38 28 1
27 35 16 5
17 40 5 24
16 15 37 26
44 28 23 18
32 26 10 36
19 31 25 9
19 27 6 26
39 28 33 34
40 45 26 2
26 26 26 18
24 38 32 7
37 25 5 27
40 41 33 14
29 32 29 22
36 31 2 25
45 21 31 7
42 46 29 36
32 41 22 7
47 43 34 3
4 22 22 4
36 39 37 16
34 39 33 35
20 19 26 20
27 47 36 12
5 35 14 41
17 32 26 2
12 38 41 14
5 15 39 33
19 18 8 24
34 33 3 36
33 14 22 35
48 42 34 0
19 38 27 12
47 22 36 37
4 29 0 36
18 35 0 33
37 49 22 41
33 35 4 38
27 16 13 25
24 31 13 28
22 14 34 0
33 35 28 31
45 42 7 18
19 34 36 2
18 28 39 37
27 31 9 1
16 18 10 23
42 38 24 9
27 28 8 41
37 46 26 11
29 32 30 3
42 47 22 15
14 37 20 20
26 21 41 24
22 39 7 49
32 30 34 34
15 19 39 12
20 24 29 31
17 43 36 12
46 33 19 30
19 23 30 4
30 42 22 18
44 10 15 47
12 22 19 0
27 32 22 29
13 27 20 11
26 46 28 14
17 30 22 46
20 28 25 13
40 31 18 44
5 26 39 28
43 42 27 12
26 42 40 33
41 38 9 14
26 30 41 41
47 26 34 23
14 43 11 29
36 19 39 2
39 15 47 22
42 34 30 5
15 45 20 27
35 40 18 37
26 44 49 8
13 19 35 22
33 28 16 22
15 46 18 22
33 38 23 31
42 11 33 32
42 29 36 28
35 39 23 37
38 49 11 14
32 42 12 12
39 45 33 10
42 25 27 6
9 29 33 4
10 15 21 12
34 36 31 34
21 25 1 17
25 31 35 35
31 15 28 7
34 48 17 31
30 27 46 6
19 32 25 13
11 19 27 32
4 24 36 33
6 33 43 11
35 30 24 22
26 40 30 12
47 46 31 41
8 19 27 33
19 46 31 21
49 19 29 2
25 26 31 5
40 12 20 10
24 43 29 24
21 11 14 30
25 49 42 18
39 41 34 20
14 29 10 13
33 46 32 5
25 29 20 20
6 20 27 18
16 44 32 32
26 27 29 23
45 23 42 28
42 15 9 36
26 23 26 28
44 46 34 10
28 26 35 9
39 46 19 6
2 23 18 37
47 8 21 21
46 39 43 16
48 38 22 10
41 38 24 47
24 44 35 21
37 48 26 7
19 32 26 30
19 40 32 10
37 27 10 36
44 23 6 30
29 12 24 18
42 26 15 43
15 14 21 17
28 32 13 9
17 21 34 14
19 35 15 13
37 25 39 40
31 41 33 14
16 33 40 5
9 28 36 19
27 28 24 23
41 42 37 26
11 24 21 36
34 23 22 2
23 49 45 35
18 47 12 32
38 31 5 3
36 35 10 24
36 45 36 1
12 18 18 18
48 20 36 6
14 17 41 13
14 44 27 21
41 29 33 1
29 27 29 37
41 22 26 35
35 49 30 26
42 42 21 11
34 36 29 2
36 16 25 10
32 49 31 28
31 46 30 38
27 37 30 31
11 32 21 35
40 29 29 19
22 28 37 25
49 39 25 4
20 21 14 21
30 43 39 25
36 46 47 2
32 44 18 28
27 19 34 37
40 35 32 2
36 22 23 45
38 29 30 22
34 20 1 26
30 49 49 20
24 27 16 28
33 44 34 5
22 19 32 4
24 20 41 38
33 31 12 40
18 18 41 32
11 16 24 44
14 2 29 8
15 44 20 19
34 41 42 29
32 34 23 29
29 31 39 40
43 37 27 10
42 43 41 9
29 33 33 27
32 30 34 7
38 39 28 1
45 39 42 9
47 45 27 3
32 48 30 11
30 14 24 9
14 37 28 19
38 47 34 34
7 25 19 29
36 26 19 34
43 22 23 9
27 48 29 40
8 24 21 18
25 25 7 10
46 44 28 15
31 20 29 33
24 26 21 14
33 43 26 31
30 23 1 33
34 42 29 10
42 17 21 21
42 33 21 24
23 27 33 23
10 25 22 0
45 48 9 22
34 44 28 9
39 48 21 4
36 45 20 31
46 28 7 26
24 19 13 12
19 29 30 11
35 46 21 16
47 10 22 29
19 41 36 38
38 33 7 35
25 40 9 13
29 25 38 20
41 36 16 13
29 47 33 17
47 18 6 7
31 11 47 36
44 45 31 30
27 11 24 2
17 21 37 14
13 35 25 15
45 43 33 34
11 45 7 41
39 34 25 11
45 21 29 3
28 26 30 31
25 30 22 9
34 48 29 7
16 27 18 38
38 42 37 19
34 30 18 33
34 16 47 24
