50 87 16352 800
41 9 44 28
32 33 13 4
25 19 42 33
20 24 25 36
14 30 40 32
29 30 13 39
40 11 32 27
29 22 43 42
29 25 22 44
33 11 15 48
39 11 43 40
8 40 30 32
23 16 17 40
31 30 2 2
36 18 19 5
15 25 37 29
23 34 26 26
19 32 42 34
34 11 38 28
10 46 41 35
38 8 16 48
19 16 42 31
15 12 24 44
25 10 38 39
15 33 46 31
0 20 42 42
24 24 15 2
27 27 13 32
22 42 30 23
16 40 12 42
9 21 44 33
33 6 42 31
24 19 29 42
0 41 2 6
18 19 43 23
27 33 45 34
14 34 22 27
0 6 41 30
0 36 22 38
11 36 18 28
37 10 38 24
18 2 3 8
25 17 40 40
32 25 10 23
21 31 31 41
28 14 6 3
19 28 18 40
28 23 43 37
19 28 8 37
25 17 37 39
32 13 36 20
18 23 41 27
32 19 17 29
25 23 24 37
2 27 36 23
26 23 40 26
3 40 39 27
36 33 41 30
15 41 21 17
17 24 40 31
2 23 16 7
30 37 36 38
42 14 15 35
26 26 12 48
13 45 36 21
16 36 21 22
26 9 7 20
24 21 36 24
18 37 46 23
17 32 20 45
37 7 7 17
19 13 40 27
9 43 19 35
26 22 47 37
20 19 8 2
35 49 18 37
38 14 44 38
32 17 49 36
29 33 4 48
15 16 32 33
1 40 39 18
20 34 39 20
30 29 12 29
30 10 9 40
22 19 18 37
9 16 47 31
14 49 47 38
