50 1503 12369 800
0 37 21 22
33 43 38 40
28 8 7 39
36 5 48 18
22 4 42 17
20 11 15 21
8 19 18 34
25 20 24 13
29 43 45 29
3 32 43 19
9 23 38 4
29 19 26 41
25 11 40 43
32 13 26 47
7 3 20 36
37 31 49 46
36 12 21 43
6 25 5 47
36 9 41 35
17 7 32 24
16 21 11 48
25 41 33 33
10 22 22 40
33 20 20 38
39 33 24 42
11 13 17 45
3 6 43 11
26 20 44 13
47 34 10 49
48 29 20 13
23 5 30 35
5 17 39 45
8 46 30 48
13 29 24 35
14 3 28 48
36 12 38 38
15 9 16 49
38 37 32 8
34 14 4 18
36 13 5 11
44 8 29 28
21 29 42 44
1 38 28 42
25 3 44 38
4 39 46 31
13 16 15 28
31 22 49 27
12 44 27 40
25 30 32 17
31 15 41 40
30 28 16 44
41 27 24 43
18 9 31 42
33 7 13 39
15 27 5 45
42 42 30 44
0 38 43 14
30 49 38 34
18 27 12 42
33 13 25 26
5 0 36 40
3 22 46 25
10 12 31 38
16 15 42 42
48 12 17 38
5 39 9 38
39 36 48 36
26 18 34 47
3 22 39 38
24 17 25 47
31 16 40 21
47 32 39 45
15 7 46 36
12 10 48 26
44 37 41 46
12 5 32 2
4 28 43 49
20 31 25 28
21 38 32 46
25 5 7 34
11 19 15 42
36 35 38 21
19 16 15 46
11 28 20 40
9 31 29 36
13 20 27 15
33 16 12 37
23 12 23 42
44 19 17 35
35 9 44 40
42 18 12 24
11 12 19 17
48 20 14 44
26 21 41 15
21 11 40 36
22 13 32 41
21 10 29 30
22 45 38 23
29 33 12 8
31 40 27 44
11 17 14 30
35 4 22 35
32 7 32 32
32 12 42 28
6 24 2 29
25 2 46 22
20 30 42 13
25 12 23 41
28 29 35 12
45 4 14 34
14 24 38 10
17 26 35 20
21 29 2 14
19 11 37 21
18 12 4 41
33 16 12 42
28 18 42 16
22 21 36 46
6 15 13 27
10 30 32 16
48 10 33 45
2 3 48 16
18 43 37 44
26 32 9 29
39 41 48 19
36 1 2 39
34 29 6 40
44 12 31 17
15 16 35 44
6 18 19 35
5 29 18 42
3 32 46 28
6 12 21 38
16 28 22 36
42 24 21 49
11 19 22 49
30 25 30 47
32 38 6 45
40 37 35 32
8 32 35 39
17 33 44 37
6 18 42 8
14 28 44 38
29 2 35 28
47 24 16 29
35 9 30 18
13 22 25 38
10 15 22 18
18 8 33 38
22 19 8 47
15 13 29 12
39 3 39 14
44 5 27 44
5 10 44 38
10 47 11 19
40 21 30 19
16 30 1 30
3 19 33 12
1 11 26 40
4 48 24 32
1 12 32 15
42 10 43 42
37 1 49 38
13 29 25 27
11 38 16 31
48 26 43 33
26 7 36 38
27 49 19 39
3 46 6 36
37 29 15 13
12 29 37 39
16 4 41 48
20 22 33 31
35 7 32 34
28 29 46 39
25 11 20 33
11 31 28 40
5 34 22 44
49 47 29 40
28 14 27 9
26 20 32 46
26 18 40 16
18 41 17 27
17 15 15 37
30 5 44 42
21 18 11 13
49 36 27 31
33 11 46 38
16 19 29 38
24 12 43 49
10 14 30 23
13 19 36 37
35 14 35 49
34 13 33 25
37 9 30 32
46 36 49 14
6 47 16 27
41 40 21 28
38 9 8 49
13 18 35 12
23 13 22 41
14 10 38 37
27 29 31 41
26 37 27 48
30 19 19 32
24 29 27 24
6 17 35 34
6 27 5 49
40 16 5 5
16 34 41 44
10 5 26 41
42 24 22 5
20 9 44 40
32 7 46 30
1 36 46 46
34 43 13 3
14 36 43 12
23 13 48 21
37 23 37 16
28 20 22 25
29 23 0 45
31 18 15 27
16 28 27 37
12 36 41 4
2 28 46 9
25 9 25 44
23 10 19 13
12 22 39 33
37 20 30 21
35 8 39 19
9 7 21 37
1 10 27 41
38 5 13 35
5 25 4 40
13 7 39 23
32 10 17 29
8 24 14 44
43 30 15 37
24 21 27 41
39 7 36 10
37 14 23 3
9 28 35 11
9 24 32 5
41 13 35 18
16 27 11 44
34 44 24 45
34 19 20 48
20 15 48 34
42 41 46 10
40 12 39 24
22 10 18 44
37 5 0 0
32 5 28 8
11 24 46 28
35 10 42 17
38 4 6 12
11 10 46 39
10 25 39 49
40 24 24 32
15 17 29 39
20 34 40 18
10 18 37 41
46 2 9 35
32 18 18 36
8 43 25 30
25 14 34 7
36 13 28 4
40 0 13 33
17 12 42 29
38 10 37 41
29 23 2 31
12 31 23 44
10 48 18 43
43 29 43 47
13 36 46 32
37 35 39 13
29 3 35 12
21 1 9 29
5 26 49 26
8 19 41 41
37 49 23 28
21 15 45 23
28 26 19 45
14 6 32 12
22 1 42 45
30 14 29 7
23 10 19 39
6 29 22 32
12 21 37 36
29 24 48 27
7 7 20 44
13 24 43 15
29 4 34 36
4 15 24 42
15 10 13 47
42 47 37 41
9 5 25 46
43 43 30 25
38 1 36 34
12 31 19 35
49 18 18 38
10 17 33 43
27 17 35 42
23 40 39 28
18 27 26 37
11 37 16 22
9 16 28 13
34 11 30 23
23 27 10 47
14 25 36 24
11 11 38 19
17 35 43 41
28 4 18 15
21 1 43 45
9 31 30 10
35 43 17 35
47 22 9 26
18 25 47 42
12 36 27 21
20 44 31 10
21 46 43 38
44 16 41 37
2 30 40 40
31 16 47 5
28 2 9 44
44 27 30 45
34 2 46 45
22 21 1 46
22 21 40 25
22 35 44 44
36 1 34 35
37 5 17 19
39 34 47 47
13 6 47 8
33 38 33 14
5 21 23 11
32 22 29 27
19 18 36 8
20 8 39 1
26 15 10 46
9 3 8 23
31 7 33 35
15 11 19 48
15 10 3 23
42 35 31 36
36 3 7 38
10 15 33 30
38 20 42 24
44 22 40 5
31 14 41 13
37 26 35 9
15 9 36 5
49 35 18 45
21 26 19 36
11 26 33 19
3 22 44 10
8 25 11 44
46 29 4 49
16 24 37 35
6 9 44 49
42 39 33 32
35 23 25 11
34 34 31 29
40 20 31 8
46 1 29 40
5 34 26 42
25 8 30 15
31 9 37 45
39 49 34 46
32 13 45 31
12 34 30 6
8 29 0 45
7 7 37 39
36 11 0 27
16 12 42 12
18 15 34 39
19 34 21 47
14 2 11 19
18 29 13 5
21 30 38 15
32 34 41 39
5 39 40 11
3 10 18 33
19 34 29 10
35 0 28 45
16 6 24 44
15 34 45 10
23 30 18 44
19 33 36 8
14 48 34 28
15 26 34 31
43 45 14 31
35 0 36 5
7 8 22 32
8 9 42 16
15 15 18 22
22 5 46 29
46 28 35 7
26 3 30 37
28 38 15 44
1 7 35 38
19 18 7 38
21 42 38 13
17 2 14 46
47 30 43 41
7 34 43 26
44 17 48 32
29 13 31 35
0 39 32 30
6 24 23 41
33 10 46 34
9 6 29 19
16 0 38 49
5 0 17 33
16 34 49 46
22 3 2 33
23 32 45 12
27 5 38 34
15 23 24 12
18 17 34 9
28 37 19 5
20 34 46 12
25 27 30 36
28 33 39 43
25 36 36 41
13 21 6 28
27 15 39 32
37 32 35 17
14 8 21 12
30 16 45 6
11 20 17 28
40 44 31 43
34 12 19 37
8 16 43 16
40 4 2 44
19 24 45 34
13 16 22 24
15 15 12 47
24 27 41 45
26 4 42 42
44 11 1 41
24 11 21 34
16 17 30 4
25 10 14 46
42 28 4 31
7 6 42 18
27 10 17 20
42 29 44 49
4 32 45 35
25 7 43 35
37 27 38 43
23 12 28 30
10 0 23 41
14 6 44 48
22 13 44 24
16 20 37 38
10 32 28 20
46 29 34 15
17 14 11 19
24 34 21 46
3 7 13 40
40 4 39 20
7 49 31 41
11 42 42 31
7 11 22 47
36 48 15 49
1 17 42 39
22 24 45 11
33 34 0 8
30 10 17 41
15 31 28 9
14 43 34 19
5 10 32 35
32 24 32 38
6 24 25 32
9 32 3 37
30 9 16 18
43 40 16 29
11 10 44 38
24 17 12 46
11 37 35 30
16 11 0 43
27 33 31 13
34 14 42 13
14 40 14 31
22 23 32 44
1 40 35 42
13 5 27 42
6 37 29 43
38 16 39 26
35 15 39 30
22 34 36 35
15 16 34 17
48 38 47 22
13 9 48 25
21 3 39 35
12 40 28 18
22 2 18 47
17 2 32 33
47 9 45 13
6 36 35 45
23 37 28 33
28 25 3 44
21 42 30 46
29 41 25 40
24 30 40 45
20 16 48 17
22 5 34 44
29 11 32 8
20 41 18 48
27 7 46 13
15 46 41 49
38 34 1 29
47 3 9 43
28 28 47 40
29 17 22 24
41 21 12 13
5 4 22 38
22 16 16 9
12 6 10 46
18 37 45 28
0 0 22 13
6 45 20 23
27 2 34 30
11 8 28 12
7 38 21 34
34 27 47 4
18 1 25 4
24 12 22 0
5 6 15 37
38 6 46 33
3 30 33 39
0 36 12 39
44 45 40 42
10 26 21 48
11 36 48 40
2 28 40 28
18 48 35 25
15 0 11 46
20 32 45 20
39 8 4 41
12 23 18 22
3 40 18 43
24 44 48 4
22 21 7 49
30 0 44 40
41 25 30 36
20 30 44 41
31 35 28 28
40 31 45 12
44 37 13 43
38 34 19 26
20 27 36 29
23 15 43 40
8 30 26 39
43 26 24 32
31 17 12 26
11 8 15 38
30 12 29 38
12 35 46 43
13 9 33 37
2 21 12 13
11 42 44 36
19 36 30 24
8 11 34 14
39 0 34 40
3 28 44 19
42 40 31 13
36 23 33 6
0 31 22 25
36 4 44 39
31 25 43 32
31 22 46 13
21 24 28 48
5 40 37 17
2 23 25 35
46 15 27 38
1 24 22 25
37 11 31 34
1 26 11 34
37 6 35 43
10 28 25 45
11 29 22 32
34 15 31 2
16 10 21 49
39 32 21 13
14 18 28 44
17 30 48 37
49 41 31 42
47 34 23 4
22 0 34 30
33 32 22 38
24 42 26 28
24 28 37 49
12 39 16 34
15 47 27 29
24 49 35 36
43 1 38 42
15 34 31 15
7 17 24 16
41 24 24 34
29 8 16 46
22 35 15 37
0 28 43 11
29 47 43 10
12 29 48 30
13 37 10 39
6 30 29 34
31 45 20 37
31 42 32 5
28 24 31 29
19 33 24 49
44 13 17 44
27 26 28 45
38 43 27 15
24 5 29 34
35 19 26 36
32 34 17 46
34 16 3 43
6 19 36 45
8 15 36 9
21 44 2 42
4 25 30 1
11 35 36 36
16 9 37 14
18 0 12 38
15 20 20 28
16 25 44 23
22 10 26 9
12 13 45 16
41 44 43 17
28 34 23 26
36 19 49 31
18 33 34 36
42 3 33 45
10 45 23 46
5 36 22 11
18 4 43 23
35 36 6 35
23 31 3 38
0 25 22 25
26 43 46 38
3 11 38 45
13 11 45 23
46 31 22 40
29 21 32 40
48 3 15 49
0 29 33 21
34 25 18 41
35 37 19 22
24 2 37 26
49 21 40 34
19 9 14 42
40 7 6 21
20 1 37 43
28 11 17 8
46 5 29 38
26 32 45 31
19 15 31 13
8 13 43 21
26 44 29 41
9 21 24 24
49 48 40 28
10 30 36 30
31 13 28 34
12 30 46 11
19 45 22 28
34 14 25 49
8 19 7 42
14 37 35 21
39 6 25 36
19 10 30 26
16 29 36 42
28 43 23 17
38 10 35 16
42 33 30 46
39 21 29 40
38 10 11 6
32 13 20 17
3 20 31 6
38 10 48 48
36 20 48 24
15 19 49 33
21 25 36 14
7 32 25 46
39 21 21 2
29 29 18 31
13 41 40 45
44 45 32 43
42 29 37 20
5 20 21 47
28 4 37 44
19 35 30 41
28 45 32 42
25 13 30 13
37 6 22 31
17 20 7 45
33 10 29 48
1 4 38 32
22 15 22 31
23 37 36 27
13 40 49 9
44 30 49 35
41 11 44 35
28 40 28 25
39 27 35 34
4 6 24 22
6 45 42 35
13 4 48 16
29 22 17 33
38 13 23 47
43 31 4 31
48 32 25 45
23 6 18 42
47 32 38 24
40 6 10 35
30 18 23 35
3 36 21 24
31 10 7 45
14 17 27 33
33 20 20 40
16 1 24 41
8 17 45 38
14 2 36 27
24 33 29 5
4 23 29 37
44 26 22 36
49 29 19 41
20 33 16 48
31 15 15 21
13 10 13 40
45 13 32 47
4 42 34 12
5 33 21 22
20 22 13 33
9 10 48 39
44 47 12 33
23 7 18 30
2 29 26 33
9 6 31 27
31 13 23 31
21 28 19 9
16 40 31 46
31 14 37 12
48 22 25 29
4 6 34 32
41 29 36 30
41 23 8 43
44 13 28 17
17 26 29 41
20 24 26 45
11 32 35 40
25 7 16 48
25 1 42 40
28 7 36 39
7 4 37 11
49 38 41 11
37 9 13 37
10 5 36 24
23 49 35 38
22 24 21 18
38 36 28 12
16 42 24 8
22 7 29 13
30 10 14 12
29 33 26 44
16 20 34 37
18 8 14 7
37 5 4 46
40 24 39 43
32 41 41 15
17 24 19 38
12 16 34 11
22 4 33 3
20 18 29 37
40 41 15 45
5 44 13 43
37 16 25 34
38 44 9 24
20 10 34 28
12 42 24 43
39 45 37 32
36 33 39 39
16 26 39 11
22 12 41 5
38 39 10 28
36 40 45 38
16 2 29 9
14 4 6 48
14 2 47 40
13 27 10 35
44 6 22 38
10 9 14 25
37 12 27 40
48 49 20 24
19 3 23 35
25 44 28 11
49 47 36 35
35 24 27 46
28 20 47 20
30 37 45 8
26 33 32 43
48 31 43 19
48 22 41 36
8 30 32 10
8 30 28 40
8 11 27 24
15 1 40 46
16 41 41 42
29 14 32 16
32 3 48 21
41 42 16 36
36 11 3 34
39 11 44 33
5 23 37 7
8 28 19 45
49 4 1 28
20 23 23 4
3 19 21 39
18 43 35 25
38 10 47 42
29 31 17 40
36 32 7 37
34 10 41 39
49 35 21 47
5 8 42 46
25 28 30 47
32 12 42 32
22 32 35 37
33 17 48 32
9 24 35 45
19 3 22 35
21 41 16 37
11 4 31 30
46 31 44 37
22 10 30 42
19 4 32 4
42 20 35 16
21 26 33 26
45 34 15 36
12 8 45 20
17 17 40 0
18 20 20 40
12 35 43 29
0 24 21 41
30 13 28 36
25 3 43 17
46 36 32 12
31 10 44 13
42 43 31 44
3 27 30 20
7 12 19 27
34 37 36 48
34 28 41 36
35 45 26 34
38 8 17 45
19 0 29 30
19 19 39 39
30 13 23 16
30 39 15 33
6 39 47 47
29 33 42 35
38 23 12 42
33 29 29 35
40 10 12 49
0 31 7 44
5 39 5 47
20 39 33 41
17 20 39 27
17 19 46 6
39 17 27 37
3 31 39 38
1 29 38 34
0 8 44 49
24 13 43 48
18 42 26 31
9 36 48 42
23 17 39 36
26 0 10 19
38 32 15 27
11 37 7 41
29 30 8 48
8 22 35 38
21 5 27 41
3 6 49 29
30 8 24 34
2 21 43 20
41 9 34 43
6 34 30 13
12 9 33 21
44 20 6 37
27 14 27 47
11 3 30 30
36 12 20 40
37 42 37 7
5 30 38 49
13 10 23 40
22 8 26 41
40 23 27 29
9 17 19 37
17 2 41 9
20 9 19 42
40 8 37 24
6 26 36 29
17 24 5 34
15 8 31 4
34 34 36 39
13 24 39 39
34 42 36 24
28 9 19 37
47 42 7 36
23 1 35 19
20 20 37 33
17 37 49 22
16 21 16 27
36 18 20 47
19 3 48 14
40 6 5 43
10 42 41 40
34 16 48 48
28 47 36 43
31 15 30 21
38 9 41 40
15 8 48 45
11 14 41 21
21 41 31 16
28 21 8 30
29 25 18 41
13 19 36 49
24 39 21 48
17 32 7 43
33 26 33 40
39 26 41 3
21 25 38 9
2 36 40 23
44 30 28 45
10 22 38 16
3 9 49 23
25 31 6 36
12 34 38 12
46 29 49 35
14 35 40 40
16 19 24 11
42 46 34 37
18 25 36 11
49 33 33 21
42 15 43 2
12 1 12 20
10 9 15 41
41 2 26 38
23 25 35 20
21 38 3 28
34 8 39 43
14 16 40 35
25 34 4 2
13 30 30 13
11 7 44 37
32 27 41 13
33 25 12 21
30 15 17 40
7 0 38 21
34 20 26 39
25 39 5 40
13 47 23 17
43 20 24 44
48 41 28 30
10 6 32 24
13 3 28 15
8 33 22 14
13 25 22 48
26 2 15 32
15 2 3 39
12 31 43 34
28 16 34 5
5 1 41 44
8 21 46 11
7 7 16 15
14 17 44 24
6 1 24 42
8 23 17 46
27 5 42 36
9 26 42 28
20 26 44 8
9 0 40 10
8 2 12 48
12 9 37 11
37 44 39 38
15 18 43 34
31 14 36 6
36 28 35 44
19 25 27 17
27 26 35 21
12 14 37 18
11 34 24 40
2 28 13 49
30 21 30 45
43 12 23 38
14 1 40 17
20 13 32 47
46 37 23 22
45 42 31 41
27 5 5 35
27 31 34 9
26 15 27 42
14 36 47 34
8 24 23 49
31 14 34 5
27 37 35 36
25 9 12 34
12 10 35 41
23 26 6 24
38 46 27 23
48 29 40 36
45 29 12 41
29 15 36 6
29 4 31 22
2 25 39 15
22 13 30 47
0 31 41 42
10 30 26 34
4 32 44 30
18 44 37 30
44 24 46 36
18 30 43 45
21 13 28 40
7 19 14 40
0 27 14 16
27 32 43 18
29 15 37 39
26 12 7 47
17 21 46 33
10 8 13 34
14 13 37 24
13 29 15 40
24 6 16 20
20 2 29 33
32 7 43 46
8 24 25 49
22 16 47 30
32 28 4 41
22 23 38 40
26 17 11 33
13 8 13 3
13 10 45 28
13 22 36 23
14 21 39 5
13 2 25 18
13 25 46 17
8 11 45 43
37 9 32 35
24 8 35 42
15 17 37 22
25 26 22 43
1 12 23 9
34 12 33 35
31 46 37 45
32 6 48 41
29 28 1 47
10 46 19 34
21 24 43 45
23 38 46 41
26 28 37 40
12 1 22 6
22 6 36 36
32 13 15 37
23 21 41 39
25 12 40 49
40 18 45 45
24 10 1 39
27 3 22 47
37 1 46 48
35 3 31 44
22 4 28 1
41 24 41 18
18 32 40 9
19 46 11 47
24 7 13 31
45 39 6 45
14 45 43 20
22 10 48 31
26 44 47 4
29 15 28 3
23 20 44 10
29 36 32 45
47 37 16 29
26 18 32 40
44 23 12 34
32 14 14 42
32 9 41 41
28 34 37 29
18 25 44 16
9 6 16 21
15 8 37 42
19 46 40 45
31 9 7 41
11 2 42 39
13 37 38 40
13 35 37 43
39 30 32 48
19 26 35 37
11 37 26 28
14 28 49 44
16 17 11 49
29 27 9 28
25 48 34 38
40 27 24 43
36 25 33 2
13 37 8 8
46 40 0 11
28 9 2 41
4 27 42 34
3 43 32 11
23 21 32 42
26 41 39 11
24 31 18 34
15 25 9 44
10 22 29 41
42 34 33 42
9 43 34 44
20 12 30 44
1 4 25 35
10 28 34 40
17 45 34 34
33 25 5 40
43 27 38 5
17 27 43 31
12 44 18 36
44 23 9 38
35 38 47 43
9 42 18 12
24 13 40 43
24 8 35 12
4 2 36 22
16 15 19 42
13 4 31 24
24 10 22 44
29 11 25 34
14 14 20 44
19 27 5 41
46 20 36 18
12 4 42 28
29 41 8 11
42 9 28 16
21 33 48 20
17 30 13 41
43 10 37 45
38 13 22 38
2 19 41 44
34 6 3 33
3 24 38 37
14 37 27 8
33 11 41 14
30 45 47 19
6 12 47 10
47 31 32 30
48 24 36 43
9 32 36 37
25 40 25 11
28 20 25 36
6 15 34 36
6 24 8 44
45 1 21 45
24 8 20 45
28 0 33 39
29 47 42 38
37 2 5 42
29 30 24 8
31 9 37 32
34 22 23 22
3 20 49 15
33 3 40 44
30 29 10 43
25 21 38 49
29 20 33 46
7 7 27 13
31 18 34 46
13 27 41 38
31 28 42 17
2 35 36 35
4 49 25 46
25 48 36 7
36 6 31 4
31 22 37 39
0 20 21 46
39 14 49 35
46 28 34 29
39 40 43 36
8 9 40 34
23 30 34 46
42 39 38 36
30 0 20 31
10 6 35 38
27 16 48 33
37 35 24 36
15 7 8 44
9 42 30 39
13 20 47 42
0 27 34 49
49 11 22 41
15 23 29 26
9 10 21 45
11 44 42 20
49 43 39 16
12 32 4 41
8 28 27 34
18 30 31 46
26 40 39 4
32 13 37 9
26 34 40 35
19 25 41 27
32 29 22 39
26 5 40 45
36 10 26 41
34 38 47 26
18 3 43 21
26 28 40 36
8 12 37 47
33 12 48 10
16 29 46 6
18 32 30 22
18 6 18 41
19 37 25 24
31 37 29 43
29 34 43 46
18 31 39 11
40 13 28 21
11 17 45 45
7 19 19 28
15 35 33 31
19 17 22 41
39 35 32 41
44 33 44 39
8 24 23 28
24 48 46 2
5 10 26 43
6 16 15 34
4 31 46 33
18 33 43 11
25 1 22 45
14 28 49 30
24 28 26 47
36 16 12 49
14 17 28 10
33 21 13 42
48 43 4 16
25 6 43 14
36 8 26 36
26 19 13 41
2 11 36 18
26 16 42 23
23 35 24 14
46 32 23 37
30 11 39 3
41 4 43 45
39 6 7 32
21 24 36 30
21 41 1 32
27 27 30 32
25 42 46 20
26 25 29 41
23 44 11 34
38 30 42 31
9 38 31 14
42 36 18 40
23 26 19 19
42 44 15 12
33 4 25 38
33 4 29 38
22 10 14 12
31 9 10 42
33 44 44 37
32 17 22 42
10 29 25 11
33 9 47 7
32 22 48 37
36 20 22 48
45 43 39 37
16 33 32 43
39 41 48 32
27 17 27 44
35 29 46 18
18 41 40 41
14 6 44 35
27 7 31 34
32 23 36 37
26 33 40 41
39 28 29 49
12 41 21 33
11 10 34 5
43 28 29 33
26 7 38 41
11 25 26 41
27 1 24 44
48 27 28 28
24 36 18 46
11 17 49 35
31 18 35 32
4 32 36 39
15 14 42 28
19 24 40 6
24 25 32 48
8 26 31 16
24 14 38 7
27 12 7 41
39 42 17 37
34 34 44 39
7 24 45 0
9 47 43 40
3 16 27 40
26 19 36 6
34 41 44 14
28 2 29 35
28 4 47 42
9 14 17 24
14 25 44 41
19 23 35 20
26 31 21 47
25 24 35 42
7 9 32 14
20 19 19 44
14 26 44 17
6 39 19 36
13 26 34 34
29 17 31 38
10 35 16 44
29 2 40 41
15 33 27 45
34 6 7 38
34 2 42 11
25 35 36 40
43 20 42 30
11 33 21 44
16 22 46 18
18 23 41 16
32 13 24 14
21 12 21 39
12 30 18 39
40 23 6 36
3 3 28 26
13 27 28 5
15 31 1 49
13 18 17 31
8 11 28 37
13 26 31 43
19 11 18 45
29 24 38 16
8 22 43 18
6 29 20 17
1 27 34 25
8 31 40 20
14 4 41 47
33 11 35 49
15 39 26 21
37 49 43 11
26 8 19 38
17 13 40 25
17 32 8 39
37 37 36 48
24 15 31 13
22 7 22 35
35 20 28 41
7 14 39 48
36 9 30 15
6 43 28 47
39 38 39 44
10 26 33 28
13 46 38 6
0 22 23 37
28 47 0 42
26 4 28 31
26 26 27 18
9 32 46 16
33 24 8 30
22 31 31 4
13 32 39 5
9 27 28 12
40 39 28 10
15 41 38 20
16 25 44 43
29 36 43 34
9 21 46 9
34 39 28 15
15 47 46 26
18 35 26 13
32 5 22 22
26 7 4 45
34 14 27 5
3 35 39 6
9 24 2 46
12 4 16 27
10 35 22 39
43 17 15 14
45 9 33 40
10 37 29 23
23 5 42 2
25 11 17 35
28 27 18 43
1 8 38 24
21 26 26 25
32 7 27 29
17 9 28 42
32 27 38 48
4 2 41 14
7 44 41 33
45 31 15 28
34 35 30 22
10 6 38 19
34 28 47 23
49 21 40 6
32 17 36 48
33 14 29 6
25 49 30 5
8 39 35 20
19 46 41 38
30 3 33 13
28 12 38 17
5 27 12 31
13 2 3 42
6 40 28 37
2 38 35 40
30 31 15 10
28 5 7 45
24 13 19 34
21 5 35 27
10 32 46 34
5 15 23 19
17 41 47 12
17 22 16 28
36 34 44 47
17 11 18 3
46 38 1 6
22 0 11 31
17 22 37 33
12 29 40 17
25 17 26 32
43 7 44 34
40 20 24 35
34 20 25 43
25 15 11 9
1 3 12 45
26 30 28 33
16 22 37 7
36 13 5 39
3 17 35 35
15 38 41 45
32 16 30 26
40 20 16 39
3 32 20 38
15 13 23 43
23 17 22 48
10 10 25 44
20 26 21 21
12 29 43 16
26 23 20 35
21 22 26 20
9 48 23 41
40 35 22 48
41 7 38 41
39 31 15 45
43 41 42 28
3 13 34 32
27 16 29 2
3 4 42 39
43 7 1 40
14 9 22 40
31 17 47 39
36 17 36 7
44 41 44 35
38 28 33 24
31 21 29 43
36 17 28 25
19 24 42 42
40 45 40 36
44 22 37 27
37 9 4 19
35 31 20 47
14 46 47 32
8 34 14 9
34 16 7 46
25 5 46 17
42 44 7 47
14 34 10 42
8 30 12 28
26 18 10 48
4 7 33 34
26 37 36 38
19 8 38 10
34 6 40 23
32 5 41 36
18 33 27 46
27 26 22 28
29 16 38 13
26 43 44 47
25 2 25 43
28 39 18 22
26 6 45 47
12 15 34 36
43 4 28 5
4 40 22 33
13 14 37 45
13 21 25 35
41 8 15 27
12 6 46 48
