50 57 18263 800
7 28 20 14
26 16 35 12
17 36 19 12
18 43 27 47
9 16 26 19
1 30 39 32
19 47 41 2
0 24 44 35
5 22 29 17
4 10 27 45
11 31 23 26
23 4 48 20
10 23 26 9
10 18 38 36
4 26 35 19
5 17 27 24
23 4 33 38
5 5 41 44
6 29 38 32
2 28 28 23
4 30 36 35
29 33 22 19
3 26 13 25
0 29 5 10
27 37 28 22
5 31 40 32
5 31 47 35
3 29 37 23
28 20 38 15
39 7 32 44
22 49 19 6
25 11 26 22
1 24 29 16
5 32 26 22
4 5 23 14
29 40 31 6
14 17 28 13
30 39 40 34
21 22 21 45
15 5 33 6
10 10 26 25
13 40 39 40
6 32 37 32
13 12 38 23
5 30 39 34
23 49 4 23
8 11 22 22
0 6 28 15
2 31 35 34
6 27 35 41
14 14 34 22
24 18 25 6
3 2 47 39
2 27 39 36
22 24 26 42
43 25 46 19
42 6 45 22
