50 167 11969 800
28 10 7 44
36 44 23 11
42 37 37 20
32 10 29 21
29 12 41 24
24 18 2 35
43 19 11 40
28 40 41 19
36 10 38 35
29 48 1 48
31 26 33 18
28 12 35 40
21 13 21 39
27 16 32 39
39 42 11 49
22 18 31 26
40 18 21 34
26 14 22 32
13 13 29 15
18 22 24 10
21 15 18 34
23 15 31 32
11 24 0 11
21 48 4 45
24 14 14 42
33 49 17 35
21 18 25 12
38 34 14 30
36 45 19 25
19 12 22 29
21 14 37 42
46 6 29 44
33 19 23 11
22 29 48 23
42 14 23 27
34 26 20 23
25 11 13 44
30 13 18 7
21 14 11 14
32 17 27 7
20 15 36 20
27 17 21 8
15 24 20 45
26 42 10 38
32 10 18 36
29 15 41 17
7 21 35 29
44 37 26 16
47 19 40 34
28 23 45 23
6 20 14 24
42 41 22 19
30 13 26 18
40 41 24 24
36 46 11 45
22 16 35 8
22 15 13 45
27 10 12 40
23 29 14 42
31 25 33 38
10 23 33 37
22 14 4 34
28 13 10 41
21 21 22 14
36 22 0 29
27 40 26 32
32 18 10 37
43 36 28 39
27 13 38 45
32 14 37 26
34 15 13 37
5 26 10 48
45 19 29 27
34 39 8 20
47 5 20 22
11 23 16 38
35 26 15 43
27 15 26 28
32 14 10 42
42 45 40 25
26 33 14 35
44 42 34 8
32 40 18 30
47 10 27 12
49 15 1 19
11 31 1 43
37 33 43 40
25 8 18 46
39 16 41 21
27 23 16 38
23 13 46 44
38 32 16 47
17 22 29 35
29 22 9 25
41 41 37 20
22 14 1 44
40 45 28 16
22 40 12 41
21 16 21 36
23 38 43 37
28 14 12 30
24 12 10 38
20 10 4 40
30 19 22 20
41 41 7 19
39 46 13 28
43 31 13 41
23 16 22 40
45 13 26 28
32 36 31 21
32 22 24 3
48 21 21 28
24 16 38 38
45 18 19 34
42 42 19 42
21 49 47 35
16 18 28 38
7 14 24 27
39 33 27 24
26 32 16 47
29 5 16 39
20 33 11 49
48 35 21 14
25 6 34 46
10 21 35 25
39 41 26 21
37 14 24 23
18 20 34 46
33 36 31 17
37 45 32 44
23 11 41 35
30 16 17 41
20 42 32 20
33 38 13 33
10 22 32 27
24 42 6 37
40 38 16 40
38 38 20 31
29 16 29 9
9 24 3 37
22 7 5 30
33 40 35 34
30 46 25 27
19 17 36 40
36 29 33 41
19 42 24 15
37 42 2 34
29 16 8 45
24 44 8 49
25 36 3 47
31 18 18 25
44 10 12 43
35 41 20 43
26 31 0 37
26 1 18 37
24 33 44 48
19 13 27 34
23 13 32 7
23 23 35 22
44 46 22 20
18 14 45 46
26 15 25 43
24 12 10 37
14 15 15 37
20 7 14 34
19 2 19 28
32 8 20 48
