50 69 16199 800
34 12 26 40
2 19 11 24
19 31 9 45
24 31 19 19
19 48 19 35
36 25 25 11
19 31 5 4
32 44 17 36
10 16 33 40
15 44 34 5
23 4 47 44
41 32 29 7
41 35 47 29
7 31 26 31
9 45 20 39
16 10 22 18
11 42 27 9
33 37 37 44
10 12 16 27
0 21 18 31
8 28 14 47
7 28 25 36
25 15 15 34
28 31 27 37
35 7 28 30
16 6 10 4
29 7 26 22
27 11 18 8
34 25 40 23
9 42 29 32
22 22 15 23
23 42 16 26
32 36 23 42
27 1 8 26
32 35 7 3
32 33 23 22
22 11 16 30
43 41 22 22
2 39 21 17
38 41 20 40
36 41 39 38
1 37 33 33
7 44 31 34
5 35 9 30
29 45 18 41
27 0 7 39
6 39 29 41
12 9 24 41
13 46 23 20
14 14 26 11
11 3 45 12
5 40 28 21
44 16 28 35
23 18 7 29
41 36 11 25
34 34 24 36
37 35 19 26
18 43 22 10
26 14 11 36
6 34 28 41
28 17 24 37
35 40 29 27
11 36 13 12
14 42 17 30
11 37 44 15
10 42 35 27
13 45 29 16
9 1 38 45
5 45 13 14
