50 121 12116 800
15 18 42 32
13 20 9 30
20 43 3 6
14 10 43 41
18 19 44 39
14 9 32 13
32 2 28 9
3 14 10 37
17 20 47 42
31 40 40 36
40 42 17 12
47 33 24 9
22 24 28 8
17 10 32 8
11 21 28 12
24 20 21 15
32 20 27 13
16 18 16 46
30 3 36 41
8 3 34 30
35 21 17 23
18 27 8 29
13 21 42 36
7 31 11 29
16 31 48 48
26 40 27 10
29 18 23 45
11 24 37 9
26 20 36 45
13 34 33 16
21 8 0 24
13 21 28 27
16 16 35 26
11 27 34 10
15 30 18 20
24 13 9 11
27 31 13 19
12 21 38 37
12 10 19 16
38 34 31 36
6 12 39 41
8 20 4 31
20 32 28 31
19 3 27 13
9 23 29 16
26 4 40 40
26 8 17 14
3 10 44 39
19 20 15 44
26 33 22 13
31 37 12 40
19 32 1 29
15 16 14 27
3 28 14 25
35 2 4 43
16 22 22 47
17 20 46 5
39 43 6 38
30 28 8 39
18 17 35 12
24 32 16 34
16 19 3 49
18 20 23 10
23 25 31 35
32 12 28 14
17 45 30 30
12 22 43 46
20 16 27 18
12 22 39 5
14 17 28 9
16 43 24 6
10 34 38 40
9 25 40 38
0 21 46 39
43 5 41 42
18 37 27 13
5 23 43 37
3 9 27 30
13 19 49 13
30 39 42 40
20 1 30 4
23 33 2 44
5 22 10 45
12 35 40 40
11 22 36 16
20 24 14 1
15 21 17 33
14 23 11 42
24 4 29 44
18 37 1 29
8 19 22 4
11 14 32 23
31 34 1 9
35 45 12 0
20 17 28 21
47 1 19 16
1 28 31 12
4 10 28 6
27 19 35 11
9 19 38 37
28 30 11 7
27 40 6 12
12 34 40 35
15 27 8 23
19 18 17 4
27 26 25 6
13 15 16 12
16 24 29 11
24 33 15 40
24 34 12 47
26 33 25 45
30 7 35 24
12 16 37 35
31 2 30 13
11 34 2 39
4 24 41 6
45 45 0 39
14 24 11 30
3 14 40 22
27 31 47 32
28 44 25 13
