50 941 15572 800
36 18 23 3
38 45 17 37
49 28 18 11
7 43 17 34
38 38 17 26
18 45 24 41
26 48 33 40
47 28 26 34
45 28 46 16
45 29 20 9
48 22 33 11
30 18 16 5
46 23 18 35
47 30 41 1
12 19 20 6
23 20 18 2
48 26 23 5
36 27 13 0
23 26 36 49
19 34 25 39
31 9 46 1
31 6 45 16
26 28 38 43
11 41 29 30
33 5 43 17
12 20 13 1
34 20 18 6
42 32 24 1
43 20 22 8
3 32 21 3
48 26 26 26
29 9 1 7
45 45 20 22
44 26 19 44
34 15 2 31
36 24 39 47
14 29 47 47
46 2 23 6
44 27 28 2
37 7 9 28
30 11 13 23
46 24 33 46
40 40 8 18
41 43 14 1
45 24 18 4
25 14 14 6
4 11 36 46
36 9 11 1
37 38 22 33
13 42 25 12
3 41 45 16
3 45 44 40
18 39 8 1
0 30 12 4
23 49 42 48
25 45 26 13
34 46 23 3
24 35 41 49
16 46 44 49
27 27 45 36
43 23 34 23
9 26 9 43
7 9 48 34
46 31 20 34
31 34 23 33
18 6 40 38
32 41 20 38
43 25 10 16
48 30 19 9
34 46 44 14
21 23 26 25
2 13 32 33
17 5 13 1
18 3 17 30
49 26 18 29
44 22 26 46
32 17 36 34
35 28 14 46
6 34 13 8
26 41 22 8
0 10 16 5
6 20 43 23
42 48 8 3
17 32 24 28
34 3 23 2
47 6 45 38
48 29 39 2
29 21 29 26
40 32 27 33
48 33 47 13
5 41 21 4
31 39 20 0
46 19 3 38
7 47 26 3
45 24 19 33
27 18 33 26
43 21 31 41
49 22 44 43
27 21 27 29
30 28 23 9
27 8 40 34
42 25 18 40
25 2 26 21
44 29 19 37
9 36 43 3
45 22 35 37
30 26 46 29
34 17 33 33
37 8 17 2
16 43 30 39
21 38 24 3
45 25 43 48
3 48 39 49
26 47 24 6
4 47 46 33
41 20 12 33
36 25 16 2
37 8 22 5
21 46 23 4
38 45 42 43
32 18 41 49
6 41 0 42
37 18 25 0
46 22 13 31
47 13 27 36
44 19 41 16
33 18 31 11
45 25 39 13
15 30 19 2
5 36 20 18
44 26 21 2
29 14 21 4
35 16 26 41
6 38 27 0
46 26 48 37
24 7 18 7
8 11 17 31
46 29 3 7
45 24 46 7
12 14 15 11
20 15 1 23
38 25 20 6
45 30 27 6
44 39 9 24
17 24 8 5
42 37 42 45
20 17 26 34
14 12 36 17
28 14 7 33
17 18 24 9
44 4 20 1
20 22 18 36
22 13 43 8
0 12 22 2
19 21 19 2
46 30 23 33
29 49 23 6
26 6 38 47
47 28 19 14
10 41 29 49
5 25 42 13
6 40 11 42
32 14 32 34
14 49 31 4
34 8 48 39
7 37 15 2
28 23 0 31
21 8 20 36
18 19 18 36
21 37 13 8
49 14 7 39
37 48 48 20
41 47 22 34
26 14 14 39
19 13 22 42
12 44 28 19
47 36 23 39
18 40 40 45
34 17 9 44
34 9 45 45
5 12 16 29
18 40 1 15
49 24 18 2
23 19 10 34
18 43 24 29
7 31 26 5
39 26 18 7
44 5 15 2
5 49 33 40
47 30 17 36
5 36 15 5
6 11 48 21
47 29 42 39
31 9 44 7
2 40 46 26
45 47 21 10
25 22 21 9
27 12 13 3
42 17 1 41
19 25 23 3
6 21 29 6
30 42 7 4
28 32 4 8
30 47 42 10
47 25 13 42
44 19 10 39
45 27 14 4
30 5 24 0
32 39 43 6
33 42 16 7
46 33 29 49
27 9 13 2
45 9 45 46
18 49 15 0
19 35 44 42
47 32 37 31
40 28 20 1
9 31 15 11
28 5 17 5
24 26 19 43
10 41 40 22
43 30 49 43
11 11 33 27
38 32 24 27
22 32 32 37
12 35 17 2
17 18 17 42
48 30 21 1
15 28 39 40
49 19 12 19
39 19 23 45
31 15 26 2
23 21 26 6
48 32 35 7
18 20 47 28
20 39 17 34
46 27 25 35
44 24 45 20
32 3 16 3
30 5 17 42
44 29 9 32
42 25 17 1
46 20 20 9
18 43 14 0
37 44 12 5
36 13 23 43
33 30 45 45
26 22 15 47
32 10 5 41
49 29 43 40
29 12 19 3
47 24 42 21
31 13 46 28
45 31 13 45
24 12 20 6
41 0 41 18
3 33 21 32
43 35 41 10
25 23 20 9
17 43 48 42
12 23 16 14
19 27 23 32
18 35 48 25
47 10 22 3
7 7 22 3
37 4 41 14
31 13 15 2
45 36 38 34
40 13 30 44
20 47 19 1
6 47 33 29
25 17 34 45
34 13 36 41
49 17 34 2
32 10 22 41
27 11 16 49
34 19 32 7
31 16 10 40
43 17 13 41
45 29 17 6
49 22 23 6
26 9 29 36
36 21 40 24
25 39 22 12
15 47 21 4
33 11 25 17
44 29 37 23
43 26 46 33
11 28 16 3
5 38 26 34
14 31 19 9
3 4 15 5
35 29 34 45
49 28 36 35
44 31 26 5
48 26 30 39
31 8 1 10
27 6 40 39
14 9 47 38
19 21 39 17
37 12 16 43
31 2 18 7
17 24 13 0
49 30 11 10
25 42 17 8
33 46 49 28
45 28 12 7
49 30 16 39
47 21 20 2
46 23 14 3
29 1 2 38
27 14 8 33
35 7 9 30
16 24 9 2
48 24 39 20
46 29 3 4
26 11 19 15
21 40 11 36
48 28 40 7
29 3 23 7
44 31 32 3
12 34 14 10
40 28 46 20
46 27 26 8
32 35 20 42
36 16 38 39
41 45 25 0
45 18 36 16
24 26 33 25
45 27 14 5
42 34 9 33
40 19 17 6
23 6 10 36
26 38 18 38
46 35 40 33
49 29 24 15
43 25 15 7
38 10 22 5
40 36 15 4
36 38 21 0
47 28 10 1
22 25 39 43
21 17 38 46
44 20 19 8
41 39 21 0
49 26 21 33
43 30 20 15
11 34 43 30
44 26 37 37
26 19 10 38
48 7 41 13
44 26 20 5
25 42 6 48
32 35 23 3
37 46 17 3
42 24 19 2
49 22 27 33
20 27 41 28
47 28 20 13
48 27 21 0
34 11 21 3
8 41 24 11
36 23 30 10
0 37 33 48
2 27 15 0
27 26 34 37
42 24 20 29
16 30 16 8
26 10 20 28
25 47 44 7
18 1 11 22
35 46 44 40
43 31 25 12
45 26 17 9
47 29 47 48
21 45 28 13
43 29 26 7
34 4 40 40
27 12 14 44
45 25 44 44
20 14 24 38
42 23 30 8
35 41 23 10
43 16 23 6
46 28 42 31
37 44 17 8
9 15 19 5
33 17 27 45
35 42 23 37
11 48 18 43
31 4 45 39
48 1 20 9
3 37 25 33
10 43 34 26
13 48 19 40
43 15 34 25
44 12 16 48
40 36 48 11
41 25 27 1
15 30 22 36
35 16 18 6
40 22 10 24
49 18 12 40
47 25 40 8
49 22 28 31
48 15 31 4
42 29 21 9
46 31 30 31
5 49 3 28
5 37 39 9
13 33 32 17
37 11 40 31
43 14 16 0
49 29 13 7
35 10 21 39
45 21 9 5
49 21 40 44
0 29 17 20
24 11 8 34
46 4 22 44
21 4 35 18
23 45 10 3
42 27 48 25
8 34 23 9
45 23 37 26
6 40 17 4
24 22 20 2
9 25 18 0
38 29 12 10
34 16 0 35
39 6 21 4
33 11 36 39
38 12 8 20
28 19 18 3
47 27 13 32
15 35 41 15
23 8 26 40
17 30 44 36
21 12 31 17
48 30 16 12
40 6 26 31
3 43 40 36
25 10 20 0
45 27 25 31
17 37 16 1
37 43 32 27
13 39 29 33
17 28 21 0
7 3 12 34
48 33 13 8
25 19 17 39
28 12 8 25
32 11 21 5
25 15 44 1
38 15 25 39
36 29 29 34
26 5 25 9
22 18 26 39
16 44 4 3
23 25 25 9
49 8 13 7
23 32 25 39
36 42 17 11
29 16 14 43
20 29 15 45
28 39 23 18
31 8 18 0
47 14 39 47
45 24 17 35
27 24 47 40
21 11 43 23
1 12 45 22
45 31 19 46
44 29 20 0
31 12 12 32
42 24 49 14
7 15 12 27
10 45 18 10
21 44 39 49
46 30 2 31
46 26 34 34
39 14 33 5
29 49 28 15
43 24 24 4
43 29 12 15
16 43 6 29
49 15 13 30
44 26 14 0
15 38 14 1
35 43 45 36
37 2 21 0
47 5 18 30
39 32 15 2
43 29 27 36
40 7 23 2
34 3 28 19
0 37 26 43
40 28 14 40
40 34 24 22
43 27 22 3
45 33 34 29
25 23 39 42
48 18 38 16
14 46 22 2
25 9 33 46
13 44 17 33
29 18 23 8
41 24 27 37
46 47 22 8
46 24 48 35
41 43 15 3
31 30 17 36
44 8 22 0
48 29 18 35
8 38 48 41
42 23 5 31
27 34 14 9
43 12 46 44
3 43 29 15
12 22 49 34
28 14 25 1
41 27 24 32
21 25 16 30
22 10 15 1
19 46 32 16
29 21 16 0
31 24 44 10
32 23 48 11
44 26 41 6
46 31 35 16
48 29 23 4
49 1 24 4
37 4 17 5
43 28 26 7
40 1 29 41
41 6 49 39
15 26 5 41
27 29 13 45
35 24 31 2
41 48 16 7
27 21 9 34
30 11 18 44
28 7 38 43
35 1 41 1
49 34 43 35
4 34 24 45
45 18 15 8
38 39 23 9
37 21 15 33
31 25 20 4
38 39 39 21
6 36 19 44
21 19 46 38
40 22 17 10
33 42 43 45
9 13 21 2
46 41 38 48
14 32 41 3
33 16 43 48
24 45 18 1
45 11 38 42
10 46 17 5
19 42 40 36
48 27 28 6
37 41 37 33
44 8 33 14
19 25 15 8
22 34 18 10
11 42 22 34
14 34 15 11
28 11 6 32
36 21 42 44
40 31 27 1
19 44 21 33
43 25 23 30
14 12 38 16
3 41 21 2
29 12 39 48
45 31 44 45
5 18 20 6
40 44 16 42
35 2 22 6
6 40 48 26
12 44 37 14
3 29 19 2
29 45 19 16
12 41 44 46
27 39 22 4
49 33 15 37
49 27 18 6
20 21 23 5
47 24 5 7
8 10 16 35
31 2 42 27
19 48 14 34
38 15 49 37
46 6 42 47
23 30 20 25
25 22 29 14
35 48 43 48
19 10 14 13
33 15 43 10
8 42 12 24
15 29 49 43
48 25 15 1
9 43 28 3
10 29 35 3
23 10 2 36
9 24 22 7
48 23 20 6
47 22 25 1
21 15 14 37
47 33 30 5
44 24 22 33
21 49 14 48
26 30 15 5
6 36 33 31
49 28 15 9
45 6 21 4
35 16 32 46
12 47 35 11
40 18 31 46
2 44 25 6
15 26 37 41
25 43 2 11
47 33 22 1
22 17 46 34
22 21 13 1
9 28 31 38
26 4 41 46
14 44 21 40
49 25 20 2
19 0 43 31
35 48 26 0
21 13 24 0
4 9 31 35
39 11 17 11
46 23 17 46
36 8 43 46
19 43 42 45
43 28 46 45
35 13 29 37
7 40 19 8
13 22 21 3
24 6 21 25
43 21 35 20
26 44 46 1
40 14 11 8
3 49 15 4
25 21 48 27
48 5 29 32
48 25 15 33
12 45 46 37
26 31 28 12
28 12 18 5
42 25 26 49
4 36 9 14
38 27 9 6
26 14 48 13
24 12 18 4
45 28 41 36
10 48 20 5
17 47 21 34
42 20 26 3
38 41 9 30
29 9 22 1
15 35 31 43
48 30 13 8
8 44 25 42
16 41 11 49
19 39 6 30
43 28 22 9
32 27 20 10
31 9 15 0
48 19 8 44
22 12 18 40
42 9 26 7
47 22 20 38
44 32 39 16
47 42 14 14
42 29 11 4
37 20 18 2
0 15 49 44
18 47 24 1
35 15 12 6
22 8 47 33
28 47 21 1
46 14 17 1
47 25 42 37
35 19 17 32
48 31 35 7
43 44 13 35
49 33 12 33
11 49 38 28
45 23 19 6
21 46 20 3
49 20 17 9
49 41 20 0
16 15 17 37
23 30 21 3
39 27 29 37
35 14 48 18
40 28 46 6
41 27 18 16
14 12 27 39
44 20 33 40
18 28 19 5
38 43 17 0
42 46 33 40
15 25 44 7
46 21 46 38
43 24 18 39
12 40 23 44
28 6 25 29
24 1 34 43
12 21 22 9
29 24 21 0
14 14 19 3
47 29 43 36
11 22 17 2
34 1 28 7
43 27 26 36
16 40 18 36
44 25 8 31
14 17 12 38
26 12 15 29
19 24 18 7
26 6 19 9
12 48 1 23
42 44 12 26
26 14 25 38
45 28 26 38
44 24 19 8
20 27 21 4
43 31 49 12
28 20 6 39
9 41 20 32
44 27 21 39
49 30 34 9
43 42 26 1
32 49 25 32
47 30 24 39
30 44 45 46
21 33 16 6
34 36 22 10
0 29 44 46
41 9 21 2
12 25 19 6
41 20 35 17
28 9 24 15
36 45 13 1
19 47 40 5
45 24 10 1
45 9 15 0
19 21 24 30
12 26 18 41
35 12 32 35
47 5 36 16
40 2 23 5
40 48 15 40
30 7 36 48
26 9 24 2
40 25 34 6
45 41 46 24
34 23 16 11
22 48 17 7
44 14 33 41
7 35 4 9
31 48 4 16
41 21 46 35
3 31 17 0
27 14 17 10
44 28 18 9
43 12 23 3
45 29 19 1
45 25 9 8
46 32 17 5
47 44 25 34
17 44 47 45
27 12 1 38
33 6 27 42
32 37 47 16
29 22 33 45
38 23 37 12
44 21 37 32
46 26 30 24
25 16 22 1
15 43 15 8
48 27 20 2
32 17 38 9
41 32 12 43
34 44 18 20
47 17 43 35
28 10 26 14
48 29 22 5
42 28 41 42
20 14 20 33
48 15 42 36
40 37 23 5
40 33 25 1
25 28 39 34
42 30 23 37
33 8 36 4
22 5 25 9
16 42 5 39
42 38 41 12
22 13 36 40
39 46 20 34
49 21 45 9
14 23 15 40
46 1 4 1
21 17 4 26
23 24 37 43
27 9 22 6
40 10 33 31
26 24 28 7
24 23 21 1
28 10 36 25
48 26 34 36
48 13 18 3
47 35 15 3
6 24 40 7
45 21 2 39
14 21 18 36
32 20 23 2
47 28 1 24
38 23 38 36
40 26 6 30
48 3 34 16
40 45 15 43
47 13 13 38
31 9 19 44
32 13 16 3
36 10 13 11
33 15 33 40
26 7 35 7
43 25 40 19
45 8 36 47
47 24 18 9
47 27 44 46
24 36 47 5
28 19 37 40
45 27 33 16
18 36 32 35
37 39 20 4
20 30 18 0
9 37 44 10
17 11 42 5
38 10 26 43
45 23 12 8
47 28 24 46
36 36 47 21
44 29 18 29
35 34 19 3
49 25 14 2
27 38 24 3
24 23 23 9
22 13 20 3
22 4 13 37
24 36 23 2
17 19 10 7
15 3 46 46
45 0 22 0
38 21 30 5
32 20 21 16
23 7 44 31
30 40 22 3
33 49 34 41
49 35 34 14
49 39 32 27
3 37 13 0
29 23 11 28
42 24 42 45
25 24 10 38
21 25 15 37
43 31 47 16
19 25 18 33
26 10 41 19
40 10 12 6
14 33 41 27
37 15 31 0
48 25 24 43
44 30 5 35
9 46 28 40
34 17 45 24
13 46 37 5
32 29 45 10
32 12 4 39
25 23 10 34
44 27 14 2
49 21 8 42
24 30 15 12
29 21 20 43
40 28 6 36
30 40 28 6
15 12 25 12
39 24 46 33
31 21 15 5
42 15 25 37
45 30 18 7
15 45 18 2
35 1 22 31
26 45 14 46
32 15 17 34
45 32 43 36
9 49 19 7
43 2 20 5
41 21 30 45
48 27 41 42
10 26 20 4
38 18 47 45
8 39 23 5
37 25 28 12
27 45 36 41
44 25 39 12
42 26 42 38
48 28 39 43
41 8 16 2
48 28 22 45
44 6 35 16
38 43 20 36
47 0 22 9
20 10 12 8
41 30 21 13
11 14 20 7
26 18 13 1
34 45 19 39
33 26 40 34
46 27 18 27
48 24 6 43
19 39 19 3
19 43 27 1
7 43 46 36
40 31 23 39
8 30 6 33
32 34 16 4
38 30 23 46
30 11 20 3
42 2 11 42
22 41 43 37
36 47 38 10
