50 182 19503 800
44 6 48 44
2 32 0 20
38 24 44 10
21 14 29 15
9 18 38 12
17 15 18 20
7 29 16 30
11 34 44 49
41 22 11 23
37 23 9 3
8 7 3 12
33 40 5 7
23 49 45 36
37 30 40 4
43 8 47 38
42 47 17 30
29 31 49 4
5 34 22 20
8 32 9 5
11 12 7 24
18 16 49 0
34 14 13 20
10 27 13 25
8 6 12 5
21 10 7 27
45 45 19 12
27 35 40 43
8 20 12 24
11 14 34 1
22 17 3 22
8 32 17 33
40 1 18 28
38 23 2 5
33 1 36 48
7 30 37 35
4 28 10 26
33 33 13 21
3 17 39 15
19 9 10 27
8 22 33 43
36 10 10 2
39 3 6 31
40 17 47 49
9 6 41 4
9 15 11 11
37 15 14 10
32 16 36 35
14 46 46 8
22 12 21 30
44 7 38 42
7 29 14 20
22 14 41 29
13 23 16 26
35 39 22 28
12 17 29 15
9 27 34 33
34 17 34 47
17 10 13 25
34 20 19 48
22 15 23 19
21 17 45 38
4 28 36 20
13 14 8 10
11 33 3 17
38 14 12 30
2 31 39 30
31 43 47 6
8 33 47 26
8 30 22 12
21 15 20 21
11 32 35 1
36 10 40 39
47 5 13 14
38 34 11 30
19 27 43 43
9 30 11 36
14 34 28 6
4 29 14 27
8 11 18 24
40 7 2 19
48 20 11 22
29 47 27 19
28 39 25 10
44 13 36 19
11 20 23 46
24 37 38 0
8 28 21 3
31 32 18 18
44 37 12 24
24 37 11 6
14 13 44 39
11 13 12 23
29 33 35 20
9 26 13 24
16 28 6 24
27 42 20 23
8 15 1 25
5 32 21 1
24 6 40 35
16 20 37 11
14 28 24 17
15 16 38 4
33 1 13 29
43 19 43 40
45 14 24 28
8 29 47 11
22 12 34 25
41 38 42 49
6 30 34 30
31 35 7 31
20 45 49 46
45 0 11 17
45 41 32 11
23 23 26 4
9 32 47 0
14 38 16 21
43 24 39 6
34 25 30 22
25 32 8 37
40 2 11 20
6 35 40 1
11 13 14 24
39 7 26 12
18 42 5 24
40 18 28 22
47 2 15 33
14 36 14 21
34 25 44 6
31 17 37 4
48 6 39 38
20 16 12 22
22 35 1 1
39 30 11 26
33 25 41 7
12 12 39 4
5 28 47 37
22 9 14 22
47 36 41 31
30 42 33 35
9 27 42 1
31 22 9 29
10 31 41 8
42 10 36 23
16 23 3 37
46 20 45 12
34 32 10 17
9 28 16 20
37 8 34 23
29 9 17 24
8 31 3 10
32 22 43 25
23 29 5 11
7 14 46 4
46 37 10 17
20 27 41 45
22 15 44 14
20 18 33 20
13 48 31 6
3 35 35 8
10 34 14 33
16 8 46 43
5 28 18 25
21 11 33 28
35 6 32 10
17 12 38 49
9 28 37 42
25 23 34 2
3 31 12 30
25 46 37 31
10 36 40 44
15 8 25 35
24 34 40 17
16 38 40 44
9 18 42 47
40 18 11 6
25 22 17 30
18 27 11 25
46 22 42 37
44 3 41 17
22 30 1 21
45 5 11 29
35 14 42 8
