50 223 19434 800
30 40 6 0
42 12 23 25
27 41 18 44
13 48 21 46
34 42 10 47
15 42 35 29
20 40 19 24
35 20 25 44
46 7 48 40
38 19 21 26
30 21 32 16
38 24 19 24
12 46 36 26
12 27 20 4
36 30 22 27
19 24 31 35
26 45 36 22
8 46 26 9
40 23 33 31
0 29 32 32
14 25 19 28
16 31 35 18
9 26 5 16
40 29 29 48
18 22 28 45
14 26 36 22
11 40 40 9
49 34 24 25
39 34 22 26
40 25 23 29
30 30 36 26
36 30 24 20
20 47 9 18
10 39 11 44
41 41 26 34
13 24 31 37
42 24 29 49
10 21 24 41
17 21 47 18
19 29 20 21
32 21 26 12
25 48 17 38
10 21 3 35
41 18 17 46
7 43 12 0
34 21 49 15
38 17 25 45
38 21 49 38
35 29 2 39
48 43 23 44
35 20 32 33
46 24 22 27
19 26 20 7
28 48 23 4
25 42 29 25
20 30 8 9
38 27 22 27
18 19 11 5
15 31 45 14
44 25 18 1
20 25 25 42
24 21 25 43
17 16 46 5
25 47 35 17
41 25 17 9
37 19 7 22
11 44 32 26
19 12 5 39
22 48 32 34
42 9 28 26
25 16 25 25
19 23 18 39
16 16 22 32
15 18 9 5
20 47 16 16
9 20 23 27
14 30 26 37
16 19 42 27
42 32 45 26
33 22 23 2
42 47 28 47
40 27 23 13
29 42 24 25
34 32 25 25
23 48 4 6
15 29 38 23
13 22 31 40
9 24 21 24
29 28 20 41
39 19 37 26
25 43 18 9
13 43 17 44
41 7 20 26
36 11 32 22
11 21 38 29
36 21 48 18
37 39 4 49
39 25 24 22
28 28 14 11
10 18 42 23
37 25 29 49
15 36 21 23
26 47 36 15
12 21 30 45
33 35 11 0
17 30 10 37
36 21 43 26
22 45 15 35
18 20 31 10
38 40 4 18
42 34 3 42
15 29 12 9
48 40 31 31
44 18 41 29
41 24 17 37
40 27 33 32
45 23 4 12
25 17 23 31
35 25 11 29
8 43 20 2
16 16 25 47
20 24 37 25
46 29 31 47
13 25 21 19
16 16 34 39
14 25 25 43
6 16 25 11
33 15 4 15
35 20 2 42
35 25 16 22
37 20 4 43
35 23 31 48
28 29 19 11
47 13 28 43
15 42 29 44
9 17 4 48
11 40 21 27
34 26 5 45
20 17 44 15
29 48 20 41
40 22 5 30
15 16 42 14
30 2 14 35
49 37 25 27
15 19 10 44
43 42 37 32
40 22 28 47
42 26 33 1
36 24 5 8
21 46 27 36
40 29 24 24
12 24 27 45
48 24 40 29
29 46 20 19
34 25 47 47
16 31 10 7
33 16 29 38
39 20 9 46
17 27 33 32
11 24 29 26
18 45 25 17
13 47 32 27
11 39 24 27
22 6 13 12
22 20 19 36
11 41 44 10
26 21 21 21
10 16 36 34
12 45 11 7
14 20 21 33
36 27 3 36
0 35 36 32
16 25 23 26
43 17 21 7
37 21 3 14
48 27 14 33
6 39 23 3
22 30 33 29
10 23 33 41
16 30 19 22
37 20 15 34
26 34 31 27
10 44 18 38
43 1 22 23
15 22 22 16
41 29 22 9
46 29 16 12
41 33 39 30
43 31 18 8
48 25 41 21
24 9 15 24
19 46 25 43
10 17 14 23
21 47 24 26
9 21 34 28
35 20 34 15
49 27 15 10
43 22 28 43
32 4 26 40
40 26 30 15
22 34 28 34
33 32 37 34
12 47 31 40
27 15 11 39
34 41 3 47
44 17 18 37
7 48 37 41
37 11 24 49
34 18 29 23
37 26 37 34
26 19 23 27
37 21 21 21
45 39 31 4
10 14 9 6
21 20 23 25
36 8 8 28
18 47 3 43
23 45 11 26
33 21 43 16
39 21 10 26
32 27 14 48
17 31 24 27
17 47 21 26
