50 1063 14741 800
30 3 4 20
9 27 14 27
30 14 15 23
23 16 6 15
38 6 41 26
28 2 4 14
41 19 8 31
42 6 5 14
19 24 38 39
33 7 38 10
20 11 27 44
21 19 38 30
29 25 1 12
38 4 13 4
40 10 37 16
27 5 30 40
11 36 5 26
26 14 49 24
10 34 19 49
14 37 37 13
13 21 3 18
16 8 0 12
16 9 5 11
13 41 32 20
14 29 22 32
36 17 9 18
10 10 11 17
1 17 5 40
14 33 28 27
26 22 32 4
29 1 37 35
19 3 4 13
17 3 29 43
9 38 29 47
16 33 6 30
29 4 13 31
14 29 34 47
10 36 23 32
12 1 6 14
40 19 9 21
11 14 33 39
41 1 24 16
8 16 13 31
10 16 29 13
35 7 36 39
36 11 27 44
3 19 28 44
24 29 28 44
17 19 9 18
41 22 7 16
14 36 5 4
21 24 7 4
8 36 5 0
21 11 13 28
25 6 9 8
14 38 49 27
15 18 46 46
27 14 19 27
27 31 38 10
17 17 12 12
35 16 7 18
30 27 12 29
10 36 44 27
0 32 41 46
20 23 1 14
9 14 23 21
10 29 32 26
6 12 19 35
29 6 7 13
35 18 12 25
11 18 39 21
33 3 7 20
33 32 28 33
47 9 40 36
12 18 6 35
25 10 13 12
35 6 34 37
24 0 6 14
12 36 4 14
11 32 22 34
30 8 3 15
32 11 3 11
43 4 19 25
38 7 9 38
12 32 6 16
16 30 3 12
18 16 6 17
13 36 33 40
32 24 6 27
36 23 4 16
41 5 34 21
11 10 0 1
7 21 23 44
15 37 8 14
16 2 20 18
12 33 9 24
13 27 26 49
28 25 9 18
12 14 45 36
11 35 5 16
20 33 41 19
7 18 5 11
14 12 15 36
24 10 4 27
9 22 31 32
37 23 31 4
11 38 10 12
18 0 26 21
1 6 9 38
26 6 9 12
36 25 31 14
24 28 12 14
14 12 43 34
17 6 4 9
30 24 33 8
11 37 22 30
38 1 6 25
20 23 35 28
16 8 41 14
17 31 0 5
26 25 40 20
9 38 4 16
29 31 41 33
11 35 32 35
24 3 1 13
26 9 29 18
6 18 3 10
24 3 37 14
10 26 29 41
35 33 43 48
12 34 26 34
18 9 8 28
17 22 0 16
7 33 2 4
18 7 13 19
12 34 31 12
44 4 7 29
22 4 6 0
18 19 6 29
43 19 2 13
3 22 4 44
16 17 30 39
34 2 0 33
35 2 44 12
11 29 34 36
33 24 13 7
14 2 35 26
8 15 3 34
14 35 35 10
37 11 4 15
12 37 42 21
20 7 35 22
17 8 47 33
13 33 46 18
7 16 3 25
7 10 42 34
12 19 49 26
18 14 27 47
31 18 8 1
19 22 27 35
37 21 35 30
14 3 29 28
32 5 5 26
14 29 43 33
15 4 24 35
31 28 2 14
11 23 12 35
22 19 37 10
13 36 3 14
34 20 7 11
11 34 25 48
6 32 5 28
7 21 45 26
13 29 2 9
26 0 37 40
14 0 32 25
8 4 48 13
9 13 15 32
14 14 13 25
27 12 7 19
9 9 28 49
13 25 38 8
39 25 21 44
30 7 25 33
32 15 46 11
25 15 39 13
39 21 5 17
40 21 39 9
16 17 10 27
42 23 6 19
12 37 10 47
25 22 4 15
16 15 2 22
13 36 6 9
39 20 24 31
14 20 39 37
13 37 30 37
16 39 2 16
19 8 24 44
5 21 10 14
12 36 26 46
32 8 34 30
15 2 7 11
34 19 9 28
16 22 4 12
7 34 31 43
35 23 29 10
11 22 5 17
9 13 18 10
22 19 39 39
11 1 31 47
13 34 13 24
17 27 7 19
19 29 8 47
34 12 35 27
13 36 5 18
30 1 36 21
13 35 1 7
40 16 4 11
12 17 18 46
16 20 1 10
8 27 13 25
25 9 25 29
12 35 32 36
33 5 40 11
26 2 7 3
42 38 12 31
25 4 3 0
12 26 46 44
17 10 9 35
7 13 27 23
11 35 3 33
32 3 3 7
7 37 8 23
20 16 36 48
12 35 29 38
17 12 0 24
5 31 38 36
13 35 30 43
19 18 8 31
44 18 9 9
39 14 30 30
20 11 27 35
25 35 15 45
31 17 9 22
23 19 35 42
11 35 26 28
5 11 30 47
26 29 14 35
18 4 34 12
36 22 21 45
17 19 18 23
13 11 5 16
37 5 4 19
31 25 39 23
11 37 43 31
11 33 1 34
15 1 6 2
25 6 14 0
12 37 18 36
26 6 44 24
35 19 6 15
21 18 3 17
23 30 0 13
15 33 16 22
24 3 22 39
11 8 4 19
37 16 40 24
12 34 37 25
6 15 26 43
16 9 4 9
25 20 30 41
24 14 10 1
35 27 11 21
10 35 34 16
28 6 3 8
22 14 7 6
20 21 4 19
11 12 8 33
13 3 1 18
6 24 22 49
8 6 37 17
32 1 33 26
11 35 17 6
10 37 23 32
25 26 6 27
10 36 39 27
42 11 15 40
40 1 8 16
13 30 44 21
39 25 3 15
19 28 5 12
33 19 7 31
34 1 2 34
14 40 9 20
14 34 44 35
29 30 30 36
39 25 15 21
42 23 44 44
20 27 13 11
16 35 39 15
14 27 35 35
15 22 18 29
12 35 5 16
33 30 19 45
13 35 17 41
29 19 2 1
20 18 12 44
13 36 22 47
15 40 31 38
33 9 42 9
18 16 8 17
6 9 36 42
29 10 43 33
20 16 3 20
24 30 25 39
17 9 28 39
24 0 8 13
10 34 1 0
11 20 37 42
37 4 7 16
17 21 6 14
14 17 25 41
15 18 37 18
10 34 36 27
39 20 6 16
25 13 28 47
12 40 14 33
36 13 49 15
16 32 18 15
30 19 37 41
11 35 6 13
5 7 4 13
13 36 5 15
24 5 26 45
11 15 6 16
7 35 27 33
14 36 22 46
33 2 20 42
30 19 7 16
26 17 38 8
45 21 41 11
32 2 13 28
28 18 36 0
36 5 19 29
12 38 5 14
26 19 49 20
6 8 1 41
22 17 16 40
25 1 1 9
20 16 34 41
26 23 5 44
12 8 20 49
24 6 32 48
16 25 22 36
21 18 12 9
13 39 1 15
10 37 49 37
23 21 1 15
20 6 2 38
21 35 8 21
8 15 34 5
18 8 4 4
14 2 26 39
14 19 8 30
9 29 13 20
10 14 28 45
15 35 30 21
25 3 2 25
15 4 8 14
22 10 2 16
20 21 9 43
18 15 3 15
7 22 26 29
15 9 31 20
22 15 11 9
23 0 27 46
17 0 40 39
9 30 8 12
29 18 9 26
39 3 21 17
19 1 13 7
13 33 29 43
13 36 8 42
17 19 31 38
16 13 0 35
19 15 7 48
13 34 6 14
25 10 4 25
11 36 37 11
24 28 9 19
32 21 31 39
37 14 0 10
10 33 37 19
9 8 38 33
38 9 35 38
22 9 7 14
25 2 6 10
43 25 3 31
8 11 4 16
22 19 34 28
36 19 25 47
46 23 23 13
16 21 1 14
17 3 39 38
29 10 13 17
16 25 4 14
37 22 26 28
29 37 0 30
11 12 44 23
0 24 43 19
34 29 5 15
22 2 3 14
26 16 46 29
5 20 18 39
12 30 1 18
29 23 1 4
16 9 26 37
14 34 18 41
9 36 49 25
12 30 29 45
13 31 21 29
5 22 31 42
13 31 43 20
15 21 28 1
11 21 12 39
16 18 5 15
11 36 1 45
24 14 34 0
37 25 4 28
25 14 45 32
17 25 7 13
24 26 25 48
21 24 43 36
17 6 32 44
24 14 25 38
23 8 30 25
15 15 43 47
15 1 30 33
12 37 1 10
32 9 21 37
12 36 42 31
35 14 12 36
31 20 26 23
20 15 6 11
16 38 8 23
25 10 28 25
26 11 4 1
36 11 5 3
12 37 33 17
18 2 36 27
29 19 5 15
30 8 13 23
5 18 3 28
38 1 5 19
13 36 23 42
19 6 10 2
22 16 49 34
23 25 23 45
37 23 6 19
37 0 33 23
11 12 35 26
32 0 16 21
20 21 5 39
35 26 17 33
16 37 32 3
23 23 23 34
29 24 5 17
29 14 5 13
39 16 34 36
37 16 6 17
23 33 26 23
11 36 1 39
22 7 9 13
18 24 46 19
40 18 40 29
11 34 22 38
12 38 15 18
38 0 8 29
34 26 46 31
12 16 7 29
10 36 29 48
28 29 7 12
22 8 37 49
7 20 31 49
11 22 33 33
9 37 14 48
38 43 12 0
30 43 7 20
31 17 24 40
12 34 3 13
19 0 28 40
7 13 27 41
34 7 22 39
27 6 13 41
20 4 8 3
18 12 14 45
34 28 14 28
33 1 38 47
25 6 35 36
26 19 31 43
8 39 41 5
25 22 20 44
25 17 23 35
42 5 6 49
24 5 19 28
16 8 20 41
39 5 13 16
14 17 4 5
30 8 26 25
13 16 11 1
16 17 7 31
31 17 4 20
11 32 3 17
37 24 20 30
27 27 11 32
26 19 22 46
28 20 28 43
12 38 2 15
6 37 42 26
12 25 4 15
33 16 39 27
16 20 24 23
11 32 3 36
42 11 4 13
11 28 27 41
36 15 12 20
39 32 35 27
19 20 6 27
29 16 9 38
35 22 42 26
8 14 16 16
18 29 23 46
9 36 23 37
5 17 5 32
19 37 2 12
9 25 36 48
17 35 0 28
11 35 26 17
2 24 33 21
20 10 44 29
8 14 37 19
26 1 5 17
29 22 5 14
10 36 6 13
22 16 8 43
15 5 2 2
26 9 43 44
11 37 4 15
23 20 34 41
12 35 15 25
21 15 13 48
14 38 23 23
11 32 29 21
33 10 35 37
11 33 28 32
12 38 38 33
16 32 31 6
34 22 0 5
23 4 27 43
24 4 6 3
32 8 5 17
44 8 5 14
23 10 0 8
31 10 8 15
13 14 4 31
13 37 17 33
34 22 25 35
4 16 25 43
13 30 24 35
24 12 1 31
34 5 1 29
17 18 6 6
13 20 9 7
22 18 44 41
9 25 32 31
2 29 9 33
32 21 26 38
24 22 13 19
11 35 38 44
24 17 3 14
13 26 6 14
12 35 26 46
27 35 4 20
4 37 38 32
32 34 27 35
15 39 7 24
20 13 6 14
10 36 30 44
12 26 0 10
8 40 41 22
8 25 38 25
29 13 38 26
15 20 1 32
7 26 3 30
46 9 7 16
33 0 5 2
29 6 5 15
29 5 29 13
30 21 27 39
27 36 43 24
10 21 34 21
34 33 46 19
46 19 26 42
19 19 16 26
26 18 6 16
13 36 13 11
14 35 40 47
30 4 1 33
17 11 5 19
37 19 29 44
40 17 6 15
18 21 16 47
10 34 47 6
16 27 31 33
33 0 39 39
10 33 26 32
13 22 42 3
14 13 6 17
8 19 3 20
37 3 35 30
0 18 20 19
30 1 29 36
14 23 31 28
13 9 1 21
12 32 8 29
14 15 30 43
8 30 4 17
20 27 27 21
24 0 5 3
21 11 5 16
24 7 49 41
36 24 16 47
41 24 7 6
7 13 15 27
16 5 48 33
33 31 14 27
24 8 30 25
36 23 33 42
22 17 11 33
9 30 7 18
12 35 3 15
32 6 2 13
38 21 15 11
19 29 11 17
10 0 5 25
13 35 3 14
39 18 17 26
36 29 17 46
22 3 36 29
32 34 24 38
15 1 23 26
23 23 10 17
17 37 40 20
24 22 2 4
24 9 37 9
14 17 32 15
34 21 20 8
14 36 4 19
26 13 14 22
31 23 13 28
13 8 12 49
10 13 27 22
33 29 4 1
12 19 14 11
6 11 21 37
15 16 5 14
41 7 35 34
21 31 35 4
9 35 20 49
11 39 4 16
20 18 2 19
37 9 36 17
34 15 3 33
11 33 3 31
11 39 0 10
11 40 23 41
8 36 32 23
31 18 0 8
11 33 5 5
28 3 29 28
32 21 6 35
41 23 29 23
36 27 36 7
26 18 32 27
4 14 39 47
42 14 35 29
20 3 25 36
44 17 1 6
27 16 5 10
28 3 0 27
30 27 8 18
27 14 19 21
35 25 17 35
20 4 34 31
32 15 5 22
36 6 11 30
12 34 24 31
8 28 47 32
11 34 7 33
26 8 33 49
1 28 43 30
7 10 16 14
11 38 26 19
22 13 10 29
26 22 3 15
6 21 25 35
40 21 39 27
40 6 2 18
12 35 20 26
19 21 47 27
21 20 4 20
34 19 20 27
2 21 4 17
31 27 28 17
12 35 7 18
31 5 25 6
16 15 5 3
17 34 4 14
38 25 1 15
18 33 46 3
19 25 1 1
21 21 30 33
25 22 4 10
39 1 27 49
14 38 18 26
11 33 38 26
18 28 27 49
10 34 36 30
23 5 18 42
38 24 36 27
15 16 24 31
33 29 1 35
41 23 32 38
12 36 10 26
19 11 13 36
17 26 25 20
48 23 8 14
38 24 42 19
13 36 9 26
12 38 26 33
20 16 1 17
19 22 4 20
11 33 35 34
20 18 23 13
14 21 49 11
17 17 10 11
38 25 1 16
25 12 10 29
14 34 37 36
19 10 2 36
40 18 5 16
29 4 0 40
43 7 24 9
32 26 23 46
16 9 5 26
28 2 4 14
24 15 33 48
45 23 7 4
31 5 41 43
20 8 44 18
8 30 29 31
9 38 0 30
14 41 35 46
33 14 15 20
21 19 25 45
21 11 23 31
19 27 0 35
22 13 0 9
23 16 37 24
17 9 13 1
36 26 40 43
18 7 3 41
29 2 34 18
25 6 12 17
26 0 42 23
12 25 0 6
11 37 18 27
17 3 20 28
6 28 18 46
33 9 18 33
35 23 12 6
40 21 38 45
27 30 10 12
6 28 12 17
10 37 32 23
20 19 7 12
32 16 34 21
13 25 23 31
6 7 9 10
8 34 4 17
45 1 27 33
10 38 35 33
26 24 20 38
36 27 11 40
10 32 40 8
15 11 15 6
17 19 3 14
5 9 32 48
1 10 3 14
11 34 6 16
27 20 3 15
27 23 12 3
9 26 6 38
11 36 47 31
5 17 10 22
18 18 35 35
4 8 45 35
3 22 6 36
18 17 8 34
25 21 27 18
16 12 35 0
15 18 8 36
9 21 31 30
21 35 6 35
33 25 12 27
25 3 1 26
11 9 29 45
13 38 28 30
26 16 34 41
6 15 12 25
11 35 13 15
17 4 5 18
14 33 26 34
16 33 29 45
11 38 42 25
19 8 17 32
24 25 1 37
11 21 34 37
11 38 23 33
29 28 27 34
16 20 45 31
12 38 3 24
17 30 5 0
30 32 12 19
16 15 45 32
35 20 5 25
39 7 26 24
35 13 36 29
24 11 46 29
27 42 5 5
18 7 29 40
7 16 29 10
9 17 4 19
11 21 8 14
28 8 8 13
14 13 0 11
12 38 14 47
12 34 18 23
10 36 22 9
19 2 30 43
49 32 40 7
42 19 4 16
34 16 0 9
19 8 7 14
36 24 0 28
9 38 22 37
10 34 24 28
7 24 46 29
34 22 30 40
5 35 32 26
27 5 19 7
12 37 28 37
10 37 7 19
20 13 33 34
46 23 7 19
18 6 22 32
14 36 6 18
11 30 43 6
16 20 21 31
13 36 37 47
11 36 7 20
27 15 35 25
28 21 17 23
17 20 5 26
29 21 2 11
13 14 21 49
23 16 3 6
40 18 6 32
13 35 49 49
4 20 42 28
29 1 2 28
12 20 9 32
12 9 41 6
39 30 28 35
6 26 2 24
37 29 17 27
19 30 0 26
9 21 27 13
19 3 3 15
34 20 19 46
13 36 16 43
11 35 20 18
14 35 3 19
22 5 5 8
18 20 38 36
18 23 24 48
23 21 42 4
32 3 8 1
11 36 17 39
14 37 30 46
37 13 3 19
11 35 25 37
13 32 45 24
39 22 21 12
24 37 18 8
12 10 33 16
18 16 13 47
15 22 19 37
17 27 37 6
28 15 5 14
32 0 9 13
8 1 43 33
30 30 39 14
13 35 43 47
20 25 43 46
32 3 4 17
25 21 6 29
31 29 38 11
12 34 5 8
35 28 27 29
5 27 48 28
21 15 18 37
27 10 30 24
38 10 18 29
14 36 42 39
25 22 35 25
35 37 40 33
35 35 29 42
12 31 6 27
34 5 7 12
12 31 5 14
25 37 13 5
28 4 12 10
34 12 35 27
36 12 24 48
36 15 30 35
14 33 10 1
40 1 0 10
3 24 7 37
32 20 2 13
29 1 27 45
13 35 14 9
8 18 33 34
24 24 14 45
31 0 36 21
31 22 48 7
13 33 0 20
13 32 15 35
37 20 4 16
30 16 35 32
29 17 31 30
5 10 22 39
14 16 4 21
11 39 3 20
13 35 21 6
18 13 3 37
11 28 37 32
16 35 22 45
19 21 29 12
15 17 0 44
10 36 39 24
30 1 20 19
11 33 42 36
28 19 5 24
14 39 35 19
10 34 11 16
23 15 2 14
28 1 5 14
10 20 14 14
35 30 17 31
12 36 16 40
35 10 31 21
30 18 15 44
17 38 38 35
15 25 40 11
24 40 26 33
13 8 27 45
2 21 1 3
18 11 29 28
2 12 13 26
18 21 6 13
34 12 8 8
16 32 24 30
16 18 39 28
15 27 4 16
42 7 42 22
34 24 3 17
11 21 38 30
34 22 9 13
40 20 11 22
10 36 1 23
7 26 12 18
12 12 16 38
28 12 5 10
22 21 25 30
28 16 35 35
16 10 11 4
32 6 30 33
14 36 32 36
25 9 17 44
19 11 36 27
28 10 21 30
28 9 20 32
10 6 28 1
30 21 44 2
26 24 3 16
37 10 6 5
13 10 34 19
15 24 5 12
23 8 31 29
33 30 45 44
20 19 17 15
18 14 21 46
36 7 3 33
10 25 29 19
27 18 25 44
24 4 3 48
33 1 4 12
16 20 37 48
16 26 24 36
41 20 4 11
34 15 39 4
41 19 0 14
3 12 24 32
2 18 8 18
5 14 28 14
13 37 2 13
13 30 5 14
21 21 28 11
14 35 34 19
18 14 47 45
8 24 5 14
32 17 46 44
12 35 40 32
28 17 38 29
27 2 42 40
17 18 28 28
12 34 39 37
33 8 1 42
10 36 36 19
27 2 6 4
32 13 7 22
19 17 29 36
41 24 20 26
23 10 3 16
31 21 4 15
27 20 24 25
43 21 21 27
12 35 6 25
10 35 8 30
31 26 32 39
28 25 13 25
17 7 39 28
8 32 39 41
20 21 10 16
9 17 46 38
18 22 7 15
17 19 5 28
12 36 2 2
39 24 3 14
12 34 22 44
21 8 5 13
