50 205 12927 800
39 17 7 28
33 33 41 2
28 9 10 4
25 4 18 16
24 20 7 37
47 16 29 22
21 32 18 5
21 17 7 34
19 16 15 19
13 13 40 4
21 12 32 18
32 11 35 14
45 9 44 16
26 43 17 32
32 9 4 34
26 13 5 27
44 36 21 4
42 13 29 44
26 24 21 11
26 28 25 17
18 7 42 1
24 12 35 3
25 14 8 47
44 21 9 32
33 8 12 45
45 8 6 13
23 14 38 34
36 20 39 8
39 5 45 11
19 18 30 14
46 13 14 34
21 10 38 5
24 12 26 44
34 24 34 19
42 23 4 9
20 20 9 36
49 17 41 1
12 9 37 34
46 14 35 1
43 12 21 36
28 15 45 1
23 5 0 25
28 15 22 3
41 48 20 7
29 14 20 5
44 10 40 31
22 15 24 4
29 9 18 23
26 8 19 25
39 20 14 20
24 11 22 17
44 22 15 8
20 5 24 10
40 3 19 38
26 24 0 41
9 33 26 11
19 23 0 34
23 17 6 42
45 13 37 11
17 11 2 39
37 26 22 5
49 24 17 10
40 13 1 35
24 12 4 32
49 20 4 38
40 17 25 12
25 15 10 27
45 16 21 12
25 4 20 41
22 12 37 34
20 46 14 8
46 19 5 18
15 11 25 14
31 9 5 33
43 12 34 8
17 11 23 8
47 18 12 47
24 15 37 2
31 9 1 42
26 16 19 7
20 10 16 15
20 10 29 5
32 8 29 23
35 11 30 18
8 4 2 28
47 24 40 35
48 17 36 17
43 39 31 0
30 44 4 36
32 12 22 0
24 1 32 9
20 14 11 30
20 12 31 39
29 13 7 20
23 10 18 36
41 9 25 4
20 8 10 23
27 7 8 40
25 43 13 42
41 23 40 5
41 13 18 38
45 5 5 43
46 23 24 23
33 25 8 41
19 17 17 6
31 21 17 13
48 14 36 27
34 23 22 16
21 18 26 28
42 13 15 19
28 5 22 22
45 19 22 27
21 17 27 20
31 31 5 31
25 11 1 41
35 25 5 20
13 30 39 5
37 10 42 36
45 2 35 16
29 45 35 2
20 20 32 0
31 11 3 41
12 22 3 44
26 9 2 37
16 41 21 47
0 18 13 5
12 2 16 4
31 19 18 6
24 23 21 19
35 23 25 10
41 7 29 20
21 30 35 16
27 4 31 33
24 5 25 12
45 26 36 36
28 11 1 31
34 23 16 35
13 6 42 33
24 13 33 3
27 10 8 21
34 15 26 5
27 18 3 33
25 10 7 18
49 43 35 32
44 20 21 39
21 4 1 14
31 0 14 29
20 14 21 32
41 22 35 42
45 24 23 28
27 12 7 15
21 11 39 38
24 13 2 13
39 19 6 31
42 14 20 18
29 11 2 34
31 8 11 11
20 14 12 12
19 4 18 24
16 20 16 25
24 14 18 39
32 6 41 10
21 12 15 18
18 8 40 29
44 19 31 0
46 34 7 29
30 31 20 28
45 12 37 17
36 26 0 31
28 15 26 5
23 9 42 43
29 13 19 7
28 13 15 38
22 11 15 0
23 15 37 9
45 16 29 8
24 13 1 41
28 14 14 13
48 15 21 3
31 5 47 4
43 14 19 11
47 28 40 13
43 35 30 10
18 9 41 33
42 13 29 18
13 16 33 4
21 15 38 16
35 34 27 2
30 15 6 3
36 3 1 34
48 17 13 23
25 20 19 28
22 17 41 2
48 20 37 15
28 8 12 2
13 16 44 23
34 8 10 4
43 15 1 45
23 15 2 43
16 12 25 5
24 13 12 11
44 14 22 1
17 10 38 17
38 28 20 0
46 16 3 30
