50 648 17841 800
12 47 38 27
26 3 41 20
22 19 2 6
43 12 8 9
42 27 33 6
44 32 8 8
9 42 4 11
18 36 23 3
18 42 16 46
42 17 3 12
42 18 3 3
48 10 6 6
34 9 2 9
40 19 49 13
32 16 14 8
29 19 11 3
42 23 4 8
39 24 7 7
10 38 41 5
8 41 10 12
38 22 10 10
30 10 9 10
42 22 41 16
13 36 21 16
16 34 7 8
39 0 35 16
33 31 13 15
35 16 5 7
40 16 13 6
34 11 34 23
15 41 5 8
43 24 32 9
37 1 25 31
16 32 46 5
48 26 33 10
49 23 11 2
41 18 9 6
12 34 6 9
33 16 5 8
40 30 8 11
47 27 39 23
48 23 3 5
20 38 10 10
18 35 10 27
14 42 13 4
21 20 46 19
12 35 11 2
17 33 39 12
27 21 5 3
31 22 46 14
37 23 3 8
39 25 1 9
14 40 7 7
44 15 38 25
44 22 4 14
36 10 46 0
45 20 7 7
34 23 25 16
42 26 7 9
16 37 1 4
15 35 48 18
15 38 13 5
20 6 9 6
35 25 48 0
37 7 0 18
21 16 31 8
22 19 12 48
11 37 9 11
18 36 5 17
13 42 30 14
39 4 43 0
42 21 2 10
15 34 8 1
38 1 0 6
28 20 11 10
40 32 30 29
27 22 2 9
35 15 9 3
39 18 39 26
36 23 35 15
14 40 32 3
49 17 36 27
13 34 2 10
24 26 11 0
43 4 27 27
30 11 0 36
13 36 8 11
37 21 5 7
42 33 3 6
30 29 40 42
34 31 47 15
46 23 9 14
23 15 7 5
20 23 0 12
37 18 40 25
16 35 5 8
33 33 5 5
19 38 4 8
25 19 8 18
21 11 36 8
30 21 49 5
14 35 5 6
17 37 13 23
28 20 6 7
11 36 44 12
30 29 32 16
15 34 17 19
40 34 8 9
12 43 45 5
27 26 7 5
36 28 30 38
17 41 6 13
49 7 3 9
18 33 36 7
37 23 8 7
31 31 38 19
31 23 9 2
10 37 31 4
22 24 15 22
38 7 18 5
12 35 45 26
38 26 32 16
14 37 29 31
48 13 9 1
27 32 33 11
38 34 43 26
16 36 9 9
31 26 6 12
17 35 7 6
14 36 3 4
14 36 35 18
13 42 6 11
42 32 9 9
25 35 10 13
27 7 43 21
46 10 8 9
30 24 24 10
29 15 4 10
36 23 6 6
15 40 13 43
41 23 27 8
12 36 44 34
32 30 12 6
31 19 2 5
15 40 8 19
47 26 39 24
48 29 23 10
21 23 8 1
11 37 2 1
16 36 16 10
45 13 35 11
14 39 46 7
17 40 5 19
33 15 8 6
43 1 48 16
23 9 43 7
15 38 7 6
14 39 36 19
34 14 10 14
7 36 9 12
41 27 34 22
41 23 11 26
44 24 4 20
19 44 9 7
37 18 33 15
43 20 9 7
21 12 47 23
32 9 43 25
25 19 32 18
46 20 1 32
16 36 5 0
17 32 12 4
18 34 45 28
34 21 48 4
47 12 45 21
47 13 6 8
41 27 39 19
36 26 13 21
25 27 40 14
15 35 10 9
42 20 44 8
8 39 25 2
32 16 11 5
16 37 47 20
44 23 4 11
39 16 0 31
16 37 41 2
40 26 42 23
28 11 46 16
14 37 8 12
36 31 3 7
25 10 13 10
40 25 11 20
34 25 4 0
34 27 7 15
30 6 5 7
19 24 6 9
37 28 3 4
47 28 31 35
47 26 38 11
47 34 5 10
29 24 29 2
40 26 36 14
34 26 7 42
18 39 10 15
40 23 6 11
28 20 6 5
36 16 7 9
21 4 26 26
9 40 22 23
23 19 35 5
16 38 13 12
15 37 2 11
44 1 4 6
29 15 31 11
35 17 11 18
23 6 1 5
42 23 10 41
35 14 29 15
43 21 13 9
38 13 13 23
38 31 4 16
45 21 12 7
15 34 34 17
13 35 33 18
43 23 8 7
48 4 3 10
13 39 1 7
24 22 8 7
38 2 7 10
12 33 0 11
41 25 8 8
36 18 4 2
18 34 16 37
30 36 12 30
32 4 27 18
39 3 26 10
28 21 14 18
38 27 38 19
19 41 35 21
21 14 32 20
16 34 15 2
22 37 44 18
14 38 10 9
43 20 1 31
49 13 2 0
17 31 7 2
36 7 16 20
46 24 1 6
19 36 33 13
19 36 5 11
14 38 9 8
48 22 9 1
32 29 16 11
32 22 6 8
43 10 10 10
26 15 38 6
43 23 9 9
39 6 0 42
26 23 7 11
15 41 0 16
23 14 34 18
29 19 8 13
45 11 3 3
12 40 10 1
38 24 33 6
13 41 4 4
12 41 33 20
44 27 0 16
49 26 36 1
12 35 35 8
35 27 9 13
39 31 31 14
10 40 38 44
42 13 12 14
44 29 13 13
41 25 35 31
26 25 26 12
46 22 3 9
36 35 48 33
45 26 25 16
10 35 11 16
19 39 38 23
42 4 35 18
27 20 2 9
31 33 4 27
13 39 9 8
20 40 5 8
17 34 8 11
20 12 7 13
5 33 17 39
45 33 4 15
36 11 38 31
18 36 35 33
40 11 8 11
38 22 11 7
14 36 12 2
46 19 9 32
16 46 19 12
8 17 40 0
16 34 8 16
15 40 30 8
26 12 45 13
12 35 48 10
13 40 6 7
41 35 4 8
11 37 39 15
11 40 39 26
45 19 1 6
31 15 34 38
36 24 5 6
15 37 7 8
41 18 9 11
48 1 3 13
12 31 2 18
12 36 7 8
35 25 9 6
20 35 18 21
35 9 8 6
15 36 33 10
27 27 11 2
46 21 7 10
24 4 5 10
42 23 5 43
46 22 13 36
40 29 32 19
42 18 7 9
47 15 1 39
45 19 37 34
17 36 8 8
28 21 12 10
12 46 9 42
45 5 2 3
43 9 4 2
35 23 1 11
15 16 36 17
17 38 37 20
22 35 46 17
35 23 13 24
19 38 49 19
32 22 48 25
49 12 14 28
40 20 22 10
47 6 26 6
15 38 7 11
30 14 9 11
29 23 8 9
42 23 34 12
9 39 14 3
42 33 4 2
37 13 46 2
18 41 1 12
12 32 4 10
14 34 5 15
18 39 47 7
45 21 0 4
35 26 34 7
28 24 2 11
38 22 45 19
38 28 8 5
41 21 8 4
29 19 42 18
17 33 25 27
33 35 6 1
48 4 3 5
38 22 39 0
41 24 9 8
15 40 11 25
17 34 29 27
46 19 8 7
13 41 43 18
42 28 0 40
18 40 2 8
44 21 4 4
34 17 6 11
48 10 5 15
44 27 45 14
29 20 14 12
29 9 10 10
22 5 9 5
46 21 5 11
40 27 49 16
44 17 5 10
33 19 30 9
18 36 12 48
47 26 2 6
43 20 34 12
16 39 35 13
18 34 13 7
26 12 20 17
16 35 46 11
19 40 20 49
12 38 2 1
15 38 25 15
44 25 10 0
49 31 1 4
17 37 11 11
45 21 45 32
29 9 0 11
30 11 2 4
41 17 2 1
38 19 42 20
33 13 6 7
16 36 3 1
8 39 5 10
30 1 12 5
49 11 46 17
32 11 14 11
13 35 35 19
28 23 41 12
28 12 4 4
23 12 46 16
33 19 0 11
42 13 7 15
14 38 11 23
8 35 47 13
43 14 39 29
36 21 45 22
30 5 24 13
28 6 38 16
27 22 13 6
34 5 43 9
11 39 5 8
11 39 24 12
32 14 8 7
37 23 10 7
39 25 34 6
33 10 4 8
28 13 33 9
11 40 8 22
24 14 6 10
12 37 8 10
43 28 7 13
45 18 3 11
47 28 49 22
14 34 31 33
49 30 10 6
43 26 10 6
31 4 28 30
29 26 39 17
17 38 3 10
33 2 7 6
32 33 1 16
27 25 19 19
15 41 14 3
40 6 29 29
49 20 35 11
40 19 13 4
21 4 9 3
43 8 5 11
34 13 7 13
19 33 4 3
38 21 2 8
16 38 4 11
17 37 9 35
21 22 30 12
33 20 5 7
35 24 12 10
44 28 43 24
32 10 7 4
19 35 33 32
35 17 40 17
16 35 4 6
20 41 11 8
11 38 10 1
29 12 4 10
41 28 38 25
15 33 6 35
45 4 23 9
30 8 3 9
17 37 1 3
16 37 7 7
20 37 5 6
45 24 2 5
11 37 9 9
30 16 6 11
35 27 5 3
17 43 41 6
28 23 23 15
29 19 39 17
48 28 33 21
49 23 3 5
40 28 26 24
8 37 12 4
35 7 9 5
42 31 37 19
34 7 13 5
16 38 40 2
43 25 4 5
17 41 38 22
11 31 0 10
14 35 19 6
27 26 41 23
26 18 8 10
29 25 13 8
36 0 40 9
29 3 41 24
28 21 28 14
28 18 13 13
42 3 18 18
32 4 5 16
17 35 5 11
36 22 38 17
49 33 40 14
35 5 39 3
45 34 45 15
42 2 11 11
46 3 4 5
15 35 32 20
42 31 36 22
40 32 26 7
43 8 41 12
43 28 10 30
8 36 46 10
42 0 10 2
15 37 27 17
38 17 46 12
29 28 1 49
32 11 5 11
28 7 2 4
23 22 47 32
20 34 22 24
28 23 8 8
46 19 31 14
43 42 6 15
21 35 11 18
46 27 11 15
16 40 27 4
28 7 48 17
25 24 2 9
44 14 10 46
47 17 2 11
30 12 8 6
35 22 43 21
25 26 2 5
29 4 40 14
37 15 45 14
28 24 31 16
31 1 15 27
33 23 14 12
41 8 6 3
13 34 5 37
43 25 45 12
48 26 7 10
37 22 4 13
36 16 8 6
9 36 2 10
45 30 5 13
16 27 3 4
37 5 49 2
39 26 8 13
14 30 23 15
16 35 32 25
46 18 3 4
39 32 6 6
36 13 30 11
41 25 2 12
40 20 11 3
32 21 5 1
49 26 12 26
31 27 12 5
48 22 34 19
18 39 13 8
13 39 23 8
30 32 6 6
41 1 5 4
40 31 6 6
32 12 5 13
48 33 49 15
17 31 1 11
16 38 5 7
26 20 41 16
31 2 13 2
15 39 36 26
30 20 14 1
16 36 8 6
41 21 9 11
37 19 36 10
48 21 43 14
9 35 2 5
38 21 10 4
17 36 11 14
13 40 4 7
26 26 13 2
40 24 8 3
41 22 4 6
47 13 6 11
33 21 8 16
33 20 5 12
17 38 15 10
12 36 7 3
16 32 22 17
43 29 5 14
18 35 38 13
31 6 20 26
33 24 15 11
14 40 6 4
39 22 6 7
44 27 1 9
43 11 11 9
26 2 2 45
41 26 1 5
28 26 33 9
25 7 4 1
14 35 16 6
18 30 5 12
17 37 6 5
15 40 3 7
46 26 9 10
32 9 39 5
16 34 5 10
26 26 12 7
26 6 6 13
36 25 0 5
14 36 7 11
16 40 15 12
39 12 12 2
13 36 38 25
17 26 10 5
33 26 46 7
14 36 6 9
16 38 4 7
26 25 2 4
32 18 37 9
39 0 8 12
34 9 37 23
19 15 34 22
44 26 5 11
43 23 18 8
36 17 32 1
15 37 2 16
47 21 6 2
42 22 14 0
15 38 4 4
27 3 45 25
26 28 10 1
25 17 5 10
32 17 20 23
34 17 5 4
35 23 49 14
32 12 12 9
39 27 26 30
11 35 31 0
49 24 24 20
43 9 44 13
16 38 30 18
42 28 27 30
12 36 37 19
