50 147 13685 800
6 6 49 9
40 12 28 21
13 14 33 15
2 6 47 48
32 15 48 42
11 18 24 16
17 18 33 20
41 22 9 24
24 5 14 35
48 28 40 22
19 12 7 32
32 3 0 21
36 17 19 39
38 30 22 30
26 42 7 28
43 17 28 42
39 25 31 29
27 20 32 28
42 7 24 26
14 3 21 29
2 8 17 28
11 18 31 15
46 25 32 34
30 9 10 16
14 25 15 7
5 12 27 43
33 44 33 27
37 20 25 27
33 7 18 36
34 14 32 28
24 14 26 28
45 20 34 31
37 12 19 25
39 10 32 10
42 11 25 39
3 3 23 44
42 29 24 43
29 7 33 25
41 14 10 43
20 15 24 42
39 7 22 26
6 4 24 45
3 4 35 23
15 7 31 15
30 10 23 17
3 6 30 22
37 39 21 30
34 19 33 26
37 11 12 22
31 13 32 18
26 36 32 22
2 16 23 9
37 17 26 17
27 31 4 21
41 30 24 23
3 2 39 22
33 9 32 29
1 6 30 24
8 36 32 36
46 28 9 29
18 45 36 32
37 17 31 43
32 21 10 21
44 27 0 35
9 2 26 49
4 2 39 30
30 34 24 43
30 10 29 28
34 20 28 29
35 10 30 39
17 11 35 43
34 14 21 42
28 13 22 42
1 3 9 41
6 2 27 15
15 9 4 46
47 34 30 26
17 9 33 30
18 24 35 14
15 16 33 21
36 13 33 43
16 11 26 40
9 8 28 23
1 1 33 8
20 8 30 22
31 7 28 28
28 22 44 17
41 19 26 24
18 3 32 34
10 13 25 38
38 12 24 13
11 3 33 27
47 43 38 26
7 12 28 5
37 26 20 38
36 16 24 30
35 38 36 19
45 19 18 43
32 42 26 43
26 32 37 36
22 13 26 26
29 20 46 2
29 10 14 24
31 24 17 29
0 8 27 34
9 5 33 29
36 1 8 38
42 31 12 34
35 22 38 26
11 11 18 37
3 12 27 11
18 8 46 5
27 6 26 20
4 7 32 12
13 14 0 37
0 4 41 11
36 19 27 30
5 26 26 19
39 13 32 11
41 26 14 38
8 5 29 32
33 20 5 33
12 19 40 23
29 22 46 23
6 13 18 18
17 33 21 43
16 5 19 37
24 13 43 9
12 8 14 24
3 3 18 8
2 0 26 31
6 7 18 37
47 20 33 20
5 16 22 41
45 1 30 19
44 8 25 37
26 18 32 20
1 21 44 19
36 17 21 43
30 7 44 39
40 22 4 43
3 0 3 49
39 15 48 26
0 6 37 30
33 18 19 29
32 40 36 17
34 20 34 28
