50 481 12673 800
46 6 27 25
10 37 19 11
5 38 23 18
36 46 18 13
35 41 26 13
4 29 14 18
18 22 24 9
9 34 26 17
21 36 31 49
19 2 26 15
42 8 20 31
38 9 35 25
22 15 30 22
21 14 42 40
0 41 22 37
24 13 35 16
45 46 27 0
24 45 9 43
14 9 39 28
44 36 19 38
30 8 37 40
4 44 25 15
36 44 25 1
9 47 42 15
17 11 30 20
5 46 26 6
24 45 22 23
27 38 26 25
21 14 24 17
5 47 44 5
36 40 34 28
10 12 22 37
35 42 25 22
35 42 10 34
16 9 6 40
8 43 25 15
19 17 7 24
0 45 8 15
14 10 45 16
38 14 6 19
2 43 12 25
42 8 24 25
9 48 27 3
16 13 47 20
49 43 1 14
13 18 35 25
39 45 32 41
7 46 25 35
21 17 26 11
1 40 28 15
24 6 38 5
18 17 22 40
48 39 27 24
26 49 26 14
8 41 26 15
28 39 34 13
46 44 14 43
43 41 10 40
35 7 46 3
14 10 25 47
25 20 13 49
22 15 13 16
24 45 17 10
17 12 40 48
25 16 25 22
30 4 35 4
49 48 47 15
4 42 9 29
45 44 2 48
27 3 27 17
3 42 10 22
18 18 32 8
20 12 30 39
25 14 10 35
15 1 10 37
45 33 20 12
33 41 46 46
6 48 23 8
22 12 23 26
48 11 38 40
11 46 35 39
16 32 30 16
31 37 11 45
45 45 20 29
36 46 18 20
34 38 25 11
27 42 30 21
22 49 22 35
46 6 16 46
19 16 37 18
32 38 21 47
23 12 21 29
32 10 18 29
24 8 25 20
34 45 32 26
18 21 25 4
48 39 17 18
28 9 31 37
23 16 21 19
36 45 31 35
7 39 26 24
25 43 7 35
20 14 10 45
21 19 22 26
32 25 22 7
31 10 21 24
12 30 34 19
23 42 33 20
43 12 27 47
43 46 4 9
31 46 14 13
7 32 47 30
28 43 25 12
33 48 27 7
15 14 25 18
18 17 19 35
37 0 23 21
15 13 17 16
34 37 17 37
18 38 17 22
17 27 24 35
44 33 16 5
47 41 27 11
12 6 23 11
32 6 17 40
21 7 17 11
33 11 7 35
10 38 13 28
10 33 20 36
43 47 21 25
25 20 13 27
11 7 7 4
43 30 3 25
21 17 44 9
17 49 15 18
1 36 33 16
40 41 0 44
31 41 27 26
35 43 1 22
18 15 6 14
48 49 27 28
16 11 26 34
20 5 13 41
31 13 44 30
33 47 25 18
13 44 31 21
18 8 30 30
15 28 17 20
22 13 15 11
31 45 18 38
2 30 8 33
19 47 30 46
17 6 2 39
38 43 18 47
33 41 28 16
28 10 12 40
17 6 21 25
6 49 39 31
25 14 45 34
46 45 23 21
6 44 40 28
42 39 25 16
17 16 3 36
19 41 15 10
18 18 10 35
30 41 16 46
25 15 18 34
13 44 30 34
17 10 38 40
19 36 13 4
21 16 17 31
18 13 15 26
25 9 7 19
42 37 22 31
20 11 8 5
4 40 21 40
15 8 28 7
16 45 46 30
16 13 33 16
49 12 25 45
27 36 13 22
35 43 16 26
31 45 2 15
36 45 29 19
38 1 3 27
35 37 18 11
47 23 10 29
35 49 14 25
34 3 29 32
6 43 25 32
40 44 4 29
39 30 21 21
19 9 39 24
32 14 23 36
47 44 37 13
13 49 20 36
21 44 30 28
2 46 45 12
19 48 24 4
19 21 7 24
12 39 32 11
21 46 20 39
19 17 7 37
18 5 25 34
16 16 39 31
45 44 39 30
16 17 29 2
21 43 8 18
29 48 25 5
45 36 24 21
17 11 26 20
21 14 43 43
35 9 19 31
41 35 13 35
11 40 18 2
18 17 27 12
39 45 18 23
14 13 21 41
19 7 8 29
40 42 4 38
37 43 11 44
32 44 36 6
34 23 28 45
36 42 22 22
31 41 30 17
13 15 20 15
26 39 35 41
43 40 39 32
34 44 31 14
16 9 21 25
26 12 21 31
22 12 1 49
44 39 9 29
2 42 36 40
19 15 33 20
11 33 21 35
43 39 30 45
10 25 38 19
47 25 31 6
19 47 31 4
45 42 12 20
45 40 10 20
8 47 14 32
38 3 25 3
34 45 12 31
48 48 31 36
23 21 23 26
47 43 46 17
29 43 31 5
47 42 28 29
44 43 29 13
44 28 1 37
26 44 10 36
25 12 27 37
36 41 21 35
3 41 19 25
30 43 22 27
45 3 33 10
41 8 24 20
33 46 22 25
43 43 24 34
29 39 15 40
34 16 27 48
4 40 20 19
43 25 4 43
12 35 1 28
27 7 44 12
34 16 34 27
19 17 4 15
6 30 22 40
35 49 25 13
45 39 39 42
19 45 25 0
30 22 9 10
15 34 13 45
31 48 1 38
29 22 10 19
21 0 25 7
35 47 23 41
19 9 33 46
40 43 22 22
13 21 26 23
35 47 47 13
15 27 22 8
29 43 28 24
32 48 41 33
34 48 28 5
29 44 37 21
48 42 27 15
10 46 6 47
9 40 28 25
24 13 40 23
16 4 28 24
40 43 26 24
16 48 17 12
30 45 20 28
30 45 44 31
45 42 20 10
35 7 29 15
13 31 28 13
19 10 12 28
17 19 40 15
32 0 6 36
47 6 25 12
49 39 22 44
29 7 14 30
6 38 33 21
25 16 11 25
28 44 0 27
45 22 16 23
41 44 3 23
6 45 35 18
35 48 5 25
25 45 17 37
45 44 24 11
5 40 28 22
11 12 10 39
27 40 32 7
31 25 33 32
34 40 28 47
22 15 6 26
21 10 5 44
38 28 27 11
27 31 27 20
26 0 7 35
31 40 28 9
14 18 30 23
31 5 43 37
11 3 23 17
9 34 9 19
31 45 4 26
48 2 13 11
47 47 26 14
7 36 3 27
32 38 23 49
15 12 33 17
43 43 12 13
32 12 15 13
37 26 37 11
30 48 37 3
27 45 22 22
33 39 16 12
16 9 47 10
10 38 19 20
23 20 23 36
38 8 0 15
28 24 30 17
25 15 11 17
31 40 20 8
21 9 16 4
0 8 4 16
31 47 29 25
35 37 27 20
27 40 18 15
22 43 18 29
36 42 23 9
23 1 35 46
28 9 26 19
46 5 21 28
9 39 44 19
13 34 39 15
29 7 6 35
44 41 20 30
35 7 39 10
18 49 32 47
38 49 11 30
14 47 18 46
16 31 22 35
11 48 27 31
38 44 26 33
20 15 33 23
33 45 21 14
21 16 27 32
39 11 28 16
48 5 8 21
3 31 24 13
12 11 12 45
22 49 10 16
35 5 7 27
23 20 19 40
22 1 24 13
23 47 12 35
5 39 32 16
23 18 2 16
45 41 11 17
22 10 43 8
32 44 23 26
34 40 17 35
16 49 18 27
22 10 7 36
22 14 2 30
15 45 19 2
17 14 30 42
38 41 30 8
16 13 17 34
35 45 10 10
25 43 38 14
34 29 19 8
49 43 4 32
23 15 38 26
40 45 37 7
39 49 26 10
22 18 32 11
4 42 6 19
44 3 15 17
19 18 8 23
3 37 30 46
30 18 12 36
33 45 36 39
11 49 34 22
42 48 14 15
10 42 35 34
35 49 12 33
8 32 32 12
10 34 41 19
34 8 22 22
26 46 33 5
33 15 11 24
49 40 25 38
17 7 25 27
38 46 43 40
35 14 16 16
18 43 17 48
35 49 6 15
21 3 20 29
45 40 11 34
18 4 15 35
8 19 21 9
17 20 24 42
38 0 19 3
18 12 34 35
23 18 7 11
26 7 27 24
45 43 32 16
16 17 29 33
22 41 3 33
39 41 1 9
10 40 13 37
16 14 13 32
17 7 22 21
34 45 15 38
20 15 27 24
29 10 41 34
17 11 19 21
13 8 37 44
29 3 38 18
16 7 22 24
35 47 33 35
29 7 21 25
36 44 28 41
19 14 35 6
43 44 12 35
10 39 26 14
13 1 31 45
14 11 27 42
9 29 26 10
9 33 13 5
18 10 33 41
8 37 26 47
49 44 3 23
10 39 25 15
40 40 38 22
29 48 25 42
1 40 29 14
34 4 6 19
6 46 27 37
23 10 28 21
30 37 23 10
19 11 35 20
21 19 12 32
14 9 27 32
38 39 3 32
26 10 12 31
12 45 15 16
3 35 26 7
25 41 21 19
32 42 7 37
21 13 29 21
36 39 31 44
21 14 39 23
15 7 18 33
