50 584 15968 800
16 19 31 17
10 15 15 19
41 35 29 43
29 33 32 4
27 13 16 30
14 14 34 9
13 19 32 17
10 18 36 46
40 10 10 39
14 20 46 43
37 37 19 25
49 44 38 26
12 16 48 20
45 42 9 48
41 45 41 24
48 40 37 47
11 22 21 10
49 14 28 21
28 39 5 42
31 0 20 21
45 6 23 18
16 17 24 32
48 38 33 45
40 38 27 26
45 35 33 44
2 48 30 23
25 10 25 42
17 18 38 46
11 25 12 9
48 42 45 27
43 12 35 18
15 19 17 7
13 15 21 42
12 20 33 21
37 38 29 32
25 10 27 13
25 12 35 38
17 17 13 30
27 23 33 31
24 29 49 41
44 39 35 48
44 36 11 39
49 40 28 33
16 15 34 46
27 18 33 15
13 19 31 46
38 41 40 17
13 15 26 33
43 40 2 44
46 44 13 35
17 26 26 36
48 15 20 26
9 18 12 10
42 40 24 15
13 22 28 26
47 44 30 45
42 38 24 21
16 22 30 30
40 7 17 20
25 32 37 24
13 27 19 27
32 7 15 24
38 20 20 37
12 21 29 27
46 44 37 6
48 35 28 14
12 20 29 46
12 16 44 30
45 45 15 43
5 26 16 30
37 9 10 45
38 21 39 28
43 14 38 47
34 14 41 30
47 15 7 38
29 14 34 44
15 24 3 23
39 39 45 45
35 13 35 20
7 19 17 33
16 17 27 24
14 19 30 16
3 21 34 49
17 19 28 2
16 18 49 0
11 20 25 31
22 12 14 49
20 4 23 13
9 21 12 29
37 4 14 17
38 19 41 12
12 16 34 38
41 31 25 4
16 29 22 15
7 32 12 14
12 19 45 44
4 31 9 48
34 28 19 46
12 13 33 10
46 38 34 0
43 33 39 47
48 35 28 3
41 10 36 21
16 18 11 39
44 17 31 26
41 31 18 15
13 17 34 19
3 24 19 14
15 21 19 46
16 16 8 22
11 18 2 46
37 16 17 27
35 27 14 44
43 41 48 43
18 17 44 35
18 35 31 0
43 40 25 13
49 36 45 44
12 19 35 41
43 38 12 30
34 9 42 23
39 31 36 35
18 25 46 2
16 18 15 49
49 36 30 46
28 21 32 4
41 12 31 17
8 20 35 9
13 22 22 32
48 43 46 21
11 12 15 48
43 34 20 38
48 11 42 12
11 23 36 4
47 44 30 11
21 28 1 36
47 15 41 6
15 5 14 42
41 5 26 14
10 22 32 31
44 7 30 22
43 36 15 19
12 17 20 30
11 20 22 35
37 14 24 8
43 35 39 36
19 30 34 47
22 15 11 46
14 16 31 0
46 41 16 27
14 24 48 31
40 42 44 11
27 19 21 33
43 7 40 49
20 20 33 43
37 6 45 30
14 18 11 34
20 22 31 48
32 36 25 38
40 40 27 36
15 19 24 6
14 39 16 27
10 28 48 2
40 43 4 47
48 44 45 33
10 38 33 44
14 18 43 39
46 21 45 9
43 39 37 35
18 4 15 46
42 39 41 45
39 38 19 29
42 10 16 40
14 24 10 18
44 30 1 48
6 21 35 45
13 16 43 12
13 21 17 29
41 17 23 28
13 22 4 20
14 17 28 20
10 21 24 32
6 18 33 44
32 8 17 13
7 19 25 15
10 32 32 12
38 46 38 2
26 18 14 46
47 37 33 14
12 22 30 27
41 46 12 23
11 11 47 39
13 16 21 29
45 37 17 28
44 42 15 49
12 20 21 21
43 14 40 41
14 18 15 34
49 38 33 29
45 3 20 43
41 8 31 48
15 25 15 38
42 39 20 44
1 16 43 46
27 5 38 24
47 37 31 39
14 17 22 28
31 11 22 39
13 17 3 11
39 12 18 18
13 16 43 11
44 12 40 45
49 44 14 25
43 12 30 35
19 17 30 45
1 20 19 23
10 15 32 39
46 43 7 31
4 21 36 30
42 4 8 44
36 8 32 43
14 20 21 29
49 41 34 22
26 0 22 29
41 14 34 37
15 15 44 11
45 6 28 16
43 11 19 23
42 9 22 31
43 10 28 9
11 17 38 41
43 42 32 8
43 44 8 14
46 10 45 18
40 45 43 39
36 39 26 41
44 40 29 40
11 22 10 10
36 15 25 49
16 20 43 32
23 12 18 43
45 41 21 24
21 29 15 47
19 13 28 48
14 22 31 4
49 40 17 39
42 11 9 42
45 40 39 10
9 16 6 31
38 46 41 23
13 33 33 32
44 40 15 43
45 41 26 37
13 15 33 23
48 45 21 14
44 42 24 38
46 18 47 32
46 43 40 19
39 41 34 47
47 43 33 14
19 24 49 7
12 5 32 47
38 13 42 23
8 15 19 21
14 21 28 20
15 43 30 48
14 20 35 30
47 31 44 19
47 44 28 10
37 45 43 5
48 32 42 26
46 36 35 26
14 18 0 9
48 47 23 28
48 40 22 1
31 6 21 34
47 38 37 20
43 40 12 16
16 21 21 32
46 11 38 31
42 6 10 43
17 20 43 7
49 42 40 14
11 22 41 32
38 40 14 35
28 29 38 37
45 38 29 44
47 40 37 8
44 43 31 0
12 19 35 37
8 16 30 18
13 22 34 34
48 41 38 26
10 17 13 49
38 33 24 31
15 20 29 47
31 41 32 23
33 11 40 47
13 20 19 49
14 21 7 28
15 15 29 37
14 18 30 33
34 13 39 38
15 15 24 19
16 24 41 33
18 18 34 47
9 20 33 37
25 5 34 49
4 39 16 21
43 16 15 44
42 23 30 29
17 10 44 5
17 23 13 19
43 37 34 15
39 9 30 47
19 26 45 33
17 19 40 49
14 35 15 17
9 19 7 45
38 37 44 12
44 48 22 15
15 23 42 31
48 44 35 47
31 14 33 9
10 12 38 8
22 26 34 46
17 11 5 49
48 43 34 15
16 21 47 48
43 38 39 5
16 5 25 19
28 10 42 23
11 18 40 42
1 25 46 41
11 17 44 45
38 19 16 28
44 13 32 30
33 3 3 18
40 36 22 9
29 7 39 12
24 17 42 48
17 17 31 47
42 18 32 29
42 38 28 37
23 33 16 38
10 4 31 41
33 39 32 2
9 21 31 17
13 19 19 26
44 40 5 39
26 22 21 16
49 39 38 45
34 13 8 36
17 22 10 41
24 34 42 44
42 11 32 49
16 34 35 17
40 28 22 47
44 16 33 19
48 41 29 35
44 39 22 13
16 23 28 14
25 4 35 15
19 6 26 43
3 47 30 23
44 42 19 39
13 6 38 41
9 18 29 37
9 31 32 48
33 2 16 35
13 19 40 16
33 24 1 46
40 42 15 10
27 30 16 21
49 35 21 42
44 38 43 16
49 41 17 19
47 39 28 20
12 18 20 39
10 21 25 30
13 44 32 47
17 18 23 13
47 14 28 25
45 43 31 23
16 0 33 39
15 23 29 27
44 41 29 8
17 20 38 29
27 12 45 33
4 47 14 39
16 20 38 30
37 35 32 12
18 22 12 42
37 13 23 25
32 11 33 49
41 47 25 43
32 13 16 30
21 10 42 43
10 16 30 42
19 24 29 49
38 18 33 39
14 16 39 15
15 27 44 11
29 9 22 9
13 19 33 45
7 19 23 45
25 3 39 43
41 17 36 46
42 36 33 43
39 46 25 34
23 35 37 47
9 21 2 45
26 21 14 27
38 15 3 42
15 23 39 15
6 31 30 40
12 23 23 0
42 47 32 16
16 19 49 18
43 47 30 46
13 17 34 26
35 10 26 29
13 16 24 16
6 23 44 38
36 15 46 9
48 43 30 42
23 7 8 47
16 22 44 8
21 0 21 39
48 44 22 40
22 38 32 48
34 25 20 22
14 20 24 24
9 16 38 15
45 45 19 31
45 35 10 34
22 6 10 43
46 47 37 16
42 42 32 49
44 27 13 5
40 41 26 11
14 24 36 45
42 6 25 24
19 6 17 31
14 18 33 45
42 36 11 37
12 22 29 40
49 28 7 32
6 17 17 8
46 42 27 31
13 22 30 25
25 15 38 44
10 22 46 39
39 36 29 44
5 34 45 34
42 38 36 19
41 43 48 39
23 14 31 19
44 46 45 13
24 4 18 47
43 20 29 24
45 39 36 41
47 36 31 34
16 20 42 40
34 20 2 48
29 22 18 38
37 21 1 17
19 27 45 42
44 44 15 31
48 33 49 42
46 13 45 40
13 18 32 46
36 25 21 36
27 38 36 49
19 19 38 13
30 11 26 25
14 31 24 14
28 15 23 48
29 28 27 25
16 19 22 26
43 17 39 38
48 28 31 17
18 10 39 39
45 39 20 38
44 49 30 34
48 40 25 25
47 49 0 1
15 46 34 15
10 19 27 30
15 9 25 35
10 11 42 22
7 18 33 7
46 9 18 20
41 41 47 49
9 17 28 49
18 15 31 46
33 26 34 10
17 20 33 45
46 38 34 25
45 40 47 45
7 30 26 42
8 44 31 24
36 3 39 42
29 22 39 2
29 7 39 7
34 35 33 28
9 16 28 48
46 34 36 22
47 42 19 26
45 42 31 22
23 35 47 32
46 45 15 26
31 8 32 46
11 18 42 21
13 19 25 24
12 22 31 48
13 17 32 18
18 43 46 8
25 8 35 14
47 42 35 1
45 40 31 18
31 43 17 14
49 42 31 48
48 15 28 20
46 38 27 47
10 23 36 37
39 34 21 27
12 21 6 37
34 15 23 46
21 7 27 42
16 18 8 44
47 47 33 48
46 36 37 47
17 24 29 39
12 17 29 47
6 33 38 35
47 33 47 38
8 4 40 19
13 28 47 48
46 16 41 46
46 49 10 41
33 23 38 28
45 34 28 36
28 24 25 29
48 9 43 40
47 41 36 6
48 46 8 28
11 18 44 8
43 30 28 27
41 43 11 33
42 42 19 25
29 10 41 31
23 9 41 40
20 31 31 36
34 13 40 42
38 18 31 41
21 9 41 28
4 10 28 11
49 49 19 23
5 30 30 35
9 18 35 16
43 22 33 47
0 12 1 45
33 3 11 41
12 18 14 39
24 30 32 47
46 23 38 17
40 14 8 47
46 37 24 28
14 19 36 6
43 38 37 47
39 43 39 16
11 23 38 36
16 27 36 47
10 20 27 4
48 36 17 10
47 40 22 40
13 25 34 49
10 18 35 21
44 42 30 49
33 11 41 48
12 19 21 27
13 14 24 34
35 11 15 46
