50 575 12752 800
26 40 42 37
22 35 44 31
27 41 47 38
25 43 40 34
21 35 41 34
39 31 1 23
16 29 40 45
31 31 48 31
24 49 43 14
29 38 14 25
24 37 45 10
31 42 46 5
33 33 42 33
23 37 26 44
20 32 43 31
14 48 40 29
27 37 40 46
23 35 15 18
36 32 20 20
45 28 49 26
27 34 46 28
45 33 39 39
27 32 37 44
24 30 40 32
27 40 49 7
32 48 46 3
24 38 30 32
25 37 42 24
1 39 46 32
26 33 37 34
33 38 45 32
20 13 42 13
25 41 26 35
22 31 37 28
25 37 45 40
24 35 31 47
21 37 45 5
29 42 48 6
25 41 30 19
19 34 40 38
23 40 21 29
23 46 45 29
20 39 26 45
16 24 27 9
8 49 38 25
22 46 35 34
22 16 43 29
45 46 47 0
25 28 20 41
20 36 15 26
24 46 45 36
24 39 38 32
33 40 36 38
2 9 47 27
26 42 41 32
29 29 45 37
33 43 38 30
6 32 9 42
26 37 45 31
18 37 24 43
24 36 35 27
22 40 28 23
27 49 27 38
27 40 9 38
24 39 17 8
34 29 42 12
22 43 16 24
27 46 16 48
29 32 45 28
34 21 23 46
18 40 43 42
35 35 45 33
16 35 27 24
27 32 18 27
15 48 43 2
31 32 44 2
27 32 44 32
32 34 48 31
25 32 46 33
25 37 48 4
35 43 35 23
29 37 20 35
22 42 40 34
47 47 17 37
49 36 41 32
25 40 32 19
27 37 41 35
33 26 20 32
24 33 31 30
21 33 47 4
21 39 37 32
30 33 42 31
21 15 30 26
24 36 21 33
16 38 41 29
22 38 39 32
0 29 47 34
19 36 48 21
23 32 43 39
14 13 25 33
10 44 46 38
16 35 6 45
24 30 45 36
4 7 45 33
9 48 46 35
24 33 43 25
25 38 22 22
8 41 46 40
44 43 14 32
18 39 43 36
36 45 34 42
21 36 23 16
31 42 43 36
33 41 19 39
49 31 36 29
28 35 43 34
15 12 10 28
29 41 38 34
49 45 4 17
19 11 36 40
12 37 42 35
22 17 46 1
29 38 41 29
15 40 49 28
22 35 8 28
25 36 41 32
26 34 45 33
46 40 17 16
21 21 29 21
20 34 17 11
28 33 37 34
16 19 44 27
26 34 35 40
26 45 41 33
32 36 39 29
26 38 25 32
14 6 42 27
19 41 49 27
36 33 30 16
30 21 41 36
22 38 18 22
21 33 47 31
22 30 48 2
35 23 46 10
22 36 40 42
7 19 37 13
26 33 43 5
24 31 43 33
24 34 46 5
13 27 44 25
17 33 33 28
1 16 46 40
28 41 24 18
12 23 39 38
24 37 17 40
25 38 43 30
24 31 33 14
21 33 42 30
24 36 45 11
42 42 17 45
21 34 15 39
26 36 13 17
15 9 36 37
23 33 46 38
15 31 36 36
23 33 24 23
22 32 35 27
21 34 12 48
49 14 29 33
24 32 36 47
29 32 22 9
22 49 7 26
17 41 37 35
23 31 41 30
17 35 15 11
33 44 27 30
8 49 37 30
23 32 18 24
6 30 47 32
24 36 20 12
4 11 2 41
18 27 30 28
20 40 43 23
21 40 49 0
11 45 23 25
21 32 13 18
24 44 48 0
22 28 40 31
31 46 38 45
30 42 28 29
26 31 34 25
14 39 10 31
32 27 38 37
32 39 42 32
49 34 38 41
30 35 26 28
21 35 39 24
20 49 48 2
24 17 34 39
3 45 21 29
32 24 40 37
13 30 4 42
18 33 30 45
18 36 22 35
31 38 13 44
40 48 40 21
20 38 47 32
24 35 46 37
13 43 30 31
24 42 37 21
11 17 39 36
17 13 42 33
46 47 40 45
10 14 44 24
42 40 40 47
9 48 43 28
24 40 49 6
17 37 42 40
31 38 40 45
8 43 3 37
5 24 39 32
42 49 27 27
26 30 18 15
33 40 12 33
25 34 42 32
2 38 40 43
28 38 43 5
33 38 23 49
25 40 36 42
25 37 47 6
28 38 9 20
25 35 34 45
33 45 40 15
23 32 12 24
7 38 21 21
16 35 12 26
21 40 34 45
24 35 42 34
39 27 48 0
27 36 4 27
6 8 39 41
14 46 5 30
45 25 40 25
20 42 28 21
6 31 41 37
24 41 49 8
46 43 37 32
36 31 5 32
15 26 45 48
18 23 43 31
13 26 41 30
8 27 39 29
22 37 27 45
27 35 40 47
24 43 30 10
14 48 44 3
18 33 41 31
18 42 45 24
26 35 46 48
21 36 43 36
6 48 39 41
26 37 45 3
20 34 41 28
22 31 12 26
33 48 28 47
26 34 42 38
26 41 17 10
4 28 49 48
9 28 47 30
32 36 18 24
31 28 28 26
20 37 41 44
45 38 46 44
24 37 46 26
22 42 48 3
27 41 20 41
24 29 13 38
23 37 43 30
26 36 40 33
26 45 48 3
31 33 47 31
45 29 42 16
27 22 29 18
12 12 45 29
4 13 37 29
6 28 33 39
25 31 32 18
2 16 34 49
22 35 44 43
25 43 1 22
24 39 24 20
0 16 45 36
34 48 48 26
10 3 44 38
13 1 40 45
19 33 10 48
49 33 2 43
27 35 17 16
27 28 39 34
21 36 48 28
20 37 41 32
20 33 39 43
19 37 42 26
27 33 44 36
12 46 45 35
8 30 11 33
19 41 23 42
21 38 10 34
21 38 45 28
27 0 15 35
28 37 2 27
16 38 44 32
30 8 42 37
46 34 42 32
38 46 37 35
23 30 36 41
3 20 45 24
19 37 38 25
9 24 9 39
19 46 41 42
13 46 42 39
23 31 48 5
24 35 30 33
20 37 42 26
23 29 5 26
13 22 20 37
29 38 43 36
3 48 41 26
22 27 42 32
11 22 0 26
27 41 38 48
21 28 32 36
20 36 43 28
0 44 38 40
3 48 43 29
22 34 36 30
26 34 13 22
26 32 39 41
7 46 47 31
25 28 40 34
27 37 23 30
9 25 44 27
20 35 12 29
2 32 9 34
25 45 7 40
18 35 10 20
25 34 43 30
41 48 40 27
24 35 41 13
26 45 16 29
28 37 41 30
38 32 17 28
24 40 44 29
43 31 25 13
20 38 11 22
22 0 46 29
14 44 3 11
22 34 40 29
29 39 45 43
17 37 45 30
21 22 47 7
5 7 31 43
7 21 48 5
6 13 41 34
25 34 38 49
23 36 49 6
21 36 4 44
17 31 45 19
27 34 35 10
23 41 36 37
27 31 17 28
25 32 40 20
22 34 33 24
48 34 27 35
32 32 39 43
18 48 36 36
16 31 35 43
24 33 45 32
24 43 15 22
23 41 37 43
25 37 36 36
20 41 43 27
1 4 40 25
22 39 16 26
30 37 38 26
25 38 15 27
27 33 44 33
29 34 37 28
0 13 34 34
25 37 45 29
35 38 19 32
25 30 38 36
20 37 42 30
21 38 38 42
24 36 44 32
0 8 46 32
41 24 41 36
23 30 46 37
24 36 45 22
24 38 34 41
39 30 38 46
28 46 11 16
19 34 44 28
25 33 44 30
5 48 36 39
22 41 48 41
8 12 39 29
34 38 19 21
21 37 26 26
27 37 42 32
37 21 42 29
7 18 43 31
30 40 46 40
48 41 37 36
20 25 34 36
45 44 16 44
26 30 36 25
31 35 41 16
20 36 47 25
21 38 46 36
27 30 41 32
33 33 42 39
29 35 7 18
26 41 47 32
21 35 38 39
26 31 42 32
35 46 40 37
28 43 22 24
23 32 45 29
47 32 48 1
16 40 15 26
21 35 37 32
27 13 20 16
25 37 47 23
28 47 47 2
39 41 39 32
26 43 22 19
15 17 17 34
21 34 33 39
40 45 42 37
0 39 13 21
25 34 48 29
14 37 42 34
29 30 18 36
35 30 44 35
41 34 18 47
29 31 9 22
22 31 12 22
24 35 39 38
24 12 17 39
24 39 42 38
1 16 15 26
49 48 28 34
30 17 42 40
23 27 41 28
36 34 45 26
23 37 32 7
27 38 3 17
4 49 49 36
17 48 28 32
18 33 4 44
47 31 34 29
26 47 32 34
17 42 20 29
13 12 42 37
26 41 12 33
12 47 35 30
17 36 48 34
44 38 44 44
25 36 25 30
25 31 40 30
20 35 44 30
28 36 15 43
26 40 24 29
15 16 35 39
2 32 37 32
18 2 38 34
40 27 38 35
25 39 39 37
20 33 19 39
29 39 34 40
23 49 38 3
23 38 36 37
14 48 42 5
7 27 5 32
28 34 36 26
38 43 44 4
19 37 19 23
23 41 45 4
35 35 42 26
20 38 38 28
21 20 46 27
47 13 18 22
17 8 23 27
27 36 28 29
21 35 42 31
21 41 45 34
19 30 45 30
27 34 38 35
22 32 8 41
32 37 39 25
28 35 43 34
35 47 42 30
35 47 0 8
32 45 45 2
27 33 10 20
11 6 46 4
27 39 37 38
22 38 9 35
20 37 6 38
29 31 39 33
29 41 16 29
12 31 41 31
0 10 36 37
28 35 40 35
15 30 38 35
20 35 35 31
48 41 35 29
10 22 12 8
19 36 41 45
23 40 39 42
13 29 35 48
16 36 39 26
22 33 37 31
23 39 49 38
10 30 9 21
34 36 45 30
32 37 10 29
24 45 37 35
33 33 35 42
3 23 44 20
3 3 48 2
27 33 26 27
27 37 25 26
24 47 5 38
48 43 43 27
3 22 36 23
49 21 45 25
19 42 41 32
28 42 49 40
34 39 36 36
26 37 44 27
21 35 40 36
19 2 40 36
38 31 21 32
29 38 43 30
39 18 35 32
21 40 18 28
19 40 7 8
29 29 44 1
38 40 43 30
28 36 3 24
24 36 37 42
44 45 27 18
20 37 41 31
20 46 20 34
4 46 8 32
18 38 24 39
37 31 21 31
15 37 11 30
14 10 24 34
26 38 41 31
27 39 24 41
27 45 8 16
24 35 19 40
26 34 8 17
22 37 24 21
34 30 41 28
14 19 44 12
28 33 4 46
11 13 14 15
48 35 39 29
30 47 45 27
31 33 38 28
24 35 36 35
