50 1379 15419 800
38 26 22 30
41 10 27 22
13 47 41 14
25 36 30 10
41 25 35 5
15 39 35 31
44 22 12 31
38 28 17 44
16 42 19 26
28 33 15 29
32 11 7 30
6 37 33 21
35 23 32 40
39 4 35 29
7 48 15 35
36 29 40 6
9 37 23 33
35 13 14 28
30 4 18 39
20 19 30 37
43 6 33 44
37 26 13 37
48 37 1 39
17 48 40 30
8 33 7 44
29 17 9 44
20 24 33 39
13 44 3 35
36 21 22 28
17 37 8 24
40 27 19 39
29 42 43 8
38 29 7 44
38 24 12 24
2 26 15 22
26 47 42 11
27 42 2 23
24 2 30 10
35 24 10 26
41 14 8 24
28 11 6 43
41 30 20 30
12 41 24 35
7 44 43 9
43 29 19 44
29 36 4 44
33 7 28 17
36 26 26 42
41 27 25 41
41 5 1 14
35 21 35 38
44 12 20 24
12 39 13 34
42 20 8 38
23 26 19 35
42 30 7 44
41 29 9 24
42 26 25 31
24 10 38 17
3 34 27 48
2 41 30 42
40 39 17 10
44 24 23 13
33 15 0 15
42 24 40 12
12 26 29 17
22 19 20 26
11 47 13 26
41 38 11 29
20 17 19 26
8 33 34 10
37 3 14 34
13 43 12 25
37 22 14 32
44 15 20 45
13 45 14 31
22 45 24 28
33 27 18 23
29 15 37 14
7 40 11 32
28 4 25 45
36 28 39 34
44 19 8 36
33 28 5 23
35 12 34 18
15 40 44 37
40 25 8 28
47 26 27 28
7 35 33 49
16 34 21 30
41 26 47 11
28 26 22 18
26 36 25 24
29 25 25 32
18 43 22 20
9 31 13 20
39 6 10 38
23 49 20 28
43 25 17 17
9 43 41 19
42 26 16 35
36 25 18 10
47 16 7 35
35 46 17 23
38 17 38 29
23 12 35 10
15 29 38 23
40 11 35 26
38 20 19 34
19 26 16 28
30 39 40 10
38 27 35 3
39 2 18 24
37 22 5 30
40 28 25 22
39 24 39 32
23 11 9 31
22 11 42 5
26 11 40 0
39 27 11 16
36 6 38 13
40 3 33 48
6 42 19 28
19 42 29 9
33 9 33 4
4 45 39 3
40 23 21 26
2 16 36 11
40 29 8 16
8 41 25 28
5 39 13 36
15 38 12 32
3 43 17 40
29 3 24 29
37 1 13 28
19 48 25 48
39 3 33 16
0 44 46 38
34 44 2 47
32 13 17 41
42 25 29 31
22 7 26 29
49 8 22 48
39 24 12 32
16 40 27 25
34 32 25 29
40 22 32 45
47 22 37 12
20 28 43 26
43 5 3 29
25 9 35 26
33 39 14 23
11 41 42 34
44 27 31 34
29 13 26 44
31 3 9 46
10 37 12 7
20 39 31 24
42 20 16 7
11 47 37 30
37 15 46 9
31 23 22 28
22 30 14 44
35 37 41 32
13 7 2 24
40 31 23 19
10 0 25 39
35 8 15 44
25 1 8 28
34 23 19 20
5 47 33 35
8 25 11 33
29 21 20 12
38 24 18 29
15 7 24 32
32 33 12 15
40 20 29 33
39 25 4 38
33 40 9 37
16 34 33 39
40 26 8 24
34 29 25 32
1 32 16 36
40 25 13 31
28 21 48 13
5 32 17 31
38 38 24 32
44 8 13 25
21 45 12 49
39 22 33 30
9 39 15 24
42 26 44 9
7 40 26 25
39 25 14 38
34 28 32 12
36 13 40 10
36 32 8 8
24 6 6 28
14 31 43 10
34 39 19 47
11 38 17 27
5 41 27 31
22 28 10 30
30 29 36 27
30 26 4 30
28 34 17 24
39 26 15 27
9 34 14 37
33 27 5 20
20 31 5 31
39 23 16 22
33 14 28 28
40 28 10 27
42 1 24 33
39 16 2 42
38 6 30 26
30 35 3 13
38 25 13 30
8 46 0 8
40 35 31 25
25 24 15 28
18 6 12 28
40 1 36 9
38 26 26 42
33 37 15 17
38 25 42 15
32 28 34 9
31 22 23 34
8 39 8 46
35 15 29 8
6 39 10 36
11 38 35 29
32 4 39 39
45 10 10 20
28 5 47 14
8 42 37 8
37 24 23 32
26 28 23 35
37 27 10 43
46 16 23 26
41 17 24 40
42 26 19 29
10 42 34 28
34 18 33 35
35 34 28 23
37 22 14 28
42 26 13 25
36 23 19 30
39 21 15 29
17 37 13 39
39 25 2 29
42 21 13 25
43 29 48 33
32 9 26 39
37 24 29 26
40 26 10 22
6 45 16 31
11 46 36 22
41 18 27 37
41 25 6 47
32 14 18 35
28 30 2 46
38 16 24 46
41 25 40 16
25 44 32 26
49 29 26 29
43 45 1 42
34 31 2 29
26 15 14 37
20 3 11 48
16 44 41 47
39 33 30 35
23 1 38 34
4 35 12 27
41 17 44 15
24 0 34 38
13 43 20 34
36 27 2 33
38 28 34 44
8 37 13 29
38 25 7 34
41 26 27 3
33 17 14 18
18 35 32 24
23 38 13 34
8 43 25 6
46 23 8 35
36 27 31 10
33 26 15 26
15 38 24 26
35 29 34 39
32 26 29 14
37 22 3 29
22 37 15 29
43 30 21 40
39 26 8 36
25 15 18 31
41 23 3 34
39 26 41 9
33 35 46 5
34 25 32 21
33 32 16 24
29 34 5 21
40 24 14 40
44 21 22 37
40 33 13 29
38 24 10 28
2 29 34 25
35 17 24 11
11 28 32 35
14 30 28 43
26 45 43 14
6 40 37 9
4 37 25 40
18 18 20 29
42 3 4 33
15 7 31 43
45 4 25 37
15 36 29 32
37 25 30 33
40 39 24 49
37 42 31 28
30 38 39 7
32 31 16 44
37 43 37 5
45 32 37 21
9 40 11 32
3 40 14 43
13 14 9 29
10 41 11 5
37 27 10 26
42 26 18 24
11 31 15 6
31 1 30 11
45 45 9 13
26 14 7 20
12 29 16 26
37 27 23 44
35 4 14 31
28 10 13 49
30 3 23 47
42 24 21 25
41 23 20 21
37 27 40 19
34 28 36 19
37 27 23 31
25 31 12 36
35 27 45 13
20 24 35 41
8 38 9 27
43 31 44 15
42 4 27 34
39 27 15 25
36 25 27 31
40 19 2 41
36 2 8 15
49 14 44 28
10 48 45 4
22 7 15 48
39 13 22 20
31 26 32 40
38 23 21 33
29 22 33 18
40 5 8 22
37 24 10 40
29 19 2 27
32 12 7 20
40 21 13 39
36 38 1 41
37 22 15 16
34 36 22 41
27 49 17 33
41 13 20 35
34 26 21 18
39 24 19 36
47 7 24 37
1 29 12 36
4 20 25 34
32 35 0 19
18 43 31 28
38 19 10 22
45 34 17 44
45 43 12 28
38 30 33 14
34 41 25 37
39 25 33 14
12 39 29 24
35 33 13 33
37 23 17 43
39 23 22 39
40 25 32 30
49 0 17 31
26 12 37 17
5 35 15 34
44 25 3 36
26 34 12 2
32 37 34 15
41 21 27 20
31 19 8 31
11 45 15 42
37 25 4 11
16 24 4 39
18 11 10 28
38 18 39 11
18 41 37 22
39 31 7 49
39 37 33 11
42 23 7 30
4 36 19 37
34 30 12 27
7 35 41 37
5 37 25 30
36 0 17 22
47 33 10 21
16 42 15 32
14 44 21 48
30 31 35 23
39 26 22 26
25 17 12 16
32 0 12 42
1 36 8 38
34 31 40 8
47 14 4 39
39 26 12 34
48 30 20 35
5 44 37 32
31 30 13 27
25 20 15 34
38 23 28 29
42 27 10 29
39 14 1 17
18 39 6 17
25 8 23 40
28 18 49 18
24 44 4 14
31 30 22 22
0 32 5 23
43 7 35 3
26 33 38 16
31 2 0 40
39 28 29 27
44 37 20 33
39 23 28 27
38 23 24 33
3 35 17 34
21 48 19 26
41 26 30 47
14 11 35 22
45 21 24 39
41 24 41 13
42 20 8 16
27 17 5 30
39 13 12 20
10 47 11 3
4 46 28 30
41 21 46 19
36 24 19 32
14 41 13 16
37 27 34 33
2 46 26 33
31 4 49 9
37 26 11 44
23 25 28 42
33 17 9 37
29 21 4 22
28 27 27 22
34 1 34 37
9 9 13 23
41 23 10 37
23 41 41 13
9 38 24 43
14 45 14 36
37 43 11 31
23 34 4 30
14 33 11 39
13 39 38 46
7 47 9 44
22 6 0 26
30 8 15 38
40 26 46 44
39 25 19 38
49 15 4 40
37 40 33 34
26 43 5 20
39 25 17 28
11 48 18 41
6 36 2 8
40 36 33 36
15 45 39 2
26 49 32 21
28 9 16 42
38 7 39 14
35 28 11 41
20 13 8 18
31 31 38 15
17 44 15 24
38 21 10 47
38 47 29 45
25 19 38 29
8 23 17 36
33 4 1 17
38 26 48 42
33 30 4 29
5 48 22 19
45 34 12 12
5 34 20 32
5 41 11 27
28 15 3 20
40 35 15 25
4 33 3 45
19 45 32 23
39 23 5 28
29 19 8 19
18 25 3 21
47 22 31 24
42 26 29 39
38 23 5 29
15 8 2 40
38 24 17 38
3 32 29 29
42 45 13 45
4 46 15 33
36 25 29 35
33 31 7 36
39 22 29 25
27 47 48 11
36 30 42 38
14 42 2 35
6 42 25 34
19 24 20 37
36 24 37 12
14 49 21 21
48 43 37 15
25 18 21 47
40 33 10 23
0 35 29 8
11 43 40 30
1 31 25 40
36 27 21 44
24 12 37 23
34 34 16 44
17 46 15 41
39 22 27 26
39 16 10 11
7 37 20 28
42 27 41 18
13 34 30 36
23 9 15 31
43 9 3 13
1 40 27 49
36 27 15 23
26 6 30 21
39 25 33 48
10 35 29 32
37 11 32 31
41 24 33 42
31 35 24 41
26 22 34 42
2 25 9 23
37 20 24 19
32 38 31 33
26 37 16 27
39 18 31 26
1 23 35 10
49 33 11 22
49 42 33 10
25 3 13 26
8 49 35 28
37 27 44 13
26 34 48 9
39 22 27 29
36 29 16 47
40 7 39 42
39 19 1 34
9 37 18 28
34 31 25 31
40 24 35 27
1 32 22 39
39 22 23 34
39 26 13 33
30 30 38 14
39 24 17 35
15 35 7 39
38 37 3 35
37 21 31 9
37 28 36 6
38 25 5 45
39 21 9 40
20 4 6 34
42 26 36 41
28 6 11 28
49 35 4 29
33 5 45 9
13 41 19 32
39 24 35 35
4 48 38 18
5 33 1 32
24 15 3 33
13 29 31 45
37 26 49 20
13 39 7 35
33 28 10 47
37 34 29 11
45 39 2 43
4 37 45 14
36 43 12 32
38 25 22 19
43 26 7 33
39 17 28 41
0 28 35 15
43 34 10 33
17 45 30 19
33 40 3 34
39 25 10 27
40 27 31 9
39 29 17 26
17 32 25 30
28 46 10 48
48 38 28 20
46 20 40 8
37 24 30 18
46 20 4 31
10 36 29 16
22 46 33 28
34 16 22 43
41 22 17 36
47 14 38 12
17 39 8 8
42 25 42 16
28 0 44 6
37 27 2 32
38 23 8 32
40 7 36 8
34 33 29 25
34 23 36 19
41 27 15 22
36 2 8 40
46 20 22 32
29 33 31 45
38 29 42 7
42 24 32 5
30 37 27 34
16 41 7 23
42 20 25 15
30 31 23 22
23 8 8 40
38 26 46 8
9 36 40 9
19 38 4 40
35 25 25 30
36 30 1 9
26 21 25 32
28 2 26 22
39 22 21 15
36 17 30 19
18 27 42 18
26 24 42 13
11 49 14 20
14 40 26 38
45 25 30 25
27 11 13 21
39 25 0 6
39 27 20 32
32 32 15 32
38 24 16 28
40 9 31 37
26 16 8 27
12 43 12 15
38 25 19 34
42 24 7 31
5 27 38 15
45 2 7 33
25 25 10 47
0 47 16 27
7 47 14 39
40 23 49 12
32 16 15 25
37 25 17 41
44 21 33 14
18 43 30 26
42 31 30 41
39 10 17 28
25 24 18 8
5 37 39 12
26 29 22 46
40 20 0 45
41 25 23 25
37 3 18 19
15 19 0 41
44 5 17 45
35 10 15 27
8 45 3 40
44 2 2 31
36 22 8 26
39 29 49 15
37 35 32 24
25 33 25 47
17 16 40 7
38 44 30 19
39 35 9 33
36 22 7 25
13 39 35 40
17 42 40 32
41 34 10 14
2 39 16 15
45 0 37 27
31 18 15 18
26 48 21 38
15 38 22 36
29 15 40 19
24 2 7 26
14 40 25 22
6 26 40 47
37 22 27 40
24 25 35 14
40 22 29 23
31 20 17 44
42 25 25 27
49 10 4 41
20 12 24 26
36 8 12 27
26 23 11 47
39 37 34 34
15 48 8 43
39 22 16 34
27 35 25 29
43 5 35 7
18 13 10 21
41 26 46 27
42 24 11 41
42 13 26 41
39 27 41 9
38 22 31 9
14 26 38 16
37 30 22 35
10 37 41 6
40 24 29 46
39 21 17 37
41 22 25 31
0 32 19 11
27 30 2 20
39 6 0 32
27 36 28 13
9 44 45 9
30 23 1 25
35 40 0 35
38 36 21 16
41 26 21 24
31 23 32 12
26 20 7 39
7 39 40 11
16 42 43 13
25 16 15 29
7 32 4 23
33 7 26 35
41 26 49 10
41 14 2 37
25 7 21 40
25 36 29 45
40 24 41 3
41 23 30 44
1 40 1 16
34 30 30 36
43 10 33 15
6 39 13 24
48 5 32 11
35 9 40 42
36 24 30 46
3 48 4 39
15 42 36 41
33 4 10 21
43 40 8 47
28 14 43 16
9 37 2 22
37 30 23 25
41 24 19 26
44 10 26 13
10 47 40 8
24 14 31 13
41 34 42 43
39 25 20 27
18 33 28 28
34 33 28 32
40 25 32 13
13 35 21 27
30 6 19 21
2 48 24 29
39 23 23 12
39 13 10 41
17 20 5 19
26 49 10 49
10 43 15 42
2 47 6 38
49 6 23 31
41 25 17 32
42 24 21 0
34 31 39 26
10 48 42 42
15 45 14 31
40 22 34 26
7 49 31 26
39 26 4 5
44 21 9 46
39 26 32 31
35 6 5 30
26 28 39 5
5 42 22 36
43 7 10 15
8 40 31 20
32 46 14 27
31 34 37 11
37 22 28 31
38 25 8 21
1 42 22 9
18 9 41 14
37 30 38 25
37 39 28 29
40 23 22 48
9 48 17 40
31 41 41 16
21 45 29 11
12 48 15 24
34 20 26 38
14 44 0 31
35 31 27 31
46 30 7 31
36 23 2 26
28 28 7 21
1 37 24 19
41 22 16 34
39 21 13 47
40 34 9 25
32 20 13 30
33 25 27 44
17 19 1 35
36 5 7 12
41 23 38 40
39 27 12 9
18 21 39 17
41 23 31 14
38 42 14 26
11 47 23 32
39 25 3 24
39 25 26 43
13 47 12 36
44 35 34 38
40 27 13 19
20 36 40 12
4 42 33 13
42 20 37 12
4 38 4 22
37 29 21 38
39 25 15 36
39 29 24 33
29 6 6 32
28 7 39 42
40 22 28 39
42 27 33 32
26 20 13 17
38 23 37 11
14 36 19 26
15 34 24 37
5 35 39 13
27 24 12 20
32 20 11 39
29 27 36 14
27 6 43 17
38 26 4 24
23 3 26 13
34 26 13 23
34 26 26 36
38 45 44 7
39 26 0 21
27 11 39 15
40 27 34 34
34 11 46 9
42 28 40 5
38 11 24 36
10 39 11 7
34 10 16 35
18 45 6 19
42 25 9 30
37 21 29 22
23 46 14 34
6 48 20 25
1 47 35 5
45 3 39 8
27 18 20 31
41 13 37 31
30 37 18 18
45 24 27 24
21 42 48 11
39 27 15 26
32 33 43 12
41 23 34 13
24 6 9 45
28 40 27 28
5 48 22 45
36 12 45 15
12 36 23 41
27 8 42 15
36 41 20 42
38 21 18 35
39 27 20 32
49 49 39 11
38 23 6 27
13 28 19 28
32 16 0 37
39 5 1 42
12 29 3 20
40 25 16 23
36 24 7 32
36 23 28 17
40 43 32 19
39 26 17 23
10 44 4 15
42 8 0 47
38 22 21 28
19 46 19 37
30 42 37 40
10 23 29 8
36 24 16 30
5 45 31 44
32 5 32 31
31 9 8 43
38 24 9 33
39 26 13 34
46 33 15 29
1 27 21 32
49 22 15 42
15 39 15 33
33 9 21 44
2 32 5 41
35 42 20 46
3 43 33 39
40 21 12 24
31 32 13 25
29 12 35 29
18 48 14 29
37 45 34 31
0 40 25 32
39 25 35 34
39 25 1 14
46 37 8 26
41 6 1 24
10 32 14 45
33 36 6 31
37 7 49 28
33 24 5 20
5 40 28 21
5 21 10 24
37 31 5 30
38 23 12 47
9 47 42 3
22 31 26 35
9 46 32 37
35 23 20 28
34 18 16 35
40 25 5 30
26 34 9 12
38 28 35 16
35 41 5 38
42 33 7 44
23 2 35 45
46 12 29 33
40 25 31 31
42 25 30 41
35 6 13 18
34 31 7 34
40 24 35 45
19 32 26 25
23 5 36 33
42 24 11 23
16 38 39 0
41 6 27 42
38 25 14 26
21 17 3 24
32 42 40 11
39 23 18 32
37 20 36 11
8 36 17 34
19 1 20 32
34 12 14 13
39 23 21 36
22 38 9 49
39 22 14 23
34 26 4 25
30 15 28 18
42 11 4 29
9 45 38 8
34 21 22 36
35 34 1 31
46 32 10 35
46 41 4 31
42 25 17 6
45 25 25 45
33 28 44 3
42 32 27 6
2 49 15 39
4 45 6 19
22 36 23 24
41 16 18 36
22 14 40 8
26 27 16 27
24 11 26 37
33 34 23 29
20 45 16 34
40 22 25 27
38 27 37 20
9 31 34 23
37 26 7 44
40 30 20 27
36 9 30 29
41 38 19 42
5 34 22 14
6 34 26 44
32 11 37 46
34 29 30 12
18 16 10 27
12 42 19 33
29 12 26 39
36 41 23 38
35 29 34 37
42 23 27 31
7 47 35 10
5 45 35 27
8 28 14 27
37 26 37 13
42 23 9 29
15 36 20 28
14 10 7 25
30 30 19 48
10 43 25 8
23 8 10 31
18 26 18 11
47 41 16 20
38 24 22 36
37 25 31 22
41 39 14 26
9 9 2 20
43 24 16 39
5 43 26 43
39 47 4 28
5 45 23 43
39 11 31 31
13 46 24 34
44 43 40 28
41 18 14 35
41 22 24 13
39 31 15 30
41 6 24 30
38 21 0 35
39 23 25 19
41 22 37 31
31 21 18 8
37 29 49 2
2 43 27 35
11 10 10 39
42 21 31 17
36 27 7 32
39 23 25 16
27 6 14 27
5 46 3 38
39 24 29 40
26 31 6 4
36 42 38 3
34 21 49 39
38 20 18 37
18 46 37 35
14 33 20 9
16 45 23 38
40 31 0 44
34 28 17 33
37 30 31 9
4 16 40 5
28 24 12 48
40 34 30 19
25 2 13 9
39 22 0 36
18 34 18 22
8 31 17 16
46 5 12 30
37 24 14 44
28 14 33 33
28 11 27 33
30 32 45 33
33 22 30 37
40 24 12 44
24 14 35 11
33 10 34 32
4 43 0 13
38 6 33 42
34 28 42 13
38 6 18 20
22 14 23 47
44 29 16 32
40 26 28 7
44 3 12 34
41 16 21 28
39 24 35 4
11 34 7 46
40 24 22 32
10 33 46 32
38 26 24 33
13 25 41 21
27 16 14 25
36 31 29 30
29 18 38 8
23 22 36 34
39 23 49 43
11 35 31 43
36 28 17 40
36 24 30 32
12 40 3 32
41 34 8 27
40 28 35 7
42 1 12 26
12 37 24 36
43 5 15 36
34 46 4 16
41 34 43 12
38 22 18 35
10 47 8 37
36 3 22 36
2 45 45 10
31 2 23 37
36 24 12 25
14 45 3 15
17 44 23 42
25 33 33 21
39 0 8 40
17 29 8 36
40 24 4 43
2 35 31 9
26 11 2 34
37 41 24 32
40 25 7 46
20 35 10 35
37 26 20 42
4 42 45 26
26 8 20 23
40 33 21 41
6 37 26 37
7 46 26 25
31 18 22 45
41 25 31 27
38 5 39 13
29 37 37 6
42 24 33 33
39 36 27 29
4 43 18 41
37 0 4 33
37 21 41 15
39 24 24 17
29 1 44 11
44 5 26 30
16 14 9 15
23 43 27 3
29 35 18 14
41 22 14 10
43 36 14 16
49 12 25 36
23 29 35 12
1 49 19 33
48 30 36 30
35 2 9 33
38 24 36 9
5 29 24 44
39 23 22 23
35 7 10 13
7 15 14 32
48 31 27 39
30 34 10 33
37 28 6 30
37 32 44 48
37 21 15 38
15 44 4 29
20 45 23 37
28 20 31 17
37 26 7 34
38 24 15 28
10 32 24 45
24 40 30 23
29 34 4 24
39 22 33 36
36 16 2 30
33 11 20 37
40 25 31 9
39 26 28 42
34 33 28 26
38 25 18 49
41 11 24 24
15 15 13 20
41 22 38 6
0 29 28 22
6 38 21 21
29 22 6 18
38 13 4 33
5 42 17 35
36 31 4 38
12 35 40 16
43 26 30 30
32 13 38 17
42 9 0 22
28 9 14 28
42 24 17 21
39 29 19 32
38 37 41 13
21 31 23 26
40 28 30 19
38 32 26 46
17 0 36 8
21 32 13 24
10 43 25 16
38 0 13 31
37 27 22 38
42 24 30 32
31 37 38 10
42 44 17 22
45 26 29 32
37 26 10 42
28 42 9 28
1 28 5 32
42 24 26 39
16 43 34 5
20 30 40 14
38 26 28 40
17 46 34 27
35 23 11 22
26 31 25 26
2 33 39 16
39 38 42 8
13 34 11 28
31 11 10 22
7 38 5 22
40 27 24 32
26 40 23 20
36 25 29 37
7 44 40 8
12 45 25 23
40 26 32 30
29 7 11 21
41 26 23 45
6 35 36 45
34 26 2 33
37 22 17 40
6 44 34 20
40 28 24 30
39 41 37 14
34 32 12 24
39 23 27 22
0 42 40 13
10 47 28 34
31 10 37 11
2 45 31 22
38 3 28 30
32 32 0 16
39 26 13 39
5 43 9 40
38 25 12 38
29 11 4 21
12 48 17 27
35 12 8 27
22 29 5 29
25 2 18 20
33 30 20 38
18 31 11 42
20 11 4 13
38 27 28 38
38 32 1 25
16 37 41 13
6 42 19 5
23 32 19 30
42 38 5 30
25 43 29 25
14 30 20 28
30 1 12 10
21 29 1 24
39 40 40 28
30 9 40 14
41 24 24 22
16 40 6 42
5 33 39 13
41 22 24 26
14 33 10 36
23 25 40 12
13 36 1 21
29 18 29 12
27 23 21 42
10 46 20 35
41 27 43 4
24 31 49 13
38 28 44 12
8 37 39 14
38 24 16 47
11 34 47 9
38 27 32 30
15 14 26 35
3 30 5 21
20 46 3 28
44 28 33 40
6 9 13 38
39 23 24 22
37 27 39 6
38 24 10 27
0 40 23 27
31 11 36 7
26 20 35 17
40 23 35 11
41 25 16 28
28 35 12 22
35 24 24 34
39 12 47 43
43 7 25 39
2 48 24 34
12 48 16 21
36 37 41 5
41 24 39 43
24 30 40 21
6 41 28 44
19 40 37 31
39 22 30 26
6 47 11 33
13 27 15 49
24 33 18 28
8 37 30 35
6 37 10 22
47 27 7 18
16 22 11 13
30 49 9 11
16 36 15 18
38 24 22 42
39 25 2 26
19 12 20 40
3 46 22 36
41 32 34 49
37 28 33 5
2 35 22 25
47 6 13 13
40 4 40 36
46 12 27 8
40 24 22 35
4 49 12 25
17 36 31 24
43 24 3 46
2 22 7 19
39 24 30 18
41 11 8 29
17 34 26 37
35 0 26 21
28 17 1 19
11 42 25 30
40 40 26 15
40 26 6 34
2 41 21 9
42 27 15 27
19 34 39 21
27 31 6 26
3 43 12 24
0 38 42 0
7 49 13 15
37 25 15 43
34 16 29 32
39 7 6 35
6 34 21 27
37 25 19 25
29 7 29 32
48 3 22 16
39 19 12 28
22 44 25 7
35 44 28 38
12 35 26 42
43 16 8 46
1 31 18 37
27 1 31 45
38 42 16 39
30 17 40 47
35 10 29 25
34 5 28 40
