50 455 17035 800
3 16 27 14
33 43 20 4
37 42 20 16
39 31 9 38
1 23 12 13
34 36 30 3
36 36 41 14
44 47 38 4
43 39 12 17
34 33 35 21
32 11 12 4
32 2 16 8
8 14 46 6
31 23 5 6
42 41 41 14
36 37 12 2
30 15 47 14
44 29 0 23
48 27 11 4
41 17 5 19
49 12 48 19
18 12 10 23
10 17 17 1
42 31 14 10
34 5 25 17
37 43 26 3
41 35 1 20
34 2 42 8
30 22 48 1
15 11 18 0
38 44 20 6
35 41 37 8
31 7 18 10
38 40 38 10
41 25 21 14
38 48 19 10
27 20 45 19
43 36 49 18
5 21 44 22
28 7 8 6
34 29 9 12
43 36 36 16
29 12 15 6
31 0 47 14
30 4 0 10
45 27 3 15
36 41 0 30
18 23 3 6
1 9 44 7
34 28 36 5
9 9 7 12
38 18 8 8
32 14 7 23
35 42 45 16
49 37 32 2
27 21 35 1
36 39 40 4
35 1 43 17
36 27 39 0
40 17 18 26
42 30 4 14
46 37 35 19
17 15 13 6
34 15 46 4
36 12 3 12
44 35 28 11
31 18 23 4
25 7 41 5
43 40 29 15
29 49 19 12
38 13 26 11
26 27 10 47
40 28 38 13
14 25 40 3
12 12 48 14
7 27 48 17
29 4 28 29
31 33 33 2
32 10 35 24
33 0 12 19
6 1 8 5
37 40 17 7
22 31 15 16
9 22 5 35
41 44 47 4
39 46 45 13
23 19 35 2
40 40 15 8
37 2 4 11
36 41 34 2
48 38 20 1
37 46 37 7
8 22 45 6
30 13 33 42
36 33 44 2
37 41 0 37
48 37 25 7
5 20 19 8
26 41 6 24
40 36 40 12
48 28 24 13
41 32 6 5
37 40 9 3
34 2 17 5
29 39 24 22
30 21 19 7
7 15 43 5
34 21 42 3
30 12 47 5
28 5 2 7
40 36 44 21
30 16 40 12
40 38 34 25
33 4 1 10
37 30 46 6
31 4 41 7
38 37 20 5
43 37 20 29
38 36 11 10
11 21 6 6
38 43 4 7
19 26 32 11
32 31 4 25
41 27 31 5
32 30 32 11
10 20 15 11
31 3 38 6
35 36 25 2
46 32 42 0
47 25 44 2
46 35 4 11
0 26 42 6
6 19 9 15
10 20 25 5
29 4 30 14
38 37 44 0
14 17 32 5
34 32 41 9
30 9 35 15
39 23 3 19
8 17 37 17
45 48 36 10
13 20 39 1
41 46 9 29
16 17 16 6
31 25 2 40
33 8 35 20
37 40 39 3
42 40 43 7
34 42 13 16
40 48 22 16
38 35 35 2
23 9 42 17
24 19 16 14
39 0 22 4
31 5 40 1
38 36 47 7
43 23 44 16
44 29 28 13
20 13 43 2
25 4 22 2
35 34 42 3
40 22 17 20
45 40 16 5
27 0 43 30
43 40 46 14
35 20 26 7
37 37 16 1
36 36 25 11
28 23 22 1
40 35 48 2
16 19 9 8
35 30 48 3
30 37 21 9
35 38 35 23
27 31 11 20
33 0 38 9
19 44 41 10
28 17 45 17
32 0 47 8
24 13 44 13
10 19 18 17
38 35 39 12
21 40 0 15
8 21 13 8
36 44 19 18
33 28 46 17
43 44 47 2
4 21 43 3
23 14 9 13
17 8 7 10
24 41 6 4
29 20 45 24
7 19 48 9
35 43 48 3
2 31 46 15
42 30 46 19
38 7 28 2
44 38 25 13
34 43 19 41
34 8 34 13
9 31 35 20
36 44 7 10
26 32 9 1
47 46 5 20
44 40 11 7
27 0 37 4
39 5 15 4
37 40 48 10
27 38 7 8
47 30 43 8
41 39 6 18
35 41 43 5
6 2 33 1
43 46 8 14
33 1 41 1
42 23 0 29
37 31 35 27
25 11 43 4
40 40 38 0
45 27 11 8
28 21 48 22
11 17 11 11
32 34 24 10
34 21 1 15
35 30 41 5
42 30 46 1
36 29 33 1
10 21 7 11
40 36 0 13
35 37 22 11
40 39 11 17
32 3 17 6
3 39 17 19
44 31 45 20
32 4 9 5
2 15 0 18
37 29 39 17
38 30 28 2
43 13 3 19
16 29 16 16
30 2 26 20
30 2 16 26
7 12 0 10
35 36 48 1
33 2 3 11
12 28 9 4
34 2 39 4
39 31 44 3
33 3 45 14
45 49 34 12
34 33 43 9
20 18 25 6
32 43 45 6
7 26 15 22
44 47 1 12
38 32 26 13
41 38 37 5
5 20 44 5
40 43 22 1
6 24 23 6
36 25 6 24
45 37 32 12
21 17 14 13
2 11 26 6
5 8 5 16
30 41 0 3
47 44 12 3
16 1 37 6
21 28 8 9
33 23 48 15
42 36 2 2
32 43 0 23
41 30 37 16
20 41 38 5
30 34 10 44
27 26 36 2
36 36 22 4
8 5 46 4
4 24 41 17
7 22 23 10
26 12 29 17
45 22 20 32
41 36 42 25
37 7 14 17
41 28 48 12
43 42 3 32
10 15 48 10
39 17 46 16
27 20 42 16
36 38 39 18
44 39 6 11
7 1 4 8
30 25 45 4
39 34 10 7
44 48 48 3
43 30 46 8
41 41 1 32
37 43 36 7
43 44 8 17
36 19 44 11
31 18 42 7
26 19 24 15
30 8 47 20
32 42 17 6
38 35 39 2
44 39 46 15
30 16 42 34
9 11 27 5
32 9 42 1
34 11 43 3
41 30 16 7
31 37 46 21
26 44 25 3
37 27 34 3
36 44 6 15
39 34 4 28
36 33 20 16
31 26 7 9
33 37 30 13
27 2 14 20
28 31 3 2
21 38 43 1
36 30 14 15
40 35 32 0
30 24 12 36
39 36 27 7
19 10 39 2
12 14 32 16
37 31 48 5
32 0 45 13
46 37 40 3
44 35 1 8
43 24 17 11
31 25 8 9
37 0 44 5
9 19 11 32
10 23 47 6
3 17 39 6
1 16 39 8
13 18 7 8
25 14 10 16
34 20 44 5
34 30 17 13
38 31 40 2
38 30 43 4
30 0 46 20
29 15 32 5
33 40 36 5
37 42 11 18
36 9 2 10
33 3 26 3
9 6 42 6
28 0 45 3
43 48 48 11
40 21 13 20
29 25 8 33
37 44 47 18
21 19 33 4
39 36 13 10
10 17 48 21
27 48 23 17
42 37 5 34
43 23 2 11
12 11 45 9
2 14 39 7
44 25 37 3
38 22 9 6
37 38 37 13
35 38 4 12
44 41 12 17
12 10 48 0
49 31 8 8
44 13 10 0
1 1 24 12
7 17 16 3
37 49 39 13
43 39 49 9
22 22 43 16
46 29 43 9
31 25 22 8
8 19 14 3
11 21 8 5
34 5 16 8
32 42 37 0
29 33 21 13
38 30 18 12
45 47 46 7
37 5 47 1
34 1 42 0
42 38 39 1
6 21 31 17
38 41 49 16
35 31 6 7
34 34 46 21
28 14 20 5
35 46 19 17
24 18 11 19
30 1 46 11
29 3 13 10
31 42 41 1
39 48 46 18
25 11 40 14
33 0 49 10
23 20 13 4
35 31 42 7
42 31 22 4
31 40 19 0
41 35 45 15
42 40 49 14
37 41 7 8
38 41 44 14
16 16 18 19
32 4 26 8
9 19 39 2
36 25 10 11
26 12 40 11
37 25 25 3
31 7 18 6
43 16 39 11
16 49 4 24
36 0 39 17
36 29 19 20
27 1 29 21
43 5 38 16
10 28 34 2
9 23 44 2
35 28 41 9
31 43 11 16
8 21 0 7
33 34 6 10
39 27 15 15
31 29 24 6
17 26 41 2
40 36 34 5
32 2 15 15
42 27 35 1
43 42 15 11
26 7 43 5
40 28 39 12
48 45 43 4
34 32 12 14
32 7 19 32
32 15 13 9
24 5 43 12
33 18 43 4
28 3 43 12
29 2 49 15
40 37 11 7
39 26 8 1
32 39 43 0
29 38 10 7
36 32 13 33
17 24 13 6
2 0 32 20
