50 765 13002 800
38 39 13 45
17 19 16 45
41 15 18 11
20 29 22 11
39 15 38 22
10 27 23 45
15 37 11 21
19 34 43 20
18 29 5 6
26 40 42 22
22 40 16 43
16 21 8 9
41 25 37 21
44 43 4 7
44 19 37 20
38 37 47 20
13 25 21 45
28 33 17 12
24 27 4 2
47 20 31 10
15 32 20 15
38 8 1 3
14 17 16 46
1 23 38 33
49 45 13 7
41 46 17 46
46 41 44 22
10 15 25 13
14 21 27 17
1 45 12 2
40 40 6 10
28 45 13 13
41 14 20 13
32 45 41 19
48 12 19 36
26 42 18 7
0 16 1 2
17 29 20 40
16 22 40 25
9 38 17 2
35 17 15 38
13 20 9 8
14 41 5 8
39 42 43 16
26 30 2 21
36 43 43 17
28 39 19 7
15 30 44 26
27 40 37 20
39 14 12 24
41 21 19 44
38 17 18 41
18 32 15 46
43 15 18 39
40 13 19 47
13 35 22 7
17 22 31 15
47 37 10 10
42 43 21 7
9 48 13 6
38 47 44 23
10 37 13 2
12 21 12 10
35 38 6 1
18 24 10 0
34 41 38 22
47 16 21 44
37 48 40 24
29 41 23 42
5 36 18 43
12 48 23 16
39 23 15 44
44 17 17 46
48 30 21 41
19 30 22 19
45 24 18 44
33 39 44 19
43 44 16 41
15 49 21 41
35 32 20 47
9 29 18 46
42 11 16 45
43 18 18 27
37 42 21 44
15 23 6 8
14 16 18 10
19 36 17 20
12 36 11 10
12 21 16 46
28 35 44 21
41 41 38 24
18 19 23 11
46 24 34 19
37 42 1 7
23 28 28 15
31 41 39 19
33 34 41 1
29 49 0 7
20 36 25 20
43 42 19 45
49 11 9 5
13 46 21 0
22 23 18 2
49 22 16 47
16 18 20 46
23 37 43 21
11 36 23 40
40 45 5 6
37 38 5 17
6 21 17 7
16 26 24 43
35 40 4 1
36 41 23 40
31 29 44 21
28 33 17 48
35 9 17 45
31 43 19 45
39 12 13 3
24 24 19 20
33 40 23 43
38 23 21 27
35 28 25 43
5 39 17 22
5 39 16 19
21 24 41 20
14 23 13 11
16 10 21 44
38 46 16 43
27 31 27 7
19 29 10 12
3 26 39 15
45 13 13 20
41 39 18 12
30 41 20 43
23 41 1 1
20 23 8 1
24 36 17 45
44 15 41 8
13 18 38 18
29 23 42 18
14 44 20 45
37 12 5 3
42 42 8 16
7 34 40 18
48 14 17 12
21 29 14 44
36 5 42 19
6 33 17 43
38 19 46 20
27 29 44 20
28 11 15 45
37 32 19 43
12 40 17 46
8 18 1 9
35 41 8 5
16 42 21 48
30 30 21 41
15 17 9 1
15 14 17 47
11 42 11 13
38 39 29 29
38 38 44 22
12 41 15 16
18 19 22 43
5 26 46 23
35 42 19 15
22 35 18 19
36 48 15 43
27 40 19 46
36 39 19 46
31 45 16 16
33 34 0 12
45 19 6 8
15 27 45 24
41 41 42 21
46 26 12 20
13 11 16 46
18 26 14 42
42 11 21 40
14 30 14 20
42 24 6 8
32 30 39 1
43 11 38 20
36 13 13 11
38 13 13 11
33 48 42 19
49 24 15 44
22 15 1 6
3 35 18 46
45 13 17 43
12 25 22 45
31 39 20 45
21 23 14 39
18 41 14 7
13 23 19 11
17 49 17 41
35 44 17 45
39 19 16 41
35 47 17 41
21 37 14 22
36 40 43 20
31 20 16 12
32 40 6 3
25 25 9 10
34 41 16 4
9 46 44 23
36 43 20 9
42 45 8 15
47 36 23 43
29 36 28 19
5 35 18 42
39 41 18 10
10 16 45 19
36 39 25 8
43 35 19 36
7 23 11 2
32 41 11 23
33 38 20 14
41 30 42 19
25 46 19 3
26 30 18 39
38 35 23 6
23 40 13 6
14 20 24 6
26 13 15 45
37 38 16 45
21 34 32 24
20 41 8 1
15 15 46 23
14 28 7 5
46 14 25 19
20 40 9 14
48 44 43 19
13 22 12 8
45 44 5 14
47 19 20 12
43 45 23 9
12 30 15 2
13 21 1 0
6 40 11 8
16 19 7 1
25 39 15 45
44 15 6 11
17 19 40 21
32 23 19 17
18 40 15 7
18 35 0 8
25 22 4 3
38 17 5 7
44 22 3 4
43 15 18 8
26 37 18 42
7 38 43 19
37 43 3 5
5 40 43 22
13 27 16 10
34 40 12 14
15 17 41 21
19 33 7 6
32 30 26 18
34 43 22 40
11 47 38 23
1 33 8 1
11 27 9 6
39 17 14 44
15 27 17 40
28 17 11 3
26 35 42 22
16 16 20 42
18 42 24 45
43 19 21 4
19 23 40 21
7 14 13 44
22 49 43 22
22 19 28 23
26 13 13 16
21 33 6 4
14 21 41 23
33 40 7 1
39 47 21 43
39 33 1 1
28 39 46 26
33 44 8 1
39 49 22 45
39 46 15 43
41 15 17 16
19 42 40 21
8 44 21 42
48 10 18 44
39 32 18 41
30 41 41 26
39 17 44 23
27 36 0 0
19 22 22 48
23 21 16 46
31 31 8 3
13 20 11 0
17 23 15 45
33 40 19 44
42 7 20 40
34 36 6 4
28 31 17 42
9 7 19 14
27 26 42 20
13 17 0 4
20 24 15 43
34 32 16 45
41 46 0 5
1 30 43 20
42 12 18 47
14 22 2 6
23 23 20 40
48 48 43 23
18 21 16 11
20 46 17 8
29 15 39 18
10 31 5 4
28 19 25 12
44 44 12 43
35 39 18 48
26 45 9 16
37 33 40 18
32 47 20 45
32 43 0 1
18 18 21 43
13 21 41 24
14 21 20 45
3 48 43 23
37 47 41 18
46 14 26 10
17 24 20 13
31 39 16 43
20 20 38 23
42 44 25 29
0 32 20 39
14 35 6 4
33 34 48 21
23 33 11 3
22 32 44 21
43 15 15 43
29 34 19 43
39 42 14 2
30 48 0 2
21 26 1 11
20 25 17 11
34 46 20 7
15 24 42 20
35 11 4 9
10 16 13 40
11 47 34 22
22 35 23 45
44 10 21 44
37 47 16 42
20 40 11 8
13 32 16 40
37 47 1 5
34 45 22 46
17 41 10 23
46 13 16 45
47 14 39 24
34 37 42 21
42 12 17 48
8 18 10 11
15 16 11 1
21 28 2 6
29 28 13 2
16 37 44 20
13 47 40 21
49 48 34 28
29 32 21 44
29 20 16 45
37 44 43 22
17 22 20 46
9 40 11 28
39 29 21 29
18 43 22 45
30 23 15 16
12 26 22 46
28 43 6 8
45 42 19 46
7 39 28 13
26 26 8 20
41 46 17 19
18 25 23 41
48 44 9 16
42 37 44 20
27 24 40 22
12 15 31 26
2 43 12 8
40 13 22 43
45 11 19 43
40 30 18 13
46 7 18 45
16 31 40 18
33 47 21 41
35 44 38 22
48 25 19 15
9 22 39 26
19 44 20 28
12 39 21 46
32 41 46 23
38 48 21 14
14 17 6 20
15 27 7 8
15 19 13 46
29 24 21 13
27 34 19 14
18 26 44 27
38 49 3 0
38 38 20 41
40 45 14 4
48 21 3 14
37 36 10 14
49 47 8 4
40 40 17 5
20 35 42 17
45 14 3 1
33 18 14 8
41 43 40 22
34 41 43 22
9 44 0 2
18 40 41 19
7 23 18 43
7 45 1 0
40 20 17 16
37 21 16 47
9 42 21 46
23 33 44 20
16 34 21 15
48 12 40 19
2 30 1 22
17 43 12 15
39 15 34 15
26 37 26 18
26 36 18 10
43 41 20 13
3 27 12 0
26 28 11 12
17 46 13 15
32 22 17 43
9 23 38 20
21 29 18 11
28 37 21 21
8 30 16 5
37 48 12 2
22 38 24 19
10 45 18 44
43 14 19 45
10 21 18 14
16 28 7 0
40 42 24 44
43 35 22 43
13 27 17 12
38 35 40 23
36 32 18 44
16 31 16 5
35 47 13 15
36 33 21 16
44 27 9 4
32 31 20 44
23 34 0 8
21 22 13 11
41 48 9 7
20 13 18 45
47 20 26 21
43 12 9 32
10 45 7 4
29 44 21 3
49 48 19 21
7 14 11 16
41 49 12 5
12 26 10 15
36 42 30 13
15 45 17 7
7 21 17 44
24 34 27 8
35 43 5 9
37 19 6 3
44 49 21 44
11 22 3 4
27 31 20 48
36 41 15 16
16 22 16 6
39 49 41 21
41 46 13 14
37 41 17 41
35 39 19 41
43 16 7 13
39 19 18 47
34 41 10 10
20 44 13 4
38 30 22 47
7 48 43 22
43 12 22 48
39 40 5 11
49 21 0 14
36 22 26 15
43 22 8 8
45 8 16 13
40 41 15 46
26 34 19 48
7 41 8 1
34 47 4 11
30 44 43 20
41 10 14 21
42 12 42 20
19 27 11 25
43 41 46 21
25 28 13 43
17 13 6 9
24 22 16 8
40 25 20 19
4 48 11 7
14 13 44 21
45 48 27 7
36 43 14 16
3 27 31 9
24 1 8 6
11 25 16 3
27 40 16 9
39 43 9 5
28 18 18 41
12 28 16 47
28 24 39 20
45 43 45 23
32 5 25 7
24 11 18 41
31 37 15 40
19 38 16 2
28 49 18 43
11 28 15 49
8 40 25 17
35 30 44 24
33 46 14 11
7 30 12 8
37 41 19 42
21 40 27 7
15 20 44 18
36 34 19 44
29 43 39 21
20 26 44 24
18 46 13 13
20 20 20 6
15 48 14 7
24 41 46 23
19 25 18 9
33 39 22 14
49 14 20 43
38 32 19 42
4 21 18 41
12 42 19 44
31 42 17 12
25 48 7 4
29 36 22 43
14 31 8 1
23 31 3 6
23 49 15 42
33 39 43 17
34 44 19 10
16 35 16 44
38 44 6 1
10 34 25 11
16 30 17 35
37 41 18 40
16 24 40 23
10 43 6 0
47 18 12 14
11 34 37 25
39 38 44 22
25 46 21 49
40 44 21 5
41 34 44 21
18 17 7 6
31 35 19 43
47 40 15 8
7 28 31 16
39 14 17 16
36 17 24 44
37 45 6 7
37 45 1 5
33 42 14 12
17 32 20 40
49 36 16 11
48 21 21 17
39 49 38 20
48 20 17 47
13 24 20 8
14 23 10 15
3 44 18 46
41 18 1 6
8 31 14 7
31 41 10 3
28 47 4 10
43 43 42 20
30 31 39 22
41 11 16 13
19 24 16 14
26 8 13 8
29 46 44 18
14 39 26 7
39 21 15 44
1 45 20 17
7 34 23 8
45 16 18 6
39 43 40 18
41 24 18 2
48 42 19 49
5 35 19 46
11 2 15 16
26 41 1 6
0 46 2 14
12 21 23 8
23 16 15 42
19 49 10 8
48 10 10 18
31 44 15 42
3 39 12 4
39 5 39 24
27 6 39 21
31 31 10 3
11 23 43 26
22 24 19 46
9 43 42 23
38 38 17 5
39 42 1 6
12 35 41 24
47 24 0 7
26 47 14 13
33 25 12 12
47 35 19 42
39 43 23 43
18 23 18 41
45 24 14 25
15 18 20 39
37 40 41 17
21 27 12 4
42 28 0 3
35 25 5 2
25 34 19 43
14 23 16 44
3 45 17 13
16 25 1 3
38 41 10 11
1 28 9 5
25 35 41 25
16 23 37 24
26 20 17 44
30 44 17 45
14 46 18 41
15 44 19 37
21 19 20 41
41 16 6 2
45 11 13 3
13 40 42 21
0 33 19 42
36 43 9 20
34 31 43 21
24 34 10 1
33 48 11 9
24 27 19 43
19 38 16 4
41 26 15 47
19 22 15 27
19 4 19 15
42 25 11 7
36 42 14 45
12 44 18 40
11 33 25 8
16 29 21 41
9 46 4 11
49 37 23 5
7 44 20 41
14 25 4 2
27 27 46 19
17 44 7 11
45 6 39 14
25 41 14 16
28 43 9 8
31 36 13 45
18 24 14 6
3 18 22 44
2 48 23 43
13 36 3 1
18 17 3 19
37 33 15 9
46 45 14 6
16 28 2 0
16 46 17 9
24 31 17 9
45 15 8 11
16 34 36 19
20 20 4 11
10 24 0 3
22 16 12 5
25 29 13 21
42 36 8 8
23 13 3 23
48 44 19 45
16 35 12 11
19 30 19 43
33 24 19 40
18 33 22 45
44 17 21 48
34 41 17 44
29 49 23 41
5 29 43 20
43 25 26 23
30 45 14 43
26 30 16 46
15 42 19 44
19 27 39 21
33 46 5 4
22 18 18 44
47 40 40 20
39 31 45 18
37 41 12 11
35 44 41 22
13 40 12 6
1 49 42 16
49 48 5 15
47 48 34 23
22 49 40 18
10 17 14 45
41 38 21 42
12 46 0 1
21 36 22 42
3 35 42 20
29 47 16 14
48 33 43 25
8 17 43 19
9 24 22 40
12 11 16 45
12 41 16 42
17 18 40 24
33 12 43 23
19 47 25 22
35 41 22 42
31 36 19 9
41 39 41 20
42 28 20 43
27 30 38 20
24 24 12 15
12 17 6 7
48 12 15 20
35 48 44 16
11 48 3 2
10 25 20 32
30 26 22 0
37 47 13 7
46 43 12 14
7 41 37 24
48 10 17 14
24 38 7 3
19 44 10 10
48 43 5 7
43 49 21 40
8 27 10 14
47 46 16 0
40 37 45 23
32 42 27 11
26 25 20 8
41 35 17 45
32 35 15 43
36 18 11 12
4 45 23 45
