50 553 13224 800
36 2 32 23
34 3 47 31
29 19 29 1
26 37 6 37
17 39 48 24
31 38 38 20
45 34 1 17
32 4 45 27
37 13 48 11
33 17 14 14
38 31 25 16
34 39 3 27
34 32 27 29
36 3 44 25
37 0 34 18
34 2 19 11
38 2 49 32
41 7 37 4
18 45 12 49
30 16 7 13
33 19 19 24
44 24 14 15
38 3 46 9
9 21 34 42
31 30 45 23
19 49 48 16
18 46 47 20
21 10 30 17
18 32 21 13
12 40 43 24
26 39 27 30
34 17 10 26
20 18 25 15
24 37 42 29
32 43 35 16
35 5 24 12
16 33 11 5
34 4 42 10
33 19 20 34
33 22 28 3
23 6 15 22
30 45 13 14
49 31 48 5
34 30 44 12
6 20 26 13
9 35 47 24
30 3 20 34
38 3 44 12
24 5 9 40
31 44 27 46
32 21 25 32
31 36 31 16
33 2 22 13
33 8 32 12
28 45 15 37
36 25 25 11
40 31 16 5
45 40 1 37
25 30 20 31
35 14 48 30
43 31 40 11
23 14 23 20
20 19 36 44
36 19 33 39
17 43 30 8
34 4 47 13
46 42 23 26
35 17 21 35
16 12 18 32
26 34 10 39
28 44 44 49
42 19 47 15
32 15 39 24
29 9 19 13
36 2 31 5
27 46 22 11
4 36 31 17
32 35 47 4
34 26 35 3
37 23 44 12
23 38 14 29
43 40 28 35
40 26 15 42
31 3 46 20
18 38 30 14
36 14 21 18
32 3 16 44
41 42 46 42
30 4 19 1
30 14 16 20
30 41 26 8
8 42 21 0
26 44 48 4
33 3 25 2
40 25 0 20
26 39 44 8
37 29 23 4
32 6 26 21
35 25 39 14
16 29 31 20
30 38 21 6
17 32 40 12
24 35 26 7
22 32 24 11
35 24 9 30
12 42 25 20
44 13 38 21
29 44 17 7
39 39 47 17
35 6 17 12
41 4 40 21
15 45 21 20
24 24 41 14
25 27 45 20
25 42 38 14
11 25 46 11
33 33 42 14
35 32 11 21
21 7 12 25
9 48 37 23
25 35 30 37
35 19 9 9
20 39 14 4
41 15 46 16
33 22 44 14
45 30 38 18
24 28 26 10
16 49 14 1
28 44 45 19
29 42 43 24
33 25 46 8
41 20 38 29
19 49 3 11
20 23 28 10
31 14 11 20
24 38 15 17
37 38 47 18
19 43 25 6
30 29 45 16
34 23 46 12
34 32 35 43
39 28 49 15
38 39 36 22
7 23 14 27
35 22 18 16
34 32 46 16
24 31 14 10
36 3 15 17
37 17 42 32
39 22 46 7
35 6 20 1
28 24 45 18
16 0 28 9
36 46 20 2
24 48 43 23
33 2 42 6
34 41 5 27
16 20 6 22
33 40 9 8
25 34 47 22
34 22 33 13
9 20 49 18
18 44 2 29
37 25 33 17
33 16 16 9
34 0 17 13
10 38 29 18
14 36 0 29
13 45 12 2
35 0 16 19
33 5 25 26
27 12 10 19
37 41 5 44
19 43 10 16
23 33 48 17
36 21 9 26
43 39 10 9
18 34 33 1
33 28 3 44
36 22 1 20
39 2 42 20
35 21 13 33
22 11 14 26
30 7 17 13
34 22 6 20
12 34 24 40
31 17 45 22
8 49 18 20
38 17 47 14
27 42 47 2
4 46 31 25
11 46 36 25
33 16 31 30
32 16 22 23
25 47 10 15
26 35 43 15
16 23 37 34
24 40 22 19
30 35 47 30
35 18 23 12
40 18 36 20
33 1 18 10
28 12 14 37
22 41 14 4
30 7 4 13
36 24 39 11
20 24 31 20
21 14 17 18
35 36 14 20
31 33 20 22
21 32 37 9
40 41 4 22
44 21 37 17
7 29 33 25
27 36 27 14
27 28 15 11
16 46 6 36
30 28 24 10
44 35 38 18
38 21 13 27
42 24 25 31
29 48 45 15
32 47 8 31
27 2 22 24
37 1 44 39
24 25 39 7
19 41 5 26
26 24 17 16
12 33 39 22
21 21 43 37
30 42 7 9
49 40 33 13
29 37 8 26
15 40 38 10
36 47 21 26
21 5 32 16
36 15 23 22
33 49 40 19
43 25 9 23
28 4 37 2
34 21 8 22
26 12 19 13
46 29 10 18
33 9 2 34
30 28 46 15
41 40 29 3
29 39 49 27
27 38 27 2
34 2 32 22
34 6 43 17
29 47 31 34
29 21 26 23
28 31 33 13
23 9 46 14
27 46 40 9
2 32 49 27
30 21 40 29
18 39 22 27
26 24 49 16
47 26 30 8
31 20 38 20
29 33 10 19
49 29 20 10
32 22 33 9
38 10 23 22
37 30 40 28
40 28 22 24
43 3 11 13
36 5 43 18
22 47 9 5
36 40 12 21
19 16 31 4
29 41 6 33
32 0 39 14
38 3 23 1
33 4 7 27
35 6 29 11
24 45 42 22
43 38 30 14
40 25 49 17
48 42 34 31
31 36 40 19
29 35 3 9
32 43 9 19
27 39 48 15
28 17 7 28
3 46 43 26
22 13 36 27
38 4 49 24
29 27 42 19
20 46 33 24
10 30 42 40
35 44 43 38
18 1 27 0
15 8 44 9
35 5 6 5
30 4 44 22
29 20 28 8
30 24 39 30
8 42 26 25
34 4 26 27
20 22 29 2
36 40 30 28
35 18 49 18
35 20 47 15
28 5 46 16
40 49 33 37
17 46 4 49
30 40 43 29
28 34 6 18
12 41 49 11
20 45 22 26
29 47 10 44
20 36 16 30
28 43 43 16
36 2 19 18
22 40 14 21
24 27 43 18
18 26 14 35
29 9 21 3
33 21 25 5
39 16 5 20
40 17 21 20
19 49 44 15
29 27 34 18
28 5 46 28
34 2 17 26
30 0 26 35
33 35 22 10
41 26 44 16
17 36 44 21
41 29 22 12
44 33 13 18
36 36 21 32
33 0 36 37
37 16 41 23
27 43 26 17
22 43 43 2
34 1 19 27
35 2 17 3
34 1 1 24
34 18 31 15
17 43 25 13
33 22 22 11
17 39 48 42
31 10 49 20
23 6 49 20
34 22 20 21
36 0 25 7
9 28 24 7
34 3 11 40
39 18 1 20
29 49 10 43
29 0 16 26
29 36 25 31
28 33 47 28
40 30 49 24
18 21 41 7
22 33 10 16
34 18 47 24
27 31 16 15
20 6 37 18
26 34 40 45
35 30 5 8
32 22 27 11
29 11 24 14
27 37 15 22
27 1 7 48
41 30 1 46
39 36 31 11
41 21 44 5
14 43 44 17
33 46 31 14
34 5 46 44
41 19 33 23
33 6 39 17
29 38 19 13
34 32 19 17
24 16 45 16
33 39 31 1
28 40 10 6
25 28 48 14
33 43 4 17
37 25 11 48
33 20 42 21
24 20 9 5
34 36 41 8
37 19 44 7
36 46 37 24
27 28 11 29
2 45 2 39
26 31 27 42
36 8 6 39
41 21 5 34
18 38 18 18
37 23 6 45
39 34 30 28
21 41 43 27
24 46 2 45
31 5 25 10
35 23 13 13
22 10 13 44
36 2 14 19
38 19 13 14
23 21 35 2
30 33 15 7
34 49 18 30
17 26 38 23
8 44 18 18
32 17 21 33
34 41 9 24
27 37 48 22
42 24 17 18
33 3 9 32
36 12 46 25
27 36 16 19
27 28 8 25
44 18 22 19
39 39 39 22
29 6 11 22
4 37 30 46
39 0 40 32
27 41 4 5
30 30 25 45
17 27 46 22
19 40 39 0
38 28 41 12
10 35 26 32
33 21 24 16
46 39 6 31
27 24 17 13
24 7 15 25
24 48 25 15
7 35 5 23
8 37 17 14
34 3 37 14
10 38 41 31
19 37 11 11
33 2 9 14
46 17 17 8
17 43 17 17
29 49 11 8
40 27 46 13
21 39 14 10
28 28 6 25
41 31 38 29
22 21 26 16
26 28 30 21
16 42 4 26
38 26 48 15
42 14 24 24
43 43 48 20
16 37 29 29
34 0 7 11
27 45 13 5
32 14 19 29
8 30 30 7
25 39 44 6
33 3 44 27
32 10 29 12
42 24 48 17
24 43 29 9
18 35 13 12
34 4 23 12
31 4 43 19
37 26 10 23
30 36 42 15
33 7 48 21
30 47 25 20
31 20 31 25
19 39 15 27
35 6 30 12
40 20 34 26
29 27 31 17
49 34 10 33
32 2 43 37
17 38 40 16
2 36 46 25
18 30 24 13
34 17 46 24
39 1 15 41
38 23 32 28
36 18 31 3
34 34 4 25
33 49 44 49
37 40 19 15
45 17 14 10
17 44 44 7
43 36 47 15
33 1 20 36
30 30 36 7
33 14 36 9
35 38 24 7
34 4 5 36
38 0 15 26
27 44 40 24
46 45 13 19
28 31 46 28
47 36 18 18
30 16 39 21
31 21 11 9
24 16 15 22
31 45 0 29
34 2 19 26
47 13 48 22
23 41 15 10
41 42 44 22
45 29 17 12
22 36 12 28
42 14 46 9
42 28 9 39
40 45 13 1
32 1 3 13
44 35 12 21
30 40 36 29
31 26 46 13
17 48 34 47
32 29 27 34
20 11 44 26
38 20 33 8
27 46 41 0
39 17 22 21
16 41 32 49
25 39 23 13
34 34 9 27
30 40 10 22
33 49 48 19
30 45 13 5
38 25 0 17
24 2 8 42
35 13 39 10
45 19 4 17
43 19 20 10
39 10 4 13
40 41 7 37
17 43 48 11
27 7 38 32
25 28 35 15
39 23 34 25
35 3 28 37
29 25 37 36
24 15 42 17
32 0 14 12
24 46 18 15
27 17 43 11
7 41 9 44
15 36 11 28
32 5 17 12
37 41 17 33
17 46 24 22
45 24 18 26
28 39 9 32
23 23 23 38
