50 1219 14518 800
3 10 35 30
9 7 19 41
9 12 8 29
13 12 31 19
38 30 14 33
32 24 28 20
3 28 43 18
39 3 10 11
3 3 6 29
35 16 19 19
47 37 34 27
11 17 42 22
35 9 15 15
32 2 28 30
17 13 33 14
3 27 28 34
32 7 37 24
31 32 11 38
21 22 13 15
40 49 23 40
6 45 28 42
42 1 14 39
13 17 37 12
12 16 29 17
0 29 43 29
36 3 36 34
44 35 19 29
28 48 10 35
5 18 18 29
24 47 42 33
48 23 8 2
31 48 20 33
35 6 0 17
1 24 19 41
37 38 46 33
14 13 31 30
42 44 3 38
43 27 25 22
32 4 44 8
44 48 6 32
39 2 10 38
32 5 44 34
35 22 27 16
38 2 5 35
36 1 32 24
34 26 11 26
7 2 9 33
32 5 28 36
11 13 14 33
39 2 39 28
36 1 8 41
4 4 8 24
45 46 26 39
46 29 44 24
36 9 25 40
1 22 13 17
36 4 19 3
0 20 26 44
2 28 20 11
33 3 10 41
1 2 32 28
44 39 9 19
7 34 14 25
7 15 27 41
22 0 36 36
40 4 42 26
13 31 12 27
28 45 47 31
0 22 12 28
43 16 14 23
42 45 25 45
14 26 8 21
40 20 26 36
5 0 40 14
2 4 25 43
6 10 49 33
45 40 30 42
45 10 10 22
37 42 36 17
48 5 38 15
33 2 24 30
6 21 29 18
46 23 37 37
0 22 25 48
12 12 28 39
1 30 13 26
40 13 45 16
36 38 39 28
9 7 27 36
37 4 43 19
6 0 35 27
40 23 9 22
36 0 35 36
35 3 43 5
3 16 18 24
32 1 26 42
36 5 46 26
44 10 15 39
40 10 44 26
15 17 8 35
13 14 5 21
32 6 15 37
30 36 31 40
44 42 29 38
2 15 29 36
11 10 30 31
34 3 43 25
35 5 30 38
48 48 27 38
43 49 21 35
5 21 37 45
45 6 37 33
16 20 37 21
19 28 26 33
30 1 9 35
46 11 4 35
3 1 5 33
5 18 38 36
49 6 29 39
32 2 30 39
18 15 11 45
10 18 45 33
39 16 15 30
38 3 30 39
5 3 36 29
5 20 40 33
9 18 35 4
3 7 33 27
27 5 43 31
0 8 35 42
24 3 27 37
14 19 4 10
9 27 49 25
13 32 24 46
5 25 39 39
11 11 28 36
16 19 7 42
37 24 8 34
0 9 27 37
45 15 19 35
5 20 17 23
5 13 24 17
31 7 3 25
38 19 33 21
5 10 12 26
39 10 11 32
9 19 37 21
42 0 30 32
14 8 39 42
0 7 8 18
9 33 39 32
48 36 17 42
36 6 28 45
31 4 7 24
42 15 39 40
8 5 24 38
41 17 28 36
8 9 30 41
4 8 17 22
35 9 29 33
1 14 5 37
16 0 46 24
44 18 27 36
20 49 27 42
31 4 4 40
32 0 20 26
4 10 44 39
35 3 28 36
2 23 14 29
3 16 43 20
8 7 47 26
6 23 34 42
9 12 21 27
37 2 28 22
4 25 15 28
5 22 17 37
27 2 28 36
32 2 19 22
20 44 8 5
48 41 12 33
34 12 24 27
0 20 7 29
44 42 38 33
32 1 5 34
4 23 12 37
2 11 9 19
7 0 22 46
23 7 39 30
9 14 47 24
7 20 24 38
4 4 24 21
35 1 20 20
2 14 5 26
2 22 23 42
1 30 16 15
36 5 27 39
14 25 17 12
28 46 34 42
11 6 19 42
35 4 46 27
36 34 41 27
3 24 45 20
44 46 36 41
5 0 3 32
13 5 24 16
47 16 31 34
7 44 30 38
7 17 30 18
44 42 19 42
10 13 47 32
40 2 16 42
39 44 25 40
35 49 36 18
8 20 19 5
48 40 27 37
45 18 14 31
37 44 25 32
32 4 22 36
43 45 8 35
28 3 34 10
5 11 15 29
9 10 46 26
42 18 20 29
7 20 20 28
40 42 42 31
36 42 33 37
15 20 38 15
27 5 29 37
1 31 5 38
19 18 24 22
11 18 1 39
0 2 45 32
10 27 42 23
33 48 24 36
14 15 27 37
4 20 19 20
39 4 26 40
34 3 43 31
9 0 13 21
22 32 45 19
10 24 21 33
9 17 44 24
12 16 32 28
4 14 0 4
36 3 28 43
44 18 6 29
9 2 9 21
45 5 46 36
4 22 31 33
7 18 8 42
13 18 43 22
36 2 30 45
14 16 39 14
13 31 49 37
31 3 21 43
36 0 43 32
6 3 13 23
48 14 43 16
44 29 30 36
26 3 8 23
36 46 19 14
19 37 0 40
17 3 40 36
4 19 27 43
42 41 23 39
2 4 9 42
14 8 2 29
8 3 28 37
6 20 19 28
34 41 6 29
34 1 37 24
10 15 31 42
33 1 38 36
37 46 32 23
11 19 14 41
12 16 34 19
9 17 12 24
32 5 32 35
37 41 44 19
40 49 22 39
4 15 15 9
22 13 31 38
9 18 10 26
45 1 44 27
42 49 32 22
39 4 28 38
12 12 26 23
44 12 18 4
41 48 33 13
40 27 28 45
45 10 15 35
23 21 32 42
7 22 13 32
11 16 24 7
6 9 33 34
25 2 10 19
36 13 18 25
25 4 12 13
11 10 31 40
38 35 45 33
6 6 49 11
40 3 25 42
11 11 11 24
17 11 26 45
38 8 32 33
11 3 14 0
43 48 22 36
4 26 5 30
38 2 30 36
26 3 3 34
18 18 10 23
40 4 15 34
46 34 27 34
40 1 1 10
42 44 24 32
2 5 28 38
36 4 21 37
33 2 34 31
43 6 30 25
15 7 26 45
32 36 24 26
9 15 17 29
2 6 9 30
47 48 33 40
32 3 22 32
37 9 25 36
3 13 19 7
16 5 22 39
32 6 15 6
33 9 7 35
38 2 44 20
8 10 22 41
29 4 16 21
4 25 20 7
4 16 16 21
23 29 32 21
12 12 15 32
10 16 11 43
33 2 8 43
0 21 3 34
39 45 47 29
13 15 23 35
30 0 30 35
15 6 14 30
32 49 28 32
5 5 16 28
9 17 6 2
17 9 26 40
9 21 48 28
33 5 5 17
30 0 24 32
4 13 44 14
6 10 31 24
34 2 4 33
7 10 25 39
16 2 17 39
2 6 6 42
32 4 16 24
47 40 41 26
8 27 24 41
19 9 13 38
14 16 30 25
1 19 24 10
13 6 42 37
20 16 32 40
34 4 22 35
1 22 16 20
27 41 31 20
47 1 35 26
2 28 40 25
15 1 32 40
37 0 43 25
46 38 28 43
10 25 24 13
31 2 15 16
33 0 36 35
8 24 35 40
37 43 27 41
2 9 18 18
32 3 20 33
40 2 47 43
1 9 39 18
34 0 21 24
1 4 11 16
41 2 43 23
39 44 30 32
11 28 45 31
35 0 37 17
47 26 4 37
45 27 16 15
48 40 22 10
1 22 29 42
35 2 21 12
7 12 6 28
37 20 17 48
37 1 41 25
9 3 19 37
1 21 24 37
2 8 20 46
48 32 10 37
49 1 22 28
41 43 0 36
8 16 30 20
36 2 20 33
3 24 36 10
13 4 14 19
5 15 24 38
36 27 3 24
5 22 35 32
17 8 14 36
1 26 38 16
0 15 8 28
5 13 24 43
38 4 18 21
45 45 17 19
2 11 19 34
30 14 17 32
9 24 20 36
35 2 24 47
36 40 25 13
45 26 27 16
9 19 28 38
41 49 22 30
35 3 42 29
41 42 35 45
4 21 0 41
46 45 25 39
40 2 40 30
0 18 22 24
5 29 28 39
36 3 38 14
33 3 25 4
32 1 41 15
15 14 23 22
6 12 1 39
5 12 36 47
46 37 17 39
34 4 21 36
47 49 27 40
29 43 45 29
9 22 13 16
39 2 10 28
7 12 7 47
7 29 31 41
2 2 30 36
29 3 29 33
36 23 39 33
45 27 20 14
39 7 44 35
1 4 10 24
9 13 40 34
7 23 45 27
5 3 23 41
32 5 29 38
7 15 27 35
49 48 12 18
6 9 13 32
48 31 30 29
12 7 20 40
5 16 12 39
39 38 30 36
36 38 49 24
8 21 47 40
0 1 9 41
20 12 11 25
37 1 10 9
7 3 47 41
34 10 15 39
33 1 17 35
28 28 45 28
36 43 11 4
17 24 12 29
6 23 48 12
27 31 33 43
5 22 37 32
5 23 14 13
1 14 39 34
39 30 17 21
4 16 38 28
13 23 17 42
33 27 13 43
1 15 2 22
1 11 5 39
32 9 19 37
4 17 31 43
8 25 27 25
38 46 33 42
12 25 6 22
11 2 19 38
36 27 22 38
6 12 31 37
31 9 29 44
11 1 25 34
17 17 7 33
33 2 32 36
12 5 38 14
8 21 21 33
3 4 4 35
46 10 9 40
12 14 48 29
7 35 32 39
44 42 43 28
9 27 27 36
33 1 42 30
46 42 13 20
7 19 37 37
17 30 36 16
46 43 22 31
8 34 4 35
47 42 39 17
7 3 22 37
30 5 13 9
48 41 4 38
9 9 23 25
10 28 9 32
37 30 43 26
33 4 24 40
16 10 40 43
42 49 37 26
36 1 5 18
3 14 37 28
31 46 21 25
35 2 45 27
13 18 14 26
33 2 16 26
2 20 38 16
0 23 40 41
7 15 12 32
49 44 6 29
9 32 32 22
46 41 5 17
4 18 46 33
34 1 25 35
0 29 18 25
46 30 29 35
20 16 44 37
19 14 18 35
34 1 3 28
19 5 31 31
3 15 30 37
3 14 33 15
35 5 20 30
37 6 13 29
35 4 33 38
15 16 24 47
1 19 34 34
39 5 31 41
38 1 30 36
41 34 45 13
32 5 8 41
46 34 35 23
35 4 32 41
8 13 47 42
0 4 26 44
37 0 21 30
2 2 32 32
41 4 6 26
21 19 29 19
34 40 48 20
10 12 25 30
9 12 36 29
5 14 30 15
7 19 12 22
47 43 38 34
36 3 27 43
37 39 11 32
11 19 35 31
14 10 24 39
5 2 29 37
45 43 2 49
13 20 46 34
5 16 46 47
9 8 49 23
1 20 22 48
3 24 24 42
6 6 39 30
37 46 10 0
36 5 30 36
32 0 21 39
12 6 10 28
3 13 7 32
33 1 22 22
34 7 36 34
11 7 41 25
39 4 21 39
40 6 30 37
12 36 9 12
0 2 28 22
1 4 12 18
18 34 43 37
37 48 22 28
2 10 9 16
1 14 18 9
11 25 7 40
35 10 18 26
0 22 16 29
36 1 34 44
11 5 14 46
32 10 12 12
0 17 30 39
9 18 29 40
32 2 28 39
7 8 38 14
5 21 31 35
18 2 11 19
10 15 43 20
7 14 45 33
38 22 13 31
9 34 26 41
13 17 0 39
27 9 10 31
14 11 31 32
0 6 46 41
34 6 21 24
34 2 30 33
45 11 11 37
44 47 36 25
43 7 41 36
4 14 41 23
6 2 21 32
36 3 14 31
48 30 11 39
42 1 9 17
39 8 49 13
48 43 4 35
7 8 16 9
7 11 32 42
43 41 29 31
43 34 17 32
8 5 10 27
47 41 48 11
34 0 11 23
45 48 8 45
40 5 9 28
6 30 43 16
47 39 10 16
38 30 39 16
9 25 26 40
1 19 35 37
34 0 3 20
37 0 28 39
5 9 8 46
1 25 5 11
9 9 14 24
11 17 31 34
35 7 38 40
14 15 23 36
37 37 15 33
14 12 20 36
40 7 26 42
39 10 12 41
17 13 5 31
47 3 27 38
11 25 27 41
30 23 9 28
3 12 39 29
41 2 4 25
38 5 44 25
35 1 34 31
49 44 33 40
40 12 3 8
40 0 31 28
9 16 14 33
4 5 16 43
40 39 41 20
11 19 11 35
4 3 26 39
10 6 8 20
12 27 48 23
15 26 46 26
39 3 24 22
7 6 34 40
12 24 4 33
37 3 35 10
32 2 32 31
9 10 28 42
43 29 42 24
6 4 26 22
30 47 6 25
40 14 38 8
5 11 47 26
33 1 43 18
5 5 28 39
35 3 28 36
2 0 25 34
38 18 23 43
33 29 33 34
39 42 18 31
17 9 45 12
34 4 31 43
0 21 25 44
46 3 35 30
2 12 37 23
3 13 9 33
0 8 12 20
0 17 25 46
32 16 45 26
42 19 8 44
38 40 35 38
24 49 21 2
8 12 23 45
12 10 30 40
3 20 21 39
33 4 26 32
15 23 4 38
4 15 25 39
38 48 14 20
11 21 1 23
6 19 28 24
36 3 22 42
31 28 48 17
8 25 35 26
11 18 21 41
38 0 26 25
38 2 27 39
2 18 33 38
33 3 5 19
3 3 19 25
3 29 32 38
31 2 26 42
12 17 23 16
14 19 23 39
34 2 35 13
40 34 29 40
6 15 8 44
32 4 20 19
11 17 28 41
34 2 19 21
1 21 31 41
36 5 16 26
35 2 44 21
36 42 28 32
1 20 4 27
1 14 7 17
11 27 31 30
1 16 12 43
4 28 23 17
43 12 39 26
8 26 28 45
38 2 28 42
5 20 20 39
38 4 26 43
12 11 1 42
44 36 30 40
10 27 39 16
40 25 33 19
2 18 12 33
41 19 17 27
12 19 31 29
6 36 23 40
30 48 49 44
4 4 25 35
5 24 40 36
9 29 22 16
5 11 27 34
7 7 25 15
1 11 41 33
13 19 14 13
9 13 49 26
35 12 32 27
2 22 15 20
7 0 22 21
46 43 29 40
31 3 49 29
41 43 46 26
38 22 8 36
0 9 26 19
37 7 17 28
29 12 14 19
2 2 33 40
33 4 16 25
0 22 22 43
0 19 18 23
16 13 39 17
3 4 38 13
1 13 12 30
40 44 36 23
39 3 18 33
33 7 8 31
32 47 20 14
17 9 32 43
36 4 6 14
3 7 33 26
38 6 31 31
34 1 22 40
36 2 40 34
23 13 8 18
7 10 11 31
43 17 42 34
42 15 49 20
37 1 22 34
42 42 37 24
0 15 13 27
1 13 34 19
4 19 3 27
11 17 15 4
11 3 31 39
49 18 18 33
6 2 30 17
13 28 21 10
13 10 25 34
27 16 23 8
43 14 37 11
5 5 15 35
1 17 28 35
36 8 10 43
1 12 19 14
39 43 3 12
46 10 28 17
34 13 27 37
38 0 38 30
11 6 17 31
47 4 21 18
20 48 25 45
47 45 3 38
7 18 2 41
5 11 14 33
37 4 30 31
37 42 33 34
45 29 8 29
9 28 3 17
12 22 14 36
42 8 3 39
7 14 2 33
4 2 24 31
17 22 3 27
8 18 26 37
44 34 2 28
10 6 31 42
31 4 42 26
9 8 16 39
36 2 28 38
21 23 3 30
29 6 36 39
5 12 31 37
12 35 48 30
46 22 29 40
10 19 45 30
37 3 11 22
0 12 3 40
36 7 23 26
18 11 30 37
38 4 40 31
6 21 38 23
34 1 24 30
3 26 42 41
43 34 9 38
44 37 14 26
47 12 26 22
8 26 40 4
9 11 2 49
32 1 30 39
2 20 21 11
17 19 30 38
8 6 17 39
11 2 28 35
46 17 10 41
34 48 28 40
47 37 32 31
36 29 23 31
7 16 11 30
39 1 42 29
41 42 23 36
44 14 29 31
33 5 29 36
43 17 13 35
36 16 47 41
1 21 28 46
8 19 31 37
31 2 41 21
40 43 17 49
5 11 35 14
35 1 28 30
5 14 27 31
4 10 12 17
11 3 21 28
6 23 32 24
10 18 37 29
37 0 34 27
35 5 29 20
5 19 35 23
46 22 32 36
42 44 8 34
26 1 35 31
2 8 13 40
0 5 14 10
0 5 38 39
7 9 48 30
3 10 7 25
11 17 22 43
43 12 10 36
28 46 16 41
46 4 14 29
12 27 29 30
16 28 30 45
6 1 26 42
48 37 28 36
40 45 23 35
0 17 13 26
26 2 10 30
45 39 12 35
11 31 35 22
2 15 23 28
33 8 41 22
21 42 34 24
9 12 43 29
40 46 33 46
32 35 45 43
1 16 23 38
12 10 42 26
20 10 28 38
40 14 49 14
49 14 14 26
42 5 24 26
39 1 15 34
5 18 38 33
31 24 29 40
35 1 20 29
6 18 36 21
25 25 30 37
42 34 15 41
12 22 30 39
33 0 18 24
28 1 37 24
11 19 30 31
8 9 22 20
1 13 2 35
12 28 49 20
3 20 28 35
2 19 12 37
18 9 30 36
17 13 13 33
10 3 34 41
1 9 30 41
19 20 21 48
20 35 24 18
20 18 47 34
6 12 18 10
40 19 44 2
34 3 10 38
43 45 0 20
1 27 48 28
6 10 43 45
37 6 2 35
6 23 27 39
7 10 47 25
32 14 39 8
36 6 27 23
3 18 11 17
43 36 11 35
2 6 37 37
34 39 18 33
43 22 48 30
44 43 21 29
44 46 6 36
47 32 28 27
2 6 11 38
8 7 34 37
32 5 8 31
8 16 44 49
5 6 37 5
1 17 23 40
35 15 8 37
13 3 23 20
13 19 25 43
43 48 26 38
38 2 21 36
49 8 38 21
8 31 33 26
37 14 8 20
49 24 3 46
35 2 36 17
49 40 41 11
3 11 27 46
30 1 26 37
40 18 16 14
40 2 28 30
34 0 8 37
5 25 14 39
34 1 41 10
14 17 35 22
15 27 0 26
32 6 19 31
35 44 21 7
15 7 2 27
2 6 24 34
41 47 48 14
49 41 24 15
34 37 1 26
44 45 19 43
37 4 11 46
41 7 5 32
37 14 15 27
0 27 26 37
36 23 39 40
49 24 33 24
39 2 31 39
47 44 28 18
42 40 4 39
34 3 20 29
37 31 15 16
20 9 5 42
6 1 4 25
34 43 15 36
15 27 28 41
37 38 14 33
37 2 8 29
3 25 36 26
33 5 17 15
10 9 40 25
3 8 14 24
4 6 19 12
40 26 30 38
34 5 2 47
32 21 3 42
40 8 43 16
10 26 41 28
17 13 22 36
42 11 3 45
3 5 19 31
48 36 1 17
35 5 35 14
16 21 39 30
1 21 41 42
49 47 12 27
46 32 29 34
37 1 5 14
7 16 26 39
1 4 7 46
36 0 33 37
33 0 12 33
17 29 34 36
8 15 11 29
15 37 19 18
5 10 16 36
33 0 39 40
31 2 27 11
0 17 29 40
44 10 32 34
9 10 38 27
43 41 27 37
13 15 16 9
34 8 5 37
43 16 27 36
10 2 38 40
32 46 23 18
2 10 41 23
5 9 1 12
9 12 16 29
48 34 40 24
35 5 28 36
0 17 32 40
5 26 6 31
29 13 34 35
43 1 40 23
7 19 29 38
12 9 21 28
35 20 2 28
1 20 19 20
11 9 21 28
48 38 22 47
14 8 4 21
3 13 35 17
3 29 30 41
40 18 14 30
12 27 15 29
35 7 27 34
5 5 33 16
48 47 48 36
44 0 22 38
8 17 30 37
33 4 0 23
47 5 13 29
32 1 38 32
11 8 35 43
47 48 17 31
49 9 25 31
1 13 17 27
5 20 27 42
44 49 38 26
35 4 31 42
1 24 18 24
18 24 34 34
1 23 9 28
47 12 20 47
4 5 17 33
1 27 22 32
29 6 36 35
8 14 26 9
13 9 8 38
9 15 17 31
45 15 34 37
7 11 10 27
10 24 15 28
3 13 4 18
33 6 30 37
2 22 12 35
31 4 21 32
42 33 27 29
5 3 8 22
14 13 0 8
1 11 24 39
38 44 2 43
36 4 18 28
36 3 41 14
32 42 30 29
10 14 15 31
7 22 41 15
8 21 19 27
9 9 40 46
6 12 14 34
4 17 18 24
36 45 16 39
2 21 27 22
39 0 12 20
32 34 28 42
40 36 26 43
30 26 48 27
6 20 28 41
35 6 20 39
20 14 22 32
9 24 37 33
32 2 24 21
47 46 25 39
25 4 24 38
39 17 10 31
11 19 37 33
1 12 33 41
1 25 46 32
5 17 31 38
44 49 13 18
15 21 42 38
5 7 48 29
11 16 44 21
19 2 31 45
3 0 12 46
24 47 23 24
43 13 25 37
47 40 26 28
25 27 21 17
15 20 27 37
17 16 33 26
14 17 7 40
48 38 0 33
38 44 45 19
36 46 27 40
5 17 27 21
45 46 44 26
47 48 12 11
32 31 16 38
7 20 21 29
9 8 43 31
33 0 34 23
40 48 30 38
7 2 22 37
6 9 42 21
7 34 21 35
49 10 15 34
7 18 29 41
12 27 30 33
49 7 10 15
16 26 30 13
35 24 32 31
7 35 40 45
11 10 13 44
36 2 23 29
37 44 28 38
3 18 8 31
31 2 34 22
41 0 26 41
16 18 45 37
3 14 42 25
37 3 32 33
3 3 17 10
0 19 23 39
32 6 12 39
11 13 23 42
4 13 30 28
1 17 10 35
35 3 42 18
38 36 24 30
8 18 4 20
5 23 13 27
6 3 20 45
4 21 13 45
31 7 13 34
37 2 20 37
4 14 43 30
7 9 34 44
4 11 2 38
0 7 15 11
8 9 29 41
32 8 19 29
33 1 14 33
1 18 46 23
4 11 16 31
9 21 29 34
43 39 31 38
33 46 32 38
4 18 28 37
15 20 42 27
37 44 42 25
11 21 8 25
31 1 44 38
42 42 38 31
0 14 23 34
4 22 34 38
33 4 35 19
2 18 37 27
2 2 25 42
33 3 31 33
36 9 26 40
40 48 19 7
8 11 25 29
43 12 41 26
32 1 41 40
11 17 31 37
0 16 46 18
32 8 0 25
