50 1038 17691 800
39 19 26 13
15 39 24 21
3 40 17 28
17 31 1 26
14 34 29 15
9 35 9 6
22 41 46 4
25 10 10 15
14 41 4 2
22 35 3 23
40 2 12 19
13 32 4 28
18 38 43 45
18 32 11 30
10 37 18 19
24 14 1 36
3 12 0 36
9 40 4 28
13 34 31 36
16 32 28 43
7 26 2 35
37 29 33 26
13 34 32 38
10 36 0 26
17 21 28 18
34 23 1 28
10 38 34 27
1 41 45 8
8 36 7 12
14 27 38 35
1 39 29 21
13 3 44 45
47 9 40 42
6 36 37 47
2 44 19 7
10 21 35 48
8 27 5 29
44 21 33 16
29 33 49 14
7 23 4 27
7 30 31 23
37 36 31 21
5 44 14 41
5 27 33 19
4 34 32 9
21 0 40 18
17 29 46 11
8 31 45 19
35 46 7 7
16 34 46 26
40 26 3 2
14 34 22 25
9 19 36 21
48 10 47 36
33 15 47 24
37 13 7 36
16 17 34 20
23 33 43 3
42 9 5 36
4 45 8 33
11 33 12 8
42 28 2 33
36 30 5 33
1 19 18 16
11 26 28 41
14 34 34 17
30 18 13 44
31 42 39 17
3 44 45 42
13 21 29 33
47 12 9 28
16 23 10 26
16 35 39 35
13 3 41 36
4 49 33 21
19 33 41 2
34 22 12 15
32 28 5 32
11 35 33 20
11 36 39 25
12 37 2 10
46 8 5 0
39 23 29 25
21 32 44 21
2 47 12 11
28 2 16 21
21 34 38 36
24 34 2 30
23 17 43 36
2 42 5 33
14 36 39 8
7 43 14 24
27 39 27 1
13 38 31 42
18 28 0 17
32 44 46 10
14 40 0 32
3 43 15 39
32 0 11 30
24 33 12 33
3 47 32 15
36 18 5 29
34 8 49 25
40 4 37 27
13 40 10 27
32 21 10 34
13 39 39 20
19 31 5 14
19 40 16 28
14 31 38 25
15 35 7 39
2 18 20 34
4 44 45 41
27 30 41 45
1 41 21 45
28 45 6 12
35 22 37 35
14 28 22 10
28 49 42 38
15 35 33 34
23 31 33 44
33 38 1 34
19 35 30 20
20 31 16 7
6 48 1 6
19 0 15 49
28 31 3 15
46 26 27 17
13 37 35 45
25 32 34 27
28 3 31 19
29 24 3 11
13 31 24 48
16 18 44 12
44 17 31 21
48 26 23 25
17 33 18 40
42 2 44 14
2 44 44 42
3 42 27 12
17 34 37 47
17 35 1 35
5 46 29 18
10 34 36 39
18 32 20 6
12 40 11 9
17 38 38 32
4 47 49 34
26 38 45 39
17 35 34 44
28 6 14 23
16 36 41 48
19 19 30 49
35 0 0 32
14 23 7 18
21 43 33 22
11 25 0 37
10 8 10 33
40 2 26 7
16 38 34 22
43 22 7 30
30 47 4 33
5 45 20 9
6 25 27 18
25 37 47 24
34 10 47 36
32 5 42 11
16 32 2 17
8 41 15 26
9 43 7 33
0 48 12 26
6 39 21 11
27 32 16 39
5 44 44 2
45 13 49 3
40 20 10 9
39 32 7 27
36 47 48 29
27 21 19 0
10 36 29 43
18 37 17 10
4 42 10 29
32 39 32 27
4 45 1 33
19 27 36 19
22 38 4 36
38 17 18 22
25 32 7 32
14 36 43 47
37 19 18 16
14 6 27 25
16 37 32 37
2 37 45 7
4 43 22 11
33 9 40 36
28 27 2 32
8 18 10 39
7 28 7 9
15 40 28 3
32 30 48 36
44 19 10 35
47 18 8 13
19 36 3 33
5 46 30 18
39 4 8 28
34 5 3 36
30 3 20 20
19 31 33 25
17 32 6 13
19 32 26 1
37 17 28 45
21 28 45 38
14 36 1 2
13 27 27 21
47 16 34 31
11 40 28 12
30 32 7 14
26 40 2 8
18 39 6 28
12 32 3 23
1 26 49 43
35 23 4 30
2 44 30 46
28 32 0 1
20 42 47 1
18 36 17 2
3 43 26 18
24 40 36 21
9 33 1 36
4 47 46 23
6 44 13 3
16 33 4 31
2 40 46 24
5 36 42 9
26 4 6 42
16 13 43 15
36 37 43 22
47 1 3 34
17 37 24 11
42 8 8 27
13 41 46 38
38 6 36 12
35 7 28 15
12 29 39 32
14 36 8 30
15 35 47 5
10 47 22 14
39 33 30 15
17 32 32 20
28 31 1 15
42 17 12 29
18 33 18 2
20 27 33 33
9 22 34 36
4 43 13 25
11 42 14 11
15 32 46 44
42 10 17 38
1 31 9 33
22 32 43 30
11 40 32 17
10 26 38 47
3 45 34 26
4 38 40 15
3 44 30 16
8 41 32 16
6 45 3 32
26 34 12 16
13 37 5 46
2 44 27 22
13 37 25 19
13 23 36 20
17 34 2 34
18 34 0 31
0 29 7 31
13 43 45 48
28 25 29 20
20 43 27 2
6 45 43 45
23 36 41 43
44 11 37 17
17 16 39 34
16 35 7 2
29 36 46 6
18 49 40 40
12 29 20 21
1 43 45 43
18 9 18 24
43 17 15 38
45 36 29 19
3 46 0 32
36 23 45 6
39 12 36 33
24 29 30 20
12 24 34 48
3 39 45 46
47 8 13 2
12 34 42 43
14 32 8 28
10 32 28 21
27 31 38 4
48 41 13 43
19 31 34 18
24 36 48 41
16 37 33 44
7 22 20 25
17 36 32 22
27 36 36 45
4 32 6 10
12 34 36 29
12 30 3 31
45 47 9 43
7 29 5 26
14 33 33 44
13 33 1 38
34 6 45 46
21 32 2 29
16 36 41 22
39 8 36 16
24 34 23 21
3 44 45 40
2 48 9 35
20 31 7 29
16 34 9 35
14 31 29 18
21 28 22 3
13 39 35 21
20 36 3 12
30 27 43 40
5 7 14 12
19 47 7 34
38 39 9 35
15 29 28 23
15 35 47 46
2 47 43 49
17 27 22 1
16 32 48 13
1 26 7 35
31 29 43 7
32 13 0 36
10 29 2 34
11 27 24 18
36 0 38 21
13 28 48 5
29 28 3 25
32 12 37 12
26 2 0 4
6 37 42 23
37 45 38 18
15 26 40 42
20 31 27 16
46 34 11 27
5 46 19 0
1 42 22 25
32 21 42 32
14 28 22 11
8 22 4 28
23 33 36 46
4 44 33 18
3 46 21 43
3 46 3 28
25 42 1 28
21 38 46 28
16 39 33 34
35 15 22 7
16 35 28 20
16 33 25 16
3 46 7 27
10 25 2 13
35 43 9 34
14 34 39 38
15 31 49 31
16 38 31 43
20 40 40 28
20 41 7 33
43 24 5 32
33 16 36 42
37 15 26 28
25 20 42 2
0 35 12 39
8 15 12 17
23 29 7 1
6 24 34 11
32 13 37 40
17 20 23 12
27 31 14 2
14 25 40 30
26 8 40 4
15 33 47 12
18 29 29 40
33 4 22 48
31 38 10 8
14 27 33 20
13 32 33 47
35 45 27 25
32 46 45 26
40 4 33 46
12 20 24 33
14 36 48 26
19 26 40 47
9 31 3 17
18 32 5 36
21 16 23 21
8 25 32 20
30 40 40 35
43 5 34 40
28 21 28 34
6 16 24 41
30 34 1 37
6 44 24 14
27 17 14 47
7 32 9 43
20 27 29 36
13 33 43 14
3 45 33 2
7 40 35 34
25 24 25 34
3 44 8 4
29 14 2 38
37 41 11 33
26 38 29 21
3 42 3 4
16 26 39 4
4 47 36 45
26 46 0 31
4 36 42 8
21 16 44 23
14 39 4 26
9 25 22 43
13 30 46 32
43 14 39 46
10 20 38 37
15 30 32 48
2 45 35 24
36 42 23 34
2 18 29 22
11 26 46 48
31 45 10 3
19 32 26 19
34 36 49 8
11 35 48 18
45 5 5 33
16 32 22 24
4 42 13 31
14 39 2 35
40 20 4 11
37 22 7 35
0 40 7 29
21 4 44 42
26 40 41 45
3 45 40 45
3 41 37 37
24 5 48 4
14 2 28 40
28 11 8 37
26 36 18 43
5 44 11 30
26 28 14 3
27 34 2 7
9 29 9 5
46 32 33 16
35 22 4 0
8 29 31 24
5 44 29 21
4 22 42 36
6 36 14 18
19 31 12 35
7 43 26 8
1 43 35 37
4 47 42 28
3 14 6 18
17 34 33 0
16 27 6 9
13 39 40 41
19 28 19 4
6 34 37 46
3 45 49 14
12 11 9 25
32 38 12 30
5 40 12 1
0 15 7 7
16 32 16 10
32 31 4 29
4 41 30 22
30 16 27 18
9 34 3 33
32 31 42 2
46 14 6 29
24 5 45 11
18 38 32 42
38 24 35 43
12 44 43 28
39 41 11 21
20 49 45 35
5 41 2 5
15 33 2 48
12 41 48 45
41 39 22 18
26 45 33 26
38 33 8 35
15 33 43 6
20 40 9 41
4 45 15 8
23 40 26 1
6 45 7 16
38 36 26 28
16 33 11 27
12 36 38 43
16 38 5 36
39 28 3 16
19 6 43 21
16 33 24 42
33 19 47 23
39 20 41 12
3 23 8 8
3 48 30 40
16 33 32 45
1 44 1 27
25 35 16 4
27 1 45 1
23 7 26 47
32 29 34 0
26 41 16 6
16 33 0 30
19 36 23 7
35 4 11 1
47 14 12 14
36 30 26 20
20 33 31 39
7 44 36 43
22 37 22 31
20 27 34 42
9 46 46 9
6 36 19 16
16 34 24 6
5 42 40 5
22 45 28 28
20 20 49 9
16 38 36 45
42 17 6 38
12 33 31 34
38 5 5 30
25 35 3 31
28 49 3 32
9 31 28 44
15 44 49 43
22 31 36 0
39 38 11 43
19 37 1 33
7 24 3 34
33 6 35 40
7 22 12 8
3 45 29 29
4 42 10 43
4 45 35 20
30 33 30 14
16 11 38 13
21 35 31 36
32 30 9 37
34 16 47 16
5 43 17 39
8 37 7 2
11 31 12 5
33 4 3 34
18 33 49 45
29 25 25 22
19 4 3 34
47 7 41 40
11 21 48 12
2 31 23 16
36 32 5 24
29 25 39 44
35 21 31 29
32 30 37 47
33 23 38 5
38 11 0 36
8 48 3 8
16 35 7 29
16 38 39 48
21 33 36 49
3 45 32 19
25 32 39 34
18 34 19 16
34 15 43 44
25 32 38 48
12 33 40 7
23 36 9 11
45 8 25 9
10 18 30 48
30 4 30 25
5 25 32 27
36 40 8 13
15 17 39 47
12 32 35 18
18 37 34 40
12 38 40 7
17 34 13 6
6 46 33 16
29 24 41 21
10 34 8 0
8 44 1 20
6 30 9 49
34 27 22 17
20 30 42 44
13 33 48 19
3 44 37 23
2 43 38 21
42 32 4 36
12 27 41 15
17 36 29 39
6 49 33 11
4 45 36 22
3 44 15 8
11 21 29 17
41 3 17 23
22 24 41 42
16 35 32 26
37 32 47 22
18 34 8 7
15 35 39 45
18 33 6 34
22 35 46 40
20 37 44 40
37 29 2 31
16 22 38 3
29 39 38 36
40 1 45 21
0 25 41 41
9 36 3 15
19 28 41 9
5 45 33 24
25 1 13 21
16 31 31 41
5 31 26 1
16 19 38 48
32 15 31 19
48 0 33 41
16 31 25 4
43 41 45 37
9 47 38 43
16 31 41 46
18 38 40 42
31 44 33 22
19 33 22 23
40 14 7 34
2 45 11 2
16 39 6 31
13 35 0 3
19 15 4 29
21 35 18 6
46 3 29 20
3 48 12 4
15 25 15 42
15 35 42 36
2 46 49 27
36 19 3 31
18 26 36 48
20 31 42 49
17 48 32 3
19 37 5 0
37 37 27 21
13 27 33 14
16 33 7 3
3 37 14 20
6 44 42 49
39 30 14 17
6 43 17 7
12 42 11 18
13 32 43 2
14 16 6 45
3 46 27 45
12 34 20 42
13 38 41 3
41 23 14 22
14 27 46 15
16 39 17 49
13 41 12 15
10 32 18 26
0 23 43 24
5 43 36 8
7 45 33 3
34 9 21 25
34 38 35 47
4 48 2 0
3 34 41 9
37 7 27 22
45 9 29 39
47 14 1 13
21 43 1 33
16 36 30 12
15 35 35 37
4 46 20 12
9 37 36 39
34 9 47 28
1 41 4 37
7 47 41 27
37 27 40 39
18 42 1 36
36 16 7 32
16 28 33 31
14 36 0 21
45 5 29 19
4 45 5 25
24 34 39 28
18 25 35 22
41 45 31 32
33 46 32 16
12 33 29 41
0 48 40 47
27 34 49 17
22 20 37 44
29 28 8 25
14 36 7 6
45 16 9 32
4 15 32 15
18 32 8 15
46 48 48 40
26 33 8 41
30 12 44 43
16 33 30 24
9 4 8 45
27 37 32 47
2 46 6 26
49 18 27 20
19 32 5 37
14 37 43 4
43 14 27 46
19 31 0 22
37 43 19 1
14 41 38 39
16 33 28 19
44 39 10 12
16 33 27 29
8 43 37 25
6 47 30 24
9 34 2 35
46 3 33 48
23 31 5 0
16 39 9 43
10 33 46 30
3 44 21 20
4 44 41 18
3 40 35 24
16 36 17 7
4 44 40 45
5 42 49 41
4 27 6 0
4 43 12 22
21 32 1 20
12 8 36 20
34 0 45 39
26 22 9 12
14 10 41 41
1 38 4 30
3 47 20 16
13 33 40 35
13 43 10 32
47 46 34 24
2 43 5 41
9 33 44 9
15 20 35 45
46 38 42 45
35 42 35 25
2 29 13 17
14 20 39 44
28 23 2 6
4 46 27 42
41 32 6 41
48 16 12 35
12 34 44 6
5 46 8 30
15 28 11 49
23 8 24 35
16 26 10 30
24 23 30 7
12 29 36 40
3 49 4 26
5 47 42 3
3 17 43 40
30 32 35 22
18 33 9 18
7 43 26 0
8 44 18 31
34 14 12 17
42 27 49 43
37 12 29 13
33 33 11 16
46 19 34 46
45 9 8 22
36 6 44 49
3 43 33 39
24 30 40 22
7 24 33 39
15 33 39 39
48 40 38 28
11 31 32 19
19 34 37 38
11 41 16 44
16 32 33 45
6 33 13 23
12 32 35 39
33 32 4 32
15 35 33 30
47 33 3 30
5 34 19 11
14 33 7 39
34 10 33 45
35 23 4 31
27 35 28 16
35 37 19 6
20 29 7 42
15 35 1 18
15 39 34 18
18 36 36 24
44 36 32 30
39 36 11 17
17 32 47 14
24 33 41 37
46 13 27 39
15 32 24 21
2 42 49 27
13 32 13 46
39 9 4 36
12 30 18 9
33 36 2 0
31 22 33 39
4 44 47 49
5 42 37 41
7 24 41 39
38 46 47 0
43 30 22 4
17 35 35 0
36 34 26 18
23 36 39 23
6 41 8 30
27 19 6 28
48 16 6 28
36 11 32 16
17 32 27 2
29 28 1 31
30 22 41 23
3 45 12 15
39 2 32 26
36 41 8 4
11 26 28 19
29 11 8 6
36 48 12 32
15 41 10 2
13 36 37 23
45 16 29 19
1 37 31 16
12 36 47 44
18 31 17 19
42 23 5 33
6 28 13 7
32 38 47 30
4 23 40 2
43 12 1 9
6 40 37 36
35 12 13 5
12 24 18 36
13 24 25 25
17 35 40 6
39 43 13 45
7 44 4 18
25 30 8 30
11 33 24 28
18 31 30 25
12 36 17 21
34 10 8 20
19 32 3 14
0 33 37 40
20 38 30 20
12 32 7 27
27 35 31 44
47 38 15 2
10 44 42 44
4 44 46 39
18 36 43 48
28 0 34 21
27 41 2 28
18 12 17 49
23 11 35 0
43 24 5 18
5 47 34 39
16 10 48 26
25 34 13 24
7 44 33 20
25 42 22 19
13 35 31 19
1 43 17 16
20 23 26 17
13 34 12 26
16 38 31 15
18 36 37 15
40 20 7 33
22 8 17 18
21 31 39 44
14 37 23 8
26 32 39 21
7 45 32 36
14 34 15 24
34 26 39 44
23 43 20 4
45 35 18 30
2 26 37 21
24 23 25 4
17 35 29 14
14 35 41 7
32 2 36 25
14 29 39 40
45 36 2 34
10 35 9 14
35 4 8 20
2 36 3 28
6 12 13 7
17 37 29 22
31 22 32 16
4 42 0 15
4 45 12 0
43 22 49 26
7 25 0 13
31 11 36 10
20 6 35 34
5 47 0 33
8 8 3 7
15 35 34 22
26 39 48 23
0 7 0 27
15 18 15 33
16 22 12 1
31 32 42 16
12 25 1 27
46 10 39 46
35 25 35 0
3 47 5 28
7 37 41 24
14 39 3 15
35 38 8 21
14 34 48 29
25 0 7 35
25 27 8 30
5 45 35 41
43 10 31 24
20 28 39 43
23 33 33 19
8 48 5 34
35 4 25 48
8 29 36 28
24 31 18 7
1 33 28 49
14 34 45 7
22 20 35 29
0 38 39 27
20 33 43 29
22 8 31 21
5 43 19 15
12 33 43 31
24 25 32 47
5 38 5 27
14 32 0 29
31 14 8 4
31 18 44 44
16 14 7 22
20 29 39 22
23 36 0 25
13 47 7 4
37 7 31 9
14 34 33 11
8 48 1 26
5 44 30 47
6 31 40 9
16 29 3 29
14 38 11 16
16 33 24 46
22 17 49 0
45 34 24 13
19 38 37 16
6 41 31 31
21 38 6 4
24 15 40 13
23 30 20 19
4 36 47 40
30 23 39 30
32 18 21 25
29 40 34 41
6 26 34 18
19 31 48 9
8 20 0 36
17 32 22 15
6 29 2 20
15 43 24 20
34 9 9 4
28 24 2 17
47 11 44 17
8 28 5 39
19 34 12 19
22 14 36 42
18 33 41 1
5 45 16 20
4 46 36 39
40 5 35 27
25 31 26 23
18 40 27 26
14 23 14 16
35 8 30 11
27 37 6 47
5 43 21 11
13 20 43 3
26 36 28 16
16 39 7 13
19 39 47 0
14 31 40 15
19 30 13 21
3 31 40 29
29 22 10 38
21 31 43 31
15 28 39 44
41 19 13 39
31 6 36 37
23 33 41 48
21 37 8 7
15 35 5 19
6 19 19 27
46 42 15 20
47 9 29 39
23 39 25 18
30 37 43 45
33 12 37 27
6 43 29 27
16 34 5 28
21 21 47 34
17 30 26 16
17 40 44 48
37 45 36 36
32 37 5 42
27 37 13 28
16 31 0 33
