50 82 17271 800
15 12 29 5
16 39 48 27
19 18 23 26
5 0 23 5
24 42 36 35
2 7 0 39
9 34 24 27
18 8 38 36
6 0 23 24
31 43 22 17
16 20 19 24
8 22 1 37
39 17 37 39
13 11 48 12
29 20 8 29
41 27 27 21
10 14 29 8
5 22 29 8
13 9 38 48
14 4 23 18
10 18 26 13
1 35 21 43
19 6 8 46
15 26 29 48
4 12 8 35
27 33 48 34
5 27 4 40
29 6 10 35
6 14 4 47
37 20 23 22
24 16 32 37
4 43 20 25
4 33 8 44
4 11 18 15
15 17 18 10
18 17 27 4
17 27 27 32
12 9 44 39
3 24 32 3
25 45 8 37
32 5 7 24
12 44 34 47
11 30 12 47
10 23 19 42
9 18 30 49
46 30 21 16
31 13 34 31
9 38 3 38
27 33 39 1
15 20 34 16
7 12 28 24
13 18 45 7
13 33 49 22
37 14 13 39
5 26 10 22
15 8 14 22
18 28 19 3
46 34 26 20
8 18 6 32
24 12 42 24
22 34 32 41
33 2 19 22
2 5 46 37
3 36 12 20
10 14 23 6
20 22 18 9
3 10 28 2
28 37 25 19
16 47 31 46
10 22 37 44
11 8 16 23
7 22 11 38
28 25 49 2
16 20 35 11
14 13 23 19
48 19 4 25
8 28 42 14
25 27 29 1
11 16 18 11
26 14 27 28
19 10 14 26
9 17 42 45
