50 736 14165 800
14 23 3 9
18 10 43 38
32 2 12 30
23 22 20 13
34 9 8 2
16 20 22 21
19 16 25 45
29 4 15 3
4 3 10 9
9 38 24 45
21 15 18 13
14 18 6 9
1 7 24 39
29 8 10 1
35 4 31 48
29 32 34 38
26 37 36 46
4 36 24 47
31 24 13 0
0 26 32 26
5 37 0 48
8 13 27 33
28 8 6 7
2 22 15 1
5 31 7 27
15 15 14 47
30 5 33 36
1 27 20 13
44 14 16 14
4 33 10 12
18 1 13 10
29 7 10 5
16 32 21 31
17 18 16 0
25 25 24 40
10 26 6 5
28 5 19 1
32 10 14 47
4 13 7 8
32 9 24 28
7 37 18 16
34 25 14 10
29 7 4 7
14 40 19 9
4 1 20 11
34 7 29 37
8 29 26 0
14 19 9 8
28 24 3 9
31 9 10 18
48 22 5 23
30 15 0 1
4 39 2 1
31 6 1 2
16 22 20 36
33 11 12 11
33 23 17 18
21 24 6 7
31 11 14 37
33 8 0 7
5 33 1 6
11 2 13 21
8 26 12 20
29 4 31 32
12 26 31 42
4 29 29 30
8 11 17 7
16 10 10 31
9 11 8 20
31 19 32 11
4 2 10 11
7 32 11 49
4 20 30 3
10 21 20 9
28 29 29 22
11 2 19 0
39 24 10 4
7 22 4 8
28 22 11 8
21 18 7 1
13 31 5 19
17 26 45 43
33 16 27 49
45 32 32 32
38 39 11 0
8 20 12 11
16 31 2 29
23 17 2 4
3 2 10 7
8 20 18 6
30 5 26 43
29 24 13 18
8 17 20 24
13 17 16 10
11 15 0 24
36 23 9 6
30 6 13 44
2 25 17 28
28 28 1 12
7 4 14 18
36 35 6 1
28 33 9 14
3 13 8 18
29 18 30 2
15 7 22 28
12 24 15 46
8 23 3 17
1 2 21 2
30 16 12 7
38 23 6 12
7 19 28 3
22 24 11 31
5 19 16 34
9 34 4 10
30 12 36 45
32 7 21 5
35 19 9 35
16 17 6 28
29 25 4 5
13 35 14 9
32 21 34 18
5 19 14 39
10 36 27 40
36 34 28 33
8 21 7 8
31 5 15 1
0 27 15 10
39 30 4 29
0 39 0 26
4 15 37 40
12 9 28 38
9 26 12 39
33 18 27 11
30 28 14 5
6 19 11 16
21 32 27 1
30 26 8 5
6 29 7 18
8 9 7 15
15 27 17 7
5 7 25 2
2 2 23 14
23 39 15 21
23 24 14 13
15 4 10 13
22 22 8 25
33 26 16 10
20 7 36 29
8 7 11 39
12 37 1 35
34 26 24 0
36 8 6 11
29 33 15 40
13 20 0 19
49 6 10 7
22 21 16 5
10 16 10 1
27 26 32 44
28 9 21 41
19 22 32 4
20 37 8 25
28 36 9 11
2 31 15 48
12 2 14 10
9 1 5 4
32 24 24 32
26 37 12 20
26 38 34 16
8 5 10 41
6 34 19 13
25 25 22 19
31 25 19 6
27 4 3 24
12 18 38 2
28 41 31 48
23 17 22 8
11 2 9 19
14 16 21 45
32 5 16 46
28 18 15 15
6 20 13 17
9 25 30 39
25 7 14 45
11 9 6 19
12 20 8 46
6 6 10 12
29 6 9 12
38 28 30 0
0 13 19 6
32 7 24 45
6 21 19 2
6 31 23 30
33 10 12 6
9 5 2 1
2 8 13 6
8 6 38 14
28 24 24 49
9 32 20 2
11 42 12 36
30 24 11 10
8 24 22 35
5 13 2 10
31 6 17 13
16 22 2 3
3 11 19 23
2 16 8 3
14 23 9 15
27 3 39 33
10 20 22 36
3 6 25 34
28 5 17 7
27 8 21 10
19 30 8 7
34 30 32 39
12 25 8 8
35 5 12 2
22 10 10 6
27 15 15 10
23 31 15 13
24 32 4 4
27 8 0 11
4 18 25 4
15 10 13 7
27 7 12 4
26 6 3 38
26 18 11 10
32 0 36 27
31 9 0 4
12 25 6 6
36 34 13 14
12 5 3 6
13 12 7 14
28 26 12 24
7 26 14 22
2 15 9 7
28 10 14 1
25 28 12 38
3 16 7 15
10 9 16 1
39 11 18 21
40 36 13 13
6 24 16 8
9 35 38 49
27 8 12 21
9 30 4 11
48 8 9 2
0 29 0 12
14 28 23 34
24 28 9 15
28 8 4 15
14 13 10 8
22 32 8 18
34 7 1 2
14 7 11 22
5 25 24 9
6 7 19 30
29 5 28 38
49 12 10 41
31 6 16 12
4 8 11 7
13 13 9 6
21 15 6 18
25 18 13 12
14 42 16 2
29 7 9 12
6 28 1 7
37 9 6 43
35 26 12 32
5 7 9 43
3 14 11 7
1 27 15 16
18 15 14 19
16 25 15 12
14 30 2 14
32 22 13 49
35 35 9 1
8 32 5 8
30 7 5 13
14 35 2 30
28 28 3 1
8 16 47 27
24 19 4 43
39 19 18 8
33 30 2 10
24 30 10 18
28 24 9 37
14 32 27 14
1 34 5 12
23 16 12 6
31 23 26 27
34 27 17 12
3 12 11 13
0 11 21 46
8 27 15 2
30 5 21 10
29 6 19 13
8 16 4 8
7 22 38 42
29 34 6 10
38 35 1 7
20 40 5 49
32 21 6 10
27 11 20 9
45 30 22 44
29 29 19 11
10 28 30 1
15 33 6 16
24 19 17 2
5 2 17 1
19 11 0 17
31 6 6 34
2 33 14 33
11 11 15 9
43 18 11 7
6 15 6 10
37 30 0 6
14 26 12 7
29 17 10 14
31 9 9 23
0 26 10 5
11 28 5 10
5 11 35 2
13 6 25 41
36 28 12 12
10 31 30 1
30 18 14 13
35 21 16 8
7 6 21 10
31 21 15 32
15 15 7 6
10 25 19 7
18 30 13 4
8 22 25 3
32 7 21 41
5 6 26 40
17 28 19 10
4 6 14 7
16 40 11 6
34 8 8 6
33 6 18 4
4 21 8 6
41 2 7 10
8 27 16 17
31 6 46 49
8 21 10 46
29 8 8 9
29 35 15 17
4 33 17 10
7 4 3 23
42 13 0 18
42 7 5 6
33 27 16 13
7 17 18 4
11 15 27 45
34 20 5 7
32 20 16 13
10 31 7 5
3 18 7 4
34 32 18 40
4 2 42 41
7 25 18 18
6 8 21 9
32 24 3 19
9 32 22 10
3 0 26 20
32 9 14 11
7 6 8 15
3 28 4 5
0 25 22 15
32 29 0 31
6 10 18 2
30 30 1 10
32 27 24 36
12 27 4 20
11 9 6 21
13 11 9 16
11 32 0 14
8 1 1 25
7 21 31 32
13 21 26 46
15 26 22 8
11 12 7 13
18 18 12 11
6 2 4 5
41 10 26 16
31 8 12 5
32 0 10 17
34 23 28 20
27 28 9 3
28 22 3 4
12 35 10 14
32 33 35 45
1 14 21 3
49 36 21 48
26 34 24 38
27 28 2 39
41 32 11 36
18 33 26 21
18 8 2 14
6 33 1 34
37 25 0 0
34 6 11 2
12 31 37 47
16 10 36 24
5 23 25 14
26 10 11 9
15 31 7 16
14 32 4 6
4 37 29 12
36 3 15 13
6 10 12 21
11 17 17 4
19 25 40 18
27 20 28 34
16 35 6 10
5 10 32 46
13 9 6 43
33 31 9 38
39 23 3 13
19 21 2 27
14 21 3 0
19 28 2 5
32 11 3 19
7 28 13 42
3 22 15 37
11 27 47 34
34 28 29 21
30 25 11 9
34 30 12 11
4 19 9 9
32 24 20 24
11 15 16 34
14 32 38 31
2 23 30 37
10 20 9 3
3 13 7 5
29 4 38 16
1 22 4 3
27 2 16 41
2 15 16 47
34 4 5 12
40 32 3 2
6 25 23 46
34 8 9 13
14 20 25 36
16 3 10 7
1 7 15 33
10 13 5 0
22 25 6 0
32 9 0 4
5 17 25 26
15 15 16 35
3 12 28 0
11 37 14 17
13 21 23 1
16 3 29 1
7 3 3 12
11 31 5 7
28 31 25 39
5 29 26 44
34 29 29 38
44 24 8 24
19 36 33 19
47 5 25 30
27 28 15 8
17 42 14 2
33 10 27 7
7 34 12 7
25 29 26 34
5 12 2 20
8 27 16 46
10 11 15 29
40 31 46 29
7 21 10 13
7 16 8 9
40 28 16 5
31 7 9 3
13 9 15 37
35 25 2 5
34 6 15 15
25 21 17 15
11 20 31 42
34 8 3 1
0 19 4 49
33 10 25 23
21 35 13 20
40 33 7 7
23 31 5 11
36 23 12 23
27 22 19 12
13 29 22 9
17 30 5 19
1 6 15 47
7 26 5 13
14 33 23 7
33 6 11 26
15 38 20 4
3 22 21 11
34 10 6 14
29 24 14 13
9 40 14 3
11 24 27 21
27 12 2 5
7 4 24 25
27 20 18 34
30 24 11 4
9 10 12 16
29 4 23 4
9 16 9 6
19 20 7 2
48 8 8 14
8 23 31 41
30 6 49 49
28 8 16 28
10 5 3 10
32 23 23 2
7 2 31 2
20 22 3 4
2 21 9 0
42 27 7 22
2 12 10 2
30 5 36 47
34 30 1 4
3 0 34 47
18 38 12 4
15 32 12 47
5 0 2 41
11 0 23 14
27 7 7 10
15 19 13 25
16 11 22 8
32 9 25 4
12 22 16 26
38 19 5 31
39 32 27 12
24 18 32 22
9 25 1 7
5 29 3 18
14 36 11 11
32 11 23 49
15 35 11 13
30 6 8 2
30 32 28 3
28 9 7 16
33 11 23 3
26 27 13 4
32 30 11 2
14 34 19 31
37 14 6 0
3 12 22 1
3 40 18 22
26 10 32 38
28 20 0 12
5 24 31 43
37 25 24 36
20 2 14 11
5 9 9 8
35 25 27 23
7 10 33 43
41 31 37 34
8 13 15 13
9 18 36 45
32 10 24 22
12 34 11 8
4 16 6 1
36 31 4 32
6 31 20 9
11 5 25 36
35 24 20 0
26 24 27 48
16 17 10 16
31 26 17 24
14 10 27 15
27 7 13 8
15 31 22 27
5 16 5 0
18 27 24 45
32 6 22 35
3 7 7 5
33 9 23 32
12 35 22 13
45 5 34 31
29 22 13 47
6 28 14 46
19 30 9 11
24 25 28 37
11 0 28 10
28 30 3 13
30 24 26 3
32 26 16 10
4 2 6 17
28 17 5 4
30 3 29 7
4 15 7 4
31 14 11 39
26 25 14 15
2 3 34 46
33 11 13 1
29 8 12 15
32 7 14 13
8 11 14 20
14 37 28 5
39 35 14 2
36 23 22 10
36 22 6 1
11 13 0 6
28 26 16 25
27 9 17 9
39 29 7 17
8 21 14 17
6 14 21 40
34 5 6 34
15 36 8 6
11 15 18 19
24 20 20 5
25 43 35 3
9 24 18 30
40 28 8 27
19 14 9 4
34 8 13 12
8 18 12 8
33 25 1 6
13 20 9 1
33 33 1 2
10 0 15 4
25 25 17 34
10 10 15 8
3 29 7 9
30 5 28 42
5 14 24 2
1 16 6 38
28 20 1 14
5 11 8 2
9 36 13 1
3 3 5 7
25 13 16 41
44 5 24 21
13 20 21 1
30 11 2 11
31 8 16 2
33 9 45 22
32 29 10 3
12 13 18 15
12 36 38 27
26 32 4 3
18 33 38 3
29 6 21 29
3 4 31 49
34 16 10 21
1 4 9 15
6 1 25 5
34 24 4 9
13 14 10 16
11 14 26 25
32 25 20 11
3 2 13 3
15 44 23 6
35 7 1 10
4 37 18 1
32 30 17 16
15 31 15 12
10 3 3 4
35 6 25 42
13 1 15 8
9 40 19 12
12 26 23 21
40 21 17 1
29 29 10 22
32 28 20 20
29 35 13 4
40 17 1 13
32 31 24 11
0 21 47 20
26 4 6 18
29 23 5 7
11 13 4 7
0 20 21 1
17 8 10 5
13 38 10 10
32 9 35 23
5 34 11 31
21 20 21 33
34 4 16 22
33 32 30 0
32 24 27 0
23 27 30 6
16 20 5 6
0 9 24 43
15 17 1 7
31 35 36 43
9 42 17 3
17 3 2 12
10 20 5 1
28 27 14 14
41 18 41 40
7 7 13 4
9 40 2 47
11 28 6 0
27 7 20 36
3 46 23 4
36 22 9 11
3 37 28 16
48 28 5 11
8 17 28 22
16 8 18 45
36 27 1 14
26 25 7 4
28 28 25 41
17 7 12 14
1 17 5 11
29 8 9 30
8 2 13 16
30 25 15 4
9 31 23 47
32 28 7 1
15 28 14 17
16 2 44 35
30 8 5 15
2 28 7 19
31 23 9 8
45 28 1 15
41 32 10 31
13 13 9 10
19 23 15 0
11 31 8 11
30 22 13 1
2 21 4 16
9 15 36 13
29 7 32 27
27 26 34 13
32 8 19 0
30 8 7 3
2 17 18 12
31 19 19 5
7 8 20 29
5 21 27 46
