50 117 19971 800
30 16 13 15
32 46 45 7
44 15 18 27
31 21 18 24
32 33 18 23
39 40 29 29
39 40 33 4
31 42 8 14
45 0 20 15
19 13 22 15
38 24 39 17
46 9 9 34
42 38 26 22
48 19 9 25
28 30 36 17
47 10 20 20
46 20 34 11
35 21 49 2
48 18 44 14
47 2 20 3
31 44 21 7
1 31 42 37
42 3 5 26
37 16 23 26
31 23 38 9
41 30 38 8
33 14 18 23
43 19 28 17
31 45 31 36
36 14 9 33
37 23 7 27
13 20 26 10
35 28 17 2
38 21 28 32
16 25 21 12
37 13 28 16
37 35 44 39
38 37 47 14
48 15 45 38
46 16 28 30
46 4 14 49
33 23 10 30
45 7 4 28
22 47 6 44
43 17 9 31
23 39 23 15
31 17 0 29
34 18 11 38
35 20 24 9
22 31 38 23
28 16 40 10
16 33 11 39
35 15 25 25
25 31 29 26
41 14 19 12
41 23 23 11
14 26 21 4
44 29 27 22
35 21 16 20
35 39 7 26
36 29 29 17
42 13 30 23
49 24 21 22
36 20 13 43
48 37 31 12
19 30 20 20
48 19 28 26
16 26 36 13
43 37 21 3
32 10 15 7
49 17 4 25
30 26 20 37
37 38 23 26
44 20 25 19
42 8 21 1
31 16 36 16
41 9 32 22
28 48 14 22
48 14 31 17
34 24 25 23
48 21 21 21
43 17 46 27
27 40 28 25
26 34 1 44
40 18 37 49
21 33 7 44
39 30 5 24
38 46 29 20
36 41 22 38
28 46 13 48
46 10 35 15
25 36 27 20
42 41 17 36
33 22 5 28
46 7 9 29
39 19 40 29
13 16 17 27
48 3 41 12
43 19 34 23
22 13 23 18
26 38 22 20
26 28 21 30
25 29 36 11
16 42 32 1
44 12 36 19
49 3 27 18
19 47 47 30
38 15 36 41
48 12 37 4
42 13 4 29
38 22 38 1
47 23 42 32
45 14 33 24
39 16 28 27
29 40 18 31
31 43 28 23
14 28 25 21
