50 284 17314 800
46 34 8 2
17 15 24 45
39 34 12 41
5 23 4 3
5 37 37 49
11 32 5 6
18 0 18 48
12 40 24 9
32 10 23 43
44 28 17 23
23 9 8 33
0 40 19 21
9 40 41 24
11 43 22 45
14 24 10 13
46 26 18 45
24 37 24 43
36 42 4 2
0 34 22 47
29 41 15 0
48 26 7 31
32 33 10 27
16 40 27 49
47 24 6 2
5 38 26 42
1 40 24 24
20 47 7 1
2 40 13 5
49 30 19 43
10 36 8 1
29 40 9 3
45 31 21 49
25 39 0 30
0 42 10 18
29 39 12 35
33 30 16 42
6 47 22 42
20 12 9 2
0 42 16 44
22 15 25 34
42 24 6 2
40 25 25 44
14 37 10 20
18 29 20 41
16 30 24 43
43 18 8 4
33 19 5 3
33 37 13 10
1 43 9 3
1 45 6 0
17 8 22 45
43 26 17 41
38 23 22 43
29 32 21 44
0 48 20 42
21 4 24 46
44 34 24 46
8 6 3 4
6 33 0 4
15 39 24 27
28 39 17 16
43 11 4 48
44 14 12 18
19 27 5 4
33 24 14 42
31 18 7 0
39 18 18 49
24 28 21 44
11 39 24 47
30 26 24 36
15 12 33 16
37 22 4 2
46 22 20 45
0 31 18 17
22 0 12 20
18 29 18 46
17 29 17 45
25 13 18 40
44 23 23 43
0 40 4 0
15 31 19 42
24 30 24 43
3 43 23 44
32 13 12 0
29 7 35 4
0 41 8 7
35 49 25 46
48 3 33 41
4 36 5 4
33 41 2 44
37 5 23 44
36 1 8 3
9 37 4 2
42 40 20 45
40 27 7 4
42 3 1 42
34 19 22 37
22 45 21 40
21 27 6 0
30 49 8 3
47 35 6 0
24 45 17 44
16 37 20 46
49 24 21 23
11 29 6 3
46 16 0 49
10 22 17 42
33 35 23 9
42 31 21 46
37 22 7 3
46 9 22 43
13 17 7 8
11 29 28 48
36 8 20 42
19 18 22 47
49 24 3 45
19 6 23 45
10 25 8 1
37 17 19 42
24 12 24 44
42 37 13 27
49 24 25 40
20 32 26 15
33 22 23 47
26 44 10 26
7 35 15 44
14 37 17 42
10 17 17 49
44 9 11 2
30 36 36 37
1 21 21 40
22 28 16 41
23 8 16 43
2 44 8 1
20 26 17 46
47 31 20 46
29 45 24 46
28 44 22 44
35 30 7 2
4 32 22 48
16 33 19 19
32 8 20 47
23 35 20 44
22 35 8 31
44 25 21 45
38 36 21 49
18 38 25 42
39 40 8 1
14 36 21 44
24 45 10 4
49 13 8 27
2 43 21 46
29 42 26 47
0 41 32 44
35 23 17 47
0 31 25 27
0 36 2 2
8 28 23 44
25 37 14 46
13 19 17 47
16 21 12 0
49 18 2 24
21 37 18 22
42 30 20 47
12 30 21 41
3 39 8 19
14 44 19 48
43 26 20 44
5 42 19 43
47 8 5 0
36 18 19 45
17 21 8 6
0 35 4 3
46 29 26 49
19 28 14 45
31 36 22 46
16 38 14 28
22 6 24 44
12 37 22 47
3 37 10 40
21 25 9 23
12 30 4 46
49 26 17 16
39 39 22 46
19 44 7 1
10 33 16 24
22 32 27 40
4 11 25 45
4 43 6 0
3 34 7 0
33 5 17 36
41 20 24 26
39 26 19 41
17 30 24 17
44 26 19 45
32 31 20 38
17 45 18 38
45 27 5 0
47 22 16 47
1 36 9 3
40 1 18 48
30 35 3 47
2 36 2 0
43 24 18 44
48 12 29 30
16 32 15 40
49 47 6 0
9 27 6 2
48 18 8 14
12 15 5 1
8 20 9 29
6 33 21 46
19 35 7 1
33 38 16 47
36 23 34 43
39 6 7 4
6 39 40 37
18 28 23 41
46 31 10 3
21 37 11 3
43 27 24 44
6 39 32 20
5 43 4 38
20 5 19 33
22 12 11 5
45 30 7 2
10 32 25 42
27 37 17 46
38 36 19 47
22 6 8 21
13 36 3 2
27 15 18 47
18 36 11 22
2 35 4 7
39 24 25 4
17 29 21 44
32 39 28 41
24 33 23 47
22 30 21 40
40 15 43 31
45 37 15 42
0 40 19 38
0 30 30 25
39 32 7 4
3 28 16 20
7 41 23 47
17 45 5 3
38 30 20 45
47 16 20 48
43 24 18 23
21 5 20 43
48 30 6 39
12 27 30 46
34 23 19 39
18 32 20 44
41 25 3 2
33 36 21 43
42 34 6 0
25 30 23 45
17 25 23 47
49 0 0 21
16 28 37 8
3 39 7 2
46 32 6 3
43 30 21 42
2 38 11 37
33 20 5 1
11 49 8 1
28 40 24 45
12 44 25 45
2 35 18 45
43 18 9 0
37 39 12 21
4 46 8 2
41 15 12 1
32 25 8 0
20 8 2 5
5 39 20 47
44 27 16 43
35 17 14 49
33 11 22 42
12 29 21 46
18 30 24 44
14 44 7 2
