50 72 13175 800
27 48 10 31
28 18 6 44
17 40 10 27
15 24 8 24
11 28 20 33
19 22 2 23
22 29 2 22
19 22 8 5
26 30 6 39
15 23 0 10
2 13 5 25
17 30 13 12
29 47 15 39
24 33 2 26
28 45 1 9
29 22 3 14
20 44 3 22
22 42 6 2
14 28 4 13
15 29 4 29
33 42 6 9
24 29 8 20
29 32 4 34
17 38 3 8
21 34 10 21
28 16 4 21
30 17 6 36
17 45 45 23
25 25 3 16
19 40 2 21
18 3 12 17
27 34 0 15
11 18 14 13
11 37 1 39
18 19 4 44
29 44 7 39
23 33 6 24
29 39 2 28
19 3 24 32
25 2 1 39
9 42 19 37
25 10 1 11
1 2 2 48
34 45 7 17
21 14 19 3
26 31 17 40
23 14 21 34
31 19 2 13
29 23 11 9
1 32 1 11
7 40 17 44
23 30 9 19
29 19 5 39
22 16 6 17
40 34 28 37
24 29 1 16
25 16 14 15
18 22 6 19
25 25 4 24
38 42 0 14
2 4 7 34
22 36 6 15
25 19 8 46
18 46 0 11
17 33 3 35
25 17 14 39
6 11 0 9
31 43 13 34
26 8 0 7
23 19 15 26
23 40 11 11
21 41 10 19
