50 229 12977 800
16 17 16 12
25 9 34 43
18 35 37 43
14 15 24 0
20 19 28 6
18 10 31 43
14 16 23 22
18 9 7 8
25 10 20 25
32 13 4 3
15 12 11 16
13 14 38 39
35 27 17 39
32 9 40 49
10 19 41 45
6 22 22 10
44 36 15 24
19 22 0 38
16 17 20 38
15 13 7 19
5 32 36 46
13 33 7 30
38 19 15 14
2 18 40 42
19 18 16 4
8 20 14 30
4 9 38 39
23 16 33 44
16 11 43 46
22 13 15 13
26 29 19 41
5 1 45 47
19 13 36 42
30 44 20 20
25 8 12 23
16 12 45 47
24 17 39 14
19 12 6 37
44 1 44 43
19 16 21 26
42 6 12 2
13 5 5 4
27 10 15 28
20 14 32 40
37 2 23 32
3 33 3 16
4 14 38 7
11 10 9 32
35 20 3 4
20 14 25 9
25 28 24 43
44 23 11 43
21 21 13 8
49 9 11 25
47 39 4 13
38 29 23 5
45 44 29 40
19 23 1 15
21 14 33 40
26 12 16 5
41 25 7 23
18 15 12 16
13 25 25 30
5 17 24 12
14 18 17 8
4 17 3 22
9 19 36 48
8 17 3 13
31 17 9 14
33 18 4 31
7 13 15 29
28 25 10 29
9 9 13 27
16 12 6 46
17 13 27 49
15 21 32 2
28 16 35 44
33 25 14 17
37 10 14 7
10 22 18 24
13 18 33 41
2 8 40 45
10 7 8 22
29 12 16 19
23 2 5 22
42 40 3 19
20 4 24 44
17 17 27 13
19 12 40 25
18 7 18 29
24 14 8 22
30 25 22 10
9 10 44 48
30 12 26 18
30 5 15 9
8 11 12 9
16 17 9 13
23 28 45 10
3 25 23 31
13 18 0 15
20 13 12 26
15 9 1 10
22 10 9 30
32 7 9 43
20 10 7 15
23 21 5 13
18 13 27 13
17 11 9 22
49 3 35 36
44 21 37 6
36 48 8 8
19 14 6 21
37 5 32 48
22 22 1 49
28 19 21 33
10 10 20 23
1 2 12 3
26 18 39 36
18 2 16 7
8 25 5 22
3 31 10 15
20 19 1 27
18 23 14 15
21 7 49 6
19 7 40 47
4 24 12 24
30 7 17 14
17 10 37 48
28 19 0 16
29 25 19 5
29 2 8 25
17 7 19 36
23 1 32 49
26 15 16 15
3 8 35 16
8 19 5 3
22 16 12 18
38 40 31 44
27 2 38 45
15 17 18 25
39 18 11 37
26 27 37 42
33 18 39 41
18 9 25 26
16 5 7 17
30 9 15 19
34 10 17 7
18 4 12 2
32 13 5 36
41 13 4 5
16 10 0 28
2 24 10 18
14 25 39 43
19 20 0 31
1 12 9 3
28 17 34 49
24 5 13 28
14 41 42 41
36 3 36 46
37 19 9 8
25 16 37 38
2 16 40 47
1 16 1 27
20 27 12 21
26 9 11 27
0 6 9 12
21 12 13 25
24 4 38 44
36 32 47 1
18 35 15 14
27 9 7 17
16 13 47 37
29 11 24 16
0 1 34 12
23 13 8 7
19 25 28 44
8 31 13 19
32 6 3 12
15 18 9 1
25 20 29 17
44 39 4 20
14 13 27 22
47 41 19 27
7 5 18 4
45 40 42 32
46 38 35 38
13 29 26 4
4 14 8 6
41 1 36 41
19 12 12 15
12 7 12 21
17 15 10 43
27 8 34 46
37 2 3 1
28 1 40 47
49 38 37 45
45 40 42 46
11 27 10 2
26 36 0 23
25 17 31 40
28 24 14 26
19 19 37 44
44 48 4 17
5 9 26 28
45 47 22 33
5 5 3 11
25 12 3 21
48 1 18 1
44 43 3 43
19 27 17 8
29 26 15 20
29 17 29 42
16 14 41 37
42 30 39 46
16 14 9 23
17 5 5 44
30 17 24 30
11 22 43 42
29 12 33 41
19 11 6 24
44 6 39 38
28 17 16 29
19 28 39 46
20 10 20 19
30 4 22 13
48 48 1 26
25 2 11 10
29 9 33 46
12 13 40 44
