50 361 15401 800
47 25 35 9
29 26 28 43
21 3 8 49
16 16 33 20
9 41 19 45
28 46 18 42
16 40 12 17
44 24 3 33
21 14 38 3
27 5 30 40
6 6 21 31
22 1 40 4
13 23 22 11
7 15 30 35
19 33 37 42
23 3 41 21
23 5 33 42
5 33 10 28
0 27 20 9
28 0 22 35
24 27 7 3
6 9 31 38
8 0 35 3
7 34 14 15
6 9 2 24
5 21 32 43
4 22 14 30
26 7 25 46
13 22 32 37
3 19 47 43
3 7 16 41
28 4 34 42
31 7 36 36
8 16 39 10
26 1 20 17
47 7 25 21
11 31 40 41
11 23 29 30
27 8 33 8
25 4 29 22
10 13 29 32
9 16 43 23
34 38 8 4
10 20 0 29
30 9 32 31
6 21 34 49
20 31 34 43
16 32 34 32
25 46 22 44
23 3 49 9
19 26 16 29
7 37 43 16
2 12 40 18
13 26 35 38
10 23 29 36
27 21 38 38
31 10 39 30
4 19 8 8
6 33 35 39
22 22 16 36
24 12 46 15
23 38 45 20
18 12 38 27
9 31 38 46
21 5 39 27
21 48 32 33
7 10 21 13
22 22 10 20
19 7 42 30
26 4 37 40
18 27 29 39
9 21 34 28
7 9 49 3
19 1 5 9
8 28 29 37
12 19 9 10
22 7 28 39
5 22 3 34
18 34 20 11
12 8 29 26
10 16 19 37
31 0 40 24
26 42 23 6
18 4 16 44
21 49 36 49
26 8 46 43
21 25 2 34
15 26 45 29
26 2 24 15
17 20 37 41
7 24 25 12
6 6 28 39
13 22 30 30
7 19 20 46
19 41 28 42
26 40 40 48
21 14 32 28
31 39 38 41
17 44 8 8
12 16 30 40
14 4 10 26
11 33 23 11
10 23 7 3
5 33 49 31
20 21 28 10
19 4 41 44
42 31 7 44
29 1 37 32
4 8 30 23
5 28 13 1
26 5 4 17
39 18 5 4
0 17 29 16
11 35 41 39
13 35 42 31
21 10 43 4
22 16 49 49
20 7 43 3
10 13 32 45
4 39 22 41
29 17 0 47
24 12 34 39
18 27 36 25
26 21 35 29
26 1 8 21
8 26 29 23
11 2 43 3
24 3 9 35
26 32 27 9
31 37 15 8
19 10 23 7
6 26 40 10
1 25 33 38
20 5 16 13
22 3 1 30
35 4 28 6
8 32 37 31
3 18 1 29
0 17 30 36
20 9 27 45
17 20 19 38
23 32 21 18
24 6 3 17
33 4 25 11
9 17 40 16
5 15 30 49
23 0 4 32
13 44 29 39
0 18 40 15
4 14 24 19
14 34 39 40
28 49 30 40
8 4 39 36
3 20 42 6
0 0 20 25
2 20 17 14
23 14 12 18
22 7 38 48
31 8 28 17
21 4 15 9
6 14 32 36
9 28 21 0
43 1 17 39
14 12 10 43
42 17 14 2
26 35 46 33
28 2 17 30
24 2 46 46
10 18 17 28
3 36 5 0
15 42 34 39
3 19 41 40
33 22 39 44
12 49 38 42
18 27 6 40
24 7 33 14
5 6 2 18
18 29 18 20
26 32 21 24
4 49 30 27
8 17 32 49
29 35 31 31
2 9 23 31
39 30 35 35
14 28 25 17
20 33 4 45
16 2 31 49
8 6 5 32
17 37 22 0
6 16 40 9
7 34 30 4
7 9 30 42
31 35 11 17
15 9 37 20
7 17 34 42
16 28 8 37
24 3 37 22
24 48 31 38
28 3 19 17
24 12 16 43
20 26 30 40
35 21 27 35
23 0 28 1
12 20 3 4
18 48 10 38
26 0 36 12
23 11 36 34
3 17 41 5
27 18 29 31
28 8 30 38
14 0 45 12
25 3 20 31
27 9 29 46
16 26 30 37
8 6 16 40
18 10 39 39
1 47 40 44
5 25 38 40
13 43 2 5
8 9 30 35
12 49 40 22
33 3 21 24
10 21 19 3
37 40 45 14
26 4 44 12
12 17 30 24
17 16 35 43
4 35 24 39
15 31 38 43
26 8 17 9
34 42 35 16
8 20 39 5
19 34 29 39
18 35 31 37
20 16 30 33
17 40 29 26
18 5 32 10
5 32 44 5
6 4 40 43
16 24 24 23
13 17 9 2
10 42 18 2
3 48 8 3
36 35 36 43
39 22 36 10
11 24 17 12
27 20 17 40
14 19 27 32
46 7 34 40
9 6 38 35
15 28 35 39
28 4 40 36
18 48 39 48
23 4 34 0
18 3 30 42
11 4 25 28
12 11 41 0
22 6 33 37
2 35 34 16
20 0 31 38
9 35 22 11
8 4 34 6
11 41 49 40
5 5 33 31
10 23 19 13
34 24 39 44
12 33 41 45
12 38 33 8
4 21 10 16
5 5 35 21
19 34 32 21
15 46 35 9
6 6 20 13
27 2 31 30
17 19 32 43
30 8 21 21
17 13 33 17
12 14 8 18
13 0 16 23
6 8 32 25
21 24 27 26
21 2 26 49
15 41 7 16
18 2 32 22
25 5 23 45
7 23 11 17
22 0 4 24
20 11 21 43
6 7 25 5
9 28 37 37
11 46 25 24
1 4 24 3
28 6 16 13
24 36 36 33
5 33 35 28
6 18 11 14
21 40 22 0
18 34 28 17
7 5 31 40
19 27 47 42
15 14 27 7
5 7 45 46
18 1 43 38
6 9 26 40
12 25 31 22
9 28 19 23
38 24 34 20
14 34 38 22
2 38 31 23
25 19 35 10
0 39 32 40
24 6 36 42
22 2 29 36
13 31 33 43
6 29 36 18
3 20 33 35
12 18 34 33
17 41 8 1
20 6 32 3
9 4 31 31
30 12 16 10
12 15 32 37
15 29 34 15
26 9 7 1
8 19 18 35
12 17 15 9
11 48 20 43
14 8 41 23
16 32 16 49
12 23 36 5
16 5 26 40
4 9 47 41
18 15 42 30
4 5 12 40
16 7 29 35
3 24 26 33
4 3 40 39
4 27 40 7
3 32 33 36
17 31 35 22
9 20 46 28
15 7 38 36
17 6 23 5
9 10 37 30
31 3 36 19
7 5 22 19
18 20 36 30
2 13 37 3
18 32 16 44
7 20 24 39
25 9 37 35
25 4 41 31
24 3 3 8
8 12 25 44
4 19 1 16
18 25 43 4
26 9 24 24
4 24 3 20
5 7 23 38
10 28 34 34
15 13 29 10
