50 1069 18054 800
42 38 38 41
26 23 12 6
27 25 31 6
27 24 35 12
45 30 44 48
15 1 30 44
23 20 49 37
20 31 27 8
24 22 11 5
20 34 37 13
20 36 14 5
24 26 47 38
28 22 3 38
45 31 47 42
23 28 44 23
19 6 42 32
37 39 0 35
45 31 33 14
44 30 45 13
45 29 37 31
28 27 36 7
38 13 27 31
16 36 46 45
13 28 48 36
39 9 49 28
36 9 49 38
21 22 34 29
25 27 45 37
26 23 35 22
42 37 23 27
30 24 40 16
28 27 25 6
23 28 48 38
23 24 44 20
16 32 44 39
23 29 47 13
19 1 40 8
29 27 32 42
25 19 26 39
30 19 27 12
26 23 49 16
44 35 39 27
43 32 38 40
12 34 21 15
42 38 9 31
30 7 43 28
49 40 19 35
24 30 48 28
22 27 36 45
44 33 35 26
14 49 28 31
43 29 16 49
43 39 34 32
27 24 22 29
27 26 30 31
45 32 22 24
48 37 42 18
47 2 15 17
21 31 49 21
42 21 35 42
10 5 18 30
42 31 39 5
25 20 23 24
28 23 33 29
22 32 39 40
40 35 36 44
27 28 32 30
22 32 29 16
44 34 17 18
15 30 41 13
18 8 17 22
22 23 42 42
23 14 27 11
5 28 19 8
17 49 20 37
4 22 35 6
22 30 39 27
27 28 31 10
28 26 46 16
11 41 22 29
39 33 33 0
40 1 34 12
11 34 36 44
23 30 35 37
21 1 32 41
22 17 40 22
3 34 33 1
42 30 41 22
26 18 37 16
35 45 30 33
22 37 11 10
21 29 44 36
20 27 25 33
18 29 37 26
45 32 26 21
4 12 48 6
29 21 1 25
6 48 7 0
23 19 14 27
47 33 10 36
26 30 46 33
38 38 26 49
21 26 18 38
10 1 38 49
5 15 40 23
10 3 38 33
30 26 39 12
28 20 20 14
40 39 10 31
33 25 37 24
39 34 24 38
32 31 49 37
23 26 19 34
6 2 28 33
16 1 46 46
34 35 48 12
46 33 42 9
45 39 48 30
13 36 42 7
8 1 43 37
11 0 48 13
26 27 36 11
28 15 32 27
17 15 38 24
25 23 38 22
17 29 36 8
18 10 42 33
22 18 34 35
18 43 40 44
21 21 35 41
33 21 35 49
25 31 24 16
35 14 19 46
23 26 37 18
17 34 36 21
23 20 42 45
19 28 33 40
20 22 44 44
35 28 45 6
28 23 30 34
34 28 44 33
7 10 33 6
40 37 44 2
23 4 35 42
20 34 37 41
24 24 41 13
15 21 45 44
25 26 39 43
23 22 17 27
30 22 21 47
25 26 49 21
4 39 25 14
29 26 44 35
18 32 42 36
45 37 46 17
24 35 38 7
13 2 29 36
13 20 35 29
49 39 39 36
43 32 35 10
18 22 39 0
17 27 36 36
24 28 39 38
33 29 21 44
16 37 26 25
11 1 44 41
0 12 45 6
47 28 48 17
22 24 22 40
29 16 32 21
25 26 35 16
14 2 44 22
25 6 25 18
49 31 44 28
15 30 44 21
34 23 29 46
24 30 37 28
45 31 33 40
25 31 33 40
37 38 39 32
39 41 33 48
11 15 46 39
25 19 40 13
44 34 46 30
45 40 44 20
39 25 34 4
28 31 8 16
19 20 48 11
42 39 31 33
35 6 36 18
23 22 45 13
21 22 33 9
14 0 20 17
22 26 28 28
48 28 17 34
13 1 27 15
22 0 32 41
20 25 48 20
47 5 29 2
24 6 21 23
15 0 36 38
25 25 39 33
9 47 45 4
20 39 33 29
19 21 17 27
22 23 8 38
23 6 13 12
4 25 27 18
21 10 25 38
23 32 10 45
45 34 22 46
25 24 18 26
28 20 47 33
21 13 36 37
34 32 48 14
17 30 38 20
25 34 39 46
43 33 10 1
42 36 37 21
14 21 24 36
41 29 27 16
25 24 21 17
41 32 37 25
28 29 22 40
10 5 47 26
13 2 32 23
47 29 38 48
43 33 30 39
39 39 29 43
23 24 33 39
12 0 20 34
46 37 44 14
15 45 7 44
28 8 33 44
40 30 36 24
31 25 48 15
16 12 32 25
19 32 47 17
30 22 49 40
35 13 42 38
22 27 26 15
5 38 28 15
42 35 47 37
12 29 45 28
2 14 45 21
17 26 49 13
47 37 33 21
42 18 38 36
17 28 30 30
21 33 27 38
18 1 26 1
27 27 28 14
9 23 4 29
25 31 26 17
4 3 42 20
22 33 40 43
0 18 46 41
42 35 19 18
25 26 41 29
18 28 40 31
24 22 18 36
2 27 35 16
42 38 40 7
16 1 12 3
31 25 35 37
21 37 22 30
39 44 49 39
23 23 19 10
5 37 32 40
9 3 48 8
23 26 38 11
32 35 47 42
11 33 44 31
34 8 32 18
29 17 6 23
11 3 31 38
4 20 46 39
27 32 37 31
25 34 22 13
44 31 30 27
17 26 46 14
29 26 41 44
41 32 18 48
15 5 32 36
24 24 18 18
11 38 25 34
19 38 38 36
25 10 41 20
30 24 19 6
21 26 40 4
44 31 27 8
21 15 38 16
17 28 46 16
21 28 46 26
42 32 17 24
19 22 30 14
40 40 33 9
22 28 18 14
43 28 30 8
8 31 29 38
27 26 48 10
23 20 48 13
19 30 43 38
22 2 28 22
8 15 39 6
47 34 24 6
15 1 30 10
22 37 48 29
21 24 29 10
30 12 34 16
15 25 44 7
23 27 35 3
20 0 24 30
30 26 17 19
24 25 46 24
43 40 24 45
19 28 18 39
27 25 41 33
27 25 28 18
4 43 17 33
35 9 23 3
19 30 18 13
42 32 28 18
26 24 37 19
15 1 44 29
19 23 27 14
21 6 9 28
23 39 33 41
44 30 22 36
23 27 32 36
42 31 33 5
31 32 16 31
20 30 13 47
23 3 22 45
27 27 42 49
6 22 21 3
27 24 35 11
20 28 40 43
11 7 28 41
0 16 32 5
25 24 48 14
20 27 10 3
39 33 48 35
45 30 37 45
46 28 47 19
42 29 23 27
24 19 39 13
23 18 25 46
18 35 13 21
20 17 39 28
17 29 46 10
27 25 49 42
33 30 8 32
20 27 45 16
36 30 35 8
21 30 40 8
40 37 38 32
13 27 23 0
43 22 42 36
14 10 41 13
44 41 22 17
25 24 35 37
15 6 39 9
5 3 22 1
26 22 32 31
26 28 43 11
24 19 36 1
44 30 30 38
23 25 30 42
14 27 30 43
20 25 41 32
43 29 45 24
0 37 33 34
20 20 31 41
24 24 31 14
28 27 23 44
0 36 30 24
4 12 34 44
46 38 39 37
15 33 41 38
24 19 34 25
22 26 38 17
41 34 24 16
27 28 49 46
5 25 26 29
9 4 39 35
25 34 32 35
25 17 20 27
31 1 23 19
26 30 39 15
22 29 48 8
28 25 44 35
44 35 40 26
30 23 47 38
1 37 31 47
42 36 13 49
41 28 43 37
22 16 40 25
27 35 21 20
21 23 38 12
18 34 31 25
39 22 37 41
44 37 44 26
45 34 47 45
10 42 21 31
21 30 46 8
18 24 25 36
28 18 46 32
24 25 44 26
0 9 45 28
26 28 12 25
27 25 37 32
32 16 26 32
16 26 19 9
11 3 18 9
20 32 31 38
47 37 35 26
16 34 2 30
26 22 46 19
10 0 21 32
21 24 28 42
43 32 20 19
41 33 46 37
16 21 36 38
20 41 44 4
44 36 40 28
25 39 42 49
18 20 32 31
42 31 36 24
43 30 16 26
23 28 13 19
25 23 43 23
19 34 41 35
19 28 44 16
15 0 37 44
3 34 35 34
19 1 42 28
19 29 19 35
20 19 41 1
19 31 22 28
21 33 45 44
10 20 13 35
30 31 41 37
21 26 24 37
24 25 46 13
44 32 21 20
21 20 22 2
21 18 45 49
24 9 34 30
23 34 33 17
22 25 12 3
27 18 20 35
15 30 40 21
42 30 19 12
10 4 4 21
44 42 41 13
22 32 29 30
17 30 39 26
20 33 45 9
41 34 34 41
41 35 45 19
25 22 34 9
44 34 21 8
11 3 43 29
21 21 25 12
32 22 4 16
43 31 30 34
35 24 38 31
25 24 27 9
49 30 33 38
43 32 24 28
23 29 44 23
46 30 0 44
42 39 48 42
22 36 22 20
33 24 36 35
23 21 43 38
42 34 22 28
41 36 36 29
38 38 49 38
17 2 42 18
26 13 34 25
13 5 24 16
14 39 22 18
43 33 40 21
21 31 42 22
34 30 19 33
23 23 23 38
11 39 30 12
27 23 31 19
27 28 45 39
20 27 29 25
22 32 23 28
24 28 48 11
17 27 32 3
20 1 23 18
13 0 32 33
20 22 24 34
25 46 48 12
4 33 48 19
23 32 42 34
40 39 13 5
16 8 29 38
48 35 44 36
44 38 39 33
24 24 34 39
22 29 28 35
45 41 18 12
16 19 43 21
44 32 44 38
22 18 33 28
15 24 38 30
24 0 21 16
24 28 36 2
11 21 27 11
7 28 44 43
16 12 42 29
41 37 18 33
7 16 38 21
29 26 6 35
20 17 43 39
22 37 44 10
14 44 28 41
45 32 21 40
20 2 28 40
20 26 16 27
42 35 33 46
26 18 22 19
34 25 37 49
19 19 34 0
23 35 46 17
17 36 48 45
36 43 41 27
12 6 42 39
45 31 26 32
20 27 30 19
29 24 18 10
32 22 37 31
10 0 37 16
19 23 39 42
48 33 37 16
42 30 29 17
44 38 43 28
24 26 17 44
11 4 49 41
5 1 37 13
39 40 49 16
23 27 36 32
30 27 29 35
31 22 9 2
26 23 34 34
26 1 27 6
20 1 10 18
24 21 10 35
28 31 23 45
16 24 35 41
13 35 44 19
40 35 28 18
28 19 15 15
46 31 35 41
5 18 36 1
43 33 16 12
22 29 28 23
19 26 20 6
27 14 39 43
17 1 38 34
11 16 26 5
20 23 48 31
41 30 24 4
21 42 46 42
27 26 33 46
28 37 38 9
39 34 38 41
15 36 45 35
7 44 33 25
22 27 36 9
44 31 36 27
21 30 38 12
45 28 28 7
45 29 45 49
19 11 41 42
0 26 34 4
18 1 21 14
9 23 17 46
3 33 46 38
43 39 32 3
19 26 12 14
31 25 36 14
40 41 25 32
45 36 38 35
38 34 15 21
25 24 42 22
28 28 32 38
26 15 37 12
17 28 32 4
26 17 27 23
12 5 37 46
46 37 35 7
28 26 5 10
16 30 46 26
26 27 36 27
22 18 16 19
27 23 31 34
38 20 47 36
22 30 43 5
17 5 38 3
30 7 43 45
48 36 24 33
44 35 35 36
6 35 47 39
27 22 24 38
25 29 37 40
37 38 42 45
7 4 36 25
33 36 43 27
15 6 39 34
19 27 6 0
28 22 33 13
46 28 40 25
32 28 34 20
31 23 25 11
25 23 38 42
28 21 17 16
26 28 39 20
21 28 37 48
29 30 20 36
20 26 43 14
44 27 12 40
30 33 40 38
11 21 49 7
33 24 34 36
13 44 49 15
18 34 44 17
26 20 44 38
43 30 46 38
45 44 8 3
23 21 48 36
28 14 48 42
22 31 45 5
28 26 47 12
44 30 39 21
6 16 31 15
21 26 29 32
21 26 24 41
44 39 36 21
14 42 21 39
4 4 9 28
19 36 43 42
20 29 43 36
8 1 44 23
41 39 3 6
4 19 20 25
29 8 29 13
20 24 19 19
25 25 29 9
24 32 15 20
44 38 40 43
8 26 41 30
42 36 42 7
38 2 33 8
27 33 30 17
43 36 38 17
44 33 32 0
40 24 38 34
21 35 11 10
47 37 23 8
25 26 35 11
21 26 36 30
27 26 36 37
27 27 34 14
42 29 29 49
22 32 40 12
42 30 48 7
33 13 9 40
6 16 41 47
22 33 3 32
30 41 26 24
17 3 47 37
19 21 18 8
30 21 41 43
26 25 42 15
43 37 31 30
6 19 25 44
28 9 25 27
8 13 13 28
28 26 33 40
22 21 29 1
26 30 37 37
19 36 38 18
27 21 49 31
24 35 45 33
41 7 7 29
16 5 19 48
6 2 37 42
31 28 46 19
21 28 43 37
28 30 30 35
14 3 16 23
46 34 45 8
5 17 27 27
31 33 32 41
46 32 36 36
43 31 49 36
20 1 44 36
21 21 45 4
23 21 40 44
23 14 9 39
17 23 31 34
12 5 39 35
44 34 44 24
34 8 23 19
35 17 48 39
22 14 23 4
17 23 28 23
29 36 17 25
18 27 28 27
22 17 27 12
24 38 28 20
23 30 20 49
13 3 40 33
44 27 46 8
32 29 46 28
27 25 41 26
45 38 38 13
28 36 45 18
11 33 31 21
18 19 29 40
11 2 45 27
18 26 21 35
13 1 36 44
23 24 45 33
41 37 35 33
28 29 49 14
14 3 23 26
24 32 40 21
29 26 41 31
21 47 34 10
22 30 15 28
20 19 40 33
44 34 18 11
38 34 39 40
20 26 29 8
42 29 19 0
16 1 11 32
18 31 46 31
17 25 33 18
24 15 16 23
20 27 32 27
44 27 43 39
44 31 46 38
38 34 16 32
42 37 25 37
17 2 23 19
30 24 29 46
9 4 31 34
23 15 35 23
27 23 24 37
17 0 29 14
27 18 16 36
18 33 26 5
36 32 41 38
20 29 39 29
23 31 29 29
29 25 42 26
16 33 38 10
7 24 28 16
17 5 33 29
40 35 14 32
21 22 41 34
28 24 24 42
27 20 34 10
47 29 10 48
26 12 40 19
16 33 7 34
7 4 26 10
12 4 47 23
21 26 38 25
21 29 17 22
26 28 44 43
21 28 48 6
16 1 38 10
18 20 25 6
22 33 22 12
15 27 33 40
16 27 35 32
26 27 18 38
15 3 47 13
14 32 47 28
44 29 19 16
18 26 40 28
40 32 23 0
22 25 46 48
16 30 33 26
25 25 24 13
20 17 25 21
16 19 48 16
43 32 20 26
20 22 34 38
30 28 48 42
38 37 16 1
7 4 28 34
23 28 43 26
39 34 39 6
19 1 19 36
47 29 30 12
46 32 17 5
13 5 44 41
22 30 34 15
18 34 46 6
47 31 37 47
18 0 26 20
27 32 34 44
25 26 2 15
23 23 32 17
14 6 41 12
9 1 21 49
21 33 7 21
26 22 18 30
19 27 22 32
1 11 20 20
43 29 23 1
29 18 39 36
45 33 21 17
24 27 34 43
39 42 48 15
37 41 26 26
22 22 44 39
39 41 34 45
20 31 9 6
44 29 45 46
26 23 10 42
33 24 49 23
48 28 7 31
20 27 40 12
24 26 43 39
45 32 31 13
29 27 39 9
43 36 33 2
25 34 29 48
43 39 28 26
12 6 25 33
33 2 47 17
34 18 24 36
42 38 32 37
12 26 25 34
19 24 49 13
20 25 47 38
23 33 29 19
21 16 47 31
27 23 34 45
41 37 21 10
21 40 35 20
37 40 20 15
13 3 45 13
40 36 32 11
23 20 35 26
24 25 45 7
47 32 16 41
42 32 39 19
43 39 32 42
14 3 45 18
13 3 30 33
23 28 43 5
26 34 32 45
20 22 36 47
24 28 39 44
43 38 22 18
36 6 41 29
38 39 48 35
20 22 39 26
12 4 46 25
34 34 26 14
2 46 45 13
25 32 41 20
12 3 33 32
35 1 31 37
15 22 31 20
23 32 21 13
30 16 32 6
20 25 47 22
30 26 37 21
15 3 36 17
19 27 26 35
42 31 18 4
24 26 34 21
30 21 36 49
42 29 21 34
41 35 31 23
48 6 29 6
29 15 22 32
10 10 34 17
28 27 34 42
17 31 33 43
26 30 8 1
26 24 12 19
13 0 34 22
12 2 27 11
30 27 13 13
23 25 36 27
15 26 42 11
16 8 47 22
18 25 30 49
37 15 28 10
38 42 47 43
21 17 31 38
33 16 37 39
17 15 40 28
27 21 35 26
43 38 41 34
30 24 29 11
42 30 42 23
2 8 32 45
12 33 35 13
24 4 33 30
24 33 22 45
27 23 28 28
48 14 33 13
14 5 41 1
26 17 48 41
4 4 31 7
25 27 40 34
29 27 41 6
13 19 47 29
19 29 25 19
23 32 7 13
19 28 43 24
32 25 49 25
40 29 3 22
29 27 29 36
24 25 12 36
44 19 34 24
25 25 33 21
29 15 27 25
1 10 47 14
17 5 21 36
1 32 16 16
23 10 19 28
14 2 26 38
25 32 17 27
23 26 35 48
21 32 37 47
44 36 34 37
39 10 37 31
4 45 44 27
10 2 42 32
45 30 20 20
21 22 37 44
18 16 46 48
21 8 46 36
26 20 24 7
18 17 28 13
13 1 42 48
23 23 10 19
27 30 12 35
39 34 38 47
43 31 7 11
20 25 15 18
5 35 11 33
25 23 26 47
19 25 37 26
24 25 37 10
32 9 49 5
43 29 34 34
21 26 40 31
48 30 34 27
17 18 31 41
24 27 27 13
23 21 2 22
15 2 41 22
21 15 6 16
24 25 36 31
25 19 36 31
19 29 44 22
20 25 48 39
26 38 42 30
21 31 36 36
44 32 37 30
9 0 30 33
21 26 20 15
22 26 14 39
24 31 38 33
24 27 44 13
29 29 43 37
26 33 30 0
38 41 36 33
19 32 18 13
11 1 42 41
18 21 40 42
29 27 24 39
42 31 43 39
25 24 32 32
34 41 8 16
9 4 33 37
15 23 45 41
21 20 21 30
41 41 18 23
38 34 44 18
5 21 19 19
21 28 39 44
28 30 24 35
17 28 26 5
25 32 49 20
5 28 38 24
7 17 32 36
14 34 42 43
25 23 17 6
20 24 45 8
19 39 38 20
28 28 19 34
41 39 29 8
37 34 38 24
29 25 45 12
26 29 25 40
21 21 40 35
20 21 33 12
40 11 32 31
27 25 42 42
32 23 23 40
31 27 13 20
31 31 37 15
27 28 35 35
16 2 30 35
32 25 36 47
21 25 19 2
24 45 30 14
16 27 35 8
25 14 44 19
14 27 23 23
44 31 43 10
27 33 11 25
24 33 27 3
44 30 26 25
6 19 18 11
23 13 29 29
25 21 38 13
22 26 8 29
10 7 31 18
22 21 39 30
27 24 45 20
21 26 48 14
17 7 49 35
39 38 38 14
11 2 3 37
20 27 37 9
27 38 23 18
17 29 46 5
21 31 42 7
37 42 35 47
45 29 30 39
21 31 38 30
13 3 23 3
30 18 26 35
46 31 44 34
26 16 8 30
49 44 41 39
22 23 22 0
47 32 36 29
45 28 30 36
15 2 11 38
27 18 47 40
16 7 18 17
24 27 43 27
24 30 46 42
19 21 34 40
3 48 36 32
20 36 46 23
23 12 36 46
23 30 4 25
44 29 35 4
