50 739 19774 800
31 33 29 20
8 28 33 18
44 47 48 17
36 25 23 32
18 46 34 34
30 25 44 25
7 47 46 23
14 45 44 21
41 46 45 40
10 45 36 23
17 35 15 1
31 31 49 38
27 36 40 8
44 48 12 0
9 24 37 43
9 36 44 48
38 29 10 1
24 27 45 41
15 35 9 5
8 46 41 13
25 27 23 30
8 40 20 6
27 39 39 25
30 3 46 13
31 29 41 21
38 43 26 17
42 34 47 34
15 35 41 28
39 3 43 46
33 49 40 26
33 23 34 10
47 4 49 41
21 34 14 18
4 3 22 29
18 40 33 43
28 48 48 43
23 28 42 39
20 4 42 10
11 24 47 14
47 43 31 29
5 36 39 38
15 2 10 1
9 41 41 48
17 42 27 3
30 25 36 29
12 38 38 33
36 20 43 47
46 47 34 15
16 4 23 33
8 5 23 33
42 40 31 32
13 44 28 11
33 33 30 24
23 12 35 2
49 18 21 38
8 26 29 44
15 39 44 30
25 28 25 19
21 29 24 17
16 42 45 27
18 34 33 38
30 31 33 8
37 32 33 47
42 36 44 28
45 17 36 38
14 21 22 28
48 24 39 46
14 31 46 47
7 29 31 21
6 44 37 31
25 38 49 47
8 37 41 27
28 34 30 26
22 35 30 10
14 8 35 17
27 46 12 1
9 42 32 22
7 42 29 18
5 40 47 24
4 36 11 1
9 43 24 3
10 42 34 14
4 29 29 41
28 34 21 32
16 39 47 32
4 45 27 34
3 37 32 48
7 7 30 44
33 39 34 10
11 22 36 28
36 33 10 2
12 26 35 27
49 27 12 1
26 21 32 22
43 40 26 30
24 36 27 31
8 2 46 48
2 3 44 43
49 43 42 20
8 41 39 14
16 44 48 21
41 4 45 9
27 46 48 38
4 1 20 31
23 48 10 0
13 48 28 29
38 28 7 0
40 45 33 43
37 49 44 15
10 40 44 35
15 20 15 0
30 19 38 48
8 41 30 29
34 20 49 13
47 47 46 40
22 37 12 2
6 32 24 49
24 28 47 27
9 19 7 3
10 15 47 21
48 32 41 9
12 44 40 39
28 44 45 33
48 46 40 38
13 42 31 7
20 26 23 28
45 43 33 17
13 39 43 18
9 3 32 4
11 38 45 29
14 22 32 29
25 31 43 26
15 41 38 39
36 26 41 45
24 39 15 3
29 38 47 27
9 8 38 24
19 21 30 12
23 23 44 41
47 9 43 40
18 37 32 33
15 43 40 34
9 39 32 21
26 31 49 32
34 43 43 35
47 27 32 24
9 5 34 9
8 43 35 36
7 27 35 14
24 42 42 17
20 30 30 15
16 2 38 19
13 42 12 3
4 4 34 29
11 26 46 0
4 8 42 42
9 9 37 5
7 16 28 35
10 45 25 33
11 19 46 13
16 39 41 46
8 48 37 3
13 43 37 13
21 45 40 28
15 40 23 33
11 32 48 27
5 26 11 0
12 43 29 4
18 37 32 30
10 11 41 22
0 12 26 30
45 46 33 5
12 37 28 22
46 22 38 22
4 39 42 30
8 35 16 0
10 34 42 45
26 36 31 25
8 39 26 29
45 44 19 1
34 40 39 26
9 6 35 44
12 47 47 32
21 20 13 2
19 3 44 16
28 32 10 1
3 29 42 27
44 34 9 5
16 47 23 32
4 17 48 21
7 36 26 31
17 39 24 31
16 44 10 0
14 26 45 7
6 37 11 4
48 14 21 9
10 35 42 47
19 12 24 30
27 29 37 46
8 25 28 21
2 47 28 30
42 3 33 28
3 1 44 43
32 32 44 38
4 29 34 41
44 48 41 8
13 39 24 16
16 37 31 5
10 43 44 34
24 25 27 31
12 40 43 24
27 20 8 0
6 37 9 3
25 32 31 8
20 43 39 31
26 48 34 34
10 4 33 36
8 40 41 46
8 38 48 34
44 45 7 1
5 35 33 31
48 36 41 41
10 25 44 18
7 24 41 25
7 26 37 10
31 6 36 11
1 44 43 43
13 33 29 35
12 23 34 28
29 45 34 20
37 25 20 30
20 30 44 33
26 35 13 0
6 23 33 17
32 33 40 49
1 22 44 37
22 48 27 49
18 30 12 2
7 37 47 23
13 49 40 22
10 2 26 34
42 18 37 20
5 29 43 9
10 23 44 45
25 30 14 1
11 36 47 46
8 38 39 6
22 38 24 31
3 3 25 14
11 2 14 5
7 47 9 0
29 34 37 43
18 41 49 40
4 3 44 10
33 40 9 3
2 41 33 18
12 33 14 4
9 4 49 11
48 39 27 4
12 43 15 7
27 31 37 6
33 30 26 9
36 46 23 32
33 33 28 15
32 31 24 29
9 41 42 49
4 2 40 33
26 49 36 32
13 43 41 25
5 23 37 21
10 47 31 8
15 44 47 40
31 26 36 26
24 32 41 35
8 27 33 10
11 27 9 0
33 22 25 30
23 37 28 33
18 47 37 0
7 21 28 7
4 46 28 24
20 25 41 48
42 48 32 10
26 43 39 33
16 46 35 28
37 46 11 4
46 38 43 46
41 34 47 49
36 39 32 16
47 12 42 12
6 9 20 20
41 41 30 26
28 32 9 3
14 10 32 20
36 29 11 3
33 36 26 32
39 47 10 0
15 1 32 31
37 31 44 45
10 44 6 3
21 25 45 16
9 43 4 5
10 21 27 13
5 41 38 36
35 32 41 29
20 26 44 21
10 27 49 32
31 44 10 4
23 30 48 38
8 26 48 9
28 35 37 21
15 14 24 39
9 42 46 23
8 7 33 22
18 26 49 41
8 42 40 45
12 4 39 40
30 47 13 2
22 11 12 1
42 32 47 31
29 39 36 32
29 24 39 19
16 28 28 30
28 37 28 11
40 39 25 33
33 23 30 47
10 39 39 30
10 42 25 36
35 26 41 44
10 40 30 29
41 42 30 21
15 39 32 22
10 20 33 33
8 7 49 1
14 34 8 6
26 24 46 44
31 24 12 3
32 27 8 4
33 38 26 18
46 45 28 28
20 45 12 1
8 42 44 45
8 43 10 1
24 43 9 6
24 24 41 29
40 39 39 10
7 39 41 14
39 44 30 8
11 44 49 14
11 38 43 45
27 30 44 17
41 45 37 12
48 29 33 6
10 23 32 25
31 42 26 33
22 23 14 9
36 30 19 9
16 30 40 44
6 27 24 37
7 0 19 1
49 49 46 4
40 41 40 29
17 26 36 46
16 3 44 34
16 42 38 49
11 28 10 1
13 40 20 33
30 47 49 47
10 41 34 2
15 45 40 0
14 30 44 18
30 24 43 41
26 42 25 31
7 3 41 34
22 33 27 30
9 28 24 32
13 43 23 28
7 39 45 18
16 38 13 0
3 42 44 19
10 8 44 16
16 26 33 11
8 42 42 19
24 25 44 14
13 46 28 28
7 27 49 38
32 7 42 40
22 42 30 39
47 47 13 2
32 41 46 36
11 40 40 3
39 32 45 26
0 26 39 45
22 45 42 26
30 28 24 18
19 45 5 0
22 31 11 3
19 28 36 21
14 42 27 33
11 40 37 40
4 23 38 19
14 49 38 34
9 43 38 42
7 37 43 48
34 38 46 34
31 13 11 4
46 34 44 13
16 29 19 18
36 32 30 12
14 43 38 21
36 29 39 21
12 38 39 41
34 40 37 1
3 42 11 3
27 35 47 40
26 44 32 43
3 1 30 30
8 43 38 30
29 24 27 37
34 49 14 6
13 38 10 2
35 17 49 3
28 34 10 0
9 5 13 0
7 46 30 40
27 47 45 13
18 42 42 39
47 23 41 25
31 44 28 49
34 37 17 13
21 30 35 21
28 35 32 11
37 37 12 49
11 1 46 15
10 36 41 33
10 49 31 12
46 38 34 9
22 46 33 32
21 29 42 22
19 4 31 23
10 4 44 29
13 41 9 1
11 38 27 31
5 1 10 2
30 20 11 4
10 22 48 25
43 23 8 4
22 45 3 3
36 48 41 47
9 43 41 20
6 4 47 38
43 47 38 24
10 44 33 28
38 43 16 1
44 43 36 36
41 10 8 4
5 4 41 46
31 28 11 3
2 33 34 24
43 35 49 45
20 44 41 26
32 38 36 7
5 1 49 35
15 2 9 4
41 30 35 29
40 42 12 3
5 27 44 23
18 30 41 4
35 31 33 39
11 42 31 26
14 29 30 12
11 30 42 26
6 28 42 1
3 0 8 3
41 32 35 48
42 47 43 25
11 28 25 24
46 26 30 42
10 39 35 19
40 37 45 15
4 22 11 0
32 49 7 1
31 42 42 33
8 45 21 33
29 46 8 4
8 43 30 29
36 19 36 33
42 32 24 30
29 25 9 3
29 45 38 32
12 9 42 19
37 44 44 17
11 25 31 30
3 39 37 24
10 25 38 27
27 49 16 2
48 45 39 32
37 48 35 28
2 4 38 37
9 39 15 6
48 30 42 44
39 21 30 1
39 35 35 7
27 45 21 17
17 36 42 0
10 42 36 28
39 32 44 47
45 44 38 32
44 43 41 25
33 35 45 49
7 24 49 43
30 31 34 26
3 5 47 37
3 36 13 1
10 43 39 36
32 47 31 42
33 8 34 23
41 6 49 31
39 47 49 48
26 47 47 42
9 42 42 6
41 30 10 3
14 0 19 14
34 40 36 28
34 44 29 24
18 32 24 31
1 3 43 44
29 39 44 33
16 38 14 5
1 3 49 13
40 33 23 1
35 36 35 27
14 23 39 40
0 3 28 17
15 36 10 2
13 41 31 34
11 42 33 38
16 39 37 34
9 45 40 28
8 39 49 33
28 35 24 30
35 25 12 2
16 41 44 11
6 20 10 2
35 32 42 41
10 23 34 7
15 33 32 6
18 35 9 1
26 23 28 6
25 46 11 0
29 35 47 24
14 42 25 35
45 42 29 17
12 43 42 28
10 40 48 18
46 48 49 18
25 33 47 32
18 40 29 15
5 0 24 31
28 29 49 1
37 29 35 47
9 29 13 2
15 8 34 47
12 37 39 42
3 3 45 14
17 31 43 13
41 49 30 43
42 35 17 0
6 42 44 47
37 46 28 35
34 26 49 35
20 48 47 42
34 29 39 15
22 28 41 47
9 33 41 35
33 37 29 11
36 21 23 30
0 5 22 14
31 46 42 18
14 31 35 39
16 39 45 39
32 35 11 0
10 45 35 45
13 38 41 47
25 21 13 4
10 46 42 42
9 23 46 45
15 38 43 41
21 43 13 0
45 35 46 39
4 40 37 39
9 39 49 32
18 37 14 3
12 1 48 42
24 36 33 41
44 5 44 17
31 32 30 14
8 28 21 34
25 32 43 47
4 4 40 8
9 41 38 41
7 35 42 6
4 4 25 31
24 43 45 49
12 6 30 42
3 42 26 25
30 44 33 46
13 41 28 26
37 49 45 29
14 38 41 41
31 42 46 22
36 25 33 2
13 34 39 44
34 38 37 36
26 31 10 0
38 42 34 24
13 1 32 16
5 4 44 34
7 45 9 4
45 49 38 25
10 36 36 22
15 32 46 30
15 21 26 38
32 27 43 44
29 38 35 17
32 24 40 42
33 25 21 24
31 18 42 15
12 38 28 32
15 44 43 16
6 9 13 6
25 18 43 14
36 29 24 33
7 45 37 18
7 32 39 40
20 27 42 6
37 48 27 26
27 21 47 29
20 11 22 25
10 44 38 27
44 36 32 11
5 35 43 5
29 26 43 35
8 0 44 33
34 48 33 40
34 4 28 37
9 41 7 3
8 41 13 0
11 39 49 30
41 43 26 30
11 40 36 23
24 21 49 9
14 28 24 30
45 21 36 13
34 43 35 31
8 39 39 46
33 22 31 27
38 28 38 13
8 41 35 32
8 41 36 26
6 6 39 12
29 18 28 41
28 25 43 9
37 49 35 25
23 19 42 46
8 40 23 28
6 41 49 46
20 29 44 44
13 43 25 34
29 30 47 34
10 26 41 46
3 8 48 15
26 31 42 45
8 19 11 32
24 11 33 24
30 26 35 7
25 28 31 5
34 27 43 43
11 39 30 8
0 5 41 10
9 2 43 3
5 5 24 15
2 22 45 24
7 42 40 30
16 47 43 23
11 17 29 49
7 23 33 29
25 45 12 3
39 17 30 34
30 21 11 0
3 23 36 31
4 39 35 35
12 25 37 32
9 35 42 48
8 47 25 28
11 38 12 0
29 32 39 22
20 38 9 34
1 24 34 13
11 36 8 4
8 40 47 49
18 42 40 23
33 27 37 28
7 39 35 26
46 47 35 10
1 34 30 40
41 29 15 1
21 26 46 34
41 47 49 47
31 19 10 1
10 37 46 34
27 46 25 32
2 1 21 30
25 38 36 38
13 35 43 39
0 3 40 19
30 30 46 30
11 29 43 31
26 33 28 14
33 28 39 16
7 40 27 48
9 19 40 10
4 0 39 24
45 26 9 0
45 49 42 14
6 25 46 8
19 46 24 31
5 1 47 22
21 49 26 26
33 42 37 28
6 36 11 5
29 29 49 25
17 36 36 42
33 27 13 3
35 45 14 1
6 36 45 35
19 36 30 17
11 46 39 19
8 39 38 24
