50 556 15533 800
10 18 34 18
38 23 23 23
17 14 23 11
48 18 32 39
38 23 24 38
24 41 35 24
11 19 22 33
21 47 45 29
14 3 47 20
8 19 15 44
16 7 17 26
13 15 29 19
24 23 4 1
16 17 41 39
23 41 14 48
28 26 29 10
11 20 13 30
18 17 25 25
33 15 23 41
18 17 31 23
34 34 11 41
36 23 25 39
2 9 11 40
28 23 10 30
29 27 49 5
34 13 30 17
33 41 27 44
13 2 14 32
9 0 31 21
27 15 30 33
30 29 41 35
5 48 26 28
15 30 40 29
16 15 23 39
20 16 24 37
8 4 20 33
3 5 29 44
19 30 14 30
17 36 48 26
14 4 30 20
27 31 12 37
25 9 31 3
40 25 36 30
25 3 38 37
48 40 6 34
2 1 18 31
41 33 28 37
35 18 12 28
14 22 10 39
28 28 43 27
20 14 4 30
10 21 44 21
19 23 28 34
39 20 42 45
8 1 42 43
18 25 14 35
48 26 38 38
30 16 28 19
22 10 4 43
1 32 44 26
14 30 31 31
20 21 12 26
2 21 16 46
1 6 35 33
34 15 35 21
11 3 48 34
23 21 47 26
10 3 44 23
9 17 17 49
29 26 48 25
10 2 30 14
30 8 24 15
33 12 28 32
35 24 39 10
5 11 15 34
0 18 0 33
11 9 31 41
25 19 38 39
8 3 4 42
6 13 16 43
18 4 42 23
6 5 6 26
9 19 19 30
14 15 32 24
33 10 30 28
16 12 18 38
0 0 33 27
20 27 34 16
16 3 38 15
3 13 23 26
14 12 17 28
26 35 39 2
19 6 13 44
9 19 15 43
2 20 9 33
15 2 18 10
3 10 20 22
3 5 9 46
41 33 35 34
21 31 37 15
9 9 31 15
13 17 15 20
14 16 13 31
13 18 22 47
10 12 33 27
12 12 33 36
1 3 39 17
2 7 26 12
9 18 35 30
8 13 16 34
13 2 7 31
12 25 33 16
2 10 44 25
26 6 15 48
25 33 37 7
17 2 49 20
11 16 25 42
27 14 45 26
35 35 32 29
30 29 16 36
7 1 13 42
8 16 19 37
28 11 17 18
23 20 19 9
6 13 3 49
17 23 33 23
31 21 45 14
19 5 16 42
20 0 17 40
14 3 21 39
21 8 32 16
12 16 47 17
7 17 8 39
39 36 41 6
22 15 17 45
16 16 29 15
5 4 36 31
9 39 11 36
9 4 19 31
11 14 12 49
30 24 31 28
5 11 5 45
11 10 0 48
9 33 42 31
36 21 22 30
15 11 17 32
19 12 21 37
13 12 38 23
36 32 40 19
42 38 32 46
38 19 11 46
34 20 12 29
24 10 18 32
17 28 37 29
27 15 11 39
27 31 41 25
31 9 41 5
44 40 18 44
24 36 3 35
9 7 41 28
7 17 20 40
36 28 41 33
30 21 49 18
21 8 36 4
16 37 15 31
13 11 31 15
34 5 37 1
14 25 37 27
30 24 36 31
18 24 15 38
12 14 44 41
49 23 18 39
14 22 9 38
7 13 44 10
14 15 47 40
32 28 17 48
13 12 23 48
22 36 31 36
31 11 25 19
18 26 9 42
40 25 34 12
15 20 15 10
28 11 40 9
14 12 36 25
8 17 44 17
27 45 13 37
34 28 45 15
9 11 16 42
19 40 22 35
26 21 44 42
8 9 25 38
8 1 40 30
4 1 20 39
30 28 10 46
30 35 36 27
0 12 15 11
20 35 27 20
7 26 15 39
29 6 36 32
16 20 38 46
4 5 36 30
37 32 40 19
32 28 26 27
31 22 37 29
11 9 30 43
37 25 35 20
11 16 41 27
5 23 37 27
19 15 28 21
14 13 26 49
12 10 36 28
13 11 8 47
23 46 16 40
13 15 12 31
7 14 31 40
11 13 28 35
26 38 18 34
24 22 21 29
16 23 44 22
46 31 25 44
34 19 39 22
26 34 15 35
16 17 6 49
29 36 20 29
13 18 25 26
12 6 44 29
11 31 17 41
4 15 47 19
34 21 19 46
16 22 22 32
11 33 32 23
10 1 10 38
1 6 16 44
27 30 27 8
9 12 30 9
28 24 33 34
21 21 42 33
28 20 3 0
32 20 41 36
38 21 49 21
42 4 49 22
45 28 35 6
11 29 40 10
13 14 20 36
29 15 33 28
20 21 32 23
27 22 36 10
38 25 31 49
36 15 38 33
8 15 23 25
34 24 43 38
14 1 41 28
35 19 13 33
35 9 19 22
9 18 28 28
5 3 4 38
10 8 31 11
35 31 32 40
36 13 27 32
33 26 14 37
16 12 13 32
1 14 31 31
16 27 28 31
35 25 16 40
8 12 38 21
15 10 45 47
13 17 15 43
19 10 34 32
18 6 40 28
40 24 24 47
13 0 17 30
15 16 22 25
12 9 42 20
5 12 28 33
35 27 7 42
22 31 37 38
21 9 28 46
31 8 33 37
13 40 38 19
9 13 45 25
29 36 36 9
14 34 48 31
4 17 19 35
31 26 34 32
2 14 32 34
8 6 32 31
14 13 39 26
27 24 33 5
23 27 14 35
26 1 48 7
5 3 35 14
27 38 27 22
19 16 10 38
23 27 8 40
14 33 45 12
4 6 1 47
37 11 8 39
14 5 20 35
13 11 17 35
27 35 17 28
0 1 9 37
9 7 6 40
20 38 25 33
23 32 47 28
36 20 22 40
3 16 0 29
33 10 38 12
35 25 45 39
25 36 22 39
30 16 13 9
28 15 41 28
5 9 28 15
17 42 27 33
18 16 17 32
16 29 44 13
8 13 22 29
30 36 39 26
11 20 20 29
18 14 28 35
29 35 21 33
4 2 46 2
11 13 19 38
6 7 19 8
0 3 33 21
34 37 44 30
34 33 37 12
5 4 30 40
16 20 20 40
33 14 26 3
11 13 7 41
36 31 15 28
12 18 24 23
28 26 10 43
8 12 46 33
20 35 34 23
10 13 37 25
17 9 23 31
15 37 5 44
16 32 29 16
9 4 43 14
32 12 32 21
42 15 28 39
10 5 21 32
3 35 24 22
10 13 35 40
13 29 31 30
16 19 3 48
3 14 42 0
31 10 26 24
20 30 43 35
28 25 25 49
6 13 17 41
37 40 0 34
5 29 22 37
15 26 13 29
39 29 42 33
23 21 17 40
30 27 21 47
3 20 10 47
17 8 37 8
37 28 32 13
7 9 13 48
17 21 11 34
23 20 42 21
45 22 42 27
27 28 34 18
10 11 47 12
25 26 22 36
29 19 20 34
12 15 43 36
13 12 45 32
14 17 32 8
39 23 43 10
11 4 18 38
11 9 45 18
6 7 44 1
30 15 41 25
25 38 39 18
14 15 12 35
11 0 17 33
11 7 22 40
1 20 29 7
26 22 15 49
3 5 42 25
12 17 40 15
11 22 31 24
32 28 30 20
38 19 40 30
12 12 12 29
40 21 37 24
18 11 23 4
7 22 13 31
13 9 10 31
11 12 27 26
24 9 33 30
8 14 33 21
41 36 28 11
39 30 35 23
36 20 4 10
2 11 25 29
24 21 25 2
30 38 21 29
41 29 47 45
5 16 37 30
23 27 27 11
27 31 12 12
13 10 13 40
17 9 19 33
25 12 37 26
9 18 13 34
19 23 24 29
35 20 5 38
11 24 10 42
38 24 15 32
30 36 14 36
40 29 18 26
4 0 18 41
34 32 36 48
37 35 22 34
9 12 37 7
32 28 38 17
39 39 32 21
0 9 7 41
10 15 25 38
30 13 44 1
40 23 24 11
6 0 4 39
29 28 17 29
4 21 15 44
11 21 9 47
33 45 43 26
9 15 18 41
43 9 11 43
39 19 22 3
11 21 22 42
15 14 22 31
42 16 22 36
28 11 44 24
31 21 36 31
2 5 45 35
26 16 18 37
32 19 30 25
14 13 20 36
14 17 21 32
10 17 44 28
34 28 16 32
30 9 18 31
9 14 36 4
9 12 20 32
9 25 21 19
25 21 31 25
19 13 40 8
6 13 43 32
19 27 32 45
7 7 20 33
37 10 20 46
29 38 18 38
1 6 35 22
34 9 23 43
40 24 21 49
6 1 14 42
12 4 35 33
5 21 10 43
26 19 12 42
37 20 45 22
4 14 33 35
29 27 34 28
20 13 46 18
35 31 29 30
6 12 37 46
10 22 43 30
23 35 22 39
34 43 37 17
11 10 13 40
6 8 24 37
23 36 18 39
8 12 10 18
32 0 19 34
11 8 10 48
25 19 15 39
36 13 15 48
9 6 28 43
18 31 18 25
28 25 16 29
14 17 1 38
10 9 12 34
4 9 21 42
22 31 40 41
27 24 33 35
9 13 32 8
8 8 45 30
10 14 29 21
9 13 38 26
36 27 15 34
31 18 25 35
5 9 16 47
27 25 48 31
13 11 20 45
7 11 46 35
21 44 16 38
40 23 45 31
6 14 25 16
4 15 1 45
40 19 9 49
7 10 36 28
37 26 22 43
13 9 24 14
13 16 26 21
5 12 6 25
13 13 17 38
17 41 45 19
40 7 43 4
31 21 13 25
28 30 32 29
19 37 23 41
20 30 20 42
10 3 17 21
7 15 7 28
4 4 16 30
37 22 16 27
10 11 40 11
8 11 4 42
14 10 38 32
4 8 17 15
8 4 18 43
34 42 45 27
10 6 8 29
7 3 39 5
31 23 43 20
10 18 23 40
14 26 19 41
18 26 4 38
36 11 23 39
14 3 29 3
14 7 36 37
6 16 19 32
31 25 30 13
13 9 29 42
3 6 42 29
31 24 45 31
6 0 43 11
37 25 22 29
24 19 40 33
9 9 31 25
13 33 27 23
21 28 34 24
10 4 45 11
36 23 2 40
10 18 45 26
7 17 39 28
24 12 12 46
35 28 5 45
25 31 37 29
5 5 43 26
9 13 36 19
5 7 24 15
