50 122 14541 800
11 25 49 12
25 9 45 26
0 3 30 5
11 0 25 12
9 5 37 18
29 35 9 14
1 28 31 3
27 46 46 46
14 45 2 8
30 33 34 5
30 42 26 7
15 4 35 13
0 24 43 12
6 3 47 14
14 24 11 12
12 17 39 19
15 3 35 18
2 30 33 7
21 0 41 18
13 28 48 24
24 46 21 12
27 40 19 29
5 3 40 18
33 34 39 14
29 42 36 20
9 21 34 17
8 35 37 27
25 31 37 27
31 44 40 35
32 36 39 11
28 46 36 18
14 6 22 1
2 8 25 9
28 33 48 31
30 49 31 9
19 18 24 8
13 11 38 23
16 9 48 30
40 40 43 12
23 0 23 18
17 1 42 5
5 5 27 17
8 4 38 25
34 26 32 19
11 0 5 15
26 13 39 21
19 40 10 4
40 47 40 14
5 2 23 10
12 40 25 17
16 1 19 34
23 45 42 9
26 3 22 17
32 44 19 19
11 9 23 8
27 36 25 10
10 5 33 10
27 33 23 6
24 35 47 4
13 31 25 8
9 4 36 18
2 8 31 28
28 44 43 14
20 34 28 17
13 0 45 42
11 9 36 35
32 40 43 20
2 0 40 19
11 49 8 0
1 12 37 11
19 45 38 17
23 47 26 9
4 49 22 1
7 2 25 6
25 47 27 12
14 2 42 16
30 47 35 41
31 41 36 19
34 40 8 22
25 42 25 13
23 44 24 15
9 3 6 15
4 12 35 12
6 16 21 19
2 11 28 11
14 48 39 15
19 32 37 16
13 8 42 9
31 35 37 2
31 41 22 1
5 3 45 25
9 8 29 2
24 38 19 26
5 1 24 19
5 13 8 16
12 19 37 23
8 25 37 18
5 0 38 8
33 38 33 22
11 40 7 5
29 38 41 14
3 10 32 33
14 11 35 20
15 28 40 31
36 37 34 18
8 11 41 30
16 6 27 41
21 40 28 19
4 5 22 0
28 41 36 16
4 8 29 32
9 17 21 17
9 26 8 15
36 36 42 22
3 8 41 23
37 34 39 16
28 43 20 46
27 37 30 29
22 8 17 12
30 37 9 13
6 4 15 11
3 3 24 10
