50 130 19494 800
8 27 39 24
7 44 30 7
32 29 36 43
32 31 16 10
15 33 24 12
33 27 44 27
28 24 35 6
34 23 17 48
34 24 6 46
8 12 8 20
32 26 34 45
32 13 36 10
36 23 2 30
30 30 32 13
32 16 31 4
31 48 30 16
26 23 35 24
18 19 35 3
10 15 12 33
25 15 33 24
9 28 2 26
29 30 12 49
30 24 36 11
11 14 34 8
19 43 37 10
35 29 9 9
29 11 23 26
25 24 46 14
14 40 31 38
28 2 30 29
28 13 34 30
27 27 34 10
22 30 4 34
31 30 39 27
24 29 1 34
11 19 18 32
37 43 27 31
16 18 15 30
33 25 43 19
43 19 49 22
48 34 37 10
41 38 11 33
27 11 21 40
15 0 39 42
4 12 30 11
30 9 41 35
14 19 37 20
24 31 32 12
26 8 40 30
30 36 17 30
27 22 41 29
20 34 36 20
25 17 40 27
33 28 9 40
32 22 0 19
32 44 10 36
37 24 6 11
36 20 20 47
17 34 29 31
34 30 10 15
21 2 34 16
15 17 6 28
25 39 33 23
37 38 34 21
40 9 31 28
25 11 41 26
38 48 34 24
8 12 25 28
11 44 21 11
34 27 39 21
32 26 20 29
19 0 28 13
10 43 11 33
12 13 7 14
29 29 14 37
14 2 36 15
10 19 33 20
36 2 12 39
44 20 35 18
31 29 36 25
16 18 41 16
35 35 40 14
13 13 36 5
49 34 34 29
34 30 37 20
28 39 6 7
39 34 30 26
39 27 27 17
13 16 22 22
33 26 23 22
31 19 42 13
16 13 32 40
41 30 23 30
27 26 24 22
33 28 29 12
23 33 36 7
16 29 28 9
48 34 7 14
35 27 40 20
31 22 39 11
28 14 36 14
30 2 10 40
32 38 18 11
36 8 33 22
31 22 23 36
33 9 15 41
43 24 45 45
12 10 31 26
18 8 2 0
26 11 35 12
12 32 24 40
35 17 37 0
14 20 1 26
23 3 34 10
26 28 31 8
33 41 32 18
8 7 18 30
38 24 41 16
26 44 33 47
19 13 22 25
36 32 35 5
17 29 35 15
19 5 20 12
30 29 42 17
45 47 43 29
12 16 11 39
17 46 19 36
32 29 42 20
37 26 33 32
36 45 37 21
