50 591 15013 800
9 31 29 30
3 19 5 30
35 17 6 24
0 20 35 39
14 33 40 37
19 5 6 29
25 15 42 6
1 18 37 25
1 2 42 41
47 36 12 24
8 4 17 0
41 40 37 37
1 7 16 49
37 15 33 31
8 15 21 48
2 20 34 2
34 33 21 4
9 24 47 30
14 13 32 44
4 21 36 43
13 7 29 24
7 16 8 36
29 32 41 34
46 40 15 45
3 20 8 4
4 25 38 14
2 15 32 0
23 28 37 20
12 25 32 23
25 27 15 34
7 15 28 34
3 8 2 23
11 26 4 34
49 49 7 31
31 24 5 31
1 36 7 44
34 29 33 34
43 39 18 41
42 26 33 48
30 22 19 29
27 26 19 23
16 32 15 27
44 32 45 27
20 21 32 10
3 10 13 37
35 46 31 39
42 22 17 32
5 4 22 35
34 36 30 33
24 42 10 38
47 16 28 21
30 39 38 41
49 39 29 30
8 15 36 29
15 49 37 41
49 30 25 39
38 27 25 25
0 15 30 38
12 23 10 34
40 26 18 34
37 47 15 19
4 16 27 33
33 3 10 31
34 46 27 43
46 34 9 6
34 47 9 37
22 8 32 25
5 25 35 35
17 23 33 12
8 15 23 32
18 26 48 36
40 49 0 18
0 25 15 22
40 30 23 36
19 22 14 16
25 18 5 8
27 29 22 29
37 3 13 36
22 16 17 43
26 36 26 43
2 19 7 21
17 11 17 22
4 14 18 33
29 8 47 39
1 6 6 16
34 17 9 21
26 31 8 26
9 24 27 7
40 31 25 45
47 35 41 35
2 6 38 27
23 30 5 41
47 17 35 28
6 13 26 33
3 11 28 39
21 25 8 26
29 40 10 38
1 5 15 12
30 18 7 35
9 0 17 39
39 44 48 27
43 48 45 21
2 2 17 36
9 14 33 34
7 27 41 42
40 35 21 20
4 23 8 32
30 18 30 42
29 31 42 20
46 20 40 44
9 15 31 19
36 5 30 23
21 17 18 39
9 18 22 43
42 47 32 19
25 31 27 41
3 21 25 47
20 4 25 31
6 18 3 22
15 30 22 22
28 25 22 21
42 49 10 25
23 17 12 37
44 32 28 37
49 44 45 38
6 3 48 23
16 30 19 17
24 15 30 28
30 22 18 45
24 15 10 1
37 28 13 35
36 34 42 29
23 23 5 35
11 7 5 27
37 28 18 26
40 33 7 9
1 13 17 27
4 6 40 38
44 33 32 41
10 20 36 14
8 18 35 35
20 9 18 28
11 16 47 17
45 29 22 25
49 30 29 29
4 15 14 29
15 13 36 44
3 11 14 27
10 28 45 23
40 18 29 48
38 31 27 33
21 8 30 19
25 34 9 26
49 48 28 28
1 8 7 32
35 12 15 45
13 20 25 42
24 6 10 35
3 7 32 30
42 43 20 14
32 32 20 24
7 8 18 19
33 34 28 42
6 14 20 31
13 14 6 39
45 28 34 32
6 14 36 46
2 10 13 24
49 25 44 46
28 18 35 42
24 28 27 10
46 25 32 23
5 8 7 31
0 37 10 42
37 39 39 47
47 32 8 26
26 8 5 6
18 21 15 27
36 42 40 41
37 36 8 31
3 21 13 32
22 13 25 40
7 18 0 18
23 34 4 29
41 25 40 35
15 19 14 24
16 35 26 33
45 29 6 2
37 46 1 7
2 23 13 18
2 10 30 41
10 11 4 29
8 2 30 34
36 32 7 39
45 41 1 24
47 17 13 33
8 7 26 43
47 41 9 40
14 36 39 9
44 27 7 16
44 46 21 44
10 28 27 32
1 21 2 17
47 21 31 33
5 10 33 28
47 20 33 13
17 13 14 22
3 9 15 43
2 16 3 0
0 3 45 48
24 42 36 37
5 23 7 29
4 16 20 30
12 20 3 15
3 45 0 31
44 6 18 47
31 8 27 21
42 40 23 38
0 12 24 37
29 48 29 43
25 44 42 49
42 31 15 28
16 33 35 23
49 43 24 20
23 4 11 36
46 33 34 34
20 27 28 32
23 41 13 26
33 27 16 24
14 21 33 34
15 19 38 29
14 29 9 34
17 17 33 33
32 43 14 30
31 42 25 32
37 9 8 35
7 7 17 29
33 36 13 39
43 34 13 13
43 32 38 43
47 39 5 39
6 12 16 42
32 5 10 49
49 41 2 26
8 10 44 20
19 24 27 18
37 40 12 2
38 2 13 27
2 30 10 40
27 4 32 30
44 37 13 43
17 19 26 31
14 21 5 15
5 19 33 33
8 27 20 26
13 22 2 32
42 44 37 26
41 28 35 19
2 16 1 25
16 31 6 27
46 33 42 48
24 22 28 27
5 14 36 16
42 35 22 27
8 19 21 31
39 30 14 38
30 17 6 15
35 34 28 26
39 25 6 24
19 12 0 20
6 43 14 45
0 13 31 49
39 34 10 29
45 28 10 37
47 29 30 19
23 27 1 25
14 10 18 14
2 30 35 34
2 16 18 39
44 45 38 3
9 16 30 14
14 16 0 14
17 22 1 37
46 22 34 31
30 17 13 41
0 20 27 12
8 30 35 19
12 21 0 39
12 20 34 33
17 21 20 24
5 21 31 27
37 48 24 37
17 11 21 39
7 14 7 37
42 24 11 44
25 6 11 2
13 25 36 25
11 13 4 43
11 15 39 34
48 41 11 31
0 11 36 30
32 40 28 48
1 14 25 49
45 44 48 17
5 24 11 48
1 16 20 22
3 0 8 26
1 26 9 33
4 28 45 26
49 13 10 29
20 2 6 25
10 13 22 44
0 6 37 33
0 17 22 15
42 32 20 5
41 10 40 27
40 21 33 11
4 22 28 13
31 40 23 41
29 41 17 33
29 22 13 28
46 35 7 30
0 4 27 16
24 16 46 38
47 22 27 8
40 7 20 28
2 17 3 26
5 9 1 21
33 29 37 12
11 35 29 39
11 18 16 16
42 24 38 37
7 17 13 27
23 26 2 16
8 34 7 44
12 28 31 24
47 24 2 14
44 27 2 12
7 21 0 36
40 35 21 40
8 14 9 19
7 20 45 31
11 26 22 38
18 22 12 19
13 29 0 2
36 48 12 17
48 41 20 14
7 10 34 14
4 9 30 49
40 42 13 29
3 17 9 44
6 10 16 18
16 21 15 43
30 14 4 4
21 9 6 19
7 20 23 31
34 39 23 38
7 19 5 32
10 9 18 33
10 15 6 27
42 35 3 3
18 6 2 31
45 39 21 27
9 24 23 16
13 47 26 33
36 33 16 35
42 28 7 2
3 15 10 28
1 19 8 30
10 26 3 20
32 41 3 24
1 10 11 29
26 33 14 27
7 10 30 48
16 14 15 31
31 13 34 26
48 45 32 26
19 16 25 37
10 10 14 29
3 35 25 27
33 25 15 32
7 8 24 41
27 35 9 32
3 19 38 26
25 7 20 40
42 24 18 38
5 22 3 31
6 5 16 36
13 20 2 12
32 20 20 31
1 34 29 36
3 10 31 15
5 1 25 43
24 36 7 6
27 26 21 48
14 21 33 42
20 33 15 31
15 6 12 38
31 31 26 35
23 32 10 36
44 35 5 33
20 19 21 8
41 35 39 3
17 16 35 41
5 17 22 24
49 44 22 41
32 20 27 14
4 25 21 31
37 27 17 36
30 28 41 28
37 14 18 29
18 12 2 29
5 5 42 27
5 21 9 42
5 12 16 37
22 24 4 29
4 19 28 42
44 40 28 33
5 4 32 46
13 11 27 37
3 5 5 39
45 40 37 22
26 18 31 28
24 17 45 26
8 22 30 39
10 41 36 13
5 12 33 30
31 33 2 22
37 22 9 44
1 15 31 20
1 6 26 26
24 38 33 33
28 37 47 28
35 23 28 25
31 21 26 39
11 14 44 34
35 9 16 8
32 45 11 29
23 22 36 39
33 36 38 39
4 12 13 45
18 6 3 11
2 18 45 21
15 12 8 32
15 16 2 17
45 40 28 27
5 33 29 29
32 13 26 43
49 38 23 29
26 3 12 28
12 1 6 37
5 21 37 34
43 39 28 40
28 4 24 30
27 45 29 41
0 37 8 0
45 39 30 37
32 37 17 12
5 3 2 1
48 36 13 31
28 37 40 36
1 15 30 33
23 5 15 44
35 31 7 28
5 5 1 39
6 13 23 24
31 25 6 33
5 9 13 24
0 9 7 28
4 16 27 44
6 9 18 29
44 33 28 25
4 10 0 25
41 13 26 43
35 18 0 28
1 12 22 26
13 4 1 30
13 25 6 41
24 12 10 30
36 48 31 13
0 17 23 44
37 5 12 44
45 30 30 22
3 16 29 39
37 41 45 17
19 22 23 34
42 33 14 44
27 33 15 28
11 10 10 29
14 20 17 31
10 46 11 22
0 26 29 39
43 1 34 29
37 29 8 28
1 0 11 46
4 2 5 32
36 30 40 47
7 12 19 45
17 16 11 16
6 18 26 11
22 33 21 37
16 19 43 33
31 26 1 4
6 21 29 25
49 31 36 47
38 48 28 19
49 26 32 49
44 25 45 21
26 25 43 38
5 20 26 41
44 31 19 31
47 35 29 1
49 39 11 12
43 27 13 19
6 17 7 30
0 28 0 22
45 20 12 31
11 29 38 35
22 28 32 42
18 14 41 30
7 12 21 33
31 40 18 36
40 34 39 21
8 12 23 47
35 36 25 48
39 4 48 47
15 30 45 20
4 0 9 43
16 22 33 42
10 11 12 28
20 30 12 22
7 13 23 32
6 16 41 43
33 27 40 31
4 9 20 28
21 22 14 33
45 47 7 6
5 2 42 23
23 30 25 37
36 19 18 26
27 23 28 34
12 30 0 2
15 23 14 19
18 15 6 0
8 20 35 40
4 6 24 23
2 5 19 24
4 18 22 26
1 5 29 34
25 26 37 21
48 31 24 17
0 11 32 43
43 15 8 31
46 31 21 46
17 12 22 16
17 21 29 17
7 12 20 26
11 16 26 28
28 15 38 29
14 13 10 38
10 12 13 41
8 16 24 38
29 38 48 32
11 25 6 25
42 36 29 34
9 9 26 35
41 27 36 38
3 16 35 38
43 22 29 37
43 31 28 36
27 25 42 26
7 18 33 13
8 9 1 42
41 41 13 27
43 22 37 13
22 26 6 30
19 30 18 35
18 7 17 24
44 3 48 32
32 36 15 34
44 45 22 46
3 21 28 42
21 16 18 25
5 15 15 25
12 5 25 23
45 32 7 0
8 9 30 33
31 39 7 15
3 18 35 20
43 20 4 25
42 36 35 28
