50 567 14547 800
25 15 20 18
19 25 12 20
38 24 5 11
7 33 10 5
19 21 43 3
41 30 10 12
6 35 22 11
9 33 29 41
10 36 37 7
23 18 16 10
8 18 32 4
20 30 38 5
37 22 15 24
42 44 14 1
22 30 16 13
16 33 32 17
22 35 32 18
38 28 18 3
9 22 36 11
42 22 18 14
34 40 25 7
40 23 34 4
33 40 36 19
19 39 32 7
13 32 38 11
30 46 46 2
20 30 43 7
21 8 16 18
22 30 31 37
41 20 14 25
22 27 15 19
12 20 15 9
26 41 24 17
37 45 19 18
22 27 0 16
39 15 18 15
38 46 47 0
32 26 30 11
16 32 0 2
2 29 43 4
25 18 17 13
38 26 10 37
20 35 33 9
23 30 15 20
11 23 31 2
38 27 25 31
16 34 22 28
20 35 46 6
1 25 38 1
17 19 47 15
17 35 36 26
47 24 28 11
22 38 27 48
10 21 43 9
4 37 15 19
26 44 43 4
35 17 16 24
11 26 26 4
4 11 14 17
38 23 25 3
34 19 25 21
15 46 24 46
21 30 35 36
41 21 17 19
13 38 14 21
32 48 10 2
14 27 42 7
2 15 20 16
42 29 22 31
47 25 46 14
14 29 26 16
26 31 26 3
17 27 14 7
29 30 32 25
18 42 21 1
38 25 37 48
34 19 14 27
42 23 13 15
5 38 23 20
0 36 15 19
43 29 30 27
37 40 12 0
42 26 15 15
20 33 42 16
49 23 28 27
24 24 39 0
41 20 25 34
40 19 32 3
34 21 26 21
41 22 46 0
14 20 43 7
41 19 38 7
36 43 20 15
7 27 7 11
42 17 3 18
31 19 40 42
9 25 9 10
0 25 44 18
33 25 25 19
15 27 11 22
25 31 32 6
15 28 3 44
31 32 38 8
4 37 10 29
31 48 21 21
47 22 26 45
22 35 12 2
42 25 13 3
45 23 27 33
19 18 15 39
12 46 36 4
10 33 8 43
17 25 45 17
20 25 49 6
25 25 25 8
36 43 27 25
17 30 13 48
45 26 30 0
9 40 37 16
20 38 46 48
11 19 25 28
32 44 17 22
35 29 6 41
14 31 19 38
36 24 25 12
11 22 13 12
9 40 30 13
20 21 19 17
9 21 20 6
37 20 14 9
21 25 43 6
14 30 37 17
39 21 49 12
21 44 23 0
17 44 34 20
1 46 14 8
12 32 26 1
13 28 32 4
23 31 15 32
42 22 16 41
30 19 43 6
18 27 21 7
42 26 3 1
12 16 28 14
24 24 15 10
8 17 15 24
21 4 36 31
39 21 14 23
44 23 2 36
20 28 34 0
35 21 11 26
32 26 26 9
22 30 16 47
39 23 30 5
38 24 25 16
6 36 23 17
16 43 15 14
14 37 13 21
25 32 35 16
42 23 22 18
21 46 16 23
37 23 16 15
35 20 10 22
39 37 22 10
43 19 15 39
33 20 22 17
9 37 24 46
39 15 31 16
16 23 19 16
40 22 22 4
39 34 19 24
7 33 36 5
41 14 29 0
36 41 14 39
10 23 22 1
22 33 19 20
38 48 33 46
1 29 1 34
45 22 39 7
7 37 14 17
16 28 21 33
10 27 2 4
7 30 21 35
33 46 23 49
37 20 11 17
13 28 20 16
5 26 9 14
22 41 15 21
29 42 19 13
24 37 28 21
18 31 16 18
40 13 20 14
15 31 33 8
21 30 14 10
18 34 3 46
41 19 12 23
35 19 42 27
37 24 29 5
12 31 45 9
41 38 14 16
16 18 39 4
24 36 36 3
43 28 15 15
29 26 21 13
28 19 11 24
45 20 12 18
41 16 34 14
44 26 21 25
15 41 40 23
16 34 20 17
25 23 9 15
23 32 13 20
9 37 19 10
18 31 34 37
18 35 20 12
39 21 38 4
24 21 38 8
24 39 40 45
41 21 19 18
3 40 27 4
10 27 23 18
14 31 33 0
31 25 9 19
36 36 33 1
42 25 16 20
42 28 36 11
11 29 18 13
16 49 1 5
38 18 24 15
24 40 18 12
2 41 14 12
34 39 23 15
36 43 7 40
33 33 31 5
27 23 21 17
7 31 32 42
40 20 24 13
24 18 33 3
20 22 46 3
6 23 38 12
19 30 48 0
13 5 12 19
10 42 17 19
44 23 26 9
15 42 35 3
40 28 39 10
38 20 18 19
23 43 19 42
21 25 22 11
35 24 13 18
41 23 19 18
32 19 13 14
18 46 5 39
46 22 17 17
22 33 37 14
37 43 30 2
39 19 32 1
44 25 26 12
18 30 16 17
4 22 16 13
31 40 39 15
44 23 37 28
44 20 24 31
41 24 31 45
31 34 28 10
37 44 7 16
16 37 17 9
14 22 18 9
5 38 15 17
17 24 12 20
22 22 34 9
24 35 30 6
23 28 11 15
37 17 21 16
37 18 29 19
9 35 20 19
43 28 27 14
37 19 28 8
41 40 28 5
39 18 9 42
49 29 7 4
26 41 28 5
12 38 10 6
32 45 21 14
17 43 21 17
38 20 19 31
24 32 16 24
14 29 15 24
46 43 23 8
19 32 11 21
42 20 23 28
0 16 49 10
11 34 7 47
40 30 12 14
13 37 14 28
39 22 11 14
24 20 30 38
43 25 6 39
37 19 41 21
36 4 23 20
41 22 42 5
14 15 10 14
16 34 20 14
38 16 26 4
25 29 44 1
49 46 12 19
40 28 23 27
23 32 16 19
0 23 6 30
13 22 27 42
37 41 40 4
41 21 40 0
22 43 13 17
42 16 21 13
21 33 15 22
25 19 44 3
6 29 30 1
29 24 14 36
22 37 21 20
14 30 22 35
41 17 12 16
19 20 28 8
17 29 35 15
37 20 15 21
23 35 11 40
4 40 34 9
2 43 33 12
5 47 36 6
40 25 47 14
44 26 40 7
22 25 27 15
18 33 17 44
13 33 31 0
8 32 16 12
40 17 44 6
8 25 31 16
36 17 18 23
4 23 18 6
18 30 30 16
47 24 28 2
5 42 17 15
40 45 35 5
7 33 15 6
4 32 14 5
4 27 28 19
32 40 48 33
10 25 36 0
20 26 43 7
39 23 19 23
13 31 11 6
7 20 27 8
20 22 15 23
29 21 16 23
27 24 17 6
25 15 13 15
19 33 27 4
9 22 16 17
14 17 3 16
9 38 11 29
40 26 14 14
19 28 8 37
43 29 9 21
4 39 19 15
7 14 18 10
18 33 17 18
13 38 26 40
38 21 47 8
37 21 18 16
35 26 40 31
28 0 1 49
40 23 32 12
18 40 4 18
0 33 36 17
8 30 24 15
11 25 23 14
24 34 18 24
34 37 26 4
38 19 13 5
20 35 35 13
42 23 46 14
16 22 10 5
36 25 40 15
14 25 39 4
39 24 16 14
15 48 34 11
17 28 9 0
14 20 8 15
5 28 12 16
40 24 20 20
22 35 5 25
11 21 9 14
41 39 10 24
34 39 5 4
42 29 13 15
36 10 8 34
40 19 45 7
43 24 39 6
0 28 6 13
39 22 32 3
17 38 7 49
35 26 18 19
38 21 16 15
3 42 18 20
11 35 26 12
14 37 15 27
6 48 16 16
24 46 26 5
25 30 8 13
9 17 22 19
3 43 11 29
5 31 38 12
0 24 33 37
9 33 19 1
21 23 19 13
40 23 38 43
24 28 16 21
18 25 21 19
42 36 15 17
37 22 35 12
28 32 40 14
27 37 18 20
46 17 48 5
3 26 17 15
43 20 36 11
29 6 34 2
44 25 12 16
40 26 27 1
2 42 28 16
4 18 15 23
38 15 11 0
38 37 19 40
42 17 23 49
22 24 20 12
28 20 12 22
20 25 21 6
27 23 33 8
17 34 10 21
40 24 19 22
26 33 40 15
24 18 36 2
40 23 14 12
7 25 32 23
25 26 22 17
22 36 18 22
36 21 29 19
16 38 14 22
12 38 41 1
19 24 38 12
11 25 26 2
24 38 27 4
8 26 6 46
46 30 36 41
38 24 32 13
13 22 36 6
39 35 16 11
14 32 11 40
37 49 42 1
18 24 34 5
18 31 27 9
10 42 33 3
16 45 46 2
40 21 16 14
11 24 30 20
43 27 34 46
6 26 26 10
12 25 18 25
5 19 19 35
41 27 13 16
5 37 44 9
20 11 13 8
46 25 12 40
10 33 38 0
45 23 43 12
12 17 23 30
16 26 17 9
43 23 15 12
37 23 13 13
20 36 39 1
5 38 26 46
13 36 37 26
35 26 16 20
26 15 21 10
44 18 37 1
11 21 11 4
8 34 36 19
22 31 22 40
42 46 38 7
25 25 26 41
21 38 15 37
41 19 10 3
38 43 32 2
19 36 46 9
42 21 40 0
21 14 14 15
13 26 7 4
24 41 17 17
48 25 32 9
22 35 29 5
2 30 30 15
12 37 22 18
20 44 12 32
11 24 20 34
39 26 13 43
33 31 5 24
7 32 45 10
30 23 20 16
14 31 9 7
37 22 4 4
7 38 17 15
11 8 41 2
23 36 14 23
21 24 34 17
7 33 9 14
29 40 21 9
35 45 18 25
2 38 32 13
3 47 36 1
40 23 19 13
12 36 7 13
12 9 15 15
38 25 21 8
40 27 37 18
5 19 11 6
23 31 5 10
16 31 20 10
45 18 13 21
30 32 4 7
14 24 26 26
0 44 19 14
43 23 18 15
45 25 44 30
12 20 13 1
39 21 33 7
5 35 44 3
11 34 22 12
0 47 10 41
33 25 11 27
8 43 47 6
25 4 46 11
15 29 47 29
34 16 38 9
38 14 11 11
3 22 48 3
39 19 22 18
13 37 14 25
15 21 20 5
22 29 41 7
3 25 39 19
39 25 13 32
21 29 14 21
18 27 43 26
15 33 20 18
42 24 12 22
0 36 21 19
25 43 35 44
1 35 27 16
25 31 45 26
22 34 29 46
2 17 12 6
40 16 32 13
9 40 20 20
9 40 38 11
27 40 42 0
40 20 15 19
43 23 11 19
19 19 32 24
37 21 16 10
