50 114 16916 800
41 5 9 46
29 6 13 30
18 8 19 34
39 43 22 44
37 4 7 29
41 45 1 21
40 6 9 32
39 15 46 33
12 42 9 36
33 25 18 17
42 2 0 14
42 9 18 38
20 25 26 7
38 37 17 28
43 12 40 32
35 6 27 36
41 7 37 28
43 10 34 46
11 15 21 12
35 5 1 7
13 26 5 37
39 43 4 9
41 6 1 14
42 6 23 23
15 14 2 2
36 37 44 36
30 24 44 32
38 8 38 45
22 20 48 27
36 13 12 28
43 39 2 38
21 13 12 4
8 30 33 30
2 17 46 27
22 17 35 40
40 43 2 11
44 41 33 37
37 10 2 13
38 5 34 34
41 6 1 13
38 43 9 14
7 9 46 31
39 7 28 36
31 11 14 12
44 4 37 35
30 3 43 24
16 38 39 26
5 33 1 13
22 27 33 22
43 37 30 37
42 39 8 37
49 12 21 28
38 8 2 12
48 9 17 9
40 45 39 26
21 26 8 38
20 10 4 9
21 3 1 42
36 42 15 43
16 22 41 37
5 11 19 33
6 26 18 1
35 4 30 35
31 31 29 13
42 41 0 18
40 5 3 49
38 40 41 27
41 41 27 37
32 5 0 29
5 16 43 23
16 26 38 31
41 37 8 37
22 14 39 25
38 5 25 30
39 1 39 46
44 0 7 38
20 19 10 8
42 6 0 6
36 6 47 19
34 7 7 9
42 39 20 33
38 37 15 36
2 17 16 29
43 9 10 40
24 6 22 39
41 40 15 24
47 5 31 32
40 42 7 7
42 4 39 33
23 22 3 34
35 2 4 8
21 26 25 38
41 41 37 30
39 7 9 2
40 5 48 30
32 7 9 10
40 41 10 34
39 40 26 40
9 5 12 14
15 5 40 45
20 32 18 20
38 43 39 33
17 25 43 35
38 13 37 21
11 31 8 7
47 1 3 7
38 5 22 28
20 27 41 25
39 6 8 28
36 7 42 36
44 4 46 1
45 6 14 40
41 44 24 5
41 39 5 3
