50 1535 13182 800
47 15 15 35
29 22 38 30
27 25 12 36
36 34 36 44
42 26 40 29
37 39 24 18
10 35 42 26
31 21 16 1
29 40 40 29
26 29 38 31
31 4 3 15
28 21 39 29
41 20 9 38
7 47 38 32
32 15 41 27
45 37 41 28
25 21 23 35
9 31 38 30
24 8 29 19
37 42 0 40
18 40 18 19
35 17 36 29
8 45 30 48
4 27 26 36
22 20 27 34
7 46 38 26
19 16 27 36
28 19 36 32
32 16 40 29
21 29 17 28
30 43 40 29
26 16 33 32
40 45 4 31
27 22 8 25
33 9 38 33
8 23 39 32
15 42 8 35
16 48 31 34
29 46 18 49
33 13 44 26
6 18 4 47
16 27 21 42
12 13 11 19
1 29 16 34
37 32 41 30
19 19 0 34
18 26 41 29
15 32 29 44
32 36 27 45
44 23 37 29
27 22 38 31
23 36 13 27
21 16 37 31
1 22 39 29
36 38 2 17
4 22 21 13
28 18 11 47
11 49 21 17
33 33 40 33
44 36 34 31
30 45 31 49
9 46 1 8
1 48 42 31
8 20 5 25
11 46 40 29
6 37 21 30
18 24 12 42
13 48 25 44
8 44 39 26
21 11 39 29
47 39 20 40
31 30 40 25
26 30 29 40
26 22 5 42
34 36 13 19
3 22 19 42
17 19 37 27
32 15 25 47
5 32 19 28
30 14 8 13
9 33 7 27
35 14 30 18
47 42 9 0
33 23 24 26
20 0 21 40
21 17 39 27
21 21 34 28
8 23 42 26
10 27 36 3
12 46 24 45
42 3 38 30
17 26 28 44
37 37 40 26
30 14 8 25
9 34 13 39
10 23 19 19
37 19 10 26
11 39 25 21
30 36 5 18
17 15 42 30
16 14 44 30
2 23 0 42
2 24 5 17
12 42 42 28
32 25 32 42
9 22 3 36
36 39 37 25
29 23 5 38
27 20 39 31
45 8 18 44
36 15 5 15
9 5 0 35
49 7 16 30
16 9 2 23
11 40 6 34
21 13 20 19
49 46 11 35
6 11 4 48
17 34 13 6
9 21 40 27
30 34 38 28
35 20 10 46
35 10 10 45
10 46 26 13
38 45 29 43
0 30 26 34
36 17 42 29
10 43 39 30
28 20 26 24
38 47 9 45
5 41 44 32
4 46 6 11
45 40 21 11
43 22 24 37
4 33 3 22
1 16 38 28
19 11 20 30
38 30 23 33
32 45 33 40
28 24 38 28
2 41 12 17
28 18 43 39
41 8 8 10
11 46 36 26
9 8 38 19
43 32 14 23
11 14 15 45
4 21 18 22
19 25 5 32
9 48 11 5
28 21 4 47
28 20 39 32
33 22 11 19
5 30 20 27
35 47 11 41
1 26 37 28
1 25 9 26
3 19 9 41
27 15 39 28
28 29 2 21
12 44 26 39
38 48 42 32
37 26 40 28
11 24 20 24
8 49 44 33
23 5 20 18
27 22 19 42
16 29 9 27
11 21 10 16
4 34 26 36
12 9 40 31
15 10 15 35
3 21 21 27
19 1 23 36
4 9 41 28
28 20 13 45
42 29 38 32
28 3 37 29
23 21 40 28
42 19 36 29
7 24 37 29
49 17 40 28
16 27 38 25
43 23 40 26
24 35 42 28
43 36 16 28
5 28 12 39
26 20 30 38
41 49 38 27
10 20 19 18
35 45 5 46
6 41 39 28
23 9 29 15
38 35 37 26
8 42 20 13
5 23 35 33
13 30 28 15
16 23 23 40
17 23 26 43
12 40 5 47
20 28 1 33
45 21 40 29
46 19 39 30
46 26 18 41
17 21 44 29
25 23 38 28
31 26 37 31
37 45 18 4
24 11 11 34
33 39 40 29
26 22 41 28
15 45 22 40
17 2 42 30
21 17 35 29
31 42 9 16
33 28 36 34
35 33 25 47
4 33 9 27
16 42 3 36
32 39 23 16
6 46 16 36
34 2 27 43
32 26 9 28
30 7 31 45
11 20 34 33
46 31 35 40
10 19 26 35
29 35 0 7
24 5 38 30
3 21 20 15
29 18 26 41
8 40 39 27
12 21 15 26
3 39 25 38
22 31 14 39
0 26 37 35
18 23 11 44
33 48 17 21
31 41 8 39
43 45 36 28
27 20 43 29
44 28 36 27
24 21 38 32
16 20 13 36
28 39 8 12
4 16 24 46
21 42 25 37
15 17 34 27
17 21 18 28
12 24 38 44
35 24 38 30
33 33 17 16
30 21 40 27
44 28 40 32
16 1 29 49
14 41 4 19
35 25 36 31
10 41 15 42
21 37 20 27
37 23 38 30
5 26 30 29
9 18 33 43
6 10 26 45
4 34 10 25
0 24 35 31
28 24 41 28
5 25 17 32
6 27 21 25
38 33 41 29
22 21 29 46
36 21 6 9
29 16 40 26
44 16 15 29
13 31 38 29
30 30 37 32
23 3 11 35
26 33 1 23
26 21 35 28
7 48 40 27
45 35 6 34
38 9 31 22
1 29 36 25
15 35 9 3
43 35 14 21
0 5 15 28
42 7 11 36
12 46 35 37
7 16 7 9
16 10 31 26
31 46 4 31
22 23 11 9
42 37 9 31
31 46 34 25
12 43 3 43
23 15 14 33
48 37 30 45
2 17 34 30
9 44 39 32
12 46 39 31
0 38 3 22
2 32 38 32
8 20 32 45
5 48 7 36
31 14 32 46
3 45 41 27
9 40 41 29
21 21 39 29
43 35 7 45
38 8 44 29
30 14 39 29
11 18 36 42
9 49 18 22
21 31 42 32
15 12 38 30
23 35 21 10
48 39 18 24
15 22 28 49
22 4 10 16
16 19 29 36
28 9 18 45
32 17 42 30
0 29 9 35
48 41 14 22
19 26 35 29
10 29 41 32
30 22 25 35
48 26 6 49
16 26 38 30
21 22 0 29
9 17 40 32
13 19 26 43
1 7 35 29
4 33 38 32
31 18 19 7
7 21 38 30
26 28 36 28
36 6 37 30
42 15 41 33
40 46 1 25
35 6 32 20
32 16 31 39
14 21 3 45
38 46 5 30
3 19 39 23
11 38 45 31
23 28 37 28
28 19 41 30
25 9 39 26
15 23 33 48
8 43 31 44
30 34 40 31
0 31 9 24
36 41 36 47
16 32 9 12
38 40 42 28
29 16 42 26
31 18 18 26
12 20 33 27
20 15 6 2
11 15 7 48
11 49 12 43
5 31 27 35
20 11 40 26
46 11 41 33
18 10 40 28
14 33 38 32
6 42 19 44
19 32 12 30
0 32 11 45
17 9 41 28
12 36 4 14
20 1 16 2
20 30 41 30
10 33 6 25
0 25 13 38
17 38 27 45
40 30 31 49
35 34 15 32
21 5 10 11
29 49 40 31
8 49 21 44
19 35 1 44
25 32 38 25
35 10 20 42
13 46 33 45
46 17 40 29
46 28 9 8
33 22 22 39
18 29 40 30
23 41 37 36
7 38 12 40
20 33 27 39
18 23 36 29
31 24 13 20
30 12 29 36
13 3 39 26
21 38 16 26
49 31 35 30
21 27 37 29
27 15 39 29
11 38 16 13
44 41 37 32
42 2 7 21
22 19 37 28
11 28 40 27
25 30 15 36
47 42 25 26
21 43 40 26
17 37 39 28
41 15 40 29
5 32 36 44
19 45 43 27
34 6 27 45
14 43 38 30
16 18 40 39
27 29 35 33
7 43 33 27
40 37 10 38
19 40 36 28
45 42 40 29
23 6 25 39
18 4 18 38
14 28 4 23
3 18 10 9
42 13 15 26
41 49 41 30
22 19 31 33
27 36 40 26
44 22 9 17
9 21 18 35
1 18 0 31
4 6 38 30
36 43 16 17
21 32 18 25
28 24 8 27
19 7 39 27
34 2 38 32
20 36 29 40
46 17 35 31
15 3 17 29
14 47 39 28
40 17 14 7
10 29 14 13
2 25 38 28
35 5 16 46
27 24 6 46
20 28 15 32
0 32 40 31
42 26 36 27
6 47 41 30
18 26 15 30
1 35 38 30
11 41 42 29
33 26 38 30
38 34 24 16
8 17 39 29
32 17 6 21
8 11 14 43
23 13 40 29
12 27 39 30
35 38 40 30
33 39 32 46
13 27 43 23
33 37 36 25
25 28 39 30
2 32 36 27
8 34 24 43
29 17 36 28
36 8 36 30
13 43 43 26
26 29 44 28
27 11 12 29
32 13 18 40
31 40 19 31
24 31 40 28
32 15 39 25
11 10 25 26
14 6 17 44
27 39 36 26
25 27 15 44
33 48 41 29
11 46 39 31
25 36 36 42
40 33 36 28
22 2 9 47
19 5 39 30
14 16 38 25
43 38 9 34
29 18 7 25
9 45 29 44
44 27 37 26
3 17 5 42
36 31 7 22
22 8 41 31
31 17 39 29
33 24 25 46
43 11 29 47
15 31 7 19
36 32 18 42
12 19 12 33
43 49 17 38
0 11 27 47
7 27 25 46
43 36 38 29
10 48 22 9
3 31 20 39
10 22 9 35
7 25 11 32
2 10 37 27
23 17 30 44
42 18 34 30
48 27 41 30
43 7 7 39
32 21 31 43
20 27 39 34
35 39 6 21
46 41 31 43
9 42 36 29
32 29 41 28
33 22 15 7
30 19 36 32
4 31 32 44
8 48 17 27
2 14 29 20
21 33 32 44
43 28 14 28
47 44 39 30
10 42 5 24
4 40 29 49
37 9 16 38
22 34 20 26
30 27 41 31
3 22 1 33
34 14 40 30
22 10 32 45
13 7 39 25
18 11 2 24
19 25 29 40
24 26 37 29
20 23 10 25
28 48 2 21
28 17 20 37
14 26 40 27
23 33 11 25
40 1 41 27
46 29 40 28
23 10 5 23
31 1 14 40
41 47 38 27
4 22 9 42
11 31 23 24
25 9 43 27
43 44 11 39
19 24 35 28
4 47 11 34
21 49 18 33
21 21 29 41
14 44 3 35
33 22 11 42
49 4 13 26
33 26 38 27
41 39 29 41
12 19 27 38
4 32 14 32
12 9 38 27
7 23 15 36
21 44 38 26
25 24 44 31
48 23 1 22
9 32 27 42
22 4 15 41
29 19 11 13
32 16 42 9
43 38 41 30
42 47 3 33
28 6 14 29
8 41 37 32
27 17 28 40
19 23 22 17
6 30 17 33
18 11 37 28
21 26 17 25
14 33 11 10
35 33 2 42
6 24 24 23
14 47 26 5
10 19 29 44
11 12 34 30
48 34 7 28
29 15 37 27
9 4 38 31
9 20 42 29
34 42 43 29
17 47 36 27
32 16 8 49
40 38 35 26
28 20 5 47
37 36 39 31
24 1 35 24
6 24 43 30
20 12 37 26
34 17 20 42
2 34 30 47
9 23 40 24
3 43 28 48
38 24 14 18
15 0 38 32
6 17 32 44
21 19 27 18
30 1 31 39
48 33 38 24
11 25 36 29
1 31 9 24
5 24 23 48
38 12 7 48
27 45 11 47
39 33 40 27
6 18 40 26
24 38 40 31
0 2 43 33
5 15 20 43
1 30 37 31
13 22 7 45
32 15 41 33
33 26 27 39
29 32 38 25
1 30 29 29
11 6 25 44
4 28 36 27
12 13 20 0
21 21 13 35
7 19 40 28
2 28 24 27
10 42 40 28
47 30 37 29
17 17 38 28
17 29 41 29
10 41 31 41
3 27 33 43
41 14 38 27
13 20 18 28
46 43 14 39
17 45 29 18
17 15 33 49
13 47 8 0
10 29 14 49
13 21 29 44
13 24 8 26
45 36 20 32
41 30 0 46
36 23 6 36
2 31 36 26
1 28 41 26
10 32 13 12
17 11 9 34
35 31 34 42
18 22 37 30
16 44 38 33
27 25 2 22
15 23 37 26
25 30 21 47
20 41 20 31
28 4 40 29
12 44 24 42
11 26 34 44
14 39 16 48
15 14 1 36
6 22 4 29
8 41 15 41
13 29 17 3
2 20 17 16
29 34 29 40
27 23 4 37
26 38 41 29
23 46 11 47
6 22 42 28
37 1 38 33
30 19 30 24
27 17 31 38
30 35 9 25
30 18 10 34
7 47 34 26
35 29 17 16
38 41 10 30
43 33 28 42
6 43 9 12
38 2 38 32
28 23 38 30
30 23 28 49
16 45 6 28
9 33 23 42
15 30 11 40
23 43 40 30
27 24 21 46
20 17 36 27
15 21 7 35
34 21 31 47
44 31 39 29
40 18 41 27
23 36 5 25
17 15 24 12
5 33 8 40
32 38 15 35
3 29 38 28
9 44 39 29
32 27 39 31
7 26 25 46
32 41 18 31
10 28 40 32
44 23 39 33
49 3 37 28
25 27 8 21
39 34 39 28
0 23 39 25
31 42 21 20
24 1 3 3
29 49 38 29
26 30 27 37
31 24 30 48
12 38 4 7
32 35 40 30
42 40 28 3
24 12 40 30
9 20 35 27
18 20 36 30
34 37 13 15
33 16 28 7
29 0 37 28
42 1 38 29
13 40 35 30
8 7 16 2
12 45 40 32
17 19 38 27
10 46 40 29
30 20 19 9
14 32 42 27
16 42 37 25
25 8 39 30
32 44 22 15
9 25 23 23
32 15 39 30
21 16 33 19
49 36 0 38
33 13 25 11
11 38 28 42
10 40 15 19
42 8 41 32
6 27 20 13
40 7 24 46
29 17 40 28
12 8 37 30
26 43 37 27
31 21 12 44
35 47 22 12
22 39 9 32
14 31 38 32
1 23 27 33
27 24 10 43
15 30 40 30
28 15 27 35
1 15 37 31
28 34 38 33
9 49 36 30
6 30 21 27
31 38 40 29
2 24 37 29
9 22 39 30
2 14 34 31
39 41 14 30
26 17 29 40
44 15 9 19
18 30 30 34
32 48 37 31
37 15 31 17
29 8 6 46
4 30 39 26
14 42 46 8
1 30 38 28
12 47 1 45
27 28 41 28
7 43 38 31
33 13 40 25
34 4 39 28
44 42 38 26
5 6 7 28
15 2 17 19
38 28 27 47
12 12 38 29
13 49 40 28
23 11 37 30
23 41 40 28
35 38 39 29
29 5 22 23
45 39 15 18
12 27 36 28
21 14 16 33
6 48 20 44
35 18 2 11
23 41 17 21
6 15 36 27
47 36 38 45
40 14 29 48
11 21 39 29
40 49 28 25
4 22 41 30
5 18 6 29
48 19 12 42
12 31 27 46
35 13 23 41
45 29 36 27
11 24 42 27
35 30 1 22
16 25 8 30
30 13 28 31
3 28 18 47
43 44 16 33
22 20 24 31
15 40 1 26
23 20 38 36
16 1 24 47
43 36 41 31
10 21 11 28
32 20 3 10
30 24 41 28
45 36 23 43
47 24 34 28
16 43 12 33
27 23 38 30
20 29 27 32
19 0 19 25
0 36 38 27
17 9 38 26
29 14 40 27
44 12 12 38
11 14 25 28
39 26 16 39
23 36 15 10
31 18 1 19
24 30 5 17
4 22 19 28
43 38 35 26
1 21 12 43
18 28 37 28
29 14 21 11
24 25 0 10
19 11 40 29
32 24 37 31
8 26 2 46
49 10 32 35
27 35 6 23
30 22 10 32
8 32 40 26
12 38 37 32
40 47 22 14
1 3 23 17
18 17 39 31
48 12 41 29
25 8 40 29
16 32 21 45
25 26 39 27
21 16 39 29
43 35 28 16
27 8 8 44
9 33 2 40
2 26 21 31
44 44 34 46
25 32 4 27
39 23 1 21
2 2 0 11
4 35 8 6
26 33 41 33
6 35 32 42
26 44 39 28
31 31 0 39
4 38 14 43
13 18 7 13
21 45 40 30
4 8 15 14
24 48 7 31
27 32 32 48
30 37 15 23
32 20 8 22
5 43 32 47
33 20 43 29
44 21 36 34
44 41 2 19
29 20 38 29
4 28 23 13
15 16 44 30
14 25 21 46
11 41 40 29
25 8 38 27
28 20 29 47
12 44 5 37
28 19 40 26
4 17 2 26
21 29 1 41
15 27 39 28
19 13 11 37
33 20 23 32
24 16 13 39
30 29 23 43
4 39 39 27
28 22 9 17
17 44 40 30
28 18 40 43
7 46 38 31
6 19 18 38
25 12 43 27
44 34 40 30
9 47 42 27
17 8 8 30
11 33 35 46
15 27 41 30
23 18 20 10
22 3 7 15
2 28 38 17
21 24 38 28
8 6 25 46
8 14 1 22
33 5 19 12
17 37 11 46
40 47 40 27
30 18 38 28
2 30 41 29
4 13 29 38
39 43 43 29
7 24 42 32
3 27 39 28
32 33 40 25
6 18 41 27
11 13 2 37
30 35 10 41
33 14 39 29
37 18 10 11
30 17 4 23
23 31 40 31
40 31 19 38
40 5 7 30
9 24 29 40
46 28 2 37
22 20 11 27
18 48 38 30
33 40 39 32
12 49 38 26
38 16 6 33
18 9 16 45
13 31 40 29
24 35 42 29
43 19 10 16
14 27 6 20
41 20 28 23
7 30 37 28
33 44 8 36
31 19 15 20
34 41 17 17
39 38 20 26
38 21 37 29
35 12 36 48
1 24 38 31
27 20 38 29
25 37 37 26
27 49 8 31
31 30 40 30
26 19 16 16
6 27 17 22
19 20 39 34
5 20 13 18
27 29 38 31
39 39 18 37
3 22 43 34
21 15 37 29
9 25 16 25
23 6 18 32
40 49 28 45
49 20 5 24
20 22 6 25
28 22 0 39
18 6 20 42
25 25 9 24
25 22 39 30
49 43 5 26
27 11 38 33
11 26 3 28
24 5 37 30
6 14 4 24
23 10 38 29
30 7 39 34
40 49 33 41
6 46 40 32
39 8 41 24
20 11 20 45
35 9 38 30
22 14 5 47
18 47 40 25
4 17 38 30
10 29 1 0
16 42 0 47
27 2 1 24
14 48 8 26
16 20 38 29
29 24 14 20
26 3 7 34
8 22 41 29
3 40 45 29
30 9 33 48
7 37 15 24
6 24 29 40
0 31 16 46
37 28 15 25
35 41 31 43
9 17 42 28
11 34 41 28
13 46 21 38
31 22 39 23
20 39 1 45
16 46 10 25
30 21 18 9
1 15 42 33
32 30 30 37
4 21 37 26
8 33 32 42
28 41 17 17
27 20 25 42
31 43 37 27
21 3 28 42
35 17 16 28
2 26 38 32
10 11 30 26
4 47 26 20
22 33 13 26
29 20 15 30
34 42 6 48
1 28 38 26
46 34 19 11
19 6 38 27
31 35 37 27
37 32 39 22
1 27 2 18
12 18 35 29
21 12 30 23
32 15 31 44
5 32 39 28
20 35 11 38
23 8 1 26
30 21 23 27
26 39 39 29
28 30 14 30
35 25 28 38
31 33 39 29
43 11 23 49
21 37 40 29
32 4 20 38
47 27 13 25
37 5 40 30
21 25 1 17
15 31 12 27
25 21 25 13
8 3 37 33
30 26 22 45
39 40 41 26
29 10 3 45
16 42 42 30
19 17 31 48
0 24 35 29
22 13 9 6
15 43 29 46
29 33 32 44
7 43 33 31
37 5 37 28
8 43 25 45
29 22 38 31
28 17 39 29
8 15 38 33
19 25 17 10
47 31 33 49
30 16 2 26
30 17 39 26
16 39 0 36
29 7 5 31
18 30 26 36
28 28 36 30
19 29 29 39
17 24 15 31
3 14 13 42
3 14 23 40
8 44 40 30
36 9 40 30
31 19 42 25
11 18 34 49
24 1 38 28
29 3 17 14
48 15 40 31
35 17 43 26
26 24 42 28
13 28 27 40
25 31 39 29
16 24 40 30
15 27 36 27
35 22 40 28
41 32 39 27
5 46 36 24
8 32 26 39
26 34 40 28
20 23 41 30
28 5 6 30
42 6 13 31
15 20 10 25
4 48 38 32
11 45 36 28
47 41 6 24
19 14 40 27
11 48 10 35
11 38 2 11
9 14 24 46
28 43 14 14
7 20 25 43
3 32 41 25
49 38 15 46
9 27 15 35
6 30 31 26
20 3 4 28
39 6 12 20
33 42 39 24
35 19 15 41
21 29 9 20
29 17 40 30
10 19 21 46
31 22 38 33
24 4 38 31
39 31 1 34
29 27 23 33
27 14 39 30
45 25 40 28
4 19 3 38
28 19 28 44
42 40 38 29
1 22 38 31
26 19 12 21
10 46 39 30
8 35 40 26
3 24 14 12
32 22 38 31
12 27 26 38
18 26 40 30
9 32 39 28
6 44 30 30
19 37 41 27
39 31 42 16
38 19 20 14
31 6 21 18
25 25 11 29
3 27 32 41
8 18 36 29
7 9 11 23
37 24 30 31
48 17 12 2
32 45 16 19
23 35 39 28
26 21 29 42
34 47 42 27
32 38 10 41
28 36 29 21
37 35 37 29
2 30 6 10
9 26 37 32
12 42 31 32
12 12 38 29
13 44 9 22
11 26 18 22
13 0 17 21
25 18 15 35
35 14 0 48
42 32 8 45
6 16 17 21
19 5 42 33
6 0 24 19
34 46 41 28
28 35 36 28
31 21 41 32
9 43 29 43
17 37 25 46
12 39 29 23
26 33 2 31
30 21 35 25
22 42 37 25
17 20 21 46
23 29 0 32
10 41 30 40
30 32 27 42
10 6 8 34
8 27 36 30
37 17 14 33
13 13 39 28
2 40 11 31
31 42 8 45
12 15 9 9
23 7 40 25
47 37 26 38
44 18 38 25
5 43 2 17
22 12 45 30
48 34 12 30
38 10 27 22
42 13 17 45
5 38 36 23
39 47 18 25
4 26 6 40
34 32 9 42
13 14 24 30
7 27 39 28
20 15 14 24
24 26 42 32
5 19 14 0
19 43 39 27
30 16 33 47
16 5 17 27
7 43 23 4
31 19 30 38
28 19 25 39
43 25 43 30
10 31 42 28
16 21 38 26
35 24 39 26
30 28 36 27
16 45 32 17
6 24 2 31
32 20 39 27
27 1 41 29
44 33 35 29
29 16 40 34
18 0 40 23
9 20 21 23
31 42 6 27
37 9 42 25
4 14 22 34
15 28 38 29
13 23 37 32
0 16 2 7
25 32 38 28
4 12 10 27
49 39 7 31
41 34 41 29
27 17 18 37
5 23 38 26
24 41 43 26
23 24 43 30
39 41 38 32
28 19 8 19
25 12 40 31
16 1 38 35
7 27 0 43
13 46 19 28
2 30 39 26
35 1 19 46
29 18 33 43
3 39 40 28
30 27 5 12
22 24 13 33
20 20 34 36
10 43 41 29
34 36 39 28
44 2 39 32
20 3 31 45
28 20 42 29
5 45 42 28
23 17 36 32
23 11 31 49
13 38 3 48
29 40 18 32
34 17 3 37
2 17 25 9
49 13 21 13
32 17 36 48
17 0 10 44
10 23 37 30
31 2 2 22
32 6 0 29
10 15 29 35
1 30 12 36
39 27 41 31
16 36 38 29
20 16 10 41
30 6 30 46
31 18 40 28
18 31 3 27
11 32 4 12
9 44 35 43
15 41 41 29
34 49 38 31
0 24 43 30
17 28 25 31
23 30 39 31
0 22 8 41
35 4 23 16
22 15 27 15
10 42 38 25
18 22 4 26
36 12 26 30
5 25 40 29
28 31 21 30
33 2 26 47
25 22 38 31
27 22 12 37
46 41 39 26
6 40 33 26
35 24 10 27
25 36 36 31
15 15 40 29
17 45 39 30
34 42 35 2
10 32 25 46
3 37 37 29
28 7 38 27
9 42 39 30
35 11 39 29
13 46 37 31
29 21 7 25
22 16 4 37
45 30 38 31
32 11 25 42
38 22 5 22
38 42 6 31
10 48 17 34
43 16 16 26
19 28 25 28
16 48 41 27
29 20 32 26
27 9 39 33
12 34 36 24
38 21 0 25
18 32 39 31
2 17 40 26
30 21 33 42
24 3 16 45
20 4 42 29
11 25 15 31
33 15 4 17
42 12 8 8
40 20 21 45
23 18 36 33
2 14 12 37
41 14 6 44
22 6 12 6
39 45 40 26
17 21 37 31
12 21 13 27
28 10 38 31
38 13 42 36
38 1 37 26
17 7 38 27
11 17 28 44
20 33 42 29
41 27 3 31
33 18 41 28
49 45 20 43
26 48 36 47
31 41 35 32
21 19 9 19
5 18 8 6
28 22 39 30
26 14 14 22
41 14 41 27
36 32 12 32
48 48 2 18
31 21 19 48
12 38 26 45
19 15 36 23
33 21 39 28
43 38 24 27
9 44 39 28
10 9 37 29
10 15 38 25
16 35 22 9
35 37 39 21
28 18 10 38
1 34 12 22
30 18 38 29
14 25 33 30
33 23 42 31
9 22 39 28
25 27 7 21
18 46 39 28
24 30 5 34
7 27 40 31
49 37 19 22
6 33 0 20
40 32 38 29
48 37 21 34
12 47 40 29
9 25 14 45
20 25 37 27
10 45 3 37
19 23 35 28
20 48 4 26
5 47 4 39
32 18 38 28
18 27 38 28
12 38 33 26
30 15 7 8
22 18 21 12
2 27 39 28
19 3 29 46
28 17 37 14
9 2 45 27
44 16 40 27
36 25 3 8
16 11 37 30
25 24 34 36
14 18 39 31
12 28 10 33
12 22 3 31
17 11 39 29
5 13 41 32
31 7 41 29
23 31 29 31
19 34 21 41
6 20 30 36
29 19 14 35
49 28 20 23
25 4 31 22
4 35 42 30
26 7 30 44
27 27 30 43
7 8 38 28
11 37 9 29
28 23 37 27
8 40 38 29
23 11 10 19
12 27 43 22
6 44 9 5
39 22 40 30
13 45 37 32
31 21 3 37
34 48 42 28
20 21 37 27
9 46 40 29
14 26 40 29
24 5 7 23
7 44 25 43
36 0 14 5
18 1 39 27
39 49 38 31
5 25 38 28
5 45 40 27
19 22 2 12
45 45 25 49
33 21 12 32
31 19 22 40
20 18 41 28
10 30 38 28
12 48 40 39
0 21 14 41
3 25 39 28
21 42 25 49
39 33 37 29
30 13 39 27
42 45 38 30
32 24 24 44
26 49 36 28
22 49 34 28
29 6 43 29
45 37 8 1
10 14 39 26
8 9 17 19
44 35 44 28
16 40 38 27
47 34 8 44
5 25 39 35
42 12 20 15
26 45 37 24
37 46 0 46
20 45 16 6
45 41 38 28
3 25 39 30
11 26 11 45
31 25 14 19
29 47 41 28
8 48 37 43
10 45 7 47
5 28 14 25
33 34 6 28
47 47 43 32
42 39 14 36
31 20 14 19
14 32 37 33
30 37 38 27
11 40 41 29
0 16 39 33
7 18 21 36
21 4 35 36
9 12 37 29
9 49 29 31
29 11 10 35
34 40 30 16
40 35 15 13
11 41 7 39
18 47 42 29
32 16 38 29
12 25 36 27
10 15 22 12
3 23 31 39
30 9 42 26
42 19 34 43
3 28 43 29
23 10 39 31
14 37 23 10
39 21 14 26
15 14 17 40
25 16 40 29
5 47 19 39
7 18 40 25
47 27 47 13
3 24 24 42
4 26 39 28
12 40 7 37
32 18 18 41
11 40 40 28
47 44 36 25
25 29 19 49
34 14 39 27
4 22 0 32
30 30 28 34
4 3 38 32
9 42 18 37
45 22 38 29
27 35 39 28
29 36 42 27
28 47 7 33
24 35 25 45
42 41 41 28
27 22 37 31
25 32 1 21
35 25 35 32
35 49 39 30
