50 52 14736 800
24 9 2 41
5 17 34 22
10 22 13 12
12 22 14 43
24 21 27 19
8 19 20 36
6 44 39 5
15 14 6 11
7 26 42 15
11 20 32 29
28 38 32 16
41 25 7 24
22 17 3 23
31 36 32 28
24 9 32 21
26 10 3 31
16 1 14 8
11 28 20 7
41 4 43 1
11 16 27 44
41 17 34 28
9 14 0 30
11 14 6 24
10 17 38 40
40 43 13 45
11 18 28 14
32 24 25 25
26 33 34 29
4 40 37 42
8 18 7 38
37 21 10 27
11 17 25 15
8 19 3 27
31 20 40 26
23 13 17 26
15 28 19 31
8 18 16 18
15 31 33 40
32 26 24 40
34 29 33 5
38 11 37 43
40 11 35 33
22 24 3 26
37 28 39 20
9 44 1 30
12 8 31 9
8 37 45 17
23 21 37 3
28 27 38 16
30 40 37 15
8 22 44 45
25 22 46 34
