50 540 19742 800
10 12 5 27
10 15 6 29
31 17 43 27
41 3 25 5
18 34 47 26
31 11 39 32
45 21 46 29
2 12 35 10
44 20 38 30
21 31 12 25
32 15 4 4
38 10 39 47
29 19 46 5
22 6 11 1
41 38 49 45
40 32 8 24
6 6 36 39
23 12 7 1
30 22 43 44
9 28 46 3
39 40 49 28
41 15 10 24
41 37 43 32
49 13 9 1
37 25 3 34
42 43 38 7
1 19 41 41
8 43 4 31
35 14 3 2
25 36 7 28
11 48 10 1
8 14 40 41
38 17 0 36
25 27 44 29
15 2 46 10
34 6 48 44
37 28 7 29
1 9 45 25
45 27 3 23
41 42 48 46
32 4 45 36
42 45 12 3
11 16 40 0
6 5 8 25
43 23 1 34
9 16 41 47
6 28 39 46
36 16 43 16
0 49 30 30
27 11 3 33
40 17 45 49
22 10 45 49
20 12 10 3
19 4 41 4
0 36 45 41
12 37 47 30
31 48 47 11
32 19 40 37
48 10 41 44
41 14 21 1
38 43 21 4
26 30 45 42
5 35 37 39
45 21 10 8
1 40 7 2
48 36 47 46
28 8 39 36
13 10 31 2
36 37 44 32
29 11 9 27
41 22 38 27
16 14 4 3
30 16 44 46
30 28 48 31
44 28 40 34
31 18 4 26
48 14 45 34
20 6 42 44
39 39 43 32
43 33 43 7
39 33 47 26
6 43 42 42
43 46 43 40
11 47 45 3
43 18 15 25
5 43 44 44
20 4 46 40
33 16 45 46
47 20 46 38
30 14 43 44
23 12 48 42
12 30 9 3
19 38 4 23
9 10 1 29
34 12 3 5
30 16 49 43
24 47 8 23
38 41 47 32
28 15 42 46
44 35 46 2
38 16 42 4
36 9 6 2
40 37 42 45
49 26 32 1
41 25 5 27
23 13 34 1
42 30 5 28
42 41 24 33
42 12 2 30
40 39 28 4
45 37 40 46
42 20 45 47
11 26 41 44
17 22 23 6
38 37 47 40
32 40 40 8
33 8 44 49
11 42 47 40
42 18 47 29
16 47 46 47
38 21 44 26
46 15 49 42
32 20 35 4
16 17 6 29
6 27 33 13
21 19 9 27
47 17 46 38
44 43 2 26
33 19 30 3
0 45 36 41
35 11 7 25
15 31 7 25
34 31 43 30
47 37 43 12
6 27 6 32
39 39 28 8
32 32 34 2
36 37 16 9
0 41 19 8
13 9 2 29
29 7 48 49
41 35 40 5
44 41 48 46
44 15 1 23
24 11 41 7
11 11 36 38
30 15 33 0
41 14 45 1
24 31 42 45
22 8 39 24
18 21 37 12
3 12 48 46
28 8 8 2
22 24 8 24
37 18 6 32
35 31 27 2
29 14 7 30
7 20 40 39
36 45 42 27
32 34 49 46
24 35 44 30
29 18 3 24
37 43 19 5
32 14 3 32
3 1 3 35
37 16 5 25
34 45 1 29
10 1 37 7
40 39 47 21
29 0 48 41
34 22 46 32
44 29 45 18
44 24 35 0
35 22 46 46
41 42 22 4
35 11 3 28
45 14 5 35
34 9 46 10
46 42 39 26
38 16 7 24
31 18 5 28
3 10 47 45
16 47 43 45
33 12 44 47
32 45 3 4
13 18 40 46
10 31 10 2
38 13 43 22
43 43 4 31
42 22 7 32
43 27 16 10
40 9 39 47
14 45 7 5
26 3 9 26
38 42 3 31
41 7 2 3
38 43 5 31
43 23 47 25
34 40 7 30
3 32 5 29
21 11 7 32
2 19 42 2
30 38 35 6
42 18 43 45
11 26 28 11
20 10 27 7
35 37 14 31
6 31 35 34
41 42 47 30
37 18 43 32
39 12 46 42
40 39 41 28
42 42 4 6
31 17 42 6
31 21 30 31
45 47 47 44
31 10 35 3
13 10 47 27
43 43 12 28
44 22 8 25
47 10 48 28
46 22 32 4
32 9 6 26
42 20 41 48
38 44 45 40
34 18 46 39
43 20 7 2
27 18 36 8
13 39 2 25
42 43 19 11
47 23 48 42
34 19 37 10
47 5 47 31
44 26 13 33
19 25 7 27
22 13 46 11
10 34 42 1
40 43 46 47
11 4 4 2
33 19 45 46
40 41 2 29
0 44 0 33
42 41 8 25
18 33 7 33
20 35 41 8
33 14 8 28
19 16 5 33
37 36 47 32
37 37 47 25
45 17 8 28
27 7 49 39
34 9 46 0
38 36 47 42
19 25 48 46
26 20 48 32
9 25 44 47
19 5 44 2
17 4 49 8
36 10 8 2
35 12 38 45
35 22 3 28
6 42 40 41
45 38 37 0
1 27 44 34
40 11 43 39
28 3 5 2
43 43 6 6
31 15 41 7
49 43 8 27
43 32 10 0
18 42 48 14
45 39 16 29
41 13 46 46
36 39 28 11
28 16 49 1
36 20 47 12
41 41 47 29
38 37 39 45
33 11 7 5
28 35 10 3
20 43 5 31
25 38 7 30
41 11 47 39
34 18 10 5
43 43 47 35
29 9 28 2
22 28 11 5
47 1 37 44
35 24 5 27
38 40 36 11
41 42 42 48
42 37 38 43
46 36 9 0
35 45 43 39
34 18 44 32
35 31 8 27
42 39 39 5
14 39 47 40
32 11 44 30
45 16 21 6
35 25 6 31
39 49 48 1
45 39 10 30
5 41 6 31
38 14 6 24
28 13 6 26
31 27 45 34
39 11 42 4
39 37 47 42
46 42 5 0
30 14 34 40
35 9 37 5
44 37 48 30
35 27 46 14
44 14 35 5
34 38 9 6
13 16 41 41
37 22 5 25
30 16 49 41
37 40 0 27
35 13 1 27
33 21 49 34
45 9 10 27
37 42 45 44
44 17 25 11
38 31 48 9
20 11 45 5
39 36 9 7
40 11 44 47
4 35 48 31
23 16 26 3
31 13 47 47
49 2 41 43
38 27 37 5
20 35 45 43
39 44 42 4
38 39 43 3
21 29 47 40
11 21 46 29
14 19 1 31
16 10 11 4
37 15 45 42
11 9 47 28
49 37 6 1
31 37 47 3
47 10 46 29
6 14 42 49
44 1 2 25
41 46 10 4
21 5 27 8
38 38 11 5
10 2 37 3
20 23 44 43
42 39 28 8
33 35 7 0
47 18 40 42
35 13 5 24
37 43 25 6
37 25 43 49
43 18 42 41
18 40 40 43
25 16 5 28
27 45 7 28
35 18 11 24
28 15 44 27
40 13 30 3
38 16 45 41
15 20 42 41
38 18 6 3
24 32 45 43
13 27 2 24
45 9 25 7
40 26 33 47
15 38 40 1
21 35 7 0
44 41 40 34
40 48 6 25
46 22 13 1
40 33 48 28
4 49 3 30
39 38 48 39
23 23 48 24
15 39 44 46
46 19 41 0
8 28 15 2
23 40 25 5
16 21 3 30
37 34 48 20
11 23 39 5
39 19 39 41
30 10 40 1
49 23 7 28
44 39 41 41
14 24 49 11
15 4 42 40
31 16 41 33
13 39 6 30
15 3 4 28
35 24 21 8
3 8 42 27
13 25 44 3
5 13 9 4
35 20 45 28
36 15 13 5
7 3 7 29
38 20 49 0
18 25 8 23
14 22 6 34
31 9 37 40
47 22 47 34
42 35 41 44
47 4 8 3
43 22 27 40
33 14 44 44
39 35 4 31
49 19 48 42
43 22 11 6
33 42 20 6
14 23 7 30
39 37 40 47
6 31 48 49
19 45 43 10
43 44 34 2
42 16 7 5
38 17 2 34
35 11 32 6
34 6 35 14
20 44 27 2
49 6 2 2
36 6 41 1
34 45 7 27
26 19 42 13
37 22 45 33
42 10 22 39
48 24 6 27
37 37 37 5
36 18 40 24
17 33 47 45
35 24 6 26
39 15 4 27
6 2 37 49
37 14 46 24
1 19 47 30
40 25 49 41
41 15 7 5
41 40 45 42
18 38 47 49
34 37 28 4
10 31 45 48
4 17 7 25
12 1 1 34
19 38 3 25
28 7 10 6
8 28 47 10
25 18 0 3
34 7 6 27
24 43 11 4
7 48 39 7
15 33 4 29
33 15 43 48
32 20 48 41
39 34 25 12
38 38 30 11
38 46 34 9
5 30 8 26
37 44 25 0
41 47 7 6
11 15 38 12
37 41 41 38
34 30 46 25
30 25 13 5
39 40 4 26
40 49 46 27
26 42 11 1
2 6 42 45
39 38 5 26
42 23 46 16
35 7 28 2
37 17 44 44
29 32 0 23
27 49 45 30
12 12 6 3
9 5 5 26
45 47 46 35
5 47 42 43
12 0 8 30
5 33 44 43
17 28 44 7
33 13 48 39
38 42 43 42
11 1 34 44
47 16 24 5
47 20 7 25
33 14 45 3
17 23 44 46
2 37 15 3
47 36 39 15
47 22 44 40
16 23 49 40
44 9 7 11
28 20 25 1
30 20 45 12
33 42 4 32
39 44 7 29
31 22 45 41
36 39 39 17
16 20 7 29
42 20 1 32
46 16 39 6
36 9 10 33
10 21 10 12
17 10 3 28
28 3 48 46
10 7 3 2
46 8 43 48
37 10 9 5
42 47 44 29
42 38 46 42
25 16 31 0
45 27 28 5
28 16 47 30
36 35 6 34
36 27 9 32
22 16 41 46
33 9 46 5
38 25 43 31
29 21 19 2
17 16 6 23
42 10 37 2
33 20 3 33
41 43 46 11
35 43 47 11
36 43 5 31
36 43 27 20
43 17 20 9
14 6 22 9
30 38 4 23
21 6 7 29
42 10 43 44
20 8 13 31
