50 978 18472 800
25 6 24 20
18 27 38 47
16 28 38 37
39 28 26 17
28 34 40 17
13 45 36 31
12 15 29 3
37 28 3 31
11 23 29 7
10 16 33 43
48 38 13 11
16 11 47 26
12 26 41 8
20 2 35 26
12 31 4 40
21 8 1 17
1 29 10 14
20 0 45 16
4 23 23 45
36 29 38 22
15 10 21 0
5 19 39 17
48 38 42 21
3 23 17 14
7 24 29 6
38 46 8 38
17 21 19 6
24 30 42 49
28 26 26 18
43 33 15 10
3 23 48 12
10 26 47 29
17 3 33 0
28 42 44 48
10 13 31 7
15 18 13 9
2 25 38 49
17 21 31 7
0 11 23 48
11 19 27 21
5 7 11 19
4 14 27 34
9 37 35 28
20 26 8 19
20 13 12 34
13 23 49 40
28 32 28 9
21 47 11 7
14 28 16 6
1 32 44 24
5 28 27 26
22 15 24 47
0 14 45 14
17 1 13 7
37 36 35 46
11 16 46 16
31 17 23 24
24 4 18 33
39 37 23 17
28 39 19 17
3 15 46 17
29 24 38 35
22 25 14 20
17 31 18 1
22 5 18 13
27 31 10 19
25 49 14 9
29 19 17 11
48 46 11 40
13 6 43 17
18 2 38 48
25 1 16 23
13 25 36 45
14 30 16 8
23 20 33 8
5 34 43 28
43 35 15 29
44 28 49 21
8 44 35 32
5 41 49 17
19 35 27 31
14 42 5 20
42 46 48 16
32 31 12 27
24 3 8 31
10 22 14 8
0 41 47 23
32 48 37 42
11 29 25 31
49 49 14 11
5 32 30 5
25 18 14 7
18 1 38 4
17 3 14 6
21 22 48 48
10 22 5 45
45 40 40 18
29 38 37 34
13 26 18 0
46 49 2 26
23 30 46 48
20 20 19 24
24 7 15 10
21 8 13 12
26 29 43 18
15 14 8 29
17 3 43 1
47 45 43 20
28 44 13 26
11 5 24 49
35 35 11 32
42 13 28 39
22 44 40 49
21 3 16 35
22 43 10 25
8 20 12 7
3 22 8 20
17 28 27 47
13 25 24 7
25 17 21 18
20 33 49 25
8 22 38 1
37 41 14 29
15 26 49 46
5 19 49 23
15 38 23 18
39 39 40 9
19 2 45 25
33 29 12 16
10 25 46 24
5 30 24 13
21 26 12 21
14 22 7 5
9 24 46 42
20 28 15 9
29 9 33 46
29 42 47 14
38 41 24 21
20 2 45 10
18 0 46 22
32 38 34 29
15 24 19 31
41 31 18 12
12 24 18 9
8 20 38 46
39 33 26 9
23 4 34 16
16 26 37 19
32 31 0 17
19 2 21 33
5 9 42 34
7 27 42 26
6 20 8 29
42 38 32 7
28 29 49 27
29 29 20 0
21 34 46 17
21 12 15 19
22 20 9 17
12 30 11 14
25 32 42 22
24 5 38 48
28 41 42 14
33 34 44 24
34 44 7 22
32 36 43 4
32 34 10 10
39 37 16 6
23 6 14 5
39 35 44 44
42 34 28 10
22 36 43 22
18 5 37 20
15 25 49 10
31 34 42 0
22 31 0 20
9 27 15 7
3 13 44 21
12 26 17 31
10 20 1 16
17 4 27 18
40 48 34 19
15 31 45 19
37 26 44 24
21 6 18 42
17 24 14 9
13 24 26 18
6 21 48 27
7 23 45 15
20 6 25 31
25 35 45 19
11 40 5 5
14 2 37 24
3 23 14 35
22 48 13 10
22 5 32 13
47 35 38 32
44 45 43 16
24 0 35 19
1 35 12 14
1 9 46 23
4 23 13 3
19 38 17 13
19 34 36 9
16 12 16 26
16 12 14 7
39 36 48 22
16 5 10 15
12 31 42 17
20 2 13 7
9 44 48 24
15 10 45 49
16 25 38 20
45 32 27 19
20 7 35 16
18 0 24 15
23 26 23 21
7 12 44 13
1 17 43 13
6 34 15 7
13 28 48 19
17 37 22 33
19 36 49 20
21 7 19 28
9 33 11 8
24 40 14 37
13 28 38 37
30 26 6 4
16 3 43 20
15 3 33 43
41 43 33 15
6 25 2 24
12 22 16 25
35 32 47 10
19 32 9 27
10 9 42 5
9 18 39 20
28 16 43 16
16 4 44 15
15 3 14 8
42 36 27 26
9 10 13 17
18 39 24 29
19 5 47 18
34 33 35 3
1 15 22 15
6 11 44 18
16 25 12 14
6 1 22 43
40 37 37 7
2 28 13 27
39 40 43 21
12 27 38 23
17 2 45 23
20 0 37 13
45 30 46 26
31 4 45 8
37 43 7 33
20 5 24 19
3 19 11 25
7 38 14 27
34 47 29 30
39 43 15 4
14 26 15 8
37 31 15 7
30 35 47 14
16 4 13 25
43 30 30 22
9 24 18 9
21 30 11 8
22 47 47 42
12 27 11 34
31 31 9 30
19 1 9 42
23 22 14 23
11 21 5 15
7 49 37 34
27 21 45 23
1 17 19 6
16 18 34 25
19 4 11 19
27 29 3 36
47 38 46 10
0 31 10 33
20 36 45 14
33 20 7 22
20 46 36 20
11 41 12 6
25 33 3 19
22 35 33 30
10 16 15 20
23 42 45 12
48 38 13 10
16 28 5 16
39 38 23 31
8 19 7 8
17 29 47 45
11 7 11 27
15 20 10 23
11 9 38 21
14 8 6 30
9 22 18 8
18 2 16 10
18 0 2 35
42 33 47 6
18 37 9 4
38 35 43 26
23 14 49 27
1 37 36 38
44 33 4 9
16 19 49 17
45 5 47 27
18 27 40 6
21 33 19 2
20 4 10 41
33 32 27 9
12 26 26 25
17 6 18 19
30 7 38 47
23 5 26 1
47 38 33 45
29 28 29 20
21 29 46 5
2 37 12 41
4 17 21 16
23 36 44 16
16 6 44 46
9 25 13 9
37 27 17 19
4 47 37 24
25 42 19 15
21 5 27 9
16 25 33 41
25 29 19 6
20 30 30 33
30 23 11 9
13 24 18 21
24 38 37 36
31 17 37 29
22 27 14 25
18 5 13 13
10 26 38 16
14 25 36 30
21 3 35 16
17 45 30 39
13 6 13 13
18 4 12 9
36 25 24 13
28 28 34 40
34 38 38 24
21 12 37 4
21 36 37 16
30 37 27 14
13 2 22 36
4 38 47 3
29 41 8 23
25 25 15 42
20 26 38 10
32 34 12 8
20 7 45 14
8 16 21 21
9 20 29 34
8 37 11 4
21 18 18 8
48 35 11 10
49 40 47 8
20 3 43 37
42 41 40 1
19 27 14 8
19 10 46 32
21 9 41 28
7 16 13 22
26 36 3 25
38 38 25 15
10 33 39 38
39 27 33 38
5 25 11 45
12 24 37 6
45 49 8 23
7 19 30 26
2 25 45 11
25 30 31 12
19 46 44 43
22 27 16 7
12 22 11 39
15 24 39 7
24 10 12 24
5 23 41 25
30 42 37 9
41 21 43 24
4 15 32 3
6 15 38 5
31 17 43 18
19 23 15 25
14 5 36 15
19 24 42 25
19 7 43 5
44 49 35 16
13 25 29 11
11 0 17 9
18 9 38 6
16 4 40 3
29 35 8 21
33 47 29 6
18 8 16 19
32 36 43 42
10 6 13 15
15 3 47 6
22 37 27 30
16 5 39 18
5 36 4 18
31 44 4 31
17 0 40 13
12 23 40 12
19 6 46 38
31 41 44 37
9 23 12 8
24 24 12 19
34 29 2 18
45 46 25 23
0 24 41 19
26 39 48 35
48 39 11 8
22 29 39 23
18 5 49 30
1 21 24 36
13 33 21 19
2 13 24 2
15 38 49 27
26 32 15 10
20 2 34 9
45 41 7 19
20 8 47 29
25 26 43 13
19 40 22 25
45 43 22 18
16 26 16 21
30 31 41 45
33 36 31 26
12 31 16 33
15 24 39 49
13 25 10 7
43 28 27 24
4 26 47 18
5 25 13 18
24 39 10 22
18 5 31 16
13 25 17 18
25 24 47 21
42 35 11 6
31 37 15 30
14 24 42 18
31 37 36 40
13 2 4 23
17 42 11 26
29 45 42 24
13 14 30 30
19 29 20 21
13 21 35 19
30 16 8 41
8 13 49 24
34 31 43 27
5 19 44 12
31 26 13 5
5 28 22 35
41 34 39 20
20 29 33 19
6 0 44 23
24 26 6 22
13 13 35 49
18 1 39 24
3 10 36 19
7 17 43 21
0 32 47 47
17 9 43 12
18 27 44 19
2 25 24 45
15 22 23 39
19 4 13 20
37 35 41 37
9 17 42 26
21 33 26 31
8 19 49 45
42 30 15 17
16 4 7 17
5 9 18 32
13 26 16 9
20 3 16 14
25 2 7 9
28 43 49 26
28 32 5 43
19 6 48 25
19 39 42 27
14 10 12 23
18 3 42 25
37 41 46 34
17 26 19 42
13 23 37 34
14 3 23 22
18 39 47 13
49 37 42 17
27 34 13 31
12 27 43 20
14 3 39 23
11 22 49 25
29 24 12 8
35 40 40 27
23 34 14 8
30 25 13 7
18 20 31 1
7 45 24 33
44 30 43 25
34 37 2 15
34 37 41 26
46 42 24 13
35 20 14 17
21 2 15 30
21 1 41 45
13 26 41 13
21 35 44 22
22 6 26 10
3 27 9 19
25 39 27 14
16 21 9 28
18 30 37 29
27 4 31 24
25 29 18 42
10 4 9 18
40 34 43 16
43 44 9 14
20 3 23 36
43 44 43 22
25 14 38 9
38 31 40 19
17 3 20 11
8 23 37 28
5 5 42 24
11 28 11 45
27 33 43 34
48 38 37 47
13 10 40 7
9 3 10 24
11 9 28 15
15 23 25 23
15 30 47 7
20 23 46 36
21 8 13 34
16 23 10 31
13 25 15 8
37 35 36 19
32 35 24 16
29 35 27 25
45 44 36 23
18 1 49 23
24 16 45 44
10 12 46 14
10 39 15 24
19 8 41 14
10 23 43 24
16 30 39 43
38 39 44 31
27 25 47 28
15 7 43 8
38 34 39 44
24 41 14 25
5 20 41 16
19 20 22 11
46 46 44 39
42 37 34 38
9 23 17 4
39 39 8 30
37 33 45 25
19 7 49 24
28 6 47 1
15 7 28 9
19 33 23 46
27 30 16 4
17 34 42 14
49 36 39 27
38 38 34 24
26 29 24 41
34 31 13 36
38 42 44 16
13 27 18 18
47 44 35 45
36 32 44 26
15 24 4 17
9 17 30 29
12 21 15 8
36 47 13 8
20 31 16 20
9 15 13 1
15 23 2 14
0 6 47 24
42 22 16 7
18 44 47 16
33 31 39 22
44 36 13 32
49 39 6 25
12 24 28 36
7 20 6 27
15 17 22 4
45 32 48 45
27 33 32 40
35 39 31 14
29 28 44 38
27 21 39 18
11 27 14 10
16 16 35 21
34 25 42 6
27 22 33 21
40 30 48 7
35 41 5 21
28 35 14 27
14 28 44 22
30 22 29 2
27 4 13 26
31 33 13 8
15 9 41 20
37 36 34 11
3 14 41 45
10 27 32 42
22 3 11 8
26 31 11 6
16 32 19 5
1 29 44 27
14 35 48 13
46 38 14 8
12 22 48 40
40 37 25 14
1 0 49 19
16 25 6 0
47 37 9 32
15 25 23 14
29 8 13 26
34 44 15 8
1 18 22 2
2 26 33 5
21 35 38 17
1 17 10 27
14 15 46 19
19 31 45 17
13 25 3 15
4 27 15 1
43 39 44 2
31 36 29 40
12 26 17 37
19 2 6 25
26 39 24 9
42 40 34 28
19 9 47 30
17 14 23 22
21 6 15 46
11 37 38 28
22 1 15 7
25 27 30 25
41 49 26 35
33 46 32 20
11 23 14 20
12 31 35 40
18 5 40 27
18 22 23 13
12 17 17 25
19 39 44 21
2 35 9 24
27 22 12 27
15 27 14 6
11 15 42 7
32 42 35 40
16 15 15 7
1 32 23 20
10 28 11 10
16 2 25 43
35 40 48 22
24 22 28 32
5 16 38 29
9 15 7 22
33 42 42 26
13 14 13 6
8 8 43 5
30 32 20 9
31 42 13 8
32 47 18 25
12 22 23 44
49 27 49 17
20 24 17 9
9 26 48 43
34 38 40 22
28 30 40 36
16 1 34 18
0 40 14 8
49 48 15 21
36 29 36 19
40 37 28 1
16 23 38 14
2 14 15 9
48 35 40 12
14 23 10 21
38 37 28 16
16 27 5 49
17 5 49 48
10 37 19 14
40 38 24 28
30 34 12 10
25 27 30 12
15 26 16 6
24 16 13 21
16 4 39 38
12 28 35 14
10 26 12 15
39 42 47 18
13 19 34 18
18 0 31 29
20 28 46 6
31 34 21 17
20 19 13 2
12 22 15 6
0 44 39 32
5 23 17 33
4 8 25 27
22 47 49 43
22 2 49 24
10 33 15 8
19 2 43 21
19 2 5 37
46 35 30 8
44 40 30 18
25 4 22 7
29 23 33 44
13 29 23 9
29 43 37 28
36 32 14 25
16 23 44 27
11 28 12 8
18 35 21 25
36 26 42 24
22 10 15 10
47 46 34 2
11 32 23 8
13 8 9 29
30 27 16 33
16 4 47 10
0 2 22 26
6 23 32 23
25 27 13 24
41 45 11 33
5 4 40 47
3 13 32 25
38 22 40 40
31 42 43 36
29 35 5 19
20 22 40 41
23 28 17 10
9 26 12 8
22 42 48 19
11 24 42 12
14 27 39 17
38 3 17 2
37 34 42 23
23 7 15 3
16 25 45 13
20 39 16 23
15 25 46 16
27 32 18 33
14 16 45 22
38 23 45 12
14 27 22 25
23 2 43 48
22 23 16 5
22 7 20 37
7 29 34 22
15 25 32 47
8 40 14 15
15 23 38 17
20 5 37 22
22 34 43 20
18 23 7 22
12 17 5 33
12 27 11 5
26 39 3 28
23 38 24 20
36 36 35 40
31 12 16 11
11 35 18 30
17 6 46 14
1 16 48 23
29 21 11 8
26 37 46 18
34 34 47 24
19 30 32 49
19 26 14 12
30 33 37 42
19 34 18 20
19 2 46 8
17 8 2 24
14 24 40 48
15 25 14 3
20 13 26 20
21 18 45 1
10 17 47 21
23 30 8 29
8 14 8 22
8 21 31 9
8 24 40 2
29 25 22 7
34 35 6 24
42 47 43 16
22 3 13 11
46 34 36 22
14 26 28 42
20 33 3 26
27 0 24 34
39 32 32 13
48 46 4 34
35 37 24 8
18 32 13 11
20 1 8 6
24 39 26 29
13 28 48 19
2 29 34 19
28 38 30 11
23 40 13 9
20 8 34 29
32 30 41 24
21 33 43 2
30 30 42 20
24 22 47 22
13 6 28 41
29 41 12 13
6 17 28 47
20 2 9 7
31 49 25 48
33 47 49 9
45 28 3 27
18 26 7 25
44 39 41 9
25 33 42 24
29 28 4 27
7 38 31 31
33 36 15 36
14 26 41 46
15 29 35 5
19 28 30 28
42 40 23 17
7 27 30 16
0 20 14 10
12 25 10 5
21 24 37 9
48 32 13 8
12 26 37 17
1 19 30 48
21 19 46 15
21 37 8 12
25 37 13 7
25 1 27 42
5 28 6 23
12 34 11 20
2 21 32 40
33 25 48 18
37 46 33 11
13 23 45 1
18 5 25 28
29 19 34 7
3 13 9 12
35 27 37 31
47 43 13 22
27 3 13 5
1 21 34 10
30 48 12 12
20 26 46 22
21 1 36 22
20 0 5 32
34 11 33 25
17 4 24 23
21 27 12 8
24 23 42 49
49 40 12 34
16 24 26 12
30 11 34 13
20 19 18 32
12 24 44 45
24 7 10 26
8 22 14 26
14 22 32 12
15 8 14 27
47 38 42 12
17 14 14 7
35 35 46 9
40 38 42 49
47 38 25 16
5 46 24 8
28 34 21 23
12 24 29 32
41 38 21 14
11 28 15 24
4 20 43 20
14 7 45 5
29 5 49 40
33 34 49 19
20 41 46 26
20 0 35 34
32 31 33 6
19 5 4 4
5 12 26 3
11 6 15 10
40 38 20 26
21 39 19 23
22 11 10 32
4 11 5 37
21 34 23 23
18 31 25 24
27 44 34 18
0 29 44 49
16 2 26 29
44 42 30 43
0 20 6 26
36 31 25 26
16 27 18 9
20 41 42 34
18 8 47 24
14 25 41 18
18 43 35 43
13 30 23 8
12 23 25 14
24 19 23 41
0 27 10 3
24 38 49 30
13 3 4 12
14 24 10 32
3 14 42 38
14 26 20 17
23 31 36 16
23 8 31 49
33 27 47 23
11 15 16 9
33 27 11 29
27 33 49 42
46 35 12 7
15 4 48 15
5 24 24 20
24 36 49 20
41 38 35 20
38 39 20 30
4 26 21 11
9 18 42 17
14 0 48 26
17 29 25 28
30 26 6 37
15 29 21 24
28 48 12 7
22 24 45 47
4 19 44 26
0 11 47 27
30 30 48 18
34 32 17 7
7 24 29 7
15 7 48 29
2 20 14 8
48 40 24 13
38 40 14 9
24 10 45 19
15 21 34 5
14 28 46 6
9 25 12 7
8 20 26 41
6 10 37 17
15 23 35 25
20 24 19 6
4 30 9 15
22 32 10 21
21 38 10 35
20 28 48 10
23 8 38 33
10 12 29 41
14 28 49 22
27 34 19 34
13 19 12 9
13 22 33 16
