50 271 13743 800
40 43 10 8
22 1 28 32
25 23 5 11
44 28 32 14
26 2 15 22
22 3 34 15
39 49 23 44
21 1 32 46
25 1 48 41
26 1 17 14
48 19 46 49
35 49 43 11
14 16 33 36
33 23 26 47
34 19 19 8
44 37 29 38
26 16 18 7
34 33 47 1
47 33 23 21
21 0 25 11
43 28 29 37
17 19 47 14
46 48 31 20
36 26 28 15
24 21 27 13
27 36 36 17
47 26 23 15
31 36 23 40
26 22 33 28
24 2 28 6
25 0 41 4
11 42 31 30
22 0 34 39
37 20 30 32
22 2 48 17
49 45 38 15
12 12 41 9
19 30 23 23
28 16 39 4
22 1 26 9
40 6 30 38
20 0 26 44
45 44 38 0
30 32 42 34
24 1 35 30
42 37 29 36
19 3 26 38
49 32 22 15
24 17 34 12
24 1 32 45
21 1 22 13
22 2 27 39
35 29 24 47
27 31 37 24
44 44 33 39
20 3 40 2
12 16 30 16
31 20 38 26
27 23 25 36
21 29 30 40
43 27 17 30
23 1 33 5
35 25 39 31
25 3 35 16
24 1 46 13
16 24 30 17
24 3 26 36
24 1 29 40
25 0 42 6
24 4 27 17
23 4 24 11
30 7 33 36
20 0 33 39
15 43 28 12
31 19 11 20
23 0 5 13
45 44 21 5
22 2 30 4
23 5 24 35
39 42 29 19
17 30 46 9
32 39 36 16
40 17 32 32
24 25 27 10
44 36 41 1
40 20 34 10
39 41 31 11
35 20 44 3
26 1 37 9
21 0 31 28
32 40 29 42
21 4 24 18
30 25 24 30
38 32 19 7
24 40 27 44
44 47 43 1
40 28 14 18
48 31 40 16
20 0 15 17
37 16 48 47
22 0 29 35
26 4 27 46
20 2 28 35
36 30 32 16
17 10 47 4
23 2 47 7
25 11 46 40
33 36 36 7
38 44 21 31
24 39 34 41
46 45 28 39
24 2 28 44
28 9 25 42
20 4 43 3
25 3 27 35
37 23 21 23
34 24 13 5
20 26 30 34
21 1 45 17
39 41 49 1
27 23 43 35
39 33 30 16
24 0 31 7
19 1 34 7
44 40 29 9
21 0 27 42
10 18 27 3
15 39 26 8
30 26 40 33
43 27 32 15
23 4 26 21
23 0 41 20
40 9 40 46
41 47 28 39
49 46 25 39
27 24 25 36
43 9 31 45
42 18 34 45
24 0 15 18
22 0 29 38
28 39 31 16
24 2 45 4
34 43 40 38
9 11 14 15
11 15 32 35
29 39 32 45
18 38 28 39
43 39 14 16
23 21 35 25
23 0 30 13
29 31 44 15
21 1 30 31
48 35 18 39
27 2 37 16
24 2 41 14
38 25 25 43
27 32 35 4
34 26 23 33
20 40 37 45
22 0 21 25
48 42 17 26
35 34 28 32
26 49 42 41
44 29 24 42
45 35 18 12
35 22 45 28
30 29 38 30
23 3 37 14
20 1 38 45
49 38 31 22
22 18 30 5
44 45 26 35
41 18 35 28
20 0 21 36
32 31 13 24
24 2 35 4
29 14 41 42
22 3 31 35
40 22 32 12
22 0 37 25
46 41 39 21
25 1 37 0
37 20 37 8
41 42 39 16
33 44 29 46
36 19 23 39
25 2 28 29
43 45 40 13
33 31 9 21
17 13 23 9
45 37 29 32
36 41 27 44
46 41 24 25
40 23 5 46
37 45 36 38
34 21 36 10
31 41 32 9
17 41 41 29
28 32 38 7
34 16 30 7
33 13 24 41
41 45 32 34
22 3 11 46
48 32 22 19
25 45 32 12
22 0 23 42
21 31 32 45
19 23 29 37
42 47 33 41
47 39 22 28
31 44 33 30
26 1 38 35
20 2 29 40
33 14 28 15
21 2 21 14
32 19 29 21
28 21 30 26
26 1 28 42
38 45 30 38
19 0 46 17
6 40 38 34
24 5 41 34
15 10 41 19
47 30 18 23
43 41 25 20
6 41 44 25
22 0 32 43
17 20 38 3
20 1 41 12
23 24 25 48
49 37 26 46
30 23 21 40
18 3 21 6
12 31 17 11
39 15 29 37
21 32 42 5
34 33 17 45
28 25 41 44
35 19 41 24
41 38 28 3
46 40 23 21
39 49 40 19
21 0 34 16
45 39 24 9
23 2 26 45
21 36 18 43
29 31 33 4
20 24 33 42
22 0 16 35
24 3 37 2
45 18 45 8
9 14 26 26
26 2 40 5
32 27 7 7
23 3 32 18
34 32 21 32
24 1 38 1
21 8 12 13
18 32 23 30
28 3 20 13
48 46 29 17
24 1 23 34
28 28 34 23
14 19 27 34
27 32 24 44
21 0 21 49
31 29 0 10
21 1 21 15
10 18 29 27
15 18 38 18
46 32 33 27
