50 56 16322 800
14 44 37 37
10 18 33 28
21 36 4 26
34 8 13 14
44 8 12 2
15 3 10 10
15 13 18 32
43 7 39 17
36 46 39 35
26 23 1 48
28 9 32 7
16 35 16 26
20 45 1 41
36 42 40 33
12 27 40 31
3 39 11 28
42 6 33 34
4 22 36 6
2 37 3 7
1 28 17 11
23 39 9 4
41 42 26 39
23 1 30 21
11 42 3 6
38 11 38 3
27 20 10 10
16 10 19 8
43 42 19 7
47 25 11 26
12 9 45 27
7 49 22 17
24 10 5 11
32 24 36 7
29 16 38 35
3 35 42 32
8 27 6 4
18 10 8 32
29 26 16 8
18 25 48 13
36 45 10 8
20 41 11 3
23 8 14 10
7 38 9 13
28 23 9 8
43 49 12 9
29 0 27 12
36 37 10 9
3 28 27 0
15 37 37 34
10 19 41 8
20 11 43 31
48 10 29 16
32 11 15 9
29 29 7 0
34 6 41 32
34 42 32 21
