50 856 18361 800
11 26 22 25
39 11 36 18
35 12 38 21
37 12 3 39
43 19 23 21
35 11 30 3
22 18 7 7
8 21 27 7
3 12 22 2
43 44 36 19
40 12 21 39
31 19 24 32
39 16 21 22
24 0 7 8
21 9 25 5
18 28 3 8
37 16 19 14
34 2 16 44
7 31 14 5
48 12 12 24
49 21 25 17
12 31 18 7
28 15 7 9
39 3 27 32
31 9 37 12
23 13 28 4
35 11 11 45
39 46 27 16
7 34 37 8
19 43 27 5
34 14 35 24
39 14 6 7
46 7 3 9
41 15 10 43
49 45 26 22
36 14 22 4
24 28 37 24
39 9 31 22
39 12 32 26
37 12 28 10
6 15 31 20
34 12 29 4
14 23 27 31
41 6 23 27
38 11 34 23
5 20 35 23
34 49 21 20
33 14 34 42
36 8 10 31
7 29 22 5
35 7 13 4
40 13 38 26
16 13 23 28
9 40 27 25
39 44 32 39
44 4 28 0
14 1 43 22
21 33 3 7
30 23 41 28
14 33 29 7
32 15 15 12
32 23 42 26
35 8 27 8
13 29 3 10
40 9 26 19
37 3 36 24
39 12 21 45
13 32 28 2
21 4 28 5
33 25 25 32
3 21 22 24
49 44 25 27
37 15 38 19
40 2 32 20
41 19 36 30
9 31 36 33
11 32 26 3
46 2 25 13
33 8 21 22
39 10 22 1
36 18 27 23
36 12 30 17
23 7 26 5
37 11 30 18
39 44 31 3
49 45 1 9
32 7 33 23
41 11 36 22
23 3 31 10
24 2 31 19
38 13 43 25
33 44 33 7
39 14 5 7
48 47 18 46
37 14 38 27
48 46 24 4
31 8 30 34
29 14 6 4
12 34 9 13
7 10 16 27
38 5 19 11
44 44 2 9
40 14 31 21
39 12 28 28
41 16 47 30
43 0 31 22
41 42 19 28
35 8 39 26
37 13 26 22
39 18 20 33
41 13 4 5
41 17 44 24
37 14 15 10
47 12 26 7
26 8 6 6
37 19 38 27
33 36 31 3
42 13 36 21
35 40 31 13
11 24 39 8
30 23 35 21
24 22 37 27
40 14 18 3
44 10 28 24
46 44 28 24
37 15 15 14
33 2 26 1
29 15 40 27
34 16 36 19
9 15 19 24
39 46 30 8
39 10 28 3
36 14 30 6
41 14 45 22
11 24 8 48
37 15 31 7
40 10 39 26
38 13 32 20
45 4 16 31
14 18 35 29
46 49 15 12
35 7 38 26
37 47 37 19
19 6 28 7
34 34 25 22
14 45 35 21
40 0 21 2
38 11 20 20
13 9 8 9
5 29 33 5
34 13 16 39
12 42 7 49
35 23 5 0
15 15 25 39
42 19 10 9
36 14 19 37
11 22 27 23
13 15 7 32
31 15 47 21
28 12 35 22
43 10 34 33
9 28 30 17
40 16 15 17
37 45 36 21
29 6 22 8
47 13 7 35
37 13 36 28
35 46 35 17
36 14 18 3
23 5 5 12
37 13 17 29
40 16 39 28
12 5 44 18
7 34 37 27
22 3 16 11
20 34 14 4
49 17 9 11
26 13 7 5
11 32 12 24
42 17 23 4
37 18 24 37
37 12 36 27
22 20 19 17
8 42 10 22
18 18 5 7
22 11 31 25
26 26 37 20
41 4 12 45
31 21 42 36
22 31 10 47
23 7 7 43
39 18 17 40
36 10 16 35
35 10 35 16
34 18 13 45
22 7 12 2
13 2 27 20
26 9 34 22
37 2 38 20
17 38 31 5
35 11 29 2
31 12 7 8
26 9 23 2
33 16 32 23
37 14 24 1
42 7 18 9
32 49 24 8
41 13 26 2
35 10 5 8
12 6 4 8
45 9 14 48
43 13 37 24
37 16 37 22
49 43 18 45
40 14 25 8
49 44 16 2
40 10 12 14
33 13 31 4
38 8 30 22
11 34 19 8
37 21 30 28
34 43 2 6
31 16 33 22
43 13 19 34
28 5 19 5
45 3 29 3
14 14 36 7
17 41 21 21
36 16 29 20
28 1 35 30
21 2 6 10
20 0 30 16
36 11 21 33
8 40 41 12
11 31 2 18
3 34 36 16
41 0 39 30
40 33 33 23
35 6 38 15
49 23 37 25
32 18 40 20
34 14 29 6
35 19 20 5
25 20 10 43
33 44 27 23
15 29 30 5
48 4 43 17
38 23 16 3
41 36 19 33
30 15 19 0
42 24 32 17
47 15 13 11
35 16 20 4
18 6 34 20
11 7 34 29
25 2 1 10
2 5 34 30
39 12 32 26
35 13 37 30
21 9 29 4
9 33 41 30
42 10 11 47
6 34 7 10
40 10 30 2
45 1 23 10
43 7 29 32
36 0 39 21
13 23 23 4
28 3 11 41
40 13 35 25
29 43 27 24
38 13 6 6
33 10 27 4
32 7 32 14
36 15 30 26
8 21 29 13
24 17 19 6
30 11 16 33
46 36 34 22
32 16 19 1
38 13 29 5
36 16 26 20
37 16 20 21
17 19 7 7
42 41 5 7
35 40 13 10
36 13 4 46
32 23 44 18
48 11 6 7
28 15 41 31
23 16 6 8
40 10 25 33
4 46 34 21
38 13 6 12
31 7 38 17
6 8 5 44
38 1 34 22
47 20 36 27
35 10 40 19
14 2 12 44
38 13 34 32
3 21 28 17
24 27 7 13
13 35 33 9
34 10 11 7
25 8 3 22
39 13 39 23
38 12 26 16
36 15 41 33
15 42 18 2
32 2 25 34
28 25 9 8
42 12 21 8
3 4 40 26
12 5 23 16
40 10 26 30
36 42 38 16
15 5 22 9
41 10 26 28
40 17 35 24
34 5 23 1
21 11 12 39
44 0 30 28
48 43 17 8
42 11 44 29
41 12 22 0
33 47 43 16
19 24 5 19
34 14 30 10
38 15 35 18
13 7 26 5
19 21 40 25
20 35 29 5
49 31 45 22
49 3 43 35
10 29 41 24
6 4 42 17
32 19 39 26
38 10 32 7
38 9 40 31
37 6 31 16
32 11 30 3
48 19 17 4
28 2 30 12
45 40 4 12
47 44 43 29
19 2 5 7
3 10 17 3
22 14 32 26
34 13 40 22
10 44 24 11
39 14 13 7
20 7 27 2
34 13 30 15
46 35 19 2
39 15 20 2
13 30 12 39
37 14 17 44
19 6 38 24
39 11 33 23
36 10 28 8
21 19 17 4
35 13 23 3
40 44 40 23
40 16 36 20
14 34 11 4
34 12 7 16
12 36 26 18
31 4 10 47
20 5 3 48
19 14 23 8
31 16 25 30
36 15 28 25
39 5 38 22
33 12 30 8
45 49 7 45
38 16 6 10
38 14 23 27
12 1 15 37
35 8 23 1
28 47 36 23
39 17 15 6
21 33 32 17
37 39 37 18
39 14 27 1
35 14 29 11
32 10 12 35
5 2 26 3
26 0 4 37
37 14 15 3
14 36 31 2
13 6 32 24
35 14 15 8
39 15 4 46
48 9 13 34
13 2 19 4
35 11 40 20
27 0 6 45
35 13 33 27
36 9 20 5
45 2 28 26
41 3 19 10
36 14 23 22
41 45 35 26
43 2 38 28
46 5 30 16
38 15 33 15
42 14 37 22
46 11 44 20
22 29 28 9
38 15 33 29
33 13 40 22
42 12 40 21
46 5 38 24
36 3 41 27
32 13 4 48
43 15 32 23
33 16 28 11
29 25 20 1
38 4 29 47
49 14 37 23
35 12 17 49
21 3 35 28
33 8 20 0
42 39 22 2
39 4 6 45
37 6 41 27
47 7 10 6
20 34 30 26
2 41 16 48
36 21 32 22
29 4 0 10
35 9 31 25
32 9 3 36
37 10 11 3
33 12 21 24
39 1 41 13
36 46 19 10
38 15 20 2
47 15 33 29
42 3 19 16
40 11 13 22
38 15 35 24
15 9 21 22
39 13 22 28
37 12 27 26
31 7 20 42
41 17 7 8
32 5 23 32
39 15 9 36
32 25 41 25
42 42 4 19
40 16 34 32
42 15 32 22
37 12 8 40
41 3 22 39
10 31 38 27
28 1 22 25
39 9 16 4
9 31 24 33
42 11 33 23
30 7 4 7
32 18 15 25
37 13 2 11
29 19 30 26
38 28 8 8
18 30 29 28
45 19 9 42
7 24 42 23
37 12 31 2
33 3 21 4
44 39 3 39
37 15 31 5
33 14 35 31
39 13 26 3
36 14 26 22
46 17 12 42
34 17 27 3
17 4 19 22
14 29 16 0
13 36 27 29
40 14 24 27
22 14 33 20
18 34 31 3
16 36 14 43
37 11 31 20
40 12 37 26
20 23 39 26
40 14 0 7
22 10 29 20
45 41 38 20
5 37 11 46
44 1 19 4
40 12 33 16
38 9 14 28
29 39 8 9
12 36 15 19
41 45 27 8
39 49 16 5
18 33 26 27
6 23 43 14
37 25 19 24
44 10 32 28
36 1 33 26
39 14 13 10
39 2 10 9
41 7 29 18
36 14 8 45
39 3 37 22
37 11 25 22
36 16 15 25
35 18 14 36
39 18 35 24
3 37 29 20
38 14 30 35
20 41 26 21
22 3 32 6
40 23 19 29
39 6 29 22
26 19 15 11
22 31 28 32
38 9 21 25
35 49 37 31
38 14 48 24
26 26 20 1
48 25 33 29
18 9 44 32
34 11 36 21
36 8 6 6
42 4 43 27
13 31 26 18
31 5 39 18
19 12 5 11
27 19 16 2
36 17 14 6
32 26 38 31
32 12 7 9
35 13 33 27
40 16 8 42
38 10 32 26
17 37 13 48
39 7 46 23
5 0 2 8
18 14 9 49
19 38 36 15
42 14 10 16
39 5 26 45
45 36 36 4
36 16 29 5
4 33 21 46
6 38 38 25
32 12 45 31
36 14 9 0
13 19 31 21
34 12 40 23
44 17 38 31
37 12 15 0
21 30 1 8
21 13 39 24
25 4 14 47
39 13 45 29
21 28 30 28
37 12 9 24
27 15 6 10
11 5 8 28
39 16 8 42
8 42 34 28
40 11 31 24
38 15 18 36
37 9 5 9
43 42 28 16
36 14 31 10
23 32 24 21
35 18 15 6
4 19 40 27
30 17 15 14
38 15 12 47
36 4 20 7
33 11 26 14
34 12 37 23
19 13 7 4
20 19 34 23
49 39 0 9
38 17 34 25
9 20 29 20
39 15 35 16
39 15 20 8
41 13 32 24
37 9 23 13
39 12 22 17
6 39 9 45
32 1 15 35
37 14 6 29
40 49 44 25
28 15 36 31
39 11 5 7
30 12 30 2
49 43 2 23
38 19 41 23
18 43 16 14
43 33 5 5
41 48 37 35
31 48 36 23
16 38 27 2
35 11 26 26
23 40 31 4
25 3 5 7
15 17 23 15
15 4 32 23
41 19 30 26
13 35 20 25
33 15 22 14
40 14 7 7
18 16 20 26
37 17 18 25
1 20 42 28
46 41 22 14
11 32 10 8
41 46 8 49
34 15 1 46
41 23 10 20
39 8 5 7
35 13 33 23
20 42 36 16
34 6 40 24
34 16 19 24
3 5 16 45
32 8 13 43
15 30 38 22
11 21 6 11
5 33 2 8
40 9 20 30
47 11 4 11
11 27 27 35
46 3 34 31
35 14 26 17
47 40 10 45
38 9 4 4
20 2 2 3
38 3 15 36
37 6 31 31
20 21 2 7
40 49 5 10
22 14 38 24
36 14 7 9
46 18 35 24
37 13 34 5
31 8 7 7
7 34 19 3
19 31 34 13
35 16 32 22
46 21 22 32
10 35 30 26
36 14 38 24
40 6 21 11
35 12 9 19
11 38 10 20
36 15 15 35
40 10 35 23
31 4 32 27
35 11 44 33
13 16 30 22
16 10 41 12
42 41 21 33
14 34 19 13
46 19 39 24
15 4 33 29
32 9 43 32
34 12 42 16
37 15 32 23
29 5 47 27
28 4 21 1
35 10 25 4
8 38 41 24
36 10 43 19
37 12 40 32
34 16 10 45
21 9 18 14
2 25 14 12
19 9 43 22
19 21 34 24
22 11 4 7
41 18 38 29
11 6 28 9
45 43 22 9
32 2 27 14
21 7 4 9
25 10 1 34
18 8 16 44
48 9 30 21
15 35 11 40
37 10 34 16
38 12 21 34
40 18 30 25
9 16 37 17
44 9 14 40
12 8 32 19
35 18 28 9
39 15 38 24
38 15 18 9
34 13 41 24
34 3 40 38
39 13 43 26
46 40 11 42
43 12 25 16
37 11 39 25
37 10 32 11
36 14 20 41
39 41 0 43
38 35 15 38
20 28 1 32
45 1 35 23
47 46 26 42
28 2 18 3
36 49 23 20
25 37 23 28
1 20 35 20
39 10 32 20
25 13 21 4
18 3 39 21
18 47 14 45
8 42 32 32
35 15 26 22
40 47 12 5
31 26 15 46
33 16 23 33
45 10 30 15
11 31 36 28
28 18 32 7
41 15 9 49
41 10 16 26
42 19 35 26
25 6 17 4
36 13 46 20
12 11 42 17
23 22 38 27
10 39 27 5
6 25 12 31
45 16 35 30
33 2 12 46
42 17 30 23
48 42 0 10
30 10 14 8
21 14 14 5
37 14 18 1
23 0 26 16
39 14 35 18
15 4 26 16
5 35 22 4
39 17 24 13
39 14 21 5
11 28 19 9
9 23 17 28
24 5 37 21
34 6 36 30
35 16 25 21
26 16 12 29
16 23 2 8
41 17 27 22
29 16 12 3
36 14 19 5
41 39 39 27
23 23 19 3
21 16 46 48
27 4 39 21
38 14 5 11
19 35 1 7
30 3 21 29
29 12 20 43
34 14 21 2
31 48 35 29
3 1 32 6
36 13 22 18
32 10 27 5
38 13 30 8
14 12 20 40
34 45 5 9
45 38 34 17
36 15 10 49
35 4 45 21
35 15 36 21
35 14 34 22
38 42 31 2
45 12 35 29
49 38 32 23
32 35 36 1
29 2 32 16
19 5 30 2
36 43 40 19
40 14 13 10
40 19 35 26
21 3 27 0
43 13 14 21
14 1 39 24
0 34 34 26
41 7 41 19
20 0 27 2
35 38 18 14
44 9 12 4
36 24 25 27
37 12 6 11
45 1 26 13
36 41 47 20
37 19 35 23
19 41 13 30
4 6 26 31
39 0 33 6
39 16 32 30
40 40 18 40
38 42 39 20
34 15 31 22
13 30 19 10
34 19 2 8
39 10 20 21
45 0 33 29
43 45 29 4
6 11 35 21
24 16 4 7
25 1 46 25
16 8 35 20
36 47 33 0
39 11 39 25
15 33 7 10
10 40 47 31
29 12 29 21
38 17 6 10
37 23 32 6
37 8 27 26
8 7 9 30
39 46 18 31
15 15 26 31
9 9 4 9
0 31 26 26
29 3 29 18
35 12 34 26
41 43 25 25
32 5 19 21
37 15 30 21
36 10 2 10
33 14 38 23
35 6 30 22
40 8 10 29
35 14 19 9
39 16 9 13
15 7 4 11
37 3 26 43
33 6 13 49
15 31 24 3
32 8 36 24
38 15 34 21
40 10 32 26
1 36 9 47
36 12 40 26
37 16 30 23
38 13 6 44
39 17 9 22
