50 755 14344 800
40 23 15 28
39 26 31 41
11 32 30 41
32 45 20 25
44 15 7 19
38 22 11 4
43 12 48 34
12 19 22 20
29 33 7 29
15 27 9 24
31 25 43 32
32 16 1 17
15 13 33 36
7 42 27 44
40 29 16 18
49 22 10 17
15 15 23 2
29 19 25 20
20 25 41 29
21 47 37 17
20 10 33 47
27 29 16 22
31 15 44 10
18 20 41 8
34 18 27 41
42 23 8 15
36 42 24 44
22 2 6 18
8 43 22 8
35 30 15 44
28 8 28 30
41 11 20 20
30 30 10 19
41 12 3 14
28 29 47 21
22 25 25 21
37 39 31 11
34 27 7 29
45 29 12 24
39 41 7 23
21 23 39 42
41 21 13 32
33 27 13 21
12 23 27 7
27 19 25 2
35 32 32 42
23 32 15 13
39 26 20 0
26 23 23 20
26 32 35 3
38 26 6 29
25 38 44 39
36 22 26 47
43 21 40 10
48 22 36 4
19 10 23 8
41 24 28 41
36 32 2 13
44 39 31 40
36 29 30 5
0 27 17 15
15 22 26 22
11 25 37 4
32 21 25 8
44 12 28 49
31 36 19 34
20 2 29 39
9 15 16 29
30 7 10 21
39 34 2 16
42 29 28 42
35 12 24 35
38 20 9 15
25 30 9 4
43 35 21 47
24 29 18 47
37 34 41 9
34 33 26 39
9 23 4 21
15 19 13 24
12 4 33 9
31 12 44 11
34 34 35 41
38 32 21 13
30 47 39 31
36 28 36 21
32 18 8 24
41 29 15 16
39 13 24 45
27 18 21 12
32 30 33 10
39 13 29 12
25 4 49 32
34 20 17 29
42 12 11 32
41 22 5 23
40 36 47 35
38 1 32 35
24 1 13 14
28 12 24 8
13 27 11 14
41 26 37 24
6 21 34 36
37 29 34 14
30 27 12 22
37 25 29 3
23 16 31 10
19 37 20 5
44 29 18 32
32 29 28 8
20 15 42 8
29 22 19 22
39 17 37 11
35 23 29 39
32 16 43 9
26 22 3 24
42 7 0 18
33 16 31 41
31 28 26 31
32 25 12 18
18 36 31 7
39 41 22 14
40 17 31 19
32 21 23 44
10 24 34 42
36 29 19 1
18 17 28 9
40 37 35 25
30 16 27 7
16 12 43 12
28 10 9 24
31 33 47 38
45 18 25 31
36 26 17 14
23 14 14 24
33 16 6 10
7 2 19 1
26 25 12 18
34 13 41 20
26 8 26 23
10 21 1 12
7 28 26 49
30 25 33 30
31 9 10 34
34 32 29 6
33 25 26 9
31 24 26 24
31 19 18 20
39 11 14 22
39 26 0 24
33 2 17 21
26 18 39 5
17 32 49 27
29 21 25 3
7 7 6 25
28 21 21 30
35 31 11 8
46 30 24 31
20 22 28 8
24 19 6 25
1 29 17 18
5 11 7 33
28 20 27 1
8 37 12 27
37 19 0 2
16 40 14 18
28 24 13 22
38 30 31 9
24 25 22 12
32 39 22 36
38 30 4 22
41 14 7 19
49 22 26 7
30 24 22 23
32 14 9 20
33 3 33 44
40 47 18 4
33 15 31 46
39 10 2 35
31 17 24 4
33 15 18 44
11 26 16 2
44 32 8 14
31 14 45 19
42 0 28 47
31 24 9 11
38 24 26 17
25 21 9 8
42 35 32 44
44 24 6 12
3 17 39 3
29 16 35 29
28 33 44 47
47 31 13 30
35 23 35 47
44 14 24 6
19 33 25 9
38 24 11 49
35 20 18 18
26 20 15 26
29 18 30 27
48 20 30 35
41 17 27 44
25 9 13 40
37 32 15 12
43 29 21 14
43 32 17 15
22 18 10 19
41 26 44 28
19 11 47 14
33 26 45 26
48 23 29 13
29 30 21 18
9 18 13 47
34 17 47 32
28 12 12 35
28 6 28 42
39 28 26 36
27 4 32 42
43 18 23 16
36 31 38 3
37 6 26 17
26 38 33 35
32 4 18 14
4 6 26 0
30 13 49 24
33 38 7 17
37 10 14 21
25 11 31 18
32 33 10 24
30 18 22 23
19 24 34 19
37 25 5 7
30 32 26 11
5 15 22 43
39 23 1 37
28 21 7 17
27 26 37 41
16 9 38 31
27 20 17 38
25 5 31 4
34 15 33 42
47 9 18 4
34 34 26 3
23 25 25 34
21 37 19 14
4 21 33 42
24 18 2 27
14 4 11 28
47 15 22 36
42 28 0 22
29 17 21 0
18 31 38 10
12 15 21 38
42 38 22 18
27 29 26 18
41 9 18 17
31 31 20 14
12 49 4 19
32 25 24 41
44 31 23 2
36 18 15 31
43 16 28 47
28 29 15 5
32 27 35 23
45 18 27 2
36 19 47 35
36 25 32 13
38 25 17 8
22 39 13 30
36 24 17 13
15 21 13 12
39 24 30 37
34 9 6 14
37 36 33 32
27 19 0 11
43 6 10 15
49 26 33 26
42 44 24 4
40 26 36 18
49 45 32 49
29 23 28 42
36 30 38 27
4 24 9 13
11 3 13 26
26 23 16 29
27 4 14 18
38 25 28 45
11 37 5 14
21 25 27 3
36 27 30 35
24 47 46 4
39 4 7 19
38 20 42 21
43 27 16 27
32 33 38 27
38 15 39 35
46 34 28 39
36 22 44 23
20 12 12 3
31 24 12 19
46 33 31 23
25 2 35 2
31 17 27 43
26 15 14 20
26 9 24 13
36 25 21 40
34 5 31 10
0 23 30 43
14 31 31 43
42 25 43 12
26 8 28 23
41 27 0 19
23 13 19 6
29 20 42 46
49 23 32 8
48 26 35 6
38 34 29 42
41 28 6 17
27 37 46 23
11 9 41 25
25 20 30 43
25 25 4 28
32 12 5 19
40 3 28 8
27 15 19 15
24 31 11 10
24 36 16 29
23 44 29 21
37 22 31 3
19 27 28 29
40 21 34 16
36 42 12 21
8 46 34 33
33 34 24 5
30 20 33 25
38 12 23 29
28 34 30 4
37 18 12 25
13 1 30 27
27 15 33 12
42 26 28 26
14 22 34 40
39 26 20 31
42 32 43 22
34 24 21 18
32 18 19 47
28 32 9 47
26 19 21 11
43 10 41 23
14 27 0 27
30 34 6 16
23 23 30 46
23 29 18 24
26 22 16 34
47 23 40 24
39 36 14 13
45 29 17 21
4 17 30 37
18 31 27 17
36 26 28 44
17 10 7 12
48 31 26 18
20 8 29 45
37 15 47 32
19 9 14 20
32 27 1 30
35 22 31 40
12 15 25 38
46 17 25 41
48 26 25 27
25 11 26 27
44 25 33 30
18 16 20 6
38 35 20 27
32 4 25 7
26 20 29 10
32 1 27 0
34 27 26 19
42 27 8 9
35 32 27 0
40 30 10 28
18 13 30 49
6 34 30 37
27 13 30 5
32 26 40 18
10 5 20 32
16 21 28 42
44 20 17 19
25 33 36 38
32 19 10 17
34 22 33 4
36 34 25 6
20 16 36 48
29 26 5 8
31 21 13 27
33 21 32 0
27 29 9 27
29 27 31 20
33 42 19 47
48 25 13 25
46 9 29 42
33 29 23 32
22 11 2 20
23 16 15 10
37 34 19 43
37 28 14 25
28 24 40 17
21 47 49 11
29 23 49 41
41 27 22 1
37 0 30 42
9 18 24 0
20 30 26 20
25 17 13 11
26 5 27 27
35 19 2 20
33 24 6 13
28 46 26 9
32 28 15 5
12 0 25 4
20 29 17 3
38 30 10 14
14 24 18 5
20 27 15 8
40 31 27 5
36 30 21 44
33 29 30 3
26 26 39 38
39 23 12 11
16 16 34 41
46 26 27 15
26 26 24 21
36 16 16 11
26 5 30 24
23 25 10 34
14 23 25 19
7 30 14 21
21 29 30 38
29 22 23 45
24 20 42 7
43 26 18 25
34 12 16 19
26 17 9 1
48 35 25 42
31 22 45 24
27 27 27 47
31 16 24 42
28 14 22 15
43 22 22 6
36 19 27 13
30 20 38 0
37 37 18 19
33 15 10 23
44 43 9 29
27 22 27 42
24 24 4 27
40 14 31 3
16 9 42 4
7 36 9 11
23 5 47 47
33 22 23 27
22 26 16 27
26 5 48 24
17 12 37 33
9 25 47 5
44 20 5 16
1 9 25 9
18 8 4 17
26 17 42 45
41 19 11 8
0 26 27 18
11 39 47 44
35 40 28 46
40 20 23 47
26 2 37 2
36 20 44 25
22 46 11 26
29 5 45 30
30 25 42 47
28 14 39 27
36 28 25 27
17 6 30 20
22 28 8 25
35 14 48 23
36 19 31 47
43 14 19 31
19 21 5 24
44 6 12 23
40 32 13 16
37 15 29 22
3 8 21 14
22 40 11 35
39 17 1 28
45 32 36 40
31 44 36 21
37 22 28 43
23 30 14 29
17 14 7 30
36 22 26 24
36 31 32 17
27 14 40 36
2 26 13 34
1 23 24 31
19 13 26 13
12 18 32 11
44 22 28 47
31 27 32 42
30 26 33 44
27 14 38 2
46 12 27 41
34 18 28 43
8 12 18 25
38 5 15 48
33 1 43 28
18 14 33 17
34 14 12 17
38 5 13 17
39 24 11 27
25 16 43 13
38 46 23 4
27 8 28 1
27 22 13 18
24 26 17 32
20 43 39 16
26 27 15 20
21 20 14 31
13 34 38 22
21 27 48 37
7 12 31 6
28 12 39 48
34 34 21 3
34 20 22 27
20 19 39 19
19 16 16 24
16 14 7 30
38 29 17 29
24 23 23 48
16 32 28 39
31 35 47 23
32 28 42 29
21 14 36 12
32 22 29 37
40 19 22 25
22 14 4 14
47 17 11 39
43 44 9 32
37 15 15 47
38 11 21 47
34 22 22 5
24 46 20 1
28 22 27 35
36 22 5 23
48 23 10 14
26 24 41 14
26 16 29 18
40 27 39 37
30 12 22 44
36 14 11 23
31 18 15 22
30 37 30 8
10 20 6 29
42 26 32 44
34 12 24 20
25 18 27 3
36 39 1 23
46 14 19 18
38 13 24 47
36 18 14 30
1 3 46 39
1 10 11 16
13 15 18 5
29 27 17 6
31 24 32 39
33 16 24 5
5 6 36 11
31 16 20 44
38 5 31 27
7 6 3 25
14 16 44 37
33 32 18 43
13 20 30 48
32 11 41 26
5 23 8 6
47 33 33 46
33 21 42 25
41 24 21 3
5 14 16 23
6 19 25 38
20 4 36 13
28 26 34 22
47 27 11 17
18 18 41 39
40 34 16 23
16 46 14 11
10 3 27 29
44 21 16 5
10 38 20 18
1 25 23 9
38 20 39 6
45 1 27 42
41 27 23 16
32 11 8 15
20 34 25 34
38 8 32 49
32 18 16 1
1 33 1 18
26 16 35 22
17 11 19 40
40 27 21 49
31 32 2 16
15 12 38 18
45 42 24 42
34 17 28 48
47 14 31 14
41 28 30 25
32 13 14 31
27 27 14 36
28 29 45 34
43 21 23 0
14 34 42 16
35 17 26 3
31 33 20 2
22 14 35 23
22 28 32 40
33 17 15 21
33 11 31 45
42 34 11 14
34 38 13 28
0 21 40 21
28 7 3 18
37 15 6 28
34 32 1 26
32 20 27 15
4 10 37 24
43 32 2 12
30 12 3 13
31 30 18 21
27 8 19 13
37 19 23 32
11 19 40 41
36 42 30 4
31 22 27 5
39 22 5 10
24 4 39 27
10 27 30 15
29 15 3 26
22 22 2 43
5 37 15 36
27 40 30 43
40 23 15 32
4 24 40 23
31 20 21 16
39 33 37 0
34 16 8 13
31 20 26 1
29 15 28 46
40 29 36 0
20 11 32 5
30 12 19 23
29 29 30 9
23 4 14 20
35 39 27 17
41 24 31 31
22 25 20 37
38 18 21 6
28 6 38 28
37 23 5 26
7 30 34 21
9 18 27 3
20 24 8 12
36 21 16 13
30 17 40 38
36 13 12 9
46 15 18 2
49 21 21 11
24 13 2 22
39 18 45 26
38 23 35 12
16 39 30 43
44 26 39 18
35 17 18 30
22 21 36 12
42 29 30 3
17 28 30 18
40 27 46 32
32 28 16 14
31 18 27 2
43 36 11 23
44 30 18 30
28 33 25 5
21 10 30 36
28 17 19 6
14 26 7 13
18 20 19 26
36 7 19 18
21 33 7 22
25 13 27 42
40 37 23 12
35 24 7 26
35 22 16 23
42 21 33 39
27 24 35 36
31 18 30 39
28 37 20 34
32 18 21 0
36 21 34 11
32 17 17 24
12 12 43 21
31 31 30 15
32 27 26 0
24 18 29 44
21 28 44 18
49 27 28 7
43 26 22 32
44 4 0 22
37 28 9 15
23 18 16 37
19 26 14 23
33 14 30 16
33 23 26 18
28 16 14 40
27 5 6 22
36 1 46 31
45 13 21 9
32 29 21 2
22 19 48 8
30 30 15 18
18 21 6 19
21 24 49 29
23 12 11 29
9 13 14 33
40 19 15 13
32 17 12 1
35 25 43 44
49 31 37 42
7 30 12 19
30 18 38 17
1 18 2 24
23 18 15 9
34 23 18 9
32 10 7 36
39 40 24 22
11 30 41 12
34 24 2 37
24 24 49 14
43 11 45 26
19 20 12 6
45 14 45 36
43 29 43 48
12 45 29 43
31 26 26 2
13 9 21 10
37 41 12 16
7 9 9 18
