50 101 19037 800
14 23 48 18
10 25 32 17
46 46 8 21
42 10 24 16
37 45 13 46
41 47 19 47
4 13 28 33
32 36 4 36
6 40 36 38
16 21 7 31
34 12 13 39
6 11 23 40
3 28 23 16
0 2 8 23
17 14 29 15
39 15 25 15
27 44 32 38
20 18 22 46
12 15 15 7
39 16 33 39
37 13 14 44
39 14 18 33
37 11 19 48
18 36 35 35
12 28 25 34
10 46 42 39
13 6 26 43
10 23 31 40
39 30 7 37
14 41 27 24
26 28 16 3
42 13 9 20
14 17 14 49
19 17 22 43
36 9 21 24
4 12 44 19
13 30 31 40
33 10 20 5
11 33 31 28
43 12 2 31
40 22 37 37
17 27 17 44
16 8 5 24
43 10 28 42
9 41 38 34
42 15 36 27
36 37 12 34
14 38 44 15
24 21 27 39
28 30 29 7
41 13 2 32
38 13 8 25
38 27 12 14
21 10 18 36
40 46 30 43
7 12 26 48
40 43 23 14
7 19 4 6
33 9 5 21
27 31 7 8
39 35 41 40
3 12 31 13
42 15 38 25
17 10 27 18
16 12 45 31
12 14 6 30
48 44 6 30
23 11 48 20
38 5 29 14
15 27 29 27
43 7 48 19
24 20 6 29
25 42 9 16
11 29 31 17
41 48 40 8
21 3 31 31
12 9 23 45
33 48 18 32
40 27 7 20
35 41 27 12
16 23 14 17
12 10 28 41
43 7 14 43
43 21 43 45
20 32 24 34
38 13 23 40
40 16 42 48
38 11 17 46
20 10 24 44
38 17 44 32
24 23 1 32
5 13 5 28
32 41 8 28
38 12 11 20
12 31 25 39
8 48 33 40
44 6 11 25
12 18 31 41
9 9 27 33
8 9 28 36
20 9 27 15
