50 207 17143 800
35 36 22 9
32 35 30 23
16 47 18 28
33 35 33 30
13 22 21 35
8 21 2 47
35 34 9 2
28 15 31 8
11 43 3 38
17 16 34 24
11 45 8 14
35 37 38 10
40 17 28 37
28 25 0 10
22 22 12 17
28 31 31 36
19 43 33 18
20 46 35 39
12 25 19 11
42 8 32 48
32 36 3 0
16 4 37 42
33 34 16 8
30 38 34 37
35 39 22 24
17 49 39 30
20 10 42 1
38 37 34 36
38 20 9 47
12 8 34 15
19 5 38 39
16 41 39 9
21 23 36 45
17 42 37 43
13 15 3 43
15 39 33 5
8 28 14 27
6 9 24 13
39 11 33 7
9 49 17 11
12 24 26 0
14 11 40 22
14 45 31 29
19 47 38 7
36 36 43 2
17 23 30 9
39 34 38 42
40 9 22 5
38 35 32 8
18 45 33 36
0 40 42 3
36 36 33 30
19 43 33 11
26 8 39 10
39 34 42 6
14 28 32 18
37 17 36 37
23 4 44 4
14 48 43 34
31 35 43 12
23 46 30 35
29 33 34 28
33 32 26 46
39 38 4 45
23 24 16 15
20 44 14 6
20 34 35 5
37 38 19 37
27 21 32 32
29 3 45 7
16 25 43 2
21 41 38 2
28 30 44 6
26 1 25 24
32 16 21 37
45 10 30 24
34 5 31 31
6 38 46 1
34 15 11 3
12 31 40 0
9 12 47 3
35 36 27 35
32 1 45 37
31 19 4 15
36 35 10 18
2 38 34 31
17 29 39 32
31 2 17 21
6 38 12 49
15 42 34 19
35 35 27 20
22 9 36 2
9 42 28 47
25 37 29 29
7 45 10 14
36 33 40 1
25 3 8 9
15 46 45 12
12 40 35 15
11 14 32 34
13 41 12 8
17 45 2 44
4 24 47 32
36 34 15 3
47 14 4 7
29 3 30 40
11 47 34 9
24 11 40 9
15 22 9 49
33 37 30 4
24 48 36 0
3 43 21 1
36 33 33 29
13 8 40 7
22 20 5 13
16 42 12 7
12 48 35 25
27 27 34 35
9 39 4 39
38 3 37 34
16 17 16 12
44 5 27 37
34 37 21 28
38 4 35 43
35 7 11 29
9 43 45 15
10 46 9 28
7 20 35 32
8 45 4 36
35 32 31 18
16 25 36 8
23 32 7 0
34 33 25 44
25 13 35 4
29 36 34 43
6 11 26 17
28 14 47 14
14 29 35 3
10 45 41 9
28 19 8 42
11 12 24 0
14 21 26 31
39 35 36 4
25 20 12 35
16 45 5 39
40 33 47 10
12 16 31 28
42 14 2 19
25 34 40 11
41 42 21 16
18 43 8 9
26 7 48 12
39 2 16 45
38 38 15 12
11 48 44 11
43 22 40 1
39 3 27 38
32 33 10 17
0 26 31 38
31 5 35 0
38 12 34 27
29 28 13 17
28 3 26 47
19 49 6 23
35 34 36 43
35 35 49 8
35 35 34 18
37 37 37 21
0 35 42 18
32 35 11 8
37 36 31 23
20 32 36 34
35 37 20 46
35 21 40 17
10 45 41 33
49 23 45 11
31 32 32 21
36 35 39 5
8 19 7 2
9 3 35 17
9 45 10 35
27 19 30 42
9 14 37 19
33 37 29 12
37 15 37 41
28 21 36 38
31 21 39 12
19 45 23 16
32 34 26 25
31 16 37 37
35 33 40 9
37 3 29 39
27 39 17 10
9 48 15 28
17 48 22 0
27 27 49 9
43 15 14 22
35 39 30 9
18 14 33 17
36 14 39 32
35 38 37 45
46 9 35 44
13 43 2 19
11 44 33 29
11 11 36 0
11 43 6 15
35 35 9 10
