50 338 12813 800
43 36 43 41
13 11 27 29
36 36 25 29
21 36 4 12
32 38 20 24
32 44 12 49
20 48 8 30
25 9 46 35
48 10 42 28
22 2 14 4
4 26 38 21
6 20 48 27
18 15 16 38
13 27 38 28
32 13 12 16
22 29 31 31
19 35 26 31
27 33 48 31
16 34 34 35
16 34 44 34
27 25 7 31
19 32 24 32
13 44 32 28
6 28 38 17
2 36 40 24
16 2 43 30
10 10 47 25
25 11 23 7
14 16 27 25
34 39 39 30
10 47 33 27
23 21 24 26
25 11 41 35
35 36 38 23
31 27 47 33
37 33 40 37
22 44 28 30
31 35 32 22
21 35 11 8
24 43 27 49
17 11 45 43
23 21 46 29
17 29 9 5
28 26 42 34
17 12 14 3
19 32 37 22
14 22 13 45
25 6 14 8
19 27 22 31
14 21 14 3
16 25 39 45
36 8 40 19
40 10 40 36
17 9 27 30
35 31 42 33
21 13 23 3
25 15 41 35
14 21 28 28
38 5 42 34
15 46 37 33
37 24 10 38
12 35 45 31
10 25 46 31
24 24 22 3
16 21 48 29
30 26 25 5
46 34 37 12
40 33 36 20
37 40 25 27
21 9 20 2
24 5 17 2
20 17 48 29
15 35 43 34
48 28 34 19
19 33 1 15
20 21 24 3
13 9 22 30
12 32 17 3
4 30 35 17
34 16 41 18
16 35 17 10
34 39 23 11
37 29 9 39
2 29 25 18
31 44 13 8
6 31 24 30
25 5 29 34
23 30 49 41
44 38 16 13
36 33 28 32
40 39 45 21
0 38 15 4
14 46 38 21
22 28 39 36
12 37 0 7
19 11 28 31
16 26 42 27
13 9 46 30
20 11 26 31
8 28 25 5
43 22 11 0
4 41 36 17
22 28 19 5
21 20 19 5
22 18 43 31
4 45 27 4
8 40 24 10
15 42 48 26
36 37 13 33
9 9 25 34
16 26 4 9
17 17 7 30
15 18 21 21
19 11 37 32
19 26 32 14
7 39 41 38
16 2 41 21
27 44 40 45
1 37 29 15
35 40 18 47
15 8 5 21
1 20 44 24
1 46 45 33
2 28 20 39
13 19 34 37
26 29 38 20
2 37 40 37
36 40 6 32
11 34 27 32
33 39 46 29
10 28 47 29
24 19 27 32
16 15 13 46
18 9 27 30
37 34 8 6
14 32 30 33
32 38 38 19
17 19 38 19
19 33 7 31
22 35 12 13
17 19 45 26
10 35 19 26
38 37 28 31
23 32 45 30
42 29 45 27
18 22 49 34
38 41 45 32
17 39 39 17
28 10 17 28
21 10 27 30
31 33 26 1
16 28 43 17
38 25 41 31
18 26 26 31
18 13 15 31
8 43 20 45
38 40 38 25
21 36 25 30
16 8 40 20
20 13 47 35
13 29 19 3
13 15 16 8
20 37 38 19
39 31 24 23
24 48 19 0
36 24 37 13
20 40 13 0
22 14 34 42
10 27 18 4
10 42 47 24
16 28 44 43
18 18 17 10
22 33 44 32
15 40 35 19
13 43 37 24
35 40 25 31
25 28 44 20
15 11 6 0
16 34 30 6
8 28 48 40
0 40 26 9
17 16 4 25
20 8 11 28
22 30 2 21
19 29 42 35
28 6 23 3
26 21 47 19
10 28 22 4
15 38 41 20
34 35 9 3
19 25 36 32
21 26 37 44
34 34 16 1
14 5 23 15
20 17 27 32
11 34 35 18
15 29 19 3
21 32 43 31
28 27 41 33
36 37 12 8
34 38 36 24
37 40 40 32
19 15 10 1
17 17 23 4
19 24 45 16
37 3 36 16
4 30 26 29
16 29 12 45
11 11 23 5
14 36 46 31
30 33 15 11
37 33 20 18
12 27 40 34
13 29 15 38
6 22 44 38
16 29 36 14
33 9 29 30
24 30 14 4
13 42 43 41
35 38 27 32
6 35 48 34
36 33 9 38
40 17 31 14
36 20 21 1
17 6 43 37
15 32 49 33
10 45 27 32
5 39 37 21
15 37 39 47
22 8 6 3
23 35 40 32
22 10 24 31
18 12 24 43
25 36 48 29
14 10 18 7
33 33 41 18
11 48 1 41
18 19 13 8
13 44 26 2
18 42 38 19
1 32 5 38
32 9 45 28
34 33 24 18
41 24 20 11
19 25 38 19
48 8 42 31
0 30 43 31
35 21 7 0
48 4 38 37
25 17 41 42
13 22 41 22
40 36 45 32
16 22 45 31
15 34 45 27
35 21 28 29
14 13 37 14
31 43 33 32
14 37 29 31
14 39 42 20
13 43 46 37
18 39 48 24
17 33 27 8
12 24 39 21
10 17 27 31
3 43 24 30
29 32 38 17
14 9 8 3
22 23 25 31
9 31 29 32
14 35 36 19
28 31 35 20
15 29 10 7
21 12 23 1
12 37 45 27
31 41 17 9
31 31 36 23
47 10 47 32
0 21 24 1
8 47 46 43
2 38 18 0
19 39 25 30
37 39 14 27
16 20 38 36
2 27 48 34
35 36 2 47
18 31 26 4
20 20 48 33
36 49 42 31
5 43 40 17
37 38 36 14
38 12 48 33
37 32 49 29
8 36 25 11
16 15 47 31
17 28 44 31
39 35 19 3
20 47 43 31
35 42 11 20
19 26 42 20
48 2 28 3
10 31 42 37
33 46 29 35
21 12 39 17
5 24 45 36
17 20 40 35
16 38 33 33
22 12 47 30
16 32 43 16
17 16 48 27
17 38 47 26
35 39 39 23
15 28 15 8
7 27 38 17
11 24 9 15
5 33 42 32
27 37 48 31
17 27 19 42
30 10 46 33
4 36 16 37
5 9 39 35
16 13 24 32
17 33 30 40
9 6 14 28
6 48 25 31
19 18 20 4
27 22 40 19
0 23 11 9
11 21 34 23
2 44 42 33
17 10 30 30
0 28 28 15
19 28 41 34
6 32 44 39
14 38 49 44
39 3 35 31
33 4 24 24
26 4 45 28
40 12 41 21
