50 157 19793 800
0 16 28 38
20 39 45 6
23 41 47 3
30 47 28 19
35 12 47 4
38 19 25 15
34 46 33 22
9 38 38 20
42 19 8 16
36 21 13 18
28 42 44 2
43 17 3 23
44 36 42 19
28 8 26 19
14 39 43 0
34 42 26 27
39 24 37 12
26 9 21 38
46 46 9 16
29 32 45 3
17 3 32 14
9 27 41 21
40 17 37 7
16 2 37 19
4 42 45 5
43 39 45 3
30 45 47 31
32 36 34 30
15 7 29 5
43 36 12 19
19 5 47 5
28 49 28 7
12 46 33 14
29 42 47 12
45 19 30 19
19 40 48 6
41 45 46 8
35 25 47 6
22 31 9 21
31 36 25 28
41 39 28 32
22 33 40 15
16 46 35 33
33 0 38 16
36 1 39 17
22 43 18 23
33 10 45 2
31 35 37 6
35 16 10 22
24 49 32 2
31 35 40 28
19 1 48 4
26 48 36 5
4 10 18 14
16 9 38 23
45 21 45 16
14 12 7 12
15 9 34 20
15 22 19 12
36 19 45 0
21 15 46 2
34 33 15 9
25 12 38 17
9 25 35 22
46 37 2 12
20 9 42 0
13 46 16 14
23 47 29 18
35 15 42 6
26 29 39 18
20 24 39 11
26 14 44 23
36 37 16 20
10 41 45 19
24 35 13 24
18 35 19 23
19 11 36 18
10 11 41 17
30 45 15 16
17 2 38 12
20 20 41 1
5 24 33 16
38 17 40 12
25 41 37 15
9 24 48 6
23 8 33 25
46 19 24 19
44 14 48 5
34 40 36 25
33 39 39 18
33 18 37 17
31 41 47 4
32 16 49 5
17 17 45 11
9 6 34 23
22 16 38 17
41 16 34 13
9 45 45 2
3 15 31 18
34 9 46 21
39 32 45 3
41 12 49 3
41 40 42 5
33 5 9 29
45 18 29 19
47 18 45 4
21 9 8 38
28 26 40 21
10 12 47 19
37 20 43 21
28 16 28 2
37 46 30 42
43 13 38 12
33 4 45 4
10 7 47 24
26 46 33 25
10 43 29 19
21 5 10 12
33 32 42 8
30 38 18 4
3 16 26 22
27 39 14 29
35 28 35 11
19 46 34 17
10 6 41 23
39 45 21 21
43 46 43 2
24 25 11 19
32 4 46 5
16 14 45 11
38 16 4 5
12 12 29 5
0 36 44 18
40 16 44 14
46 16 35 26
2 19 42 1
25 35 46 20
19 4 28 20
18 47 30 22
26 49 46 12
39 0 24 38
36 4 33 18
38 47 12 5
34 42 46 3
39 34 39 16
21 22 15 20
30 1 40 14
3 28 16 24
36 19 46 18
10 41 25 0
25 20 43 12
36 31 35 11
48 20 18 18
26 36 11 23
40 21 46 15
39 17 49 10
13 6 42 1
