50 383 15554 800
33 3 48 31
38 39 15 29
28 15 41 3
3 22 9 5
30 27 31 38
48 36 27 3
24 43 20 34
42 48 24 25
48 8 42 24
47 13 45 19
47 13 13 26
14 25 22 25
42 33 18 28
35 30 38 37
14 0 8 0
16 14 48 35
42 29 32 31
4 31 33 8
25 43 37 24
20 2 35 39
40 28 25 23
6 8 13 29
21 20 14 25
41 42 17 20
33 41 21 35
35 14 43 32
48 27 34 23
32 45 41 28
46 43 19 19
48 33 29 12
31 3 46 22
6 1 36 34
31 39 35 35
37 5 43 25
5 15 20 5
26 6 17 2
30 33 39 45
44 19 33 33
35 24 42 46
43 29 29 15
21 2 36 0
7 21 42 21
8 14 14 29
43 15 18 29
26 9 34 15
37 43 48 25
24 21 6 22
37 43 18 6
18 14 37 11
29 40 16 30
32 38 44 25
13 6 22 3
30 30 17 32
36 33 16 28
26 27 10 33
25 13 29 16
46 34 15 29
44 31 11 35
43 8 13 31
17 17 43 22
42 41 29 34
0 32 38 10
38 33 44 35
24 1 42 33
8 21 20 22
4 29 29 47
26 44 8 24
3 2 11 24
10 22 48 31
49 3 33 37
16 26 39 41
31 32 44 29
16 0 24 12
18 6 27 24
33 39 48 30
43 35 35 30
32 26 42 17
39 28 30 21
9 19 43 22
21 44 30 20
44 26 28 25
8 2 23 35
31 42 11 26
22 36 19 26
40 39 22 0
34 43 29 2
2 24 17 26
26 21 12 31
8 36 34 41
8 17 39 45
4 10 47 24
26 26 37 29
46 25 43 46
48 45 45 19
37 9 18 13
28 38 9 16
39 38 33 19
48 11 13 29
49 48 12 26
5 5 8 30
35 20 12 39
43 7 40 27
44 41 1 14
40 42 8 6
9 22 28 13
47 8 46 26
40 19 31 20
30 45 42 35
12 6 40 25
40 20 44 33
25 32 37 27
14 3 19 26
2 3 45 34
31 47 35 25
44 42 45 29
34 38 43 2
5 14 11 2
40 41 26 30
41 37 44 27
42 42 36 38
42 37 23 24
10 12 14 16
47 19 33 32
18 10 7 24
28 15 38 18
14 25 45 34
31 39 36 40
21 43 34 14
8 9 39 32
18 20 11 24
31 48 15 8
9 13 35 6
38 35 39 17
45 43 28 33
40 38 18 1
41 42 37 25
40 31 25 38
3 31 48 4
44 32 32 26
47 41 36 28
2 27 29 44
38 43 6 15
8 20 35 25
46 44 13 27
3 38 16 33
34 18 17 33
39 41 16 12
40 41 43 19
18 48 13 21
42 34 36 33
40 35 42 29
46 3 18 32
40 38 16 24
31 11 33 17
44 7 47 23
33 4 21 28
9 7 38 42
40 43 13 24
47 40 17 29
2 26 18 26
33 41 17 28
8 30 37 38
31 30 34 35
37 17 1 30
2 23 40 16
43 43 45 25
38 45 16 25
42 46 49 36
32 34 9 26
7 8 22 2
6 29 40 30
48 42 40 27
43 43 36 34
41 39 8 6
4 9 12 13
9 20 13 32
1 13 13 38
22 43 11 27
14 32 34 21
36 15 21 30
41 45 27 12
14 2 41 23
28 10 36 17
1 13 13 27
40 34 20 31
9 25 32 30
28 23 13 26
44 47 49 16
19 3 20 22
29 39 41 9
22 41 30 23
9 24 32 33
17 5 38 20
13 7 5 30
5 19 40 26
44 42 15 26
26 34 16 26
38 45 19 14
46 34 7 8
18 9 36 27
1 3 24 42
7 14 45 23
0 34 21 34
41 26 16 30
17 12 11 24
33 45 40 24
22 10 16 15
39 6 17 29
18 6 17 22
41 32 5 29
47 26 33 16
41 7 6 26
44 35 12 27
48 33 37 22
31 7 11 31
4 16 14 9
2 19 37 34
19 49 44 5
7 29 37 11
15 5 15 23
34 37 16 6
22 3 11 42
10 18 42 19
38 45 17 28
42 34 34 19
38 43 13 29
46 17 34 42
34 38 20 37
40 36 11 35
25 10 11 29
18 22 11 32
44 40 29 33
41 43 23 27
6 0 42 21
1 34 32 19
39 39 11 3
40 15 32 38
32 33 42 45
22 39 46 19
29 35 43 9
42 36 39 31
41 41 43 27
43 34 36 27
40 30 14 25
1 7 13 19
32 47 2 22
35 31 12 27
47 39 16 22
17 39 38 15
4 22 28 15
32 43 31 37
31 41 13 27
11 26 15 28
43 45 15 19
39 41 13 24
7 35 43 18
47 41 37 26
37 45 17 27
28 40 15 27
40 45 11 29
35 41 10 9
39 47 49 32
25 1 30 15
3 34 39 35
9 26 45 5
43 38 28 3
4 33 45 21
24 8 29 20
4 14 39 21
48 26 5 28
23 13 22 23
42 36 31 43
32 44 45 46
2 25 5 31
19 41 38 25
4 29 11 29
1 10 15 21
17 3 13 0
36 39 41 24
45 30 18 1
48 15 16 29
10 28 26 26
9 5 10 20
18 17 34 35
15 32 40 23
44 18 12 5
42 9 42 41
45 9 6 25
0 4 18 32
46 20 18 24
27 41 20 2
31 37 29 22
44 34 28 7
13 7 30 36
35 46 13 28
44 8 15 4
15 40 35 18
7 23 32 18
27 41 28 23
9 6 33 7
11 21 18 25
19 12 49 27
47 17 14 31
26 7 1 21
38 0 48 38
35 34 44 27
23 42 34 18
29 19 16 6
25 48 14 24
15 25 39 30
6 30 26 1
29 14 44 27
16 1 18 30
47 45 34 31
41 22 26 4
20 25 28 16
19 8 15 25
16 10 41 34
0 19 9 31
26 3 22 6
10 13 40 11
17 4 22 14
22 9 10 27
48 34 40 27
40 42 14 29
1 19 43 24
34 17 14 21
27 9 14 12
36 2 47 45
8 9 21 20
35 32 8 21
3 0 29 6
37 42 35 17
16 25 14 13
32 37 47 25
12 33 9 16
0 13 23 13
36 18 22 26
29 11 33 14
39 35 42 23
47 13 15 3
28 28 8 31
15 27 27 8
14 22 40 16
47 38 29 29
45 41 13 22
5 11 17 27
35 33 23 45
1 20 12 11
36 41 33 30
28 35 7 2
37 41 14 33
16 28 28 18
44 8 41 44
41 31 12 25
41 16 24 14
21 3 35 24
33 30 40 22
48 8 22 8
23 7 7 20
42 19 47 15
30 30 46 23
8 11 35 22
7 24 11 27
21 9 32 36
6 24 9 26
17 31 28 15
37 2 35 30
39 41 29 30
40 29 36 36
32 44 17 28
13 5 35 19
35 43 1 25
3 8 44 15
47 42 2 22
43 43 33 34
43 24 39 38
7 13 38 19
11 30 15 13
26 41 26 28
22 33 30 40
0 26 36 40
38 11 16 14
