50 629 17028 800
33 13 23 16
49 42 6 17
25 44 13 2
26 2 24 14
18 29 21 13
9 1 21 14
42 23 4 16
1 27 47 43
21 44 32 15
15 3 0 2
20 26 44 41
3 40 37 16
37 3 35 14
29 39 24 6
25 38 39 12
2 32 19 16
8 24 34 49
34 39 21 0
10 18 14 12
26 3 23 25
5 29 34 18
13 10 34 16
47 45 27 10
7 13 20 36
0 27 36 16
44 40 36 49
13 40 30 17
14 14 19 33
20 45 35 16
3 27 3 20
44 49 15 6
15 25 21 17
13 37 8 12
21 20 32 16
10 11 32 16
41 29 23 12
29 18 32 15
22 34 22 25
23 36 19 5
35 4 29 16
9 21 31 6
13 41 45 45
24 48 17 7
9 38 20 13
13 45 21 15
21 42 44 29
5 16 1 13
0 21 5 11
47 49 6 10
44 12 22 15
44 30 33 18
4 32 31 29
47 46 13 26
3 26 29 16
24 27 47 40
9 30 46 37
4 22 2 15
3 30 18 14
44 44 29 1
22 36 18 32
7 29 30 23
9 22 40 46
30 32 34 16
49 44 10 4
47 47 33 20
45 49 32 16
3 27 42 49
28 41 23 15
44 36 5 2
23 49 36 18
48 44 37 17
11 47 10 8
4 25 49 48
39 47 32 16
12 35 14 15
19 7 21 13
21 25 20 15
13 48 6 31
0 32 20 24
14 48 36 13
17 41 34 17
42 27 39 41
3 29 37 45
28 12 22 18
40 8 32 15
44 44 34 18
43 45 37 33
47 48 1 8
20 43 34 15
47 40 11 26
36 11 26 14
16 46 25 15
13 8 34 15
48 41 27 8
5 27 22 35
31 9 39 18
1 33 24 16
48 46 41 48
43 40 21 15
31 26 21 15
49 42 24 11
37 43 4 38
40 47 35 17
18 7 36 15
0 26 22 14
21 39 39 44
11 10 36 17
31 42 19 6
21 18 32 16
14 29 35 28
15 18 17 12
27 7 22 13
28 27 26 0
17 29 36 13
0 25 38 22
18 45 13 11
5 21 9 11
46 42 32 11
1 24 18 8
20 37 32 14
43 42 4 16
41 44 36 16
2 31 47 43
18 36 44 44
5 23 21 5
47 48 35 11
33 44 32 15
47 47 38 48
46 47 13 11
38 48 20 22
8 3 35 18
48 37 49 33
2 21 7 1
48 46 22 12
0 24 13 15
1 27 18 12
29 16 25 44
32 33 25 17
46 39 34 7
46 44 15 14
30 7 35 14
25 44 20 3
16 40 20 15
0 35 36 15
47 41 10 44
19 43 32 15
42 13 20 8
18 8 12 25
40 49 26 16
2 30 34 15
45 41 34 15
43 37 20 4
44 48 35 18
27 20 35 14
33 3 10 19
35 43 34 17
11 35 38 49
28 25 23 12
5 22 30 15
2 34 9 20
48 22 19 18
12 38 34 13
26 24 35 17
36 4 13 4
27 39 35 14
5 23 32 44
24 23 41 42
39 47 8 14
46 47 35 11
16 45 44 22
12 37 45 48
43 0 30 24
42 43 27 25
47 43 17 16
3 28 39 17
2 25 36 14
45 44 15 32
20 46 35 44
29 15 24 16
35 38 39 10
47 41 41 33
6 10 45 46
24 40 37 16
38 47 19 0
44 37 46 46
0 44 46 45
44 14 16 14
39 1 23 23
19 21 20 4
9 41 34 18
6 6 32 17
14 47 20 16
29 18 22 14
4 36 33 36
16 37 31 9
0 25 38 16
9 26 19 38
43 8 22 5
20 2 24 12
21 8 21 30
46 44 35 18
46 43 23 15
6 30 49 41
24 26 33 17
0 21 36 16
0 20 18 24
0 17 43 40
5 25 9 14
9 24 9 19
43 40 35 17
31 30 29 15
44 43 35 19
19 23 44 42
20 0 43 49
6 45 22 24
1 28 40 44
5 48 31 15
23 14 32 13
29 32 30 14
17 26 46 48
23 33 32 14
16 40 26 13
20 26 6 13
49 43 17 22
0 19 49 41
45 37 32 15
18 19 23 11
32 7 8 8
8 36 33 17
49 37 21 15
27 6 2 8
6 48 25 19
8 42 31 24
44 42 23 18
24 48 37 16
5 27 35 12
18 1 41 43
2 28 23 14
10 43 44 40
16 32 19 14
30 38 22 13
44 22 16 16
22 22 6 21
0 19 35 10
12 43 45 49
43 40 25 15
46 48 38 16
0 26 0 2
27 24 32 14
49 44 13 8
15 39 35 16
46 38 24 11
49 40 20 16
4 43 20 9
2 31 31 15
6 29 23 13
47 43 5 6
3 44 33 15
27 9 20 13
48 40 46 45
47 47 40 18
14 43 42 48
5 28 37 13
19 40 19 10
3 24 25 16
29 44 15 20
4 24 47 33
22 10 32 15
6 30 18 12
39 45 36 16
22 42 47 42
15 47 23 49
4 29 30 41
35 41 48 47
16 47 23 5
22 1 21 14
14 11 47 42
3 23 23 11
11 38 20 14
49 44 22 15
38 22 39 46
32 10 38 37
10 20 30 17
2 48 33 21
11 37 33 20
23 8 46 49
48 39 13 4
25 42 41 46
45 49 25 15
21 45 31 11
48 45 20 11
2 31 8 14
31 13 7 26
48 41 21 12
0 23 9 1
40 25 32 17
31 19 20 12
0 43 34 19
48 43 16 11
24 48 25 15
21 44 5 6
0 38 41 46
28 9 25 20
7 32 37 17
35 27 35 10
46 42 30 47
2 27 16 13
16 47 48 46
17 11 22 13
11 14 48 49
4 26 6 16
23 16 43 41
49 48 34 27
45 47 32 17
46 44 36 16
33 6 22 4
45 48 41 42
45 41 33 18
47 38 40 44
20 37 45 22
14 29 21 15
39 22 20 4
12 41 46 43
43 48 36 16
44 49 19 5
47 37 25 24
5 27 12 9
7 30 40 42
47 44 34 15
22 32 21 13
44 39 20 13
23 26 36 15
30 23 45 15
29 25 32 15
1 33 15 5
8 33 7 6
28 26 32 17
44 42 32 18
43 44 24 2
42 47 38 42
33 31 37 15
47 40 44 44
4 24 22 35
11 31 14 14
5 19 41 48
21 46 8 44
5 27 35 15
44 44 36 12
5 48 49 45
45 41 34 15
20 43 30 41
42 38 8 10
8 25 31 14
33 48 35 27
31 45 18 20
17 32 28 5
14 2 23 14
48 48 23 13
44 42 34 16
6 27 13 8
46 38 33 18
10 49 26 9
7 41 20 12
36 8 30 7
5 39 34 17
46 20 33 16
46 49 23 13
46 47 26 9
1 29 49 41
47 42 21 19
26 16 41 43
21 27 32 20
44 48 38 14
4 49 24 5
43 1 39 16
48 48 49 28
8 47 25 33
43 39 33 15
19 46 19 5
11 49 30 38
6 21 25 15
25 45 8 15
35 10 39 46
46 43 34 14
3 28 33 19
47 43 11 6
17 22 45 34
22 39 37 19
14 32 36 17
49 43 34 14
36 16 27 46
7 26 23 14
47 13 37 49
16 12 38 34
35 46 32 17
8 10 42 48
7 44 25 13
12 33 30 12
25 49 20 14
16 28 46 49
40 41 24 17
30 6 27 17
30 24 47 47
21 48 45 34
39 18 37 13
48 41 34 13
3 22 35 33
5 24 29 16
41 43 24 30
11 31 44 43
6 10 10 6
1 26 37 18
4 42 32 18
29 26 23 14
16 49 27 29
15 3 12 5
17 34 33 19
35 10 36 15
1 23 41 48
11 44 46 46
41 44 31 15
23 3 18 40
22 28 33 12
4 23 22 17
22 36 33 31
37 17 28 35
0 26 36 49
31 17 19 16
46 46 8 10
14 20 28 8
15 28 25 24
14 10 8 11
48 0 47 38
42 43 10 21
7 35 22 15
20 9 49 14
12 47 34 18
27 44 25 12
19 46 21 11
15 19 46 44
45 45 28 18
47 46 35 47
4 25 18 10
1 32 12 20
7 39 35 16
17 16 33 19
4 19 44 48
23 25 23 20
16 28 22 12
7 9 34 18
19 26 34 16
23 20 23 10
47 42 24 15
21 37 24 12
25 33 44 42
0 27 24 10
48 45 34 16
3 40 18 11
1 27 6 33
2 37 22 13
29 5 45 30
39 43 32 19
46 42 33 12
21 5 49 46
24 34 36 15
33 8 18 14
44 42 28 5
16 41 13 7
28 34 32 44
7 28 35 13
2 30 32 13
11 25 24 23
4 18 18 9
44 43 21 12
7 25 49 43
47 39 49 44
41 42 23 13
42 40 33 28
34 18 30 37
23 20 36 14
24 25 38 42
17 43 38 14
22 7 16 11
20 27 23 14
32 1 28 20
44 41 29 19
27 9 31 21
7 11 27 8
15 12 16 19
41 46 33 8
23 40 38 48
1 27 23 16
4 27 15 18
3 24 34 17
5 28 33 18
41 9 35 44
41 46 23 20
16 4 6 22
19 32 23 12
17 38 28 24
48 8 30 15
46 36 8 17
43 44 46 41
2 22 31 39
2 29 45 44
29 32 31 17
5 24 17 27
29 24 39 40
24 46 41 49
29 4 36 15
43 30 24 15
7 26 47 46
47 36 35 15
18 1 44 48
42 31 31 14
9 40 35 19
46 44 43 46
11 46 12 1
34 26 24 14
2 23 30 14
20 26 39 20
6 24 2 17
15 28 17 1
4 41 19 22
22 2 34 15
46 34 21 6
27 36 18 17
37 31 38 15
35 13 44 39
37 46 3 11
22 20 48 35
44 43 19 14
47 43 21 20
10 42 42 49
10 12 14 8
18 21 38 40
5 39 28 0
2 25 33 17
43 8 21 18
7 39 34 38
45 42 23 16
44 45 35 15
1 29 14 20
49 44 36 19
10 35 35 46
5 23 45 47
5 22 24 16
49 39 43 38
7 26 31 17
37 46 33 17
2 19 36 20
38 4 33 18
18 33 5 2
39 44 20 15
44 46 10 9
48 45 6 17
47 15 32 17
35 14 46 41
1 33 37 17
13 9 44 5
29 24 32 18
46 46 18 0
49 42 44 35
49 46 14 1
9 26 17 10
1 13 36 32
46 44 41 41
8 15 47 39
6 23 36 21
22 22 15 0
9 26 16 14
19 47 27 8
28 44 26 9
29 41 23 14
3 2 17 21
43 12 34 15
5 23 31 42
49 46 38 19
18 39 25 11
43 46 22 13
3 30 34 7
39 3 34 22
13 41 35 13
4 27 15 13
30 36 48 37
9 38 34 22
15 23 36 15
11 31 44 44
20 7 31 10
44 43 33 20
20 36 34 16
10 37 29 17
46 40 34 18
6 16 38 48
13 38 12 6
44 11 32 16
1 25 41 38
48 43 33 17
47 44 31 18
42 36 23 16
45 40 19 34
43 40 37 47
41 2 11 13
46 38 25 11
21 3 34 19
8 28 7 8
13 46 36 13
44 45 39 39
27 32 46 15
11 44 38 46
0 31 45 40
48 18 22 15
3 22 21 11
5 29 39 15
32 15 41 37
26 48 21 4
30 35 24 14
14 27 23 15
34 14 25 10
1 47 18 13
1 22 44 44
7 49 44 23
22 47 37 16
36 12 36 47
38 14 40 41
13 16 36 18
1 23 30 13
30 35 20 21
37 44 22 16
