50 467 18065 800
11 48 37 41
31 1 11 1
4 42 39 46
8 16 23 31
22 3 44 22
9 16 43 40
25 41 26 13
6 19 45 40
28 3 23 12
3 48 34 38
4 22 38 17
11 38 20 47
17 5 39 18
23 44 46 45
20 0 34 39
10 31 24 11
0 22 14 7
0 23 19 9
37 25 28 18
23 42 38 35
20 1 31 29
2 15 25 8
13 27 24 7
15 48 39 37
36 49 22 17
19 4 22 45
27 2 33 7
7 18 16 4
23 5 23 13
3 22 49 34
3 22 26 1
22 3 28 37
23 43 31 37
4 21 27 5
0 23 18 1
2 20 13 45
9 46 37 44
5 12 35 24
20 1 24 8
43 43 21 15
15 4 13 10
17 3 33 10
14 36 27 10
20 0 22 17
0 17 21 6
27 35 42 36
20 2 19 15
13 31 22 10
14 44 18 40
4 14 44 35
1 17 35 21
1 21 38 38
19 3 38 15
15 1 23 20
10 18 39 38
30 44 32 25
31 37 43 44
11 26 20 31
6 18 21 14
17 37 32 27
22 5 26 23
29 37 24 24
2 21 27 10
17 0 25 38
2 19 15 19
14 3 6 34
13 17 17 13
21 36 19 23
25 38 23 15
5 18 49 18
23 35 35 41
2 22 34 22
38 26 11 16
18 7 43 37
15 41 37 19
1 15 40 33
4 16 46 32
12 38 30 18
1 19 43 30
19 43 11 45
3 11 41 37
2 14 22 24
23 39 39 36
36 24 37 38
16 30 11 11
25 29 19 5
18 6 41 30
19 1 31 18
14 1 24 24
24 4 11 5
26 23 46 49
17 2 32 46
18 1 4 31
19 29 37 12
17 4 16 11
4 15 27 14
20 1 34 30
24 37 31 49
21 2 29 26
25 4 38 26
12 22 30 6
4 23 14 12
1 16 25 20
19 0 32 39
1 29 26 15
12 5 31 28
17 5 27 16
1 22 34 16
6 21 23 17
21 5 31 28
0 18 18 13
17 4 16 13
2 14 44 29
2 20 26 16
36 8 39 31
27 40 16 3
17 2 42 29
16 1 21 45
12 40 24 11
20 0 40 40
18 24 21 20
16 33 47 44
20 5 38 35
41 46 38 20
0 15 29 26
24 0 27 30
18 6 46 44
12 35 48 11
23 42 41 38
4 35 35 35
19 3 40 35
8 14 19 15
31 40 24 1
14 37 22 16
17 1 18 10
22 35 24 13
24 4 36 6
25 2 27 10
22 3 47 27
16 42 9 24
3 16 30 9
34 40 24 1
24 48 33 11
26 45 25 13
13 40 29 8
24 6 7 37
29 47 36 35
0 20 32 16
7 14 31 14
2 19 17 43
25 41 27 38
19 1 31 36
21 0 30 36
14 38 27 10
4 17 18 15
18 30 49 3
6 35 12 3
23 6 46 45
26 1 20 40
22 2 40 38
16 22 38 37
20 31 23 17
24 4 8 30
16 39 23 15
20 39 38 27
17 0 34 16
22 1 48 39
21 10 25 6
1 23 22 9
6 18 29 21
13 41 20 9
17 30 18 7
47 44 23 5
14 47 25 3
1 17 21 12
3 17 33 19
25 2 37 22
22 8 40 24
0 21 23 18
21 38 15 4
23 5 16 31
34 36 36 41
9 22 44 36
9 20 20 5
49 37 43 35
16 4 32 15
20 0 23 26
0 20 20 14
7 18 19 16
10 45 29 21
2 21 29 19
14 7 28 14
20 42 40 16
35 5 43 46
11 37 39 10
18 33 40 14
13 37 31 42
16 23 37 21
33 39 34 25
20 2 36 21
12 44 42 47
0 19 31 16
16 0 34 38
1 18 24 17
0 22 39 36
31 35 35 18
1 15 49 29
19 38 33 17
41 0 21 7
13 25 39 21
0 18 39 31
1 17 36 22
36 48 27 36
2 39 38 33
13 24 21 37
5 20 25 13
16 36 7 17
15 42 20 19
27 34 32 39
22 0 30 17
26 41 24 21
22 4 47 37
11 38 28 19
17 45 42 44
42 12 31 23
19 5 20 1
25 3 31 15
42 38 44 32
3 18 41 34
17 29 39 32
19 1 22 22
17 5 29 23
20 0 24 44
16 1 33 38
18 4 45 12
17 4 30 19
3 24 20 5
36 24 35 42
25 28 22 13
23 5 28 14
20 2 18 43
23 4 28 10
28 40 36 20
18 4 33 37
23 7 28 15
38 36 48 33
1 16 10 9
10 40 37 14
33 33 45 26
16 0 31 28
16 44 31 15
14 30 26 5
16 2 41 13
12 11 9 25
43 47 43 40
24 32 28 33
4 16 40 41
21 1 22 48
23 41 27 30
19 3 17 8
1 16 19 12
8 15 41 37
24 45 30 27
23 48 11 46
0 17 19 18
21 30 45 20
2 19 39 40
1 15 16 8
1 18 36 7
18 13 20 29
3 23 46 35
2 19 47 31
0 16 45 14
34 7 21 27
20 0 37 35
6 33 49 47
38 0 23 34
6 15 40 42
2 15 37 32
11 5 33 30
24 32 16 33
24 0 26 20
13 47 25 5
1 44 29 40
16 2 36 20
22 0 28 22
19 2 24 20
15 6 24 22
22 33 29 27
13 16 36 21
18 3 22 19
17 4 27 27
11 43 29 12
1 19 33 32
9 13 40 34
0 24 33 37
13 28 38 46
10 17 27 16
24 39 32 23
1 16 44 35
3 29 33 45
29 38 23 11
2 18 29 8
19 44 35 8
8 13 15 33
22 40 39 45
27 35 27 21
9 35 47 40
3 14 24 4
28 38 36 29
3 19 41 44
19 48 25 33
10 28 36 25
25 34 35 35
13 40 34 20
22 1 38 37
27 47 22 10
24 39 30 22
18 0 20 28
4 21 21 11
23 2 30 28
23 29 35 5
5 18 26 7
11 17 23 13
19 3 39 47
10 37 19 12
20 2 15 41
1 16 21 22
9 48 15 21
0 21 28 40
2 20 22 11
6 47 13 24
22 38 19 12
19 0 28 44
1 22 22 11
44 6 22 29
22 0 33 7
7 16 31 10
21 0 38 39
22 4 23 20
0 20 31 5
1 16 33 12
15 18 19 8
4 16 34 23
3 17 25 17
3 19 41 38
20 33 14 5
19 4 25 2
20 3 40 29
30 30 29 12
8 20 44 38
26 32 45 29
24 47 24 19
21 3 20 7
0 18 39 40
0 18 26 14
17 5 25 1
22 1 38 17
4 18 33 19
24 2 32 9
27 48 30 15
24 26 29 11
3 18 20 13
13 0 23 32
2 17 26 9
6 18 33 14
44 10 34 37
8 39 47 43
20 41 8 36
1 18 31 8
6 20 24 30
16 3 24 19
22 0 8 48
19 29 29 21
32 46 21 18
7 14 25 19
37 28 29 8
29 48 37 32
20 2 27 4
1 21 18 11
19 37 36 20
2 19 35 38
21 41 25 35
0 15 30 34
21 25 21 20
20 4 26 12
18 2 22 17
15 9 35 36
34 34 29 2
17 3 24 3
31 44 43 34
3 19 32 10
28 34 18 16
26 36 31 41
47 45 7 36
21 34 40 42
23 22 31 20
0 19 34 43
20 45 35 6
2 40 17 39
2 21 21 26
1 22 30 14
26 42 21 22
21 2 25 21
28 31 22 6
18 44 38 40
18 2 16 31
27 45 23 19
28 45 31 22
1 16 43 34
1 20 32 20
21 30 31 22
27 33 36 44
21 3 29 19
3 34 27 27
21 3 27 4
19 47 17 21
1 16 21 30
16 4 17 15
8 19 49 38
0 14 33 18
15 2 20 27
8 23 14 11
30 47 39 37
4 21 25 22
1 19 36 21
0 17 44 20
0 15 39 34
19 3 33 10
18 43 45 30
11 23 45 34
24 38 23 6
13 20 47 24
24 37 35 18
11 11 18 31
15 37 44 33
20 1 40 44
22 0 43 37
1 21 36 42
3 24 35 35
34 30 27 13
8 26 28 21
20 3 24 12
22 4 34 12
0 15 19 11
0 33 30 35
22 4 17 18
26 45 25 12
25 46 31 25
9 16 21 12
2 19 24 12
21 2 15 4
3 21 44 34
20 39 35 16
19 2 32 8
16 39 33 41
18 4 35 15
23 48 45 32
1 23 23 16
5 22 21 14
9 15 6 13
17 4 39 15
3 20 35 12
11 44 28 14
7 43 15 8
29 46 30 25
3 22 23 7
