50 260 16507 800
38 24 10 28
8 39 30 13
33 26 41 6
23 18 34 40
13 38 23 41
30 27 13 24
3 48 7 26
4 44 35 19
7 26 19 28
25 24 10 28
11 30 10 43
23 38 40 31
30 18 8 37
33 26 3 13
25 11 38 21
15 37 45 40
23 22 6 26
48 16 42 9
30 31 45 38
44 36 48 31
7 38 29 14
1 35 47 31
4 47 30 41
47 25 8 28
6 41 9 33
13 35 46 31
32 31 44 39
44 16 15 10
13 48 15 45
2 46 21 38
14 20 7 26
32 27 44 40
21 26 7 44
19 32 1 3
27 18 27 30
40 20 30 15
4 29 39 19
17 45 25 47
11 32 1 37
6 33 36 1
9 48 6 27
44 42 46 25
7 26 40 36
18 47 32 35
2 25 42 42
7 21 4 7
24 27 3 39
27 36 4 12
28 28 26 32
36 33 47 27
18 40 40 5
32 6 8 27
5 29 49 4
12 46 26 13
4 34 3 16
40 34 25 48
34 25 29 12
30 16 13 37
27 27 27 37
33 45 7 29
32 27 12 30
20 19 13 34
11 17 20 44
0 41 33 30
33 29 6 28
32 31 27 42
7 30 16 9
28 24 3 26
7 42 36 32
5 47 46 41
29 28 17 23
30 35 8 29
34 22 4 33
27 23 35 23
41 20 6 48
11 29 44 45
7 43 0 49
0 23 2 15
23 23 19 47
40 19 15 45
2 40 6 0
9 42 33 23
5 47 14 26
10 47 47 46
35 27 34 33
3 39 27 15
1 46 7 13
33 28 19 36
4 31 8 32
0 18 30 48
2 32 46 44
33 45 31 35
35 42 14 46
37 17 31 26
26 26 43 45
31 32 28 47
47 20 10 25
25 32 24 0
36 33 43 42
40 20 33 11
28 30 6 48
3 48 21 39
44 32 25 33
2 28 19 49
16 27 22 34
43 36 32 19
32 20 3 4
30 33 27 36
0 49 40 39
34 31 27 33
25 30 4 33
45 37 27 22
28 27 46 39
2 43 48 28
28 27 8 30
39 22 6 28
25 27 35 36
28 24 33 6
7 30 48 9
26 40 40 4
41 30 18 34
15 38 20 48
27 37 37 33
33 33 7 1
29 32 7 42
23 45 8 28
24 25 21 33
7 31 8 23
11 40 41 33
17 49 44 39
8 38 24 45
8 40 38 46
45 12 8 22
17 37 13 29
2 36 37 17
14 49 41 36
31 34 22 7
6 28 30 47
2 30 34 19
26 30 30 46
35 13 38 30
4 31 17 42
4 29 31 6
9 43 14 8
27 24 32 37
33 20 2 6
30 18 23 10
28 8 45 30
30 34 11 46
2 15 26 48
29 27 37 10
3 35 33 20
41 2 24 42
12 44 10 29
45 15 2 26
34 36 39 15
33 39 15 38
48 19 38 48
13 48 25 10
29 29 4 27
0 48 49 45
17 27 26 23
2 43 47 28
38 28 29 9
2 30 30 35
2 23 44 27
27 22 4 3
2 19 3 46
36 7 30 10
9 46 35 36
2 40 5 27
25 15 17 4
37 11 14 7
12 49 22 27
37 21 44 37
0 40 44 41
38 33 28 44
29 27 12 7
4 30 38 2
14 26 32 36
34 27 11 17
36 41 4 27
28 26 6 30
5 46 36 35
29 39 16 32
33 37 40 13
45 20 49 27
37 24 28 45
9 36 4 29
39 28 31 41
13 41 2 1
36 30 28 38
35 20 43 32
3 34 8 31
39 21 11 40
27 27 36 16
5 25 43 21
36 33 25 46
8 25 47 26
2 25 7 49
11 46 13 21
19 41 28 49
14 45 13 34
20 22 15 19
25 21 7 27
3 24 49 41
22 24 31 43
19 32 4 19
17 28 23 8
2 33 28 27
7 43 20 36
39 23 42 40
36 29 34 19
26 30 2 18
32 29 31 5
27 28 3 25
19 42 34 26
40 27 37 33
46 20 22 31
3 38 8 29
27 24 3 32
30 14 34 31
2 34 37 22
20 47 34 41
25 34 49 27
3 24 7 28
12 36 39 36
29 28 3 29
38 24 10 10
36 20 3 9
11 40 49 26
25 31 9 29
18 41 23 17
39 28 3 44
8 29 30 43
21 40 18 34
30 23 21 40
40 25 46 31
8 45 7 25
23 17 3 36
21 33 5 24
7 37 14 0
30 24 35 26
42 18 2 27
0 26 6 25
35 16 8 28
27 32 27 49
25 26 8 27
11 35 29 43
26 8 29 48
35 25 18 38
1 27 8 27
20 49 19 35
29 35 24 37
21 29 47 41
18 43 34 34
2 47 29 19
45 33 25 40
33 27 13 48
35 42 31 6
