50 232 18368 800
39 31 29 23
15 9 18 26
26 17 1 10
0 12 38 38
4 33 31 49
2 32 33 14
8 38 22 18
5 28 14 15
9 30 27 25
6 8 28 38
13 1 10 13
0 0 21 6
34 8 18 44
7 35 30 35
7 12 29 12
15 9 21 38
10 31 33 13
8 32 48 17
11 8 2 24
44 44 6 21
13 5 1 18
44 47 34 46
8 23 20 21
14 12 36 47
5 5 25 14
14 8 34 40
24 9 3 44
7 9 32 10
10 32 4 43
15 36 8 12
8 6 30 16
14 36 37 26
12 11 4 13
15 10 24 28
14 7 27 20
10 11 25 6
4 43 39 8
16 4 10 40
21 8 31 17
13 6 2 15
13 3 7 4
11 35 41 42
20 12 11 26
5 32 20 48
42 44 8 14
8 30 25 15
37 34 31 45
6 29 14 1
10 2 30 12
49 39 34 11
13 14 24 0
5 36 37 23
20 6 38 39
3 17 25 14
43 43 16 26
11 3 41 39
38 13 31 12
11 11 27 29
8 33 2 43
10 1 26 11
23 0 3 3
14 4 35 6
8 34 17 6
12 32 11 43
12 6 17 22
42 47 38 30
7 38 12 41
11 36 6 7
42 40 20 26
45 45 1 23
8 38 22 17
1 10 13 45
40 6 29 14
14 3 26 28
44 46 19 13
10 33 9 25
7 8 24 48
10 36 42 38
37 35 11 14
9 8 31 15
10 35 3 5
4 17 25 24
13 6 27 9
12 12 25 32
48 36 11 14
47 39 20 35
12 8 6 33
6 30 32 48
12 34 31 17
7 27 26 8
3 0 9 20
10 6 3 20
13 6 35 12
43 41 37 39
6 30 28 6
13 22 25 28
10 32 13 46
16 2 23 11
15 8 27 49
3 5 24 37
10 35 8 20
15 4 42 38
15 22 16 30
12 7 18 45
10 9 44 29
6 34 22 28
5 37 22 30
6 34 18 1
12 32 25 0
13 8 13 48
9 40 28 16
4 34 13 3
12 4 35 12
5 32 26 11
13 11 11 31
49 35 35 23
20 9 33 10
7 5 24 15
8 38 19 27
14 35 9 25
42 47 29 39
11 24 29 14
10 11 39 25
4 34 37 32
12 10 42 32
47 41 5 13
17 7 8 39
13 4 20 13
46 36 34 29
3 35 10 4
11 33 32 27
23 4 3 35
4 32 42 43
6 35 47 42
9 7 29 16
8 30 2 4
8 38 10 7
10 33 32 7
27 2 32 16
10 15 29 45
1 0 29 38
16 8 4 32
46 35 26 11
13 5 16 8
5 35 32 9
12 8 6 24
15 1 11 45
34 6 2 26
35 30 10 47
47 41 28 26
7 36 28 14
5 36 28 32
11 9 36 48
34 35 47 36
16 7 25 14
12 7 30 16
34 5 9 37
15 8 24 10
11 34 25 42
12 6 35 2
13 9 17 34
1 12 9 27
11 6 23 19
13 6 5 8
16 4 24 14
49 44 32 25
1 34 10 35
8 8 31 15
16 8 7 24
15 9 22 0
9 9 21 22
5 34 39 17
5 38 46 40
8 29 33 36
13 11 17 22
12 3 2 17
12 33 0 13
49 42 24 11
9 37 23 2
11 4 27 13
11 9 19 27
44 42 29 10
13 34 45 43
48 12 3 49
7 32 43 13
15 9 2 40
6 20 12 32
16 13 27 12
14 33 24 37
12 5 28 9
6 17 21 43
8 34 3 48
14 5 27 8
8 36 16 26
39 37 26 27
11 7 14 37
13 31 34 14
13 3 8 44
30 7 37 39
14 9 28 15
49 38 11 38
13 10 44 44
15 19 6 41
9 43 24 44
8 34 19 33
42 21 27 9
8 35 38 29
49 13 5 40
11 16 4 16
15 43 26 7
17 5 1 41
33 9 43 17
32 37 30 14
4 38 29 26
16 4 32 44
15 8 24 19
43 3 49 32
6 31 22 17
11 34 41 30
41 28 32 13
8 36 7 21
6 33 21 0
20 3 45 45
16 7 30 10
27 10 11 3
14 6 25 14
12 10 30 9
12 40 35 7
9 31 24 41
13 7 44 15
19 12 6 46
9 28 28 10
