50 125 14043 800
27 17 36 25
15 17 42 31
12 15 42 47
31 28 33 20
13 14 38 31
22 20 29 17
40 25 35 15
36 2 48 20
2 11 40 38
12 20 40 35
35 27 42 20
12 15 40 11
38 14 27 30
17 13 6 37
12 12 26 20
39 30 10 47
43 10 37 20
42 2 35 32
21 23 36 38
15 16 23 40
36 11 30 25
35 25 34 35
28 15 35 36
14 27 35 24
9 15 41 21
39 1 43 0
18 16 28 16
14 14 21 28
13 14 40 14
42 8 43 14
38 9 25 48
15 15 40 33
26 1 2 34
22 11 5 46
22 27 40 26
43 20 30 7
28 4 18 19
17 9 5 25
24 1 30 39
16 24 32 24
11 16 30 25
29 28 20 39
22 24 15 40
34 3 40 35
20 15 36 26
42 18 37 23
31 32 30 25
12 14 39 30
14 16 32 30
37 48 36 29
10 12 40 31
20 17 37 36
10 26 31 22
17 15 11 49
12 13 36 29
25 21 35 32
25 25 34 27
32 1 33 32
48 20 15 49
22 18 23 45
31 18 7 41
19 13 32 15
35 16 31 32
21 26 7 34
40 13 30 32
24 28 41 32
28 40 31 28
11 11 44 29
29 1 36 29
18 16 30 34
32 0 33 34
9 9 40 28
8 13 39 37
27 9 11 27
30 23 40 15
44 12 29 31
22 22 44 15
11 13 26 25
15 16 18 48
41 17 30 37
34 15 28 37
37 3 34 36
25 17 35 34
30 32 32 14
10 18 37 35
39 18 43 33
32 4 36 39
44 24 21 27
35 5 33 28
33 26 22 49
8 20 39 25
14 15 19 39
27 18 44 26
44 5 30 32
35 14 19 37
3 8 34 27
7 29 30 30
1 27 21 27
31 17 37 39
14 12 33 30
18 28 34 34
26 7 44 31
42 7 35 27
41 8 33 27
27 5 10 42
22 26 33 28
12 21 43 29
35 13 35 31
28 19 30 49
11 14 29 31
14 16 39 27
1 17 44 26
37 7 30 35
26 17 40 25
10 28 8 39
40 11 27 38
30 42 27 17
41 13 27 18
44 9 33 34
6 42 34 33
47 40 19 42
23 10 36 17
32 5 26 23
35 6 27 41
15 10 28 13
