50 1008 12557 800
35 25 40 40
38 15 4 30
4 43 24 27
42 35 27 27
36 20 32 41
40 35 42 31
17 20 46 36
4 15 7 41
22 25 10 45
15 17 36 41
39 24 8 47
9 6 45 41
12 2 37 31
41 23 38 9
40 48 23 32
32 42 38 4
40 35 16 36
46 25 45 40
35 21 32 34
39 26 35 44
47 30 17 23
41 26 27 19
42 15 25 38
14 1 24 34
43 35 6 10
13 17 31 31
10 5 36 40
47 5 32 35
27 12 21 47
29 4 43 14
36 28 48 34
44 48 23 30
44 30 35 19
30 15 28 32
41 40 33 35
42 28 33 41
40 40 44 29
49 44 22 27
45 15 21 36
45 14 19 28
16 14 39 42
16 14 14 44
43 35 14 27
42 48 30 24
13 4 16 43
39 11 2 41
1 1 20 1
46 36 26 24
40 33 28 40
5 26 31 41
40 20 17 23
48 43 15 34
32 20 20 41
4 41 22 27
12 7 27 21
35 22 27 31
47 47 30 37
7 0 12 12
26 22 6 43
40 38 29 10
43 44 35 29
2 31 37 25
29 44 4 46
2 22 45 35
38 28 41 0
13 11 27 31
45 44 10 41
18 18 29 22
11 38 26 30
40 17 19 27
37 35 3 12
45 38 10 48
47 42 18 31
41 41 3 42
21 22 31 40
16 28 27 22
18 3 48 32
19 28 39 35
23 9 26 12
30 28 4 38
45 12 0 47
43 44 25 41
49 45 14 49
45 32 28 45
41 34 23 4
28 30 16 39
1 42 39 30
40 12 3 45
4 36 40 33
35 44 30 34
12 13 42 17
47 46 40 4
39 25 25 41
49 37 27 26
9 42 11 10
48 21 34 37
48 9 6 18
30 22 43 35
7 44 49 35
11 38 4 44
46 26 29 38
2 49 21 28
37 25 31 6
39 10 23 28
42 19 5 45
46 36 48 21
34 33 1 24
19 5 47 25
41 15 35 30
41 13 30 35
44 32 15 38
7 37 21 42
46 9 27 32
34 26 45 34
26 33 42 42
36 7 20 12
47 48 32 14
47 35 43 40
37 19 29 17
4 26 3 41
12 12 24 28
22 18 14 47
40 27 48 40
9 40 25 40
22 18 41 5
46 18 1 40
6 46 28 36
8 0 4 22
4 41 28 36
25 35 2 46
34 34 34 20
42 16 21 14
35 21 29 33
34 31 26 14
17 11 12 45
44 40 12 14
40 38 30 37
3 46 44 31
29 16 41 35
34 27 26 40
29 15 6 1
15 0 41 34
6 2 27 28
8 10 47 0
42 18 11 49
48 13 32 44
8 19 27 42
14 44 26 39
1 6 41 33
37 27 34 12
29 1 24 28
37 11 13 15
0 2 35 46
46 41 12 42
46 34 33 41
39 13 31 31
1 19 45 34
45 21 35 46
21 11 7 34
42 19 26 12
49 40 47 32
47 37 30 28
45 22 4 20
12 4 26 31
4 13 29 45
35 24 31 29
47 28 20 35
7 6 5 49
10 7 22 42
40 46 37 39
9 15 19 32
41 33 23 49
38 11 43 37
48 10 21 24
46 21 23 29
2 8 11 41
49 48 34 32
36 43 1 34
48 33 20 16
22 49 41 36
41 41 34 34
22 14 31 40
47 16 35 41
42 29 32 31
42 48 31 35
6 21 46 48
32 12 32 5
49 22 11 43
44 34 5 42
45 30 20 48
31 21 10 12
46 44 4 21
39 37 27 31
25 26 34 20
3 13 25 20
26 33 36 19
44 18 40 0
37 34 15 46
8 48 4 42
35 32 21 29
44 16 12 30
39 24 10 9
44 43 34 37
36 34 38 23
9 1 26 29
44 45 38 31
35 19 0 45
30 20 49 36
24 16 34 6
48 31 5 20
29 14 24 29
47 20 45 36
46 25 5 45
36 46 49 44
38 17 3 43
44 38 39 3
25 45 30 21
38 37 30 40
14 3 22 35
5 49 27 39
35 31 43 33
38 18 33 26
4 21 40 6
44 8 23 26
5 2 31 43
21 44 17 17
47 42 41 41
10 6 32 42
49 31 21 39
11 12 18 41
34 26 39 37
39 34 25 46
36 21 43 29
45 4 25 25
38 24 28 39
36 18 44 39
45 41 31 35
36 15 41 38
10 31 24 35
38 29 40 36
2 39 27 30
44 18 45 40
18 30 17 19
24 8 48 47
39 20 10 24
42 42 46 35
5 5 8 41
7 18 21 20
40 31 24 37
31 41 14 18
13 24 39 37
10 29 21 39
43 17 26 34
31 21 35 31
27 47 40 39
32 42 9 30
33 24 39 35
31 25 26 28
40 36 19 43
22 34 6 35
47 23 13 23
38 30 21 33
33 41 43 32
45 33 41 47
42 31 29 32
46 40 30 14
35 11 22 26
37 49 45 35
47 21 32 31
46 34 26 32
15 30 27 15
7 13 14 32
39 21 47 14
3 47 42 30
24 7 24 34
1 34 31 39
42 20 25 22
46 40 0 42
13 19 27 45
14 10 0 45
46 39 5 39
4 5 42 38
36 30 42 35
44 37 26 31
41 20 13 11
34 28 18 34
45 36 29 33
40 29 21 34
1 6 1 47
30 24 24 44
27 5 33 37
10 14 37 45
5 24 45 39
44 21 25 25
14 12 11 46
44 22 29 37
23 11 0 45
16 6 42 4
25 7 24 33
10 0 26 28
37 41 0 18
42 20 38 1
30 14 24 34
26 30 17 10
11 12 21 32
39 46 33 28
44 26 26 30
38 23 43 33
23 19 6 28
24 36 45 29
18 4 22 46
6 46 32 20
3 17 23 41
39 44 46 41
24 12 44 45
3 14 25 29
48 21 32 41
37 29 32 40
35 20 39 40
33 25 45 46
44 25 46 2
32 45 41 47
45 35 27 49
29 26 36 21
13 8 13 33
36 15 19 18
13 16 31 26
0 0 1 47
10 10 42 48
28 18 42 19
36 27 25 42
3 8 31 11
23 28 24 35
35 19 22 45
44 16 21 44
10 24 38 42
28 22 36 39
42 42 16 39
7 29 49 38
25 13 31 29
43 44 21 30
47 39 23 24
5 17 13 29
29 18 5 44
48 31 39 47
0 49 36 37
35 40 47 42
10 19 34 20
49 15 1 38
45 37 22 25
43 15 47 33
19 10 38 48
49 12 11 18
34 34 18 31
35 26 27 14
17 9 32 35
45 39 0 45
1 2 34 49
34 28 28 32
15 1 33 31
4 11 39 27
43 37 46 10
5 23 26 25
47 21 23 17
10 43 32 30
4 17 37 38
47 38 24 36
40 29 29 38
47 45 41 2
48 34 40 31
39 43 32 29
27 37 32 32
31 18 48 28
36 23 38 26
38 9 31 34
4 5 40 37
30 43 34 47
5 6 6 45
2 41 30 9
36 23 39 37
30 32 44 34
42 43 35 0
45 44 29 30
40 38 49 35
46 46 24 25
47 26 30 18
47 17 5 15
49 41 19 20
43 29 10 33
10 8 37 33
6 42 45 44
34 28 10 25
48 37 32 17
44 39 21 45
39 31 37 9
12 4 33 32
12 3 17 31
3 11 40 30
41 43 45 6
41 40 47 36
42 34 46 45
48 22 25 45
46 37 46 24
41 36 12 41
15 21 35 39
21 26 19 19
46 27 5 44
1 48 34 29
1 5 7 44
28 40 35 38
48 38 23 28
42 40 4 28
31 41 22 21
24 28 45 0
19 10 23 17
47 42 5 20
44 13 36 12
30 40 22 34
39 0 25 35
28 33 11 38
41 38 2 41
45 43 45 30
45 27 47 34
12 0 37 42
25 10 12 39
1 24 30 24
0 29 34 20
44 29 27 34
40 19 46 33
8 19 34 30
47 33 23 42
7 2 35 48
6 48 43 49
48 34 37 37
5 8 1 47
41 32 6 44
39 46 27 35
4 12 30 14
17 3 32 9
39 37 46 34
40 25 16 31
4 13 25 42
34 3 11 42
32 20 36 34
43 46 25 23
0 43 21 26
48 21 40 38
44 49 4 47
13 19 22 12
43 34 5 46
39 26 35 10
39 41 35 46
42 45 3 45
5 49 15 23
13 7 21 38
28 24 20 10
37 43 33 35
46 47 12 22
14 15 45 37
33 38 18 33
4 8 22 31
34 27 47 46
1 41 2 33
1 7 32 35
36 22 40 18
37 21 37 41
46 15 29 42
44 25 48 46
35 30 7 47
39 27 30 7
49 34 37 40
47 24 24 27
8 25 29 21
45 27 38 33
49 44 29 49
39 4 44 38
18 17 46 44
14 10 28 46
26 38 7 43
34 24 1 44
19 23 39 35
47 17 27 31
22 30 4 43
27 19 45 39
11 11 17 33
44 35 8 34
32 44 19 38
44 18 49 42
35 10 7 25
25 44 24 32
44 11 21 6
44 24 28 15
8 10 28 18
37 25 46 36
38 46 28 24
6 47 22 26
7 0 34 35
0 23 10 18
37 24 45 38
42 32 29 29
4 46 24 27
49 38 1 42
36 42 3 42
15 25 41 37
35 1 33 16
48 21 34 2
43 31 23 31
49 44 39 8
4 45 34 19
46 43 27 17
45 35 9 32
49 46 36 38
24 31 1 48
37 30 31 41
48 42 41 9
29 25 33 36
39 29 6 45
49 29 5 28
44 16 27 29
5 6 42 28
37 40 43 48
38 30 26 18
12 4 48 27
0 1 25 25
11 27 33 47
48 32 29 8
6 27 20 18
22 20 34 30
39 22 29 30
38 32 23 26
30 37 39 26
40 12 43 46
40 26 3 48
22 3 33 28
46 29 39 1
33 13 3 47
39 27 31 32
34 33 31 25
29 20 25 28
17 0 11 19
13 6 12 28
46 24 27 32
46 46 31 32
43 40 44 33
35 10 39 38
35 35 23 15
43 31 24 9
39 36 0 47
35 45 25 45
23 39 39 2
11 3 0 34
33 35 21 48
48 22 21 39
2 3 22 12
25 28 29 13
35 27 32 22
1 29 44 40
15 9 17 33
35 16 39 1
39 44 41 12
33 26 32 42
46 24 29 22
46 47 39 47
4 40 42 42
41 42 4 33
48 40 47 36
45 21 22 34
40 10 24 37
43 29 34 36
31 38 42 33
4 9 18 36
44 14 1 44
47 32 31 31
34 26 2 49
36 6 27 27
45 44 13 48
37 31 47 33
35 34 39 27
40 15 0 48
49 17 7 27
14 40 35 16
9 11 25 22
30 11 27 48
30 30 47 40
39 38 18 37
32 4 5 45
45 44 6 25
46 12 39 0
35 27 7 43
49 45 28 46
45 12 38 8
20 12 18 22
2 39 37 17
11 27 35 43
37 18 33 36
13 4 31 45
36 23 31 24
43 41 36 4
44 16 39 40
41 26 36 27
39 24 40 30
30 23 30 32
45 14 41 40
5 7 13 42
40 48 28 6
33 28 12 23
42 47 48 36
47 45 4 41
48 21 6 10
48 12 41 7
45 37 46 48
2 8 31 30
5 10 43 40
23 5 24 43
42 24 31 33
8 37 1 46
42 29 14 38
6 9 27 20
38 25 49 45
18 1 29 35
31 49 40 44
4 4 43 45
39 25 31 30
22 17 22 40
11 39 34 32
9 47 42 0
39 14 46 14
26 32 10 35
47 9 47 37
38 35 19 27
41 38 22 28
40 17 48 31
44 24 18 3
46 44 36 38
10 11 43 46
23 13 49 39
33 47 30 0
7 22 23 46
38 24 8 40
35 43 49 5
30 13 48 39
13 9 26 38
36 11 5 46
44 44 7 28
45 24 31 29
44 24 47 35
48 14 6 43
46 18 8 42
23 4 37 39
46 20 38 30
37 28 17 34
40 44 7 43
4 20 26 32
47 11 46 37
24 0 29 34
13 18 27 38
42 42 31 48
43 35 30 25
48 34 3 41
36 8 25 37
6 0 38 49
12 37 45 40
38 13 10 41
46 37 2 34
36 41 43 37
14 5 44 43
18 7 28 48
43 20 46 38
34 17 38 13
31 9 42 17
3 7 0 40
36 13 24 30
42 33 47 25
27 11 4 30
4 22 7 41
44 49 34 27
43 19 18 31
34 17 49 37
3 10 28 33
8 2 34 36
45 29 42 35
26 30 36 47
37 16 13 8
11 29 47 20
41 8 29 42
2 0 46 39
13 13 41 31
39 40 8 4
42 17 23 37
48 39 25 22
48 40 26 39
45 37 41 23
33 6 40 41
18 15 31 37
2 0 13 45
43 23 45 43
38 47 19 33
42 12 49 33
32 34 37 23
39 16 7 43
42 15 15 39
11 37 30 2
0 5 45 27
12 6 38 9
42 31 11 35
43 35 28 35
45 23 3 46
33 19 21 6
45 16 39 27
45 32 31 27
44 39 32 37
39 17 27 31
43 31 37 6
46 33 3 48
49 17 29 45
40 21 34 41
38 28 43 34
45 23 31 11
5 46 44 39
45 13 26 34
37 13 36 32
11 2 27 10
47 20 29 40
16 37 1 44
2 45 22 19
42 29 21 23
31 24 33 41
39 32 5 37
33 27 33 37
27 0 27 32
11 17 21 26
43 30 29 34
17 4 1 40
8 26 35 30
47 29 33 8
30 21 41 34
33 31 18 40
24 19 12 28
9 14 43 33
28 46 44 15
20 15 0 47
5 5 24 33
30 45 35 49
36 6 39 44
38 31 28 46
32 16 27 39
36 28 17 46
10 49 13 22
9 46 44 36
6 22 41 2
28 17 30 44
36 30 32 44
26 12 39 32
19 33 22 41
2 15 43 16
13 39 37 19
38 45 22 48
43 35 36 38
33 21 27 31
25 8 39 30
36 44 29 44
20 9 30 27
2 20 1 46
9 19 27 36
10 46 32 33
45 49 35 35
49 37 46 32
14 44 29 7
45 18 2 37
24 27 25 33
31 21 20 11
12 45 14 33
38 26 26 27
36 12 38 2
36 43 43 39
48 11 33 41
38 44 30 30
35 34 4 39
4 3 22 28
21 28 42 47
43 49 19 43
42 22 40 0
41 30 34 40
33 0 37 36
42 47 34 5
46 42 48 46
43 22 49 44
4 9 27 38
40 19 37 4
37 38 44 38
43 14 38 5
30 25 36 43
49 10 22 32
48 20 41 6
28 42 39 42
38 15 5 32
37 15 42 42
43 24 26 33
46 43 5 48
47 32 34 5
42 14 16 41
7 6 25 38
14 25 9 38
46 47 2 38
33 41 45 44
34 14 45 38
20 1 33 35
47 41 18 20
31 27 40 36
44 42 4 44
31 17 31 41
0 15 1 31
28 18 28 28
39 3 33 18
39 12 37 6
44 21 34 36
43 36 36 18
39 15 39 35
0 5 39 30
37 43 35 39
39 39 21 22
42 2 40 36
37 42 29 13
47 16 36 6
38 29 44 44
49 44 2 46
28 22 2 49
13 6 39 37
30 36 19 35
12 3 23 30
7 6 35 15
49 29 17 23
39 23 16 21
47 15 40 40
0 2 23 2
41 34 25 31
33 48 27 40
7 37 39 32
9 23 2 44
38 8 46 29
47 27 41 44
41 43 1 41
15 20 25 30
1 47 33 37
10 45 36 15
48 35 30 26
44 10 5 47
48 28 18 12
39 42 26 29
45 44 43 48
39 40 29 49
45 42 37 32
19 12 43 36
36 6 21 34
9 6 5 30
12 23 30 6
2 16 3 44
43 44 5 42
24 23 22 31
33 22 32 32
35 14 34 43
8 12 22 17
46 24 28 34
38 28 8 47
33 7 42 36
36 26 43 34
17 13 35 45
20 44 33 11
41 19 24 37
4 3 8 48
3 8 30 25
4 15 22 41
12 16 22 35
21 13 38 38
37 33 45 9
6 5 27 23
7 0 44 41
37 31 37 18
11 14 41 7
24 37 26 26
49 18 25 42
12 46 34 20
2 40 36 28
48 8 23 41
14 3 33 21
3 17 32 14
27 24 14 32
46 33 39 11
30 4 15 30
47 29 12 36
45 33 10 35
47 13 38 23
6 10 38 42
6 46 24 33
38 45 36 20
2 29 37 47
46 45 41 46
28 13 31 37
47 15 5 48
34 39 45 33
24 19 8 27
3 46 32 6
43 41 39 36
16 6 31 10
22 11 37 45
44 9 43 46
46 18 38 29
10 10 7 35
28 11 29 34
32 26 41 24
7 5 4 43
3 7 2 44
32 13 29 27
0 44 41 24
37 40 28 48
35 24 34 39
16 14 29 31
48 13 24 31
15 5 8 19
28 40 33 38
40 26 30 29
37 42 24 48
32 20 35 39
15 25 30 42
45 30 11 49
35 16 39 34
42 47 6 44
41 12 31 10
16 20 18 23
48 1 23 39
22 8 20 22
44 36 17 40
42 31 30 32
25 24 39 45
36 26 5 45
37 6 29 38
49 40 22 18
44 40 14 35
37 42 15 26
35 18 48 29
41 14 1 29
33 18 41 24
0 39 27 31
46 14 26 39
33 16 25 28
44 8 35 11
41 18 31 41
43 6 22 33
32 47 25 35
41 38 2 44
26 18 41 34
12 9 31 39
5 31 39 44
29 13 30 47
46 43 5 46
36 27 34 37
49 42 35 10
36 36 48 23
41 41 22 25
45 15 44 39
33 37 21 33
36 5 27 36
17 14 46 43
17 1 30 21
44 44 2 34
44 46 40 33
49 39 3 47
46 27 31 12
42 18 28 33
49 16 5 48
6 15 9 36
2 7 21 14
6 14 45 3
31 41 36 0
40 10 24 23
48 45 31 25
22 21 33 21
19 44 48 35
45 22 31 6
47 30 31 16
22 9 32 47
45 28 7 25
5 38 36 27
44 5 21 41
46 17 1 41
3 21 22 48
47 27 29 24
3 44 42 44
16 3 23 5
42 32 49 46
43 41 8 44
44 44 37 24
2 9 10 18
34 21 32 37
19 33 40 29
33 7 2 49
37 20 45 30
46 35 35 41
5 47 48 28
27 22 32 32
8 42 5 9
46 30 30 11
49 29 31 25
39 28 32 42
25 11 17 13
14 29 6 43
43 22 6 46
18 32 32 19
