50 215 14812 800
39 30 37 37
9 3 40 38
22 16 3 10
31 33 34 4
34 34 36 4
43 37 37 42
22 5 37 10
11 16 5 12
7 12 49 20
19 3 42 39
38 32 37 4
21 29 48 10
30 17 32 32
45 4 8 11
33 21 37 40
21 33 45 14
27 28 48 9
33 30 43 22
31 47 38 14
22 5 44 40
29 33 21 5
45 18 37 29
20 45 36 6
22 5 42 22
28 6 2 10
8 28 4 5
18 3 34 10
38 16 35 6
20 8 8 3
7 16 35 5
2 20 40 32
22 2 15 5
38 8 43 35
28 2 38 10
32 38 45 11
14 1 46 15
32 42 37 6
23 1 41 46
23 5 38 4
3 16 47 40
34 11 38 7
13 14 15 4
9 47 0 18
24 32 34 21
6 21 33 7
23 19 38 4
13 47 3 6
32 39 45 30
31 19 45 19
34 28 34 42
18 4 48 18
20 28 15 9
8 49 7 6
34 36 44 15
27 15 28 36
44 23 35 4
25 4 46 16
31 35 4 0
28 33 37 5
30 36 44 30
21 28 8 12
7 42 43 31
32 35 40 39
20 3 4 11
30 28 45 34
25 29 48 40
19 48 49 37
28 11 11 0
40 48 19 31
28 29 24 31
40 24 35 5
35 29 47 39
32 32 41 41
31 36 7 8
24 22 40 8
2 13 37 5
33 33 40 3
41 32 10 3
21 3 42 42
29 19 44 16
16 9 42 13
18 25 35 2
24 4 46 17
4 23 47 17
30 32 45 18
28 31 36 15
32 31 48 15
17 45 20 32
10 20 38 38
27 14 42 19
5 20 48 35
28 31 38 8
33 33 42 35
47 30 38 8
35 30 35 14
9 12 11 21
7 23 38 6
12 46 45 45
20 1 46 46
31 31 44 41
17 41 41 38
21 40 1 5
7 17 46 17
20 42 40 39
30 42 33 13
9 9 43 47
23 11 47 13
22 9 48 17
29 36 46 43
3 21 40 37
24 8 13 8
30 32 45 23
21 6 44 35
18 5 45 13
8 16 10 1
22 2 38 12
15 18 36 13
19 15 48 10
18 6 21 27
35 25 29 23
32 36 20 21
34 4 8 4
18 8 43 35
20 0 41 36
35 31 39 35
46 42 44 33
32 23 38 34
37 7 16 43
32 32 49 15
31 35 32 9
31 34 33 6
8 10 9 3
29 35 48 14
7 20 34 4
36 28 2 16
11 16 38 33
13 41 46 44
5 46 34 6
25 27 40 35
36 27 42 12
31 32 46 18
28 8 43 8
49 6 34 4
4 18 42 37
22 1 33 6
22 19 48 39
31 32 47 16
31 36 44 46
23 5 44 14
1 17 48 15
31 34 45 42
32 23 45 14
9 17 45 11
16 0 24 26
31 36 42 34
32 35 49 16
34 35 29 30
28 35 35 9
1 17 6 1
29 33 27 8
21 1 38 41
34 48 7 18
35 26 49 41
29 31 35 1
31 34 46 16
20 2 48 38
23 26 30 4
30 33 40 18
17 38 34 6
6 13 43 12
26 0 38 33
27 44 41 41
9 20 38 35
8 17 47 12
34 24 44 14
28 38 43 44
47 27 1 10
4 22 36 8
39 27 47 35
46 38 45 14
25 33 35 8
29 30 38 43
26 9 36 8
33 33 13 7
28 42 10 6
27 33 28 25
20 18 37 7
5 19 41 38
31 28 33 5
36 33 40 8
14 49 34 6
6 21 31 10
4 22 34 4
43 40 11 4
10 16 46 16
24 0 38 8
30 5 44 11
33 32 42 36
28 37 36 39
18 43 1 12
11 47 35 4
27 19 36 11
34 29 40 36
21 28 6 3
31 11 43 12
37 5 41 39
39 0 46 40
30 33 47 17
21 4 43 13
34 33 39 37
6 17 37 42
13 4 48 15
38 40 38 21
3 19 42 11
4 20 41 9
