50 579 14272 800
35 43 18 1
18 20 29 28
19 36 19 1
25 33 33 20
16 23 13 12
9 28 6 35
44 37 14 11
15 37 25 33
25 37 38 13
22 28 18 32
27 16 36 21
27 4 15 38
15 23 12 9
5 12 16 49
20 33 38 49
39 45 17 29
27 31 9 32
3 18 26 13
16 18 6 30
27 40 5 12
49 25 22 3
14 38 14 13
37 34 14 2
47 26 10 24
34 5 14 3
38 26 9 47
14 37 27 16
3 22 17 7
29 45 14 6
34 20 35 11
34 30 31 19
2 18 23 37
33 14 12 34
24 28 9 35
14 43 12 34
27 6 11 35
2 19 38 15
40 32 15 34
17 7 26 5
38 34 18 4
21 35 25 19
37 23 17 35
17 41 43 24
14 33 15 4
24 48 33 25
6 22 12 41
30 39 27 21
33 33 9 5
6 47 16 32
35 14 28 18
37 23 31 17
35 45 14 10
40 15 17 8
23 39 31 18
22 44 10 35
31 37 29 34
38 7 42 23
17 33 17 5
14 34 26 32
45 9 37 6
32 23 11 33
22 41 8 38
9 30 0 44
34 7 13 5
4 18 41 49
23 25 16 33
26 33 11 35
18 40 17 29
23 37 19 5
25 18 27 37
28 18 0 44
18 36 16 7
23 19 14 30
48 3 16 37
16 34 9 34
34 13 14 8
12 44 39 26
21 43 19 11
25 20 10 25
29 20 26 7
39 29 33 21
25 38 38 18
36 29 37 37
42 37 36 16
2 28 38 18
43 49 8 24
5 29 31 30
35 18 31 17
20 45 8 26
18 35 14 32
31 46 13 42
20 31 20 10
19 42 49 33
48 39 25 6
20 36 24 27
4 29 18 29
8 22 12 36
8 29 21 38
45 19 8 30
20 35 31 1
46 25 36 16
15 29 32 17
19 45 6 23
23 35 12 4
22 49 8 38
22 30 14 27
19 37 31 25
19 38 17 22
28 16 42 45
31 48 45 42
18 19 44 39
45 6 14 31
7 36 15 33
30 32 33 40
16 20 38 43
33 37 14 19
11 28 13 6
12 22 16 13
24 32 7 42
15 13 43 31
18 22 45 1
43 21 5 43
43 9 14 30
21 35 42 15
44 13 22 15
29 8 42 26
29 44 10 31
16 45 33 20
36 8 35 31
34 18 9 37
11 21 14 8
42 14 38 19
15 11 30 13
39 33 30 23
13 34 15 44
20 47 3 32
19 18 11 7
8 37 28 13
31 18 19 35
19 41 6 16
42 34 12 5
30 25 29 39
38 7 19 34
17 42 12 8
22 32 36 44
29 48 16 33
29 45 31 14
23 2 12 42
15 13 33 13
31 38 26 20
49 26 28 41
30 6 29 14
20 34 25 10
34 34 35 14
16 35 12 8
24 44 39 23
41 20 15 35
10 24 3 44
12 44 29 35
5 22 37 25
17 20 14 6
24 27 31 27
19 35 3 22
22 6 15 36
18 34 18 1
32 45 15 11
10 33 31 17
6 8 16 8
38 48 9 29
34 43 15 6
16 39 17 14
21 14 10 47
33 5 12 37
18 30 29 14
29 43 42 20
20 39 17 4
19 37 2 31
18 44 39 2
6 39 7 27
21 20 48 31
22 35 39 18
38 12 32 14
11 46 40 34
22 27 20 39
3 15 11 22
19 34 14 30
46 26 11 35
5 35 5 45
22 21 26 34
37 17 43 8
16 41 10 3
43 19 15 44
36 14 39 9
45 10 39 36
31 42 15 2
18 35 18 6
43 37 25 49
30 24 34 27
18 38 34 21
14 39 34 16
15 40 11 17
11 23 26 10
5 20 3 47
20 34 13 28
39 3 20 8
42 30 15 7
38 26 40 30
2 32 13 4
4 42 15 37
15 46 21 30
43 41 35 15
40 11 14 35
15 46 3 16
12 42 22 10
6 40 36 17
34 10 26 33
20 33 23 18
29 17 7 17
31 18 13 7
3 45 29 10
36 9 30 27
20 45 40 22
28 29 15 3
38 24 32 22
44 18 36 14
25 21 11 4
7 28 23 24
18 44 18 11
32 35 30 15
23 34 27 29
15 15 47 45
7 20 22 20
41 20 16 5
13 27 46 7
29 27 8 30
46 46 36 37
36 38 32 17
22 32 37 15
42 11 34 24
4 25 19 11
18 17 25 30
46 6 38 15
36 26 34 6
36 31 45 22
35 43 28 20
5 48 40 43
7 30 23 19
18 32 30 15
20 37 32 10
20 36 14 32
24 36 36 32
48 21 14 31
24 23 7 34
15 25 30 7
28 26 34 9
10 10 13 39
23 41 16 7
14 5 9 19
27 47 23 43
15 26 17 8
41 24 21 5
9 20 31 19
3 36 30 7
30 0 34 37
6 19 10 37
13 28 34 23
0 23 39 34
36 38 18 37
11 37 4 34
13 33 24 31
40 37 15 24
32 8 30 20
19 47 10 36
20 17 12 36
14 46 1 49
8 13 24 26
19 35 8 29
19 34 31 23
41 31 19 32
43 43 8 28
20 36 6 39
37 46 13 12
39 36 8 11
34 37 49 10
20 11 28 26
40 35 27 34
37 22 27 25
9 18 7 30
21 47 8 11
26 12 19 26
19 32 32 24
13 30 32 5
19 24 12 35
19 43 38 2
14 37 22 22
34 26 10 7
14 43 12 31
30 13 27 20
41 23 45 26
34 34 14 33
32 41 7 10
26 2 32 28
7 16 31 23
30 35 34 31
39 16 7 41
39 22 37 10
45 17 28 34
14 31 9 43
12 45 43 20
26 34 33 4
37 37 20 37
36 18 9 32
17 43 27 18
46 24 30 8
40 6 35 13
30 25 11 10
38 37 18 29
14 43 23 22
11 14 44 35
22 38 13 3
20 38 25 9
21 0 21 27
49 23 17 7
22 29 36 1
7 30 11 2
38 47 35 19
14 20 10 32
15 26 14 8
22 46 17 6
6 36 22 3
18 36 37 20
16 15 16 9
33 4 48 39
23 35 1 29
4 25 28 48
26 31 40 16
16 40 11 33
15 16 7 17
36 15 33 18
47 3 12 46
22 31 16 47
7 24 19 45
48 31 43 26
25 44 32 0
26 49 14 8
7 25 15 34
42 31 16 7
37 8 18 41
21 36 13 8
21 19 14 9
10 26 14 3
41 7 36 33
28 47 12 7
4 21 45 26
4 26 14 30
1 21 13 8
10 29 3 17
14 32 12 7
4 39 9 16
39 2 9 40
22 33 19 7
17 41 25 8
9 34 27 31
15 35 10 35
34 47 40 48
36 16 9 31
38 3 17 10
21 41 30 4
37 36 34 8
26 16 30 21
18 34 43 41
30 2 15 17
34 7 15 2
41 22 14 35
16 36 41 37
26 18 28 27
20 15 17 35
28 35 35 19
22 37 27 37
11 42 24 21
37 49 10 10
33 10 8 9
34 13 17 8
13 47 33 18
20 35 22 12
21 29 29 23
12 27 20 39
41 6 15 8
35 10 30 23
32 3 18 13
37 3 19 21
21 29 28 15
26 12 18 9
38 4 28 44
35 36 10 22
42 17 47 28
5 20 5 32
38 11 19 43
0 22 20 32
42 26 24 21
31 2 26 14
23 35 30 7
19 47 11 28
5 11 4 38
30 19 48 27
39 44 37 21
14 33 37 13
34 11 13 37
36 47 38 14
13 44 11 9
47 12 48 48
37 11 30 21
26 7 38 11
10 32 11 5
19 37 36 14
13 17 21 45
19 33 11 13
0 39 26 25
38 21 37 9
12 17 22 18
32 11 20 27
16 19 7 26
24 38 17 37
2 29 15 41
12 45 12 30
35 39 8 9
28 17 22 10
20 31 11 29
0 46 10 10
15 49 12 38
43 19 0 19
5 27 27 4
34 21 19 26
11 15 32 19
17 43 34 32
19 22 43 16
22 39 16 6
18 49 24 15
21 6 19 27
8 26 33 19
46 18 8 2
42 10 17 29
46 33 4 33
23 32 17 9
13 15 17 1
22 32 13 4
14 36 25 26
16 34 15 26
12 41 15 9
18 39 43 39
23 47 32 14
13 27 15 7
8 41 12 17
28 38 6 34
21 5 9 32
19 37 15 41
8 26 30 15
44 7 28 14
0 21 36 41
32 32 24 18
1 38 27 19
21 34 13 9
28 30 7 34
10 36 12 32
28 32 10 22
25 39 9 23
26 28 32 15
19 35 10 37
23 30 33 38
35 24 34 18
38 28 36 20
17 12 26 12
20 33 13 40
31 37 25 7
4 20 18 9
27 49 32 16
45 6 35 21
49 9 5 31
42 23 14 7
43 17 33 9
17 18 11 17
41 27 7 31
38 39 40 24
49 4 12 34
9 36 18 12
19 32 37 17
14 27 7 34
27 13 10 36
36 40 26 26
14 11 19 1
24 21 17 35
21 32 37 24
37 45 43 27
31 42 13 18
28 49 12 5
12 24 28 22
28 29 13 28
5 24 38 22
13 22 17 24
8 39 25 31
25 40 16 5
16 42 24 32
17 18 33 49
33 17 30 13
14 40 25 18
33 32 28 18
21 13 13 35
4 20 7 23
33 49 33 9
18 24 29 1
14 17 45 35
35 36 15 1
17 36 19 3
19 2 14 12
5 25 11 4
46 28 14 32
17 44 29 23
20 5 44 30
19 42 10 31
12 26 10 6
40 11 23 42
23 20 43 43
5 22 11 33
22 20 41 23
11 27 21 33
21 42 7 36
33 2 34 19
39 24 9 39
45 20 37 28
29 28 10 34
17 9 32 1
18 36 13 37
6 22 44 4
33 47 17 7
31 30 5 24
49 18 7 38
8 44 16 8
11 44 36 45
33 31 35 18
15 29 35 41
25 35 7 35
27 37 14 3
30 31 31 36
24 35 8 13
33 31 9 6
22 34 16 8
43 41 29 17
30 29 40 30
39 5 17 6
46 23 22 8
11 16 9 38
45 19 9 28
19 23 5 40
18 46 29 20
3 24 26 22
44 3 20 17
5 19 16 9
28 17 32 9
18 34 4 40
0 46 14 7
19 37 34 49
13 27 9 29
30 4 38 13
14 33 2 25
35 15 42 33
31 33 36 36
36 42 19 2
9 37 27 6
3 25 12 4
31 5 16 20
4 17 10 27
12 42 43 37
27 41 2 32
42 16 23 34
40 43 46 20
25 20 23 30
23 45 15 1
33 48 28 11
29 44 30 25
