50 122 12487 800
4 3 32 5
8 26 37 47
15 41 20 20
18 37 44 6
17 45 5 1
30 37 35 39
21 26 48 12
0 28 37 4
19 40 40 41
3 31 38 3
16 19 4 1
49 30 48 6
14 10 49 12
20 14 34 20
12 10 46 12
32 0 31 19
17 41 41 37
15 21 42 16
45 40 41 5
20 36 5 15
38 39 43 44
16 11 40 1
32 11 42 0
8 32 22 49
46 44 44 4
44 46 33 49
34 35 3 7
22 35 36 1
18 19 36 15
8 43 34 36
25 27 42 4
21 47 39 5
40 37 48 25
12 29 36 10
3 21 49 11
7 42 43 4
14 37 46 17
30 24 49 23
9 34 14 28
43 5 31 2
40 25 7 4
11 28 18 7
47 11 30 38
6 34 44 4
12 34 16 13
24 49 35 10
38 33 48 14
2 23 48 10
25 28 27 39
43 7 39 13
46 49 32 3
35 33 48 15
14 43 45 27
37 34 43 22
37 12 40 5
11 35 36 20
36 30 15 39
13 28 49 12
4 31 30 1
22 24 32 42
39 35 24 41
45 21 48 14
36 31 45 12
1 29 40 6
35 35 34 4
20 15 44 19
37 30 23 2
21 17 42 10
21 41 34 6
10 6 27 14
39 40 34 18
11 28 46 17
34 22 44 5
18 44 47 15
23 46 40 12
13 22 29 16
15 37 18 7
16 42 27 0
26 32 45 10
37 18 34 8
10 26 32 36
27 37 33 9
14 14 7 11
21 29 48 8
20 15 37 15
17 33 41 44
2 32 40 29
45 28 34 13
6 5 49 7
18 14 46 33
43 15 37 16
15 32 34 44
15 41 39 12
21 44 44 25
13 15 22 30
17 36 28 2
5 28 48 11
9 36 49 13
5 8 44 9
14 39 20 22
9 32 40 18
15 28 33 20
12 17 30 9
32 34 42 27
44 38 39 4
18 38 42 7
34 17 42 16
10 37 34 1
23 13 32 8
23 46 7 10
3 25 37 5
25 46 45 2
16 9 46 5
27 14 37 26
13 38 22 0
20 49 48 26
44 47 30 6
40 0 38 20
8 27 46 19
4 48 36 30
14 49 47 20
33 35 45 8
