50 766 12840 800
17 25 40 18
3 13 20 2
4 9 48 31
49 22 28 21
16 7 41 5
48 5 48 23
14 16 12 10
4 11 13 0
37 33 42 40
32 23 45 16
18 21 34 34
23 31 49 27
9 31 44 49
15 26 26 20
43 0 48 30
34 32 7 46
10 27 31 9
17 9 37 36
45 4 47 18
1 11 45 29
47 4 39 31
22 9 21 21
17 20 47 27
15 18 40 23
1 8 19 16
12 40 40 21
13 22 24 13
39 23 49 43
37 14 29 46
24 17 34 33
40 4 33 38
42 15 47 21
16 26 8 13
21 13 30 16
13 19 46 30
25 11 21 5
14 20 36 17
38 31 9 6
13 19 8 4
46 38 41 20
43 17 14 13
34 28 36 19
12 36 42 42
42 35 46 40
17 6 30 1
34 0 30 45
34 46 24 22
14 19 32 15
2 14 21 0
17 10 28 42
40 33 43 1
6 36 25 20
5 7 30 41
11 11 48 30
16 24 11 41
27 12 33 29
0 12 47 16
12 21 21 47
18 20 18 6
2 7 6 38
44 29 46 22
37 23 36 30
36 11 35 31
43 12 32 11
9 14 1 47
18 21 49 6
13 20 40 26
29 13 35 20
47 9 1 43
4 6 45 24
10 35 41 21
13 21 40 21
33 28 45 34
23 12 24 6
7 18 4 1
13 22 29 1
11 18 37 7
5 48 44 10
10 21 32 7
49 28 38 31
15 39 10 44
9 21 29 13
40 36 46 26
18 19 34 18
0 9 20 49
20 27 16 25
23 5 41 27
11 27 26 9
13 6 24 12
7 10 34 37
38 16 27 10
39 9 47 29
41 32 21 43
15 17 36 13
4 12 48 37
2 8 32 25
11 31 29 14
25 20 36 25
11 41 24 10
9 19 37 21
13 30 27 21
12 22 44 32
13 7 36 16
10 23 30 22
12 19 46 21
44 0 19 4
35 24 21 13
46 44 10 41
19 37 34 28
28 14 44 27
44 16 7 41
49 3 23 2
11 22 17 15
3 6 27 25
3 33 34 24
37 1 46 25
19 18 19 5
34 26 42 12
12 14 44 27
18 35 32 47
14 46 42 13
48 32 21 31
15 18 33 6
25 28 46 25
41 25 25 23
12 22 44 19
18 15 37 39
39 27 32 39
27 13 48 32
38 30 30 17
12 21 15 3
7 19 30 3
12 24 38 36
15 17 40 19
14 15 31 1
13 22 37 26
8 37 37 43
35 5 36 0
7 6 28 21
0 41 36 32
12 32 28 0
3 29 39 49
4 10 34 1
10 22 25 10
9 17 42 22
36 27 18 29
6 13 16 28
14 18 33 7
13 34 48 29
12 27 6 32
17 30 23 9
46 16 45 27
44 14 47 24
2 5 26 35
38 30 33 8
46 19 48 24
12 49 5 43
27 27 13 46
48 27 35 35
47 11 46 40
3 7 36 0
44 24 20 18
45 15 44 20
44 31 6 37
11 11 2 30
16 15 10 14
37 10 41 40
48 15 30 15
15 23 40 12
18 26 41 37
4 15 38 9
3 10 17 27
43 33 25 0
47 12 41 7
5 21 43 28
20 34 48 20
10 18 12 47
0 8 18 17
36 35 41 40
44 31 49 21
3 39 39 24
24 33 15 20
13 18 25 10
16 30 13 47
24 32 36 14
16 16 37 41
13 20 15 39
14 20 24 14
36 32 29 0
33 23 26 18
40 23 42 26
39 36 11 30
40 24 12 4
30 14 18 31
36 19 40 36
43 36 49 40
44 41 19 36
33 3 36 30
15 16 26 12
18 18 47 48
9 16 44 43
14 24 49 21
18 14 4 42
45 25 29 9
10 33 29 49
36 25 49 18
41 0 43 24
41 39 5 35
12 24 22 7
14 26 24 11
10 12 31 42
10 17 28 32
15 21 48 41
17 18 24 29
4 2 41 29
0 10 48 27
45 39 47 23
32 36 19 0
6 16 24 12
1 5 15 7
43 13 7 41
34 31 29 33
36 25 39 12
41 30 47 47
20 0 38 33
6 11 29 14
18 20 39 30
48 6 0 33
12 21 26 26
17 0 44 33
9 38 45 44
17 0 46 28
27 30 13 43
7 16 46 22
8 17 30 9
6 31 49 26
47 12 48 16
27 16 41 17
14 21 35 47
5 14 45 24
38 32 43 38
22 20 37 31
38 6 27 3
0 9 35 19
45 7 49 35
13 11 24 37
46 17 36 22
10 20 38 32
43 17 44 24
43 33 10 24
14 19 26 19
13 19 31 3
27 25 38 19
14 19 6 1
47 15 4 42
1 7 44 27
16 18 37 13
6 7 48 32
6 7 48 8
39 27 15 0
45 33 38 17
9 16 21 8
40 31 41 17
26 12 1 49
29 38 24 14
44 3 21 12
3 5 33 35
39 27 18 4
16 18 24 24
5 39 3 8
15 19 35 21
41 5 31 31
42 22 38 2
29 28 43 25
5 10 33 35
18 6 30 0
11 35 29 5
31 26 36 24
3 31 41 28
0 5 46 22
31 23 13 5
34 26 45 40
36 26 27 11
10 30 38 21
47 27 39 27
29 15 45 22
40 35 45 42
4 20 24 19
18 27 49 18
13 14 33 35
2 15 48 25
2 4 17 3
4 1 41 31
32 30 46 31
35 6 39 41
16 35 46 21
45 26 16 15
12 3 26 13
0 2 47 11
18 10 31 9
24 33 49 38
4 6 4 37
10 23 30 15
1 11 39 29
48 3 15 1
13 9 49 18
21 17 27 48
48 2 37 38
13 18 43 20
44 27 28 21
2 7 5 31
10 21 45 33
45 21 21 22
39 14 24 4
39 31 44 22
20 38 10 14
15 11 45 5
38 30 39 18
29 10 42 23
18 38 15 20
26 33 17 16
21 49 15 14
27 40 7 10
15 23 25 19
39 35 41 28
37 19 29 16
12 2 46 34
11 6 34 37
37 33 35 25
37 29 31 10
33 38 38 28
18 4 46 11
6 11 34 0
6 11 0 38
32 31 27 17
1 7 37 37
35 12 32 2
20 19 48 34
35 32 43 26
19 13 45 25
24 16 23 3
13 31 8 15
36 32 43 29
37 32 42 36
18 43 42 41
13 24 41 11
39 24 49 31
28 27 48 19
32 34 25 7
39 29 33 8
49 29 20 2
27 14 18 17
40 28 47 28
47 14 26 37
21 3 43 46
15 30 48 24
49 8 24 11
38 28 33 36
20 12 42 23
27 7 23 5
15 36 9 46
49 4 25 18
16 22 49 27
33 34 31 25
42 29 16 3
0 3 1 43
28 31 30 23
0 6 15 11
38 17 24 20
20 15 29 28
39 33 20 8
0 23 28 33
27 0 10 11
36 32 49 36
12 29 33 7
25 24 37 23
11 22 37 33
42 29 19 47
12 23 20 43
4 5 25 1
8 12 48 26
27 5 49 37
3 42 40 22
21 23 19 16
27 2 32 9
20 10 45 24
43 21 37 16
22 17 31 16
45 5 30 3
6 12 42 27
6 12 48 7
47 7 43 24
15 31 20 45
9 9 47 19
43 39 21 25
17 21 9 49
9 26 14 32
35 17 42 18
42 29 41 7
4 9 21 11
3 7 23 7
32 42 30 5
42 19 33 30
10 17 18 12
19 10 29 40
35 17 30 34
13 14 8 48
35 31 38 20
36 3 24 3
10 17 38 13
32 28 19 26
4 31 5 15
10 16 19 20
14 26 4 30
18 42 26 18
9 17 19 41
42 33 29 26
16 19 47 16
14 20 42 21
5 45 48 47
48 27 23 43
18 21 38 26
15 12 1 47
35 34 40 32
44 30 35 23
1 11 29 39
14 17 38 28
7 17 32 5
32 3 42 12
44 36 33 9
12 22 22 0
31 22 10 44
8 21 44 5
1 13 46 23
38 21 29 3
1 13 38 39
45 19 42 45
13 20 31 16
37 16 47 43
0 13 44 17
23 23 22 5
13 22 6 44
18 23 35 23
11 36 47 28
3 9 18 8
15 30 32 20
6 29 21 22
4 10 44 42
47 16 38 34
4 11 25 12
3 10 39 43
15 23 43 12
1 6 25 45
2 22 31 20
0 10 47 19
6 10 0 47
16 19 15 2
17 21 37 35
17 6 18 13
34 31 35 43
17 34 36 26
15 15 38 46
33 28 10 46
32 26 21 10
35 25 43 37
40 23 8 43
37 27 27 7
14 16 31 17
13 24 9 32
5 42 22 12
19 4 31 9
12 18 42 23
17 17 47 19
4 8 17 21
10 14 22 32
12 2 21 2
25 9 31 48
11 17 43 27
45 28 2 47
20 18 48 41
11 30 28 12
4 6 35 23
39 31 38 20
45 18 36 24
12 17 31 3
48 40 11 46
23 19 42 40
27 29 36 24
17 21 8 21
44 28 8 10
12 11 17 37
39 29 46 44
39 21 16 4
11 25 43 36
17 19 46 35
22 40 46 28
14 24 39 38
11 20 48 39
11 27 32 31
5 12 47 24
37 26 45 48
14 20 49 9
36 26 13 41
9 21 23 8
10 13 40 37
38 5 14 4
15 42 36 33
33 23 17 4
11 33 41 30
43 15 48 21
14 26 6 2
0 17 40 43
18 13 32 29
18 35 41 13
10 5 47 36
38 43 28 31
38 36 35 31
41 16 35 32
27 37 24 5
40 39 8 41
22 22 29 12
46 4 44 36
2 33 47 33
10 26 18 26
4 5 48 21
2 10 44 37
37 28 13 5
13 21 28 1
17 29 8 47
30 11 22 8
15 23 25 15
46 39 35 26
14 25 33 4
46 32 19 30
0 5 29 11
35 31 47 38
44 4 37 22
9 16 40 20
12 14 30 37
16 25 38 22
49 10 38 33
35 30 40 22
40 23 42 41
4 33 48 19
42 35 49 24
42 20 37 2
13 37 43 22
25 27 11 34
2 8 49 25
20 20 48 19
30 28 17 25
21 20 25 10
47 7 46 21
41 40 28 27
20 27 36 2
43 1 37 17
44 10 45 24
7 16 35 27
20 21 41 33
37 20 21 11
12 37 46 26
37 33 27 6
4 25 48 37
17 22 26 48
9 18 32 20
14 17 41 35
16 16 11 10
44 10 16 28
19 20 20 1
13 23 44 33
14 18 47 31
17 20 9 43
11 14 21 20
39 28 39 40
9 19 32 2
18 11 20 36
10 33 38 23
6 4 40 8
2 9 46 8
41 7 19 10
13 20 1 47
1 11 23 11
34 5 47 14
43 28 18 9
22 17 32 34
4 36 12 1
30 7 38 40
3 7 24 25
11 27 38 26
9 12 29 18
29 6 32 23
16 25 46 19
30 30 16 0
19 15 28 35
31 23 29 5
42 30 2 42
1 7 35 28
26 26 49 31
14 22 15 18
32 11 7 34
9 38 36 31
41 29 29 9
26 11 36 19
34 30 48 27
4 17 15 10
3 15 31 27
3 11 42 23
39 22 25 34
29 34 3 43
14 39 44 21
16 2 38 24
36 16 39 3
15 22 49 30
12 14 37 27
5 40 41 38
49 21 40 36
0 12 41 26
31 37 49 22
12 5 14 20
28 34 26 15
11 20 9 46
44 26 17 10
41 28 41 42
6 9 43 34
21 6 40 15
49 5 3 43
2 7 44 23
26 20 13 45
6 21 46 11
14 17 28 13
7 20 47 26
6 8 40 19
11 9 36 24
5 33 17 18
11 5 42 36
15 16 46 27
43 16 28 9
36 20 24 15
17 30 48 40
7 32 44 32
39 16 44 28
49 5 48 35
39 38 48 8
41 30 36 29
2 8 13 14
47 26 15 13
38 27 4 43
10 12 36 9
22 29 48 17
15 21 29 21
46 3 45 41
31 15 32 4
16 41 33 17
18 18 33 18
2 8 28 1
5 6 40 16
47 13 35 24
45 27 27 10
47 40 47 29
13 16 44 44
33 22 33 5
32 35 42 23
36 29 37 47
13 36 30 8
12 14 36 10
19 16 41 22
20 27 32 34
1 37 45 33
44 7 48 45
20 10 40 9
7 14 7 38
21 20 3 13
16 15 36 20
44 17 33 29
18 21 14 29
39 33 31 27
14 10 1 30
6 7 13 35
16 21 49 17
17 16 2 45
40 1 43 30
5 3 44 33
11 18 35 29
28 0 48 29
18 39 44 14
12 20 35 43
38 3 37 16
39 22 8 46
18 12 42 7
33 0 29 31
14 17 35 48
38 27 35 19
14 36 45 34
21 22 44 26
11 25 19 35
17 38 31 15
38 4 32 0
12 22 11 4
21 21 22 12
46 37 49 20
40 6 42 20
9 12 48 18
7 22 16 0
34 25 45 25
32 21 35 31
39 11 34 31
9 47 41 24
35 29 38 34
33 39 41 23
36 33 42 22
19 21 38 22
12 23 40 24
49 35 38 35
46 27 47 33
20 29 12 26
14 36 39 27
21 21 2 40
4 1 23 14
13 24 44 10
41 27 20 26
32 28 47 43
34 25 20 15
33 28 26 21
36 27 47 19
0 7 45 21
19 37 48 14
39 29 14 36
44 30 22 2
45 19 30 17
6 33 43 36
4 30 44 26
17 20 44 28
39 36 45 45
25 23 36 16
43 12 5 43
45 35 41 24
43 40 3 10
41 19 44 12
43 15 40 27
14 39 41 12
30 22 34 24
15 22 12 39
26 25 34 17
48 3 40 29
15 20 25 22
47 33 27 35
3 7 23 15
12 39 42 34
16 22 26 17
2 4 37 37
5 11 43 13
20 13 7 28
39 32 11 27
36 30 48 16
12 15 42 32
39 32 48 31
41 33 15 9
8 18 25 28
18 43 44 44
7 30 5 4
21 5 23 14
8 29 43 48
22 15 4 42
35 33 24 12
13 14 40 21
8 41 12 49
