50 274 15826 800
22 12 28 14
17 38 45 9
9 20 27 21
21 48 16 18
18 9 43 36
31 0 17 41
18 25 16 17
22 3 22 36
22 39 4 38
35 40 16 13
19 26 26 37
12 19 24 45
20 44 12 24
25 17 23 25
32 34 2 43
32 47 9 32
25 45 29 12
18 9 14 36
21 36 14 28
26 2 19 33
15 21 38 32
28 39 7 48
24 40 12 24
33 27 6 20
42 21 11 22
16 22 24 31
34 11 20 30
19 8 39 17
32 6 3 9
30 34 9 29
24 18 19 12
30 27 7 20
21 25 31 49
31 46 38 14
12 14 24 31
18 19 16 42
26 40 13 23
15 20 28 49
27 42 4 39
13 22 4 27
14 19 4 39
27 6 24 22
19 7 5 22
7 33 31 33
13 11 34 27
34 7 0 8
31 37 1 37
9 21 28 35
40 42 25 47
25 42 7 48
16 23 16 40
25 2 6 15
39 10 23 6
26 49 27 31
17 19 3 32
27 46 30 33
10 18 13 36
20 22 4 12
26 15 20 26
5 21 14 27
28 41 15 23
14 29 5 20
19 21 16 13
16 12 32 48
24 21 26 28
27 20 19 36
21 7 22 29
22 13 8 6
28 48 17 22
13 2 21 15
15 25 22 8
24 10 13 18
32 44 16 12
18 18 16 7
21 13 21 31
17 21 26 20
18 14 15 34
30 18 13 32
33 6 5 40
40 41 21 23
6 31 10 38
20 3 19 46
19 15 14 39
24 41 35 28
19 40 10 36
28 41 7 18
28 4 14 47
27 37 10 30
24 10 3 38
36 42 24 34
24 35 32 47
20 38 39 26
25 24 9 5
26 23 19 31
24 44 16 47
35 48 39 46
7 5 11 23
19 48 5 35
13 16 40 25
10 47 19 26
24 16 28 42
20 18 23 7
28 11 4 16
26 32 39 41
46 25 17 36
20 8 34 40
48 42 24 40
40 47 2 44
17 7 17 40
29 38 6 29
14 12 32 28
22 11 6 25
24 48 40 34
24 12 10 44
21 41 19 34
17 23 30 21
13 22 19 27
11 28 3 33
24 9 10 17
10 23 47 35
12 48 0 18
22 9 11 36
20 17 7 38
15 31 24 29
12 23 36 26
28 38 26 19
39 38 13 45
20 38 27 41
17 13 28 21
27 43 33 38
14 18 40 41
16 37 20 35
27 37 45 36
29 24 18 20
29 27 37 37
23 43 19 39
26 49 16 30
28 31 24 19
24 48 6 35
16 18 22 39
19 45 7 40
16 17 24 42
19 44 18 18
15 20 30 32
14 11 39 38
22 10 24 33
20 45 30 28
18 11 26 31
16 18 2 31
27 0 13 25
17 39 9 33
14 18 11 34
14 16 3 18
26 40 7 14
13 15 12 11
28 0 19 11
18 39 20 15
18 13 22 41
15 20 5 19
23 36 30 22
32 20 24 42
10 28 21 22
11 21 47 43
30 9 5 47
11 12 18 31
20 37 2 38
25 15 20 15
29 43 11 29
18 26 18 40
39 33 34 36
22 15 12 46
18 14 37 24
32 12 28 31
16 39 8 44
27 33 26 21
26 0 28 35
35 36 8 37
17 45 42 42
14 17 1 22
30 34 42 24
26 48 16 12
13 20 26 27
15 45 4 5
24 41 33 30
45 40 12 2
15 39 15 34
17 19 28 31
32 48 28 36
14 18 7 13
15 49 27 21
23 44 2 30
25 26 12 41
35 44 18 33
12 15 18 37
20 22 12 30
13 14 25 30
47 24 9 34
25 6 29 13
9 38 9 29
18 16 22 24
26 5 4 16
23 5 6 25
13 9 27 41
26 32 31 24
22 48 7 27
10 17 17 22
15 14 22 38
14 20 17 47
19 13 26 21
36 25 13 25
16 14 25 13
29 47 5 26
36 27 4 39
20 19 31 26
27 44 5 17
20 13 7 43
15 20 22 26
27 7 35 48
13 15 29 15
18 46 49 27
28 25 21 12
17 46 10 2
3 44 8 16
26 46 38 29
17 15 15 40
12 28 35 32
19 11 40 42
29 8 10 26
30 47 47 39
15 17 41 25
26 40 29 29
20 42 39 36
31 6 17 46
47 32 38 37
19 44 35 40
11 18 17 14
22 45 24 19
4 17 23 34
14 19 32 15
32 38 9 25
17 17 30 17
27 33 1 13
43 48 29 12
33 48 20 43
24 32 14 29
30 21 11 32
46 29 24 34
30 43 3 29
13 14 48 25
33 38 22 32
14 22 20 7
31 49 13 18
34 39 29 23
24 48 37 22
20 9 20 35
18 44 20 16
12 35 26 37
19 47 10 10
15 18 16 22
16 17 11 26
21 33 40 41
12 47 38 43
26 49 22 42
20 12 16 41
34 44 28 30
23 25 35 38
28 2 26 40
12 10 30 41
16 18 24 40
23 44 31 24
24 34 24 45
48 40 11 12
29 43 24 18
27 26 45 38
