50 1005 16399 800
29 1 23 33
31 4 17 22
23 41 38 49
33 16 11 26
16 33 41 47
42 27 17 33
27 2 4 34
49 7 18 38
37 45 6 28
43 19 24 23
47 15 46 2
29 4 39 35
42 41 47 46
33 12 13 32
35 12 23 45
42 46 44 21
13 26 43 48
36 18 20 45
7 30 36 24
31 11 28 41
1 17 45 4
48 21 24 33
6 7 28 17
4 30 34 26
8 24 12 23
40 17 7 43
23 24 2 46
39 0 13 38
47 16 28 16
35 16 46 8
20 23 15 44
39 14 45 2
37 37 25 0
24 4 12 18
41 15 9 32
41 3 6 35
43 11 19 35
39 10 39 43
25 10 8 27
40 25 11 27
6 34 2 31
22 25 47 7
35 19 45 20
38 6 23 17
10 7 41 42
37 35 24 21
33 3 8 32
41 2 13 26
34 35 12 23
8 26 26 23
8 20 10 36
45 7 12 33
15 15 10 35
41 24 38 11
13 23 8 37
31 13 23 48
46 14 20 23
17 34 8 28
22 18 43 46
14 25 46 14
3 22 11 33
28 36 15 19
17 20 8 29
37 34 17 30
27 34 33 14
47 33 40 18
41 0 21 37
38 12 11 31
42 33 32 49
7 21 15 23
47 25 48 44
49 11 31 17
44 23 12 31
41 7 38 44
35 33 47 2
27 21 3 35
23 34 22 47
32 2 48 7
47 17 16 33
38 19 5 38
47 44 3 13
41 30 9 26
44 5 2 36
14 36 41 5
46 41 41 1
2 32 9 39
33 9 48 43
1 18 12 29
28 9 11 28
42 0 35 23
4 40 28 19
36 22 49 33
17 16 11 27
43 17 44 0
40 17 47 47
42 29 17 31
3 12 17 15
41 27 48 16
41 34 19 46
19 10 43 38
30 16 43 6
37 1 42 10
29 22 10 27
34 10 26 44
28 8 43 18
46 40 13 24
19 12 14 20
23 18 20 15
41 5 12 43
23 7 46 5
47 14 20 27
10 17 42 15
40 19 14 42
41 27 47 44
23 16 11 29
30 14 13 36
24 15 26 48
46 33 11 29
39 0 26 48
22 17 10 38
19 7 10 39
36 14 14 4
47 37 23 47
38 12 46 19
24 17 8 34
39 30 16 26
42 25 48 17
31 19 44 15
43 8 7 26
9 28 6 31
13 29 41 17
36 8 24 34
0 44 14 35
33 30 24 41
26 41 27 23
45 39 37 44
33 18 42 5
39 19 20 17
38 31 13 29
41 22 30 29
1 39 32 18
41 9 8 27
22 10 19 28
32 23 39 48
48 22 27 34
5 35 36 46
45 29 10 28
32 20 8 28
9 35 47 5
16 28 43 7
41 36 13 38
37 38 47 44
5 23 19 45
48 31 27 33
36 40 26 44
47 21 42 47
22 29 15 21
36 22 43 3
4 42 48 7
46 34 12 26
44 25 10 28
4 33 10 32
22 38 28 26
24 14 38 4
40 45 22 15
18 20 34 21
40 22 45 4
39 25 43 3
4 21 34 37
26 5 5 24
9 29 22 31
31 17 7 28
29 6 22 19
37 25 7 37
25 38 4 37
36 21 40 10
44 14 14 27
38 47 35 17
39 19 10 28
15 0 8 26
45 46 16 40
33 37 36 11
26 5 44 7
40 23 10 34
34 26 15 26
7 10 40 19
33 30 43 21
22 22 10 30
26 2 4 30
16 28 48 12
43 14 13 27
45 17 43 22
47 23 44 11
7 0 45 44
0 25 6 25
36 6 29 6
31 33 3 30
7 19 14 26
14 23 8 30
37 28 11 27
46 29 39 30
46 20 32 13
9 36 31 35
21 3 9 34
42 3 41 39
46 21 34 27
30 22 9 27
37 3 13 33
8 34 14 31
48 4 44 18
6 42 39 43
48 29 42 0
37 21 46 19
37 38 41 1
44 42 14 27
45 20 21 38
34 1 39 8
6 12 35 33
19 31 11 33
32 40 32 15
23 20 45 8
37 1 39 34
46 39 5 4
47 28 15 33
37 7 9 35
11 28 38 49
22 5 10 29
9 35 34 14
10 20 40 20
38 43 33 44
30 28 32 7
4 28 6 32
23 14 16 23
38 47 5 15
41 10 32 13
43 8 26 30
16 20 10 39
36 12 13 25
5 18 4 42
34 30 14 31
38 30 12 29
42 18 43 49
39 8 13 28
48 35 0 38
26 43 16 17
44 9 1 33
35 23 39 15
42 16 43 6
31 13 10 37
26 16 48 7
11 5 48 36
32 5 22 28
39 34 35 22
25 29 41 5
44 13 10 41
44 17 19 44
45 16 7 30
24 12 41 17
44 46 16 38
34 35 30 22
36 11 11 27
29 27 10 28
16 26 21 30
19 4 6 20
16 20 40 46
10 35 35 38
26 27 41 36
39 18 4 40
48 30 8 28
46 49 6 34
37 30 11 29
40 34 4 35
3 30 7 32
37 10 8 41
41 9 45 1
39 43 31 2
45 5 9 29
18 25 40 7
36 25 49 3
30 26 36 4
25 9 45 6
1 43 15 20
24 17 7 25
46 22 18 11
14 4 48 22
31 0 12 27
37 17 22 34
39 5 12 28
40 17 7 30
45 0 25 49
12 33 24 29
39 19 47 8
43 7 15 31
45 33 8 30
35 6 13 28
39 7 48 47
3 31 47 0
40 47 7 35
46 19 29 32
41 15 46 19
47 20 16 38
37 5 18 33
7 32 47 6
5 19 29 7
46 19 13 22
38 36 9 28
25 40 46 2
33 42 7 24
40 10 35 33
21 40 27 22
21 10 29 20
28 1 11 24
39 1 35 8
14 28 12 33
29 3 22 15
21 14 18 42
34 9 31 18
29 7 17 23
24 21 9 27
37 22 32 7
42 42 34 28
18 35 42 15
32 23 13 27
44 21 11 44
34 41 8 25
37 13 14 29
33 45 9 29
35 3 8 33
48 33 35 17
14 38 42 2
45 16 11 45
40 34 18 35
5 27 29 15
28 9 23 21
37 17 44 14
14 29 10 16
35 31 23 28
41 38 20 14
40 35 21 24
44 18 35 24
30 15 30 42
43 27 43 3
0 2 33 18
21 7 40 17
41 48 36 30
39 11 33 33
48 16 18 18
25 7 45 14
26 27 46 25
30 28 10 32
49 37 39 27
29 13 41 24
43 25 19 19
6 40 8 28
27 17 45 12
12 19 37 48
37 30 12 19
28 5 26 23
46 31 7 9
45 29 40 12
23 25 19 31
45 10 3 40
20 42 11 31
28 43 11 23
36 9 48 27
36 15 22 12
17 18 48 20
36 14 14 37
41 5 46 16
28 48 32 14
37 17 48 8
42 0 14 24
22 3 18 30
18 3 9 29
44 25 8 27
46 8 9 28
30 23 41 44
27 8 48 28
36 2 26 2
43 1 10 32
27 5 18 32
21 22 43 49
9 33 37 18
41 9 35 21
20 13 9 34
31 27 43 11
34 11 34 39
34 17 36 26
34 5 13 34
35 31 7 34
30 11 22 40
43 8 22 21
39 13 48 2
22 36 7 28
39 44 1 33
33 10 40 40
30 19 17 43
40 47 42 17
38 23 39 48
30 17 30 45
40 22 42 45
41 48 27 1
30 5 40 3
46 6 49 42
37 4 26 28
31 41 47 46
38 2 18 23
17 6 11 27
4 19 10 28
40 41 47 21
0 22 30 38
5 42 43 46
38 16 46 39
35 38 41 23
46 9 42 18
36 49 41 7
37 22 34 34
38 44 38 8
36 45 4 12
38 26 37 4
22 10 27 31
25 21 12 34
41 11 7 38
39 45 42 9
28 36 34 31
44 13 43 27
43 10 22 35
41 33 45 2
42 13 18 6
7 33 31 24
5 30 44 44
34 1 45 47
26 45 42 44
39 33 11 26
34 0 5 11
27 10 12 30
35 8 5 17
48 40 22 45
39 20 20 15
47 9 11 12
28 43 23 19
32 39 32 10
10 25 32 16
43 4 11 30
44 10 10 31
38 12 6 28
39 30 9 30
38 18 34 29
16 14 2 35
31 14 32 35
44 22 38 17
0 21 3 32
41 28 14 43
45 5 24 38
18 17 40 14
19 24 35 18
40 36 10 39
4 10 45 18
34 21 9 42
24 28 46 16
45 10 30 32
34 28 16 43
20 17 11 24
6 34 37 45
8 29 11 38
36 27 16 8
33 33 48 5
31 2 44 45
37 44 10 22
45 36 32 30
12 30 7 29
20 38 22 32
9 27 32 23
33 6 42 42
43 22 10 27
31 48 12 25
30 24 5 36
4 36 42 21
45 22 33 36
39 42 33 48
10 34 22 34
48 1 8 27
31 6 7 34
6 34 39 19
15 35 48 22
30 19 43 7
39 31 45 6
36 6 32 33
49 9 16 26
35 41 9 27
30 41 28 30
28 30 44 3
36 27 11 35
46 37 49 22
16 27 45 41
24 28 22 49
40 5 26 13
39 10 42 2
34 23 1 32
38 47 42 22
41 9 44 43
37 15 16 24
48 5 45 48
45 17 38 27
32 18 31 13
44 10 41 23
49 24 7 34
46 23 22 41
33 8 13 24
1 16 34 48
40 23 23 30
22 21 26 35
25 19 8 34
38 19 45 21
19 28 14 42
6 13 39 49
25 26 11 36
36 25 11 45
33 33 37 1
37 18 3 36
12 28 36 44
36 21 34 5
31 5 31 33
38 42 19 23
33 35 41 26
7 32 43 34
44 5 7 38
33 26 45 9
29 35 44 6
30 22 28 16
48 32 17 40
43 27 8 34
37 17 8 21
25 0 10 27
34 5 6 37
36 47 39 21
28 36 40 42
7 37 46 17
34 10 41 11
46 16 8 26
9 34 45 16
26 26 9 24
46 24 21 33
42 40 26 39
41 2 44 48
8 26 42 18
25 2 25 25
23 25 45 2
43 8 18 36
46 24 20 49
29 12 39 22
49 11 42 11
27 31 18 35
41 16 49 40
30 24 33 26
17 7 34 14
32 14 2 40
36 12 8 29
28 19 38 45
43 40 8 28
23 26 25 47
48 7 6 47
46 16 45 42
37 23 36 13
41 48 29 11
13 21 14 30
40 20 38 42
6 23 10 28
7 15 8 34
1 4 37 22
42 20 8 36
1 16 10 23
35 1 12 37
34 10 41 27
29 8 39 21
33 3 9 33
34 30 13 25
28 12 32 13
39 0 35 22
26 38 32 11
34 26 34 12
29 29 38 8
3 27 5 35
28 6 12 24
45 34 9 26
38 14 41 18
42 10 8 42
10 27 47 31
48 13 13 32
34 7 45 0
39 16 11 22
45 4 27 33
34 29 20 3
48 47 3 31
25 43 20 21
35 11 9 34
32 8 11 32
32 7 44 44
46 15 38 7
47 12 48 5
40 29 7 22
5 16 16 30
38 13 40 21
23 11 39 46
24 6 14 42
39 16 10 7
30 32 9 33
38 0 11 32
19 0 39 49
29 32 4 37
34 9 12 36
48 22 15 18
45 30 44 3
28 25 45 21
18 17 41 48
40 16 13 29
28 38 39 36
19 9 32 25
33 14 44 38
45 41 44 2
34 20 33 29
29 37 0 13
46 42 24 29
36 19 18 31
46 1 37 0
18 8 47 1
34 35 36 24
41 40 44 3
6 39 38 49
6 20 5 38
25 2 16 44
34 25 6 41
14 23 9 28
43 21 37 49
30 11 4 40
37 5 4 35
30 10 46 1
45 15 14 18
13 30 47 14
36 42 35 5
2 40 41 48
9 30 4 34
7 20 19 34
29 1 13 29
2 35 1 41
33 22 44 46
8 35 2 38
42 19 5 38
36 7 1 31
28 6 16 21
42 22 22 47
7 26 42 23
31 31 10 37
9 20 41 17
38 27 22 17
38 30 8 39
40 16 0 31
6 16 46 36
9 28 32 1
41 31 43 7
49 16 35 31
43 17 40 19
29 38 24 29
33 21 34 27
34 23 30 14
34 13 48 11
6 16 12 27
32 38 8 27
7 32 1 38
34 34 9 28
5 10 13 28
40 19 29 32
18 29 5 34
43 37 49 37
42 38 23 7
41 12 38 22
34 8 8 23
41 32 26 13
21 19 11 27
41 2 9 26
31 9 37 43
43 15 9 27
45 1 24 45
35 11 49 3
13 25 14 43
47 7 11 29
48 38 41 27
34 26 7 27
12 35 8 25
35 6 18 7
42 29 20 31
39 14 8 25
40 45 49 14
30 22 8 39
10 49 17 43
32 23 49 0
31 31 16 36
46 39 13 39
42 30 17 38
36 41 8 44
34 43 26 47
34 13 9 30
34 35 48 3
49 20 31 17
44 8 16 44
2 23 1 39
1 31 49 13
43 5 21 46
36 20 19 28
18 14 46 9
36 12 6 28
49 23 38 40
11 20 9 35
22 11 10 36
46 36 31 9
32 10 16 30
33 3 17 31
34 11 30 29
45 34 11 24
47 9 28 16
42 20 46 7
23 37 6 37
2 28 41 10
42 25 7 26
35 29 25 9
27 11 49 30
43 18 10 27
31 13 14 7
43 21 38 19
39 13 20 27
35 10 27 29
45 11 42 16
35 16 21 13
35 5 16 49
10 28 38 19
43 0 4 38
45 17 45 46
41 31 25 25
40 22 12 28
10 23 41 8
45 37 49 47
20 22 32 6
28 1 9 26
43 3 10 24
49 12 24 1
39 12 19 42
15 11 16 25
40 2 49 43
11 30 25 47
32 32 4 31
37 43 38 15
14 29 7 26
2 25 27 4
35 9 25 18
46 29 49 17
37 1 17 42
30 23 11 37
41 32 1 35
35 9 44 6
47 3 10 30
25 25 11 47
42 29 36 26
44 6 4 40
37 3 47 12
3 19 30 41
39 9 37 42
35 3 43 3
30 17 8 23
22 38 44 4
45 29 24 19
34 2 23 9
42 18 9 29
24 37 3 34
10 21 1 31
41 26 13 26
16 15 35 47
29 23 8 29
45 26 39 20
19 14 12 30
32 21 38 11
17 10 9 30
44 10 22 23
44 2 46 22
41 0 10 25
39 7 26 22
35 21 12 27
6 23 46 5
41 33 47 15
48 33 14 26
45 25 14 25
1 25 8 8
32 25 7 38
46 11 7 25
37 44 39 23
3 9 39 39
29 22 49 41
31 15 35 26
39 31 24 33
16 34 9 39
44 11 33 18
41 39 22 44
24 3 23 9
2 31 14 10
48 23 20 29
9 16 48 47
40 0 16 34
41 8 31 10
42 40 8 34
12 8 0 33
42 7 14 40
41 34 45 6
7 30 37 12
31 15 27 26
49 0 38 28
31 8 6 41
33 38 12 26
44 18 9 41
37 19 42 5
39 4 26 14
6 41 31 24
46 1 43 3
25 25 27 7
0 16 20 25
22 41 13 26
22 38 41 9
28 10 42 10
35 6 26 35
46 22 43 9
38 41 42 47
33 17 27 44
5 18 23 8
43 23 27 29
42 29 34 23
35 17 15 43
34 4 38 16
43 25 12 28
0 13 8 41
32 12 37 42
31 32 25 18
40 3 9 34
42 39 46 1
26 1 19 48
1 33 6 9
39 17 10 25
4 24 44 17
46 15 7 35
42 17 31 47
31 4 47 35
17 34 11 37
42 24 38 28
44 25 3 34
24 10 14 41
1 24 45 45
34 16 7 35
40 20 3 37
40 28 15 38
42 31 11 39
31 1 9 35
35 7 11 27
48 19 3 13
36 5 42 40
39 32 17 29
49 14 44 8
37 28 43 22
34 26 44 4
41 38 13 38
47 28 8 17
7 8 6 34
30 29 36 9
6 31 18 33
30 10 48 12
15 21 39 25
39 16 21 48
39 16 21 30
39 33 13 24
43 24 35 38
41 17 21 23
38 36 13 43
32 11 40 44
17 6 24 23
38 4 7 13
34 46 22 41
26 20 39 10
30 25 8 28
42 6 10 35
47 12 43 47
37 15 46 11
30 26 12 27
2 28 46 9
36 38 21 28
27 21 2 32
43 8 23 45
36 5 24 29
29 4 11 27
45 14 43 30
44 23 30 44
20 19 23 11
33 19 13 28
49 5 40 11
32 21 26 39
14 9 3 32
25 19 44 0
5 2 48 49
7 29 40 47
46 27 26 38
6 29 4 33
44 27 29 24
31 23 6 37
36 9 45 20
29 34 12 30
43 25 17 26
28 35 34 48
43 37 9 26
3 10 42 19
45 32 38 41
38 2 33 21
2 23 49 10
39 16 42 0
37 29 26 2
43 31 48 6
24 9 41 47
41 0 2 27
19 25 4 41
14 0 36 9
6 41 45 44
43 6 24 15
8 8 8 26
33 25 26 30
48 20 12 37
27 21 11 23
43 16 10 23
42 23 22 19
21 34 32 48
25 28 8 27
41 1 8 25
14 22 21 32
3 27 46 18
33 17 39 40
36 3 7 31
33 27 27 34
5 35 13 26
10 24 32 48
36 24 9 27
6 12 14 21
39 6 7 24
38 13 5 45
7 23 20 26
22 10 10 25
42 12 38 30
29 12 45 43
41 0 5 36
34 10 7 34
41 13 36 13
41 11 19 45
37 8 8 25
8 41 35 22
34 6 48 2
35 14 36 45
32 3 33 31
48 11 37 23
30 10 48 43
43 5 10 24
44 8 12 43
43 1 6 38
24 27 43 18
45 14 18 38
37 7 16 37
46 31 29 11
45 19 48 2
33 6 11 17
20 16 11 29
3 34 34 24
11 33 26 45
40 2 11 42
44 5 42 19
30 1 1 48
38 9 45 29
35 17 13 35
4 30 28 29
36 4 13 12
25 20 28 11
21 3 24 27
32 34 22 29
12 23 4 38
36 32 45 21
40 9 28 31
35 32 48 21
34 1 45 44
37 1 13 23
1 29 27 19
38 0 16 35
15 36 3 40
34 13 39 3
48 40 6 24
38 21 44 9
5 27 40 49
6 37 46 47
10 33 41 40
30 6 34 42
36 46 48 37
26 45 31 42
42 23 11 27
37 9 8 46
32 43 6 12
32 15 37 46
