50 95 19436 800
0 44 6 8
5 44 23 4
16 4 39 17
17 36 40 15
17 3 35 9
7 44 14 11
45 0 32 10
48 21 11 41
7 32 29 9
10 19 6 23
49 13 37 11
0 17 21 23
4 49 8 6
14 7 31 5
21 26 12 13
11 38 42 14
42 17 8 7
26 23 0 20
15 48 11 33
23 20 40 29
24 22 34 3
15 28 3 48
17 38 1 6
17 8 20 27
36 33 15 11
29 40 45 16
20 13 5 9
6 4 38 31
30 30 1 26
27 28 9 18
37 33 8 32
30 22 22 6
32 35 8 19
40 21 10 22
4 43 34 0
48 24 25 13
28 23 34 18
2 44 16 8
19 5 48 29
2 48 24 23
44 32 14 33
5 8 9 29
13 42 2 25
15 32 35 20
37 47 2 21
10 14 47 2
11 9 6 26
16 39 13 30
16 9 12 15
29 38 29 12
14 41 7 1
15 7 40 16
21 27 11 32
3 49 32 16
17 1 4 27
13 9 48 28
33 31 27 7
15 12 28 28
37 40 47 10
40 27 29 0
33 27 24 13
2 45 10 6
26 43 17 0
32 34 8 33
19 6 14 7
13 1 2 24
16 32 29 0
1 47 23 7
8 4 20 9
19 27 4 38
23 15 9 10
36 40 44 13
14 11 44 12
28 40 23 15
11 21 31 0
11 8 10 38
8 30 22 7
18 10 5 3
16 46 20 15
25 36 11 32
5 4 47 12
17 9 3 5
33 23 18 42
21 34 9 24
13 35 2 39
40 34 12 16
29 17 33 45
24 37 30 7
3 46 6 30
13 7 15 22
19 9 29 10
24 7 28 45
1 32 34 6
17 27 4 33
42 10 20 8
