50 1524 18292 800
36 27 42 22
47 4 33 9
6 22 38 1
41 28 29 18
47 5 31 15
8 32 30 19
29 18 27 15
2 35 48 4
2 5 31 10
33 33 30 14
45 25 33 19
39 36 36 12
31 34 25 9
31 9 40 8
9 27 29 15
0 9 41 1
39 14 15 33
32 43 30 15
35 15 41 13
37 10 41 32
48 24 23 36
16 32 38 22
44 5 31 25
27 33 36 12
31 36 31 13
27 16 16 23
42 32 27 12
42 41 37 2
43 27 37 15
39 13 35 19
26 21 33 20
2 8 35 21
37 24 40 11
39 7 29 9
43 18 46 11
24 13 29 19
9 32 14 25
26 17 33 14
7 25 35 4
44 42 31 16
27 7 41 18
35 17 29 12
12 25 34 9
1 12 46 5
2 30 49 5
34 9 29 20
42 49 41 19
37 38 31 20
1 6 31 24
5 5 19 18
40 16 30 45
42 8 30 14
3 2 44 28
7 29 49 9
14 11 22 13
6 35 31 23
25 22 48 3
43 36 31 16
27 30 38 20
33 21 35 11
8 23 42 8
32 33 48 9
40 34 40 7
37 38 19 26
9 19 31 13
39 40 34 13
44 19 34 17
3 27 3 5
24 33 47 20
41 48 42 7
43 38 29 18
7 20 26 14
12 25 36 20
14 17 29 17
0 31 38 4
16 24 35 10
45 6 29 7
31 25 35 9
9 42 32 14
3 38 43 13
31 38 47 42
4 6 30 23
26 10 39 13
28 24 32 8
37 46 46 6
45 9 32 5
33 22 15 10
49 20 49 35
9 20 38 9
8 21 34 20
37 5 25 16
19 1 37 14
32 32 24 40
8 1 21 15
23 32 36 14
21 34 27 8
38 11 38 20
47 12 45 2
17 35 39 19
35 12 23 4
45 15 34 20
22 27 24 20
37 17 36 29
4 31 33 12
35 21 17 8
11 34 30 26
47 27 38 11
4 41 31 17
22 10 42 3
41 7 24 9
39 17 41 4
42 12 36 16
12 32 43 5
24 26 28 14
31 30 31 22
27 33 31 12
26 15 47 3
6 27 31 20
40 26 28 8
3 34 37 17
6 20 48 3
15 36 18 22
38 30 43 6
42 9 38 11
3 20 37 0
29 28 36 19
33 24 30 15
37 45 31 20
10 20 31 15
34 46 37 13
5 22 26 15
11 18 34 15
22 34 37 11
2 9 31 3
32 38 31 18
11 23 11 0
37 17 17 40
10 33 32 17
36 45 29 16
23 41 28 13
0 5 45 12
4 30 40 16
9 28 29 23
30 22 36 8
32 5 17 41
2 8 30 20
5 27 38 22
24 19 34 14
45 18 34 25
10 25 33 23
35 31 37 25
22 40 39 13
40 22 43 10
41 13 37 18
14 20 27 27
10 19 35 17
29 27 47 22
39 11 41 21
33 9 44 21
25 26 10 34
6 24 24 14
1 3 41 18
11 38 35 18
23 4 25 15
27 7 44 2
25 23 41 19
1 28 37 2
22 26 48 21
7 42 21 20
12 25 0 17
47 26 45 7
0 9 9 28
11 21 26 22
30 26 33 13
38 10 35 15
0 6 32 14
14 27 39 10
10 25 29 10
11 18 33 3
35 38 47 34
7 26 36 16
29 28 26 16
39 15 35 24
35 23 32 21
0 8 40 7
12 29 43 2
41 16 37 8
4 20 34 18
1 5 35 19
36 12 29 28
38 14 30 16
5 25 37 24
7 33 32 15
26 24 34 19
43 8 39 24
41 17 34 19
0 5 11 12
7 33 34 22
2 7 34 20
49 17 32 17
9 21 45 6
14 36 45 26
30 26 47 18
35 35 21 1
48 0 28 6
32 12 44 8
32 0 39 10
36 15 40 26
42 14 37 11
4 4 33 12
1 29 37 14
5 6 35 21
32 41 32 6
11 19 32 15
10 27 21 35
8 19 27 13
11 44 42 24
1 2 34 20
11 24 34 16
36 26 19 8
37 10 22 23
45 26 36 14
38 13 39 22
47 30 44 5
41 2 30 15
13 19 32 16
12 33 35 15
6 37 30 16
29 2 33 18
23 31 30 43
3 5 40 1
24 18 40 31
38 6 26 23
10 43 31 22
48 23 34 24
7 35 36 19
6 28 35 20
18 33 21 26
12 38 33 14
46 3 36 17
11 38 26 23
32 9 47 10
1 13 29 32
0 7 40 18
35 26 29 20
23 17 38 25
13 19 38 33
8 20 37 17
6 28 35 15
33 32 32 23
20 5 30 18
2 20 26 18
20 41 48 1
32 29 26 14
16 20 32 26
3 24 38 8
48 49 32 22
32 18 49 17
9 29 25 21
32 41 44 3
27 8 38 15
27 36 33 18
23 5 38 18
1 5 46 26
47 10 38 14
35 16 44 7
8 40 32 18
23 31 26 17
39 15 26 22
11 26 40 14
35 33 36 22
48 46 36 27
8 22 39 13
24 44 33 32
9 30 39 7
30 29 37 10
7 27 25 23
26 15 47 30
19 43 36 7
26 31 30 8
24 21 38 28
41 12 38 17
4 26 41 39
11 9 31 20
40 17 28 15
37 46 30 11
10 26 32 18
45 3 6 2
39 15 18 25
46 38 25 12
38 6 24 13
0 6 42 4
25 27 28 1
5 31 34 35
9 8 30 34
7 31 27 20
6 30 36 17
30 21 26 29
36 19 49 4
15 2 31 20
31 21 29 0
44 16 19 8
8 21 5 6
10 18 32 25
10 41 40 16
5 14 20 18
11 16 28 25
35 13 20 12
21 5 39 16
46 14 44 21
2 22 35 11
21 28 30 15
32 26 43 4
40 13 42 28
41 16 29 19
2 11 24 22
9 6 38 14
13 21 29 14
29 11 27 21
30 15 30 29
7 22 31 13
20 14 33 14
10 34 34 35
10 25 24 12
2 35 35 19
8 10 39 15
7 30 34 2
4 34 37 17
28 35 39 23
4 24 32 15
43 17 40 8
2 8 31 12
41 42 36 22
42 20 31 12
17 36 47 40
6 27 39 17
11 23 20 16
27 20 37 7
13 21 42 31
44 14 32 17
10 24 49 23
35 2 31 14
13 36 28 9
23 35 25 14
10 21 29 26
13 27 16 15
8 29 47 26
7 21 36 12
48 41 33 19
47 6 32 17
21 33 43 12
18 29 33 11
17 4 31 29
6 29 43 6
10 27 36 21
9 42 27 25
15 30 30 19
46 45 39 22
49 13 30 11
10 19 49 27
1 8 21 15
4 35 46 20
15 37 36 21
4 8 25 14
22 19 25 15
19 16 28 25
25 27 31 19
42 21 39 10
35 26 12 15
9 24 35 20
46 17 29 18
23 42 40 20
29 19 42 9
44 17 27 15
30 31 35 20
42 20 31 12
37 49 25 7
15 28 42 4
44 46 30 19
34 12 3 12
10 30 37 19
42 46 32 7
16 38 26 19
35 15 17 41
35 36 45 37
28 36 32 30
43 4 46 16
18 25 24 29
34 3 31 13
20 9 38 16
38 17 35 13
12 29 30 15
23 13 28 7
15 19 28 13
10 32 18 17
14 32 29 0
18 30 24 18
35 25 32 9
8 39 23 31
14 12 37 10
1 4 47 15
39 48 30 19
42 43 32 13
11 22 22 23
15 20 30 17
7 20 30 9
40 26 27 12
5 20 44 11
38 23 40 2
5 17 25 19
12 28 32 19
26 4 38 44
25 1 44 17
28 38 22 0
36 5 38 13
38 30 19 18
36 42 32 19
1 8 43 0
14 8 32 20
32 7 32 16
40 14 32 16
12 21 16 12
20 17 29 6
9 23 42 4
31 8 28 15
24 25 34 14
33 31 38 12
40 46 47 12
49 24 40 11
45 44 28 7
22 9 41 4
18 16 36 17
38 12 35 6
9 22 32 10
7 5 32 14
31 29 35 13
10 34 45 45
39 14 37 5
1 3 33 11
43 11 38 19
27 36 4 34
40 42 35 20
38 9 41 2
1 6 29 23
35 8 14 32
26 19 32 2
11 21 48 22
7 22 42 12
42 10 32 11
8 18 32 19
34 19 15 11
17 19 30 16
34 34 22 7
1 4 41 32
5 26 27 12
4 33 35 5
13 28 11 19
0 23 42 11
33 2 21 7
42 14 33 8
37 48 42 11
25 42 36 17
30 22 38 30
7 24 47 11
27 36 22 7
49 45 44 24
18 42 32 20
26 19 11 21
21 31 22 16
1 9 47 23
37 47 44 27
34 46 34 28
43 16 40 5
48 46 10 15
44 12 24 26
41 41 22 7
3 8 38 12
15 11 30 16
3 9 49 35
13 22 45 19
5 7 35 13
1 9 25 6
1 39 31 16
39 18 31 14
19 40 31 18
24 40 35 17
1 30 22 36
5 6 40 14
13 31 43 36
26 0 39 18
6 2 32 10
1 5 12 38
18 12 13 17
30 11 2 11
1 5 29 19
30 26 28 12
9 25 32 33
27 9 38 5
35 29 36 10
48 46 38 19
36 22 45 25
22 35 31 20
33 44 43 10
17 48 24 6
47 39 33 21
3 5 34 19
0 5 42 8
7 22 20 13
39 30 39 17
44 8 25 31
32 25 31 19
39 19 27 11
34 26 38 21
5 25 27 32
17 19 40 12
0 26 13 11
17 28 42 35
16 21 29 18
44 5 39 15
28 22 49 20
22 27 48 23
0 17 1 37
18 25 37 19
19 35 38 25
44 14 31 1
30 13 33 15
29 1 30 27
37 14 42 1
25 37 29 23
5 29 29 13
28 31 29 17
43 18 38 5
33 35 38 7
26 18 32 19
44 6 46 40
22 16 35 17
21 31 13 17
37 30 40 19
13 40 28 15
25 8 27 18
42 7 47 35
12 40 27 10
7 21 27 2
24 11 36 19
31 20 40 21
1 9 33 4
30 23 38 8
7 27 43 6
27 43 43 2
20 9 41 5
7 23 23 21
42 40 24 25
36 26 35 5
37 29 13 22
32 37 40 7
27 1 31 7
32 28 35 10
19 25 41 3
6 25 31 28
45 13 45 28
22 29 32 16
5 28 38 31
34 9 46 8
10 26 29 15
0 15 17 14
26 41 38 1
9 22 33 23
14 23 44 27
12 20 19 20
35 10 37 22
8 24 34 36
2 5 27 22
43 5 35 19
48 19 34 18
11 21 36 11
28 3 39 17
23 29 33 13
34 14 48 17
35 12 29 16
3 5 28 21
2 8 30 14
40 21 30 16
6 36 37 22
4 30 22 7
11 36 28 19
46 15 35 18
5 22 31 15
21 32 39 17
39 43 29 27
10 27 31 13
5 3 26 22
5 23 42 7
28 27 18 22
0 5 37 20
41 45 27 29
9 24 46 0
34 22 31 0
16 19 41 3
3 11 45 26
45 23 44 9
20 13 39 9
29 26 28 21
13 23 46 12
35 12 40 23
1 7 47 7
0 26 30 6
33 10 31 30
8 28 26 13
27 33 24 17
2 28 35 20
18 36 38 25
38 10 44 13
3 33 30 23
8 30 32 26
3 8 39 17
48 11 16 18
15 13 33 11
36 47 37 19
8 34 44 10
1 7 34 11
49 8 36 9
1 4 33 18
11 32 34 31
26 10 48 4
40 11 29 3
1 7 39 18
14 27 29 13
37 43 31 19
7 24 43 17
5 27 40 18
27 39 33 17
4 23 20 6
24 36 38 17
13 8 33 10
36 11 17 18
26 30 38 14
44 28 45 21
27 32 28 19
29 34 32 16
12 33 33 10
8 32 35 21
1 4 31 18
29 33 30 19
23 34 40 21
17 32 35 16
19 12 36 47
5 7 39 26
0 8 30 15
23 23 44 9
1 8 32 17
19 24 39 13
26 24 35 20
41 14 31 18
35 13 48 18
37 11 43 28
39 12 20 32
38 8 31 19
9 33 35 15
35 13 30 33
1 7 44 2
14 22 43 39
5 36 33 15
24 13 44 6
39 11 44 34
8 32 43 21
14 29 16 11
26 11 36 11
48 48 47 21
48 3 37 9
20 28 39 8
4 17 24 16
16 23 30 4
23 11 37 12
2 9 17 12
11 30 33 33
7 27 47 45
42 22 38 18
38 29 27 15
10 3 33 19
5 21 16 14
18 34 24 9
12 16 49 1
4 41 30 17
31 4 36 16
7 14 16 19
12 32 32 18
42 0 28 15
30 37 42 2
38 18 27 16
1 9 28 17
35 28 34 18
35 32 27 8
37 28 12 10
25 14 34 21
39 20 32 14
28 13 41 3
35 42 30 20
10 36 33 9
5 26 44 31
3 14 38 20
15 32 31 17
11 30 31 14
23 17 44 21
4 7 21 0
17 14 37 10
36 20 30 16
39 30 45 5
31 14 39 15
41 28 28 22
22 6 25 20
27 30 32 23
21 26 33 10
40 19 4 20
8 23 35 4
41 11 32 8
0 19 11 2
38 25 3 12
42 24 29 15
28 16 27 47
0 11 33 17
47 23 41 17
41 36 28 19
46 29 38 9
45 10 43 0
42 47 28 38
14 43 40 22
14 32 39 19
1 21 47 21
7 15 33 13
7 32 29 2
31 18 49 12
31 35 35 15
45 24 43 6
11 10 40 7
38 44 49 7
37 9 42 14
1 4 30 17
30 38 37 17
33 4 20 15
40 23 36 17
30 13 38 43
37 5 33 19
11 13 34 23
8 6 33 18
27 3 36 21
34 25 41 11
2 4 35 14
35 1 44 3
40 29 33 17
27 26 40 10
20 15 12 20
9 34 44 11
45 44 42 14
11 24 36 9
2 27 40 3
12 18 26 23
1 6 13 11
31 39 48 6
14 24 22 9
18 30 31 7
12 28 36 14
33 13 24 19
3 4 37 35
12 30 9 7
3 6 46 24
29 9 36 7
39 16 48 12
2 2 25 18
23 31 28 8
5 4 29 11
20 35 45 16
24 31 14 30
33 36 30 19
15 21 30 24
45 10 36 16
43 49 31 19
32 32 10 17
9 32 31 10
8 4 34 22
35 15 30 5
42 44 33 13
39 48 47 31
44 10 23 16
25 27 43 9
19 0 20 20
28 3 35 14
25 23 38 29
43 19 38 6
8 24 37 12
27 20 27 27
47 18 39 21
8 7 41 12
1 14 17 34
4 6 30 22
48 25 41 15
12 22 29 18
9 37 38 18
21 31 34 16
25 1 41 15
21 25 21 9
33 14 28 23
9 19 35 4
22 10 32 4
48 26 32 16
6 22 27 22
41 13 40 19
38 15 26 3
17 17 35 17
2 20 40 7
26 28 29 17
12 34 36 17
32 46 45 10
7 23 39 2
4 34 46 28
44 18 30 15
31 40 32 18
11 21 35 16
26 31 42 11
5 7 37 5
39 19 31 25
7 31 33 11
7 31 29 14
35 0 45 11
32 35 13 0
12 23 36 24
25 33 45 2
10 33 42 16
41 15 24 12
42 20 36 14
10 30 27 13
2 8 35 19
20 24 33 19
32 15 19 42
24 17 46 34
46 19 31 13
31 30 26 17
45 45 30 15
49 9 32 18
48 44 31 1
40 14 34 20
38 32 33 6
8 19 40 17
39 0 37 10
28 8 45 8
2 30 32 21
46 16 30 3
13 26 32 20
9 36 41 28
34 41 35 8
3 28 41 29
46 26 19 8
49 49 33 25
41 22 44 16
26 27 39 2
42 18 46 32
43 44 29 17
12 30 48 11
0 8 27 31
13 28 33 12
47 23 34 17
32 35 35 26
35 33 30 13
4 4 30 13
48 22 26 12
27 18 47 2
17 24 34 12
31 5 36 12
9 13 45 4
14 24 48 21
43 17 23 33
38 49 45 41
43 30 40 10
49 27 31 19
39 9 36 19
29 5 35 16
27 28 40 14
3 30 22 16
19 44 27 27
11 17 25 26
33 30 49 9
37 33 30 15
5 27 32 4
15 25 32 10
14 38 36 27
27 19 31 20
5 17 36 16
13 24 31 29
23 13 36 26
7 26 21 5
12 0 33 13
42 11 35 17
1 13 35 14
4 7 28 21
7 16 39 10
9 23 21 16
47 26 36 20
3 6 40 15
40 19 34 18
22 19 30 8
35 30 29 18
43 3 44 9
4 32 39 12
9 43 34 13
8 24 39 0
18 31 37 8
37 43 35 0
32 17 44 20
19 29 23 11
5 12 34 30
42 9 34 17
40 8 33 20
11 23 29 20
34 22 39 1
2 6 35 2
22 37 34 25
37 1 35 20
10 23 36 14
44 8 36 20
38 44 48 17
26 31 39 23
2 10 31 9
7 22 31 13
26 19 36 31
9 37 33 21
5 10 31 7
5 22 30 12
33 21 48 29
37 22 43 18
10 20 36 7
12 34 47 24
21 33 32 16
17 32 40 0
48 27 0 13
34 41 39 14
16 15 33 15
40 13 36 15
36 28 45 9
42 5 36 21
20 15 29 36
27 35 42 1
6 4 31 18
10 5 34 16
40 17 32 19
5 35 33 11
39 6 43 33
38 16 27 8
15 37 39 16
36 41 41 20
33 24 28 12
44 19 33 17
8 11 31 22
0 8 49 12
2 12 48 11
44 48 32 20
4 26 32 19
28 12 40 24
25 31 29 18
15 38 36 18
13 22 29 17
25 32 32 13
38 4 29 16
10 25 36 14
18 27 21 19
2 12 45 7
15 34 41 26
6 16 29 16
14 11 28 22
34 9 33 15
13 13 32 10
22 15 36 12
29 20 49 10
3 8 18 36
43 13 30 8
9 23 5 0
4 31 38 21
43 29 32 19
36 43 34 24
27 43 34 0
12 17 44 5
44 22 38 2
43 38 37 16
39 12 29 18
5 33 37 11
44 13 33 15
33 22 24 26
5 23 39 17
40 6 47 20
8 26 26 20
26 29 38 17
32 16 40 24
15 29 39 6
30 33 30 3
8 21 42 28
3 23 15 1
29 49 26 22
10 23 34 19
4 26 45 17
7 33 31 16
30 41 32 16
36 39 27 14
37 45 34 10
36 44 42 3
3 15 47 11
47 44 30 35
33 34 38 24
14 35 2 32
46 15 40 15
42 41 45 8
11 24 38 4
9 32 31 12
32 9 25 1
11 32 28 24
27 44 39 25
35 22 43 3
7 18 32 13
17 46 42 33
12 22 16 3
37 0 37 16
23 16 35 14
42 18 31 17
15 32 40 25
5 22 31 9
33 9 27 33
5 21 24 12
32 10 41 28
18 35 39 22
4 7 23 36
31 44 18 20
39 29 5 4
1 38 43 4
37 23 40 2
37 15 34 25
5 24 27 19
43 15 34 17
33 28 29 5
45 36 36 36
33 38 25 34
45 9 45 0
36 19 29 17
37 39 27 17
37 16 28 24
11 26 35 1
5 22 26 16
45 11 17 19
19 30 10 8
27 38 39 26
35 34 34 14
45 47 46 35
29 7 22 9
12 21 8 19
38 5 38 12
32 11 27 20
6 23 24 5
6 34 30 17
0 7 38 12
14 29 45 42
38 16 32 19
40 11 30 11
5 4 36 11
48 3 13 13
42 14 45 11
17 19 39 15
0 8 32 20
18 27 36 9
40 36 49 1
39 10 38 21
4 7 31 22
9 17 24 19
34 45 36 29
41 38 38 11
31 34 41 25
7 26 17 22
31 46 29 10
25 32 44 16
39 13 43 19
21 29 23 21
2 6 36 11
8 6 32 15
8 32 24 22
37 12 24 22
26 19 30 21
33 13 46 37
22 21 10 37
49 15 9 12
25 1 35 19
23 27 31 7
18 5 28 5
25 19 37 25
2 5 29 19
9 33 26 7
18 31 31 17
48 10 33 19
0 7 30 19
44 4 34 23
8 34 44 6
20 22 27 24
12 27 20 17
7 26 13 15
40 13 30 24
17 41 40 2
12 36 6 14
7 20 23 28
35 23 32 2
2 7 34 0
43 42 48 19
41 10 29 23
1 23 18 22
5 17 34 19
48 12 38 16
43 19 36 12
39 9 45 1
43 14 31 14
14 35 33 5
42 19 32 30
9 28 32 18
8 36 34 21
12 28 30 20
3 38 27 14
46 11 42 28
6 35 30 22
3 8 29 12
11 42 26 24
28 15 7 10
32 31 20 29
41 47 24 12
14 40 45 25
45 15 1 15
11 19 37 30
1 2 30 15
48 41 27 17
24 22 32 19
22 30 23 15
12 35 31 15
34 14 36 19
15 5 44 20
11 30 32 1
37 38 19 8
19 26 24 5
31 26 29 1
5 38 32 22
38 25 36 19
8 33 32 18
3 20 12 26
6 31 42 8
15 9 48 22
13 15 42 13
7 23 18 17
39 13 36 18
13 21 27 13
11 34 22 13
3 5 29 15
6 6 30 16
45 16 46 5
15 18 30 22
35 34 38 17
33 41 38 37
20 39 35 22
8 22 27 49
48 19 41 16
2 7 43 24
12 24 43 8
37 11 32 29
49 32 32 5
37 34 31 14
28 6 11 29
44 26 30 24
25 38 12 8
46 26 34 16
48 21 33 29
47 43 40 0
11 21 35 14
26 36 32 10
19 33 39 19
22 40 34 17
20 31 29 15
47 25 42 21
30 25 42 6
28 16 32 14
9 28 38 12
19 14 26 21
25 21 24 41
43 15 35 10
31 5 33 0
5 23 44 16
7 30 48 38
13 15 36 24
13 33 38 14
41 17 34 19
8 23 28 25
38 40 28 14
6 33 44 0
22 20 33 16
8 26 46 1
7 23 44 14
5 3 30 4
43 6 38 10
0 3 28 17
7 41 47 16
30 36 36 13
36 13 28 14
16 22 46 0
22 35 27 29
3 21 28 34
28 30 26 21
3 22 38 3
24 10 38 17
2 8 34 17
30 19 34 15
15 40 36 8
3 23 29 20
23 31 34 22
6 9 48 35
21 26 43 13
26 33 5 18
26 26 30 17
16 24 29 42
34 11 34 16
34 19 38 22
13 26 35 20
41 49 34 21
45 18 34 11
4 27 32 1
30 32 8 27
34 34 35 19
5 7 14 7
35 5 33 23
12 19 34 12
9 33 42 5
33 14 43 0
17 18 35 22
36 33 40 16
3 26 10 8
30 27 8 10
49 7 31 24
39 15 24 20
33 25 40 4
23 27 42 10
22 18 36 16
8 5 36 12
38 14 49 15
6 5 37 21
32 17 27 28
12 23 41 1
22 17 21 27
8 22 30 12
10 27 17 5
19 29 7 31
19 22 29 21
34 28 31 4
38 36 45 0
48 26 40 15
27 34 25 7
47 27 37 14
12 21 41 15
3 11 29 20
47 43 20 13
37 12 42 12
1 11 37 17
28 36 40 23
19 34 42 17
21 14 7 34
7 36 33 20
6 20 33 37
8 25 35 15
13 32 39 18
8 21 47 31
8 21 28 18
46 8 30 14
32 18 19 2
5 24 33 26
32 14 28 17
36 20 17 19
12 40 32 16
2 25 42 18
2 7 49 17
6 19 30 17
37 28 33 16
37 0 40 19
5 22 38 6
12 16 41 23
41 36 33 10
27 32 40 29
35 42 31 15
48 3 30 21
9 17 30 21
21 22 35 15
38 25 44 17
24 26 33 5
15 16 37 15
11 14 35 24
8 28 9 3
24 12 39 11
16 30 2 6
28 26 15 38
3 14 34 20
34 10 42 0
49 27 36 14
35 18 45 8
31 2 33 17
47 26 1 11
13 27 38 17
1 34 29 8
14 36 44 6
46 39 32 23
4 23 32 16
28 27 32 19
20 21 38 19
3 4 36 16
30 35 39 28
30 8 41 13
4 33 28 2
5 33 40 17
4 9 38 22
8 36 32 19
6 36 25 37
22 27 32 24
35 24 48 36
35 41 27 11
37 25 40 1
9 33 34 14
8 34 49 13
1 9 30 10
36 11 41 5
2 10 37 11
2 5 15 8
38 36 49 1
7 39 37 24
14 18 31 27
32 33 45 3
25 31 48 8
35 29 31 25
35 4 30 18
21 41 35 31
26 22 19 8
4 45 24 23
2 30 41 18
3 4 32 10
21 7 24 9
36 19 34 1
28 18 33 20
12 31 49 0
44 15 32 22
1 5 44 31
30 28 38 14
10 37 22 15
26 31 27 18
44 8 30 14
27 46 39 22
41 49 47 30
20 22 25 16
33 9 40 14
27 28 31 5
36 19 33 10
38 11 29 17
34 26 30 18
3 5 36 13
15 31 31 16
47 41 19 27
29 34 44 4
0 11 26 42
24 28 36 0
36 34 36 27
4 22 33 21
32 13 39 26
48 25 29 29
15 6 45 2
27 34 27 14
21 46 31 16
49 47 35 23
27 18 44 13
13 34 38 11
5 35 32 31
0 6 30 10
30 15 39 6
15 16 42 0
34 49 32 20
42 13 37 3
22 16 30 13
17 23 26 29
16 33 31 19
7 4 41 6
30 23 39 13
1 4 46 4
12 32 36 12
32 4 30 19
32 36 42 11
29 23 46 24
9 45 36 20
7 33 32 23
40 39 36 44
37 39 38 12
36 8 23 18
34 11 49 21
30 17 43 9
6 3 44 3
9 33 38 18
13 22 27 26
3 25 31 19
33 16 33 26
9 20 34 19
7 34 33 22
36 33 40 16
20 22 27 13
43 9 30 12
12 28 33 11
44 8 37 10
25 34 49 31
31 41 31 2
35 23 18 10
9 34 40 24
24 29 28 12
43 29 32 13
42 19 46 18
34 26 44 22
4 38 38 18
17 42 48 6
35 16 38 20
20 36 29 26
9 14 39 18
19 46 34 16
42 42 40 28
25 38 30 20
3 30 21 21
49 41 28 2
9 21 37 28
18 29 19 24
7 26 35 16
41 42 28 21
45 28 32 13
23 35 39 3
27 3 31 12
31 2 31 29
47 26 31 8
8 40 46 3
27 27 23 17
25 15 41 11
6 24 25 7
33 32 34 18
23 21 29 18
2 33 36 26
7 35 33 19
5 30 36 8
21 33 32 22
42 10 34 8
19 22 49 25
6 29 35 11
41 21 40 8
44 20 31 19
21 26 33 6
39 17 41 6
12 37 26 8
9 33 36 34
6 31 31 17
39 33 36 15
35 30 6 14
42 29 36 23
22 37 39 31
28 30 33 4
33 7 37 22
45 45 23 17
48 42 39 3
42 13 48 30
32 19 47 33
8 19 18 31
0 8 23 14
39 14 36 12
48 21 33 8
41 29 29 21
42 20 31 28
38 29 35 8
25 14 16 11
41 22 31 18
27 12 35 14
26 29 45 1
40 28 34 14
13 29 35 14
7 26 30 16
32 7 44 25
49 46 31 14
7 24 34 42
37 15 44 13
25 23 42 11
7 37 34 7
35 11 3 7
38 19 31 17
34 46 39 20
0 21 39 7
38 48 20 20
27 29 26 2
37 6 31 11
6 8 27 16
10 15 25 22
11 37 31 20
39 20 31 21
36 47 46 16
18 26 39 1
3 13 34 29
1 11 46 2
23 36 26 14
29 26 36 12
7 18 49 2
11 35 38 7
5 36 24 10
10 30 33 13
37 19 36 8
47 13 33 25
39 31 31 20
3 21 32 23
45 31 48 0
31 27 39 36
7 26 22 14
39 38 33 14
36 34 41 19
29 7 27 17
21 39 44 2
34 34 40 12
10 20 49 27
8 27 33 18
18 27 43 21
46 19 14 11
40 22 20 12
20 32 30 15
32 19 33 13
45 45 29 26
