50 192 14828 800
37 27 16 23
41 20 12 15
14 23 8 32
39 36 16 0
20 13 13 10
30 11 15 23
8 16 20 21
21 9 24 15
24 19 7 40
19 35 15 9
46 14 15 12
30 42 27 23
25 27 49 36
43 33 48 39
22 17 12 41
21 46 17 26
16 17 1 47
8 15 43 28
14 19 19 37
23 24 25 21
39 20 10 33
28 6 40 33
29 17 23 17
35 14 24 13
18 43 38 26
30 41 15 4
29 5 13 12
41 31 4 43
15 8 15 17
2 17 7 47
21 28 15 20
36 21 10 31
19 38 28 18
16 3 16 22
8 48 16 25
41 30 9 41
15 18 29 8
43 38 8 28
19 37 15 20
37 38 13 27
46 16 19 18
37 19 13 28
45 35 11 7
1 17 15 24
48 28 6 9
17 22 8 34
29 26 36 43
20 22 13 27
29 29 17 8
29 14 8 48
30 24 6 31
12 6 16 23
10 48 24 9
21 44 22 31
10 42 8 30
46 16 42 23
41 22 39 17
45 22 36 29
4 32 37 41
3 11 15 47
34 18 10 9
23 25 4 38
38 33 21 22
42 23 10 33
35 29 14 33
36 28 8 32
19 0 15 17
25 33 10 31
46 22 25 35
27 24 22 10
6 45 6 23
33 40 2 46
40 35 22 11
35 32 13 30
24 19 8 30
46 28 11 42
17 7 19 23
32 35 40 46
43 31 16 25
26 14 5 43
37 36 19 24
38 24 1 47
39 13 9 13
22 25 16 9
19 32 17 27
38 29 34 45
15 25 23 8
14 32 5 22
47 37 10 32
29 40 39 12
31 44 9 0
15 39 30 35
30 32 7 30
28 21 9 31
34 18 3 32
30 11 1 40
39 48 14 14
5 49 18 23
24 21 8 32
37 11 10 33
46 22 22 33
4 9 21 47
29 6 23 19
45 22 21 20
47 30 34 47
34 15 9 25
48 31 43 46
38 27 14 24
6 49 12 5
32 5 8 18
14 30 14 6
22 43 5 27
15 30 44 42
36 16 10 45
26 10 13 16
24 23 6 29
30 38 13 13
34 29 42 44
49 30 13 48
21 27 15 5
47 37 11 27
34 7 16 19
36 14 12 20
15 8 32 24
45 29 18 30
25 17 19 16
29 18 25 47
41 36 27 32
39 34 45 30
37 29 48 33
37 32 11 23
41 22 23 37
48 19 49 32
26 27 10 39
44 24 46 35
39 15 33 40
31 17 13 25
24 35 16 19
9 28 43 25
9 19 45 30
4 41 34 35
37 26 13 32
24 12 15 14
13 17 0 33
24 47 32 16
28 25 24 11
36 31 27 42
13 27 18 26
9 37 23 25
35 32 16 36
31 28 24 46
19 13 12 1
47 37 46 30
37 21 36 48
16 30 8 35
33 42 15 23
4 32 49 35
5 17 15 18
18 32 32 15
33 20 33 15
39 32 16 18
8 4 7 15
49 17 39 43
6 32 4 40
36 24 41 24
26 15 14 5
39 28 12 35
36 41 26 35
16 22 13 36
30 1 41 14
43 48 21 31
43 23 4 15
34 33 45 21
22 31 48 15
38 4 16 20
21 23 43 33
4 35 13 9
45 26 13 39
11 16 18 26
20 26 37 42
10 29 21 17
27 12 29 45
34 33 14 48
37 22 16 31
24 16 16 21
39 16 9 30
22 33 42 46
44 33 47 20
21 7 23 12
6 13 1 30
46 36 48 26
39 37 5 15
