50 280 11496 800
42 24 35 34
32 16 17 46
41 38 38 33
6 39 43 16
26 39 45 22
9 47 0 24
29 41 2 17
26 38 20 14
34 8 25 17
23 39 22 43
26 36 27 40
27 35 48 0
29 39 35 13
32 3 34 17
25 3 29 35
27 46 29 17
26 38 48 28
22 7 45 12
19 37 10 18
27 4 13 31
34 42 12 23
47 1 39 22
24 34 29 9
20 2 21 22
29 47 9 16
28 3 22 30
27 7 39 45
35 26 39 24
12 2 48 1
9 6 0 8
6 28 11 10
20 14 28 34
16 7 13 23
37 47 3 23
47 36 31 37
32 39 28 43
26 22 18 12
23 30 33 17
10 13 10 22
28 40 23 27
7 22 44 31
48 22 32 41
36 7 34 21
34 3 23 33
27 46 16 16
18 44 25 41
27 37 29 20
24 40 24 20
28 38 24 33
24 40 25 25
40 46 24 7
45 24 38 20
25 38 41 13
46 17 17 24
35 31 17 33
27 40 18 5
32 1 35 35
22 17 37 9
37 19 34 8
22 1 28 15
36 7 47 45
30 37 24 36
34 1 18 25
28 37 45 10
40 9 36 20
22 36 42 5
9 24 35 18
26 42 29 14
38 2 15 18
40 16 23 37
40 42 29 36
29 3 22 8
37 0 13 36
26 19 3 24
47 21 48 17
44 31 47 29
9 34 23 35
27 37 2 13
35 30 11 4
45 4 36 17
42 13 17 20
27 39 46 40
42 22 15 2
45 19 27 26
10 43 19 41
18 27 36 19
45 4 22 34
23 41 23 29
21 32 31 41
7 27 48 20
41 19 10 17
12 15 24 31
37 4 31 35
34 42 39 0
14 1 36 25
42 37 11 22
44 21 21 0
34 42 29 23
8 46 28 34
6 33 36 34
14 41 32 26
39 8 9 26
24 39 34 11
26 41 37 21
37 4 14 18
9 6 40 15
28 5 21 34
25 40 3 17
39 17 26 41
10 7 4 11
14 33 38 12
38 27 25 41
27 38 44 3
33 14 30 23
28 36 49 41
41 31 49 27
41 5 9 22
17 22 43 28
48 4 3 20
25 40 40 18
27 38 30 0
32 28 23 45
43 47 18 7
38 21 25 16
16 13 46 22
39 16 28 36
17 14 42 39
43 12 19 25
24 2 14 14
26 9 4 11
43 18 31 16
15 41 31 13
36 33 17 15
25 35 37 8
28 18 40 27
24 36 8 12
3 12 24 41
26 37 41 2
36 31 13 14
27 40 39 17
44 1 12 39
27 4 17 14
23 37 29 46
29 45 19 47
20 14 27 2
44 4 30 37
30 19 28 14
32 16 3 7
30 7 23 37
23 39 22 22
19 46 40 7
38 39 14 1
38 7 37 41
26 40 41 13
22 15 41 23
48 9 48 44
22 46 4 20
29 36 11 22
26 39 41 47
17 6 16 22
31 38 18 32
37 21 22 43
20 40 19 14
32 17 36 2
20 45 18 7
16 34 3 20
34 42 42 25
24 14 5 24
28 13 46 37
33 40 27 39
24 36 40 33
37 38 44 38
42 9 33 14
29 44 16 16
28 17 0 3
13 3 26 13
25 39 31 30
37 3 8 25
24 37 26 14
29 6 40 31
30 41 30 9
8 41 6 26
23 11 45 49
18 5 35 18
20 0 37 40
35 18 42 28
49 8 22 0
22 37 27 14
43 8 40 46
13 33 32 29
1 26 35 27
45 11 21 46
19 6 45 24
18 4 33 12
40 8 36 16
18 9 42 45
4 29 31 18
40 5 33 21
29 12 3 11
21 0 34 16
10 8 45 27
14 35 37 33
39 10 31 39
14 36 15 22
30 45 29 18
46 7 25 22
17 4 36 6
21 37 9 18
35 12 6 17
49 30 25 48
33 38 5 12
22 9 11 14
37 28 44 31
3 47 39 34
21 37 7 10
45 32 20 45
30 15 23 32
28 36 30 7
35 28 17 34
24 35 15 18
28 37 17 44
5 45 38 11
29 38 29 29
42 9 35 29
28 40 31 35
26 37 36 20
36 2 27 16
20 36 23 2
35 18 1 34
2 36 34 16
20 46 25 23
20 19 8 21
26 38 1 12
36 7 25 11
39 17 16 15
18 6 18 49
5 14 31 5
48 18 5 14
48 19 31 16
21 39 40 39
9 11 15 9
29 36 22 44
40 20 33 17
37 39 36 13
26 38 6 14
46 39 0 32
22 35 42 41
0 35 27 37
35 33 32 4
45 9 14 47
32 36 25 9
46 44 17 14
35 45 10 17
25 29 28 23
12 10 38 10
41 27 30 36
43 31 47 28
46 33 34 28
48 11 33 0
27 37 26 6
25 10 48 12
38 12 40 1
28 36 29 15
20 39 33 21
40 12 38 22
35 2 34 28
45 7 42 33
47 21 44 32
11 27 24 10
23 35 18 5
44 0 15 7
26 34 25 23
33 43 31 37
44 14 10 15
15 11 1 18
36 24 5 3
47 11 26 36
24 33 31 11
14 38 17 20
28 49 26 14
