50 59 11564 800
19 35 27 5
4 19 9 29
45 23 34 0
45 7 18 26
27 11 14 19
11 22 21 19
41 30 20 34
2 41 48 14
39 0 12 21
31 3 39 15
7 10 9 30
19 43 12 6
29 20 4 3
6 42 7 23
38 35 17 34
44 29 15 26
39 4 17 24
43 9 23 0
30 46 24 36
27 29 44 28
31 13 6 26
18 2 2 25
13 16 11 27
12 5 24 32
29 30 6 36
39 25 3 19
39 32 34 10
28 30 25 2
47 21 15 7
26 27 14 24
49 11 32 16
16 1 17 30
48 39 19 27
35 28 13 36
33 26 31 11
46 30 15 20
28 39 28 25
12 27 43 8
36 26 39 0
9 17 17 33
30 9 22 8
40 23 8 28
46 34 4 3
20 26 11 28
44 30 28 39
4 15 46 3
21 20 39 10
15 15 23 38
40 21 12 18
49 20 28 17
44 18 21 38
33 35 17 34
21 43 10 26
19 38 16 25
45 33 9 25
42 35 22 34
12 18 28 30
28 24 16 21
22 42 2 28
