50 116 17250 800
37 14 46 46
39 39 24 48
8 24 15 28
25 45 22 34
27 41 22 47
30 48 19 30
10 25 13 48
35 15 14 26
23 19 20 48
6 25 20 45
7 12 1 35
36 29 45 42
6 14 19 48
13 38 21 45
26 43 47 39
24 43 43 39
21 42 13 25
47 30 35 10
27 32 2 24
19 37 0 19
10 25 45 40
33 25 16 29
4 9 8 29
11 34 24 44
37 14 46 24
17 44 18 49
41 10 17 44
43 13 9 40
35 7 8 32
39 13 20 26
35 44 14 20
32 48 1 34
45 28 40 10
23 43 28 8
6 13 40 23
8 22 46 41
41 19 21 46
25 39 43 41
18 33 23 38
20 47 33 21
18 47 6 19
3 48 18 40
27 22 20 42
11 24 16 45
39 13 32 38
41 41 20 46
17 13 35 8
2 4 23 46
29 9 11 22
6 14 38 31
8 23 47 41
36 14 40 43
0 4 31 9
2 22 3 11
43 13 5 41
26 38 43 41
26 44 11 10
24 16 42 38
10 17 15 20
20 36 9 27
7 10 22 45
0 10 26 47
30 20 12 48
19 14 30 10
25 34 43 42
7 22 28 28
16 13 25 36
27 44 10 26
23 40 45 41
32 27 20 48
5 10 36 16
22 46 36 29
21 34 7 9
17 23 20 46
11 25 23 14
21 15 21 36
7 23 42 29
5 11 23 26
40 12 46 41
10 14 48 37
3 34 46 42
42 39 9 13
38 13 24 13
29 42 17 40
40 11 5 12
25 41 43 39
9 42 43 14
47 13 18 45
36 35 28 13
41 32 40 38
35 39 6 22
45 19 25 22
27 39 18 46
13 7 41 35
28 32 18 29
18 46 27 34
25 45 13 10
14 25 31 25
28 46 4 31
21 23 8 4
42 32 15 45
5 19 31 27
27 43 46 37
23 31 36 17
32 35 31 49
15 21 23 8
17 41 29 21
23 36 27 37
22 34 21 21
39 12 27 18
26 39 45 42
27 40 24 16
6 19 13 9
8 8 20 49
3 22 45 33
35 46 16 34
