50 579 13837 800
37 25 37 36
42 14 21 35
30 36 37 36
34 36 45 3
30 35 44 22
31 35 31 27
31 35 3 22
34 29 10 3
26 46 36 31
35 37 36 23
13 28 37 34
44 26 35 22
34 37 11 41
23 26 40 25
32 31 29 23
46 25 35 0
32 38 29 18
18 41 23 23
36 33 27 23
46 0 9 28
44 34 33 26
33 37 29 29
33 37 33 3
35 14 24 30
35 33 44 16
8 40 16 19
48 0 3 31
34 30 22 16
30 35 34 21
38 38 43 23
49 22 42 28
49 32 38 34
36 26 15 30
48 0 37 36
37 21 48 39
33 36 40 35
11 26 2 14
46 23 26 26
35 34 25 7
32 37 4 31
46 3 46 10
41 30 34 1
42 21 40 30
29 45 44 29
40 25 6 16
39 28 33 31
45 44 29 19
34 37 22 24
25 41 36 38
34 33 16 23
37 25 10 38
35 34 9 37
37 34 18 4
41 18 43 28
34 39 37 34
26 14 8 40
39 19 38 36
31 6 21 7
44 17 36 36
17 16 32 20
45 1 48 8
17 31 14 36
45 2 48 49
8 33 1 25
33 34 37 39
40 29 38 35
14 27 32 35
48 26 2 23
35 26 39 35
36 26 7 1
45 3 40 23
29 36 35 42
27 6 32 24
38 37 36 33
37 40 34 21
43 29 30 32
32 34 32 26
46 1 17 46
37 26 35 3
30 35 36 24
48 3 39 34
38 30 7 44
35 33 38 26
44 27 35 36
22 32 33 6
40 16 46 29
38 28 4 36
40 25 13 32
32 12 49 34
32 47 16 14
47 18 11 20
34 32 37 24
35 32 20 30
35 40 37 26
49 27 36 31
2 43 40 37
36 24 40 17
36 22 40 24
48 21 45 17
3 25 15 39
30 37 10 36
41 24 38 5
32 35 41 30
49 33 43 19
29 34 5 38
18 40 38 25
37 37 38 30
33 19 36 37
36 34 8 43
42 29 29 0
26 34 13 24
36 32 15 29
42 26 40 32
30 41 37 26
31 32 22 38
15 33 25 26
48 4 37 25
31 35 47 13
29 34 41 29
36 23 18 26
33 35 25 36
42 30 11 14
36 35 27 33
43 26 33 26
35 37 26 31
49 23 18 14
39 23 34 25
16 35 46 24
45 2 8 35
21 46 36 32
45 3 26 17
29 36 36 26
30 39 19 3
37 42 39 45
33 40 37 27
40 25 34 27
32 25 16 15
41 26 39 21
39 14 10 11
27 25 40 33
35 34 35 22
48 6 20 4
30 39 35 21
34 19 26 38
3 40 20 39
46 4 39 22
43 2 10 44
28 21 41 28
7 42 31 1
29 31 4 38
35 46 32 16
40 28 19 28
20 11 10 37
49 30 30 19
8 26 13 6
7 14 39 28
30 35 39 31
17 20 13 14
9 39 6 28
41 15 12 39
40 35 19 36
18 37 38 34
33 40 8 43
41 16 30 18
33 31 43 29
32 35 37 36
40 23 27 42
46 1 33 15
21 0 43 19
18 37 41 26
31 13 28 23
41 24 2 25
32 41 10 12
45 1 7 28
33 42 2 14
37 21 3 34
44 3 32 22
35 39 34 30
18 29 7 39
46 3 19 40
46 27 25 30
40 24 11 33
29 20 37 26
46 22 22 28
13 2 38 31
20 47 43 28
32 28 26 1
21 35 35 29
41 8 40 31
37 19 36 29
46 22 36 19
32 35 23 6
41 15 34 36
18 39 35 1
4 48 39 33
46 29 8 33
4 2 10 40
3 26 31 26
33 23 41 26
42 20 12 39
30 12 21 33
47 0 26 23
45 22 36 34
46 4 41 29
34 36 13 29
35 35 33 28
28 37 33 18
4 5 34 38
48 1 44 18
36 19 39 16
48 1 20 27
28 33 15 24
3 27 46 20
30 10 12 35
27 31 16 28
33 35 15 38
44 30 46 10
33 38 31 25
35 34 39 8
36 33 45 6
43 26 37 34
48 36 39 33
46 4 32 33
49 7 0 29
33 4 16 31
36 35 20 27
49 7 40 23
24 1 35 27
31 32 44 31
26 12 8 8
32 37 3 35
33 47 24 16
46 21 41 25
44 2 11 35
38 34 28 25
41 17 23 29
44 6 40 5
35 35 15 8
27 12 5 43
12 47 36 33
34 35 28 20
10 43 34 32
23 48 44 29
48 5 12 16
46 0 16 37
49 2 39 28
23 47 36 16
46 9 36 35
27 1 13 26
5 26 7 36
15 41 32 23
49 5 19 23
43 7 42 23
31 34 23 29
37 34 9 40
35 34 31 35
46 4 40 19
2 35 39 21
39 24 36 32
36 33 15 39
19 25 42 25
40 24 45 31
33 36 41 35
38 34 11 39
42 24 32 2
6 37 47 10
35 34 1 33
38 31 6 42
32 25 43 26
0 29 38 18
39 31 34 27
48 18 39 27
4 33 39 37
38 24 17 10
35 49 44 46
41 25 36 19
47 28 38 27
30 34 1 39
28 35 9 27
33 23 35 36
46 0 31 6
49 16 29 11
32 33 11 22
34 22 39 31
33 38 10 34
31 30 29 34
43 26 21 19
43 38 35 25
34 36 35 25
48 18 14 41
45 22 46 8
45 5 8 26
49 8 25 15
32 37 45 27
29 34 11 36
21 47 39 28
34 34 48 16
42 19 49 39
29 29 37 29
34 35 23 6
14 28 14 18
17 40 45 19
14 35 35 27
34 17 34 5
0 10 8 37
30 37 30 30
29 1 9 39
43 19 44 4
31 27 11 14
34 32 42 29
39 22 42 15
9 28 10 39
30 36 25 29
33 32 41 27
33 39 17 19
30 36 38 25
37 32 47 29
40 26 30 4
42 33 6 6
47 44 35 20
35 35 30 25
28 36 36 36
36 36 4 14
42 49 41 30
47 24 9 37
32 22 44 36
47 22 37 16
32 20 37 30
47 21 9 40
47 4 39 34
46 27 21 30
32 36 38 35
34 35 17 13
46 3 44 27
36 40 38 23
30 1 33 38
34 26 43 29
28 31 37 27
44 29 22 30
40 25 11 25
37 28 0 34
41 21 30 32
29 30 39 25
40 25 20 30
41 23 9 33
46 32 28 12
49 6 43 26
39 29 16 40
18 38 40 20
38 28 32 25
38 45 33 22
36 38 23 36
31 33 23 27
34 34 14 35
30 4 6 4
15 5 38 14
31 33 4 14
33 33 37 27
34 34 20 46
34 34 18 41
13 20 24 15
40 19 30 21
47 11 37 29
29 45 41 31
34 32 8 26
37 38 28 23
32 27 36 28
32 21 39 38
33 28 8 36
41 28 35 21
33 34 37 23
33 36 43 34
11 39 23 10
34 38 19 10
32 27 39 13
32 35 36 2
46 10 43 36
32 36 34 29
34 30 36 19
48 2 40 17
34 19 10 22
33 32 38 29
33 25 31 22
5 23 31 26
48 4 39 18
31 36 30 29
10 32 9 44
20 23 40 30
37 17 16 28
44 0 17 4
7 12 33 6
38 18 45 2
23 49 36 26
38 32 6 12
48 0 21 19
34 34 10 38
32 34 11 36
42 26 37 31
46 0 13 10
47 2 11 1
47 5 38 37
31 37 39 21
35 37 26 37
31 39 30 28
26 13 34 28
32 35 28 20
38 24 11 38
48 33 37 38
24 22 1 29
30 38 40 32
44 22 27 14
24 48 13 28
25 46 46 24
34 38 36 25
39 37 40 25
25 7 43 36
37 38 42 30
45 29 42 22
40 18 40 34
38 13 9 10
47 6 13 26
8 30 5 36
33 34 40 32
20 3 11 35
31 32 35 31
28 36 46 22
15 41 30 23
46 29 37 30
15 36 26 34
36 38 18 18
36 34 21 25
34 33 10 24
33 20 11 34
35 13 31 3
34 32 13 41
37 17 31 23
33 34 41 25
31 35 15 34
31 33 14 0
31 37 39 40
28 34 13 40
28 38 45 17
18 36 6 33
35 38 1 43
45 1 2 25
37 10 34 21
28 36 28 27
14 26 37 22
35 36 44 22
43 29 36 33
3 28 2 17
30 33 22 36
35 32 34 37
30 38 11 37
49 1 37 25
47 0 49 20
32 35 38 35
39 22 29 27
35 36 15 29
47 7 7 20
31 37 26 34
36 35 22 22
33 38 43 27
47 5 28 36
46 2 29 23
35 0 44 25
46 35 24 27
39 29 40 36
33 40 6 35
21 19 30 14
38 28 29 26
47 5 43 30
32 34 45 25
2 25 14 31
34 37 40 44
43 29 40 35
32 36 30 6
14 18 38 3
2 17 39 36
28 37 20 12
36 29 6 47
31 34 45 32
3 9 42 28
30 34 27 14
33 35 30 38
45 16 34 30
8 15 14 35
28 36 5 46
43 13 37 36
41 26 19 26
31 35 37 35
44 7 40 34
30 21 33 30
32 31 42 28
49 18 35 21
0 30 13 38
31 32 15 40
24 38 33 30
43 1 7 6
38 28 32 8
33 33 15 42
34 34 40 30
49 10 11 39
13 8 33 32
21 27 15 35
32 46 14 39
44 2 6 40
36 40 42 35
42 17 1 42
33 33 19 32
31 35 3 34
1 14 13 35
1 17 34 4
34 34 30 29
35 26 28 35
35 28 32 2
49 28 17 13
33 16 2 24
41 20 28 23
40 9 21 19
1 41 14 29
42 28 41 37
10 38 37 35
32 36 7 32
32 26 20 36
42 8 36 26
31 37 8 33
46 4 48 30
31 30 26 24
8 37 30 20
32 24 38 33
29 38 37 37
35 39 30 2
45 4 40 34
31 34 17 31
3 11 45 24
33 41 33 1
47 6 43 30
10 20 47 45
36 24 30 25
38 39 22 40
34 35 40 32
35 38 40 43
44 1 1 4
43 0 35 34
44 0 5 17
40 22 32 19
47 25 11 9
31 34 18 39
36 23 42 27
36 35 31 20
49 19 11 19
45 3 21 13
10 5 37 34
46 4 6 11
29 30 5 46
46 21 29 2
49 22 35 36
36 26 42 30
31 38 38 24
29 37 12 36
40 32 11 10
37 33 10 21
31 33 37 41
27 33 21 35
49 1 42 21
34 47 16 27
29 33 41 21
19 34 20 22
46 30 40 27
41 9 3 15
37 15 41 21
45 21 33 38
33 36 13 37
42 4 30 2
34 37 10 20
32 5 6 33
43 16 32 19
48 1 15 33
