50 455 15079 800
41 42 40 20
26 1 36 23
37 26 18 33
32 30 31 7
2 18 27 11
17 17 10 22
38 18 43 26
39 20 25 1
18 26 35 2
19 34 49 32
42 22 22 7
16 5 15 15
1 21 23 7
1 10 18 28
43 12 45 5
31 6 24 2
43 49 31 8
7 23 30 0
22 16 49 35
32 29 28 3
27 21 28 4
33 16 2 17
20 19 20 24
18 13 31 4
35 20 35 27
9 42 20 25
45 35 16 24
27 16 20 2
41 39 27 0
11 30 46 38
24 27 15 15
27 18 25 6
26 27 38 3
49 39 28 25
0 48 22 34
22 23 22 1
8 13 30 43
20 28 46 25
15 13 42 28
22 9 48 17
14 10 17 32
35 20 43 36
47 14 23 23
23 3 25 24
40 31 27 5
20 22 28 15
39 33 12 6
48 22 4 11
35 38 12 36
6 9 41 37
31 13 11 23
42 24 28 0
34 29 32 1
29 36 24 18
40 9 26 8
43 22 44 9
37 18 31 25
28 27 40 25
8 12 48 29
7 19 24 4
23 11 10 28
18 21 1 28
43 28 30 12
24 32 18 7
36 48 44 25
25 12 30 7
1 3 31 2
49 45 48 31
35 26 25 6
28 41 28 29
9 26 44 25
40 44 43 46
34 20 19 31
31 23 42 43
31 35 23 6
27 27 28 5
18 21 42 35
11 32 28 8
34 8 43 23
34 5 36 13
24 18 38 40
28 17 28 7
35 34 25 3
39 14 28 5
39 30 25 4
34 26 32 49
25 6 16 12
36 19 21 9
35 19 23 26
0 16 27 5
7 27 17 19
23 33 29 22
48 7 28 6
37 41 23 2
39 26 38 0
39 29 36 14
36 37 35 1
12 32 26 4
40 44 23 4
11 33 38 36
33 42 29 21
7 11 19 14
9 28 32 1
23 26 37 7
17 21 24 2
15 18 32 6
40 43 24 3
14 22 28 3
35 11 29 3
7 13 34 20
30 35 27 4
18 20 31 3
8 19 26 7
10 10 17 1
14 16 10 31
27 45 49 46
18 14 23 21
32 30 21 6
39 35 3 13
7 22 42 32
0 12 34 1
40 31 46 27
6 29 29 4
28 37 46 44
16 21 30 36
30 19 36 34
15 33 31 34
42 7 31 23
27 22 21 16
1 40 6 24
41 26 16 27
40 12 24 0
32 42 18 35
20 18 32 29
24 21 25 7
14 28 17 26
42 32 40 45
23 15 30 29
27 25 3 2
21 28 26 4
15 30 17 15
34 47 41 27
37 19 42 26
6 31 17 13
31 14 29 7
23 42 33 4
17 28 21 6
2 19 46 30
5 24 17 27
45 28 37 19
38 46 30 22
29 17 29 28
19 30 27 35
1 11 30 4
32 13 47 32
39 28 31 25
38 29 32 4
12 20 25 29
33 21 19 15
15 18 34 4
22 27 46 23
16 10 24 6
40 45 18 12
34 23 25 6
26 28 32 16
13 14 38 37
49 44 10 0
29 31 22 5
28 18 3 31
17 28 26 2
3 26 46 11
6 35 30 6
15 3 44 31
6 5 9 10
24 46 29 24
12 40 3 24
19 21 27 0
14 24 23 0
49 30 13 25
42 22 48 31
20 7 26 5
10 20 43 37
8 4 23 28
31 30 43 25
29 8 26 24
31 43 25 25
32 41 16 9
33 25 42 36
38 23 30 14
41 20 42 1
28 43 25 7
34 29 24 21
11 14 23 13
9 15 26 9
10 3 14 30
34 29 25 11
17 20 9 19
40 30 44 2
21 22 46 21
36 20 1 0
34 9 11 42
41 7 24 3
48 46 11 27
16 20 38 22
2 17 32 6
12 16 34 26
16 16 19 18
20 3 27 4
29 43 47 28
4 29 27 33
8 2 25 26
47 34 25 2
19 35 19 19
34 23 43 32
29 6 15 26
34 23 29 8
12 13 13 17
47 47 25 4
20 38 25 5
17 39 30 11
13 14 35 7
7 24 29 5
9 19 11 2
16 15 20 31
37 17 30 3
38 20 25 7
22 21 14 43
19 28 22 7
44 21 21 17
34 44 38 40
12 26 48 25
36 18 29 13
33 19 41 9
18 35 13 42
9 19 49 43
35 30 48 5
0 19 44 7
10 25 20 1
26 27 46 38
38 39 31 25
30 26 24 23
28 30 27 4
15 10 47 42
35 29 45 36
33 25 44 25
28 27 29 10
8 25 37 32
38 26 15 26
27 16 42 28
14 31 33 17
18 19 30 0
13 13 35 1
37 21 21 3
39 24 36 31
38 3 30 4
44 16 32 2
43 28 31 1
7 10 27 4
23 3 32 30
15 14 29 13
20 28 45 22
38 24 22 36
24 6 25 28
33 29 24 0
34 27 21 16
33 10 43 26
47 24 29 3
37 6 17 17
31 5 35 22
24 22 10 22
11 15 24 2
0 30 30 7
33 8 45 37
15 21 23 3
35 24 49 29
8 10 20 41
42 23 34 24
15 33 30 6
41 21 28 4
7 9 32 0
30 44 19 36
43 17 43 24
16 37 15 27
7 15 46 33
35 3 27 32
45 33 7 11
28 30 28 4
23 31 28 1
21 26 32 40
32 24 21 6
14 17 12 25
15 10 46 25
29 18 9 13
18 8 26 2
9 29 14 14
2 16 45 15
37 25 29 8
26 49 3 31
48 21 13 11
9 27 37 21
28 36 21 1
40 46 21 4
33 23 36 0
35 26 28 25
47 20 13 20
12 24 23 31
36 24 14 7
44 21 18 26
30 6 27 3
38 36 6 17
19 28 20 23
37 27 49 17
12 19 28 3
43 23 36 26
16 0 24 6
12 23 15 15
40 31 16 19
35 9 24 3
22 23 47 42
7 7 8 34
9 41 21 4
33 23 26 24
35 30 21 14
11 0 18 25
26 36 26 8
30 29 26 2
39 38 41 9
11 18 38 29
14 2 9 26
29 29 22 18
42 14 45 30
28 36 26 9
42 31 48 19
40 10 28 14
36 27 28 2
34 28 7 32
34 21 40 24
24 31 47 38
36 14 15 32
39 12 40 49
35 22 48 38
34 39 42 41
32 37 25 6
11 16 30 6
46 19 25 4
22 18 33 5
4 17 26 3
18 30 42 33
25 35 45 30
39 34 11 6
37 5 25 4
6 9 33 16
4 9 25 6
25 13 30 2
42 18 22 7
34 28 46 21
41 25 28 5
6 34 24 1
38 23 22 30
35 32 30 8
17 32 26 2
30 29 28 3
18 30 27 1
6 14 27 3
13 12 21 31
20 26 42 41
14 9 30 0
38 17 27 1
24 24 23 9
4 30 28 14
7 29 15 13
41 23 8 18
13 6 49 23
42 20 30 2
9 18 26 9
27 18 34 7
2 8 34 30
15 42 21 17
17 23 22 7
19 31 20 22
2 16 29 5
11 16 28 16
19 26 34 33
10 43 26 6
44 30 26 9
6 1 31 45
22 15 38 24
12 22 30 10
3 10 41 18
3 34 29 14
29 23 27 1
20 34 34 35
32 41 16 38
34 12 29 0
13 35 37 7
17 45 21 19
18 14 22 0
5 13 29 10
42 31 25 3
11 13 25 1
20 12 39 35
9 28 32 23
28 32 36 27
37 16 27 1
30 25 23 3
14 24 29 10
41 11 40 39
38 41 3 20
28 23 41 18
24 29 18 8
44 32 41 7
38 37 32 1
31 37 26 21
29 36 35 31
9 18 31 4
37 20 23 9
32 14 29 2
36 23 7 21
39 30 30 0
29 48 5 3
34 22 25 5
9 25 27 22
5 21 32 15
13 30 22 13
46 47 26 6
31 36 29 5
39 23 40 16
6 12 47 47
25 34 42 21
32 9 9 6
37 20 34 12
36 0 32 6
28 28 33 30
16 7 29 32
9 22 22 3
20 13 23 24
30 42 29 12
17 8 17 27
19 26 44 4
29 8 33 3
9 26 27 4
18 27 29 0
31 30 14 14
16 28 23 1
31 47 37 21
36 17 29 4
32 11 39 33
46 39 28 0
10 11 45 31
36 43 22 3
16 22 44 34
31 16 45 23
28 17 14 22
31 33 20 30
8 23 26 33
