50 763 15481 800
47 7 8 16
33 19 47 25
24 7 43 28
22 21 18 45
41 26 48 25
15 31 5 28
18 34 26 7
13 49 28 25
26 36 46 28
43 35 27 8
47 15 42 11
11 27 31 23
12 28 47 23
39 4 11 37
14 23 36 13
20 33 46 6
4 2 12 19
21 26 44 41
18 43 34 11
42 11 45 0
11 29 20 23
19 45 30 11
14 37 35 0
28 18 46 20
13 28 13 15
16 47 3 24
8 3 37 23
26 22 16 17
36 20 35 7
27 23 45 5
30 16 47 22
21 21 9 15
42 10 1 18
31 36 8 12
35 47 49 2
12 35 46 25
2 49 19 24
46 16 45 26
37 19 41 10
16 26 43 19
6 1 23 8
41 10 48 26
11 24 49 15
34 35 32 23
26 29 47 15
7 0 19 18
30 43 41 24
14 22 41 24
21 39 49 7
19 13 44 11
5 5 31 29
47 13 46 3
17 35 25 4
14 33 43 1
47 19 11 35
8 28 49 28
1 24 45 22
46 11 26 17
5 32 45 23
6 45 5 24
19 29 43 17
21 15 18 8
2 1 26 36
16 41 23 27
44 18 48 14
38 20 4 8
26 36 37 22
7 2 46 8
8 5 9 27
8 6 42 2
5 40 48 21
41 34 43 10
12 31 41 10
35 38 8 18
20 47 46 10
43 2 17 46
7 25 46 19
10 26 43 24
9 4 41 32
2 3 45 5
21 24 39 12
24 38 41 30
14 31 9 24
41 24 34 43
25 32 29 5
8 37 21 2
7 7 3 1
23 36 37 5
31 22 41 21
7 3 33 1
10 33 38 14
20 43 17 10
32 28 35 15
38 12 42 19
29 21 32 34
17 31 28 43
11 20 47 26
38 25 43 4
21 6 9 16
13 24 48 21
47 18 43 12
11 35 5 24
28 32 47 21
16 37 9 19
40 5 0 20
18 28 19 8
13 12 34 1
26 13 45 21
42 9 37 1
11 36 10 12
5 4 42 19
4 40 3 15
21 32 15 8
7 1 45 24
43 20 44 12
7 25 36 11
4 2 46 25
44 32 48 23
11 29 42 22
41 28 45 27
3 23 44 20
21 18 6 28
24 9 42 27
28 21 13 37
20 33 47 24
19 39 48 24
15 33 40 4
30 29 18 27
36 27 37 6
10 30 40 0
39 13 17 21
6 5 9 12
29 9 36 21
28 36 14 15
6 6 4 32
19 22 13 35
20 29 24 22
8 3 48 1
33 16 22 40
40 3 15 7
8 4 43 7
38 19 41 16
10 34 23 19
20 30 43 16
21 45 10 15
41 31 33 22
15 33 30 30
25 27 25 7
38 33 44 1
23 20 49 25
41 18 32 12
20 4 17 19
6 4 15 29
29 8 39 13
2 4 26 10
6 1 22 4
42 10 48 25
6 3 43 26
41 32 33 6
46 19 42 7
8 42 19 39
0 30 48 23
16 25 30 23
46 31 49 2
32 27 35 12
23 23 48 13
5 42 7 8
1 39 47 26
16 40 14 12
9 3 29 2
10 29 44 21
15 33 4 15
44 6 46 0
9 22 24 23
30 28 10 23
48 10 23 6
5 5 25 30
8 4 19 9
10 3 6 10
21 25 6 3
42 15 43 22
12 35 32 12
19 35 6 47
20 30 19 18
44 17 45 21
24 40 38 13
9 4 49 22
12 2 46 24
45 25 48 23
38 40 45 10
11 2 9 6
21 44 34 10
23 34 18 26
31 25 27 7
12 29 36 3
34 35 47 23
45 8 22 8
13 31 32 37
5 40 28 30
17 21 46 24
28 39 26 47
31 42 44 22
2 16 38 20
9 36 31 24
8 2 46 0
42 24 16 3
10 45 27 4
6 4 36 15
7 1 44 23
18 34 6 14
3 37 48 24
8 33 47 23
9 43 7 9
19 25 41 11
38 12 6 13
28 13 37 5
26 48 47 29
36 17 35 1
8 4 44 3
25 34 1 16
21 39 29 28
32 27 11 41
3 5 47 23
8 5 39 43
3 0 41 1
24 25 36 18
8 34 29 3
30 28 11 29
14 35 29 25
13 31 7 46
33 14 32 22
10 48 0 22
15 33 12 13
8 31 0 37
14 39 16 13
8 25 44 21
10 45 19 9
15 20 43 20
21 37 34 47
14 18 35 25
9 42 32 8
16 29 42 7
11 38 7 19
43 11 20 10
45 18 46 0
22 34 35 9
7 43 33 11
5 22 27 17
16 38 30 30
40 22 29 1
29 16 49 13
13 30 12 17
8 3 43 1
47 5 43 20
5 24 47 24
21 13 48 26
5 3 41 0
28 24 6 19
7 2 32 29
8 41 15 13
9 30 41 13
14 11 48 20
29 47 47 6
19 24 29 48
13 37 9 17
18 46 14 14
22 38 9 16
44 17 32 30
41 13 2 23
35 21 25 22
4 33 38 25
1 36 31 35
11 38 4 21
4 3 42 3
0 45 45 18
9 6 44 27
34 25 48 24
43 3 16 3
22 27 24 7
37 19 9 31
48 22 37 31
44 21 20 7
8 4 19 9
28 34 33 17
13 49 34 49
38 22 12 3
6 2 14 8
6 5 47 22
25 30 41 28
14 47 42 38
12 31 40 5
36 21 48 10
5 2 44 22
35 40 25 38
17 33 44 19
47 19 23 16
25 43 43 25
22 31 45 15
37 29 44 21
47 28 46 21
47 19 12 27
13 44 18 16
36 15 29 15
27 44 42 5
9 32 19 41
42 18 21 3
5 4 46 22
43 18 48 18
10 39 44 4
4 5 27 36
5 3 12 40
48 3 42 27
40 19 49 26
27 20 44 23
14 27 35 1
47 23 45 9
16 40 30 1
16 40 19 3
20 24 41 24
13 19 27 11
16 16 38 15
48 6 46 28
9 35 44 25
7 4 13 28
19 45 12 37
4 6 42 22
9 27 46 1
16 13 7 12
22 22 12 22
16 38 27 35
34 22 18 40
38 11 30 47
27 19 45 2
41 26 13 1
5 49 46 20
16 27 46 18
29 20 1 9
46 3 14 31
38 8 43 24
39 11 46 6
17 16 40 3
7 35 46 5
8 2 16 20
32 23 38 0
21 30 15 22
3 33 37 1
20 42 16 10
42 19 47 22
15 30 38 31
15 38 42 12
37 27 27 0
48 9 24 25
15 35 27 29
39 19 9 38
24 24 20 29
12 48 48 25
18 34 21 29
8 3 19 18
3 7 45 21
47 44 12 24
12 3 30 32
9 4 26 4
24 16 49 3
24 36 49 3
1 3 37 14
26 33 7 35
6 4 38 22
8 5 32 12
18 32 9 13
16 31 4 22
12 28 19 7
45 4 47 25
16 22 26 14
8 0 26 13
1 34 29 4
8 4 49 23
47 21 18 31
42 5 39 14
38 13 9 10
15 34 23 43
42 29 22 13
19 46 45 21
18 24 48 23
21 27 19 15
30 28 41 8
8 0 49 20
4 28 13 24
28 32 49 29
21 41 2 11
36 10 5 12
34 23 32 1
16 28 41 31
3 4 16 22
31 37 24 41
40 37 7 33
7 5 37 21
34 3 7 43
46 30 35 7
24 36 48 26
1 28 45 7
7 43 35 14
20 39 16 45
29 35 46 4
34 9 2 1
37 27 45 20
12 35 0 13
20 32 16 34
24 39 3 5
20 38 11 8
16 26 29 16
9 5 40 7
23 41 47 14
16 31 46 24
35 22 36 32
17 37 30 8
7 2 26 30
8 15 25 38
7 5 48 25
3 6 49 20
24 42 48 3
21 28 49 10
18 35 46 23
21 28 13 29
28 17 30 10
31 28 8 43
19 33 16 25
47 0 34 18
30 47 47 19
41 13 45 22
28 34 27 30
5 27 2 36
21 24 15 7
13 31 46 22
49 17 5 18
46 2 6 20
27 29 41 0
9 3 42 26
14 31 46 24
14 29 45 24
20 40 32 30
28 31 44 42
16 30 28 13
8 0 10 12
38 15 24 26
7 0 41 24
23 30 2 22
19 31 39 18
26 18 42 7
9 6 29 15
16 22 16 13
7 36 13 33
14 35 47 26
18 38 47 3
25 34 37 19
44 9 13 18
24 35 45 21
6 4 46 25
44 12 43 19
30 20 15 17
10 34 43 24
45 14 48 24
5 2 33 25
32 23 33 16
5 6 43 11
33 16 43 5
38 21 37 16
27 15 13 24
10 35 49 13
35 21 10 24
32 25 28 27
46 36 44 21
47 28 5 37
8 3 24 22
9 4 44 2
3 44 24 5
26 40 36 36
36 20 40 13
25 32 18 18
14 46 21 1
20 25 5 22
18 34 32 4
16 31 21 22
13 36 42 24
16 42 48 24
3 6 24 1
35 3 30 14
4 2 29 14
42 18 41 45
34 22 32 13
8 3 36 34
4 19 46 6
14 40 38 32
18 37 28 11
37 7 29 19
3 32 30 1
8 0 14 1
6 3 13 15
14 44 38 1
15 19 6 40
10 33 29 31
10 36 24 36
11 0 39 3
14 39 16 22
48 10 10 6
6 5 46 1
23 23 32 12
16 25 9 20
5 6 42 1
19 26 10 23
11 46 34 20
25 43 49 19
16 24 24 41
21 25 44 25
17 30 31 12
5 29 39 8
8 0 4 19
48 5 41 0
25 13 35 23
6 3 23 16
4 5 48 24
4 5 35 34
6 5 42 2
11 24 7 37
20 30 32 35
48 14 43 12
31 12 22 21
15 28 40 12
3 5 9 5
16 29 30 41
23 38 15 22
39 39 2 18
17 37 10 24
29 25 24 16
3 4 18 18
16 35 45 26
6 2 30 21
26 43 14 19
21 38 9 17
33 31 6 9
3 2 34 1
24 20 30 29
34 25 21 5
41 37 36 0
35 18 39 8
24 20 29 6
18 33 42 4
46 39 2 21
8 22 42 41
37 1 33 27
15 28 26 9
12 24 40 40
13 40 46 17
19 41 23 6
17 34 49 9
41 46 20 13
6 27 24 6
11 21 31 12
21 36 45 25
19 26 42 24
9 2 16 22
39 12 45 23
21 22 20 43
48 21 6 21
18 28 44 27
21 13 41 14
11 28 21 16
18 30 26 35
23 20 41 34
31 27 3 8
7 5 43 7
11 35 39 11
24 41 36 8
20 35 11 19
16 36 47 23
15 23 46 22
46 7 48 23
4 2 26 3
44 4 15 20
5 39 18 33
18 33 41 34
7 1 17 33
1 31 38 2
42 2 31 8
30 26 10 16
31 20 42 23
21 21 46 6
26 21 49 20
15 32 29 20
20 45 44 28
24 17 45 21
14 28 9 13
8 2 44 21
4 5 9 10
10 1 44 4
16 29 41 23
41 23 46 0
13 25 35 47
11 40 46 22
38 28 23 9
15 20 38 1
9 3 40 10
47 11 45 25
11 23 6 6
39 17 49 22
43 13 48 18
19 31 41 4
36 31 43 6
7 5 42 9
19 37 43 24
14 38 32 20
37 9 20 15
40 18 48 11
11 17 29 7
21 35 1 18
47 30 18 28
31 26 0 40
25 20 1 21
6 3 35 15
39 30 48 25
25 31 49 12
28 36 2 19
12 42 42 20
26 27 8 19
42 9 49 10
38 4 27 0
25 41 12 42
7 3 45 16
37 30 6 21
16 36 15 21
42 6 26 34
12 22 35 34
7 29 29 34
33 21 16 5
41 27 46 10
46 12 43 25
16 28 46 22
5 3 14 16
7 3 6 22
38 27 13 20
43 14 44 49
8 3 48 23
49 21 2 28
43 6 45 24
24 42 43 21
9 31 10 23
34 7 25 28
12 18 8 12
43 4 28 28
19 35 49 25
35 25 32 0
8 18 13 21
7 5 44 27
46 3 44 23
37 14 48 21
43 4 44 23
19 18 45 23
4 22 49 26
4 1 16 45
21 38 45 38
10 40 47 29
8 4 33 24
16 32 45 28
6 1 12 14
25 39 13 21
39 4 47 9
33 20 14 3
30 24 41 1
8 25 43 25
37 17 22 10
6 2 28 13
10 6 19 47
7 3 45 22
26 9 5 40
6 2 28 11
35 1 47 23
23 40 49 22
23 36 47 2
30 17 37 9
30 41 40 13
47 22 40 9
38 19 39 13
9 34 27 19
8 44 48 22
36 12 4 46
35 1 9 22
2 43 15 2
45 31 34 26
12 39 45 24
10 2 22 2
34 8 20 12
17 25 12 24
47 8 16 18
12 10 36 5
41 20 46 26
18 40 44 19
17 29 35 34
40 25 25 37
7 2 38 2
8 1 16 26
1 23 41 25
39 9 23 44
7 2 49 2
14 44 41 12
26 36 23 8
41 24 30 11
4 1 44 21
24 35 47 19
44 47 20 0
11 43 14 20
6 4 22 47
39 14 28 5
49 0 24 21
18 26 34 16
8 1 41 40
5 34 17 4
25 45 12 26
2 35 5 16
36 39 45 23
9 34 46 25
47 9 31 1
26 2 43 24
20 34 15 28
11 26 45 27
15 26 33 2
28 23 37 7
7 21 46 24
36 9 22 13
47 27 25 40
33 40 34 8
47 6 44 31
14 34 2 27
4 35 18 13
15 31 10 7
15 33 46 26
44 11 44 26
45 17 28 14
45 23 44 36
26 30 44 20
0 26 43 3
8 4 1 15
34 26 8 16
46 21 28 32
6 21 43 0
34 35 43 23
4 6 32 23
16 44 44 20
14 42 48 28
27 42 32 9
21 28 48 25
22 40 43 3
7 3 44 23
5 34 8 17
12 4 9 23
24 25 38 9
48 36 45 22
19 26 45 20
44 13 36 9
38 12 31 17
11 34 3 18
37 27 9 17
35 0 46 10
37 22 22 13
38 23 3 16
