50 92 12852 800
45 3 27 10
40 13 42 21
21 22 47 17
40 23 9 21
24 15 8 30
41 12 8 36
24 30 12 17
13 10 22 3
19 3 46 31
9 3 15 28
36 8 43 18
43 36 17 5
38 20 45 19
47 16 8 49
22 18 14 36
10 4 45 22
5 3 20 33
25 21 12 15
35 3 6 18
40 11 19 9
24 7 14 11
40 1 44 24
28 1 36 24
14 14 42 20
34 7 38 3
44 12 46 43
26 47 8 3
24 4 39 48
34 13 22 13
25 29 10 4
19 0 35 31
47 6 13 3
14 34 25 23
2 4 45 37
25 17 14 15
13 10 11 15
1 2 4 16
21 21 27 38
43 10 5 0
1 2 21 43
0 5 14 35
37 27 1 45
47 10 27 4
23 36 14 13
17 2 18 8
34 19 48 48
29 40 43 27
1 19 43 48
37 34 22 9
26 0 44 18
38 26 27 42
2 21 47 25
4 9 14 0
28 31 41 22
4 4 23 22
39 38 26 38
33 37 1 8
37 35 18 16
26 3 16 10
3 10 44 8
35 30 12 6
44 10 46 15
39 42 13 23
4 47 44 25
10 3 49 24
26 20 29 41
14 10 28 33
39 38 20 1
4 2 42 24
48 17 46 32
46 12 47 43
26 12 16 49
9 22 16 41
24 29 40 19
38 34 32 8
33 25 45 45
13 48 16 5
22 20 16 6
49 8 43 27
35 31 16 25
42 4 17 5
23 23 30 29
1 7 34 34
11 4 48 38
35 35 47 27
23 20 10 15
26 28 44 15
0 12 15 8
25 1 23 29
9 4 24 10
19 14 44 18
19 14 30 29
