50 94 18466 800
19 16 45 25
45 42 41 48
48 23 49 41
30 45 46 36
32 46 48 23
36 31 16 11
32 23 43 35
46 41 28 22
29 28 15 16
33 47 16 24
31 49 9 28
16 36 21 45
31 5 39 44
5 27 16 32
25 15 41 44
3 29 11 31
36 16 15 25
24 36 1 34
33 23 26 35
7 34 25 46
46 27 14 26
47 27 34 28
15 8 12 23
37 32 37 40
39 36 42 11
30 9 15 29
24 5 36 39
30 46 14 19
33 43 11 11
42 38 13 28
38 38 41 18
19 24 46 36
49 37 19 15
49 24 41 33
21 18 31 5
32 21 44 45
42 21 27 48
31 34 18 13
0 35 11 29
31 41 30 35
30 48 26 45
3 44 44 41
47 32 8 37
32 47 21 21
26 35 4 43
24 4 42 48
38 26 2 22
23 9 7 43
31 46 34 43
18 20 9 19
34 36 12 22
6 27 40 45
34 47 16 15
30 26 36 48
1 26 45 44
23 21 13 16
35 49 9 27
47 15 25 15
32 41 24 15
41 48 6 31
47 49 20 0
25 41 41 29
14 24 49 27
37 35 2 46
25 38 14 19
23 43 18 32
8 35 23 18
25 7 0 38
14 9 39 46
4 49 49 38
30 31 3 40
19 39 13 24
43 20 13 20
49 41 33 36
33 46 38 44
34 30 40 43
6 49 2 34
48 8 47 48
44 29 15 15
38 30 0 26
29 49 11 42
40 43 21 31
12 5 7 37
3 42 49 33
44 43 8 18
19 14 43 30
43 37 9 37
48 48 46 30
0 37 4 49
43 27 7 49
13 8 16 15
38 8 47 43
43 34 7 49
47 32 17 17
