50 1228 13046 800
26 48 42 42
0 36 35 38
41 47 46 27
2 39 30 41
18 35 29 36
20 22 40 44
17 34 25 43
27 26 37 31
41 13 45 48
5 32 25 33
5 35 27 29
7 29 25 40
40 18 39 41
44 14 49 44
11 16 49 26
25 35 29 33
19 45 34 14
11 0 46 48
6 31 44 48
13 29 27 33
22 23 49 46
21 21 35 23
48 33 29 26
29 2 43 47
8 31 33 16
19 17 44 28
36 4 27 35
16 29 41 23
41 42 29 36
39 44 25 38
11 28 24 41
40 18 40 37
24 14 46 25
41 33 28 29
6 17 31 28
37 31 37 22
11 30 22 31
9 26 30 29
2 37 24 48
40 31 45 39
42 41 29 28
29 14 31 42
45 22 48 14
38 40 47 4
13 33 40 36
3 0 29 34
46 20 38 27
5 32 30 49
5 14 39 29
5 26 39 0
17 25 45 42
5 31 31 42
32 12 32 30
23 25 26 35
2 20 27 47
0 47 46 29
0 12 31 33
28 26 32 38
26 25 28 32
19 34 44 40
43 7 35 2
31 25 30 32
43 5 47 11
1 16 47 36
29 9 28 43
10 37 27 38
15 10 37 45
12 24 25 23
23 9 44 24
39 40 38 26
26 19 46 21
47 35 27 31
10 32 37 29
3 34 37 38
7 29 49 44
32 5 26 29
30 49 33 30
1 36 39 28
8 36 29 38
12 40 32 16
38 17 34 34
7 39 24 31
18 30 34 39
40 20 36 36
20 26 34 23
5 9 35 27
16 23 25 28
42 49 32 26
46 11 27 32
40 38 31 34
1 10 22 16
33 13 22 33
40 45 42 22
35 36 24 37
30 10 26 39
40 22 45 26
27 18 28 23
22 11 33 18
26 19 26 33
8 45 29 32
6 18 32 12
6 38 27 46
40 30 26 32
42 40 28 28
6 29 24 45
44 24 30 42
46 13 30 28
11 28 31 29
30 14 33 22
25 3 26 31
44 31 20 43
12 30 49 42
13 17 46 43
40 33 26 30
37 6 21 33
36 13 24 44
23 33 27 18
34 38 26 36
25 16 41 39
12 28 27 22
36 33 49 44
49 38 27 30
10 39 26 42
25 24 28 33
48 29 43 24
9 32 36 37
7 38 33 42
21 29 47 19
40 41 20 41
43 27 27 31
9 21 46 38
6 33 32 30
41 33 47 11
22 14 47 38
5 14 33 34
26 21 24 39
42 29 23 31
8 42 28 37
43 30 26 30
6 26 24 30
44 24 28 15
1 15 49 9
18 14 48 4
35 40 45 16
26 17 48 5
8 23 29 35
8 33 41 31
32 24 26 44
5 38 26 32
30 28 30 40
42 26 32 32
12 27 49 43
5 32 26 14
5 45 19 40
22 15 29 45
39 19 35 22
9 27 40 13
2 35 49 26
14 19 37 45
9 13 39 33
6 17 32 38
9 30 28 45
47 29 14 39
13 39 22 41
8 32 25 45
31 28 27 31
6 15 46 44
1 42 31 28
8 10 31 42
36 17 18 38
7 27 30 32
34 8 24 42
24 24 27 32
48 23 43 28
33 28 40 38
32 21 24 31
5 26 28 34
5 31 24 31
10 34 22 40
9 9 43 35
15 28 39 38
18 35 27 29
27 24 35 39
29 0 39 23
23 30 41 19
28 24 23 39
8 25 28 29
7 35 44 7
12 7 35 16
34 9 24 42
36 18 47 11
26 46 29 27
15 16 36 23
13 24 26 28
36 31 30 40
11 30 40 22
46 36 29 34
0 42 27 42
7 13 49 30
6 24 24 42
11 29 28 41
20 21 42 20
49 40 21 31
40 48 44 22
11 21 21 36
2 17 32 19
0 10 28 30
44 42 20 38
23 47 47 45
41 18 19 1
35 19 25 44
5 30 29 30
13 26 49 35
20 45 26 28
5 27 29 39
29 35 23 34
44 41 30 33
43 34 27 44
14 7 24 43
24 15 38 40
25 30 44 37
8 34 41 43
3 37 26 38
28 44 29 31
9 28 44 31
2 40 29 43
18 7 30 5
47 14 49 28
40 21 45 28
37 3 42 44
21 25 25 36
17 33 36 39
32 15 37 26
7 18 31 38
15 12 27 27
3 14 32 17
19 27 27 32
45 7 25 41
27 21 34 40
19 45 37 16
28 16 28 41
11 17 29 17
42 8 29 20
5 44 39 27
10 34 40 17
11 23 47 38
10 38 29 32
7 32 19 38
9 30 34 29
4 42 46 23
7 13 32 38
17 21 21 26
13 3 29 32
7 38 26 30
32 20 38 8
40 29 29 29
1 31 28 31
26 20 7 17
47 31 26 39
24 2 30 27
35 5 41 30
31 14 24 43
40 28 39 21
6 41 42 22
4 5 40 13
47 34 42 14
13 14 32 32
41 42 22 28
32 15 20 13
19 38 39 45
6 13 24 26
3 47 37 33
10 37 34 38
7 42 46 15
9 29 40 41
40 42 31 35
43 5 25 30
32 25 24 32
41 16 48 39
4 3 47 45
5 44 26 28
4 40 43 42
16 41 41 26
4 41 31 32
19 29 30 29
45 22 42 48
32 28 27 39
23 35 25 24
48 38 32 33
7 7 23 41
36 47 23 38
11 40 25 30
4 35 36 23
7 33 39 44
8 30 40 11
7 31 41 37
47 20 38 37
8 34 46 43
38 15 30 33
3 12 44 11
6 14 41 17
19 38 31 26
1 34 40 27
16 42 38 21
42 40 26 31
6 27 27 30
6 31 27 43
19 2 27 42
9 29 33 25
48 19 25 31
33 37 26 31
5 40 28 29
8 28 38 43
27 12 40 21
35 11 45 23
8 26 32 29
3 14 29 30
43 37 47 28
9 14 22 33
8 14 27 30
37 43 36 23
1 26 5 29
34 9 49 45
5 27 44 38
7 15 42 46
6 22 41 13
41 5 27 31
46 22 28 48
38 46 45 42
13 42 31 26
41 14 15 47
1 17 27 24
36 9 35 28
12 17 26 28
5 41 26 31
14 37 38 2
6 37 14 4
21 21 29 30
12 29 27 26
11 30 26 35
27 13 49 39
6 15 33 25
8 29 27 20
48 31 27 34
5 32 45 10
48 22 27 34
1 34 16 41
4 1 25 32
13 0 49 23
16 3 28 13
6 24 42 44
4 24 24 2
41 29 27 28
8 26 28 35
22 33 40 22
20 23 27 26
31 19 40 34
15 44 23 47
8 39 33 49
7 33 32 33
4 42 34 16
16 28 24 44
3 16 27 41
43 36 41 4
40 31 34 23
31 13 22 31
15 24 38 8
15 42 22 32
25 31 26 35
9 46 34 15
15 16 32 42
45 27 22 32
6 28 33 35
10 13 24 27
47 39 24 34
5 35 16 45
6 33 47 44
40 47 36 41
1 21 27 7
10 25 47 38
25 36 43 15
6 32 36 18
47 23 26 38
10 41 21 5
38 38 22 24
8 38 18 44
19 20 28 27
9 12 26 30
21 16 33 30
19 29 46 13
42 36 26 31
8 16 24 30
26 14 39 18
13 36 23 40
42 42 23 40
20 35 31 33
17 9 26 22
47 32 24 41
14 41 27 42
44 36 25 42
16 7 24 28
12 28 38 36
38 29 30 42
4 14 27 37
38 1 30 39
45 33 33 34
44 42 47 45
49 30 44 46
37 26 23 42
9 32 32 10
9 35 30 34
4 14 28 32
26 28 23 36
16 47 33 30
43 39 32 17
9 28 48 42
45 16 34 44
19 34 32 30
16 46 31 32
14 31 28 5
49 39 27 34
5 20 40 14
13 26 27 47
1 34 44 39
23 40 25 32
1 45 34 9
7 39 27 32
49 43 32 31
11 12 28 28
15 33 31 19
24 41 28 33
7 16 28 45
5 41 26 25
39 45 45 40
33 25 40 30
15 0 22 41
21 43 27 46
10 28 39 12
9 41 32 9
41 28 27 36
2 37 30 27
18 10 34 24
43 32 31 36
28 28 47 36
10 30 48 15
16 19 27 28
4 28 48 8
30 11 25 4
21 13 27 36
10 41 26 35
45 15 30 12
19 9 47 47
5 10 27 25
4 34 20 31
26 21 19 44
9 13 28 28
7 7 32 30
18 7 26 31
9 33 38 39
5 14 25 33
28 23 28 30
47 43 42 35
31 28 41 43
0 13 27 25
34 12 39 24
9 9 33 22
28 32 30 28
18 49 36 26
11 38 27 30
19 34 31 38
38 46 37 19
26 11 37 39
17 7 29 49
37 20 28 36
6 40 38 33
42 13 49 44
41 34 48 46
9 13 46 45
37 32 41 35
12 12 33 13
43 27 36 31
24 14 28 30
35 48 36 28
23 28 20 37
3 37 27 29
36 22 33 19
47 31 19 42
41 37 21 44
42 29 32 33
42 27 24 8
3 32 15 36
35 33 26 32
4 30 23 40
5 33 24 47
9 42 34 32
2 37 42 26
26 44 34 30
7 30 23 38
22 8 27 31
27 44 35 13
39 29 41 15
33 16 48 26
46 31 30 43
11 7 38 22
8 43 26 31
1 38 25 14
34 43 45 42
7 29 45 40
24 31 28 40
15 26 48 25
4 37 32 22
25 40 28 31
33 14 27 45
21 24 48 29
19 18 20 45
42 48 35 43
37 9 38 39
4 12 27 29
8 31 24 48
11 12 37 18
3 39 31 35
20 16 31 27
33 30 29 21
25 35 27 24
6 33 49 41
24 25 42 8
27 48 26 29
24 36 31 18
32 28 49 18
15 23 31 25
6 26 40 43
49 39 31 30
38 35 27 46
34 39 44 46
13 42 21 43
5 25 27 25
23 41 30 31
11 28 28 28
14 20 18 41
5 24 23 35
33 13 29 11
28 41 41 37
18 16 43 28
44 30 37 0
11 47 47 14
44 31 30 26
14 17 25 29
31 41 44 47
24 34 24 43
5 40 15 31
48 14 26 31
45 29 49 17
44 17 34 40
9 28 30 32
18 47 31 29
11 31 29 27
48 4 31 39
34 23 39 39
5 19 26 42
11 42 26 46
33 37 32 24
36 23 48 23
9 2 28 22
23 32 28 31
10 30 34 41
35 35 20 40
27 37 49 24
42 29 30 30
22 18 38 24
49 32 42 45
8 31 28 39
2 33 47 16
21 21 48 41
11 13 35 21
43 24 17 47
43 34 29 33
23 33 26 31
22 24 30 28
22 44 26 26
21 40 28 24
6 24 43 45
14 42 27 36
8 7 21 36
23 20 29 23
5 29 38 16
31 21 44 48
7 38 49 35
7 35 23 32
2 13 35 49
27 17 22 32
3 46 21 41
28 25 36 27
4 40 38 34
12 32 33 43
46 24 26 31
2 17 26 44
4 10 28 27
9 47 29 34
8 29 21 42
1 37 48 42
12 33 36 34
5 39 27 28
6 31 33 33
6 34 27 30
14 35 20 43
21 25 42 30
16 30 30 30
43 26 38 49
10 25 22 26
8 41 46 39
43 43 47 11
4 14 49 30
10 30 25 28
9 12 42 46
29 0 45 35
9 29 36 11
26 16 26 38
2 17 48 2
37 26 27 35
4 7 25 24
19 8 29 30
5 12 40 44
45 10 31 18
11 29 40 32
40 21 41 14
3 30 30 35
31 5 43 43
6 16 46 22
18 18 24 36
4 26 24 24
20 41 32 32
1 12 28 30
4 15 31 33
36 34 49 15
9 15 27 27
8 20 36 17
7 46 26 44
22 38 39 36
3 30 35 24
5 20 24 42
19 17 36 15
13 42 34 30
48 33 26 40
42 31 22 43
11 24 29 29
28 25 31 27
2 12 37 42
41 23 32 27
27 13 37 25
22 46 26 26
19 13 49 7
47 29 33 30
12 28 25 3
1 37 33 28
7 18 26 32
13 38 43 19
43 47 31 30
8 8 34 1
39 0 25 29
9 31 29 41
20 26 44 4
22 48 30 46
9 36 23 41
19 17 44 46
1 39 38 47
11 25 23 43
10 27 38 16
5 33 32 6
6 12 31 29
18 44 42 34
26 27 38 14
35 11 41 1
12 35 31 41
23 20 29 41
9 43 29 27
0 28 41 28
14 40 30 29
10 27 48 32
5 34 15 31
20 26 26 28
39 4 29 33
47 40 36 42
4 9 36 38
48 32 40 29
41 10 29 30
43 35 31 9
23 15 27 44
10 8 40 35
22 18 26 27
6 48 32 28
27 25 21 39
24 33 44 26
27 45 33 29
8 1 40 40
27 26 40 45
14 44 26 31
3 42 28 44
13 41 38 20
36 21 14 38
31 49 32 27
21 26 30 40
23 32 28 36
3 9 22 32
38 19 24 33
4 16 34 21
41 31 43 34
28 9 27 36
24 43 47 29
24 34 28 30
9 29 45 10
5 13 32 7
4 15 37 30
2 43 24 35
3 40 47 41
4 28 21 21
5 11 43 18
7 43 27 33
43 8 25 28
22 34 40 23
3 42 30 30
7 26 46 37
13 49 23 31
40 4 41 18
8 12 48 39
8 15 33 33
35 13 20 18
4 13 44 23
10 28 30 22
41 31 18 22
9 35 23 41
21 16 30 35
16 41 49 18
23 32 39 45
7 13 41 42
24 47 49 21
6 27 45 35
6 30 48 46
11 27 27 32
7 14 26 23
42 26 34 25
25 36 40 46
14 29 26 25
6 30 34 24
7 26 47 19
9 37 25 40
4 17 30 33
24 24 30 30
21 24 31 27
20 18 47 24
27 35 27 26
18 24 29 30
15 17 24 26
47 23 36 23
26 49 30 25
9 28 33 39
1 40 33 24
1 16 48 28
36 46 38 14
16 23 21 45
10 26 33 16
9 43 30 30
15 20 35 34
5 19 24 32
6 26 24 4
14 41 30 4
5 37 24 39
6 23 13 29
15 14 34 43
35 38 29 30
5 24 36 15
4 33 48 38
17 39 27 33
17 0 37 26
44 45 28 29
2 15 33 17
48 39 26 43
7 30 48 47
41 25 27 28
8 28 37 45
13 21 31 21
19 20 27 38
4 16 49 3
40 28 37 32
31 18 28 36
43 30 21 40
11 7 40 14
12 45 33 28
3 21 36 31
5 12 43 40
10 29 49 12
11 11 25 28
13 36 29 31
14 14 27 30
1 41 33 30
1 28 46 43
28 0 42 27
29 28 40 11
1 20 22 42
8 16 27 37
22 36 18 38
7 30 28 31
3 12 26 46
44 13 29 32
48 33 31 29
12 43 32 0
19 48 43 8
39 12 40 35
10 43 30 41
8 31 43 26
2 15 37 37
3 16 49 7
34 31 49 41
5 38 47 28
21 22 28 43
16 24 42 39
21 11 29 34
5 29 39 22
5 17 36 7
10 33 45 48
4 25 47 41
7 30 48 16
42 18 33 17
17 12 26 44
39 8 48 48
32 24 15 47
25 4 26 31
13 0 25 40
13 30 44 44
5 2 26 24
27 38 27 27
24 15 49 39
30 28 33 32
12 34 36 2
9 26 37 15
9 28 27 32
40 34 30 26
38 24 23 41
4 28 40 30
26 20 27 41
21 21 30 28
9 30 40 39
10 28 35 44
2 30 11 13
30 19 30 39
29 0 40 41
27 45 43 44
5 25 24 44
7 34 26 31
11 31 28 29
32 2 29 24
18 24 40 43
5 29 44 43
3 16 43 22
15 25 29 47
35 21 41 48
7 19 26 40
8 29 15 23
8 30 26 42
5 32 29 31
45 31 30 35
7 24 32 10
19 16 47 38
38 39 31 34
9 40 22 16
46 37 20 44
5 33 31 45
48 5 26 28
5 31 27 34
16 33 27 28
23 11 43 12
9 35 25 39
36 19 25 27
5 33 47 19
42 11 19 43
6 29 29 28
20 3 45 28
8 15 26 30
1 36 19 19
0 23 21 28
24 7 41 42
4 19 27 27
7 6 44 39
7 29 34 4
0 15 43 38
12 2 46 13
6 12 40 32
19 49 26 43
5 40 23 27
11 37 26 29
5 19 46 39
7 37 48 14
37 5 27 31
43 42 32 30
9 27 41 49
38 19 19 41
3 23 27 30
12 17 28 29
11 10 38 33
12 13 22 32
38 44 35 34
7 15 28 30
21 47 36 43
9 26 27 27
13 6 39 9
6 12 46 45
10 27 15 33
34 34 37 10
2 42 30 30
13 31 49 4
47 33 24 8
4 17 49 44
7 30 29 28
38 17 37 6
9 28 30 32
48 36 26 42
17 20 36 47
8 27 26 28
4 31 36 30
31 34 46 18
3 2 24 2
22 37 39 46
8 18 28 31
48 39 23 47
17 19 24 42
13 8 45 19
45 25 40 15
7 31 25 37
7 28 30 33
39 5 26 31
22 33 27 32
1 28 26 31
19 5 39 32
18 9 31 31
12 22 30 44
48 35 37 41
18 38 27 32
45 0 44 34
42 33 25 40
6 32 24 35
11 28 31 28
10 23 32 35
45 32 34 15
2 34 30 34
30 17 28 31
0 27 44 47
35 38 45 33
18 16 25 27
29 28 32 40
16 15 19 21
3 31 24 30
1 41 21 31
48 42 39 29
16 3 25 28
10 17 31 28
47 6 49 22
6 29 35 33
20 8 25 31
32 22 27 42
3 35 21 30
27 14 31 31
7 18 39 21
9 44 24 43
15 31 42 46
18 1 26 19
1 19 42 39
4 15 48 13
38 16 30 49
26 48 40 25
33 26 24 32
0 34 27 26
30 9 31 34
18 19 49 23
20 36 30 30
12 30 40 28
42 14 31 28
37 38 28 38
9 37 23 44
36 47 43 15
34 29 31 22
25 39 38 38
4 31 44 33
26 12 44 31
43 32 48 18
32 38 29 43
0 35 39 7
45 28 49 36
24 22 33 19
43 30 33 26
22 15 48 39
7 26 43 37
9 31 45 32
1 22 27 38
14 41 25 47
10 43 31 30
31 4 29 30
44 25 38 13
12 1 39 42
10 28 20 39
22 9 31 16
22 25 41 37
39 32 30 27
31 43 33 34
26 27 27 38
8 36 31 40
4 12 45 19
10 21 44 38
30 36 27 28
45 29 28 47
30 21 26 41
4 16 29 40
12 30 32 41
11 10 31 33
33 45 28 47
40 7 38 31
11 11 28 45
1 33 29 39
35 7 33 32
25 31 32 33
6 33 25 27
24 2 30 26
18 28 34 46
19 28 49 43
6 41 38 27
16 31 41 36
1 25 30 17
30 29 47 23
28 25 32 44
8 10 29 34
7 34 29 31
17 41 38 25
15 20 44 21
7 23 12 26
40 14 27 29
24 47 45 29
49 4 28 30
38 29 41 10
34 47 44 2
23 9 32 37
1 12 22 35
1 22 27 39
14 48 43 42
4 36 28 1
22 39 41 41
19 36 28 27
22 43 27 32
3 32 38 4
11 30 45 37
7 34 49 30
33 16 35 42
30 23 32 27
4 27 35 3
1 46 29 47
6 15 25 45
7 29 3 1
9 25 32 34
4 46 39 12
30 5 43 14
10 12 44 17
13 40 27 31
26 21 32 49
3 19 27 33
27 28 45 32
19 15 30 30
42 3 43 41
32 5 38 25
3 45 28 30
27 28 31 45
12 5 30 40
14 26 29 27
45 32 22 43
33 12 38 38
42 14 30 43
22 36 47 36
1 25 48 30
15 38 18 42
26 0 37 35
44 31 41 23
20 18 26 31
2 21 42 11
14 28 23 35
19 10 27 45
7 20 28 25
23 23 44 28
7 28 49 39
2 19 22 20
10 28 27 32
32 8 34 41
4 30 27 34
5 27 36 41
8 33 18 43
10 19 28 41
5 32 22 32
29 6 29 43
36 12 30 37
18 31 43 29
17 16 22 30
6 29 27 29
8 16 25 20
44 26 27 32
9 13 39 48
48 30 29 28
2 38 24 48
25 12 44 23
16 30 39 49
12 26 38 16
2 35 42 12
4 16 34 29
38 39 32 0
5 31 24 34
4 40 47 39
7 19 34 32
12 27 36 34
6 44 29 19
4 36 41 19
8 37 48 47
31 48 43 8
12 41 23 8
30 10 24 34
5 40 42 27
4 32 32 32
10 41 30 31
46 29 24 29
7 29 40 42
44 14 40 21
14 33 24 29
24 36 27 31
24 24 45 34
40 30 25 40
24 1 42 44
7 29 48 20
4 29 26 24
45 27 24 44
22 34 29 31
4 28 38 39
33 9 32 24
27 8 22 29
27 40 28 28
9 29 39 23
17 23 25 33
2 14 44 25
47 28 33 36
19 15 43 17
2 27 31 25
5 35 25 48
21 3 46 18
6 28 26 31
9 26 26 24
10 23 37 37
3 27 29 31
10 29 29 30
17 9 40 32
40 29 29 29
4 36 25 30
9 28 22 26
1 15 45 48
7 28 33 11
32 48 37 36
28 17 47 48
49 4 22 43
0 15 43 48
18 24 41 26
30 25 42 49
47 27 26 30
47 35 29 22
33 41 45 1
23 13 29 31
4 35 33 24
33 9 31 31
30 11 48 21
15 14 26 40
49 43 31 44
8 27 32 29
18 38 27 33
21 8 37 48
41 38 29 34
27 25 30 46
39 35 41 41
6 37 30 37
29 12 42 15
9 26 31 27
35 21 34 33
21 23 28 33
28 20 27 40
15 29 47 14
2 17 39 14
13 37 45 44
6 21 28 32
7 27 46 34
5 19 36 46
16 18 49 37
28 16 46 29
9 35 40 47
1 35 46 40
17 24 26 30
16 15 31 46
6 30 30 48
29 17 31 45
16 23 37 24
7 15 31 24
3 14 31 28
11 21 33 41
6 34 36 34
45 37 26 28
24 20 26 27
8 46 39 24
13 34 31 27
47 33 26 40
14 12 31 39
11 29 33 16
25 31 33 36
0 29 47 19
7 32 28 30
33 21 33 43
10 30 43 18
5 33 46 24
7 27 48 29
13 28 42 28
10 36 32 37
7 3 36 28
7 49 25 23
49 34 28 45
14 23 44 5
37 37 38 25
2 20 21 35
10 27 23 47
5 12 26 39
44 29 39 20
42 28 35 42
