50 64 18622 800
34 13 43 43
17 38 12 11
5 24 17 2
0 6 20 15
42 36 40 10
20 38 35 5
19 3 26 12
39 32 31 39
19 30 32 23
9 42 40 3
1 30 49 14
28 45 41 29
3 4 45 17
8 15 42 24
16 2 17 25
29 34 19 8
44 33 29 16
15 18 42 37
11 12 4 15
8 19 9 13
25 28 45 48
36 25 15 13
3 4 28 2
2 7 46 40
3 0 18 13
48 43 40 12
5 2 16 11
18 27 20 17
7 14 28 23
34 33 30 8
19 34 12 25
41 23 38 18
10 41 49 25
21 16 30 14
25 17 36 8
5 0 25 22
1 4 18 23
20 25 22 11
31 31 47 31
4 43 27 18
1 27 26 7
31 33 17 21
4 26 36 15
0 14 28 12
31 44 32 20
29 28 14 18
4 6 42 8
2 3 44 4
1 4 35 16
34 42 30 4
20 42 33 8
4 2 26 16
3 28 27 14
40 35 37 18
20 35 38 21
40 29 21 9
43 30 25 7
30 34 22 18
1 2 5 6
30 34 40 14
38 21 42 12
44 28 21 1
5 30 46 29
6 26 44 33
