50 112 14486 800
14 21 45 32
10 36 33 7
14 40 12 16
16 19 14 15
10 37 3 30
9 17 31 27
7 32 27 8
18 14 38 41
9 46 35 42
5 39 34 5
13 33 29 4
18 4 25 19
24 1 30 31
9 3 22 6
2 9 25 5
11 10 36 41
10 29 9 16
6 19 38 39
6 28 3 2
8 26 40 44
26 4 14 47
6 9 32 11
4 25 36 3
22 8 33 6
15 26 29 15
7 22 39 45
10 33 37 24
0 27 10 39
22 17 27 48
47 10 27 45
10 32 27 12
17 40 14 35
39 8 27 46
10 24 3 47
4 13 32 8
19 37 5 30
19 6 3 47
15 45 37 4
4 30 31 37
45 22 36 42
15 33 34 35
7 21 37 42
44 39 37 43
7 39 22 28
21 0 2 5
5 32 34 21
34 31 27 7
5 24 15 22
30 24 17 49
43 36 4 7
19 6 32 39
19 35 11 36
45 32 40 44
16 12 20 43
16 3 14 11
16 6 36 45
16 38 40 40
38 11 27 5
11 35 38 42
16 45 15 6
12 12 31 11
17 14 43 41
1 30 27 45
5 24 28 21
17 14 31 5
5 28 27 47
22 30 6 19
13 43 30 31
11 37 6 36
43 23 27 45
11 16 3 25
39 7 40 41
9 2 36 44
25 5 35 10
33 22 29 9
30 4 38 41
5 25 37 46
48 9 14 9
16 2 34 44
23 0 25 48
43 35 41 44
4 29 27 6
10 30 45 44
6 38 28 7
11 37 33 10
11 6 6 4
19 17 21 21
37 44 28 46
15 4 4 16
49 38 8 42
2 24 39 41
40 11 25 9
0 23 24 34
38 1 16 23
13 31 40 41
24 37 19 47
5 42 35 30
18 37 33 10
0 17 24 20
8 22 28 12
2 24 43 43
16 1 40 41
23 3 26 47
21 1 14 18
36 6 27 48
26 23 23 21
6 21 25 41
40 12 19 31
9 31 30 7
43 30 12 29
16 29 20 42
25 29 29 3
