50 463 15295 800
13 47 39 49
34 19 36 47
14 47 19 23
30 35 49 47
44 46 29 21
3 49 29 25
48 23 32 16
12 29 47 21
15 37 35 49
35 7 21 0
22 3 33 0
17 24 35 45
13 26 28 26
16 28 30 13
45 41 27 22
16 33 36 44
8 42 19 7
16 33 44 14
47 11 35 19
21 28 27 21
13 34 20 26
6 23 18 17
9 42 28 25
23 32 29 30
39 9 28 22
26 17 21 28
21 23 26 33
17 43 5 31
16 37 29 25
1 46 39 1
24 14 18 15
48 21 22 21
6 48 31 24
39 34 28 23
30 46 34 26
43 48 33 8
2 41 38 7
5 34 34 23
48 29 33 49
36 24 17 30
43 26 35 44
49 14 42 43
4 45 39 32
12 48 34 24
36 34 41 13
24 33 43 34
3 40 20 15
4 29 38 46
11 7 30 24
40 18 32 19
8 15 22 25
1 39 45 34
13 28 29 23
15 8 26 29
32 47 36 44
47 25 33 31
27 7 38 47
17 33 42 32
44 26 49 10
4 41 32 42
5 45 26 30
17 29 31 9
22 48 28 25
31 39 13 12
31 9 25 17
45 40 21 13
32 0 9 33
15 32 46 17
35 21 44 13
1 31 17 0
14 29 36 49
9 19 39 46
40 38 25 12
39 10 26 13
7 24 36 47
22 27 37 22
0 41 29 30
26 24 25 38
24 8 43 11
17 0 44 6
24 14 24 26
16 32 4 27
14 32 35 48
16 39 32 47
1 18 46 20
24 16 34 46
13 33 39 48
3 47 33 27
6 38 30 24
11 27 32 28
14 8 39 33
31 5 37 46
38 19 26 21
25 34 35 25
25 2 40 21
4 31 33 25
18 26 24 25
24 45 23 25
40 7 46 23
4 5 35 27
46 3 39 48
32 20 34 24
16 40 26 36
7 38 10 11
14 44 36 29
1 43 40 8
37 3 34 46
24 19 29 23
15 24 24 10
39 29 33 32
22 45 8 10
11 12 38 45
27 9 23 29
30 22 38 49
14 36 28 16
42 26 32 47
27 7 26 21
39 32 41 19
16 24 41 22
9 29 34 48
22 24 27 31
16 47 9 2
25 40 34 48
24 49 42 20
13 40 45 30
43 41 40 49
16 34 46 26
38 13 41 34
19 47 42 49
15 32 35 45
24 29 40 10
40 32 33 29
27 20 44 10
24 21 36 47
26 17 35 49
23 4 26 6
42 35 28 29
17 42 25 0
13 27 27 46
8 48 36 6
24 29 26 13
24 2 33 3
25 5 42 48
13 33 11 5
28 23 38 49
24 17 28 23
11 36 20 5
4 16 21 38
39 36 43 9
39 8 41 24
13 42 43 43
15 35 33 47
19 21 18 13
15 31 25 15
49 38 37 9
24 18 36 46
37 31 30 12
44 14 32 40
45 42 34 18
9 32 34 46
44 34 37 48
47 26 29 29
27 30 35 47
43 42 49 14
31 28 37 49
17 36 37 18
21 23 42 49
2 40 37 47
32 34 49 20
43 33 30 30
37 23 29 23
14 31 30 16
7 22 23 22
36 30 31 25
16 48 4 44
13 35 9 3
37 2 49 22
12 32 31 30
21 44 37 49
21 27 38 49
9 38 29 21
28 47 39 46
5 38 42 22
20 32 35 28
16 7 36 48
21 43 38 49
2 36 31 4
29 14 8 35
26 45 38 49
20 35 42 10
8 36 46 41
26 24 31 48
19 17 30 24
10 33 36 11
24 5 38 10
15 32 35 5
32 18 30 25
15 44 36 6
31 9 18 25
13 34 7 41
22 42 29 23
48 36 40 0
25 28 38 47
41 7 12 30
5 46 30 24
15 34 39 40
13 33 21 21
16 36 32 27
14 25 23 7
22 29 39 47
19 22 49 22
16 42 32 25
17 45 47 31
10 15 15 40
39 1 34 49
26 48 15 26
35 29 32 26
9 11 29 21
12 32 22 11
14 30 34 25
19 29 40 47
29 5 32 18
10 28 36 45
36 15 33 33
7 27 38 47
6 19 30 22
15 35 25 33
19 26 45 19
41 34 37 23
14 29 37 46
22 30 4 14
10 6 38 49
33 11 17 22
20 48 28 3
49 41 34 48
11 37 28 44
34 19 49 26
40 11 32 24
12 41 26 13
13 33 29 33
5 32 10 22
24 28 32 23
15 16 13 0
33 44 20 38
1 45 32 31
11 7 34 21
49 26 35 48
19 19 14 37
14 26 38 46
9 27 36 16
18 23 38 45
12 30 46 24
16 36 42 49
23 28 41 26
14 30 28 24
24 22 16 12
23 2 25 15
14 28 28 23
15 46 42 38
10 30 38 44
45 14 35 18
28 7 46 12
15 32 29 17
44 17 37 48
7 43 49 7
7 43 23 11
22 28 25 7
12 32 21 12
9 38 48 22
14 36 27 10
42 17 28 26
21 23 40 43
26 41 37 48
38 22 26 24
15 39 38 3
18 30 35 46
22 27 17 31
39 20 12 29
13 33 44 23
38 21 27 26
12 49 29 24
18 27 31 21
27 9 40 32
32 25 13 5
30 23 5 36
12 49 47 40
41 45 29 28
13 32 26 35
47 27 33 5
28 31 47 6
32 33 4 21
6 49 24 33
23 16 8 38
36 7 31 21
45 18 24 6
23 28 49 29
42 6 40 47
48 8 49 38
25 20 38 46
35 38 9 7
25 23 48 33
16 31 9 11
27 6 32 37
18 29 35 48
18 32 37 29
26 6 37 44
3 7 32 4
27 30 19 15
6 45 38 48
26 24 42 47
34 27 39 47
20 2 27 27
36 19 36 9
18 22 48 29
24 2 26 9
28 25 41 48
29 19 33 5
30 17 28 9
28 22 36 49
27 24 27 37
47 35 36 48
23 5 35 49
17 12 38 45
13 10 30 26
12 15 16 14
12 39 38 43
20 15 49 7
23 28 31 25
26 26 41 11
31 5 25 16
12 38 36 48
5 2 36 46
12 22 0 28
14 34 37 15
5 46 26 26
29 4 37 47
37 10 34 29
15 33 28 18
15 33 21 14
34 22 44 19
20 3 36 22
30 36 45 31
18 21 32 45
22 22 16 38
21 43 31 23
3 28 32 13
22 46 30 26
16 34 9 28
14 31 33 25
23 11 31 23
24 29 35 8
22 27 32 29
35 23 31 24
18 20 37 30
18 23 35 49
48 29 1 43
21 16 35 30
17 35 32 23
32 20 26 17
19 26 33 24
13 33 33 31
10 48 36 47
19 5 35 19
37 18 28 12
22 18 36 24
17 21 31 24
11 41 36 45
14 48 35 19
2 45 47 42
4 39 38 48
1 46 32 44
11 24 37 49
11 4 34 49
11 6 17 41
25 23 23 8
24 36 39 33
48 35 34 43
8 41 19 33
29 25 40 49
12 30 36 47
14 35 25 27
27 7 47 2
29 24 39 45
23 26 44 18
25 20 14 14
8 3 32 26
20 28 7 34
24 25 35 14
9 31 43 14
19 48 35 49
2 41 36 21
21 48 1 33
26 15 29 35
30 32 30 18
33 11 31 28
20 39 39 45
5 13 37 48
17 29 45 32
46 37 41 29
20 12 29 20
49 43 24 39
19 41 8 37
24 3 28 12
26 33 13 8
31 14 40 9
26 30 33 49
7 35 34 13
9 42 28 23
15 28 31 25
5 14 36 47
24 24 34 46
24 26 39 49
32 33 41 35
16 49 23 14
45 41 36 17
22 19 18 22
13 34 26 19
18 21 46 14
19 34 33 20
24 1 30 32
13 30 12 24
17 27 29 21
20 8 38 47
47 46 36 48
6 38 33 22
49 29 37 46
19 32 31 27
36 43 48 15
16 40 28 20
28 37 43 18
13 36 21 7
13 35 39 47
40 7 30 28
23 25 39 49
26 37 33 46
28 26 1 44
22 11 30 23
41 6 28 24
30 28 35 22
12 31 43 38
46 16 29 30
24 32 25 23
31 7 34 46
16 20 42 34
22 15 40 10
28 42 27 4
22 15 31 15
26 22 37 48
14 31 33 26
26 20 32 24
25 28 37 46
31 22 21 6
10 42 49 21
12 32 33 46
17 36 31 26
36 32 44 16
25 28 34 47
18 34 38 43
30 22 36 8
19 47 35 45
9 40 36 48
40 14 40 24
37 21 2 44
