50 186 19950 800
26 7 38 26
20 4 3 11
20 20 15 10
24 20 36 24
7 30 12 15
19 42 36 26
36 33 3 2
10 31 43 40
4 40 34 22
22 40 6 11
19 36 40 22
17 45 28 26
7 41 42 25
1 33 36 25
8 45 3 3
25 43 9 18
5 13 34 24
26 18 38 25
12 24 6 12
8 41 30 18
28 19 13 41
5 31 24 38
9 35 2 13
22 12 38 26
21 15 2 14
11 16 11 7
7 27 1 17
32 25 4 16
8 43 25 31
21 17 33 28
28 14 26 27
19 44 9 13
1 27 2 14
23 21 34 28
11 29 7 16
6 40 2 3
33 34 39 2
20 40 46 34
0 49 8 13
0 34 5 14
13 36 37 17
1 8 4 3
22 45 34 25
23 37 35 12
23 48 43 7
3 34 35 28
17 42 36 21
30 20 31 27
7 46 34 30
27 21 23 20
9 44 5 7
16 32 38 23
40 11 35 42
8 37 10 19
19 26 37 14
33 32 29 22
17 47 7 5
21 8 38 35
20 44 1 12
20 37 32 35
30 22 23 27
24 41 39 24
32 33 2 10
2 34 35 30
30 42 34 20
13 19 38 23
27 22 35 26
30 9 7 5
2 32 42 39
15 43 36 21
26 30 32 29
8 40 27 17
7 33 34 23
20 40 30 29
6 18 19 38
11 41 1 16
19 18 38 24
18 25 43 32
28 9 30 27
12 49 34 22
37 43 30 17
19 40 1 12
18 36 27 29
10 47 21 4
6 49 34 27
24 25 6 12
10 40 36 21
16 45 23 24
20 43 36 9
12 35 35 10
10 19 0 4
19 44 2 3
20 22 38 22
17 20 25 27
19 19 37 22
21 11 49 33
20 14 4 18
4 49 23 43
8 34 2 15
8 8 37 16
29 10 36 32
38 18 16 4
28 33 8 13
18 21 45 9
21 45 35 24
0 30 23 32
31 10 7 14
5 31 32 25
8 42 32 22
16 48 40 31
10 45 33 17
18 44 46 10
6 29 29 32
20 46 1 11
10 24 36 21
22 44 5 16
27 31 30 12
24 15 46 19
7 40 5 9
14 48 5 18
24 32 34 0
7 15 35 22
28 5 31 25
22 20 39 26
24 38 6 37
25 41 40 29
14 38 35 21
48 48 3 17
6 22 27 25
20 35 17 8
25 13 30 33
14 40 35 32
32 15 12 6
12 48 40 23
12 27 5 9
28 27 7 2
14 47 44 15
18 46 30 16
17 44 27 13
7 32 36 28
40 26 35 22
22 39 30 22
20 49 32 1
31 25 42 30
6 37 34 27
18 31 34 19
7 46 42 25
16 19 34 25
30 10 37 25
10 25 24 24
20 41 35 22
18 45 9 17
4 39 8 18
15 29 3 9
5 36 49 25
14 30 6 13
18 25 33 30
12 41 3 13
20 12 9 14
3 4 7 7
20 12 34 6
22 5 4 12
7 42 4 8
14 48 5 6
17 40 1 20
21 33 0 10
32 22 20 31
22 19 32 8
26 32 49 10
20 40 22 33
32 29 28 36
20 34 36 49
28 22 36 27
37 0 0 12
15 47 0 17
20 25 3 12
26 20 4 14
39 38 6 12
33 40 45 24
14 46 5 9
47 34 13 5
26 19 35 31
11 46 1 13
12 30 8 16
43 1 24 28
5 37 48 9
