50 421 18960 800
30 29 1 14
23 7 1 16
12 13 18 35
8 13 26 22
2 17 11 17
11 38 6 16
18 17 9 24
9 13 2 16
28 34 25 42
4 16 0 6
24 17 0 15
0 33 25 21
4 8 14 12
17 10 8 2
25 0 31 34
19 14 6 10
29 11 8 18
32 12 8 33
24 6 3 20
20 2 16 34
31 17 46 42
7 22 11 17
15 27 12 6
22 40 35 48
27 10 24 29
22 2 41 45
33 43 17 17
16 38 13 10
30 18 12 26
20 17 3 43
15 16 3 17
19 20 44 36
38 24 6 23
22 15 45 14
7 15 0 4
17 6 24 3
29 14 14 44
28 14 20 14
23 13 15 19
0 1 12 28
19 15 12 13
18 9 14 45
13 7 43 47
20 12 43 37
25 19 44 33
28 14 6 17
21 26 9 19
13 19 5 12
2 15 8 15
34 43 7 19
30 39 6 17
0 26 24 31
24 19 1 19
27 15 33 48
36 21 29 0
33 7 18 31
16 30 14 0
16 5 24 34
9 19 49 13
28 26 7 17
7 18 47 39
1 18 6 10
18 28 8 32
18 10 41 2
17 2 21 17
6 17 37 40
29 39 2 17
20 41 39 26
30 40 11 5
44 18 15 12
1 7 23 20
7 12 2 5
12 11 15 0
13 8 41 40
30 37 22 42
24 19 49 38
18 15 7 15
0 19 2 16
13 20 7 13
20 25 20 34
3 23 13 14
11 34 42 29
0 12 6 13
25 34 23 27
20 13 27 39
27 14 26 33
30 15 14 21
22 22 23 42
24 19 1 22
35 39 12 39
28 42 9 28
21 22 29 38
41 39 6 14
34 39 0 23
15 24 6 20
7 22 1 11
30 42 8 3
6 18 2 16
46 7 45 21
26 5 2 14
10 16 35 4
38 15 10 36
3 21 5 27
2 34 20 33
41 7 4 2
11 30 10 4
10 11 3 13
12 19 9 14
0 10 19 18
24 34 27 27
29 41 0 12
33 5 44 41
37 14 24 30
19 10 12 40
23 6 8 18
19 6 7 16
17 9 24 35
16 15 10 18
12 4 22 28
25 16 3 13
33 21 47 10
21 32 45 5
15 10 2 15
33 13 23 9
41 8 47 26
21 32 9 10
24 13 37 22
27 11 4 20
33 21 11 16
19 22 8 22
29 37 6 18
21 6 15 18
18 21 25 35
30 13 47 40
25 19 7 16
17 14 8 19
21 30 14 31
42 24 46 43
22 44 29 33
10 6 8 12
27 24 25 13
9 17 36 47
34 5 16 10
17 0 9 5
29 37 27 9
28 48 44 40
27 0 4 7
8 23 4 14
9 9 20 43
9 13 21 13
26 7 49 25
3 29 49 43
21 6 4 23
35 15 7 5
8 4 7 30
16 19 30 10
18 20 5 11
34 40 7 30
39 47 30 25
14 49 9 17
3 2 13 18
29 28 5 17
1 1 11 24
3 25 4 13
30 39 28 29
9 31 18 6
24 6 2 8
21 39 29 23
20 2 8 19
23 33 48 26
37 14 10 43
10 32 11 19
32 13 16 27
6 16 25 37
7 21 46 11
5 38 1 23
36 3 6 18
40 2 8 18
28 15 47 38
32 2 3 13
29 8 49 37
6 24 25 27
26 12 4 0
18 19 8 11
30 42 12 22
24 9 10 23
30 37 15 46
22 22 23 46
26 12 30 24
30 9 34 4
30 8 0 25
12 31 40 16
34 18 30 34
15 15 15 21
31 21 10 18
47 10 22 17
21 6 15 11
34 44 46 40
31 5 7 10
20 24 14 15
35 15 35 23
41 4 6 22
1 21 30 33
20 34 8 20
30 15 14 17
25 14 2 18
14 14 7 17
48 19 8 8
16 30 9 10
18 12 5 18
41 22 44 38
8 15 10 18
16 11 3 18
24 10 28 45
32 14 8 18
28 10 45 47
8 13 10 16
33 13 24 46
39 11 41 41
27 38 18 47
27 10 10 18
35 25 9 11
30 11 6 10
21 15 18 38
32 43 5 24
26 19 44 43
34 15 49 34
24 9 26 25
7 21 33 37
20 24 3 23
32 16 43 16
30 39 21 24
27 9 41 8
13 3 7 18
24 4 2 4
4 11 13 4
0 19 39 9
8 31 1 11
32 42 49 35
18 24 1 5
32 27 9 21
14 17 40 30
9 19 46 9
26 26 9 18
43 4 25 28
24 9 9 19
29 41 37 36
47 10 13 37
14 23 41 46
46 4 16 25
12 5 38 10
27 24 3 11
34 42 23 43
37 31 45 47
10 9 14 36
34 1 14 11
39 1 23 21
4 10 10 15
13 19 3 12
8 22 0 18
16 3 6 17
35 16 14 38
28 10 30 1
29 22 5 24
46 27 24 4
6 30 49 42
0 21 19 37
18 22 0 37
3 31 5 16
39 11 2 17
30 38 32 16
12 19 29 28
32 14 17 3
37 8 22 30
16 42 40 16
36 3 6 15
24 19 7 11
26 22 6 9
30 11 12 19
18 5 41 49
34 38 27 34
35 1 17 11
14 5 18 16
33 5 8 19
14 7 7 20
34 37 21 4
13 27 20 34
35 11 42 17
30 41 7 7
2 6 18 14
31 16 9 9
32 42 24 29
10 44 2 12
13 7 22 35
31 14 25 8
31 39 18 25
16 16 30 24
18 5 2 14
37 21 44 46
25 14 48 0
11 17 37 48
32 12 24 38
4 26 25 15
25 23 26 33
13 28 45 39
1 10 45 39
1 31 8 18
26 35 1 0
33 9 20 45
6 2 2 19
30 6 3 15
33 13 9 23
10 13 8 16
20 17 5 14
34 10 13 3
43 5 3 19
31 13 44 43
20 10 6 17
11 31 32 14
29 13 14 17
33 21 20 43
29 41 8 13
27 40 44 18
35 19 13 20
20 23 25 25
26 34 16 20
3 5 26 34
20 25 46 41
22 22 17 36
16 23 20 14
36 19 24 25
15 19 27 25
17 15 13 10
29 10 4 16
37 37 0 12
19 0 24 37
46 25 12 29
29 41 16 49
27 21 11 16
24 40 12 19
29 7 9 23
45 16 36 19
30 23 30 2
6 34 16 2
27 11 7 16
15 25 12 0
32 7 2 45
2 18 33 11
29 39 25 36
32 10 24 36
32 41 39 5
21 18 26 10
23 6 23 24
23 15 10 20
28 37 49 39
30 40 14 19
28 15 26 35
36 9 3 13
29 42 4 13
38 42 18 38
19 8 42 12
34 26 3 16
26 21 13 11
33 38 0 10
35 7 23 31
7 5 7 20
15 12 12 23
3 17 23 8
2 9 46 45
21 1 12 22
28 10 9 19
14 38 25 2
17 18 9 23
26 17 14 9
30 0 18 13
25 21 44 39
20 11 27 4
3 12 44 10
2 34 7 8
28 17 18 6
25 10 7 20
16 17 2 12
27 20 45 47
7 24 16 45
24 0 6 2
13 13 4 22
26 8 29 32
13 0 14 18
19 8 8 14
26 7 8 6
16 25 6 20
7 28 5 19
46 7 9 17
9 9 16 8
21 17 44 26
23 19 15 20
0 18 43 37
23 14 41 35
20 17 46 6
37 22 11 13
22 19 4 46
6 20 38 14
7 21 4 15
22 27 10 12
0 12 31 13
27 13 8 15
33 39 3 15
5 11 10 10
13 26 19 7
33 40 3 39
23 28 26 11
19 16 6 12
14 6 3 16
43 1 3 20
13 7 6 25
25 22 27 2
31 11 20 10
0 22 41 2
12 21 30 36
27 9 16 17
6 18 7 28
