50 1000 16377 800
22 9 13 41
25 10 19 33
4 25 23 34
10 12 18 41
0 18 24 15
27 7 40 29
7 9 45 23
0 1 17 37
29 29 11 19
15 13 37 34
46 47 20 32
36 30 17 30
42 43 19 24
26 5 15 10
8 16 23 18
32 29 5 14
14 4 31 27
26 49 36 22
1 30 7 39
5 17 6 13
7 19 25 35
10 16 39 30
22 5 30 20
6 15 36 25
34 12 2 6
6 27 40 13
19 1 16 37
37 38 38 33
35 48 37 5
22 0 24 8
6 23 30 5
7 28 31 33
1 23 23 36
25 1 19 28
3 17 39 14
38 36 28 39
42 14 36 18
49 37 48 32
18 11 37 14
33 32 28 25
32 8 24 34
7 26 36 29
9 36 33 21
6 25 13 9
43 30 16 40
10 12 20 2
8 20 33 28
6 20 21 38
14 13 42 30
5 11 18 36
6 16 24 31
4 17 20 41
0 10 18 36
13 10 28 0
28 45 16 35
13 11 46 41
10 8 19 37
17 20 23 10
8 2 16 42
8 11 21 42
40 37 24 18
6 19 23 28
24 2 34 14
7 1 15 11
14 22 33 14
14 16 9 37
14 32 19 18
43 29 30 5
20 9 14 15
19 34 16 37
12 7 22 4
44 9 12 44
40 42 26 34
37 29 31 28
38 38 21 34
36 39 19 37
40 49 16 34
13 8 21 35
8 25 22 26
15 29 18 34
8 23 23 8
21 47 26 13
43 43 17 30
10 10 31 28
1 7 27 0
24 7 16 29
8 18 6 0
0 7 33 31
28 6 36 0
22 13 19 37
2 17 42 12
0 22 32 15
14 13 43 27
11 4 24 36
37 2 34 6
25 9 37 9
5 10 38 39
10 19 31 28
37 2 38 41
29 27 18 16
12 4 35 20
38 48 18 5
21 4 19 32
27 5 28 9
24 0 18 35
23 47 34 24
12 20 22 35
35 43 20 37
26 45 23 38
35 40 33 34
1 18 40 27
42 20 17 44
36 45 42 19
6 5 35 25
2 2 12 36
31 4 45 6
40 24 48 33
20 13 41 20
17 5 35 12
38 29 21 12
4 21 17 13
2 26 39 6
27 41 12 36
5 20 23 41
1 5 24 23
38 15 32 20
38 35 15 30
1 17 49 34
3 20 15 7
16 9 34 14
14 8 47 32
48 30 24 23
12 5 17 0
5 4 18 34
12 0 15 11
31 35 16 13
15 0 27 5
42 43 17 33
2 15 4 22
27 45 33 1
13 15 13 44
25 40 45 5
14 4 26 29
40 30 14 22
46 24 38 7
26 0 35 17
36 37 36 20
17 2 22 35
33 34 49 21
21 5 10 4
1 16 32 20
35 46 35 8
33 42 12 33
14 16 42 15
14 11 20 23
36 45 44 18
6 24 24 20
31 31 15 24
31 13 27 18
22 49 45 14
6 8 31 9
6 11 43 15
16 25 45 23
8 29 38 23
27 3 28 27
24 9 37 16
4 12 13 34
27 46 44 23
29 46 17 7
18 2 45 24
19 3 9 11
6 18 21 5
37 45 16 35
32 40 44 24
21 1 15 32
28 42 19 6
11 10 47 5
13 18 14 36
23 4 17 35
6 15 39 18
21 3 30 44
5 20 28 23
8 17 21 9
37 37 27 20
45 24 17 11
38 43 18 27
6 1 23 7
30 5 45 8
28 1 13 31
22 44 19 28
45 44 16 38
10 12 15 34
35 39 10 5
32 3 22 35
3 11 32 17
35 46 30 34
34 43 18 32
10 26 18 35
3 16 10 14
26 6 20 39
2 15 28 15
7 3 25 24
48 23 16 38
5 21 12 32
36 43 13 30
33 6 14 23
41 40 17 13
2 16 16 7
36 1 20 36
5 4 47 23
7 21 18 31
16 9 21 35
3 16 32 21
29 38 9 46
25 2 11 20
44 24 17 36
45 27 45 9
6 18 42 1
27 34 39 33
29 3 42 33
45 26 17 18
17 11 25 38
37 48 47 20
16 6 15 34
12 8 15 2
27 8 13 31
7 22 36 31
35 45 16 39
30 34 18 14
34 49 12 36
7 23 16 20
3 17 44 22
23 35 23 19
8 20 40 25
5 12 25 9
40 33 31 13
25 38 15 38
6 8 34 46
21 36 11 35
8 21 30 8
5 14 31 26
26 4 22 35
5 16 20 27
8 23 16 36
5 21 15 5
32 48 30 18
39 42 34 0
17 9 19 45
29 37 15 32
2 21 41 14
43 49 41 27
7 14 35 9
25 4 14 4
11 10 31 0
31 39 14 39
24 45 28 15
24 49 18 37
8 14 13 37
2 20 25 23
32 0 29 37
17 9 31 7
7 15 30 47
18 10 41 8
12 16 11 35
14 21 25 7
16 0 20 32
43 45 30 15
14 8 29 30
0 1 17 17
16 44 20 36
30 40 31 12
3 17 26 2
26 0 40 9
33 13 15 4
39 41 13 12
8 20 11 44
22 48 41 49
25 0 19 33
40 49 17 34
25 46 15 29
5 8 22 15
23 3 16 9
48 42 24 23
2 27 17 34
29 10 12 43
36 40 40 11
6 12 42 19
39 33 38 37
10 12 30 16
30 36 15 20
49 5 14 36
13 9 35 8
15 21 13 34
7 15 19 7
22 42 36 15
36 7 32 28
5 19 27 13
2 4 46 20
29 43 43 30
48 48 15 33
29 41 19 31
12 32 40 12
17 4 31 7
34 48 47 19
41 42 48 8
9 2 45 27
1 1 14 19
35 47 39 41
44 34 20 12
37 9 13 28
8 19 14 13
3 8 14 24
8 7 21 5
13 35 13 45
32 35 15 39
31 11 19 35
42 47 22 43
8 15 15 23
28 20 33 23
41 37 38 24
20 12 38 25
37 12 24 34
12 5 27 25
22 49 20 39
22 29 7 4
4 16 20 32
35 2 16 4
33 37 19 35
39 48 15 26
27 8 36 32
24 40 47 37
43 48 19 36
15 7 15 36
18 6 29 8
25 48 23 38
14 0 17 40
23 5 16 27
10 12 17 45
38 43 17 38
35 23 35 0
17 4 32 38
43 41 39 7
27 33 24 24
1 5 17 32
40 33 38 18
43 41 20 32
14 21 15 11
8 11 28 23
17 1 4 19
19 11 13 9
33 49 48 17
48 30 29 6
24 5 38 13
39 0 42 19
26 43 20 39
6 15 17 4
11 1 32 34
32 9 15 40
15 4 46 24
28 29 35 19
32 48 33 16
8 22 40 25
31 39 16 39
15 8 37 15
44 47 19 39
17 23 22 32
23 2 35 21
13 18 32 20
48 45 29 30
27 7 17 4
16 6 20 36
10 21 30 17
11 27 25 24
8 19 21 41
6 15 42 10
47 39 36 25
0 24 21 24
5 21 36 2
6 12 14 33
24 41 46 39
32 49 34 38
17 20 22 16
13 27 21 40
24 49 16 33
22 9 41 27
9 10 16 33
9 3 15 33
12 2 28 26
9 17 48 7
34 19 37 10
9 15 31 11
27 10 26 27
42 49 4 9
21 6 1 4
29 36 14 15
16 1 15 42
33 2 18 36
40 43 20 32
5 18 21 3
9 9 16 0
11 7 40 15
1 13 42 30
38 46 14 16
11 1 18 37
13 15 18 37
25 9 32 22
5 26 46 20
7 25 6 14
46 44 30 33
31 37 32 31
31 38 27 28
44 37 21 37
28 2 27 17
4 9 26 13
38 35 40 25
4 19 27 8
11 18 32 14
17 7 36 13
29 1 34 23
46 37 30 21
7 5 16 37
23 43 34 10
10 21 10 15
48 23 17 41
28 29 30 17
6 2 11 44
6 9 23 34
13 5 22 20
7 23 16 32
45 31 35 19
7 19 11 15
6 22 22 7
24 0 36 2
34 38 20 38
19 45 36 13
2 18 20 37
18 2 32 32
7 17 35 0
18 9 49 9
6 23 19 19
24 15 23 10
23 5 23 34
16 42 17 38
38 27 49 34
8 17 15 0
39 45 26 38
12 1 24 15
32 49 20 38
10 12 21 40
2 17 27 41
0 9 15 13
49 44 39 22
46 35 43 28
43 41 34 31
4 18 24 34
37 42 28 33
13 7 36 30
40 46 34 12
13 21 43 23
22 30 43 26
7 31 32 21
2 18 24 0
36 12 27 14
35 46 43 5
11 21 31 11
8 21 43 9
26 2 34 24
9 6 8 14
9 6 24 9
24 3 22 40
4 18 42 12
5 17 19 9
17 7 19 31
12 3 46 26
1 21 17 32
6 4 31 20
25 29 16 38
42 25 33 23
23 11 31 14
29 0 22 1
27 13 15 1
32 46 28 20
29 44 29 6
31 45 11 32
13 20 27 29
16 11 19 38
27 8 47 23
36 36 23 33
5 10 17 35
22 21 38 44
13 16 23 10
0 2 22 42
47 41 21 39
1 26 37 12
9 7 13 8
32 9 12 20
37 44 16 12
12 6 21 36
6 18 17 30
19 44 19 38
2 31 30 12
32 45 3 2
20 10 19 18
39 33 29 9
8 15 16 43
9 5 20 37
2 1 18 35
12 7 36 17
35 8 20 37
17 26 17 35
29 19 28 23
49 38 44 16
9 13 18 41
32 48 23 35
39 48 30 24
5 30 24 19
12 26 25 43
41 9 34 30
38 42 18 39
33 40 49 31
23 18 20 22
45 26 38 33
11 16 14 44
45 39 9 43
28 7 19 35
27 36 35 39
8 14 48 40
34 42 6 16
23 49 15 34
4 2 14 24
35 44 26 32
34 15 19 6
19 15 30 35
5 37 35 13
15 5 36 11
45 44 22 12
10 13 17 6
33 11 12 37
25 45 18 35
12 20 41 22
42 46 25 33
4 8 23 43
36 1 16 7
5 11 26 15
2 23 32 15
3 19 16 37
46 34 16 39
41 8 13 36
26 25 18 36
6 18 26 2
31 44 41 24
4 17 25 18
20 0 24 20
35 12 37 9
12 3 24 12
36 22 44 33
9 19 20 8
1 17 22 39
43 37 39 2
7 24 17 48
3 9 21 7
13 17 17 8
4 13 47 7
25 13 37 26
6 8 6 14
9 8 31 3
1 28 21 40
3 18 17 37
17 5 16 35
10 8 16 36
16 15 29 8
19 45 12 1
35 25 32 35
7 17 22 38
0 3 27 3
7 23 11 4
26 22 37 21
30 16 21 33
8 1 49 14
7 22 13 33
21 7 17 36
0 18 19 4
16 24 19 36
10 19 17 32
6 18 48 24
26 36 46 37
9 18 40 10
8 14 21 37
6 11 23 16
34 49 15 19
14 19 20 37
12 6 24 33
11 8 33 21
43 38 15 41
22 5 46 15
17 11 18 41
8 23 14 37
7 20 29 18
9 22 30 28
33 2 48 19
3 18 12 14
2 27 15 38
19 40 28 28
27 1 43 17
17 31 31 19
29 3 23 31
0 30 40 13
2 1 34 6
2 14 35 34
16 13 41 21
42 42 15 10
41 38 35 18
33 25 24 41
2 16 41 32
9 3 29 31
34 34 22 36
28 3 9 2
45 43 2 9
17 31 29 9
27 43 39 12
0 9 49 19
15 26 47 29
7 16 16 33
20 11 17 26
13 46 14 3
5 6 24 40
38 4 32 20
8 18 15 34
8 6 44 20
29 2 41 15
5 14 15 39
30 33 20 1
36 41 16 19
33 36 25 34
12 33 24 3
4 5 37 11
34 29 11 14
45 37 11 11
30 44 40 25
20 0 29 24
25 49 26 21
17 15 37 19
38 47 36 21
38 1 44 18
9 12 32 6
29 9 41 14
1 14 20 28
21 38 20 28
5 9 19 9
14 6 25 0
35 36 40 9
13 19 24 32
42 2 22 30
15 21 27 32
15 2 34 5
0 24 24 29
25 9 30 19
38 15 22 35
31 44 44 28
29 44 22 22
5 6 16 10
5 11 9 26
40 2 36 19
11 11 20 7
10 14 21 33
23 14 49 16
45 39 15 35
10 14 18 36
7 22 22 36
10 6 49 15
9 18 31 4
39 36 24 35
44 49 9 7
13 14 43 1
33 44 41 16
3 13 28 19
23 7 45 34
8 18 15 29
9 7 26 9
9 7 40 11
5 21 37 14
11 14 11 33
14 23 47 40
16 15 35 19
23 46 16 32
10 16 21 1
35 43 16 4
42 38 21 6
6 17 26 1
2 28 19 1
19 38 27 25
23 49 29 22
11 14 19 4
38 31 12 9
27 4 19 37
17 5 18 29
3 13 39 24
37 4 46 6
41 41 26 6
15 34 37 31
3 15 38 49
4 17 17 40
35 29 40 41
25 7 33 6
7 13 16 11
14 3 22 30
36 22 13 38
38 48 29 22
27 10 8 8
23 34 11 34
17 3 18 41
30 39 42 11
0 16 43 6
42 19 19 9
4 20 38 3
11 15 41 23
8 12 5 8
31 10 20 23
3 18 19 36
43 41 40 0
39 38 29 14
28 30 25 4
35 49 24 14
44 48 19 12
6 21 21 37
28 49 30 19
14 10 38 20
39 16 30 42
14 5 12 39
5 7 37 21
5 9 11 28
5 20 30 18
23 13 23 21
37 47 17 32
20 39 14 6
23 45 16 37
47 27 10 40
15 4 22 24
46 39 39 0
48 32 14 31
21 0 25 2
40 39 41 11
9 10 32 22
4 21 27 27
10 18 22 14
32 42 39 23
3 16 21 18
5 16 21 28
15 23 21 34
22 12 23 19
11 14 13 34
17 14 20 31
5 3 48 24
2 29 16 36
19 29 42 11
13 6 17 28
22 7 13 36
25 9 22 41
31 44 10 15
8 7 35 8
9 21 16 36
21 22 48 16
17 3 14 24
26 25 21 35
22 29 19 3
14 1 17 40
44 46 20 10
7 12 31 2
17 2 47 21
6 12 17 36
20 7 33 6
17 8 34 22
8 18 36 34
13 16 14 34
13 23 24 14
23 1 21 40
4 22 34 15
4 22 46 26
2 12 17 35
0 10 15 35
11 16 31 9
5 20 27 11
33 0 35 16
45 41 18 39
18 7 22 17
23 12 21 38
23 4 33 3
6 8 42 29
4 11 43 21
29 3 16 4
8 39 24 24
41 49 9 3
9 3 23 43
0 15 16 34
18 22 9 33
3 9 18 46
37 0 23 30
6 24 21 41
6 18 38 16
34 1 28 39
8 7 30 16
6 23 27 3
0 15 23 0
17 2 16 32
1 4 32 24
34 46 45 25
15 5 20 16
26 3 21 39
10 14 21 22
30 7 22 7
39 40 46 3
5 17 18 34
31 41 41 23
4 14 32 14
15 1 27 21
0 18 30 21
48 41 12 5
30 8 33 21
1 14 27 5
32 47 27 31
25 19 21 4
0 10 25 30
20 7 14 13
4 6 41 5
13 12 40 29
21 8 39 35
27 8 16 32
25 47 10 26
11 16 26 13
36 17 19 37
4 22 45 26
8 13 23 42
10 23 15 40
6 23 35 31
44 28 40 5
38 44 44 15
15 26 31 0
37 15 16 40
15 17 12 39
13 12 14 6
9 14 14 30
1 1 17 21
24 36 30 5
35 30 35 8
0 23 34 6
5 25 34 7
22 3 12 2
7 10 42 32
5 8 31 5
27 40 30 8
29 10 15 36
35 45 22 5
7 14 43 17
18 7 34 12
14 19 44 29
32 25 25 32
34 32 23 22
12 0 2 10
19 10 44 21
21 49 33 4
34 42 28 19
37 6 12 40
17 4 31 45
5 10 48 6
8 7 15 44
13 14 23 35
26 35 13 31
33 41 10 31
27 46 30 12
5 22 25 30
31 34 17 34
6 28 38 4
31 7 17 27
18 48 37 26
4 20 30 8
2 0 14 4
31 39 33 7
2 12 13 44
34 32 25 34
26 49 19 41
21 8 30 4
14 15 21 35
31 41 15 7
45 22 26 38
0 12 20 13
37 37 49 0
31 36 32 17
0 19 18 24
20 5 45 21
39 11 16 34
27 18 32 37
9 17 23 37
34 36 26 21
19 30 28 25
29 37 5 7
8 21 20 40
13 8 16 36
28 1 18 33
2 14 4 9
13 18 39 14
48 30 18 34
36 5 32 16
33 45 19 41
0 22 22 42
21 14 31 21
38 2 39 10
13 13 33 10
28 3 19 28
4 16 38 16
13 8 20 27
16 44 36 27
9 19 20 37
4 12 30 16
4 9 22 40
13 9 34 15
10 21 20 47
19 6 9 34
24 46 19 25
33 14 28 4
24 30 23 0
49 26 18 35
15 23 16 38
27 1 18 29
18 12 9 40
41 48 41 17
34 6 20 3
9 19 39 30
3 3 12 39
7 14 17 33
7 24 27 24
2 2 25 15
33 4 32 12
40 43 40 35
3 6 40 2
36 38 46 3
22 12 27 1
1 8 17 39
31 5 18 36
25 29 31 22
45 42 35 25
44 44 23 5
33 29 37 20
35 49 15 17
28 0 18 33
25 0 28 13
19 25 27 9
18 14 27 21
0 8 25 36
7 15 19 19
6 15 33 0
31 29 39 24
8 22 15 24
30 8 32 15
31 39 21 12
0 13 19 35
22 0 39 10
14 3 16 31
44 35 44 5
5 41 26 15
16 15 17 36
14 3 15 36
22 10 20 35
24 10 41 5
16 12 19 3
32 37 43 4
49 35 11 14
0 19 17 8
40 14 9 38
14 2 41 26
44 11 20 35
34 35 34 23
32 43 42 8
42 44 17 35
7 11 23 5
32 43 43 11
35 14 40 22
21 16 16 35
3 25 35 22
23 3 41 2
16 1 27 1
28 21 19 34
22 36 25 16
15 21 29 19
3 2 21 30
3 23 26 9
8 3 22 33
5 16 27 26
17 7 17 35
42 32 25 35
7 27 16 38
31 27 20 33
31 41 24 39
44 13 17 33
22 16 19 37
6 18 22 27
32 47 9 18
40 6 26 38
45 40 42 18
3 17 46 11
20 37 22 16
