50 159 18296 800
33 32 19 18
49 48 39 31
48 46 45 36
22 27 17 23
16 43 39 25
41 45 9 11
22 3 41 29
49 47 48 15
29 45 20 26
25 30 41 22
19 8 46 33
19 30 3 28
13 28 38 28
27 25 44 37
47 47 37 44
45 6 21 22
11 20 40 48
45 43 27 9
49 47 24 46
39 37 12 28
49 45 48 34
48 46 37 44
33 41 38 8
26 1 39 48
34 25 39 24
25 11 41 8
15 20 41 31
10 14 43 34
1 35 41 45
47 46 42 26
27 15 45 29
36 46 19 19
14 17 33 49
29 17 35 39
34 18 46 24
40 41 42 37
34 32 38 8
17 46 44 28
27 7 41 31
45 12 8 4
46 48 41 25
48 48 27 8
28 31 41 49
14 31 26 16
32 30 36 46
47 47 44 27
48 33 33 42
18 36 44 32
19 41 38 41
21 9 37 22
49 47 42 32
30 20 35 47
31 41 46 29
39 37 38 44
39 37 24 45
23 13 25 24
49 46 44 24
31 0 40 48
15 24 48 27
37 44 41 29
24 3 17 13
48 45 36 40
20 2 24 39
25 23 26 27
11 27 39 31
4 28 20 26
18 31 41 29
17 38 9 11
34 31 33 46
20 17 44 23
36 8 43 27
28 12 45 32
36 35 45 32
30 7 35 48
25 49 27 20
26 24 2 46
45 19 43 26
23 7 19 29
40 23 41 31
30 33 38 29
12 31 18 28
25 8 25 0
48 45 40 34
48 48 30 48
17 42 5 24
25 31 34 47
47 46 33 48
46 47 26 14
36 32 45 27
26 33 46 28
49 42 41 13
17 24 38 48
29 9 43 32
27 11 38 43
40 19 46 22
28 30 18 34
20 21 30 47
21 3 35 45
25 42 35 32
33 37 48 31
25 4 36 46
26 41 33 43
31 37 35 47
48 44 47 24
46 47 35 13
24 8 45 32
49 48 41 33
22 47 35 45
49 43 37 8
44 7 43 31
13 7 1 19
20 2 38 27
27 2 18 34
26 32 38 49
41 46 34 44
43 49 38 27
22 10 21 5
31 19 17 31
25 6 25 22
3 10 3 16
49 43 12 4
20 43 38 24
48 45 44 30
38 13 41 32
44 45 37 44
48 46 45 27
49 44 30 47
19 3 43 26
32 26 39 45
29 9 39 41
45 6 46 39
20 28 28 34
23 13 33 46
30 3 33 29
39 0 8 25
48 46 37 30
15 0 20 20
39 38 38 47
45 49 48 32
32 17 19 42
48 47 33 45
25 6 32 46
46 45 24 2
44 47 36 20
30 11 36 1
25 8 32 49
42 40 38 49
30 25 17 22
21 9 2 41
38 33 45 33
24 42 44 24
40 1 39 29
45 44 31 21
49 24 49 30
49 11 32 23
48 11 25 35
47 45 32 34
33 40 46 35
24 41 40 49
