50 392 14148 800
29 38 41 17
34 12 18 22
38 43 12 32
30 18 22 17
41 14 37 12
35 47 24 1
34 43 47 44
30 49 27 24
8 28 36 8
40 49 10 36
39 17 26 15
27 44 44 11
29 43 12 18
36 8 22 41
29 30 30 5
25 9 20 25
5 25 41 4
30 18 13 33
36 49 41 34
33 17 10 31
41 30 8 26
21 49 23 25
4 29 38 21
42 48 39 2
16 48 7 18
28 20 12 22
38 30 39 35
42 22 33 3
29 5 2 43
38 44 43 26
38 48 22 36
30 47 46 24
35 8 36 2
31 35 46 10
37 13 40 9
23 9 28 9
22 17 18 37
44 47 31 39
28 41 20 8
49 48 29 13
34 13 37 37
40 46 0 16
38 22 24 24
32 45 24 48
39 41 47 30
38 48 20 45
27 43 48 22
36 28 35 8
27 41 21 24
42 45 29 38
36 39 47 40
45 39 2 20
41 41 10 22
43 21 3 34
32 40 13 16
36 18 43 27
31 20 46 5
28 20 43 29
32 7 42 28
43 49 29 4
40 35 38 10
33 8 41 20
30 44 19 16
44 46 48 29
40 28 32 11
29 43 21 25
49 24 28 8
32 30 16 26
24 41 1 7
37 42 2 9
42 46 36 10
8 28 3 41
33 43 16 19
33 11 19 36
47 44 29 4
23 8 38 3
43 38 39 19
31 49 13 30
49 27 37 1
39 48 33 10
42 16 30 7
30 36 25 19
46 44 24 33
40 44 45 6
45 39 8 14
32 9 14 1
32 48 8 37
29 39 5 26
29 11 27 30
31 13 9 39
30 47 9 22
37 41 35 30
40 41 19 16
31 42 37 47
34 15 47 26
35 24 29 23
39 47 48 29
35 4 48 27
31 40 43 35
36 15 46 14
41 38 41 5
34 10 40 6
33 49 47 35
32 19 48 19
21 46 26 40
31 14 27 37
39 1 36 5
38 47 5 35
30 36 1 45
30 47 45 39
47 47 36 9
31 15 42 6
46 31 8 39
40 49 39 6
36 8 4 12
31 41 27 26
31 47 8 7
27 43 34 39
35 19 47 31
46 49 25 16
34 44 23 8
43 17 15 29
25 47 40 2
9 26 36 23
30 48 47 46
35 38 39 20
7 27 42 12
28 4 6 28
47 31 0 4
35 48 10 19
33 45 37 10
45 27 32 25
28 28 18 13
45 40 13 34
27 16 47 12
45 42 35 3
34 13 41 9
39 45 32 8
35 34 14 21
37 39 17 45
32 40 35 21
29 42 43 16
38 47 40 29
28 47 43 45
41 34 4 12
38 45 20 35
38 42 16 36
36 49 48 21
32 32 47 7
39 6 7 24
26 31 18 31
36 33 38 14
30 42 36 12
32 36 39 23
24 8 31 8
41 41 44 1
34 41 31 45
39 24 28 47
33 20 15 40
27 43 20 34
25 47 13 25
31 43 47 32
27 15 12 19
45 26 33 44
43 40 47 45
29 41 39 10
49 44 35 32
35 47 41 17
4 32 34 11
34 45 26 22
28 14 39 6
41 43 1 34
34 39 44 21
37 45 8 30
28 19 49 22
29 35 6 9
40 36 49 26
35 40 34 4
30 9 36 22
23 45 2 12
31 5 47 33
46 28 5 6
30 46 34 11
37 43 30 14
43 39 15 46
43 23 10 20
34 31 38 42
30 27 37 30
28 29 10 22
40 49 40 14
31 47 26 40
25 41 30 5
27 7 37 19
31 15 24 38
4 23 35 12
31 44 39 33
30 30 4 31
35 21 49 21
47 13 46 7
39 39 49 33
34 17 6 21
42 26 22 32
24 44 2 11
45 38 2 6
25 19 32 48
35 20 38 7
38 6 29 23
30 10 40 33
34 46 7 12
30 44 5 34
22 10 25 28
21 10 44 21
40 37 47 28
38 39 43 9
26 47 31 38
30 13 0 15
30 44 28 36
27 49 32 3
30 49 39 5
30 44 33 42
30 15 45 20
39 38 30 30
8 30 31 13
38 44 23 41
37 37 5 22
33 41 36 39
31 39 14 23
26 6 37 26
37 23 39 9
41 48 26 38
34 40 7 29
2 26 42 39
31 34 38 17
30 12 22 37
18 39 39 31
35 15 48 12
38 42 19 41
27 15 7 22
39 46 44 22
29 37 37 34
45 32 39 21
29 49 41 11
31 45 29 1
36 43 44 14
35 22 38 13
32 31 31 2
36 28 35 10
41 30 41 6
38 46 8 21
32 4 0 4
28 46 36 7
35 16 40 29
48 34 44 18
42 29 36 4
34 39 12 28
33 47 43 23
41 11 10 40
30 4 37 4
31 42 3 26
31 15 5 24
35 44 38 9
43 44 3 24
20 13 17 42
36 35 14 6
34 11 8 21
40 34 38 43
16 2 40 19
34 44 16 47
42 37 10 16
1 31 49 23
34 47 19 34
30 12 11 22
22 46 30 2
23 44 45 25
46 29 30 46
25 41 20 45
38 41 8 30
28 6 38 11
31 42 40 31
38 43 13 35
42 33 33 34
30 23 25 17
32 47 44 33
42 47 35 44
38 45 28 7
32 38 38 9
42 32 17 17
44 16 18 35
24 45 43 24
30 6 39 11
9 45 13 38
45 17 44 22
30 17 42 6
37 49 4 24
31 12 8 25
32 6 26 0
43 26 40 11
27 8 43 5
26 42 41 4
31 9 4 37
26 47 44 14
42 49 36 6
30 45 15 37
38 43 6 29
39 39 41 4
30 5 21 23
36 2 22 9
39 45 29 11
21 41 34 6
33 42 44 31
37 45 22 30
6 27 9 20
33 17 32 45
46 47 32 9
17 36 36 20
41 22 34 49
33 7 35 22
42 21 16 34
32 17 45 33
23 14 42 4
47 49 23 36
39 45 2 4
30 5 5 5
28 35 0 9
32 6 4 18
42 20 32 11
4 26 6 31
34 47 4 23
37 46 9 2
29 5 22 34
34 42 29 1
33 44 24 28
34 46 1 6
37 47 35 12
39 34 38 3
29 41 9 1
31 41 32 49
29 14 39 2
32 42 4 19
34 43 7 12
30 43 6 5
39 19 30 47
42 43 33 39
39 20 28 9
38 44 24 37
43 32 35 10
33 49 28 26
46 35 20 31
43 46 32 34
21 37 3 28
11 27 42 33
35 34 30 6
36 40 9 6
36 10 38 4
35 40 36 11
41 45 34 13
32 46 30 38
39 42 6 31
37 35 22 46
28 44 36 23
41 44 19 22
27 28 39 24
36 35 8 28
27 44 38 1
38 41 16 31
3 29 24 19
36 49 20 18
37 32 8 24
25 7 38 4
27 2 31 1
35 48 39 8
28 2 28 32
22 37 37 12
35 32 38 23
35 47 49 32
40 29 48 22
35 18 27 46
43 48 43 23
35 46 37 8
32 11 25 24
36 30 48 14
40 14 37 38
26 46 13 44
45 40 18 9
42 34 5 21
34 31 2 5
36 39 27 26
31 41 38 28
37 14 18 11
30 21 10 38
45 47 41 17
30 8 38 6
