50 87 15638 800
37 25 41 34
38 29 34 39
48 16 36 38
9 6 40 49
44 19 30 45
46 16 46 44
14 0 46 46
41 20 28 42
30 15 25 39
29 4 48 44
45 17 24 22
45 19 38 34
7 15 46 26
40 13 43 40
9 11 5 39
30 21 17 41
13 3 26 30
28 38 42 49
26 44 26 32
8 6 38 15
44 16 41 21
47 13 37 44
49 29 30 18
39 22 38 34
11 15 41 33
42 13 40 39
31 15 34 44
43 13 18 25
13 36 49 38
37 15 32 36
10 4 40 31
14 10 26 27
46 18 31 48
43 16 30 21
47 16 17 15
14 37 27 34
11 7 14 36
44 21 45 46
42 11 40 25
8 10 44 27
28 40 46 44
11 0 40 48
16 42 30 32
43 19 35 33
38 5 37 44
6 20 23 30
3 48 31 25
13 11 34 39
20 37 36 47
30 29 13 26
41 21 45 39
13 3 12 28
31 41 26 37
28 39 43 35
30 15 46 20
29 47 44 35
38 26 35 29
44 13 44 28
22 48 23 30
14 1 34 38
45 17 38 24
45 20 38 49
41 23 43 19
45 17 25 33
42 12 25 41
30 18 29 35
26 14 42 47
39 23 30 23
42 16 29 29
41 44 40 26
20 0 33 45
49 35 29 35
14 1 38 45
31 21 31 41
34 11 40 42
45 12 39 43
12 32 31 31
41 14 39 48
2 28 1 19
21 36 31 45
19 35 42 25
5 12 25 39
16 40 37 44
9 12 49 43
42 19 37 46
8 4 36 32
10 10 36 42
