50 659 13846 800
48 32 14 27
21 35 43 20
26 40 4 42
7 5 20 3
5 44 4 22
20 35 38 39
9 33 27 35
30 44 24 24
22 48 28 17
41 40 3 38
34 42 45 25
6 21 4 33
19 9 37 20
15 33 27 47
27 46 36 24
21 37 8 46
23 49 47 31
20 16 25 40
20 41 20 13
23 29 31 15
37 36 19 9
10 32 11 45
7 37 44 15
18 35 21 32
37 45 1 36
15 32 11 42
18 30 17 26
7 19 34 44
28 37 42 22
37 44 3 40
35 34 36 19
3 23 34 26
13 37 40 21
16 48 20 33
15 26 1 44
33 35 17 31
39 44 21 26
14 46 26 44
31 35 31 28
47 21 26 30
34 31 11 32
34 46 7 31
25 31 5 36
48 17 49 33
45 15 33 17
31 42 13 15
49 17 9 44
25 44 49 30
34 48 42 14
37 32 46 19
42 25 8 40
14 27 19 13
5 47 24 25
22 43 31 21
33 31 0 49
48 43 19 37
41 5 39 25
36 29 10 33
38 34 21 29
22 26 7 32
11 47 9 29
6 47 22 18
18 42 41 30
36 25 11 22
39 27 45 20
11 32 20 2
24 49 41 22
32 16 36 11
31 32 27 24
39 49 5 20
32 37 37 19
35 47 24 45
6 18 29 23
22 1 39 22
23 32 20 27
34 11 3 36
10 39 5 36
19 37 25 25
9 21 22 31
32 38 19 7
12 41 21 21
31 36 29 30
28 32 23 13
33 36 21 29
11 34 43 16
30 46 27 6
11 45 15 48
21 47 45 22
34 11 48 22
17 32 42 30
29 24 19 35
37 19 39 34
42 10 33 27
24 39 3 48
11 17 18 14
38 42 22 21
37 43 18 29
24 43 47 15
35 47 22 33
3 23 24 24
27 31 44 23
32 40 0 35
15 10 16 37
31 36 20 24
27 41 25 34
2 22 5 46
42 18 28 5
18 26 15 41
28 41 15 33
8 32 41 30
12 3 19 27
17 44 9 49
21 42 8 46
25 46 27 0
37 2 47 38
7 26 32 25
4 43 18 23
34 18 28 35
37 37 13 25
48 19 30 26
48 47 20 20
18 46 13 33
19 46 34 22
10 27 26 5
0 47 20 17
21 4 25 22
14 46 21 47
37 42 41 26
4 9 2 30
24 23 5 39
14 3 34 19
25 47 38 1
32 35 49 30
20 28 42 26
23 26 13 25
43 4 3 38
3 47 41 22
37 16 47 24
26 36 37 27
15 47 39 9
44 42 28 15
14 8 0 43
21 46 11 32
17 42 23 41
11 49 25 27
26 17 8 44
24 41 27 19
22 44 32 20
27 30 5 25
20 49 40 22
18 43 39 4
22 36 48 1
27 27 18 30
27 15 44 27
36 16 34 32
16 41 34 2
39 45 44 9
18 26 19 35
0 39 22 30
35 36 20 40
6 10 17 26
14 7 21 34
34 35 43 22
39 23 38 5
33 12 38 23
46 45 25 31
5 26 16 46
33 1 35 4
28 33 33 29
19 45 49 21
49 16 5 46
21 3 25 22
28 36 16 31
19 31 45 33
23 31 4 47
28 37 19 35
33 13 15 23
21 40 11 35
23 48 11 48
22 32 4 43
37 25 8 2
27 31 25 40
13 46 9 47
41 37 16 27
19 26 11 32
40 26 20 33
30 22 48 18
8 39 23 26
13 28 37 42
3 24 16 25
20 47 14 26
20 47 2 42
46 15 17 19
15 33 43 15
28 34 49 27
17 35 47 20
20 37 15 19
21 39 6 45
30 32 6 20
20 46 12 38
17 40 36 5
24 45 17 30
10 40 6 47
27 30 32 11
15 37 36 18
15 30 25 27
16 48 20 36
15 8 7 43
24 6 48 20
25 38 19 25
39 42 3 29
0 43 2 12
24 21 9 15
32 0 9 44
46 17 15 28
28 1 27 24
8 18 6 41
34 35 22 19
23 43 17 26
45 47 29 4
22 42 20 30
8 44 29 12
2 37 9 44
49 16 5 44
44 42 43 19
23 40 41 19
21 44 11 28
46 18 2 49
30 12 17 24
23 15 43 38
11 13 8 33
45 34 14 45
36 46 37 4
39 42 38 22
29 48 48 27
8 37 46 19
21 45 15 39
48 14 0 48
9 47 10 30
16 49 43 12
30 40 5 47
34 20 31 46
47 16 37 6
15 42 15 6
3 48 37 23
10 48 22 21
37 33 26 10
41 27 17 20
12 48 47 17
45 49 35 21
48 19 23 26
29 28 39 21
32 21 45 18
32 25 28 15
27 22 49 21
44 19 25 24
12 49 42 22
7 31 35 36
20 8 29 47
33 29 44 33
40 37 12 38
27 42 19 39
16 19 8 37
41 30 22 36
22 32 14 12
32 8 17 32
9 36 26 39
33 6 41 21
33 31 22 23
19 42 10 48
48 21 8 28
37 29 22 34
19 10 31 25
19 13 15 16
25 19 39 38
29 21 31 36
22 32 17 22
25 6 13 38
10 6 24 31
13 42 40 26
14 2 24 29
4 38 12 11
14 12 9 43
16 45 9 38
32 38 8 40
24 39 15 29
30 34 25 41
38 27 22 33
48 12 44 26
20 46 18 26
31 25 36 37
49 18 42 27
37 41 15 28
29 38 17 29
45 39 19 32
18 23 6 42
25 17 22 27
38 47 9 44
3 27 1 49
15 18 13 23
28 45 10 46
23 40 47 30
16 43 27 32
32 22 2 44
16 36 42 27
4 25 27 31
25 32 6 43
43 42 49 42
13 49 2 36
0 44 5 47
14 44 12 40
44 44 42 23
42 16 20 32
30 26 13 19
31 47 16 22
16 48 4 44
25 27 15 38
20 46 21 31
19 48 5 46
2 28 43 20
27 42 7 14
16 25 24 36
22 37 16 21
25 49 26 34
35 43 4 47
22 22 48 26
36 24 6 48
48 35 1 48
32 34 5 42
12 6 3 37
23 31 19 26
5 41 38 18
19 45 19 30
7 29 3 46
47 31 12 35
32 43 7 25
22 42 27 40
12 48 22 31
3 29 26 30
23 3 24 26
20 47 32 41
38 48 27 25
16 31 37 23
47 10 42 14
35 39 13 39
39 11 8 31
16 17 24 31
21 42 21 28
33 45 2 46
22 43 36 23
4 48 14 35
30 27 16 45
17 48 48 36
19 45 22 34
26 44 30 23
3 43 10 46
26 25 11 0
0 38 7 48
48 10 28 24
0 46 44 23
6 32 3 10
20 28 36 20
21 26 7 36
49 18 19 28
14 48 16 33
20 36 2 29
10 36 7 17
26 28 37 23
5 33 42 29
7 42 4 48
17 12 1 38
13 33 37 44
12 48 2 49
36 49 16 28
47 18 7 47
30 43 13 31
27 43 17 46
18 16 43 3
2 45 22 4
45 38 13 25
22 37 25 42
30 40 6 37
49 5 20 17
22 46 4 49
6 12 22 36
39 47 34 13
37 40 5 27
36 33 5 42
37 22 27 31
36 38 4 27
22 29 14 7
18 30 0 16
15 46 17 32
47 46 24 17
30 11 44 28
27 17 21 26
4 45 28 21
22 15 24 32
21 41 38 8
48 37 21 37
8 14 5 43
48 16 48 28
29 11 44 17
41 45 16 27
45 17 9 49
38 44 45 6
46 16 15 20
26 49 16 17
12 17 5 47
18 32 6 30
2 49 46 30
42 37 23 39
19 49 40 29
27 45 43 13
35 31 16 30
1 18 13 37
40 46 7 43
6 45 37 23
6 40 21 20
23 37 48 22
24 42 6 41
1 37 27 4
28 12 22 26
33 25 40 33
18 41 8 41
23 16 6 9
28 11 48 14
24 22 6 41
24 47 37 27
11 33 31 24
9 44 5 35
25 6 12 19
24 6 42 20
26 30 39 24
7 25 14 37
2 28 44 21
29 9 16 23
47 17 22 17
6 26 46 12
7 17 49 11
31 22 42 17
24 22 2 46
47 44 14 32
8 25 8 16
27 9 35 6
12 21 18 25
34 18 8 12
21 14 7 37
48 17 2 49
38 7 44 33
30 15 10 41
25 33 39 6
3 38 4 48
41 44 27 9
22 34 44 16
24 35 31 6
11 12 39 34
20 44 24 10
20 34 21 13
37 28 6 48
47 38 8 11
38 22 2 45
34 33 22 33
25 33 47 17
13 37 23 26
31 45 41 15
17 48 33 24
25 18 3 41
25 32 15 17
0 27 20 41
31 43 6 40
27 36 22 30
36 42 5 19
24 13 49 25
17 47 38 20
36 47 14 34
18 40 26 24
17 43 6 34
22 47 9 45
6 35 42 16
20 35 18 32
12 19 14 39
37 43 17 25
37 44 9 44
28 49 18 29
47 32 16 40
8 47 22 2
20 49 9 36
39 40 6 44
10 29 3 45
45 5 41 31
18 45 10 2
16 39 38 20
29 36 16 26
20 39 32 7
6 17 27 29
34 47 45 20
25 6 22 28
37 43 33 22
21 43 22 28
28 24 14 49
32 12 44 24
29 28 7 15
15 49 24 33
18 17 31 32
3 42 36 24
3 40 26 33
24 23 32 28
18 44 38 16
29 22 49 25
4 34 47 24
23 34 6 21
11 4 5 44
42 28 43 4
7 26 27 43
5 16 47 16
23 33 24 20
19 20 13 5
24 42 20 19
10 24 45 16
23 32 18 20
12 24 22 18
25 30 38 21
30 46 18 30
18 12 38 26
41 26 13 21
41 3 11 23
21 31 16 9
28 25 20 30
28 38 2 47
34 20 20 39
19 48 13 46
18 25 24 28
26 37 49 24
1 43 16 28
23 6 27 31
30 49 5 46
11 29 37 49
11 44 44 16
46 20 8 49
16 43 28 25
15 22 36 38
17 49 42 27
14 38 25 27
27 21 10 27
35 43 16 18
26 33 19 37
3 32 8 41
49 17 20 32
12 20 46 29
35 40 9 25
38 27 25 34
29 44 24 34
16 47 17 35
29 39 3 42
5 15 17 21
40 43 5 33
24 15 31 19
10 20 1 43
12 42 17 25
33 46 32 24
8 29 19 32
21 49 41 23
36 30 41 24
41 25 46 26
47 34 9 32
42 47 19 39
9 29 18 28
18 44 5 46
37 38 18 16
21 47 39 10
24 22 38 25
27 29 25 8
13 49 48 23
36 18 42 15
30 28 5 48
10 30 43 35
24 26 18 47
23 45 12 26
16 23 5 46
9 17 27 33
46 17 28 25
45 44 28 38
13 38 10 31
22 21 48 25
19 47 27 2
24 38 37 23
45 42 45 10
11 36 18 22
4 42 17 30
18 20 20 29
11 44 8 42
4 46 44 25
31 41 45 24
14 47 5 41
35 33 17 47
22 47 24 30
23 31 43 26
28 33 45 26
21 46 40 24
26 43 23 1
21 27 17 36
30 39 3 8
30 45 30 1
37 41 4 44
25 14 0 20
25 34 22 24
42 8 4 16
45 33 29 9
4 29 0 43
22 28 27 30
7 11 0 45
18 47 25 21
19 33 20 26
47 16 11 20
12 39 27 12
29 42 21 31
21 22 36 23
12 13 3 48
30 23 11 44
40 16 0 37
46 35 45 21
22 24 9 42
28 35 14 25
37 38 21 34
19 44 5 46
10 46 26 28
8 31 13 19
12 46 39 15
31 47 5 42
49 48 42 18
15 48 32 18
16 44 42 29
36 45 28 17
11 22 27 33
13 43 39 39
39 44 46 38
22 39 12 43
46 20 31 26
46 31 3 33
17 49 28 29
22 37 45 49
9 13 4 42
15 45 43 35
10 35 18 26
26 34 44 15
13 42 8 45
11 26 18 27
8 20 49 21
49 19 21 15
17 48 29 25
20 49 44 5
22 33 5 20
1 32 12 33
22 12 32 31
22 46 45 11
33 39 48 17
24 45 21 41
24 10 39 19
