50 261 11286 800
28 5 21 13
46 10 42 7
37 42 26 27
0 27 48 5
18 22 3 2
44 17 20 44
6 31 46 17
24 21 43 1
45 1 42 14
3 10 25 38
43 11 0 2
11 36 6 23
20 24 38 33
24 14 42 6
18 28 17 20
16 34 32 3
42 32 21 9
16 11 30 6
12 36 28 8
14 38 45 8
36 8 5 36
20 47 31 4
13 19 39 16
0 15 42 6
22 5 9 34
36 38 20 23
44 11 45 7
24 34 18 38
7 24 20 39
9 30 34 11
43 5 41 25
12 22 31 15
45 4 29 16
8 23 24 39
20 32 22 7
47 4 8 44
43 21 14 43
37 26 12 25
37 14 21 46
7 31 28 45
34 43 11 20
25 4 25 28
35 0 10 40
10 24 20 23
20 25 29 40
5 30 37 20
31 25 23 3
12 3 35 38
21 16 30 38
44 12 35 40
9 26 17 3
11 24 48 12
24 43 44 24
23 31 26 40
29 6 23 35
36 3 37 21
32 9 26 37
41 11 43 4
33 45 3 31
31 42 25 11
11 30 25 15
7 33 30 11
11 31 29 43
34 30 38 39
7 13 32 11
46 8 32 6
19 24 21 46
13 29 23 17
10 27 17 41
34 48 38 14
41 10 21 22
10 10 6 24
28 40 13 37
12 34 26 2
26 44 27 26
17 26 6 1
29 28 18 35
8 29 16 41
9 21 39 4
15 35 22 34
34 44 11 39
28 45 40 13
2 32 23 0
22 1 39 5
40 5 27 38
18 16 30 47
6 37 2 36
25 4 43 11
27 45 30 4
25 26 21 2
16 31 40 13
44 15 17 2
49 35 27 17
15 27 28 17
43 28 42 8
13 22 28 33
4 21 10 11
7 15 17 36
46 16 29 40
46 20 23 42
14 13 5 35
43 8 0 27
26 13 5 15
22 44 16 41
47 14 33 40
35 24 10 2
4 7 27 3
38 15 28 36
12 31 21 13
29 18 36 3
18 9 15 15
37 1 28 35
47 7 23 24
31 35 16 15
22 23 8 31
0 33 29 3
43 18 23 46
11 32 21 5
16 18 34 24
9 12 2 14
20 28 18 17
49 14 10 28
27 24 14 4
46 19 41 1
23 27 24 35
9 29 26 46
31 12 47 5
49 43 12 40
25 11 6 7
44 26 3 19
11 9 40 17
27 21 15 9
40 18 19 37
9 32 18 22
24 17 41 9
40 40 23 30
35 42 28 45
32 42 37 30
6 15 40 5
28 45 32 32
8 24 32 39
49 9 39 9
12 32 18 18
9 27 6 32
10 31 24 18
27 16 16 7
42 13 22 9
2 29 25 34
13 28 27 39
5 37 34 37
17 27 43 24
11 18 29 12
6 12 40 27
18 9 26 42
25 9 31 41
36 48 17 37
13 32 36 0
18 29 46 19
17 29 48 1
25 6 27 11
39 21 7 40
49 21 19 41
11 17 25 37
30 45 34 7
2 0 27 44
38 26 25 3
9 31 28 40
14 7 10 23
12 34 43 13
12 26 25 14
38 45 12 44
43 11 5 13
1 35 3 31
27 28 11 12
3 43 25 43
23 23 23 39
12 33 37 7
5 3 26 12
15 31 37 29
13 32 33 42
43 10 21 42
8 24 40 7
42 7 41 16
22 29 36 13
22 23 6 32
41 40 34 7
37 23 5 23
41 48 15 41
41 6 49 25
9 36 31 9
22 22 14 30
30 5 38 14
36 16 17 34
30 25 29 39
19 24 40 5
27 43 17 39
26 19 35 16
33 18 30 14
10 29 12 43
12 30 42 10
20 33 44 30
8 28 30 38
16 17 7 13
48 22 28 1
11 34 28 36
43 8 40 21
9 29 45 15
12 44 37 38
13 5 22 45
39 13 2 10
23 18 7 41
15 34 4 25
12 34 47 0
44 28 24 16
33 2 36 16
17 29 39 19
21 39 25 27
17 34 19 10
17 29 38 13
21 2 38 3
21 6 18 37
41 11 11 40
5 8 41 15
45 15 35 25
4 32 22 14
4 14 14 29
40 12 29 37
37 33 21 36
36 6 16 7
10 22 15 20
49 15 46 23
7 34 11 6
17 13 12 39
13 26 13 4
44 22 12 39
34 5 9 33
13 28 3 22
33 13 9 48
10 29 24 43
2 31 27 35
7 4 13 13
11 21 35 11
45 8 35 10
16 30 7 31
11 31 43 11
42 13 38 20
48 2 25 39
20 20 25 40
14 22 32 41
39 10 17 23
9 37 25 0
44 14 27 49
23 11 10 35
37 47 27 5
41 21 6 3
11 26 25 20
37 45 33 9
23 20 19 40
26 16 9 3
29 21 25 12
8 33 24 2
