50 66 14229 800
13 3 23 15
3 15 36 27
3 23 41 9
10 42 44 22
15 49 14 5
4 14 37 23
24 17 23 21
19 6 17 11
3 16 19 1
18 36 22 13
38 23 31 32
43 23 34 9
34 40 7 47
9 49 6 39
9 30 4 45
8 38 31 9
0 37 38 13
11 29 31 12
28 20 39 19
4 37 17 26
11 47 13 43
11 12 21 25
1 30 39 3
38 22 7 49
18 24 9 39
0 49 29 12
35 25 21 10
8 44 43 25
33 27 15 41
4 23 44 30
4 28 22 9
32 25 42 13
7 42 5 47
48 29 14 14
12 44 42 20
11 28 38 10
39 18 2 46
38 16 25 0
28 24 48 10
6 40 43 11
24 18 45 26
2 44 18 23
15 49 17 13
28 25 49 10
4 18 32 19
4 28 48 33
3 31 0 47
40 15 23 10
31 13 37 32
5 44 46 27
25 22 46 26
36 22 17 46
13 14 17 18
18 16 24 12
14 24 36 14
0 41 11 43
8 4 12 45
48 29 5 45
10 9 32 26
2 1 24 21
38 36 2 40
8 22 28 21
3 17 33 22
21 41 26 22
10 25 20 24
14 38 30 28
