50 619 11095 800
12 30 28 23
12 7 37 26
7 4 9 31
3 22 31 26
24 27 38 9
25 45 17 26
6 43 19 31
0 40 28 37
31 15 8 34
9 5 43 46
20 32 43 41
8 20 37 39
8 31 28 23
7 11 22 46
15 34 9 38
28 6 37 13
1 25 26 23
24 19 16 30
0 41 18 38
0 25 41 37
1 24 20 23
1 26 42 15
5 21 19 46
18 10 30 27
16 33 39 34
9 46 44 10
10 42 19 45
10 42 39 10
9 33 11 38
13 28 8 31
37 33 3 49
0 18 21 36
16 2 34 46
22 9 32 9
14 46 15 23
14 34 24 14
5 37 32 47
1 21 39 25
11 25 9 41
21 17 8 27
16 8 15 25
25 3 36 26
21 29 5 38
9 16 32 20
6 14 18 46
2 27 19 27
0 23 3 41
3 46 19 48
11 29 31 31
7 31 1 32
4 45 34 33
26 15 39 36
31 22 0 36
12 25 21 38
2 46 16 23
18 25 2 17
17 23 32 23
13 29 28 15
13 37 18 16
11 11 43 12
4 41 18 27
8 28 26 30
10 10 23 49
1 35 10 34
24 33 19 20
22 12 15 7
7 35 32 46
2 12 3 29
13 21 11 32
8 38 0 5
6 26 31 2
15 13 39 9
14 26 5 30
7 46 34 2
27 32 44 35
13 46 39 43
6 39 15 28
24 11 2 30
3 17 28 43
1 47 41 8
6 24 19 47
3 17 41 35
15 47 34 35
8 22 22 21
24 23 45 12
7 16 43 2
14 43 23 47
28 23 20 29
5 3 23 18
16 42 29 20
21 7 18 49
2 23 21 17
6 8 1 35
17 33 10 28
4 28 27 28
15 46 29 23
21 11 22 21
12 32 33 14
29 9 21 23
1 29 30 17
2 14 39 9
33 18 44 31
15 20 19 1
15 37 14 25
3 15 26 25
6 32 3 28
3 9 29 14
45 35 2 34
27 38 7 28
37 31 6 33
15 19 21 45
18 5 19 46
21 45 24 37
39 16 27 20
16 42 31 37
2 28 1 39
36 44 24 38
11 38 10 32
0 44 38 45
3 10 37 8
18 17 45 3
28 8 25 22
25 23 42 24
11 41 1 30
5 31 33 31
4 32 8 37
17 39 48 3
35 26 7 20
5 40 22 22
8 43 22 32
4 20 20 46
32 32 23 36
1 4 20 23
1 27 14 20
8 13 39 18
14 34 21 48
41 13 45 32
46 4 26 13
0 16 25 35
0 25 7 35
15 3 5 49
10 17 8 45
8 21 18 28
7 17 43 41
15 18 47 25
5 26 4 31
10 11 26 20
36 22 38 16
9 41 17 32
0 3 20 33
1 28 32 41
6 12 5 31
13 16 34 5
12 32 21 48
18 25 26 41
3 7 17 22
7 23 19 46
16 29 20 49
29 31 37 8
3 18 38 29
32 31 1 32
22 21 3 30
24 25 9 36
15 32 23 48
19 17 7 43
18 16 27 22
6 7 37 35
25 33 3 29
21 2 33 32
3 16 38 5
10 49 9 23
8 28 48 2
41 31 6 37
14 18 40 7
6 17 2 36
10 6 17 2
17 36 36 39
20 42 2 0
47 20 19 47
4 47 18 46
10 5 9 42
7 36 40 24
6 42 5 32
0 27 33 15
15 19 43 34
3 14 40 48
32 26 42 47
9 35 44 30
25 27 7 26
2 14 24 16
41 29 17 40
18 28 22 25
15 49 8 27
10 41 10 21
21 3 30 24
14 33 27 14
7 37 41 7
31 42 32 35
9 44 17 47
12 28 38 20
9 24 12 41
28 36 27 48
0 29 38 12
14 30 37 40
1 41 5 30
2 38 12 38
9 30 20 12
8 32 42 35
21 11 25 12
13 31 31 23
1 21 32 43
27 11 16 46
23 14 21 46
9 27 25 19
21 20 34 3
16 47 47 23
6 21 20 49
18 34 17 48
11 35 18 43
10 7 11 31
13 9 2 31
4 23 20 26
22 5 22 23
2 14 24 21
4 9 5 32
1 30 31 0
7 30 37 27
15 20 11 29
22 35 25 22
32 29 18 45
2 13 25 24
5 9 48 49
36 18 22 49
22 35 28 25
9 26 7 39
29 2 24 6
1 28 47 3
16 22 21 18
22 5 45 8
14 11 38 18
41 4 18 48
48 8 16 7
10 36 17 42
6 35 17 49
8 24 16 47
6 20 23 21
18 21 18 49
16 10 48 32
18 5 18 33
10 16 6 31
0 46 21 42
3 32 43 20
3 34 7 37
8 9 39 7
4 26 6 34
44 13 22 48
12 33 35 24
3 5 41 48
22 35 23 22
31 30 21 17
22 23 5 33
3 41 31 34
16 6 36 5
8 35 35 7
6 35 31 1
4 46 8 32
10 29 20 47
28 21 44 6
9 6 31 29
18 32 3 31
23 15 42 30
5 44 39 14
11 24 38 6
0 13 4 34
22 26 36 15
29 14 36 13
1 22 26 25
7 42 29 1
2 27 28 37
0 17 37 11
20 15 10 33
20 9 41 9
11 46 25 21
10 20 27 11
25 24 14 34
24 24 48 0
8 26 18 22
8 39 22 47
2 19 28 17
39 15 22 10
14 3 43 28
11 19 15 21
1 15 8 30
12 28 21 46
2 31 41 8
6 9 38 21
1 42 9 46
2 45 17 40
3 14 44 9
17 22 33 22
7 48 9 41
2 12 27 22
30 14 21 18
30 32 10 37
7 20 2 29
6 34 27 43
14 24 24 23
26 31 22 47
19 38 7 29
11 25 47 16
11 30 19 48
42 12 35 7
7 27 47 3
3 39 22 23
2 31 6 30
19 13 45 7
18 32 45 11
21 41 7 39
20 44 24 12
3 37 28 16
13 32 2 28
8 27 48 10
6 33 9 24
5 30 34 42
22 35 38 9
21 26 43 4
20 13 22 20
9 7 18 45
10 35 20 23
11 5 20 18
17 18 18 23
10 25 21 31
44 6 12 32
2 42 26 46
7 48 25 45
5 12 37 16
7 35 20 46
11 27 34 33
12 36 19 46
24 29 7 35
8 11 33 12
2 29 19 47
19 25 4 36
1 43 29 25
19 27 26 6
3 1 47 46
17 42 32 25
21 32 21 49
26 25 19 47
19 40 18 21
15 17 44 4
20 36 37 44
18 29 24 27
7 23 27 3
7 40 6 45
13 42 25 12
10 31 43 12
8 7 1 23
5 27 22 19
7 21 35 10
6 22 43 5
0 35 23 20
16 14 17 33
6 27 38 24
22 32 49 43
10 6 36 46
0 6 8 34
12 10 25 21
24 19 10 42
9 21 21 2
31 29 29 33
18 28 10 30
11 36 33 2
0 5 28 18
7 13 23 21
12 32 40 47
14 25 7 38
43 29 42 4
19 16 26 23
5 21 23 21
18 25 19 39
20 35 32 49
25 15 18 18
4 11 45 12
12 10 21 12
16 33 23 45
29 29 43 0
2 7 23 26
4 6 25 13
23 42 39 10
1 22 12 17
19 15 35 19
24 6 23 44
5 17 9 41
34 13 2 32
3 21 7 34
1 35 20 48
3 14 29 22
4 19 24 49
13 14 46 20
15 38 23 17
5 42 28 23
1 26 2 42
3 12 33 2
31 17 44 19
2 23 19 47
31 16 1 24
20 44 41 0
11 16 30 1
16 10 3 40
1 3 36 48
5 14 35 22
12 23 21 47
15 39 28 45
27 44 44 7
37 4 21 47
11 8 29 25
4 24 18 48
22 27 44 33
5 7 33 24
0 12 33 18
11 38 24 23
26 42 17 48
5 20 19 49
8 29 47 3
4 8 11 11
21 8 21 49
18 29 19 16
20 25 22 44
17 25 21 47
22 22 44 8
0 22 4 33
12 24 31 28
3 8 20 47
18 23 43 35
4 40 41 6
12 14 8 40
28 12 10 33
11 45 3 33
9 33 5 35
7 15 30 1
11 34 12 44
3 14 15 43
22 36 12 27
3 38 5 45
5 14 49 16
7 26 45 45
12 37 47 10
4 29 19 19
5 24 20 29
12 19 17 45
8 23 36 43
17 32 17 26
14 40 38 7
5 23 20 18
10 12 36 41
6 19 16 42
13 29 26 20
6 22 18 48
11 26 25 39
11 15 24 21
4 17 33 25
27 39 21 47
18 13 48 31
3 42 23 24
1 45 23 22
6 41 9 31
12 0 36 31
3 31 45 17
21 37 1 36
0 30 49 5
3 18 29 6
13 26 1 39
7 34 37 20
4 9 43 26
8 17 17 33
12 6 38 3
13 44 33 31
4 48 6 36
13 43 23 48
4 19 21 48
11 18 31 1
10 21 41 30
7 15 30 11
10 37 4 28
20 0 31 32
0 43 17 48
1 26 10 37
21 25 7 30
30 21 7 36
21 16 2 33
10 21 32 27
12 28 41 12
33 4 13 49
18 29 11 37
10 45 4 30
15 34 44 0
10 33 3 39
2 17 11 33
2 49 20 34
0 30 0 45
4 15 47 27
4 18 28 17
5 28 15 33
3 36 17 46
2 38 6 35
9 46 7 37
34 0 37 23
5 39 24 17
4 19 42 19
7 23 12 19
23 45 44 9
1 22 1 38
7 25 48 13
5 15 4 45
7 48 46 8
40 16 30 33
24 28 18 46
4 11 12 25
7 42 18 48
2 26 8 7
4 45 4 32
0 25 25 20
5 20 15 45
7 21 47 8
14 26 42 32
9 32 2 37
32 30 21 46
25 22 30 23
4 36 17 49
14 43 20 26
3 38 35 40
14 29 27 39
18 40 29 32
12 16 20 47
14 4 23 28
7 20 39 16
1 26 12 37
6 10 47 43
20 34 22 48
2 46 3 35
11 37 16 45
3 12 18 37
2 11 8 37
4 44 47 0
33 24 19 21
3 8 36 5
0 39 7 34
21 12 6 35
9 12 6 28
0 21 40 19
22 38 22 45
8 24 5 32
0 33 10 35
48 9 19 20
10 15 39 5
19 21 18 44
38 7 26 22
7 39 28 49
11 5 13 33
8 19 21 24
41 23 14 41
5 12 37 26
35 12 33 34
42 22 21 45
26 40 17 20
25 18 18 36
9 31 35 1
6 21 27 28
30 33 45 27
7 38 28 40
5 19 26 22
25 31 24 23
26 27 24 15
18 26 16 22
27 34 37 32
24 10 12 25
16 36 21 14
6 32 44 17
10 9 34 45
13 22 49 4
29 33 49 10
0 9 22 11
13 7 44 7
5 41 36 2
17 32 20 48
7 12 18 47
33 10 42 20
1 1 8 37
0 17 32 18
7 37 43 35
23 23 13 37
7 23 22 24
0 22 18 25
22 14 43 14
14 18 32 19
14 16 4 47
6 17 28 21
0 41 28 18
8 28 25 19
11 36 21 47
7 44 10 42
31 29 44 30
3 28 49 5
3 29 20 23
16 36 17 46
9 18 21 49
7 39 25 21
20 4 25 20
7 38 25 46
39 23 7 31
8 37 22 48
7 42 21 46
20 14 22 23
4 18 39 35
3 6 39 17
23 44 7 31
9 7 26 34
8 9 7 40
