50 51 16777 800
37 25 3 4
39 29 9 36
44 21 32 46
43 26 9 31
39 8 4 38
29 25 7 16
12 13 23 34
47 22 4 17
25 27 24 38
25 14 3 39
29 28 14 20
13 39 5 33
36 15 9 16
44 43 3 27
43 4 49 9
40 20 21 9
25 28 14 34
31 7 11 29
17 2 9 6
35 41 46 34
27 6 42 45
15 8 48 18
43 22 9 27
33 27 17 47
43 1 47 22
32 29 3 15
42 14 6 45
25 46 19 22
23 14 12 12
21 43 44 19
29 12 9 42
14 48 11 25
12 30 17 5
24 49 6 21
49 25 40 24
35 31 9 18
27 13 9 15
21 24 12 27
16 4 8 26
29 16 15 11
23 45 29 15
27 46 15 15
33 20 10 27
11 15 8 35
47 1 43 11
27 8 16 20
36 34 23 19
32 14 39 9
23 48 48 24
44 23 10 16
23 19 45 35
