50 105 13744 800
10 36 47 36
0 21 32 8
4 15 8 11
12 28 0 24
41 21 24 29
30 37 20 34
13 45 45 18
16 21 1 23
24 23 0 24
48 9 32 36
45 5 16 17
44 0 4 26
32 21 16 15
12 4 15 46
47 29 31 15
44 9 19 43
3 0 4 24
6 40 0 25
46 1 1 23
8 29 16 19
48 1 0 17
21 31 33 45
9 42 34 48
46 6 39 33
28 2 2 28
9 47 19 42
0 0 19 6
25 48 6 20
46 1 1 25
14 48 28 14
32 30 42 38
28 23 33 39
16 9 29 5
1 49 16 16
15 34 4 16
2 35 24 44
26 30 0 26
41 3 2 18
23 26 31 23
6 16 35 18
36 36 14 17
47 5 24 17
40 23 1 25
37 36 42 16
34 35 14 45
34 31 9 32
40 13 4 29
48 26 36 38
26 41 3 28
5 46 20 28
4 32 40 16
7 27 12 43
46 8 17 48
46 10 3 22
16 14 25 19
2 48 41 19
4 43 32 24
14 40 41 46
9 19 0 30
20 41 3 23
4 28 10 49
15 42 19 40
38 13 12 45
21 12 3 22
27 24 38 43
28 26 10 27
25 28 35 34
16 26 27 22
7 31 25 8
19 31 4 30
23 1 46 19
11 0 8 12
38 33 4 28
45 14 41 32
20 31 40 42
4 11 40 41
2 14 8 43
29 9 48 29
6 11 2 23
1 23 9 46
27 47 0 26
45 11 34 31
48 4 23 15
30 30 7 28
36 38 47 32
30 48 7 21
18 31 5 27
8 41 29 13
6 47 39 5
20 36 33 35
10 4 16 46
25 1 6 37
46 4 15 13
5 1 35 43
24 47 46 35
7 1 35 13
3 21 20 17
29 47 10 49
31 30 20 48
35 18 45 30
24 30 2 25
36 26 3 21
45 9 0 24
19 10 5 26
47 6 32 6
