50 73 19701 800
18 30 49 8
39 15 41 38
44 5 42 42
49 43 32 18
29 30 22 22
24 34 49 26
5 46 43 21
20 25 22 3
25 32 22 8
13 43 35 35
18 31 43 27
38 35 36 30
38 13 47 30
15 40 26 28
17 25 41 11
11 23 34 28
39 6 48 7
21 37 38 21
12 40 12 4
17 38 36 28
14 28 38 7
14 42 34 17
11 3 42 27
39 0 41 26
32 35 15 17
20 29 14 38
41 29 36 25
22 11 38 20
25 14 31 16
37 4 47 19
23 13 32 30
27 35 41 13
21 44 47 14
31 47 22 1
44 31 40 25
5 14 10 14
45 18 35 15
16 17 33 27
18 30 42 22
44 46 25 7
20 32 45 24
10 45 19 0
23 22 45 17
42 8 48 22
41 4 38 48
40 19 45 13
33 2 43 23
9 43 49 24
35 40 39 17
22 34 39 21
18 17 41 28
33 8 41 21
36 24 2 18
6 18 41 25
0 47 10 25
22 36 49 14
2 48 34 21
10 36 40 27
25 44 26 23
12 28 18 0
31 6 38 8
43 24 49 4
19 39 13 3
7 22 43 26
45 8 14 13
35 49 46 27
10 47 4 31
32 19 32 38
31 7 23 10
16 17 42 22
24 46 24 2
38 47 44 20
22 36 45 8
