50 64 14701 800
22 28 46 34
19 30 47 16
5 41 34 3
3 33 31 4
43 26 31 2
12 45 25 3
36 27 28 2
4 14 43 10
4 17 27 5
8 46 28 6
11 42 29 3
6 44 35 34
15 35 37 4
40 26 31 33
10 25 29 0
0 21 30 5
0 38 22 2
14 48 42 16
0 18 41 19
42 18 39 30
11 14 39 37
46 43 30 25
40 13 42 23
49 44 41 29
5 11 47 12
43 32 37 11
41 23 46 22
12 45 36 23
44 15 23 15
11 35 28 3
39 26 34 12
12 46 37 20
43 39 41 13
1 37 35 36
10 46 41 22
5 47 46 36
9 44 43 30
3 10 45 27
19 35 40 13
8 40 43 24
10 13 41 18
12 27 46 20
4 25 47 30
7 42 18 18
35 15 41 14
12 40 37 15
25 34 37 22
45 25 42 15
27 26 45 29
29 25 48 25
7 37 22 38
13 46 47 25
39 18 48 20
11 24 34 21
8 25 49 10
9 44 48 17
15 47 39 33
10 44 32 29
9 31 44 17
27 38 40 29
0 21 31 13
48 31 47 15
24 24 29 2
4 22 39 22
