50 63 13793 800
31 12 16 15
31 34 15 15
32 27 46 11
37 19 8 26
44 39 38 36
35 31 4 35
20 17 38 8
48 18 9 6
10 29 18 27
6 22 46 23
49 24 38 38
28 37 21 37
49 21 7 23
23 9 12 11
43 17 30 19
10 13 19 13
45 22 42 17
30 33 47 28
11 33 48 11
49 9 34 23
35 20 42 11
11 17 3 42
26 18 48 21
1 15 8 15
48 29 45 18
39 31 44 16
7 18 37 18
26 13 11 26
38 0 24 20
27 7 11 13
47 29 19 7
47 40 13 18
48 13 37 11
34 9 46 27
30 27 41 8
23 33 36 28
2 10 43 2
34 25 7 22
7 7 39 2
32 8 42 21
26 27 48 12
30 16 39 10
33 43 20 11
44 9 43 14
22 48 24 17
41 26 32 24
31 11 6 17
37 22 30 27
49 16 35 24
29 30 45 32
29 13 37 15
28 8 44 11
48 21 41 15
6 19 36 23
17 27 41 10
26 37 4 15
14 45 41 21
7 14 7 41
38 9 42 15
6 13 46 10
36 29 42 10
3 18 2 8
0 46 15 3
