50 1476 16164 800
10 35 48 8
12 34 49 45
37 11 9 45
44 20 44 40
4 32 49 41
29 18 39 7
8 26 48 14
33 19 46 20
14 36 17 2
10 33 49 14
9 36 31 30
26 45 46 11
11 18 32 10
16 27 41 10
3 36 43 27
13 29 44 32
10 48 43 21
49 25 44 42
34 20 45 29
16 38 46 17
25 42 18 12
7 32 2 0
18 34 47 13
14 26 9 2
22 42 48 41
10 47 0 3
12 33 14 37
44 22 35 33
43 16 41 9
11 47 42 43
14 31 46 40
16 33 39 41
1 32 46 12
19 35 37 10
39 29 39 41
12 38 49 36
17 36 39 8
31 48 48 47
35 10 40 47
18 34 41 8
6 38 49 39
44 29 48 45
8 39 47 11
11 33 47 19
13 36 41 31
13 37 47 17
23 28 42 40
12 34 42 2
40 18 49 47
11 37 47 13
7 37 1 13
10 38 44 10
14 5 48 41
11 28 46 15
0 46 48 14
10 34 21 46
21 28 10 0
35 6 42 19
14 34 45 15
39 1 47 43
23 23 46 44
14 14 43 15
17 34 47 38
10 28 41 2
3 24 45 9
14 33 44 17
21 16 49 46
35 19 47 13
26 3 43 4
7 36 42 16
10 31 47 43
46 17 49 10
38 23 4 16
19 25 44 16
16 39 35 38
39 6 48 12
34 20 46 42
38 16 48 0
7 11 23 15
11 35 44 8
47 11 47 38
39 42 43 40
37 0 48 10
12 32 42 14
29 23 47 42
43 15 21 20
13 35 37 45
13 33 46 45
10 29 42 18
34 36 37 21
29 24 49 11
12 37 38 10
20 30 46 12
11 39 49 37
13 35 43 47
3 37 44 12
12 39 40 17
35 11 48 13
41 15 39 8
39 23 41 42
10 18 42 40
13 33 44 36
46 20 48 43
11 32 49 42
1 41 47 18
13 38 7 3
9 40 45 33
15 33 39 12
31 15 47 19
23 38 46 38
36 14 48 37
23 4 44 43
18 21 14 48
15 33 36 17
6 36 41 17
32 22 46 45
20 14 49 17
48 43 45 17
39 21 42 10
39 33 45 11
11 33 46 40
20 42 45 26
5 41 39 41
22 28 39 5
41 6 47 18
14 44 44 37
9 36 43 44
3 39 46 42
11 34 28 28
46 2 43 12
21 19 44 21
9 37 44 14
12 27 44 13
6 29 45 47
12 36 47 40
15 47 43 10
11 36 43 21
20 21 48 38
10 37 36 26
1 24 47 40
26 36 14 29
10 38 47 13
38 15 43 43
9 41 33 40
13 33 49 12
33 23 47 13
14 37 47 36
9 19 45 8
19 23 48 16
25 36 48 22
44 40 46 19
14 11 49 12
20 34 11 24
12 32 16 37
4 35 44 43
13 39 48 15
16 31 49 18
11 33 43 2
9 42 6 1
21 11 43 41
48 33 46 41
16 34 10 35
18 44 46 48
16 38 49 13
43 16 45 13
33 22 47 39
13 39 43 17
19 32 45 15
41 24 45 45
25 19 47 9
19 16 47 24
10 34 45 7
36 23 35 39
10 32 48 20
42 29 41 13
11 33 46 8
15 38 44 44
33 34 47 37
14 32 44 43
25 28 47 27
9 29 47 37
13 36 44 26
40 43 46 18
14 35 41 13
12 34 6 7
30 19 49 41
25 15 40 8
27 30 20 39
28 21 43 19
10 45 42 18
48 29 17 44
9 36 42 17
21 23 41 40
37 31 39 39
12 28 10 5
49 3 49 20
47 26 10 41
30 47 42 38
48 23 41 0
0 24 48 10
26 30 42 13
29 30 43 45
3 43 38 3
39 43 45 46
32 46 46 31
11 35 35 23
13 41 9 10
34 5 44 13
34 36 18 42
8 37 46 15
30 23 22 13
25 18 46 7
15 35 47 38
7 33 46 43
7 22 44 15
12 43 45 18
15 33 41 15
25 20 9 15
0 35 27 39
12 46 16 8
23 49 49 13
9 11 47 22
20 30 45 39
40 28 49 15
15 23 45 40
49 17 12 3
11 37 46 45
13 36 46 13
3 40 49 12
11 36 43 37
16 30 42 15
42 25 44 18
7 38 46 40
41 5 46 40
14 28 49 42
46 33 7 35
14 38 16 6
15 39 13 44
15 33 43 11
11 23 44 15
22 30 10 49
8 32 2 22
10 32 47 45
9 10 43 10
5 35 49 15
14 47 46 46
8 34 43 15
1 43 42 12
12 34 48 40
31 33 46 35
14 44 42 9
9 33 49 11
40 17 43 7
45 7 43 37
15 38 47 43
43 26 29 12
2 22 44 9
24 35 44 40
35 46 43 8
48 32 48 12
12 41 9 5
12 46 43 43
14 30 45 11
14 37 49 36
17 39 41 8
6 18 42 38
16 32 45 41
11 22 44 16
11 37 46 25
35 22 46 36
10 35 28 27
12 34 49 22
33 29 47 39
44 9 49 40
34 22 40 19
11 29 48 36
36 11 1 5
16 32 43 23
24 14 48 32
32 12 49 37
16 34 44 10
41 35 48 43
1 37 15 6
12 33 48 41
25 32 44 43
13 34 33 27
33 27 13 5
33 45 40 21
11 36 47 32
7 40 38 21
12 37 43 26
35 31 40 10
3 34 47 41
49 29 47 38
25 27 43 20
32 8 46 20
8 35 46 6
18 34 29 20
42 43 46 14
12 28 32 19
27 47 49 39
14 37 43 40
1 26 42 12
40 21 44 19
26 26 36 19
12 36 45 18
43 24 2 8
11 33 40 10
8 29 39 12
27 32 47 40
33 6 44 35
33 11 49 32
18 33 46 35
18 21 46 40
36 35 49 43
40 31 11 17
41 43 46 12
48 36 46 42
44 20 48 14
40 29 41 34
11 5 9 10
11 32 15 8
0 47 39 15
35 29 44 15
11 42 45 38
6 22 43 12
15 36 45 15
13 34 48 42
41 19 37 9
48 37 17 2
32 36 43 49
40 28 49 9
9 30 46 15
21 40 47 15
43 46 13 44
11 22 40 21
49 21 48 40
39 10 38 30
9 44 44 14
36 34 37 12
31 13 43 18
6 34 17 6
9 34 45 14
13 24 44 10
44 32 45 39
24 30 43 37
11 36 42 4
33 26 40 13
41 23 45 11
13 19 37 44
2 33 49 32
6 42 47 34
26 39 38 38
10 34 43 9
4 42 49 40
37 21 20 8
44 36 45 14
16 29 45 11
12 30 42 15
17 32 48 7
43 33 18 36
38 35 42 13
37 22 44 40
23 4 28 18
17 19 22 30
3 28 48 39
4 35 42 16
25 16 47 39
17 30 45 10
12 35 45 13
10 43 10 9
27 46 38 0
31 24 48 38
25 31 11 0
43 31 15 37
9 33 46 40
10 33 45 15
32 17 47 39
16 18 44 42
12 39 27 23
8 33 44 13
3 35 1 46
15 21 48 17
48 38 48 16
9 32 41 22
5 22 10 10
24 7 45 10
23 26 44 6
42 25 43 42
48 41 49 15
9 38 18 37
21 24 7 16
13 35 36 22
10 43 44 42
37 22 14 1
29 30 41 39
16 30 45 42
33 35 42 17
40 38 46 42
5 42 3 8
35 4 46 17
32 18 45 33
16 26 20 2
38 16 42 14
10 43 49 11
42 37 45 11
26 17 48 9
5 48 45 12
17 29 19 21
32 28 45 14
30 26 12 44
31 36 45 18
11 35 47 14
10 32 48 10
8 46 5 17
38 10 45 17
34 34 46 38
8 37 40 45
24 24 49 14
24 29 46 13
24 43 49 16
10 36 42 15
13 38 41 14
14 37 39 42
20 32 4 1
11 33 45 26
37 33 43 40
18 28 48 9
15 33 46 33
11 36 44 31
15 28 46 17
35 9 46 38
32 47 48 17
49 14 32 10
37 44 39 27
15 34 48 17
33 7 41 39
11 31 41 40
11 37 49 35
37 41 47 17
19 27 43 11
14 19 39 11
42 9 45 19
8 36 14 31
34 14 41 9
41 42 40 38
14 40 44 42
42 44 44 14
19 23 49 11
27 40 39 25
12 44 46 40
42 16 46 36
10 38 47 13
44 24 13 11
6 36 49 17
13 33 13 15
30 20 44 12
12 36 41 21
22 26 47 44
0 47 12 38
12 33 46 35
46 3 43 42
25 26 46 45
10 46 44 12
18 22 45 26
38 2 45 15
17 42 46 39
46 11 41 42
11 36 36 15
16 33 49 36
12 30 2 1
11 35 43 38
3 36 46 16
10 34 43 44
29 29 49 44
9 41 44 25
36 4 48 43
36 39 44 20
40 27 41 31
37 25 44 36
38 23 47 17
0 3 45 18
12 35 49 29
14 29 49 21
31 20 49 42
45 20 42 17
36 18 45 35
3 36 13 3
6 36 39 23
12 36 49 27
11 32 45 21
5 33 48 9
5 27 47 35
11 36 49 42
44 32 44 38
48 6 33 1
39 26 46 16
3 39 46 42
6 34 44 9
14 39 34 3
47 45 43 40
15 21 18 9
32 34 8 5
14 31 47 13
19 34 43 15
44 18 45 44
19 5 45 41
39 10 48 36
26 31 46 14
11 36 44 40
35 15 46 46
21 32 44 44
12 31 47 38
11 30 47 41
14 32 46 37
1 30 39 20
41 5 36 41
23 26 41 39
18 9 1 1
3 40 42 45
18 33 43 45
14 38 47 5
21 33 47 16
35 2 42 21
38 13 48 17
14 34 47 44
14 41 47 43
12 41 45 15
13 30 45 42
12 37 14 48
36 23 45 43
5 33 48 42
13 20 48 10
11 32 42 48
8 37 49 40
49 30 47 43
20 35 42 44
31 30 41 17
15 31 43 9
9 31 32 28
32 14 47 14
44 31 38 15
17 8 46 11
24 45 43 39
22 36 42 10
20 24 43 7
46 43 48 15
37 29 48 38
9 29 47 36
13 34 42 19
6 34 44 36
13 32 49 25
41 20 44 14
48 43 5 6
37 13 11 10
27 24 42 38
38 7 46 39
48 29 49 47
17 29 48 36
4 45 43 45
31 7 41 25
11 32 44 19
7 47 11 0
8 32 43 19
11 30 42 12
14 25 48 44
18 41 48 6
44 49 10 41
24 38 45 17
27 36 46 22
16 34 23 32
8 25 48 17
15 33 45 39
9 36 3 10
18 36 16 6
27 16 46 39
13 26 47 43
13 35 45 10
9 34 48 3
12 35 47 35
30 39 41 0
45 32 48 38
11 43 9 16
14 34 47 40
32 8 43 41
18 43 49 49
34 31 35 7
10 35 48 19
31 16 34 32
49 21 16 32
10 41 41 22
36 30 45 14
46 3 9 32
38 17 48 24
45 48 48 29
13 35 44 19
41 31 19 18
18 39 39 12
23 2 43 19
31 17 40 15
9 35 44 40
24 41 44 11
30 25 48 10
10 44 49 12
5 19 14 5
30 7 45 12
12 17 44 47
4 40 8 16
32 27 3 0
25 23 38 43
0 33 16 2
12 32 46 17
44 25 42 39
23 21 46 39
10 36 13 13
18 30 4 3
14 34 43 45
27 15 49 39
14 38 45 38
44 40 46 17
19 30 45 43
11 32 44 13
13 35 20 42
14 21 45 19
40 22 43 44
15 35 45 43
35 29 45 39
3 29 44 45
46 29 42 9
20 12 47 14
27 25 3 32
11 30 46 21
41 3 42 12
12 43 31 29
14 34 15 41
36 30 49 14
9 32 43 43
9 31 40 41
12 35 46 11
44 17 46 13
45 33 46 16
1 31 45 17
37 49 47 17
12 35 47 16
11 33 7 13
17 48 37 40
16 33 43 9
40 19 39 15
39 24 47 36
36 34 44 22
39 41 47 9
15 38 46 14
27 15 47 45
11 32 45 48
9 37 6 21
18 43 47 12
11 23 9 37
3 46 47 12
10 36 49 18
27 21 12 47
10 37 2 17
10 34 44 12
45 31 47 37
25 47 41 14
11 29 47 40
26 39 49 42
14 19 47 10
13 34 46 38
35 28 45 10
12 45 46 13
33 24 48 23
18 27 47 21
16 34 47 46
47 20 45 14
46 19 9 1
40 23 36 33
31 40 48 12
7 49 43 18
9 37 46 9
16 20 33 7
13 36 45 39
10 32 47 12
15 36 43 14
1 23 46 45
8 37 49 32
29 32 46 13
8 31 49 40
6 29 45 11
15 32 45 5
21 33 45 44
3 20 49 4
10 35 46 36
10 38 44 22
31 2 11 8
11 33 49 41
47 32 45 43
24 0 39 16
41 22 47 41
2 24 44 41
3 6 39 16
32 29 44 20
8 26 45 43
14 34 46 13
43 11 45 14
9 35 47 7
9 24 40 12
12 35 38 42
41 19 40 36
31 28 38 27
25 30 42 41
22 21 45 11
19 30 47 42
6 20 22 13
14 29 47 43
40 21 48 49
6 28 47 19
14 30 41 2
39 29 10 15
28 43 28 9
11 27 45 40
17 11 44 12
44 35 45 15
15 32 35 26
24 30 39 1
40 12 47 19
22 48 46 14
16 41 46 12
12 34 48 38
7 23 17 21
22 21 34 24
22 46 14 41
10 30 45 44
31 43 48 15
12 29 47 13
47 41 45 13
36 36 13 0
22 44 46 15
26 27 44 16
4 38 11 15
14 23 45 18
37 21 44 39
10 47 47 6
12 22 46 14
21 24 48 45
10 33 46 39
40 38 40 17
12 36 44 14
4 43 47 21
6 37 47 25
44 15 0 40
39 35 39 43
8 45 48 43
3 28 42 21
46 4 45 12
19 13 37 11
11 33 48 13
41 30 44 14
10 39 45 17
39 12 47 17
9 36 48 46
24 8 49 43
43 29 41 14
37 28 48 36
6 44 44 43
6 26 49 40
9 33 48 46
11 33 47 42
40 49 48 37
24 34 46 42
25 2 47 12
13 24 49 11
14 35 43 12
1 21 46 39
6 32 48 10
12 35 16 0
46 20 38 15
41 32 42 13
21 9 43 11
4 43 38 44
29 15 8 29
12 33 48 45
25 11 45 18
12 34 43 37
33 30 29 38
13 32 46 42
35 34 41 11
11 46 43 41
14 28 37 28
10 30 43 8
4 44 45 9
43 17 42 10
15 38 42 15
10 35 19 16
32 10 43 46
14 36 47 10
11 33 48 47
36 27 42 22
26 7 47 16
13 36 43 6
11 36 48 43
44 7 22 9
12 28 39 13
17 37 47 16
6 26 49 43
10 38 48 9
23 11 40 41
5 38 39 43
46 40 46 13
40 12 48 13
13 36 42 16
9 34 47 14
12 37 13 10
30 11 37 36
31 26 46 38
36 35 48 45
12 34 48 45
9 31 43 40
44 33 45 18
23 20 49 40
12 30 31 28
7 36 11 3
43 37 20 20
42 37 43 14
2 45 47 37
13 33 33 19
10 24 1 3
49 20 43 41
8 27 39 45
1 20 47 36
21 40 49 17
0 40 45 17
14 35 47 35
45 4 47 17
17 36 40 18
13 39 45 14
8 43 48 29
7 37 42 9
4 33 37 41
42 35 48 41
15 21 8 16
40 28 47 44
21 27 49 38
39 44 48 10
13 37 49 16
24 35 13 15
5 38 21 30
34 10 48 42
3 45 8 30
11 45 38 18
13 33 21 47
11 46 47 40
13 33 48 44
46 22 45 43
11 35 7 40
14 36 40 28
18 30 47 11
45 34 46 44
13 28 42 13
12 21 47 43
10 29 40 40
14 30 7 8
12 32 49 39
37 48 43 0
27 21 40 13
14 36 43 11
20 33 42 19
31 11 47 12
29 27 2 24
8 36 14 37
10 32 41 15
13 31 44 8
37 28 47 42
23 43 49 40
16 25 4 5
14 27 44 12
13 34 48 17
40 33 48 37
32 34 48 18
25 29 43 43
14 35 45 23
31 26 49 37
21 11 45 18
21 30 4 47
13 25 48 16
12 43 46 44
10 11 44 42
32 11 49 41
27 42 30 25
10 28 45 42
48 44 42 39
23 32 49 12
12 35 45 15
10 30 48 37
23 32 47 46
0 28 49 43
11 41 46 15
12 36 48 12
35 17 47 38
15 29 45 43
6 29 43 38
25 41 41 44
11 41 46 11
11 33 49 39
46 29 40 7
36 38 46 43
40 20 44 41
7 29 43 44
14 35 27 43
41 18 45 46
11 29 48 21
46 27 41 15
8 45 48 45
48 37 47 10
34 32 45 42
4 43 37 9
32 17 46 45
5 35 46 42
4 42 45 11
15 41 47 13
0 25 46 20
13 35 41 42
25 41 5 1
43 24 47 39
15 32 47 20
23 24 45 20
13 32 7 45
10 36 46 42
24 26 40 41
33 45 47 18
8 31 42 43
23 30 40 43
10 28 47 42
6 21 39 11
14 32 48 36
10 14 28 45
19 38 45 11
0 35 41 33
18 0 44 7
15 31 45 11
37 26 45 43
0 46 47 13
14 31 41 42
35 10 43 42
13 27 49 14
36 20 48 35
47 36 43 44
44 0 43 20
22 35 47 16
1 19 20 4
29 31 29 41
8 41 45 17
20 44 49 13
9 37 47 39
35 19 42 10
47 5 42 35
20 29 47 39
9 35 8 5
13 37 49 13
41 17 45 48
41 28 42 39
3 47 42 37
43 32 40 11
33 26 46 40
36 22 41 44
12 31 41 17
16 30 49 39
9 32 42 19
14 32 40 43
20 45 16 9
29 41 41 14
42 22 45 19
16 34 42 43
28 44 44 35
12 34 44 17
5 34 42 39
26 41 41 18
28 21 46 11
46 21 49 48
27 30 32 16
32 34 49 43
34 12 42 36
17 36 41 9
10 24 48 40
30 13 45 7
10 35 43 43
4 42 5 4
15 40 23 47
12 12 48 37
13 32 42 44
43 31 45 16
19 29 33 9
29 30 42 16
27 26 39 6
5 33 48 40
0 17 45 18
27 24 48 11
2 25 44 48
48 5 47 42
19 43 49 37
14 17 44 26
12 36 41 39
47 28 11 10
43 24 46 35
35 22 46 47
32 40 19 40
2 35 24 38
7 36 42 42
15 38 44 39
5 33 47 14
48 26 44 8
0 27 48 39
29 35 46 42
38 26 47 34
10 34 41 43
7 36 41 12
10 37 4 5
10 40 35 18
40 29 43 43
17 35 46 12
5 21 47 34
12 36 47 19
14 35 47 5
12 34 45 46
45 24 26 13
32 25 44 15
12 25 29 3
16 34 46 13
49 12 43 10
9 28 43 16
10 34 44 17
13 34 47 17
46 18 41 34
31 47 48 40
35 24 49 17
49 19 41 6
5 23 11 42
8 35 48 5
11 34 42 18
3 42 48 46
14 12 3 15
18 19 44 12
30 20 46 14
34 3 42 10
8 38 42 12
18 33 41 17
13 35 46 17
25 40 11 7
22 34 41 47
49 12 42 14
22 31 44 48
9 26 40 11
10 32 47 16
7 46 43 15
32 27 48 17
17 32 40 16
39 30 19 6
15 37 40 11
11 30 44 17
45 43 46 12
10 32 45 14
12 39 43 36
10 37 42 38
13 35 46 38
22 13 45 13
49 38 42 20
31 1 21 48
10 33 32 12
37 28 45 46
34 9 48 38
34 34 46 33
16 17 43 49
18 37 27 30
16 38 48 16
41 15 32 11
33 39 2 43
13 35 48 42
33 47 31 0
0 37 46 44
10 48 46 17
3 27 48 38
36 34 46 48
41 4 45 21
36 31 41 5
32 5 49 14
12 33 45 14
12 35 48 14
37 20 45 43
25 9 47 42
13 6 46 43
14 30 46 48
6 22 48 47
29 6 43 47
10 46 44 40
3 40 43 42
14 24 49 13
12 28 47 39
12 39 40 39
48 6 46 32
31 8 43 39
14 33 47 9
48 18 43 17
14 26 12 6
11 23 45 39
3 24 44 44
5 16 45 5
27 25 28 18
37 1 48 9
31 30 46 15
32 2 42 18
12 47 42 20
15 37 45 13
14 36 45 12
27 8 43 39
29 16 40 12
22 1 29 9
14 33 9 38
31 33 18 36
37 25 44 37
12 45 45 41
9 32 47 44
30 16 44 45
28 4 12 42
16 37 3 13
28 5 46 21
31 14 49 19
28 32 40 19
19 38 48 40
6 39 1 0
28 19 42 14
36 19 44 41
12 35 33 28
31 23 49 32
29 27 47 42
24 47 42 16
13 37 45 44
28 7 45 17
10 33 47 16
8 27 47 20
10 35 8 2
47 5 48 36
33 14 47 43
14 33 28 31
37 7 47 40
8 40 47 11
20 39 41 43
19 17 46 41
46 30 44 42
9 33 46 17
6 33 35 24
32 30 48 17
10 33 42 39
9 34 47 9
11 34 47 17
35 16 44 43
34 13 46 49
36 27 49 20
17 39 49 37
14 31 49 12
43 28 47 13
35 35 40 16
1 36 47 45
5 36 47 42
17 22 42 20
5 34 49 9
10 35 18 43
48 33 40 14
19 27 45 15
12 38 42 15
4 47 39 30
34 45 40 13
39 49 48 22
36 24 43 19
30 25 41 38
12 36 39 24
12 34 39 13
15 35 8 47
21 32 44 16
35 29 45 13
36 19 49 42
47 39 26 46
11 35 45 11
12 33 47 42
8 43 47 20
39 40 45 41
26 19 47 41
12 36 45 20
7 41 49 23
36 38 47 18
29 49 43 43
12 31 44 13
13 35 44 16
12 39 0 49
2 43 41 18
18 35 31 23
24 17 42 48
17 35 45 37
10 21 45 35
40 31 47 47
13 33 49 44
40 24 42 43
26 10 17 39
47 23 45 42
32 25 23 1
7 31 42 13
19 41 37 23
15 30 39 21
34 30 46 36
26 19 45 38
7 21 13 4
16 34 38 43
2 34 45 13
22 48 10 12
8 40 42 20
16 24 46 47
19 32 45 5
6 18 47 47
3 49 47 15
12 37 46 1
10 40 2 39
43 29 42 24
41 18 43 40
35 7 48 9
16 27 46 15
45 32 49 13
8 16 42 43
15 20 7 7
13 32 43 15
1 46 45 16
16 46 44 35
40 40 42 15
13 28 48 14
39 37 46 13
47 25 49 43
46 26 48 40
29 35 30 18
5 32 44 48
13 44 43 44
40 21 5 3
12 35 48 8
44 41 43 9
39 23 39 12
8 31 44 14
18 33 46 13
14 31 46 39
26 13 45 15
47 37 18 3
13 32 14 42
12 39 46 44
13 39 14 45
11 34 12 6
11 29 43 13
38 34 47 43
5 27 30 31
31 38 47 35
27 16 32 44
14 28 8 6
10 38 40 37
11 32 46 44
27 37 31 41
28 11 16 37
9 34 41 37
26 6 46 35
19 18 46 7
26 28 43 40
4 42 46 15
13 39 47 10
5 31 47 43
12 34 36 3
16 24 8 6
17 46 48 14
20 38 41 33
26 37 26 47
41 30 45 29
38 20 35 6
0 32 40 12
11 33 39 2
36 39 12 45
38 18 48 41
18 26 42 43
35 12 48 42
34 30 46 14
40 23 45 35
48 30 47 13
38 17 49 32
8 35 44 43
40 20 6 8
12 31 45 46
10 22 46 47
18 37 45 21
45 40 41 44
14 34 44 16
15 32 41 35
29 14 48 35
17 37 44 48
38 19 9 15
12 34 14 47
44 39 48 17
17 22 45 23
13 34 48 10
13 37 12 23
8 30 46 10
35 0 47 44
42 10 45 15
13 38 45 48
9 35 48 12
48 11 11 15
17 37 14 49
12 32 39 30
2 44 1 4
37 45 8 5
4 31 46 8
42 14 47 11
7 23 48 32
39 30 49 15
44 31 41 36
12 36 42 9
15 16 41 13
31 7 35 4
44 43 47 14
43 4 46 42
29 39 47 39
45 25 48 16
34 11 44 17
8 34 48 42
13 38 49 38
13 31 47 16
5 44 49 30
14 33 18 6
24 34 47 17
11 32 49 44
8 26 44 43
24 23 39 8
3 29 48 1
12 30 42 41
7 40 46 16
38 30 46 34
6 43 48 38
10 20 22 49
2 29 48 43
14 25 1 15
9 33 43 14
20 25 47 39
20 24 48 36
47 20 19 9
43 17 13 5
38 20 49 45
10 39 41 41
12 36 45 20
3 35 47 39
17 32 49 38
11 37 41 17
7 33 47 40
8 33 46 13
0 38 36 12
8 42 44 39
8 36 47 19
12 32 43 41
15 37 39 15
15 35 44 12
12 36 44 43
45 15 40 22
22 17 9 5
14 34 46 7
7 37 46 12
15 33 43 37
23 5 43 16
6 38 12 40
9 29 49 5
11 30 37 12
0 36 46 13
6 25 45 17
3 29 39 24
44 26 43 14
43 14 40 27
12 37 45 5
18 17 49 44
2 38 49 12
15 36 45 15
13 34 21 28
15 38 45 40
7 23 42 44
19 42 47 42
10 31 44 37
6 39 47 8
5 43 47 38
16 25 30 24
9 33 42 46
18 35 46 41
11 31 43 36
3 35 37 11
28 27 21 33
8 30 45 11
19 30 43 17
34 17 42 12
14 37 42 38
15 36 48 12
20 23 39 14
13 34 18 0
4 32 48 15
10 18 45 45
18 34 47 8
7 40 18 20
12 32 43 41
25 26 38 12
19 30 42 16
20 36 46 12
16 30 46 11
33 16 46 41
13 40 47 43
49 36 5 0
46 35 20 37
31 26 47 44
15 36 44 41
8 43 48 25
4 37 46 38
0 40 48 41
11 35 40 0
27 25 49 15
13 38 41 26
15 26 49 38
18 40 47 37
44 9 19 40
10 18 47 7
10 30 44 38
19 44 42 42
45 6 47 14
26 45 43 36
12 36 48 26
26 32 43 26
46 49 32 41
7 22 46 42
12 27 47 44
10 35 46 14
37 21 47 12
13 32 5 2
47 24 28 15
15 36 48 14
29 33 43 17
9 36 41 11
14 31 21 11
12 34 48 46
6 29 38 16
13 27 48 47
2 40 37 5
21 41 46 12
2 24 4 0
26 29 48 9
9 39 44 40
48 22 42 15
7 36 47 18
7 32 41 39
10 38 47 49
34 15 46 15
12 33 46 14
12 33 47 36
17 35 46 40
8 43 42 15
27 29 46 39
30 35 43 37
8 31 7 13
7 29 37 13
28 29 27 3
35 13 47 39
31 28 37 16
39 10 47 4
17 22 5 14
15 36 47 16
13 12 42 13
36 37 48 42
6 35 47 15
11 36 40 15
46 14 47 39
29 26 47 43
15 36 48 43
46 24 43 42
38 12 49 14
