50 215 14789 800
30 22 13 7
26 20 38 0
47 42 24 22
0 29 6 28
8 5 23 22
4 39 35 1
31 14 16 42
28 21 20 21
4 45 41 15
29 20 44 20
7 22 7 27
35 23 6 26
30 17 49 22
31 19 42 27
28 38 39 18
37 9 7 11
19 45 9 0
0 44 12 10
3 21 4 14
4 42 37 39
30 17 6 14
21 26 11 17
34 11 24 35
4 29 47 47
3 21 27 14
10 5 5 24
8 44 6 11
29 15 31 5
2 19 12 20
14 46 21 29
2 35 23 36
32 17 41 4
7 5 4 22
27 13 24 7
32 14 3 8
23 8 14 22
7 23 36 4
15 42 37 5
9 40 37 4
10 35 2 9
5 8 34 17
24 20 4 7
27 16 48 39
45 41 44 8
0 45 49 32
11 44 34 25
2 18 1 3
12 38 16 14
21 20 49 41
20 26 37 14
11 33 1 1
43 40 41 31
19 43 14 12
8 1 40 2
32 13 34 43
9 42 9 2
9 45 5 8
8 17 42 33
47 38 16 15
7 41 17 36
21 14 32 49
39 24 14 8
49 2 45 9
6 34 0 29
16 5 14 0
26 18 47 39
22 17 9 19
40 33 41 12
30 14 23 39
41 13 32 16
14 44 34 19
33 7 32 17
4 20 45 1
2 45 39 1
30 12 47 0
12 27 24 42
6 10 21 14
17 34 23 16
44 35 49 11
4 37 19 39
30 16 17 25
13 33 20 42
30 19 44 25
5 16 35 40
10 46 32 19
27 25 25 16
24 47 28 13
28 20 35 11
35 16 1 5
28 27 11 8
28 13 39 31
18 14 10 21
8 38 10 25
11 38 44 2
10 38 13 17
21 24 35 26
47 44 40 0
6 40 22 25
32 13 20 38
31 16 40 1
8 18 34 16
9 44 39 7
25 18 34 18
27 13 26 1
6 36 8 26
38 14 17 34
3 38 38 21
20 21 22 35
26 26 14 25
7 49 38 34
10 39 5 11
14 49 36 1
9 34 23 28
14 1 34 42
3 42 10 14
29 22 39 20
16 37 33 21
10 10 14 9
39 26 32 10
28 11 8 14
2 35 39 29
5 47 30 9
5 18 7 4
7 32 4 11
33 22 23 29
47 37 7 8
14 38 16 10
22 19 28 6
23 25 2 46
24 13 40 18
16 31 40 25
33 13 15 10
4 48 31 49
26 18 36 25
43 33 31 12
10 23 14 16
35 23 43 17
20 14 28 17
21 18 8 25
10 39 27 28
19 39 6 24
6 19 38 15
16 19 6 28
14 4 21 39
24 18 28 15
10 37 48 14
7 38 20 24
6 35 29 29
28 21 23 38
11 42 19 16
37 10 38 24
25 14 41 22
17 47 5 14
7 30 42 7
8 34 33 37
6 33 17 25
20 46 4 25
30 13 46 5
41 47 7 0
7 49 37 5
7 36 14 10
29 14 29 32
17 0 31 33
1 40 10 11
28 21 14 15
2 44 33 16
2 28 14 22
10 42 36 33
9 36 33 15
27 22 11 35
4 23 17 13
11 43 12 5
0 49 9 34
33 4 18 44
4 37 16 7
21 24 11 6
1 47 44 6
1 33 4 26
0 6 41 7
9 36 20 23
28 25 24 18
9 33 39 27
28 14 18 10
15 39 39 16
30 15 22 7
3 20 16 29
10 44 25 40
14 10 38 24
4 37 42 18
10 6 40 10
32 21 40 28
33 15 31 31
12 40 35 14
21 34 17 2
15 20 30 33
0 43 3 30
11 31 40 6
11 14 18 10
11 39 8 13
9 34 14 10
4 31 18 24
11 32 2 23
3 37 29 37
24 22 35 43
22 40 37 36
26 22 1 10
25 16 37 24
28 7 36 39
23 14 46 26
10 34 38 5
12 44 47 17
30 10 40 41
12 35 37 36
30 8 41 17
34 17 27 7
