50 101 14099 800
11 40 33 6
11 40 31 5
10 41 32 2
24 38 44 36
1 5 34 5
26 36 27 18
30 40 46 0
3 19 33 7
8 9 14 42
35 33 32 9
19 37 5 39
29 19 29 3
25 37 37 25
36 37 33 6
18 23 6 7
17 1 29 6
2 48 26 5
14 11 23 32
2 36 27 0
43 38 28 36
17 32 30 23
29 32 4 15
28 38 13 6
19 23 27 28
14 37 25 33
28 38 19 36
12 26 10 2
5 38 26 0
29 32 39 8
16 35 42 41
10 40 34 34
9 23 30 1
6 1 1 27
15 40 17 17
2 15 46 30
3 29 39 35
10 0 48 29
2 19 22 11
7 32 49 35
29 36 29 6
10 10 46 2
10 36 32 7
35 33 37 24
11 42 31 3
10 30 11 35
37 17 25 46
12 37 31 8
23 29 31 13
12 42 18 38
49 39 39 44
11 43 24 13
13 33 32 7
10 38 38 35
35 28 14 25
34 22 29 3
10 27 47 39
13 37 31 4
0 4 18 7
29 2 30 8
17 36 32 8
17 8 31 4
9 9 35 32
15 24 4 38
7 6 30 2
18 32 12 2
14 12 20 11
32 31 23 37
3 21 42 25
24 27 32 9
16 24 31 9
37 37 7 7
28 16 26 36
29 31 12 43
11 37 31 10
7 31 22 30
16 24 38 21
1 4 37 25
20 21 29 22
14 40 28 33
37 25 39 22
30 42 48 38
7 2 23 39
16 21 28 5
3 6 24 1
18 17 19 37
14 42 46 29
7 20 16 27
14 45 14 3
34 24 27 26
29 34 31 43
15 40 43 11
11 39 30 4
16 33 41 36
19 40 23 39
35 41 16 20
15 18 28 29
37 25 44 29
34 40 43 26
13 37 23 29
34 41 31 21
30 29 31 7
