50 378 16141 800
6 14 8 41
13 41 32 39
8 23 14 9
25 23 9 38
13 18 24 12
14 21 24 45
43 23 24 43
18 25 13 1
20 40 21 18
9 30 25 20
1 49 5 14
11 17 25 11
7 14 27 21
7 47 12 21
17 29 1 17
14 24 15 35
13 19 19 19
20 21 42 7
26 40 23 19
13 31 6 12
39 17 40 24
9 7 23 24
15 24 15 2
44 26 10 7
27 26 9 9
15 21 36 17
10 49 42 34
15 40 22 21
13 44 10 36
27 16 26 9
8 30 33 35
19 26 32 13
21 24 21 14
30 12 25 8
12 22 7 28
10 18 3 16
14 26 28 46
7 38 2 14
20 34 26 28
12 26 35 25
19 46 34 1
11 38 32 10
35 25 1 16
3 42 24 6
32 27 35 14
26 31 21 29
23 47 30 11
23 11 28 10
23 21 1 7
9 46 10 19
14 27 49 21
17 34 30 8
16 12 29 20
38 29 3 18
24 20 8 11
18 21 23 31
6 26 23 21
29 26 6 43
4 44 43 14
14 15 26 18
3 43 0 13
41 16 18 5
26 39 15 23
47 16 43 40
29 25 15 17
45 12 18 18
22 17 30 17
10 16 15 19
9 18 7 21
15 42 4 16
26 29 19 6
24 21 19 28
11 32 21 31
25 43 41 21
23 27 29 41
16 20 28 16
6 30 40 25
4 35 13 28
1 43 5 14
9 40 20 15
20 34 7 14
10 25 6 38
19 33 24 25
3 12 14 12
33 29 16 39
10 28 16 7
11 47 35 12
10 37 12 9
3 49 29 11
31 29 19 10
0 48 3 16
7 36 41 38
9 24 28 9
23 41 26 30
10 45 23 18
33 46 30 11
43 27 24 14
28 20 15 5
7 31 1 10
1 33 43 19
13 17 35 25
12 40 34 0
7 14 8 33
5 42 42 32
0 24 18 14
33 38 10 14
34 10 23 4
8 35 11 33
28 12 32 13
12 34 6 22
21 13 37 44
16 44 8 17
31 47 15 9
15 42 28 10
42 37 7 9
19 43 24 17
16 36 11 9
9 48 19 12
41 25 19 22
36 48 22 9
21 17 38 17
7 43 31 22
7 28 18 8
13 22 36 24
21 31 9 37
9 35 23 13
24 6 34 15
16 25 25 28
7 41 21 19
11 22 20 1
41 20 20 25
28 14 7 20
20 20 11 20
13 28 2 16
6 37 21 4
41 20 13 14
2 14 6 30
9 7 22 12
10 27 29 9
8 49 16 30
15 20 23 17
31 26 1 27
17 44 42 26
5 29 33 49
8 21 14 30
48 33 9 13
15 21 26 13
17 35 29 43
20 19 44 38
35 18 25 9
48 13 0 16
22 34 27 21
3 24 30 3
9 11 21 27
10 32 16 20
5 24 34 25
7 21 16 7
9 9 17 16
13 46 28 44
46 14 2 12
24 21 3 12
21 31 23 9
8 10 24 11
7 22 20 39
22 16 22 7
31 19 16 11
3 42 31 14
21 7 40 21
7 48 46 12
4 34 6 7
17 36 15 7
18 36 21 4
43 36 14 11
13 25 18 32
11 41 9 13
22 23 31 14
17 37 2 11
11 21 33 39
11 46 26 49
18 22 33 13
43 13 18 37
14 37 16 6
12 7 37 25
13 14 20 14
2 21 26 13
29 47 31 20
7 37 7 5
11 15 11 49
49 21 35 9
8 37 24 22
16 13 14 25
27 20 3 14
20 30 37 26
9 17 38 17
19 4 14 7
23 35 23 12
19 44 13 19
13 20 0 11
6 8 11 15
13 17 14 8
13 20 18 6
20 28 36 38
28 25 21 11
8 13 31 23
2 45 17 29
11 17 2 10
27 15 33 33
9 15 19 20
6 30 23 7
11 22 10 32
13 27 13 41
26 23 5 10
7 19 21 25
5 43 15 26
12 39 1 14
19 4 9 20
29 18 22 27
0 41 20 0
4 48 30 16
11 49 23 11
8 13 19 18
17 47 20 42
2 24 18 3
24 38 13 39
18 20 15 5
8 49 7 18
22 36 41 47
19 38 6 25
27 48 0 9
30 22 35 34
25 16 15 8
26 19 30 4
7 17 33 29
26 16 24 21
7 46 24 15
34 16 19 36
35 13 5 12
28 23 21 5
23 47 33 15
24 37 14 9
24 29 28 7
17 16 24 13
26 6 42 32
27 20 27 9
6 31 21 8
6 34 34 37
9 30 19 24
5 42 37 12
17 9 37 16
20 27 12 40
18 46 9 8
22 15 24 25
21 13 30 35
7 17 34 26
5 47 17 12
1 29 32 2
9 27 17 33
14 21 41 25
8 30 10 24
9 16 18 3
33 37 34 2
10 20 17 19
12 18 2 17
5 25 28 45
1 30 38 42
25 28 13 17
10 26 31 22
24 19 38 42
6 22 8 36
6 28 16 0
20 3 29 20
14 44 2 9
15 35 31 47
29 34 4 17
10 21 11 4
48 28 36 15
28 47 30 6
7 44 24 28
9 13 12 19
8 49 12 33
14 33 23 15
14 15 17 35
31 19 26 38
12 21 30 11
28 18 22 2
14 35 44 49
16 39 14 18
13 17 19 21
7 42 19 34
18 21 22 8
12 15 6 15
22 21 16 11
19 29 18 14
45 48 8 37
40 43 30 8
3 49 41 3
7 34 33 37
16 30 14 20
13 7 36 22
18 41 16 22
7 38 5 11
10 45 5 2
5 42 10 15
23 19 8 44
17 22 32 22
16 23 25 27
12 34 31 2
25 14 9 35
23 26 26 22
8 34 13 43
12 28 33 10
24 24 36 22
4 14 29 33
15 12 14 44
1 40 39 9
9 23 18 12
19 21 27 13
5 37 10 4
8 32 1 11
42 37 34 28
9 24 22 7
4 19 0 44
16 22 11 30
16 17 12 4
32 13 17 20
16 15 28 19
16 38 46 11
20 16 33 9
32 22 31 27
12 34 30 43
15 21 34 3
13 26 29 26
4 22 23 13
24 24 25 5
14 13 24 41
7 15 43 35
12 22 15 4
17 16 20 38
12 20 46 32
9 7 47 16
17 20 16 2
3 48 2 13
9 40 34 37
12 29 31 28
25 15 30 28
16 19 22 19
18 43 3 19
23 37 9 42
37 39 49 16
20 20 9 9
12 19 14 34
29 35 8 36
8 36 28 5
4 48 10 3
38 24 23 41
1 36 14 35
18 18 30 21
8 15 26 13
21 22 32 32
13 27 8 17
14 5 45 18
14 31 14 26
26 22 3 13
13 38 23 13
21 20 0 9
6 27 19 16
8 30 20 34
24 21 19 36
8 46 26 8
46 28 22 6
9 19 27 24
12 21 32 14
10 29 17 27
9 31 24 15
12 17 33 4
11 19 17 42
5 18 16 19
8 29 28 49
