50 1286 13390 800
36 23 29 6
17 48 2 5
21 48 16 41
7 28 2 33
23 41 32 36
10 35 41 28
34 6 18 11
46 9 37 23
40 11 10 30
6 31 0 6
25 27 4 45
23 47 16 39
21 47 34 25
43 9 7 48
31 30 29 27
18 24 6 0
25 29 34 38
17 42 25 28
36 12 7 17
7 38 23 45
46 9 21 12
15 47 14 5
7 21 19 30
8 32 19 44
23 48 27 40
35 22 42 46
28 45 40 41
19 25 5 5
8 21 25 12
29 26 41 41
3 27 18 39
25 46 3 7
40 31 47 43
40 16 5 38
19 49 22 9
21 43 18 47
42 1 26 24
12 29 8 4
39 9 44 45
26 5 37 29
5 30 32 29
4 16 43 33
17 46 33 41
6 31 21 40
21 42 43 36
20 48 48 44
16 47 14 30
28 36 23 17
8 16 18 42
25 43 38 43
1 31 25 10
4 34 3 9
31 23 4 41
11 32 0 46
19 4 35 31
42 9 13 42
28 24 15 45
18 31 2 36
37 3 22 28
21 47 18 3
10 38 19 48
23 48 14 42
15 29 0 3
0 20 46 31
12 40 15 32
2 38 39 32
9 15 14 41
42 3 12 39
10 34 39 43
37 36 5 46
36 19 11 17
2 9 26 38
7 32 35 39
6 32 1 5
27 39 24 0
6 35 2 9
23 31 9 37
39 31 10 34
5 36 43 35
27 34 29 14
28 0 29 24
45 5 35 32
43 10 15 9
22 12 24 4
3 29 46 31
27 44 0 39
28 31 23 35
11 41 30 2
5 28 46 37
5 32 24 3
5 27 29 34
5 34 44 12
5 31 26 24
26 31 2 7
20 40 4 42
26 43 13 46
41 9 19 39
20 44 23 25
0 36 25 33
39 13 45 26
1 30 1 3
42 4 38 34
8 17 1 10
5 31 14 11
11 7 4 35
3 35 11 11
19 28 19 3
44 14 44 19
18 44 12 27
4 35 32 2
15 26 40 41
1 27 10 36
9 22 12 24
38 1 8 47
21 48 25 37
3 15 13 10
34 34 0 3
22 21 30 31
23 31 17 21
1 34 20 13
21 45 20 19
2 19 5 38
18 49 13 43
29 21 27 35
23 29 1 7
18 43 8 32
18 47 28 28
47 6 0 44
22 45 1 7
44 1 19 5
20 48 43 25
16 46 10 25
37 2 12 38
18 48 11 31
25 44 11 40
6 40 9 34
7 32 3 7
34 31 0 3
24 47 47 31
21 43 13 2
19 45 7 38
10 18 12 36
22 45 2 4
26 46 44 39
31 49 20 6
26 47 0 4
40 2 4 28
40 3 0 9
2 33 22 43
23 48 14 2
29 38 2 20
4 26 6 40
48 11 25 24
35 14 12 26
4 25 44 29
25 49 8 22
36 34 1 41
41 5 3 2
20 22 28 33
49 5 0 31
45 1 43 40
23 46 22 32
40 5 2 39
46 7 36 5
25 46 19 16
0 27 25 45
13 34 17 41
31 8 43 42
3 26 28 15
47 16 39 35
36 18 40 47
37 13 19 17
3 29 12 13
9 31 36 35
0 35 14 23
49 1 3 3
18 47 12 41
3 41 40 47
35 35 26 42
18 47 11 3
19 46 41 41
3 7 20 45
39 10 31 15
41 5 1 8
11 42 18 37
38 6 27 37
5 27 12 7
28 33 15 8
26 49 1 4
1 31 15 39
38 1 41 48
45 35 44 42
2 37 39 43
21 48 23 33
20 29 17 36
16 41 47 39
12 30 6 41
45 25 23 38
22 43 40 15
16 42 23 39
14 9 2 18
43 9 30 8
18 47 49 25
7 31 42 33
1 32 6 8
30 35 43 35
40 26 4 15
16 41 23 29
18 39 6 15
32 3 5 24
2 25 9 37
47 1 6 42
1 31 15 11
43 31 8 1
19 40 4 15
3 34 14 42
38 22 20 45
11 36 43 32
3 34 11 33
27 40 8 35
2 29 41 34
14 44 4 8
2 35 9 6
37 14 13 2
42 1 3 40
15 44 2 3
10 28 4 4
2 29 7 37
46 19 43 39
25 48 5 5
7 14 18 38
2 36 41 44
4 33 9 30
4 32 3 6
4 30 40 30
22 48 16 11
44 6 31 43
27 47 21 42
5 37 20 27
7 20 7 10
6 40 24 2
19 48 9 18
28 0 15 8
28 45 23 41
29 35 9 9
0 24 17 37
22 47 10 20
3 24 2 3
6 31 35 33
3 41 4 9
26 31 21 32
45 4 21 40
22 47 48 33
9 44 46 32
11 23 34 30
6 20 2 4
36 32 37 12
23 45 18 9
37 10 30 43
0 24 33 8
3 19 4 42
21 49 28 25
16 33 13 1
32 38 25 41
25 6 20 2
30 15 19 47
23 34 20 30
20 46 45 33
29 28 1 6
2 31 9 11
18 47 25 26
13 48 3 35
4 15 6 35
46 6 19 27
12 43 13 39
25 21 3 3
44 4 49 37
40 38 19 45
17 32 41 47
17 49 21 14
35 11 20 19
2 15 41 38
1 38 28 21
23 21 13 35
1 28 4 6
22 28 17 42
13 41 18 30
2 29 13 30
47 13 18 27
17 43 4 8
5 10 36 42
15 46 11 48
2 35 19 18
8 34 0 7
24 27 20 41
19 41 41 38
18 32 9 41
28 28 7 2
18 45 34 44
8 32 37 36
12 16 11 45
44 1 3 3
27 34 42 40
39 3 40 30
32 28 39 35
32 1 47 37
17 43 3 2
7 35 0 1
19 42 43 33
44 2 2 10
48 0 11 7
4 38 13 43
4 11 0 24
31 31 18 6
20 43 5 41
6 17 9 4
24 40 0 5
27 36 18 40
0 34 47 43
10 44 33 38
27 39 31 5
16 33 1 35
16 46 44 39
20 36 2 4
8 36 7 31
46 9 0 7
21 41 4 17
18 49 21 0
9 36 33 37
11 8 43 2
45 0 6 23
19 47 3 38
18 45 22 44
8 21 4 4
39 3 15 43
6 25 49 14
1 32 12 1
6 30 0 41
14 29 42 45
16 45 23 11
5 12 3 4
25 29 5 5
41 12 10 39
19 46 13 31
1 37 16 18
8 23 4 27
19 44 37 45
6 41 48 34
45 32 1 9
33 12 23 26
10 38 14 14
18 39 15 1
11 19 0 1
18 45 12 27
22 47 31 44
30 26 32 47
37 13 14 37
49 8 20 43
30 32 4 43
21 47 34 2
21 45 6 39
1 27 25 14
6 35 29 35
24 25 42 47
6 33 7 40
33 31 6 7
3 36 17 16
19 26 19 8
24 3 6 38
0 34 33 12
10 44 18 4
2 19 38 6
23 44 0 7
1 36 12 0
10 24 10 6
36 47 9 48
3 39 2 12
18 38 45 27
27 48 1 4
7 33 21 37
0 17 10 10
20 35 29 22
26 37 48 33
33 22 30 32
0 13 6 36
17 48 0 37
37 7 46 36
28 9 47 39
23 16 8 47
30 40 7 38
5 35 46 34
19 45 7 39
24 48 20 39
3 31 13 14
29 2 6 34
23 48 20 43
36 24 16 7
20 42 26 7
48 11 21 48
26 36 32 41
18 47 0 3
18 25 5 16
49 19 6 28
35 49 29 3
18 8 8 22
4 36 42 36
40 46 5 47
4 33 43 37
7 27 17 36
48 13 0 5
20 7 19 15
6 29 15 35
43 10 16 36
12 43 3 5
6 26 0 2
41 24 35 26
37 33 35 44
32 38 38 33
47 9 27 23
1 24 5 36
48 6 14 45
16 6 46 49
19 49 37 46
7 29 31 33
47 3 22 38
17 48 40 14
21 45 44 38
5 35 47 38
2 6 25 24
1 27 1 4
25 43 8 40
11 36 38 45
34 1 11 6
27 40 26 1
16 32 43 39
19 15 1 10
14 48 20 35
21 43 10 30
21 36 46 41
40 0 40 29
10 23 46 40
37 41 27 6
5 17 33 32
6 36 37 42
3 32 34 42
24 41 10 45
47 5 14 11
11 29 44 36
18 49 5 37
45 9 24 21
3 5 43 28
15 40 39 42
9 36 38 29
27 18 18 3
11 34 22 26
38 9 4 0
40 0 10 40
0 29 6 35
30 26 1 39
48 0 31 38
38 35 21 32
42 13 19 24
12 20 0 23
37 10 14 42
43 8 19 17
33 12 1 2
18 24 39 13
12 43 7 40
22 45 15 34
18 49 10 32
3 37 43 39
36 33 47 38
32 44 11 39
3 30 4 38
10 26 42 40
1 33 18 28
0 21 16 2
12 25 2 6
23 32 16 4
5 32 29 22
32 36 9 1
5 25 4 40
5 37 25 49
38 47 40 22
24 46 14 23
31 43 36 27
3 17 8 37
16 49 17 30
5 29 47 37
19 46 5 13
35 37 19 42
16 49 4 1
7 23 28 2
13 40 3 4
30 40 3 30
17 34 12 38
20 49 20 11
38 4 2 7
43 22 24 29
35 38 46 45
19 48 23 43
5 30 15 18
0 47 35 17
29 21 1 33
26 45 7 32
2 30 14 4
24 40 36 39
31 24 28 2
6 24 26 24
4 31 44 31
25 37 25 43
26 49 3 4
32 32 5 30
24 22 20 17
45 11 28 39
10 34 20 42
2 31 19 41
17 46 14 49
2 25 12 34
3 38 16 29
1 28 37 49
21 43 35 45
0 30 43 38
1 29 13 5
13 16 34 1
23 43 34 33
4 30 3 3
10 15 38 46
18 48 25 4
36 8 5 32
10 32 2 4
26 8 44 40
3 38 10 40
19 35 8 32
32 41 18 11
3 11 43 42
36 2 2 6
48 0 23 9
44 1 6 4
10 42 38 33
17 47 29 41
19 21 38 47
30 32 0 2
20 13 3 35
19 44 31 29
8 33 34 28
3 31 21 3
18 24 47 37
5 33 25 41
21 31 23 42
28 5 17 30
2 27 25 19
21 49 0 3
0 25 4 27
34 11 28 16
20 25 37 5
7 39 22 1
19 48 1 9
21 33 15 26
10 21 29 40
16 48 38 47
24 36 22 8
22 47 44 44
3 30 37 47
14 18 9 7
13 25 13 7
36 2 5 3
30 29 36 30
36 15 17 39
19 46 24 38
2 45 17 38
19 25 9 45
45 6 28 29
2 29 34 41
22 25 45 43
12 35 47 44
22 40 1 8
1 35 41 42
40 3 34 42
28 3 0 7
26 39 2 43
45 42 19 9
17 43 44 30
19 49 20 21
3 45 15 34
38 29 2 5
20 46 31 30
47 4 23 26
1 30 21 33
46 6 19 43
19 32 10 36
0 28 22 35
42 35 35 27
3 7 17 25
2 35 32 21
16 4 17 42
12 45 26 2
23 47 10 42
27 29 0 5
0 38 39 37
46 26 43 45
22 29 5 42
24 47 12 32
2 33 24 25
38 18 0 11
1 34 11 47
35 3 36 44
0 35 12 28
9 23 19 40
39 4 42 29
22 48 28 43
21 35 6 16
19 46 27 49
5 25 39 43
18 45 37 36
37 10 21 3
1 32 45 29
28 32 37 41
1 29 45 34
42 22 16 39
20 45 8 49
17 49 43 30
46 6 30 26
34 30 2 5
19 9 38 35
0 35 47 36
4 26 31 40
6 33 33 22
27 48 43 19
29 35 4 46
22 42 6 43
24 21 7 12
49 13 17 5
45 6 37 33
19 43 36 37
7 33 0 9
16 44 12 48
20 46 3 4
28 37 46 27
6 17 5 35
19 49 2 41
13 28 18 2
38 41 10 43
5 30 6 42
21 41 46 40
27 39 1 7
14 31 2 6
36 3 11 41
44 16 39 34
26 33 2 37
25 27 2 4
11 38 19 18
15 47 27 28
10 34 3 7
34 31 25 10
22 47 37 47
19 45 40 42
5 35 0 6
1 28 7 1
7 27 7 10
1 32 11 16
21 12 29 33
9 30 37 22
6 36 5 26
46 3 4 1
3 31 48 36
8 30 1 2
33 49 7 5
18 46 12 33
25 41 42 8
3 33 3 39
18 48 19 40
7 25 43 40
2 30 8 25
5 32 32 26
48 3 22 38
7 29 6 19
4 26 11 37
3 30 25 4
5 33 44 38
32 5 11 40
27 33 8 42
22 49 22 32
23 20 16 10
18 47 9 4
18 44 22 38
19 37 2 37
5 33 45 40
15 47 1 3
28 29 42 48
34 40 1 7
28 36 38 10
22 47 5 33
47 2 10 32
9 24 41 2
11 30 40 33
46 6 6 16
6 37 37 41
22 48 28 3
13 14 17 9
20 48 0 10
0 34 7 14
44 48 11 45
42 0 39 39
19 44 3 3
3 34 1 4
49 11 5 41
0 30 5 7
1 21 19 42
16 47 45 33
0 27 23 2
8 23 3 41
1 30 16 38
8 30 1 32
3 23 10 4
40 30 34 10
3 31 23 28
7 35 40 33
35 23 15 38
49 3 37 23
21 49 25 8
4 30 37 35
29 16 39 39
33 8 48 30
23 47 3 5
25 33 19 37
29 42 45 28
19 30 4 11
7 27 35 22
46 2 3 31
16 38 36 29
14 47 1 7
17 43 20 0
3 27 22 39
13 49 8 25
17 48 9 46
20 5 34 46
19 41 11 31
36 8 24 29
20 34 2 24
43 4 48 41
4 31 0 3
25 42 10 0
39 8 34 41
31 28 10 41
18 43 38 46
21 42 12 17
19 49 42 47
25 46 3 16
22 39 35 43
46 2 16 30
24 26 32 38
38 30 23 20
0 33 12 10
4 36 0 0
4 28 11 43
42 1 33 40
41 9 16 41
22 44 4 2
17 49 34 35
39 0 38 46
7 47 31 14
49 17 29 32
26 41 21 27
0 37 42 40
22 48 37 20
11 18 31 33
19 46 7 43
26 4 21 14
18 48 39 32
33 9 12 40
19 40 9 45
27 21 10 40
24 44 1 5
4 30 22 49
21 39 21 4
2 27 39 28
4 30 48 27
36 8 7 37
3 21 8 32
5 31 2 11
46 20 0 8
42 37 29 33
16 48 5 14
27 5 14 31
23 14 42 34
2 19 6 34
25 45 6 15
47 5 15 2
17 46 6 44
23 27 41 13
4 28 3 37
45 1 42 45
2 19 29 38
4 26 14 37
25 47 39 37
0 29 36 22
46 1 12 8
40 31 4 8
25 35 16 19
3 27 34 39
4 32 18 21
25 32 36 40
22 25 10 2
48 3 35 19
32 41 5 41
8 49 15 15
23 47 16 39
23 48 4 9
44 3 46 36
35 4 46 41
21 49 0 4
0 41 24 44
28 33 28 28
28 24 27 9
4 30 31 29
43 5 24 20
22 49 37 37
15 35 32 40
15 16 35 14
11 32 27 14
8 25 4 42
22 49 28 14
41 1 40 45
33 38 10 44
3 26 16 24
22 45 8 8
38 37 44 33
15 41 47 37
3 32 34 32
44 7 21 28
36 6 47 22
12 48 45 33
21 24 24 18
4 37 17 0
23 47 6 4
20 32 38 41
21 47 2 4
8 34 2 5
18 48 27 3
46 13 5 40
16 15 20 31
0 38 30 8
15 20 4 7
30 37 9 27
3 35 3 8
31 11 46 37
11 22 42 37
47 3 34 34
24 29 38 38
49 40 29 14
47 12 22 19
16 48 17 1
20 48 11 28
25 33 43 26
27 10 21 2
24 19 33 42
4 31 38 24
25 48 8 45
45 7 5 3
5 27 0 2
11 27 22 12
28 9 2 8
18 44 7 21
39 18 45 49
13 42 26 1
21 44 8 46
19 11 32 16
4 28 40 42
22 49 25 3
34 30 14 16
24 47 48 31
15 45 42 41
3 33 44 32
26 26 38 39
33 12 1 5
22 18 2 6
10 36 1 6
18 44 31 9
1 33 1 6
0 35 33 24
34 11 0 8
4 23 7 7
0 37 27 5
12 19 15 11
16 39 6 45
16 46 22 0
45 0 38 39
20 49 24 12
38 27 24 3
38 19 30 9
4 9 20 17
25 43 37 24
20 16 10 1
12 22 1 3
30 42 1 5
22 39 27 18
40 4 9 37
31 42 35 30
27 27 2 4
2 36 48 26
1 31 24 5
7 35 18 4
21 24 35 25
5 28 15 39
16 34 13 10
48 13 41 36
46 9 5 10
13 36 14 6
40 27 41 39
6 33 30 47
33 36 39 49
48 31 42 44
1 34 28 8
48 1 29 37
19 44 0 6
42 6 38 38
20 7 12 36
8 29 37 13
34 27 7 0
24 14 2 6
4 3 27 35
30 36 24 21
3 37 9 0
30 48 1 6
1 38 2 43
37 11 37 34
20 29 46 38
16 48 8 16
13 37 34 22
22 45 20 18
12 23 42 38
29 17 25 24
1 32 39 48
31 27 20 10
4 31 14 10
21 46 30 22
6 28 35 33
2 30 18 0
11 24 21 37
4 33 32 31
4 30 2 8
0 32 13 31
33 33 12 39
12 25 12 14
37 3 28 47
26 43 38 28
23 44 24 0
11 11 8 17
0 30 28 36
2 31 31 31
19 47 15 20
6 39 2 6
4 38 36 40
41 24 42 40
43 46 31 43
12 36 23 5
0 34 18 18
18 44 27 19
26 37 41 39
2 28 34 38
17 44 12 41
1 26 12 37
4 26 24 43
3 32 0 37
38 5 41 16
14 44 33 34
7 32 17 25
3 33 38 35
29 22 5 42
1 21 2 1
21 49 44 36
21 16 1 38
2 6 1 17
3 35 11 3
48 5 15 45
43 30 13 17
25 43 0 12
46 47 41 44
17 47 16 6
29 29 22 32
6 34 17 34
30 32 38 37
18 30 6 35
23 34 9 21
4 6 15 23
23 24 0 4
27 1 22 32
30 13 19 41
40 3 27 1
15 27 10 41
31 27 7 34
11 13 9 7
7 21 9 27
4 30 7 48
34 5 40 40
17 45 31 40
8 40 19 45
34 42 2 5
5 38 6 3
18 49 11 36
15 46 22 0
41 34 38 0
7 21 4 15
18 48 45 40
4 30 18 45
19 45 0 8
0 20 20 33
4 29 2 12
21 49 0 33
20 48 10 42
40 7 6 0
41 13 2 5
8 31 45 40
19 25 9 10
5 32 15 9
7 13 8 43
19 48 22 25
45 0 49 43
35 45 21 10
25 23 0 6
40 35 34 46
14 24 41 39
36 2 5 38
36 46 42 37
6 36 8 25
21 46 15 32
10 27 30 34
42 17 32 9
10 17 16 8
18 42 8 14
29 8 2 21
1 34 15 11
19 47 24 10
6 32 16 41
4 31 22 0
1 37 1 3
4 28 2 36
20 7 0 15
5 21 21 40
24 28 40 37
44 8 11 1
4 8 37 42
16 16 39 41
43 34 2 1
0 30 8 34
19 28 13 37
40 8 38 29
20 48 1 34
4 33 26 41
27 46 18 33
1 37 4 42
23 37 8 23
39 47 29 42
41 7 40 39
30 32 8 12
30 30 1 26
16 48 2 5
7 32 37 37
6 38 43 44
5 27 0 3
13 49 2 44
17 44 18 19
3 27 1 39
38 32 47 32
3 34 2 7
12 32 7 14
12 40 23 6
14 10 24 48
5 28 18 9
16 46 35 35
4 31 41 46
7 27 36 28
34 5 12 43
45 22 25 43
34 26 38 43
31 24 39 47
18 29 25 9
41 9 13 29
5 31 37 31
3 35 1 6
34 25 0 2
31 30 15 2
22 45 12 38
1 31 44 1
19 28 4 3
2 23 16 35
26 21 23 34
21 16 43 42
21 49 23 32
6 36 17 36
2 28 23 22
2 33 10 34
17 29 2 4
40 1 43 42
22 48 11 19
7 31 47 28
39 1 0 5
0 14 18 39
38 14 33 40
10 23 45 33
19 45 14 23
2 29 25 34
29 29 36 43
18 37 13 2
29 31 1 45
12 49 10 38
17 47 14 45
3 8 22 1
3 35 11 46
0 26 18 4
3 33 39 42
2 34 18 24
0 35 10 36
6 45 44 31
6 36 10 38
15 47 39 33
35 36 40 10
5 37 17 3
15 46 25 15
21 48 19 37
19 21 40 41
0 38 9 42
4 31 3 6
2 39 19 5
29 31 0 7
29 10 22 2
24 43 0 9
41 8 29 3
1 35 18 5
3 26 1 6
38 29 25 6
5 20 15 37
3 32 33 43
18 46 2 7
40 31 17 13
49 20 38 43
9 27 17 5
35 17 9 22
4 34 0 30
42 0 1 38
5 35 40 46
19 49 14 2
8 36 16 16
25 47 3 3
7 5 15 12
0 30 10 35
38 29 43 1
14 12 0 5
8 25 24 6
7 40 0 7
48 6 18 0
23 45 0 0
1 21 29 36
10 38 25 26
21 45 21 2
41 11 39 38
44 1 24 39
26 38 33 36
28 29 20 0
37 31 38 16
24 49 11 46
8 22 4 44
14 48 16 3
5 29 34 36
24 4 38 46
32 48 1 42
38 34 4 5
29 32 5 30
10 31 10 9
5 27 12 36
5 21 24 23
1 32 37 43
19 14 14 5
5 30 10 37
38 12 2 9
4 24 17 6
30 4 12 33
44 5 12 3
8 35 24 18
6 11 41 39
20 22 11 17
18 49 1 5
36 39 6 29
42 0 15 6
16 46 39 44
18 46 28 10
48 10 1 3
35 35 13 10
34 45 28 32
2 41 9 3
47 3 33 33
2 37 6 27
16 49 35 19
4 34 43 45
41 37 4 35
14 13 40 31
35 38 38 22
43 1 42 36
38 16 14 35
3 33 31 30
4 30 29 6
15 45 42 39
29 28 7 43
20 44 42 35
23 36 0 33
47 15 34 22
17 45 2 33
44 9 3 7
32 35 38 37
19 46 39 36
21 44 34 33
20 48 41 44
22 40 15 16
17 33 8 4
7 19 25 11
4 26 17 31
1 28 19 39
48 7 10 1
6 37 8 48
12 13 17 15
45 6 4 42
24 45 16 20
30 21 12 30
25 31 5 9
25 45 18 38
34 29 38 37
20 25 16 23
23 30 47 35
6 26 19 39
2 13 11 44
0 36 24 32
0 32 1 5
16 43 6 15
12 45 37 42
15 20 45 34
47 3 33 32
7 32 2 9
0 33 13 2
34 42 9 14
26 42 0 10
3 35 35 34
21 48 7 11
2 33 0 3
19 27 46 42
2 36 2 0
24 25 4 4
14 38 18 43
18 36 23 10
12 46 24 30
0 30 2 4
11 31 0 5
47 1 23 41
32 24 39 33
37 4 42 42
23 19 13 38
16 21 28 21
16 46 13 17
30 32 1 7
21 32 8 1
5 22 36 3
13 47 11 12
25 40 30 36
1 32 18 23
12 0 23 45
22 39 22 6
13 46 16 31
8 25 38 37
20 41 7 20
0 34 1 11
0 36 40 16
33 13 0 7
20 26 34 28
11 42 38 32
22 30 9 42
9 31 16 41
36 5 10 12
22 46 27 4
18 48 22 13
3 30 10 45
3 26 12 12
26 45 3 9
9 28 13 16
0 0 26 46
1 30 14 1
5 41 3 4
