50 368 14129 800
38 24 39 17
45 25 40 45
10 27 28 32
3 21 9 5
11 31 46 20
7 32 17 7
10 29 38 25
5 20 37 27
14 47 47 49
5 31 17 31
7 27 24 49
12 23 23 37
31 20 44 16
13 38 22 31
1 25 19 33
22 38 37 4
23 43 25 12
37 22 20 45
15 44 14 1
10 29 12 14
5 30 20 34
15 15 31 4
23 13 16 36
21 20 46 13
24 14 15 21
22 48 36 0
5 18 38 27
9 40 14 12
23 47 6 33
17 20 17 41
6 40 13 9
9 26 41 9
14 24 31 0
29 1 19 28
9 20 34 19
16 37 24 34
5 36 21 49
10 29 40 26
17 41 7 3
11 17 32 22
4 32 43 41
45 17 39 15
4 33 27 35
24 21 44 30
12 19 11 15
13 22 37 32
23 12 34 0
6 26 36 32
10 33 41 4
8 31 44 13
48 20 35 25
12 31 29 42
1 42 45 7
28 9 11 14
8 33 12 6
5 30 7 11
33 18 48 9
20 39 32 15
23 49 11 40
3 36 42 34
7 26 47 1
0 12 46 33
8 28 35 2
9 21 17 32
35 35 22 35
8 26 21 17
13 17 26 0
16 19 23 13
14 22 20 19
20 39 24 46
3 26 35 31
41 11 21 35
31 43 41 29
5 35 41 23
36 31 44 18
2 48 3 26
25 11 46 43
15 42 43 43
8 33 48 34
18 39 23 34
15 25 27 42
4 40 37 43
10 47 20 10
9 20 14 12
17 41 46 29
38 2 21 34
8 22 26 0
10 18 29 0
6 25 25 12
8 28 22 17
33 34 23 31
19 16 29 8
2 25 24 38
12 35 47 28
14 22 30 34
21 42 24 32
12 36 17 40
19 13 26 30
16 22 32 43
5 30 41 44
10 14 10 1
8 24 14 29
12 44 22 31
7 14 36 6
18 31 39 15
22 8 42 37
4 32 45 25
8 30 12 19
2 29 46 49
26 39 46 6
4 20 43 9
20 18 37 9
24 2 28 42
5 32 16 36
25 16 13 18
22 1 37 46
16 34 23 3
10 6 24 37
7 22 32 40
4 40 21 41
18 47 1 15
8 22 10 10
0 44 30 5
10 25 39 15
3 29 37 31
10 29 35 46
10 44 42 5
25 40 31 41
23 11 13 6
8 25 40 33
5 29 3 39
31 43 48 10
22 13 24 18
5 28 19 32
5 31 19 37
10 24 31 40
21 11 36 8
1 18 46 43
9 28 9 18
5 26 7 16
9 29 44 14
17 38 23 34
6 40 42 21
11 25 37 46
7 26 7 10
30 36 41 17
13 24 23 31
14 16 36 4
11 24 21 32
10 22 25 10
3 30 1 2
8 31 39 14
7 23 23 11
8 18 41 43
7 30 23 29
0 35 21 26
11 24 48 44
21 8 21 40
10 18 36 28
14 41 25 14
6 47 34 17
31 22 19 27
18 43 32 36
10 32 24 18
23 12 28 9
11 27 14 34
13 28 11 5
14 26 35 4
14 29 27 38
5 20 15 2
4 25 34 36
20 21 8 1
26 12 11 15
3 14 45 19
11 44 13 37
14 25 46 46
1 28 19 39
12 12 7 10
7 30 40 27
18 49 22 32
39 49 0 7
2 29 22 33
4 20 23 5
10 19 17 3
9 19 21 35
16 36 49 17
1 12 2 8
23 6 13 10
14 39 5 11
8 27 40 21
2 32 15 1
6 21 48 45
27 33 23 28
11 32 41 17
6 43 20 40
34 7 47 43
10 23 13 19
7 25 22 31
1 34 31 36
13 21 23 33
9 1 29 35
6 45 22 26
17 25 20 30
20 13 13 15
8 18 24 33
4 38 28 40
3 22 29 35
2 31 19 37
7 38 46 9
17 26 46 47
22 9 35 37
11 34 22 30
7 23 19 34
3 17 31 37
14 28 18 10
9 27 39 32
0 34 18 34
2 26 20 31
2 29 14 43
9 23 5 22
2 22 24 33
6 33 45 5
21 14 23 31
7 24 22 34
11 41 3 36
1 20 26 13
22 34 31 32
1 0 41 0
11 46 23 39
29 7 21 3
31 24 21 39
40 37 34 28
11 33 2 4
8 25 7 5
35 2 46 46
0 20 7 34
3 26 22 41
9 20 32 43
4 5 49 43
35 45 33 38
9 16 32 8
7 31 14 32
6 26 11 6
6 24 23 34
23 10 45 38
9 20 9 25
34 13 26 15
4 34 31 7
5 20 45 35
11 24 23 41
21 18 36 6
25 44 13 10
12 26 26 34
8 33 35 23
7 26 19 39
10 26 26 44
9 16 21 2
11 35 35 4
8 15 41 14
6 31 40 33
6 26 12 29
0 26 24 39
4 13 30 43
20 10 36 12
7 14 20 8
17 5 38 10
22 31 20 46
20 49 30 34
26 7 38 31
3 26 30 9
2 22 36 39
20 27 11 9
39 38 25 37
8 26 45 30
2 30 42 44
13 28 44 38
4 23 9 31
14 25 29 11
18 23 37 46
13 26 45 2
15 26 27 41
35 32 19 24
24 10 48 45
7 31 7 26
14 23 27 40
23 10 26 43
12 22 41 7
5 12 13 38
4 21 19 46
8 30 18 30
11 20 49 42
14 0 42 22
19 45 41 9
7 29 43 20
5 32 33 23
24 6 24 36
4 23 28 1
8 27 12 13
19 36 18 32
8 17 31 12
9 20 26 41
36 12 37 19
31 20 24 31
4 25 46 43
32 42 35 25
44 16 44 24
0 13 41 34
12 22 37 35
48 18 27 38
19 41 24 32
17 36 24 47
6 31 20 28
7 37 2 7
12 30 36 39
12 13 30 40
14 17 34 7
2 27 6 8
0 20 12 21
11 46 4 30
14 30 22 35
2 30 29 12
4 34 18 34
12 46 25 12
6 27 31 31
4 30 27 40
11 28 24 46
32 35 41 15
2 38 39 10
5 33 35 17
4 21 6 27
7 26 33 46
1 29 15 48
9 38 23 35
15 30 24 42
35 15 18 42
6 27 20 9
37 24 9 33
4 29 27 34
0 25 19 32
6 30 38 12
11 26 11 32
12 24 20 40
9 32 42 1
5 29 26 19
4 24 39 15
34 13 41 41
7 38 14 8
23 15 7 9
14 19 24 44
14 2 36 47
17 35 43 41
5 20 21 36
2 25 44 11
6 30 22 31
15 25 35 9
0 36 9 32
21 43 16 13
1 30 20 35
13 26 22 34
16 22 28 1
2 30 43 3
4 39 40 48
5 22 35 5
20 29 24 35
8 37 41 30
34 22 22 4
21 47 37 40
12 19 26 15
