50 452 18648 800
16 14 40 28
19 11 39 40
20 13 42 41
24 14 4 26
43 21 38 5
10 16 4 21
10 45 20 34
37 9 22 34
6 18 40 31
24 12 12 19
16 16 15 20
4 26 0 15
17 14 37 45
36 18 0 30
39 9 16 15
16 1 43 42
13 22 35 28
47 38 13 42
33 26 12 28
4 27 18 15
6 18 2 2
25 11 22 31
37 38 22 24
20 14 45 47
34 33 12 31
30 15 4 20
11 4 39 46
29 31 23 13
25 21 12 25
39 28 35 48
14 22 12 35
45 25 34 9
20 0 18 11
25 14 10 25
19 6 28 6
11 10 2 27
30 32 7 21
5 35 6 4
24 10 0 30
21 3 34 23
27 41 15 33
31 10 13 30
7 28 37 39
43 32 31 12
5 22 14 17
19 25 26 36
12 34 36 43
37 33 10 26
7 23 25 31
9 23 7 13
41 3 22 5
36 26 43 23
26 12 20 12
33 28 45 45
38 19 2 28
10 12 38 24
12 7 5 14
13 7 39 43
29 37 37 26
42 35 26 33
15 4 35 24
22 2 31 15
46 3 13 28
13 3 24 27
11 11 3 32
23 32 12 35
28 10 38 24
28 34 1 27
15 17 36 38
18 48 12 23
18 13 16 29
44 36 39 44
21 49 45 42
15 12 24 13
33 35 48 29
34 11 43 42
26 8 31 13
3 19 2 1
6 40 43 40
5 16 36 19
15 14 27 14
32 2 39 35
35 47 46 17
39 18 10 20
18 6 12 32
48 38 36 22
27 30 42 40
33 3 31 26
47 40 8 29
8 22 22 11
27 5 34 39
22 11 17 21
7 23 12 34
24 42 34 15
38 24 28 38
28 24 43 40
38 7 25 27
40 33 17 9
43 27 20 33
8 17 36 28
44 16 2 16
35 43 13 19
19 23 9 31
34 1 6 26
49 45 37 24
44 30 34 34
36 30 49 26
46 39 6 38
10 16 3 17
6 21 32 25
11 11 22 31
27 23 14 43
34 4 7 21
45 8 22 26
35 20 7 44
19 18 36 31
35 31 8 18
44 40 37 49
9 28 17 26
22 32 29 24
6 23 46 49
19 3 37 41
15 6 7 10
21 14 30 24
20 7 8 18
8 43 40 45
8 20 16 24
35 23 28 41
10 24 41 43
47 30 25 12
18 34 12 19
11 24 20 14
39 4 36 47
38 37 30 44
27 17 39 27
23 16 13 28
29 28 23 13
33 24 39 18
10 16 21 37
23 38 39 26
22 14 11 28
17 1 18 13
11 9 42 43
34 15 23 25
16 3 30 41
6 21 13 27
15 6 15 28
16 3 4 25
12 9 18 33
10 15 28 36
17 43 33 34
13 7 16 31
17 6 8 14
11 6 43 45
41 36 29 33
28 23 15 32
26 18 32 19
23 8 38 16
36 1 19 27
44 14 0 11
7 28 24 29
14 10 35 41
27 35 17 19
24 26 22 36
14 20 23 29
35 32 45 39
29 44 38 27
36 47 39 9
28 4 8 39
10 21 4 35
15 10 6 24
33 41 32 1
7 18 35 31
37 26 8 35
36 17 15 14
18 16 9 27
12 4 45 48
33 34 34 40
42 4 39 49
17 10 18 32
22 27 12 19
11 5 41 25
6 17 11 46
22 37 23 9
13 9 22 35
32 24 7 1
12 11 42 23
14 16 7 22
7 22 23 37
46 9 30 18
5 20 18 27
30 22 17 35
8 24 12 35
38 0 6 32
29 35 42 47
38 4 26 34
8 20 30 41
5 23 1 8
6 20 7 33
45 46 37 47
49 46 36 46
32 0 4 22
6 21 8 37
43 24 23 2
8 17 4 31
19 6 14 11
36 17 13 21
42 5 33 20
37 21 38 44
30 36 8 48
9 15 36 34
24 23 16 0
42 48 14 30
31 30 23 7
22 21 38 48
45 36 31 15
21 26 2 15
10 3 34 22
13 10 42 40
28 29 13 34
49 36 8 27
31 3 3 5
8 18 36 30
8 20 36 20
29 1 13 26
36 10 33 33
12 11 31 16
37 2 44 40
30 43 16 26
34 34 30 21
43 20 42 42
9 7 23 2
17 2 22 12
9 25 7 46
39 29 29 30
44 35 27 33
25 23 4 14
19 31 1 1
31 29 18 13
31 29 39 47
19 8 37 0
30 0 28 17
10 26 18 11
42 17 20 14
9 17 13 13
25 4 33 31
43 7 13 16
20 32 38 45
48 15 41 48
44 43 22 24
15 9 27 15
20 43 12 42
29 6 32 9
28 23 16 34
42 11 25 32
17 10 41 49
2 7 27 40
29 30 41 48
44 36 26 40
44 12 40 19
40 36 33 24
9 18 35 15
33 33 16 34
5 15 15 40
8 23 39 46
34 23 19 30
43 17 45 37
25 17 0 35
40 24 6 12
25 13 37 44
21 10 38 49
18 1 1 47
9 22 45 46
30 18 21 33
3 20 46 45
42 37 35 38
14 23 38 29
30 28 39 40
14 12 22 3
39 29 10 43
10 22 27 40
19 32 17 21
23 22 37 49
20 33 8 30
42 38 25 34
39 19 23 14
20 12 32 40
31 35 39 44
44 30 7 31
16 10 25 25
22 0 48 42
46 32 31 25
22 17 47 23
27 12 2 29
20 4 7 36
32 24 22 39
45 30 25 6
24 3 42 48
35 27 16 28
14 10 21 1
31 26 36 42
26 5 42 48
6 11 7 36
29 0 47 46
15 14 43 45
24 1 42 38
20 44 16 22
24 23 39 19
6 21 1 17
45 42 43 46
20 35 30 3
25 17 2 26
10 20 20 13
17 37 8 11
21 16 42 26
36 12 37 43
9 1 15 21
40 29 4 17
45 37 34 46
29 43 43 14
6 24 47 45
21 9 16 38
5 37 16 35
25 19 23 31
35 1 22 25
49 41 36 31
21 12 47 41
42 30 35 43
46 18 14 5
22 0 7 45
32 17 40 26
42 15 23 19
16 4 13 46
6 24 4 30
34 41 18 30
8 25 16 32
6 6 20 24
24 13 28 22
9 23 49 26
5 18 40 39
22 40 40 47
26 13 36 42
24 3 42 41
5 20 2 38
7 18 38 49
7 16 35 42
5 23 9 6
6 22 2 12
18 22 44 41
17 10 3 33
18 9 41 42
15 44 25 26
47 28 0 34
33 26 12 25
36 35 40 16
13 8 17 28
4 22 13 27
24 5 8 13
13 11 7 43
29 33 11 29
19 6 13 35
32 26 45 40
7 8 38 32
44 4 44 11
30 29 21 23
31 2 25 19
19 7 34 32
28 18 38 18
7 34 18 30
18 1 19 21
10 21 36 9
15 5 23 0
7 22 19 22
8 16 8 6
30 37 42 43
14 11 42 26
47 25 39 43
33 26 2 45
22 1 3 32
29 2 11 20
46 19 47 49
33 11 17 35
21 8 41 49
7 20 32 47
1 10 27 21
36 39 10 26
43 6 19 21
16 11 21 42
16 19 34 24
19 11 15 14
18 14 14 21
43 21 24 27
8 18 27 2
8 34 31 25
20 17 10 19
16 14 22 20
38 12 6 15
38 4 47 48
19 3 20 9
9 5 48 44
29 14 46 18
31 31 19 33
6 22 41 34
16 6 34 36
24 10 13 43
10 21 42 47
15 21 38 33
21 16 47 26
7 25 9 21
9 26 14 48
26 35 36 17
29 9 7 44
7 25 47 46
34 36 27 16
46 32 22 25
2 25 31 14
3 22 13 21
18 7 1 11
40 7 6 9
23 19 12 11
23 41 37 6
45 41 40 26
36 35 24 26
48 42 48 48
47 43 17 3
14 11 17 28
25 46 31 24
5 17 7 41
11 12 31 30
29 15 6 0
8 22 40 23
45 33 37 18
48 28 7 10
22 13 18 28
11 24 26 6
7 8 13 11
6 9 0 22
16 19 3 17
16 3 14 36
31 1 35 45
25 22 45 26
24 25 26 10
18 14 34 34
46 36 27 3
47 9 11 33
30 11 37 46
6 35 10 19
30 25 47 47
19 11 12 24
37 6 0 23
18 22 16 25
36 4 3 23
