50 1331 17119 800
39 10 26 28
10 8 38 34
36 34 35 27
30 0 32 22
13 21 46 22
28 47 3 27
7 23 41 18
45 12 40 38
6 19 10 18
6 48 22 23
21 26 30 38
26 21 4 16
44 6 9 32
20 9 23 42
7 14 7 5
42 46 17 41
21 35 11 2
35 11 30 42
47 37 14 47
13 11 40 47
22 24 0 2
23 10 37 28
5 26 38 40
27 7 10 34
34 38 31 29
6 23 13 41
27 8 9 12
0 23 41 35
9 13 38 39
28 9 31 36
9 13 11 18
8 9 40 44
27 11 10 5
23 9 22 35
42 12 41 47
46 21 34 24
15 27 10 31
45 11 13 18
42 8 16 39
15 21 44 27
34 29 2 17
23 3 40 17
44 11 14 24
16 18 28 38
19 7 39 30
30 9 7 6
31 16 34 49
27 11 30 31
41 8 31 34
4 18 43 23
6 30 25 16
40 10 6 11
26 3 7 7
26 1 14 19
21 0 27 40
28 4 38 30
42 11 28 25
41 35 15 37
12 29 19 23
18 2 31 28
22 12 0 9
33 9 48 22
23 9 37 39
43 11 34 38
29 1 4 17
18 1 34 29
31 8 6 5
20 17 11 12
10 18 33 36
24 6 4 43
6 17 46 44
47 9 1 40
11 28 33 19
43 8 34 37
13 47 43 29
29 2 33 27
16 15 14 44
24 49 19 45
29 8 8 17
27 41 31 19
12 14 26 28
44 8 27 20
43 11 21 6
41 7 32 8
42 12 15 38
36 44 21 16
25 6 20 40
26 4 22 19
22 32 28 10
5 23 34 40
21 3 26 33
40 49 31 33
46 24 45 43
26 2 13 17
23 7 38 28
43 6 23 40
13 42 23 26
42 8 28 21
20 4 12 29
9 43 22 8
29 2 4 20
43 7 27 20
5 30 11 32
13 25 7 41
39 10 24 29
3 32 18 15
14 24 21 39
45 8 17 49
36 12 44 42
43 11 26 46
43 11 9 20
36 35 38 38
11 12 12 20
1 27 24 40
12 10 25 7
15 13 8 9
44 7 32 31
23 4 10 35
14 20 36 34
10 34 25 49
3 44 7 10
17 40 25 31
42 11 40 41
3 21 9 13
43 11 7 36
12 32 23 26
0 27 26 26
44 28 47 33
9 16 23 45
10 23 21 26
45 47 26 27
46 10 22 5
6 19 28 43
42 12 19 44
35 17 21 42
41 9 28 43
9 12 35 18
6 26 14 42
19 6 10 25
21 21 33 42
12 31 34 33
24 10 41 26
32 6 24 42
11 43 36 29
4 26 45 42
9 40 16 42
16 5 12 25
14 33 17 15
21 15 30 32
39 8 6 22
36 38 26 20
19 7 44 9
29 7 14 0
13 19 1 26
26 31 21 17
9 39 25 19
22 4 12 5
15 6 14 32
32 8 8 26
42 10 18 27
29 35 49 4
8 38 27 40
25 5 34 38
5 27 4 13
14 39 13 20
37 21 3 5
12 26 37 29
0 22 29 30
21 26 33 28
39 6 20 37
46 4 4 0
4 24 4 8
13 27 10 32
42 8 11 21
12 32 24 34
10 10 19 3
15 35 12 30
46 6 15 18
24 5 28 21
23 2 7 23
44 10 17 37
42 11 7 17
17 9 20 13
42 8 46 33
46 6 27 30
43 5 38 43
42 10 23 22
10 31 18 17
45 9 18 14
23 2 24 9
47 5 14 38
24 26 37 36
28 5 14 19
11 10 25 32
44 10 20 23
18 15 18 30
48 46 10 6
11 17 1 12
45 6 24 39
11 7 15 11
34 40 17 41
21 6 25 40
47 40 27 5
12 9 13 26
9 12 10 34
3 18 41 26
13 33 16 35
49 29 49 40
45 11 15 1
22 48 34 25
28 9 13 26
3 20 4 2
44 10 30 35
26 12 12 7
28 3 16 42
3 19 18 17
26 6 6 33
45 12 35 21
5 23 35 21
49 30 37 36
7 24 28 27
46 9 10 34
41 9 24 41
40 9 18 34
15 27 26 37
8 15 27 24
46 11 9 23
11 23 14 19
26 47 31 4
12 15 5 22
10 14 5 20
4 22 35 21
31 28 13 18
43 9 29 36
0 19 13 37
0 21 36 22
8 29 16 32
18 12 16 29
13 8 6 29
26 41 24 15
29 15 18 16
40 13 46 36
21 4 18 6
29 6 22 42
28 49 20 42
3 26 25 42
8 10 23 44
22 49 31 33
44 12 36 34
8 22 15 30
20 49 37 34
12 41 0 12
4 22 12 26
29 12 35 31
39 6 32 11
3 27 46 48
26 5 45 25
8 11 35 38
4 27 16 14
16 0 31 21
18 26 40 8
47 10 33 4
5 27 35 41
37 29 26 27
13 10 8 14
16 20 28 19
24 11 5 11
8 9 47 37
7 34 29 29
32 6 16 18
31 8 9 24
42 8 14 39
7 35 6 13
29 20 37 43
42 8 22 47
25 12 23 42
42 7 24 44
26 2 9 37
46 11 24 1
42 8 15 16
32 39 19 23
28 1 29 18
40 7 10 9
23 0 21 26
20 28 44 32
26 14 18 17
46 23 42 32
11 12 14 18
29 24 31 34
44 11 8 18
25 4 6 16
21 2 47 19
24 12 36 25
32 6 3 9
11 12 21 12
33 44 0 37
22 6 18 40
43 12 10 31
43 7 26 41
42 8 39 48
41 9 19 30
17 36 39 26
43 46 13 38
42 7 44 31
44 10 38 36
42 10 27 29
43 11 16 7
3 6 10 12
12 28 44 33
8 22 38 47
20 13 45 19
0 23 12 8
9 20 41 30
10 27 6 12
14 32 9 17
25 8 17 18
43 7 26 32
46 9 28 39
37 27 7 33
10 13 3 18
43 9 20 27
16 27 49 32
11 14 12 40
43 9 16 23
22 6 48 45
14 17 11 2
22 4 5 22
30 11 30 36
26 23 20 25
6 25 13 37
29 1 46 33
31 42 20 28
8 17 45 35
23 8 11 15
33 9 20 48
12 6 3 12
33 34 15 15
39 10 35 11
21 7 15 11
10 11 30 28
47 11 40 45
28 6 15 35
13 11 32 34
8 28 8 15
22 22 29 29
45 10 6 24
22 1 7 11
0 20 24 21
19 27 21 6
27 8 38 32
44 10 15 34
2 33 15 20
9 32 33 20
35 42 14 21
44 12 20 2
8 18 36 39
43 6 9 22
43 23 45 16
27 7 31 45
29 10 3 10
24 1 9 15
25 5 46 27
41 11 28 38
22 3 11 30
42 7 32 28
18 44 6 15
23 13 14 24
12 24 26 6
35 19 36 32
33 44 47 34
12 23 41 36
46 14 14 44
41 10 11 0
11 28 19 37
46 8 13 31
41 7 33 28
22 1 28 32
41 7 7 31
2 21 13 10
7 31 25 34
20 7 18 12
43 29 5 17
11 17 24 11
40 9 14 3
18 15 26 18
42 11 5 30
2 17 30 40
20 0 7 11
27 6 14 9
13 21 28 47
42 9 13 34
22 46 5 26
24 3 12 28
2 23 31 26
43 9 17 48
10 47 13 39
14 18 4 0
4 29 23 28
24 1 9 20
22 7 31 35
45 7 30 35
27 10 7 40
24 6 35 28
43 6 22 0
10 14 40 35
43 8 18 3
37 43 9 17
43 12 47 14
16 42 14 36
42 10 34 26
41 9 10 16
30 28 35 38
4 20 28 36
43 9 36 33
32 2 30 32
13 24 8 22
45 25 20 22
10 16 2 9
26 9 12 47
26 8 26 23
10 28 44 42
23 5 7 6
13 24 7 14
23 2 0 23
16 35 43 37
33 40 18 0
19 5 24 10
6 44 38 33
32 41 7 39
7 21 36 27
34 8 27 46
24 6 8 4
27 0 13 4
36 2 35 38
44 7 22 8
29 4 42 23
44 8 30 0
47 8 16 26
24 5 9 13
24 7 7 20
39 3 33 31
27 0 45 49
7 23 35 14
26 43 18 21
33 24 12 22
4 18 26 22
40 10 48 45
34 1 23 4
38 38 41 29
13 41 4 35
45 10 14 34
6 26 29 45
5 16 18 5
20 7 30 28
7 17 18 14
43 10 43 27
43 10 23 25
43 10 40 20
20 8 15 9
24 9 23 28
13 11 25 18
25 10 25 39
11 22 12 39
9 2 34 7
4 25 29 34
9 14 34 37
18 45 37 26
24 7 24 24
29 26 25 21
8 27 24 21
28 11 11 39
39 7 6 23
14 15 18 24
41 8 34 37
20 21 3 5
14 29 26 26
8 21 39 31
11 14 11 19
18 23 5 6
45 12 6 13
26 0 41 34
17 45 13 27
12 15 35 26
20 13 16 12
9 13 44 35
8 47 8 16
23 29 4 29
13 9 36 43
9 24 27 38
4 11 40 24
5 12 38 31
6 36 25 35
13 26 18 41
32 6 17 30
8 33 47 15
42 9 15 17
6 19 15 38
15 20 23 19
10 11 10 35
45 7 10 16
31 29 41 47
2 24 12 9
24 0 22 37
28 2 6 22
9 18 10 14
25 3 13 7
39 9 6 6
21 37 21 10
29 2 37 15
32 21 14 41
12 14 8 17
16 17 39 25
22 9 20 20
26 20 9 16
25 35 15 22
14 4 28 28
10 18 34 25
25 11 14 6
4 8 26 25
8 20 32 42
24 39 11 15
12 46 16 23
19 45 13 30
11 9 27 0
45 8 15 13
42 7 6 36
28 13 15 23
31 33 3 9
23 6 15 12
13 15 34 30
9 10 0 23
45 9 36 44
25 18 4 30
21 6 35 46
22 8 35 41
41 8 26 13
16 44 36 1
44 7 18 10
11 12 26 31
22 43 8 3
42 7 18 11
19 22 10 18
2 39 26 39
42 12 33 45
42 9 32 35
11 9 31 47
8 25 16 23
32 0 2 30
5 19 40 31
41 12 10 17
21 11 39 38
28 5 31 3
2 24 29 26
6 15 1 12
16 18 35 30
42 11 33 41
15 7 47 43
49 28 30 36
9 14 27 29
10 16 1 34
41 9 9 6
24 3 11 9
39 9 31 16
9 18 4 7
24 4 17 34
0 27 23 7
8 27 44 16
41 9 25 38
7 21 20 24
2 24 17 24
45 9 7 7
22 40 23 2
29 9 19 43
31 5 7 1
12 39 5 16
3 20 40 30
44 12 30 23
13 16 37 28
0 14 31 35
19 15 31 27
9 11 12 20
23 3 7 6
22 7 6 16
17 15 36 26
42 9 47 21
21 2 49 6
2 33 28 46
5 15 18 36
21 7 13 36
15 29 43 34
23 5 18 40
28 12 40 40
2 27 29 42
20 14 10 35
42 7 33 41
23 9 33 43
43 10 39 36
14 24 43 27
31 3 39 35
26 1 13 21
37 10 36 22
18 13 30 3
33 42 18 24
13 23 13 33
19 0 21 41
29 1 13 37
9 14 10 26
22 1 17 47
24 3 12 14
43 11 17 32
32 36 14 9
32 42 42 20
15 16 2 15
17 40 33 49
20 5 21 14
45 10 22 25
7 35 18 37
12 15 24 34
5 42 37 32
22 9 9 7
46 9 27 37
5 23 5 16
31 42 19 32
10 10 8 5
29 39 4 21
46 9 19 28
2 14 25 40
10 32 31 26
42 10 10 40
14 14 21 31
6 23 0 32
23 41 19 44
21 4 19 28
39 12 22 42
5 21 41 39
8 26 30 45
7 40 27 21
31 32 10 16
6 18 39 31
11 12 6 22
41 10 10 16
17 21 23 24
31 1 12 20
42 7 30 23
11 9 12 25
7 16 11 34
36 26 3 20
43 5 6 23
48 29 34 48
18 38 11 0
23 4 14 43
22 4 19 16
23 40 27 42
41 11 33 28
21 14 23 36
16 46 6 11
5 24 37 49
11 17 18 36
7 21 49 23
26 1 31 35
28 1 41 24
16 6 38 36
20 48 6 16
5 14 41 35
43 8 11 48
13 20 0 13
4 21 27 39
23 10 33 25
44 11 10 8
28 2 38 40
21 9 24 22
26 6 2 29
11 39 13 16
30 5 25 29
1 17 19 7
14 5 30 18
19 0 11 25
23 2 46 48
29 8 34 28
22 15 21 8
19 11 25 36
42 13 29 18
19 26 10 43
44 9 0 15
39 6 27 30
29 34 34 25
43 27 15 31
24 11 32 28
21 1 25 20
23 20 8 19
9 16 20 7
43 8 15 28
42 9 22 18
5 17 24 31
25 21 7 15
30 7 11 9
41 7 32 26
26 41 14 37
26 3 15 38
10 21 40 27
22 15 20 34
40 7 22 26
9 33 18 40
41 10 48 30
25 6 22 31
40 8 17 7
20 25 16 8
22 31 43 19
11 26 29 24
11 29 18 23
40 8 22 21
20 22 12 39
9 41 34 31
4 21 1 14
0 17 8 18
40 25 30 47
11 16 3 31
45 11 26 23
4 30 21 21
27 6 27 35
6 24 34 32
39 34 8 22
14 9 36 24
44 11 33 17
26 3 10 23
25 6 22 16
8 35 12 15
21 5 35 8
27 4 22 19
26 4 14 43
9 47 46 32
42 42 15 13
19 11 28 40
43 13 27 30
31 3 11 24
8 23 33 32
27 40 41 41
46 12 29 31
17 9 37 28
6 23 14 18
44 9 42 36
19 22 42 14
41 6 26 32
23 9 8 20
36 7 22 20
7 43 14 27
41 10 41 32
46 9 4 26
23 1 2 18
24 14 11 26
33 8 35 34
24 35 32 37
31 9 30 36
23 1 11 38
7 22 16 12
21 5 11 5
43 12 0 17
18 13 21 35
6 37 13 34
24 0 32 30
44 9 15 10
23 12 32 45
11 19 43 39
24 3 11 11
9 21 19 25
11 26 15 23
22 8 0 10
29 2 20 27
39 46 31 27
17 1 44 22
22 22 6 6
19 15 20 36
18 22 7 20
12 15 18 38
12 15 31 23
43 10 4 28
6 29 18 9
12 13 8 19
19 7 33 30
15 35 10 22
21 3 3 9
40 10 15 43
8 27 40 29
41 9 9 19
21 22 39 26
41 7 17 32
38 30 46 5
26 5 9 32
35 1 6 13
26 7 38 25
6 29 1 17
39 8 22 13
7 24 15 29
42 8 33 15
43 9 13 18
45 10 28 32
43 8 49 20
15 34 23 30
34 41 7 32
6 16 28 36
40 9 12 18
28 5 29 40
13 8 22 43
4 28 48 45
39 12 29 23
44 6 22 13
42 10 24 26
7 17 22 48
7 37 23 27
5 22 18 20
17 34 6 31
11 10 36 36
44 7 27 29
42 7 40 41
11 12 13 17
9 30 27 16
43 11 38 37
9 10 3 8
9 29 17 49
12 25 26 33
42 9 18 40
42 11 20 17
46 11 2 28
43 10 29 20
24 7 42 30
42 13 15 12
16 24 36 41
44 7 3 14
13 29 26 12
8 4 28 37
25 13 27 32
7 25 43 43
29 10 35 36
7 11 32 19
15 3 25 19
28 45 29 24
12 20 37 19
4 18 6 1
18 1 14 20
4 22 20 3
9 15 22 47
36 8 1 17
11 13 41 32
41 9 10 37
42 15 42 46
19 10 17 48
44 32 28 8
22 9 16 37
28 4 7 26
40 7 41 33
47 34 37 26
13 6 10 10
21 48 13 24
10 24 21 48
43 8 22 31
28 3 9 47
18 47 26 29
3 37 28 18
7 39 23 26
43 6 29 37
18 0 28 36
46 8 48 13
20 14 24 41
21 43 23 32
28 45 22 48
44 12 30 35
36 42 17 35
11 8 14 33
44 8 45 24
44 14 25 32
31 32 33 37
14 36 9 15
21 41 22 26
19 3 24 7
43 11 1 25
13 27 20 32
27 41 18 29
21 3 17 10
48 22 34 32
14 9 47 42
42 33 13 42
14 23 13 0
27 6 1 26
2 18 30 32
30 6 38 45
25 2 18 19
12 7 18 15
25 14 25 27
24 0 2 37
26 12 36 33
12 16 15 10
5 31 40 49
37 46 32 26
22 29 7 12
19 39 21 17
14 41 8 20
11 11 40 20
27 37 12 15
46 7 42 18
4 34 35 41
27 9 8 18
10 38 43 41
43 14 29 36
43 6 32 35
19 9 40 26
42 9 6 14
0 35 30 31
24 7 6 24
26 3 7 15
20 2 26 40
10 7 44 42
21 0 17 15
9 8 32 17
45 8 33 26
18 18 31 45
44 9 1 7
9 45 34 24
41 10 39 31
14 38 32 19
14 26 45 39
44 8 15 18
12 24 8 20
14 12 11 22
42 40 17 15
27 5 22 38
44 10 23 15
8 21 7 1
40 10 14 11
19 23 38 36
25 12 28 41
13 14 26 36
12 46 32 16
41 8 25 23
14 23 38 30
22 10 23 5
24 20 42 30
13 21 32 21
9 30 7 7
15 17 25 9
26 6 24 44
45 13 18 47
3 23 39 44
43 10 24 21
16 12 41 27
10 21 37 11
10 13 6 20
26 6 6 17
24 47 1 24
13 11 27 34
41 6 23 35
13 17 15 2
45 9 30 39
22 5 29 42
31 28 26 33
25 2 7 22
5 26 18 27
1 31 9 18
20 26 17 16
29 5 30 48
43 8 4 16
9 22 7 41
40 9 32 31
31 33 14 24
10 27 14 32
34 40 34 24
30 6 15 11
25 48 6 18
49 16 18 5
3 25 4 4
26 3 27 26
12 16 34 30
10 22 6 25
15 28 16 4
45 7 16 23
22 31 27 39
39 39 35 31
43 12 17 7
39 11 25 29
6 26 27 49
16 12 32 27
34 6 31 25
42 9 25 31
6 29 30 28
42 6 6 16
43 12 28 29
6 20 32 29
46 8 14 41
45 8 20 19
11 13 39 1
39 10 25 42
11 28 46 46
2 16 21 13
38 34 7 36
48 7 15 37
29 14 25 29
7 30 23 15
22 3 0 11
3 25 6 1
17 23 29 35
12 38 49 39
13 38 10 40
2 12 34 28
6 17 8 22
10 10 24 26
13 43 38 27
39 36 21 6
31 3 32 31
42 10 5 9
18 45 17 19
44 11 25 33
41 12 22 12
28 0 30 23
3 16 44 30
45 8 26 27
23 1 30 9
23 0 10 21
11 28 20 5
25 11 9 40
47 18 5 18
45 12 21 38
42 9 36 16
27 5 5 13
23 14 37 39
20 0 0 9
8 15 7 20
7 42 30 21
45 13 38 27
0 19 13 14
42 11 1 15
7 28 30 47
27 12 25 43
5 36 21 18
22 8 38 19
39 10 10 1
42 8 29 12
43 11 32 41
26 8 31 25
36 37 31 31
44 10 39 29
47 45 28 31
11 16 15 25
17 27 34 36
11 13 18 20
38 7 36 24
13 18 41 36
17 33 30 31
42 8 32 33
20 11 1 8
24 2 16 18
11 30 22 45
24 7 34 24
41 11 39 34
44 11 8 26
31 42 13 25
6 24 30 29
3 29 4 14
42 7 11 33
42 11 32 30
23 40 9 14
47 9 13 21
11 27 20 14
21 2 28 32
28 20 30 42
47 8 38 42
42 8 17 46
1 33 2 23
13 10 38 33
3 23 15 47
43 9 10 4
19 43 2 11
10 29 21 5
26 6 7 14
38 45 28 45
47 6 5 12
29 6 20 10
41 11 40 47
43 7 30 28
22 24 19 37
1 24 39 41
17 14 8 5
8 47 40 33
45 8 33 47
36 7 41 40
18 12 17 17
44 5 20 42
17 18 38 22
29 2 20 30
6 32 3 2
44 5 36 21
30 45 30 1
30 7 44 35
23 11 45 30
19 3 34 21
44 8 21 20
39 14 10 7
27 43 33 29
45 11 9 12
18 36 40 29
13 13 36 36
23 6 19 42
9 49 36 40
10 14 28 35
11 20 35 27
1 14 36 34
7 20 31 24
4 30 7 16
41 22 28 25
20 11 20 4
25 5 6 18
19 5 33 22
12 33 20 41
43 6 26 29
44 9 23 10
10 10 4 7
42 9 6 10
36 49 16 18
13 14 30 31
13 4 35 27
4 18 13 33
15 8 26 15
10 19 30 37
48 40 10 20
23 29 15 29
10 26 30 35
18 40 42 30
41 42 34 45
14 18 8 27
31 23 2 4
22 44 27 3
44 6 11 5
44 11 28 35
20 46 17 13
9 27 32 36
43 10 38 33
42 8 16 17
9 16 14 30
4 32 20 41
43 10 18 21
21 1 44 40
42 3 19 12
9 16 23 26
17 20 3 8
26 4 35 33
3 11 27 44
36 18 0 38
43 14 18 5
30 37 22 22
26 38 20 2
13 25 13 7
26 5 10 42
15 12 11 39
21 29 24 21
6 28 11 15
11 42 38 33
44 11 15 45
45 6 35 46
43 8 27 33
42 10 27 40
16 3 36 29
10 14 47 42
41 11 24 31
19 8 29 36
24 9 32 26
24 3 28 37
16 13 12 11
11 16 31 25
27 0 14 33
13 14 41 32
13 29 30 33
44 9 44 33
27 10 22 37
24 5 35 28
7 20 43 40
43 9 16 9
44 11 5 14
29 3 41 49
27 44 2 12
40 9 6 19
6 19 14 17
46 12 7 44
43 11 24 0
1 26 25 38
34 2 24 33
40 12 25 41
23 5 22 9
12 12 10 5
23 2 17 20
5 21 21 24
21 0 13 42
41 11 32 47
4 27 7 38
45 9 39 14
31 5 11 39
21 16 11 21
14 18 2 19
29 9 34 34
10 13 28 41
41 8 43 16
9 30 17 1
1 16 20 9
49 16 28 13
15 26 8 6
32 10 47 36
44 10 16 12
5 19 24 12
25 0 16 13
0 13 37 35
26 1 43 23
29 40 15 46
21 12 23 31
14 34 45 22
20 4 23 44
19 11 30 31
9 3 38 48
26 3 28 31
21 4 29 33
24 3 45 46
43 11 0 17
20 44 19 35
20 5 8 9
6 26 38 42
31 6 23 27
16 37 25 36
19 29 8 27
46 11 25 30
35 1 32 27
22 5 13 38
23 4 23 39
6 8 34 7
42 11 35 32
42 9 16 38
28 44 12 37
31 2 11 7
44 9 34 38
17 35 8 23
14 42 18 48
42 7 22 13
2 37 15 25
27 9 35 22
26 19 39 27
28 33 41 41
10 11 15 14
26 7 39 24
43 14 17 34
43 6 33 48
9 22 3 14
24 11 17 1
43 7 10 35
8 49 37 26
45 6 33 33
27 5 14 24
36 44 44 25
4 19 13 10
0 18 26 21
1 21 41 38
12 21 40 48
19 14 15 36
24 4 39 26
41 35 23 24
14 48 20 35
9 24 46 28
14 35 45 40
10 11 36 22
17 44 9 23
21 10 16 19
17 23 26 9
27 2 14 26
7 24 13 9
24 9 28 29
7 21 24 13
47 9 14 11
42 8 11 22
42 9 30 29
6 25 7 13
15 16 29 32
19 25 12 43
46 10 23 14
22 9 24 13
24 10 46 40
4 19 34 33
11 43 30 45
44 9 9 15
18 12 14 28
37 47 3 14
1 17 31 32
44 9 12 16
41 11 3 4
15 16 14 31
39 11 11 4
46 34 39 49
42 11 21 39
27 2 39 26
28 8 38 38
25 7 18 27
14 31 9 29
40 10 31 49
9 18 0 33
33 2 24 17
11 19 3 21
31 49 9 8
25 3 28 47
10 15 4 8
38 10 12 13
42 8 25 42
44 10 10 13
46 13 11 42
40 11 37 30
43 11 40 32
12 2 39 27
45 11 13 17
42 9 17 20
7 39 29 38
14 15 33 25
45 10 16 44
12 47 36 16
28 2 10 39
23 6 41 39
19 0 14 43
36 43 36 29
43 6 20 26
42 10 3 11
46 10 21 19
11 13 34 33
4 24 34 36
25 7 41 25
22 2 23 13
6 34 20 3
43 8 2 29
2 18 30 34
11 12 31 36
23 5 12 15
