50 135 19861 800
42 17 32 16
11 17 34 42
28 12 42 10
25 15 40 12
40 24 32 39
7 29 48 5
26 15 35 4
45 15 9 27
25 13 33 40
8 18 34 8
15 17 37 40
33 16 37 46
31 14 44 41
25 44 43 32
41 6 39 45
12 19 29 38
35 19 44 8
35 18 37 7
15 22 11 49
30 42 37 1
14 24 8 33
18 37 34 12
39 0 4 48
12 37 36 6
35 23 36 11
22 30 35 12
12 20 23 27
34 22 39 17
49 16 25 25
25 0 35 40
31 3 43 10
13 18 37 8
18 24 33 9
11 11 36 5
6 20 38 11
3 38 20 49
12 21 42 37
14 19 3 10
28 16 28 21
42 14 37 8
17 30 14 43
34 22 14 16
15 18 29 3
11 46 34 24
41 18 23 42
18 42 32 11
30 17 33 47
8 14 25 2
9 7 16 1
44 30 21 40
29 17 9 38
12 28 39 12
19 36 10 18
15 35 17 47
11 39 21 8
3 31 35 40
20 26 38 12
35 3 45 3
25 48 38 14
8 41 12 43
31 12 29 1
2 40 27 0
34 22 30 20
30 17 26 44
41 14 38 10
13 14 42 14
16 18 37 8
49 6 24 2
19 16 20 44
18 43 37 10
26 39 35 0
20 26 28 8
40 6 34 4
41 21 32 12
29 26 42 9
44 24 41 34
26 20 35 28
20 11 28 42
43 20 37 10
38 37 40 40
31 14 48 18
21 15 36 45
21 4 33 11
16 0 33 7
27 2 40 10
31 5 10 46
10 18 38 10
32 8 45 33
38 21 43 13
39 14 6 40
6 29 33 12
41 18 48 0
44 2 26 12
24 8 38 48
14 15 11 42
15 49 36 0
8 16 7 45
12 0 40 47
3 29 36 9
7 22 33 26
35 7 38 40
9 18 38 10
5 47 44 12
34 25 31 15
13 30 10 42
33 9 16 6
35 35 37 13
18 29 9 45
39 18 32 32
41 39 40 10
23 37 12 41
8 25 34 45
42 15 33 36
24 36 29 4
35 14 30 37
17 17 8 35
15 30 40 10
21 23 36 3
30 19 33 43
13 15 30 4
6 31 23 4
14 41 14 48
31 17 31 3
43 7 28 5
11 22 38 2
30 21 29 10
13 6 27 29
39 4 39 49
13 20 48 0
36 15 37 8
38 14 28 4
40 17 32 47
38 23 40 15
35 21 34 25
8 20 22 43
