50 336 13156 800
30 36 23 46
36 7 4 35
12 14 41 11
8 39 39 25
39 13 21 45
35 26 49 19
9 2 31 21
45 20 42 4
38 29 32 5
20 2 14 32
27 13 18 47
40 12 24 41
1 48 13 19
31 1 3 42
43 17 47 15
6 13 23 46
1 7 21 49
11 10 34 39
39 9 38 20
21 33 30 29
24 46 48 17
25 31 45 21
4 42 21 44
6 25 40 13
10 15 18 46
27 39 23 45
28 44 2 33
8 7 5 36
12 17 26 29
15 47 33 17
18 0 32 26
27 0 30 25
39 11 23 46
46 13 13 9
37 23 42 17
38 14 10 32
12 48 24 45
22 43 19 47
16 6 3 33
27 29 26 46
11 40 41 25
32 12 37 20
45 9 21 47
17 19 40 18
20 11 43 13
33 17 20 49
33 7 30 20
23 45 26 2
43 5 20 45
49 4 20 42
10 42 17 46
10 4 46 13
9 4 25 48
7 2 36 24
32 4 17 34
46 14 22 41
30 14 21 27
48 1 9 31
24 26 18 42
45 4 47 12
24 4 19 13
44 33 41 23
12 31 46 22
14 2 15 44
33 44 42 15
37 0 48 24
33 10 21 43
39 3 11 33
32 36 23 44
18 17 18 43
23 43 15 31
43 12 19 22
21 22 28 21
45 16 21 48
29 43 30 13
44 18 32 11
26 12 7 39
6 15 21 3
46 7 17 41
38 41 20 46
24 5 8 36
1 11 40 12
36 29 43 4
6 10 49 26
21 3 29 17
18 2 29 19
24 18 40 19
48 15 19 46
13 31 45 22
35 29 45 21
27 49 0 5
18 17 15 9
14 12 14 7
27 13 42 15
41 2 26 10
37 19 47 25
27 8 25 48
22 12 32 22
49 8 29 8
6 29 41 25
1 43 37 27
27 48 45 30
44 15 28 26
21 46 44 35
30 8 26 23
11 32 41 21
24 3 31 21
15 6 26 35
18 5 45 24
28 45 10 16
31 21 17 46
14 22 19 35
20 44 48 26
32 14 30 30
32 12 33 22
10 1 33 26
23 37 26 47
2 40 38 20
22 32 47 15
16 36 46 28
17 14 26 42
49 11 48 26
39 8 5 42
13 24 20 47
7 35 19 27
26 8 39 18
21 9 18 49
35 17 20 38
13 46 45 28
5 33 10 25
48 8 35 13
31 17 8 6
22 36 25 48
24 47 18 25
19 28 19 41
26 15 43 22
25 48 0 37
38 20 23 38
21 9 26 46
29 1 49 24
14 1 15 10
36 16 47 23
9 23 20 39
34 41 18 45
49 10 22 48
42 4 46 17
26 43 35 19
23 44 20 11
18 22 26 43
19 32 21 28
46 6 1 43
44 40 18 46
30 24 23 44
18 31 17 46
38 42 21 21
27 28 35 13
27 22 13 9
48 12 19 45
7 39 7 1
25 46 13 12
35 1 47 26
14 22 16 37
31 13 23 42
12 45 49 25
27 38 42 9
26 48 27 25
47 17 19 17
17 38 39 26
31 11 48 30
45 18 20 47
35 46 13 0
12 42 38 20
30 16 4 9
21 9 49 9
33 46 22 44
15 27 48 24
17 33 2 38
13 15 41 10
41 20 31 10
25 45 17 49
38 9 12 32
43 6 21 36
36 18 27 48
32 9 40 16
11 45 48 15
36 32 23 43
40 32 47 28
10 2 46 19
38 7 40 13
47 15 19 20
2 38 9 28
30 41 6 29
47 33 5 39
36 7 42 11
8 26 36 21
15 6 41 23
11 39 24 49
7 31 2 18
20 20 14 41
41 18 49 21
33 4 43 25
42 13 35 21
30 32 46 26
32 0 21 44
43 32 30 18
21 17 11 6
33 6 24 48
49 4 19 48
27 39 13 49
36 6 15 49
3 33 35 31
25 28 41 18
30 19 39 26
29 21 49 19
25 38 24 46
18 5 12 12
34 12 25 44
21 7 2 32
31 29 24 2
46 22 27 49
42 22 26 22
43 19 23 49
40 22 13 9
1 29 20 46
3 49 26 45
33 4 29 23
10 14 23 45
8 25 49 11
32 11 4 4
17 13 35 22
35 8 24 48
31 19 46 28
47 13 35 19
35 9 39 14
37 14 31 14
40 15 40 28
18 15 48 18
16 47 13 14
31 1 21 47
5 3 45 22
21 48 3 33
22 12 49 21
24 9 21 48
20 46 1 43
21 41 29 7
22 11 44 27
35 1 42 14
46 16 37 22
16 46 28 10
10 9 32 31
25 5 18 32
37 10 18 44
0 47 46 18
19 30 48 20
13 24 19 48
37 12 47 18
24 40 45 18
40 15 25 49
28 27 43 21
17 3 7 41
39 8 9 19
17 15 22 29
38 16 19 45
33 2 47 26
19 19 43 23
18 49 23 49
47 1 23 28
46 23 17 41
40 3 28 42
19 38 27 47
28 44 44 23
0 34 17 46
32 14 49 11
33 7 20 47
37 10 7 12
27 32 27 43
21 37 37 17
18 32 24 47
32 29 41 21
34 0 37 14
34 24 40 18
24 37 26 18
41 3 43 14
2 42 3 37
49 10 22 46
48 6 17 46
6 21 45 21
40 13 38 26
40 10 21 48
41 1 22 44
22 0 5 2
15 40 39 26
30 0 35 20
28 1 43 20
33 28 41 26
48 6 28 22
31 31 21 47
11 47 40 27
44 6 21 46
23 26 41 23
27 5 46 20
25 44 34 17
11 36 22 48
36 0 44 34
38 6 46 22
22 19 49 24
10 16 43 34
22 3 10 12
42 20 17 3
38 17 43 24
20 44 22 48
31 17 40 19
46 13 48 27
14 35 20 45
41 10 22 43
25 7 24 47
29 10 49 14
45 15 14 5
34 32 19 44
20 47 20 26
47 27 23 13
19 47 45 21
33 23 17 18
28 11 21 26
0 46 13 9
47 11 23 47
25 46 20 46
12 49 48 16
18 39 23 45
45 9 18 48
17 38 48 19
23 29 49 29
32 43 49 26
36 16 42 27
37 17 6 41
48 12 48 7
