50 477 19706 800
25 6 15 11
17 37 10 17
15 7 6 6
43 45 9 30
19 11 15 30
32 46 48 23
24 0 21 26
0 18 44 33
44 40 16 30
39 14 4 13
1 19 12 33
32 35 25 17
48 7 9 31
43 41 47 28
40 38 7 36
37 1 8 33
19 34 28 31
34 23 4 4
39 41 6 22
42 40 9 30
29 27 44 31
37 44 5 30
44 45 41 27
6 42 38 37
39 41 41 28
1 47 2 30
45 48 1 33
14 5 1 29
21 25 11 37
33 10 13 31
13 20 4 31
17 2 15 39
44 38 5 33
42 42 21 18
14 41 9 29
41 38 45 28
49 41 21 29
22 26 16 14
11 23 17 16
41 21 5 41
18 6 12 36
45 43 43 24
30 2 17 38
7 29 7 18
15 7 31 23
11 36 38 31
13 14 49 30
25 41 2 47
47 41 1 17
35 22 15 29
7 7 18 2
47 35 12 21
3 19 40 36
6 15 20 28
29 35 18 40
36 42 10 3
0 21 6 14
26 47 13 26
1 18 38 30
46 39 15 29
13 32 24 21
38 37 19 30
20 5 25 25
10 36 27 36
34 33 24 33
16 6 11 23
19 8 23 10
11 42 10 15
47 41 29 41
19 18 11 42
40 41 14 30
9 47 1 19
25 40 20 26
11 8 6 19
44 46 49 37
40 43 22 44
13 40 16 38
16 46 12 26
43 41 1 33
7 39 31 42
36 24 49 26
14 26 7 31
48 41 14 7
32 4 20 17
24 3 14 25
30 7 42 36
14 17 12 32
14 5 9 18
44 46 10 27
16 11 11 27
40 17 5 25
46 40 6 48
16 33 22 8
14 39 45 26
0 19 42 25
42 7 4 42
32 0 22 35
47 44 31 34
13 13 42 35
1 30 21 25
44 42 26 31
30 49 28 15
11 40 16 21
1 34 12 31
5 28 35 23
0 17 39 32
31 41 8 23
34 12 10 40
1 20 8 25
7 12 4 8
1 42 17 36
10 3 0 35
28 5 24 28
45 39 25 24
19 10 16 43
17 2 15 24
35 35 22 41
34 46 28 23
0 46 46 23
1 19 10 30
36 5 3 17
7 43 37 33
3 30 29 4
32 9 29 33
25 45 12 25
5 29 27 19
38 39 21 31
43 40 43 29
43 44 4 41
0 16 10 18
19 0 7 15
29 0 44 36
30 45 17 40
44 34 17 33
24 0 26 22
27 41 3 12
39 19 35 0
1 27 16 21
39 40 27 32
44 39 9 14
45 41 7 32
12 6 6 46
12 11 16 16
2 18 32 36
15 10 41 28
45 43 22 16
34 1 40 34
40 42 40 35
14 6 23 25
42 47 0 2
15 1 35 19
34 49 7 39
24 17 45 33
37 19 22 19
46 48 5 37
28 1 3 22
0 13 13 23
6 19 6 49
22 17 0 25
2 20 22 41
11 35 5 47
0 19 1 30
37 42 3 25
48 42 22 35
21 34 4 37
14 8 17 39
30 43 12 11
12 3 14 29
16 3 24 30
12 7 15 24
43 43 12 16
31 6 22 29
48 47 1 28
7 6 12 20
22 29 6 29
46 43 24 30
46 48 42 32
11 15 6 48
38 7 7 2
26 48 4 2
12 5 42 37
17 7 4 23
0 15 20 41
42 46 19 31
46 44 9 16
15 3 24 38
38 49 9 25
3 13 21 11
9 1 27 28
3 1 16 33
13 6 2 12
48 46 16 38
40 38 8 47
36 3 17 10
16 5 17 29
32 26 29 10
11 46 9 29
17 30 6 36
11 48 23 27
9 47 7 12
13 12 24 30
22 44 10 31
44 45 17 13
36 10 16 45
43 44 5 0
36 11 8 18
10 39 15 16
18 19 49 26
0 20 23 33
30 1 8 31
12 5 15 28
19 19 15 13
14 6 45 40
30 6 28 28
48 32 25 45
43 38 48 30
34 48 0 8
45 41 38 31
48 43 7 20
15 40 21 29
35 21 49 43
39 46 10 45
28 8 10 44
18 32 29 30
13 5 7 35
12 1 25 29
42 40 47 32
4 45 18 35
46 42 48 23
10 8 11 27
1 40 44 39
28 46 22 20
2 18 10 16
36 12 36 34
3 20 33 40
48 44 15 30
44 44 28 30
14 5 6 21
37 44 8 25
14 25 19 14
44 39 0 3
41 31 46 31
6 27 46 27
38 2 18 27
37 3 23 42
14 35 27 33
21 47 21 22
10 10 15 21
15 3 18 43
47 40 44 33
29 14 21 48
40 39 15 34
13 7 26 40
40 46 15 13
8 18 0 30
6 4 23 15
45 21 14 20
34 8 22 20
2 24 5 16
33 18 21 34
39 40 29 30
40 41 26 2
36 7 24 25
7 4 18 22
47 41 7 16
5 19 43 26
5 41 43 31
35 39 23 31
47 47 9 7
30 25 26 22
33 5 22 22
14 17 5 8
12 22 16 1
7 36 19 11
41 28 47 31
42 6 12 27
21 29 10 1
1 18 22 24
19 6 26 31
18 3 31 33
10 48 46 38
10 34 3 12
34 49 11 28
18 6 6 38
48 48 44 27
2 20 43 37
43 40 20 36
39 46 8 21
26 43 48 20
3 40 33 41
18 3 41 36
46 44 10 47
24 12 14 18
47 41 35 24
17 6 18 29
5 36 40 27
40 2 47 23
44 37 20 31
10 7 12 22
41 41 35 19
3 9 13 23
3 2 16 35
11 3 7 31
48 43 5 29
14 8 45 26
37 10 27 48
42 41 28 22
20 35 16 27
36 32 6 34
41 38 45 29
31 43 8 28
17 15 21 25
5 6 45 23
39 45 22 29
0 14 39 35
27 47 13 27
23 37 15 30
14 31 22 33
0 16 36 39
9 31 17 26
20 36 12 39
15 10 19 27
5 34 19 38
44 42 9 48
7 8 9 38
37 7 14 8
2 18 4 35
36 7 25 26
16 40 49 27
19 48 16 27
41 41 8 20
5 36 2 5
45 15 11 36
6 41 12 49
2 40 24 25
46 47 3 41
13 10 42 35
5 0 11 16
36 4 33 30
49 43 2 40
45 40 9 25
1 33 19 38
29 46 0 36
35 4 19 40
36 3 3 8
30 12 13 24
1 12 47 23
14 11 38 35
42 32 21 36
14 40 49 29
40 43 6 32
37 5 9 34
29 42 28 37
41 7 8 16
41 39 6 49
44 35 12 49
6 1 39 29
36 41 44 30
21 38 15 43
35 2 14 26
11 22 18 46
46 36 19 38
14 10 39 39
0 23 8 20
16 11 48 31
1 31 20 31
42 39 22 21
31 46 32 18
49 40 45 35
29 40 44 33
43 48 40 32
27 41 8 35
37 49 45 27
18 5 0 4
0 21 10 25
42 41 23 24
42 9 47 2
12 37 17 29
26 46 24 42
3 18 25 30
45 44 21 35
31 4 14 39
10 2 36 38
48 36 41 37
26 23 9 37
40 38 23 37
49 15 14 21
34 48 32 21
46 42 47 26
10 10 3 16
27 46 16 23
1 17 23 17
33 39 2 14
8 31 19 41
43 41 16 33
44 39 47 24
40 45 39 37
46 41 29 31
48 37 0 6
48 37 9 21
39 19 7 33
41 46 14 16
10 47 11 11
48 47 18 13
22 34 28 22
41 45 44 24
40 42 18 14
27 30 3 36
44 39 13 32
10 12 18 32
17 39 23 12
5 22 13 19
0 22 22 23
24 45 12 9
43 24 9 9
3 30 11 48
48 45 33 22
2 22 19 0
33 10 6 48
18 9 34 43
11 13 6 46
24 36 8 22
46 45 47 23
25 3 43 44
15 7 15 36
46 45 4 8
30 42 39 32
21 24 22 3
17 5 11 16
34 1 30 25
41 38 0 6
42 29 46 31
32 5 14 29
16 21 49 30
44 43 4 39
11 46 4 9
43 40 0 28
12 10 20 33
7 39 1 48
7 4 24 14
17 23 6 22
4 18 26 9
30 46 2 16
17 2 18 20
40 42 37 31
31 43 44 24
41 46 10 16
3 14 41 22
46 32 27 28
7 33 21 15
9 1 5 30
41 3 12 36
10 41 0 7
21 30 7 29
7 7 47 22
24 11 3 48
29 23 26 18
31 44 23 41
11 7 37 35
13 45 17 42
10 24 48 35
1 20 14 43
37 42 20 43
7 10 42 27
38 11 15 33
34 8 14 18
10 17 30 16
23 35 47 24
11 2 1 31
43 44 3 35
11 7 38 32
49 44 12 36
12 38 48 23
6 47 24 20
36 20 46 34
3 20 18 19
32 48 10 25
