50 198 17782 800
35 16 18 10
36 8 23 26
42 6 20 23
21 0 36 31
28 24 15 17
22 21 47 35
20 11 11 7
12 5 10 10
20 34 7 12
8 4 46 30
45 36 37 29
11 10 32 32
6 9 19 21
9 21 37 3
5 44 19 4
8 7 22 2
3 35 6 31
23 0 5 12
30 7 20 4
17 36 4 26
8 5 8 16
29 0 38 28
3 4 43 33
36 0 29 39
23 39 15 43
15 6 11 7
35 6 40 29
1 4 5 24
35 4 43 40
5 18 38 20
33 10 18 6
10 6 2 33
23 15 47 22
28 8 20 5
35 9 21 12
20 7 35 18
37 0 2 19
12 2 19 24
15 26 5 14
19 40 26 27
21 5 34 43
13 0 23 21
26 10 36 18
9 25 37 28
20 7 42 25
9 21 34 38
9 0 11 6
3 34 18 30
15 4 7 37
8 7 35 15
46 10 46 23
19 21 22 37
2 35 11 29
22 20 33 1
24 11 28 3
30 10 30 3
12 1 22 3
14 29 35 30
2 10 38 28
31 13 17 18
16 13 14 47
33 13 36 31
25 32 35 29
33 38 22 2
8 6 34 30
25 10 13 23
13 2 8 15
35 23 14 6
27 23 20 7
12 20 12 1
8 10 22 5
18 10 49 44
21 19 27 0
10 37 13 14
15 1 7 17
16 30 20 8
27 14 35 28
18 29 16 1
3 0 12 19
22 13 40 26
11 0 14 7
10 18 41 29
22 30 15 9
36 8 41 34
12 27 16 19
10 1 37 30
20 24 16 11
17 27 35 41
11 28 19 21
11 6 2 30
6 1 25 8
4 2 11 45
0 38 7 22
25 1 12 24
35 4 11 0
12 10 25 38
4 33 20 7
13 5 39 31
3 32 15 6
34 1 5 16
13 4 22 18
20 36 4 8
8 4 49 34
31 8 10 8
29 9 15 3
17 6 40 17
12 6 20 22
31 10 25 7
16 24 44 17
6 19 17 24
8 10 36 27
14 28 24 16
14 25 40 9
38 8 26 6
19 8 28 14
4 2 19 6
15 4 34 31
3 29 23 10
20 9 25 16
16 10 35 29
40 12 35 30
10 25 17 12
3 30 42 42
14 0 34 6
19 35 37 33
16 10 22 21
23 6 0 8
40 4 3 4
29 12 37 32
3 15 37 27
31 7 15 25
20 23 35 32
10 5 13 17
20 0 15 8
21 8 11 22
4 27 40 32
15 5 26 18
6 33 1 29
24 23 38 30
20 2 11 7
37 10 35 34
3 4 13 4
32 14 35 6
6 33 26 13
12 0 21 17
15 5 22 1
8 4 39 26
19 0 33 17
25 31 20 14
12 6 8 23
29 37 23 13
9 6 31 1
30 6 16 14
15 28 30 1
32 5 20 6
23 25 31 16
5 29 9 12
15 2 27 9
10 7 25 2
20 2 45 32
35 2 14 8
20 2 11 3
20 0 23 17
15 15 45 24
28 21 49 27
22 11 3 28
7 29 18 2
26 3 43 22
33 7 7 6
12 4 28 48
12 30 38 25
21 35 38 33
0 6 43 39
18 1 14 22
40 1 15 12
34 7 16 48
40 9 6 1
37 7 0 9
41 28 17 29
13 3 26 3
13 23 15 13
33 3 11 22
7 0 5 22
40 7 18 18
5 6 19 3
1 3 32 29
0 45 8 21
7 24 32 22
36 3 34 28
7 29 24 12
10 3 20 9
8 3 27 6
11 4 2 7
14 13 29 9
29 6 19 13
20 20 35 29
21 1 9 28
26 10 4 29
