50 721 19432 800
38 3 31 8
42 22 4 37
41 1 17 12
32 4 29 19
33 42 42 9
22 30 4 44
19 47 22 1
18 49 5 35
39 4 9 31
23 14 19 12
31 16 27 13
12 8 48 16
10 16 21 17
32 33 23 12
37 19 49 34
39 19 3 34
15 45 46 0
34 27 40 3
47 27 29 4
15 15 38 14
33 45 36 6
18 14 42 43
33 35 14 0
29 45 13 10
25 41 31 11
26 16 2 49
10 23 25 7
6 37 33 4
41 4 13 47
39 0 10 37
38 5 0 40
11 18 40 38
16 2 31 2
31 31 0 41
10 20 4 44
1 17 47 25
13 48 8 36
47 13 0 45
11 14 20 16
12 24 31 12
24 26 27 9
11 23 1 41
37 34 20 7
20 24 24 12
39 25 24 13
8 30 33 15
36 32 27 8
32 5 5 37
33 24 37 5
33 17 11 39
35 2 27 10
35 17 7 10
47 18 12 30
38 4 31 15
36 4 45 18
17 31 3 40
20 43 4 31
5 17 38 16
36 30 1 36
5 19 40 8
14 49 27 9
7 4 2 32
42 26 4 39
13 16 0 39
36 6 28 5
43 32 0 30
33 1 34 13
43 44 34 44
16 19 31 2
41 24 20 3
10 12 37 13
1 17 31 10
38 4 24 1
23 4 49 11
36 1 9 41
13 7 32 25
18 4 24 13
39 24 2 48
39 2 21 9
25 10 6 31
21 17 26 35
25 21 11 32
30 38 23 4
34 25 45 4
5 37 35 5
37 16 22 40
3 18 28 1
37 5 24 26
37 17 6 34
26 37 25 6
4 27 45 9
40 2 44 43
23 39 27 5
7 13 1 41
31 33 37 26
21 33 26 8
5 2 12 42
37 16 19 3
31 37 29 21
43 30 48 8
44 24 29 32
25 25 26 12
27 34 30 17
22 33 34 12
23 36 12 29
42 26 26 26
0 23 21 41
22 17 34 3
40 40 11 38
28 18 21 13
17 18 2 34
37 13 1 36
12 10 44 30
11 47 20 11
13 11 25 3
36 33 30 19
35 35 39 0
0 22 27 10
18 10 17 36
32 23 42 32
0 18 26 12
37 2 34 13
16 5 47 8
15 23 34 9
43 25 26 3
28 24 41 12
15 36 12 10
36 20 33 10
39 22 41 14
7 18 11 34
47 42 5 46
36 6 44 10
37 27 25 14
2 27 38 4
16 4 4 40
14 32 25 5
22 24 12 6
39 5 33 10
33 32 26 39
34 16 22 30
6 7 15 44
28 42 30 16
19 31 37 17
33 30 28 7
40 46 9 46
11 19 5 38
35 19 38 15
10 2 39 26
44 19 28 7
26 15 49 4
44 17 26 11
9 16 33 35
16 4 4 37
21 2 20 11
4 27 11 37
15 28 32 17
22 42 32 4
15 18 28 13
7 5 47 2
35 39 17 16
17 27 37 19
31 16 1 41
32 28 8 45
37 26 8 41
0 24 5 39
34 37 21 13
10 3 44 14
38 1 37 17
48 48 33 20
0 21 46 39
36 22 35 8
4 20 19 36
9 10 23 13
37 17 3 37
2 8 34 22
25 10 30 3
27 46 15 49
9 25 19 7
1 27 31 3
46 7 24 13
5 8 39 3
9 8 25 11
8 18 2 44
3 18 32 34
11 6 19 18
18 46 49 10
0 22 37 5
46 10 27 32
23 26 24 5
31 10 27 22
25 13 35 40
39 2 22 13
19 25 2 43
24 40 5 38
9 6 46 48
13 20 11 36
36 24 42 33
10 18 30 5
34 4 9 39
36 26 10 20
25 39 31 1
32 28 27 45
11 12 6 32
8 15 18 13
49 32 16 12
22 13 33 18
32 17 2 44
37 14 28 15
39 17 28 9
6 10 3 24
14 21 41 30
42 2 46 5
36 4 28 4
27 48 24 13
24 22 36 1
31 25 1 22
35 5 15 24
12 23 42 1
39 27 40 11
42 11 32 6
18 38 11 49
25 37 29 21
2 43 34 8
44 32 10 29
42 49 8 30
36 2 46 9
31 29 34 11
39 2 31 10
26 26 14 28
27 6 3 49
34 5 7 47
19 14 26 16
3 11 3 42
23 41 21 2
31 27 47 21
13 0 48 16
44 7 23 9
6 3 47 17
21 35 36 40
7 25 31 4
17 36 26 1
31 15 8 41
6 6 21 6
5 40 12 28
36 26 29 14
34 23 14 4
6 25 44 10
46 14 35 42
38 5 22 24
0 28 33 42
47 25 31 47
24 39 25 9
11 1 21 18
31 26 43 12
4 1 29 1
45 29 24 4
39 7 37 41
7 9 27 41
24 42 3 40
37 26 33 0
25 9 23 13
16 11 28 10
36 6 40 5
7 24 1 45
40 36 9 42
42 49 32 12
29 23 11 40
12 26 41 8
38 7 7 48
39 4 33 9
49 36 29 5
49 19 26 15
19 45 10 42
8 17 45 17
11 2 37 20
43 28 0 41
14 7 32 15
1 25 23 10
24 11 37 18
24 30 26 7
5 3 28 11
0 3 48 8
38 1 36 4
45 16 8 29
32 26 41 8
3 9 26 10
32 12 32 2
49 4 3 44
42 23 34 11
14 1 12 26
49 2 31 19
25 31 20 17
24 19 39 13
36 24 3 34
41 2 17 2
6 27 35 7
20 35 29 5
16 5 43 8
22 12 10 43
27 24 41 31
25 37 38 15
37 24 21 11
12 6 22 15
35 3 31 17
26 24 8 40
19 40 31 18
39 9 27 14
36 25 31 13
47 30 3 32
49 18 10 35
0 18 29 11
32 37 27 2
22 5 27 39
34 48 45 20
38 14 28 15
2 21 20 10
31 40 6 41
36 1 30 17
12 22 28 10
31 44 26 5
28 27 31 5
13 38 3 24
31 31 13 39
29 24 37 13
19 40 18 6
35 3 39 16
20 46 29 5
26 28 19 0
38 4 46 14
32 21 28 6
23 36 38 10
2 27 11 48
38 3 29 7
20 48 15 46
10 2 31 7
36 17 8 31
28 47 14 40
23 39 3 34
18 31 17 8
0 15 0 44
39 3 21 36
5 7 37 38
27 12 25 7
5 37 41 22
32 22 12 32
15 1 34 12
42 27 6 40
16 31 39 32
23 9 4 40
18 0 4 30
9 5 30 13
45 43 22 1
24 18 14 6
48 23 29 15
30 35 24 22
7 14 0 37
30 26 14 40
22 19 29 49
10 26 3 19
37 31 32 7
11 36 38 8
41 21 34 6
9 32 40 15
34 6 28 1
36 24 6 38
38 0 23 49
3 28 10 33
23 17 33 47
1 27 20 15
22 11 30 18
21 6 39 14
20 47 6 43
4 25 18 17
2 11 19 4
35 23 2 43
12 17 37 14
23 29 21 7
24 29 32 7
35 28 43 10
36 5 21 4
26 27 43 3
10 3 37 11
35 17 33 49
1 17 10 47
12 31 46 19
18 5 15 42
33 18 9 48
5 23 10 44
44 0 16 32
38 29 37 15
38 2 35 16
1 49 31 44
25 30 31 14
34 19 35 3
10 0 11 47
30 41 36 48
31 18 16 8
36 23 37 32
11 31 38 31
45 1 31 5
36 6 34 11
38 35 2 34
20 33 32 6
31 24 16 10
32 25 28 17
26 43 24 28
38 5 20 49
8 4 28 10
37 28 41 9
12 5 7 41
38 21 3 48
1 33 30 6
22 1 7 37
6 31 24 9
40 49 41 32
22 14 6 42
11 14 0 31
2 29 18 6
23 35 32 1
37 44 35 23
34 12 26 7
20 3 41 2
19 12 33 41
30 24 29 10
21 20 39 9
40 1 8 40
41 29 24 15
39 5 27 24
35 32 33 43
20 24 4 34
37 2 4 40
27 36 5 45
30 36 28 26
31 4 33 19
4 22 28 11
25 45 49 3
28 18 32 0
37 0 33 17
6 25 12 35
17 24 8 25
31 33 9 39
23 26 27 4
14 27 6 43
27 25 46 0
32 2 3 39
11 0 22 9
14 18 18 13
29 10 18 13
20 42 4 40
37 34 2 36
35 19 40 5
16 9 32 1
35 2 0 46
36 24 35 30
38 1 23 10
27 3 1 45
45 27 40 44
37 1 10 33
24 34 31 8
7 10 38 16
5 23 46 0
29 18 13 35
37 31 15 17
0 23 12 2
41 22 19 5
49 27 13 39
13 14 5 36
4 15 16 16
32 7 28 11
35 14 6 35
35 21 10 45
40 13 33 6
3 8 2 45
38 2 34 8
27 13 8 44
3 8 15 4
38 19 36 2
1 11 33 4
28 22 19 19
32 16 31 12
8 10 16 10
8 32 7 26
46 19 44 12
39 12 36 23
16 8 34 19
22 5 41 14
40 30 25 7
34 17 38 11
46 4 10 39
2 38 15 47
25 17 35 3
15 28 18 5
38 1 10 33
45 7 32 3
13 11 8 48
36 31 0 36
27 31 8 29
40 49 17 6
29 24 9 41
28 30 9 40
24 24 7 41
47 23 27 0
28 21 37 6
34 34 33 15
34 1 27 17
8 18 27 2
21 27 16 18
15 43 22 5
25 42 3 45
0 22 21 19
26 26 9 37
14 25 30 4
8 4 27 12
24 32 31 6
12 18 3 39
39 2 1 35
0 16 1 41
29 46 25 42
25 17 26 10
0 35 31 4
13 0 29 3
32 15 25 14
28 9 20 15
0 7 29 10
39 44 28 11
15 6 32 31
8 1 21 12
41 18 33 14
6 18 12 34
18 10 26 10
0 26 3 36
0 6 4 30
4 30 41 39
28 41 20 11
6 15 26 22
16 21 33 44
14 6 37 29
37 27 44 9
10 3 29 8
6 16 36 8
26 44 31 20
13 4 31 3
29 26 4 30
6 0 49 12
14 33 39 48
12 2 5 34
9 38 28 2
40 1 34 13
19 40 36 7
12 16 13 23
37 2 19 15
19 37 39 3
34 30 15 22
24 32 30 15
16 36 2 37
27 4 5 28
18 42 5 38
42 30 10 34
2 23 28 14
3 3 27 18
10 11 46 27
16 10 6 41
40 35 32 16
42 8 29 6
24 25 14 18
46 1 29 3
26 29 34 13
36 35 8 41
24 47 2 43
36 0 31 0
44 20 19 40
36 18 15 29
1 29 24 21
4 31 0 44
15 0 10 36
12 18 16 3
24 27 22 12
28 28 24 1
21 25 13 43
10 22 0 34
29 14 7 29
10 34 23 6
27 28 3 33
0 16 20 22
43 11 27 2
38 2 44 48
20 3 3 48
28 28 11 46
16 21 29 15
29 18 25 4
44 28 5 40
17 24 13 31
1 33 34 10
29 29 37 42
42 18 4 35
16 2 47 5
26 45 34 38
42 11 39 7
3 27 10 45
29 26 35 11
43 30 26 10
32 34 45 2
10 25 21 26
13 49 17 3
44 45 25 10
33 7 4 37
25 34 27 8
38 27 25 15
36 5 24 13
6 10 8 26
15 43 6 26
4 23 7 37
8 35 22 22
37 19 16 39
32 15 8 49
23 6 3 41
7 7 31 6
43 27 38 44
43 27 49 48
20 18 3 36
35 17 8 46
21 39 3 24
5 21 8 35
13 33 48 41
13 5 19 9
48 31 5 46
35 43 6 30
16 9 36 2
19 2 6 24
19 30 31 15
45 4 15 48
14 10 44 14
4 11 39 0
23 15 32 1
19 6 22 8
11 20 12 32
39 6 29 9
35 9 38 41
39 27 40 6
27 25 36 6
34 2 1 35
33 15 43 20
9 19 35 39
10 4 27 2
5 21 27 0
32 15 5 34
23 45 23 26
18 19 35 5
8 27 27 5
15 10 39 31
37 24 45 13
10 28 27 1
42 16 36 19
23 0 40 13
10 17 25 20
6 17 37 45
7 26 6 40
33 46 23 1
27 21 1 40
10 17 15 0
20 0 27 7
5 35 31 6
16 37 30 17
44 35 25 13
44 32 13 6
31 45 15 37
9 12 40 6
27 10 30 14
34 5 26 2
25 46 0 37
2 29 22 16
47 38 38 16
17 26 45 41
16 43 2 36
37 12 32 3
14 9 32 21
26 23 39 38
19 30 21 18
19 38 33 13
15 2 8 37
20 28 7 43
26 33 13 37
33 34 6 37
32 23 25 9
26 20 38 5
31 28 19 4
8 2 28 14
31 12 24 6
7 25 25 13
41 15 21 26
16 7 11 39
6 27 32 13
21 15 37 13
7 22 2 47
38 30 36 37
42 11 0 47
42 38 40 42
34 29 12 22
20 39 46 14
14 14 3 35
21 8 2 48
44 16 25 14
34 25 4 36
41 5 7 32
21 6 28 10
4 24 26 2
31 17 13 41
39 2 24 3
43 1 31 13
3 23 40 49
33 22 7 34
44 15 31 0
28 25 20 3
25 25 33 41
14 30 13 35
40 13 44 2
37 3 23 10
36 24 2 31
26 8 32 41
17 17 27 4
47 1 29 40
