50 954 18780 800
17 37 7 45
25 33 26 12
32 34 27 37
37 45 27 42
34 35 29 28
40 23 31 15
27 44 23 26
24 46 8 32
26 40 21 27
40 12 28 14
35 28 30 37
32 45 4 10
25 22 17 29
27 5 34 15
38 46 31 43
28 40 43 41
44 34 17 27
33 25 27 42
39 46 19 23
23 33 32 35
38 16 0 48
33 31 11 49
40 25 23 24
42 35 19 31
44 20 27 46
28 48 34 32
38 26 19 19
37 16 30 49
47 32 0 49
41 28 16 31
32 9 34 25
45 33 1 37
28 18 16 28
37 15 31 23
30 29 26 41
36 21 20 13
27 35 33 35
27 21 4 39
31 14 49 17
39 47 5 30
45 15 47 22
30 46 37 33
34 36 34 17
38 16 37 33
27 9 30 31
32 49 39 30
48 30 23 25
46 15 37 19
39 48 31 41
33 18 20 23
25 47 42 0
45 10 41 13
45 15 12 28
33 32 39 31
39 15 4 46
42 11 28 15
43 33 6 42
38 11 33 40
39 23 5 44
34 29 23 7
43 9 17 34
30 23 4 31
34 12 31 38
39 10 36 41
23 10 32 28
46 23 20 9
32 33 32 44
40 16 15 22
44 9 29 41
49 27 36 40
39 13 44 9
37 14 38 23
48 17 17 10
40 42 29 38
36 12 35 36
31 40 41 35
38 24 14 23
31 38 43 33
25 48 21 17
27 48 39 38
29 46 36 35
18 0 12 23
39 37 29 34
44 28 2 40
40 19 37 28
41 20 6 46
12 7 33 34
40 16 8 44
41 37 3 49
39 28 7 24
40 39 4 44
18 3 11 27
33 47 33 8
43 48 39 10
35 43 8 43
41 21 31 18
39 20 19 33
12 15 31 35
19 12 24 23
41 15 20 1
42 32 35 32
42 26 27 18
20 6 34 39
42 43 28 39
18 35 34 21
35 40 11 21
36 31 37 36
39 14 33 40
46 38 10 17
41 23 26 12
31 18 45 23
36 36 34 12
27 44 45 12
39 24 21 17
33 37 33 7
38 32 1 47
39 11 34 45
42 48 29 38
36 36 45 17
38 15 29 16
15 11 22 3
32 46 13 38
33 3 42 49
37 24 30 13
44 32 34 25
25 31 7 28
30 38 45 31
45 23 8 46
38 25 9 30
47 25 6 48
33 29 35 33
42 26 18 23
24 46 32 15
30 45 34 36
45 21 6 46
31 22 35 35
43 41 35 40
43 15 36 31
43 26 30 45
47 23 30 11
26 43 4 46
46 9 30 34
29 44 31 11
28 40 13 27
35 9 31 37
28 44 36 38
29 40 32 34
41 24 5 44
37 9 6 47
13 11 44 27
48 40 11 26
43 20 31 10
15 40 12 45
35 16 30 40
32 36 43 33
45 28 10 32
46 27 9 29
19 39 32 35
25 27 0 24
33 27 39 35
28 40 7 47
18 47 31 26
41 43 14 24
49 30 40 43
20 16 28 18
39 6 15 11
39 25 44 31
25 38 29 31
39 34 36 40
41 20 28 7
24 20 29 36
41 41 33 29
42 18 32 36
42 46 32 37
40 43 25 16
27 49 11 29
27 9 11 20
35 32 43 31
49 35 36 22
49 23 41 28
36 33 28 28
41 28 36 33
43 24 6 41
49 34 31 9
46 21 36 14
35 41 25 10
36 15 15 27
23 25 28 40
36 35 38 19
43 25 14 31
39 7 12 27
30 21 42 36
37 28 8 44
41 49 8 30
39 26 14 23
47 29 16 27
25 13 28 11
34 46 43 32
31 32 27 44
36 32 32 13
46 37 31 35
36 11 12 36
30 48 10 26
40 17 9 32
36 49 18 13
17 12 32 10
42 22 28 25
44 48 43 3
6 11 32 16
31 43 23 21
9 45 26 18
42 29 40 41
38 33 18 27
27 10 27 28
36 13 30 43
37 23 36 38
24 21 33 40
39 14 29 30
24 39 30 5
34 24 12 24
25 33 17 35
43 10 34 17
19 22 35 38
33 11 31 16
24 40 36 22
31 21 13 2
36 49 12 29
41 16 5 33
32 16 37 38
43 22 35 25
15 30 33 12
36 36 35 29
40 37 32 9
47 30 34 14
41 29 42 19
33 5 31 44
38 21 30 24
22 15 7 43
34 34 39 36
42 42 30 42
37 14 6 31
39 29 14 21
43 29 6 24
47 31 34 37
38 33 28 31
35 24 34 7
40 13 37 11
42 37 17 26
40 22 39 10
8 36 35 16
34 33 6 23
29 9 10 39
39 14 29 36
40 14 16 37
47 45 31 34
46 20 18 29
32 49 9 43
44 32 35 14
34 49 35 35
40 47 5 41
35 47 31 12
46 33 35 37
40 30 30 38
46 14 33 39
29 39 34 40
32 21 30 29
23 37 8 16
38 20 44 34
34 29 21 6
20 1 11 28
38 18 27 36
41 7 23 13
35 26 32 35
39 35 33 34
17 7 35 35
33 27 44 35
45 7 11 27
3 20 34 35
26 35 12 30
42 25 37 40
44 9 20 38
25 45 31 37
37 25 38 39
25 6 17 32
16 30 19 25
37 14 8 28
47 34 7 28
14 45 7 42
43 4 2 49
12 41 8 46
29 43 33 12
28 0 21 23
38 26 29 10
28 45 18 33
30 38 36 39
44 22 29 15
42 43 36 39
45 22 9 35
30 18 18 36
42 17 32 38
43 15 14 23
46 15 35 16
18 44 42 26
39 25 36 33
16 13 14 49
44 24 19 37
38 22 28 12
39 37 47 8
33 16 33 5
25 28 2 45
32 19 18 32
33 20 31 15
23 26 7 49
35 12 16 22
36 28 3 40
16 29 33 12
44 29 46 37
29 21 41 39
45 41 32 26
33 40 15 30
35 42 22 32
40 22 42 31
34 38 19 33
42 22 38 39
44 12 39 39
24 33 49 25
45 13 39 38
40 20 15 16
30 41 36 33
34 10 12 15
41 14 17 32
44 35 27 21
13 1 35 33
39 15 35 38
44 7 33 41
17 14 38 40
36 29 15 33
19 45 18 35
42 29 20 25
33 18 32 14
37 5 16 35
29 38 35 11
30 17 10 45
12 16 45 0
49 21 32 42
41 40 34 33
37 5 14 28
24 46 32 24
45 32 32 12
38 29 38 42
41 15 37 21
22 37 42 10
43 47 2 45
37 14 8 38
38 18 32 41
32 14 33 38
34 16 32 42
38 18 33 41
39 11 31 11
45 48 21 40
36 41 2 48
25 44 31 37
30 32 37 7
37 49 9 36
45 30 35 29
48 48 38 36
42 29 34 36
35 13 24 26
35 13 16 25
37 23 35 10
43 27 31 39
39 34 15 28
41 6 22 36
24 33 33 14
25 38 41 23
33 40 42 26
32 38 13 31
46 36 30 17
20 34 6 43
46 22 18 31
47 17 30 18
22 11 33 36
47 21 45 28
45 22 6 30
40 7 32 14
35 29 23 43
33 38 30 10
35 8 30 38
46 39 32 38
32 14 27 27
46 38 34 16
21 17 29 42
16 15 48 19
23 13 15 24
44 40 32 37
46 39 19 6
41 27 34 31
43 9 21 33
24 36 33 9
38 14 26 22
25 49 41 23
39 39 39 29
20 28 38 37
45 49 31 41
47 32 4 12
29 31 9 36
39 13 36 17
27 31 16 31
34 31 41 36
47 20 14 21
44 18 34 37
34 22 16 6
10 41 42 34
23 38 15 47
49 10 35 36
35 14 34 35
41 47 30 34
28 39 19 35
18 0 16 41
47 42 2 45
30 31 20 26
40 11 16 30
17 5 31 37
46 13 27 23
45 14 30 12
35 41 47 26
6 48 28 23
45 19 17 24
23 49 21 38
40 19 35 19
45 10 1 48
38 43 37 21
45 13 40 6
35 26 31 39
37 19 31 37
29 35 9 48
40 17 6 48
44 32 14 35
47 16 26 21
40 30 24 37
34 16 32 31
40 41 8 40
44 35 27 36
38 18 32 43
40 40 8 24
41 23 32 12
40 29 13 29
24 34 47 41
42 41 22 26
39 27 33 36
25 43 33 20
42 20 6 43
22 6 8 46
28 46 9 30
31 47 45 31
23 44 32 38
14 35 35 10
36 38 8 0
30 3 15 34
43 41 21 22
17 38 35 38
21 40 11 31
40 14 29 27
47 28 31 42
45 45 34 14
35 19 15 20
39 15 43 27
37 14 27 39
43 6 3 42
21 38 16 32
44 35 30 37
32 28 1 47
36 27 35 40
49 18 35 36
36 17 33 15
48 22 14 37
37 15 29 29
25 42 3 22
38 17 35 35
18 41 11 44
45 7 34 48
43 39 33 36
37 32 33 35
22 48 23 27
33 14 37 28
20 45 33 31
42 15 3 20
47 37 37 42
34 23 8 23
40 20 35 12
38 14 4 41
48 33 11 19
20 16 40 21
32 5 3 44
40 11 15 12
34 32 32 7
37 26 36 15
39 37 6 44
40 15 30 17
15 33 32 34
35 41 44 0
27 12 47 37
36 31 11 18
21 17 16 27
44 46 39 40
49 40 24 31
40 5 4 42
30 43 16 29
42 44 34 40
32 39 8 45
44 30 31 39
42 40 33 40
34 29 16 28
37 13 31 42
36 49 33 16
41 29 44 31
42 34 30 38
23 19 35 38
44 10 8 42
28 40 42 31
19 34 22 32
19 38 34 11
41 10 33 11
36 8 3 45
42 20 29 10
39 15 37 40
28 31 3 46
41 24 1 48
39 46 36 35
41 32 33 31
32 35 44 35
28 42 32 17
46 7 23 40
30 33 30 17
30 25 40 41
32 15 30 27
42 25 7 32
30 44 33 24
40 4 0 48
22 45 30 1
41 12 45 32
35 14 39 47
43 5 30 40
30 10 30 39
36 10 32 40
38 42 45 3
19 45 26 23
33 26 11 32
24 16 33 32
45 32 5 31
37 12 31 42
41 36 33 13
45 48 30 40
34 38 10 44
8 39 35 41
43 32 17 13
26 30 18 35
27 46 26 34
37 46 32 40
32 26 39 41
39 23 8 48
15 41 33 28
20 44 33 40
45 47 8 32
34 47 4 41
44 18 22 23
47 40 38 34
16 32 18 16
36 22 24 34
46 22 21 8
31 13 3 25
30 6 20 31
28 14 32 38
44 18 41 48
35 10 6 28
42 29 33 48
28 49 39 38
44 22 37 39
36 32 40 30
31 34 17 19
40 33 3 46
49 12 12 43
46 14 17 28
40 13 28 29
40 9 18 34
44 47 41 38
44 12 23 27
34 47 13 42
43 24 32 9
43 19 32 6
36 48 4 40
46 20 10 32
30 44 36 39
41 31 2 44
26 25 12 33
37 27 29 24
32 42 35 40
35 39 37 42
37 14 27 11
38 25 41 3
6 34 37 39
43 36 5 44
17 7 37 34
38 31 35 29
16 47 46 25
32 17 31 9
37 38 32 39
36 17 30 35
36 43 29 26
28 45 41 31
41 31 38 40
42 44 48 29
23 44 26 25
24 46 34 14
47 22 37 40
43 14 31 31
22 32 1 45
34 22 31 15
36 41 38 27
31 3 40 33
25 42 19 29
36 37 37 43
25 45 41 10
44 38 32 36
38 21 16 35
17 37 34 13
33 31 28 40
34 37 30 15
43 35 6 49
44 16 17 0
33 21 35 43
18 47 32 11
46 18 37 44
23 5 28 41
42 28 29 37
34 43 35 20
35 23 26 34
35 25 26 39
36 26 22 20
47 34 7 46
44 11 13 46
40 9 17 36
20 8 33 40
33 10 3 44
24 49 33 39
29 32 5 26
42 14 6 44
40 34 30 37
48 26 34 37
45 45 37 35
47 44 45 32
35 23 34 32
36 29 6 45
41 48 33 36
27 42 28 16
47 29 45 15
43 39 34 29
33 40 39 20
35 40 10 23
33 42 34 38
40 25 14 33
33 25 15 30
46 24 33 33
32 19 41 42
25 37 29 15
44 15 13 47
27 5 24 10
33 35 34 7
47 22 33 10
31 29 29 13
47 36 31 39
39 19 36 29
22 36 18 32
43 15 7 26
31 20 30 44
10 0 34 37
24 49 32 37
37 31 37 37
44 43 18 32
45 34 4 23
36 39 44 45
42 43 31 19
25 35 10 31
40 34 35 38
40 49 34 36
31 39 5 42
41 17 31 14
39 12 3 48
25 42 27 1
40 23 16 34
39 31 31 29
31 35 32 13
37 9 19 24
43 16 35 16
48 6 27 7
15 0 3 40
24 38 44 24
28 45 32 32
49 32 34 41
26 39 36 4
49 21 31 42
32 35 48 19
35 10 0 42
40 44 16 33
41 24 34 41
24 43 31 33
44 9 40 26
44 22 41 29
47 44 30 10
41 18 33 36
23 42 43 33
45 28 8 25
39 9 43 32
43 43 33 40
11 7 41 39
40 40 34 37
37 39 29 40
18 43 2 41
13 13 33 41
28 22 32 12
38 9 40 34
25 33 38 31
46 9 31 39
43 47 48 35
15 45 43 45
33 29 21 0
46 17 20 31
42 4 36 31
32 12 26 36
48 33 42 36
44 37 39 37
43 47 8 23
15 45 33 41
45 24 35 35
40 5 7 37
44 37 27 49
34 18 33 13
37 19 32 41
30 34 37 17
38 42 32 31
48 31 22 26
32 17 8 48
38 34 16 30
35 18 31 10
35 26 28 41
40 35 34 8
43 14 40 38
26 44 34 39
47 49 45 35
20 39 21 28
42 13 10 22
32 31 19 24
43 42 10 24
48 32 1 41
34 15 36 43
23 40 16 27
15 28 43 15
24 11 34 32
43 34 39 25
42 42 41 29
43 35 30 11
41 47 39 33
34 22 42 47
5 15 30 15
31 19 26 39
24 22 39 44
40 17 29 23
27 33 46 34
42 12 14 41
37 48 30 12
35 2 25 16
39 42 35 16
49 40 5 46
33 46 46 34
18 5 41 25
43 27 42 36
28 25 28 41
36 5 36 11
11 48 38 38
43 27 20 36
40 38 30 27
41 38 27 30
44 29 30 13
27 18 1 47
42 24 0 46
22 4 32 29
35 23 32 10
33 43 5 40
39 28 19 21
48 39 34 38
36 40 27 14
38 34 44 38
41 17 22 16
14 42 19 31
47 8 7 25
26 24 1 49
40 18 15 32
37 13 4 36
32 9 37 36
44 29 31 35
39 47 30 22
44 18 22 26
45 19 14 30
34 20 32 34
32 18 13 23
18 45 43 38
35 20 32 26
23 47 4 35
32 17 23 21
43 35 24 22
40 30 35 36
44 39 15 29
39 49 34 34
49 36 32 37
41 31 1 25
27 45 38 29
42 27 32 41
47 20 14 30
33 31 18 33
36 22 24 38
33 29 15 27
39 11 29 17
43 24 13 24
40 34 15 43
49 33 28 23
38 16 26 21
17 45 47 30
42 26 16 29
44 32 6 46
44 40 35 36
45 18 34 38
43 9 18 23
42 18 17 27
31 28 8 45
44 14 27 34
35 28 37 32
30 45 29 25
32 29 28 11
45 28 34 40
44 28 18 33
48 12 33 14
45 42 33 40
19 5 35 12
46 31 17 32
20 21 5 48
29 28 37 39
37 15 44 38
42 44 34 4
36 32 33 15
46 47 2 48
33 17 43 44
38 41 35 30
27 25 17 23
44 46 47 15
47 35 28 38
40 10 33 32
25 42 29 39
31 25 15 49
36 16 5 24
11 16 32 32
21 16 38 37
41 32 25 21
40 24 24 38
34 22 10 25
36 12 25 34
41 19 38 44
43 46 5 47
35 10 29 0
42 25 37 34
34 30 2 45
49 6 20 18
33 42 25 19
35 27 28 24
38 43 11 30
38 19 29 36
37 44 9 27
23 30 13 31
42 12 30 14
24 38 29 41
28 46 34 38
35 44 37 37
33 28 14 32
33 26 12 27
43 19 6 47
24 36 38 28
41 25 24 26
39 47 29 36
46 12 18 27
14 19 31 40
42 37 30 39
42 17 37 30
37 26 11 42
32 26 10 43
11 13 42 23
13 9 13 44
42 45 30 39
21 43 38 39
44 47 18 31
47 43 41 36
39 10 29 10
35 26 32 41
49 20 34 41
42 27 33 32
26 38 33 34
45 43 5 43
40 10 30 32
22 28 31 12
36 24 26 37
38 32 19 30
47 16 34 40
43 16 17 17
33 38 14 23
25 32 40 19
34 25 30 7
28 46 27 35
43 0 33 46
40 18 35 20
28 49 43 39
42 39 11 28
41 30 35 13
44 36 23 33
32 22 21 17
37 22 39 35
40 6 18 27
39 21 28 36
44 34 30 45
37 28 32 9
43 38 4 46
36 41 16 29
47 38 17 36
16 3 20 32
38 44 42 36
38 14 38 39
39 19 22 47
45 15 16 26
43 36 20 27
24 34 29 10
39 18 15 16
34 7 31 34
42 30 35 38
40 28 10 39
42 14 46 40
23 49 32 37
36 11 23 12
27 43 6 49
28 34 20 15
9 26 29 38
28 31 10 30
37 11 2 41
13 13 34 11
40 24 30 40
34 44 14 9
25 32 32 39
22 48 28 41
