50 58 12561 800
24 14 35 32
17 37 45 29
12 29 40 24
23 16 38 47
22 25 2 20
27 15 44 29
13 13 10 4
30 17 9 16
18 23 46 17
33 21 9 37
32 30 44 12
10 16 16 32
32 7 15 9
33 17 27 9
3 18 24 29
37 16 37 37
34 12 14 21
0 13 38 30
12 15 30 11
19 15 21 35
2 29 45 28
29 16 25 15
42 18 36 31
0 23 44 15
24 31 22 11
26 13 42 27
14 4 37 26
8 7 15 12
18 23 44 44
35 19 28 26
24 18 4 7
4 7 45 14
33 7 18 31
13 11 37 17
19 17 18 41
13 31 28 12
5 23 35 16
5 20 20 31
0 24 27 28
47 3 22 34
28 34 40 33
14 1 9 16
7 11 28 10
29 21 43 24
30 24 36 46
38 31 33 31
27 28 7 10
25 16 36 37
22 26 37 41
28 27 37 7
30 6 47 13
7 16 46 31
0 1 9 19
24 18 15 5
32 27 38 24
23 21 41 36
26 25 27 39
0 20 44 21
