50 1025 12813 800
7 35 14 49
14 36 11 47
39 42 40 35
23 14 5 45
33 10 13 1
34 16 11 4
37 46 42 11
49 27 41 39
11 37 10 12
39 49 34 26
29 7 10 45
26 44 36 49
30 34 11 19
29 21 42 40
22 15 17 28
18 19 39 43
30 15 16 29
18 5 40 43
31 12 39 39
37 9 25 19
9 7 41 42
24 19 40 38
18 30 7 5
15 32 37 17
38 16 45 24
37 40 13 48
43 5 43 18
19 13 39 37
36 1 42 9
25 33 3 19
15 44 9 9
6 4 44 29
20 19 40 42
6 20 33 1
17 36 42 39
16 31 8 47
15 41 40 38
33 34 32 10
16 48 37 40
47 33 14 8
16 22 8 47
13 38 40 40
37 11 7 43
34 6 2 9
34 33 3 14
0 35 3 3
15 27 9 9
15 41 42 40
33 11 29 33
23 44 41 36
21 28 37 38
25 24 25 1
12 40 4 11
32 10 3 10
10 34 13 49
22 46 1 6
20 8 12 8
38 2 44 36
9 41 38 34
33 46 17 3
21 39 14 1
24 30 6 4
41 35 11 43
5 42 40 36
16 47 40 40
11 10 42 38
10 12 8 44
2 22 45 37
13 30 38 39
48 38 41 39
35 0 40 38
45 44 39 40
35 31 40 42
19 24 10 49
20 29 37 38
38 1 37 38
0 28 20 11
31 22 39 39
32 33 41 39
41 24 34 35
29 0 3 26
36 39 23 10
22 6 42 39
23 8 7 7
40 36 41 43
49 9 42 37
6 9 39 36
18 26 37 38
28 47 40 39
6 22 15 37
47 1 37 29
8 44 10 47
26 26 8 6
28 13 39 38
28 9 41 38
25 34 34 41
20 40 42 40
27 44 43 40
16 34 0 20
18 42 41 41
44 11 38 42
18 26 42 36
34 41 6 3
23 1 36 42
14 34 36 41
27 0 36 36
22 22 38 0
41 9 21 1
49 14 3 33
28 42 45 3
15 36 10 4
2 31 39 37
23 21 42 41
36 1 6 7
19 45 36 13
39 2 42 37
24 31 18 26
26 26 9 43
30 33 5 15
8 43 40 42
28 23 39 40
12 7 8 6
23 5 48 4
22 12 44 41
8 43 35 36
23 6 42 41
32 10 41 41
32 7 12 47
11 48 41 42
32 30 41 40
38 22 39 36
19 18 10 48
11 9 49 38
16 16 30 6
17 41 15 11
17 20 41 38
22 29 40 35
11 41 3 22
24 32 37 42
36 6 42 41
36 48 34 44
9 33 42 34
9 40 9 47
39 27 44 21
18 48 20 12
7 23 7 44
7 45 17 3
18 48 45 36
12 30 37 38
43 43 17 10
7 43 39 40
26 41 35 42
28 25 37 33
27 11 38 42
36 2 41 38
19 32 37 10
33 27 6 30
47 47 6 14
48 18 43 43
12 7 44 20
20 20 36 18
25 41 9 45
36 4 42 35
6 30 7 11
35 9 15 9
18 5 5 9
38 28 10 43
7 5 45 40
5 33 11 48
15 41 45 41
7 19 7 48
27 10 39 38
17 39 12 49
31 34 40 38
13 13 38 37
32 7 12 47
19 34 37 35
8 35 39 35
36 8 41 40
6 10 34 12
10 8 25 18
25 10 38 40
19 45 39 39
21 49 13 15
11 18 3 17
23 27 40 42
48 20 44 15
37 6 39 38
30 18 44 37
13 19 10 6
33 34 11 44
43 43 39 39
13 22 38 40
30 6 36 37
19 16 42 37
8 49 36 6
26 8 16 3
39 43 44 37
13 30 38 36
22 32 11 46
2 14 40 39
0 39 5 13
28 36 39 37
43 22 43 40
25 37 41 39
25 41 4 17
24 15 39 37
48 44 47 39
18 30 46 0
39 0 40 41
44 6 43 44
33 12 37 40
20 46 41 43
40 33 44 36
30 0 9 0
43 25 3 24
33 15 45 4
28 6 38 40
0 4 12 46
29 21 7 0
47 39 8 15
31 31 0 1
17 10 11 49
6 38 25 3
19 26 39 34
18 9 36 37
8 23 44 39
30 27 40 38
28 38 11 20
25 14 35 39
22 40 43 5
14 16 35 40
32 47 36 10
15 12 32 6
39 11 41 34
14 37 39 37
32 6 31 18
13 19 10 10
10 5 38 43
30 17 44 11
3 35 10 44
8 39 42 39
10 46 38 42
46 23 38 45
15 36 35 23
42 28 4 16
47 28 5 49
37 10 23 39
34 42 42 21
9 14 6 17
19 47 29 6
21 29 40 40
3 33 15 13
49 12 11 43
48 30 44 41
17 8 8 45
10 33 20 10
5 1 36 2
48 41 37 38
9 21 11 2
23 48 42 37
24 45 7 13
6 42 6 8
12 42 10 48
12 46 33 11
14 8 13 46
13 46 35 20
44 1 41 39
19 18 9 48
26 10 25 4
28 34 44 38
31 14 38 39
30 34 37 40
15 16 37 43
25 28 36 38
43 25 11 48
16 16 14 6
28 46 31 16
29 1 32 5
32 27 44 38
9 48 4 47
30 4 6 20
33 34 9 46
33 20 42 40
40 9 10 44
2 35 23 24
37 45 38 38
8 1 44 43
34 8 21 7
20 4 44 40
33 33 8 47
13 40 25 12
25 45 5 47
28 42 39 36
10 38 10 49
19 30 41 44
16 31 39 41
44 14 21 10
11 3 28 15
26 31 37 40
8 43 35 36
5 36 14 13
8 43 35 22
8 16 38 40
16 17 40 35
38 1 39 39
42 35 7 13
18 9 43 37
47 40 42 40
4 30 43 11
18 39 11 1
39 3 28 8
13 41 40 37
34 42 40 41
1 9 43 17
13 39 11 47
33 40 33 5
9 7 13 45
16 42 48 9
40 21 41 38
24 41 44 39
11 17 29 4
10 45 42 5
14 43 11 9
25 8 13 19
18 42 7 45
35 17 7 8
15 22 40 44
23 11 45 39
26 28 41 40
20 8 9 12
18 24 44 37
33 5 25 10
26 24 9 17
27 11 10 49
38 19 38 44
47 0 17 5
18 43 45 34
16 40 40 35
38 1 42 37
36 22 43 24
42 4 40 38
35 3 12 48
34 28 37 2
37 7 49 12
35 26 23 8
20 44 47 0
42 42 37 38
31 44 10 48
13 5 38 32
19 48 13 9
45 2 34 3
22 17 4 29
44 21 39 37
28 43 23 4
13 12 36 38
39 31 14 47
33 42 39 39
11 11 43 40
32 6 35 36
35 30 39 39
20 6 7 45
23 5 41 15
27 4 39 41
48 3 35 37
22 38 41 28
21 8 32 12
24 15 41 35
29 10 11 17
19 35 47 9
36 46 42 39
14 42 47 11
17 29 8 4
19 33 2 4
44 42 9 10
17 26 37 37
42 10 31 9
18 45 8 47
29 6 39 34
30 1 10 7
43 35 43 41
23 8 8 32
9 23 13 4
37 43 19 21
10 30 44 6
21 20 41 39
15 34 42 40
16 20 35 41
41 47 39 39
28 5 5 14
24 41 6 49
33 0 8 46
49 13 38 44
27 18 34 6
6 40 40 1
20 16 36 37
18 39 39 40
31 46 0 5
22 2 40 41
14 43 38 18
32 6 44 37
16 33 40 37
18 22 37 24
16 14 43 39
14 21 29 8
24 33 40 39
1 20 11 6
10 25 38 38
18 44 42 41
19 13 40 40
28 24 41 40
35 33 14 15
18 19 9 2
30 7 9 5
36 42 37 36
17 2 10 48
32 22 45 36
27 31 41 38
33 24 39 35
26 13 4 45
26 0 14 9
30 3 38 39
23 13 38 40
21 7 40 36
15 35 40 35
6 33 13 49
30 18 7 5
46 8 23 9
36 43 40 39
25 42 43 17
29 33 9 47
41 42 27 8
43 19 10 0
9 17 42 42
22 26 5 45
25 30 42 37
7 40 40 41
20 43 44 39
24 18 41 40
16 24 38 21
20 43 14 47
5 39 12 46
19 47 6 8
13 21 38 35
42 6 40 42
11 34 38 38
25 42 36 38
9 13 36 41
13 9 49 13
22 39 46 42
35 33 36 41
17 45 34 40
33 23 40 36
12 23 21 11
35 26 45 19
33 22 5 0
42 9 33 3
1 33 41 36
36 13 14 13
16 32 39 38
29 27 42 42
6 20 38 40
6 13 20 1
6 18 9 45
7 44 9 47
1 28 38 40
26 4 29 9
19 6 37 29
38 6 8 10
6 14 9 49
12 38 41 35
24 25 41 40
28 26 44 2
42 16 22 4
24 32 37 37
42 11 12 49
33 8 11 47
13 39 45 45
12 1 8 45
31 1 41 42
14 36 43 41
13 46 43 38
33 46 46 3
9 39 37 17
3 38 40 38
24 34 42 37
33 16 8 46
11 31 39 36
2 14 41 42
32 12 38 35
38 11 40 39
7 6 35 43
11 32 41 40
33 36 37 40
41 37 1 10
30 4 16 4
28 33 38 40
18 44 38 35
28 48 8 6
39 34 40 0
23 25 9 49
26 39 39 43
22 4 39 0
22 2 40 39
11 12 39 29
40 26 39 37
24 45 38 42
24 37 41 39
24 24 10 47
12 15 17 7
9 31 23 13
14 23 31 4
18 32 22 9
15 45 16 25
18 12 9 8
23 1 41 7
4 3 41 36
21 12 46 23
16 45 42 39
37 12 0 25
45 31 13 47
35 3 18 17
36 38 17 1
37 2 44 36
15 27 39 39
33 4 3 5
31 31 8 47
22 5 43 42
42 13 42 39
39 30 36 36
31 35 39 41
28 21 39 38
35 20 4 7
42 46 38 38
5 11 40 42
49 0 29 20
46 23 19 5
35 42 39 41
37 7 8 45
10 37 7 4
27 10 12 42
33 9 9 3
23 7 34 8
16 19 10 5
31 20 34 9
23 0 41 38
28 4 47 2
1 36 42 36
18 39 32 3
44 12 12 45
2 11 39 35
29 1 9 46
25 48 42 38
9 34 3 1
25 15 39 42
29 3 12 2
34 2 40 40
25 7 40 35
40 34 38 37
0 16 2 0
39 16 44 37
35 42 43 45
15 48 39 43
43 5 36 43
14 9 35 38
23 19 12 46
22 38 34 38
6 48 41 41
28 16 39 43
20 41 37 38
24 6 23 1
14 21 5 11
39 8 18 10
17 7 41 36
26 8 12 16
21 40 41 36
31 4 10 48
22 0 38 38
19 42 7 4
14 2 37 21
4 16 44 15
25 5 15 3
31 0 13 3
24 6 38 37
17 6 6 49
6 21 38 38
36 0 38 36
19 8 41 36
9 46 2 14
43 11 7 10
31 25 10 5
16 38 41 39
24 34 40 40
30 31 5 49
47 45 15 7
18 28 37 40
47 12 7 47
29 28 37 36
46 22 38 36
38 29 41 36
45 5 8 6
19 30 41 35
33 31 42 36
43 28 42 39
33 35 39 38
14 24 41 40
26 42 39 41
19 25 43 38
15 5 42 41
11 23 6 15
8 42 37 38
46 25 37 22
32 49 38 35
33 46 14 0
35 4 17 48
22 38 48 10
37 0 44 40
31 44 40 43
38 2 32 21
5 19 38 39
7 42 41 40
17 39 16 48
41 17 44 41
25 46 12 46
36 12 7 1
21 19 38 43
31 30 42 42
40 13 38 41
37 40 18 5
10 21 12 5
26 19 11 16
38 6 43 42
13 45 48 9
49 20 39 40
33 9 40 23
19 2 41 40
31 43 6 48
30 28 11 20
20 40 18 2
33 40 43 42
5 22 2 9
44 43 39 38
14 1 8 44
5 31 9 2
33 29 13 42
21 34 37 22
37 4 39 9
42 7 36 35
22 16 6 46
17 0 41 38
37 32 41 14
13 34 22 0
48 5 37 37
44 3 38 38
26 35 5 0
22 26 37 7
21 19 41 40
27 3 40 38
21 30 43 37
46 1 40 38
31 36 40 42
19 46 11 49
43 32 42 43
15 32 44 41
43 8 12 47
17 30 41 35
23 0 37 36
18 0 10 20
24 31 6 3
45 10 41 39
4 44 13 45
30 19 16 48
21 44 9 46
1 14 5 5
11 19 39 37
22 41 40 36
46 34 43 40
18 18 11 13
6 7 37 40
27 41 24 14
25 13 41 39
22 6 40 35
13 34 15 43
28 37 9 11
8 33 41 36
7 10 39 36
11 36 38 36
29 38 38 38
34 35 40 37
37 46 11 16
12 32 42 38
23 28 9 49
29 32 41 40
23 39 5 0
2 35 39 48
20 38 6 44
24 25 42 42
36 2 40 40
15 22 41 40
24 9 11 47
18 29 32 26
36 44 39 38
35 0 22 0
7 6 39 28
37 44 10 48
21 36 2 1
39 5 39 40
32 46 12 27
33 45 39 39
14 20 39 42
9 37 43 8
36 18 11 46
39 20 42 40
35 27 48 16
43 16 41 40
32 10 41 36
26 36 38 42
44 25 15 4
33 12 2 8
21 33 41 42
16 42 41 38
48 5 15 8
24 33 49 33
7 24 41 42
25 2 41 37
8 36 41 38
20 44 18 4
17 41 14 46
36 42 46 8
26 0 41 37
38 8 18 2
25 40 34 38
33 24 41 37
14 35 9 10
19 13 38 41
2 39 41 40
40 36 28 23
41 2 3 2
37 35 20 16
20 14 18 0
42 10 5 44
37 18 42 38
16 29 17 5
44 7 43 39
27 16 37 39
14 34 9 7
9 40 13 47
33 19 6 45
25 47 34 18
21 17 11 49
33 2 42 37
28 13 7 47
31 33 23 2
0 36 11 48
15 15 39 30
14 11 29 14
9 30 37 22
6 26 37 40
7 17 38 37
25 10 44 37
33 45 9 0
35 0 38 40
14 39 41 39
16 47 38 42
44 14 39 38
43 9 41 39
19 6 38 3
5 32 16 9
29 43 11 2
48 30 42 40
18 18 39 40
25 46 44 31
10 47 38 33
37 18 7 44
11 42 39 37
15 16 6 48
29 38 14 20
1 35 40 37
35 24 40 40
26 10 42 43
14 22 39 36
27 42 14 6
4 25 44 39
18 36 41 42
20 13 12 17
15 34 17 3
29 5 39 38
27 41 35 40
28 24 39 36
10 30 15 6
41 4 40 39
34 44 47 11
12 6 38 38
35 33 44 38
37 8 41 42
15 0 38 36
27 47 25 22
35 14 42 39
20 16 3 43
47 35 44 7
14 18 6 2
18 7 43 40
38 2 17 13
8 12 39 36
30 35 1 10
29 49 43 3
30 7 39 39
35 16 42 36
19 11 11 47
1 4 43 38
22 6 40 38
4 13 39 41
36 1 38 5
18 14 6 46
33 32 13 48
48 19 36 39
15 23 43 19
41 40 13 17
0 40 42 17
14 48 44 42
23 47 11 46
18 33 40 34
35 49 42 37
37 11 37 34
44 31 45 26
22 15 40 39
27 45 36 17
40 34 11 9
36 25 8 3
41 3 4 4
42 30 9 7
46 11 42 38
39 5 12 45
16 43 40 42
7 16 24 0
1 38 41 39
16 25 42 38
41 18 42 43
26 21 48 21
27 40 38 42
24 21 8 48
26 0 7 0
18 14 32 10
7 38 36 36
44 17 12 47
21 33 9 47
29 48 0 4
35 22 11 46
44 10 39 36
11 48 8 41
15 33 31 13
9 43 10 3
6 16 13 46
2 11 33 23
17 33 39 39
34 6 8 9
36 25 4 7
35 22 45 3
32 4 40 39
47 44 42 38
10 35 37 0
27 40 38 42
39 22 9 47
42 9 36 38
11 12 35 43
20 28 31 35
20 27 35 15
15 34 42 37
8 46 23 9
17 15 18 3
16 7 39 41
21 43 9 5
41 41 23 19
31 25 0 2
10 36 38 42
11 13 39 40
21 23 12 6
45 31 43 38
26 13 49 9
26 13 10 48
17 45 38 39
32 30 40 40
14 32 36 38
30 29 34 6
15 37 13 12
1 12 44 39
35 37 42 40
42 6 39 39
9 18 8 49
18 0 40 40
26 4 38 40
7 24 39 36
25 28 42 43
21 1 37 38
19 47 19 10
19 45 12 14
20 39 39 39
12 47 44 35
0 22 10 49
3 41 41 38
20 40 49 1
43 6 4 9
20 42 12 49
29 3 37 38
17 48 41 41
38 0 20 15
13 12 40 10
37 44 47 15
30 18 35 40
24 23 39 39
40 20 37 36
35 29 39 40
31 32 16 14
23 4 8 2
29 38 43 40
10 29 37 40
45 31 42 40
25 49 42 36
4 46 41 39
0 49 14 18
37 44 37 35
45 17 39 38
15 45 8 46
24 6 39 40
21 31 37 41
43 18 9 42
23 19 17 1
31 47 41 35
27 35 32 9
13 12 40 39
7 18 20 13
47 32 36 39
48 47 12 49
16 8 10 45
7 38 12 49
40 25 13 10
2 49 42 36
26 22 40 40
9 29 38 41
24 47 7 47
26 24 40 40
24 32 35 5
33 46 41 38
18 34 39 41
22 28 44 8
30 28 9 45
29 33 39 41
23 23 40 41
19 48 19 0
22 9 43 39
11 8 11 47
35 37 41 38
23 31 40 6
20 43 33 8
33 19 9 46
25 39 46 25
26 38 35 2
42 16 40 39
30 5 39 40
42 26 21 13
22 14 5 6
35 8 5 11
43 6 40 37
48 12 40 38
33 17 31 37
7 41 11 2
15 34 9 10
42 15 34 2
46 3 7 45
28 3 12 7
40 44 35 23
28 5 42 21
22 18 37 41
41 5 5 8
28 14 41 36
35 35 7 12
41 13 42 42
34 33 41 37
26 10 41 9
19 46 40 43
7 11 13 48
26 4 10 47
41 9 5 6
36 16 41 3
17 41 35 40
44 27 44 45
17 23 44 41
5 37 5 0
25 7 21 6
35 8 12 0
29 19 49 11
16 18 39 35
13 47 47 0
17 29 46 19
7 3 7 19
19 41 42 40
41 5 30 2
1 32 7 12
30 7 23 4
11 37 42 42
13 25 36 40
20 17 18 11
26 0 37 38
32 22 38 39
11 30 8 6
45 1 36 35
47 20 45 11
17 48 11 49
13 14 13 2
41 1 8 49
19 8 38 38
39 15 41 40
20 47 17 27
3 37 38 34
39 49 11 48
31 6 41 37
24 31 19 11
17 1 12 46
27 11 1 4
38 5 42 36
40 15 23 9
30 23 9 12
13 36 39 41
43 27 6 22
16 44 44 42
