50 50 19140 800
25 30 7 18
23 39 4 32
8 26 26 29
18 31 16 44
10 16 42 30
12 8 36 3
36 45 38 14
44 10 15 7
7 18 18 13
42 13 38 17
32 48 26 1
15 40 35 21
30 14 34 25
37 46 30 23
0 25 35 5
45 26 25 26
16 11 2 4
28 8 15 4
21 45 20 37
30 9 30 16
42 14 13 10
44 22 31 25
10 31 37 31
20 44 21 15
41 16 23 24
39 47 37 41
26 19 19 43
32 30 26 17
6 31 24 17
28 44 47 23
21 47 3 8
20 23 35 18
48 21 33 14
1 36 7 10
48 27 22 19
32 9 18 27
6 43 27 22
47 14 38 8
9 2 24 29
43 11 34 28
35 35 14 15
28 21 22 4
42 14 20 35
17 1 29 19
41 43 0 4
16 5 0 37
36 47 11 43
12 46 43 32
49 25 42 24
42 48 16 46
