50 66 17528 800
3 40 11 26
34 14 8 32
31 7 17 39
17 33 21 38
6 33 27 47
1 39 27 22
0 30 34 27
3 41 35 15
10 36 47 4
26 41 24 25
38 22 38 35
28 21 47 0
8 30 17 5
35 23 46 36
11 18 43 2
3 47 40 6
5 32 44 0
15 14 36 6
8 25 22 40
10 32 36 44
8 27 43 10
0 41 11 37
36 18 19 46
10 39 8 31
41 30 3 17
12 15 21 44
4 23 7 37
35 19 1 42
15 29 22 44
9 17 17 38
31 21 43 1
12 29 19 43
13 21 44 1
3 38 40 5
6 38 27 22
9 29 45 2
3 30 16 41
39 46 45 28
40 22 21 40
0 35 47 2
3 14 42 4
10 26 34 22
16 31 21 35
25 45 22 32
49 38 48 5
9 23 17 43
39 22 21 39
34 24 12 41
3 19 26 7
16 36 28 30
17 22 2 18
7 39 13 46
30 39 43 3
14 9 19 42
0 13 43 30
23 38 40 3
37 46 27 36
9 16 4 19
10 44 18 40
1 40 45 4
11 26 45 21
21 34 44 8
32 31 11 48
25 23 9 19
10 15 42 2
28 39 17 38
