50 954 14711 800
36 14 17 21
26 41 3 18
31 44 48 36
47 38 19 6
12 39 48 41
6 36 14 1
4 33 35 38
46 22 24 16
30 49 23 15
3 34 18 22
49 37 17 6
3 30 35 29
13 14 48 44
34 47 29 4
17 12 11 5
5 40 7 25
10 27 31 34
19 45 47 16
33 39 28 17
43 36 24 24
24 21 31 36
47 18 14 7
41 11 14 38
35 26 25 22
32 48 12 20
13 16 37 9
31 44 42 8
0 31 44 37
34 18 3 20
42 6 9 28
8 14 6 23
47 30 11 3
33 25 21 38
24 23 16 1
40 47 48 36
30 36 20 16
35 43 28 4
4 15 10 24
32 33 49 41
37 32 25 39
41 38 14 1
29 22 19 4
39 38 46 41
15 4 22 25
34 20 16 6
31 46 29 4
32 42 15 41
32 42 44 36
22 40 12 28
17 11 28 7
26 21 19 19
12 19 47 39
29 21 34 7
35 38 49 41
22 48 16 24
23 17 7 28
34 44 42 3
1 6 17 16
8 48 22 21
47 3 23 18
23 16 11 5
32 46 16 9
37 33 41 2
9 6 30 3
23 29 46 38
31 25 18 33
26 22 48 46
2 34 7 5
34 18 34 9
31 13 38 18
21 47 26 10
13 16 48 36
31 24 12 4
0 33 45 41
29 25 46 6
25 7 14 13
0 13 11 9
41 38 31 9
23 20 48 38
40 25 47 45
31 22 23 20
20 19 47 38
33 34 13 6
20 20 6 14
46 33 4 13
35 34 35 17
17 28 48 37
11 35 23 39
36 32 4 15
26 46 2 11
41 45 4 17
40 36 15 13
44 36 25 17
34 29 49 44
41 36 33 41
47 19 48 38
25 39 40 3
8 35 20 8
37 44 16 7
23 23 24 8
16 41 21 19
46 36 38 7
42 34 20 12
28 18 48 39
29 17 37 24
17 40 5 16
33 17 18 30
38 19 5 5
34 46 35 7
28 11 4 17
45 22 21 36
37 25 10 14
24 16 34 17
35 21 46 41
45 30 1 15
22 33 27 14
34 43 40 23
19 18 17 11
27 19 20 21
45 13 22 14
45 5 48 37
39 45 48 38
33 39 21 8
28 34 33 17
47 27 29 1
39 24 9 8
48 9 32 16
13 42 14 8
33 22 43 42
22 38 30 9
34 22 49 25
25 21 30 28
27 14 38 44
41 30 18 14
45 13 22 33
30 29 30 47
30 21 16 13
22 21 34 8
28 34 23 3
3 28 48 37
25 39 26 1
38 45 24 9
27 20 47 9
9 44 27 15
32 45 49 40
32 12 10 31
16 16 14 6
43 33 18 8
35 34 8 30
14 29 28 36
4 26 2 8
20 25 16 6
48 35 11 13
27 14 36 17
13 46 19 7
36 37 41 14
44 18 48 39
26 40 21 35
36 46 46 37
14 45 28 35
11 47 11 15
31 30 47 35
14 15 14 24
23 31 47 39
40 5 16 14
22 17 15 7
27 43 47 39
35 41 16 8
16 47 10 4
29 30 26 6
26 15 42 26
31 27 21 19
28 24 32 16
10 44 49 38
24 6 22 12
25 33 44 37
38 42 44 38
28 36 46 38
38 27 24 5
32 12 25 7
0 46 15 6
32 25 47 39
14 21 12 8
39 24 17 33
45 39 29 6
0 30 34 13
35 28 48 40
26 48 33 16
35 15 16 2
34 36 1 2
47 4 37 30
3 46 16 21
46 30 40 17
29 31 16 5
19 18 49 36
38 21 22 31
25 18 47 22
16 38 16 10
43 44 18 7
23 37 19 9
45 38 21 20
12 35 48 41
35 28 28 8
34 43 4 22
22 41 9 3
6 5 11 4
21 34 46 39
4 15 15 3
46 31 27 16
13 34 48 41
28 14 14 13
34 47 36 25
40 29 15 6
29 24 38 19
25 35 35 15
39 35 49 39
37 45 14 5
38 38 24 0
1 42 38 16
42 48 13 0
37 46 17 11
35 43 49 44
32 33 18 8
46 26 14 10
13 10 48 35
36 18 25 15
49 10 24 3
12 38 18 17
49 28 3 1
39 18 47 40
39 27 13 12
32 35 49 44
33 26 20 6
17 23 48 8
12 2 28 15
21 31 21 41
15 22 49 39
34 46 26 34
4 45 48 4
31 47 31 35
10 48 29 23
26 16 46 39
46 9 13 4
9 16 19 11
32 42 10 15
31 38 39 34
6 18 31 14
43 41 9 24
28 36 28 22
9 35 23 38
39 49 34 6
9 42 32 7
32 37 23 6
24 0 6 36
28 43 47 38
23 39 32 3
37 42 18 6
34 43 17 7
22 21 14 8
28 21 21 30
9 47 5 7
45 41 21 10
22 38 7 6
41 34 23 20
30 19 19 44
40 48 41 24
48 29 27 27
14 41 42 3
11 14 49 43
17 47 16 3
29 16 20 1
23 17 32 33
12 40 49 37
2 44 8 4
45 6 37 32
39 14 19 46
42 33 16 7
29 10 46 39
47 44 10 8
2 47 11 15
37 46 41 27
36 8 45 38
31 15 8 3
33 15 21 14
43 44 16 15
10 29 49 37
30 19 45 40
34 28 33 13
44 3 12 4
2 25 19 4
28 13 49 41
32 26 32 3
6 33 11 24
18 43 11 42
15 29 16 19
44 45 46 29
41 9 27 33
28 41 31 9
39 35 21 35
48 40 20 3
36 40 48 2
33 35 49 40
38 24 21 24
46 20 5 16
39 27 20 8
32 21 47 21
29 28 29 1
14 24 21 4
39 30 15 3
25 20 20 16
13 40 46 41
6 21 49 38
25 36 49 40
31 22 15 9
31 18 48 39
37 29 9 6
30 3 23 35
49 9 10 31
0 43 30 0
48 14 48 42
39 35 47 37
7 36 37 7
11 41 24 16
22 6 34 32
31 31 8 4
10 41 26 15
39 7 45 38
38 16 32 16
28 23 18 14
42 38 15 4
10 38 27 8
35 33 13 9
3 39 33 5
47 16 14 20
15 37 28 30
41 40 48 35
5 7 35 28
15 42 26 37
14 45 17 8
39 29 20 5
17 31 47 39
6 38 48 38
39 18 24 33
38 45 17 11
0 30 40 21
28 35 40 28
46 25 36 23
31 44 43 37
43 45 46 39
39 32 16 4
23 46 10 18
38 25 26 31
44 18 29 5
13 38 25 31
30 32 22 42
17 17 47 41
46 5 49 38
17 25 20 18
3 34 9 30
34 45 19 40
26 15 43 15
15 27 39 17
13 38 47 36
5 34 13 0
25 20 11 9
37 18 15 5
45 18 39 9
20 49 40 18
18 23 12 5
39 30 20 3
11 17 18 15
32 23 16 7
33 41 27 3
47 31 26 26
33 23 27 28
49 32 15 6
26 22 22 32
6 42 46 17
22 42 9 13
26 41 23 5
32 38 15 3
39 23 26 30
13 33 32 23
27 40 28 23
26 20 21 2
46 20 29 37
45 41 49 39
0 6 11 6
44 25 17 13
7 1 13 0
42 16 13 12
46 28 41 19
3 2 41 9
32 3 28 24
32 14 16 6
34 42 8 0
2 24 45 35
16 48 32 28
28 24 30 20
10 26 22 2
33 13 13 8
27 23 22 6
4 42 31 27
9 22 38 3
27 24 31 3
46 9 30 7
28 21 33 32
24 19 28 2
37 41 7 16
23 22 18 0
15 37 48 39
15 19 47 38
24 17 30 11
31 25 33 20
30 47 32 27
46 42 4 5
16 23 29 20
34 44 23 32
35 33 47 37
38 20 13 8
44 30 16 8
39 41 48 5
1 36 22 41
22 7 19 12
35 45 17 39
34 24 46 10
39 47 25 15
42 37 46 41
2 40 19 9
30 33 6 21
20 30 49 42
39 24 40 11
15 40 46 40
25 7 18 8
38 34 4 29
17 21 16 3
23 6 17 9
37 24 48 4
46 27 12 32
26 29 47 34
29 46 24 22
45 16 23 31
9 11 29 21
46 35 17 9
42 48 16 35
4 45 28 14
47 32 28 28
28 21 14 16
24 18 29 7
30 47 13 13
24 33 31 36
42 12 10 17
27 31 15 27
23 21 45 37
28 45 19 15
38 32 48 43
36 45 13 4
29 44 28 8
19 37 37 28
28 19 24 9
26 24 47 37
31 35 10 1
30 16 28 34
2 43 11 6
32 26 33 19
10 23 46 34
32 47 27 7
17 44 13 5
38 3 23 6
12 21 17 8
0 49 31 3
31 26 24 14
13 36 11 26
39 35 15 5
41 10 15 17
44 22 23 8
31 15 44 40
3 37 14 2
12 21 21 8
25 41 4 21
37 42 25 42
5 3 11 15
8 47 4 32
26 44 39 0
23 44 33 5
7 38 17 16
31 38 11 23
34 45 24 6
45 28 43 32
35 36 48 3
0 14 14 40
22 20 32 6
45 47 21 14
37 30 47 40
37 11 45 38
28 27 17 6
24 3 41 13
26 23 32 14
34 20 20 19
22 19 12 9
15 11 43 33
34 25 39 4
5 39 11 5
31 34 34 9
9 26 49 35
21 8 35 11
46 40 28 32
23 19 25 25
13 41 8 5
40 1 16 3
46 7 0 14
49 31 28 18
7 40 30 21
13 17 44 34
26 14 15 2
30 26 32 9
44 13 23 34
5 12 14 21
38 18 21 5
29 11 25 15
35 38 19 7
26 27 22 10
11 41 49 38
18 16 30 19
25 48 27 18
28 18 39 12
30 23 49 40
11 30 26 13
28 37 29 12
40 33 13 0
40 35 14 12
45 27 2 5
4 3 16 13
25 38 40 6
13 12 30 9
38 6 17 8
15 11 23 14
9 48 47 41
42 43 13 1
25 20 42 11
8 40 37 16
47 42 48 4
34 32 3 4
15 21 18 13
41 5 18 5
11 44 47 38
43 7 20 7
27 26 23 14
1 26 17 8
10 23 41 9
27 32 26 5
39 38 32 25
41 34 17 29
0 33 22 14
2 3 11 5
40 41 49 40
16 37 47 39
20 9 18 34
25 45 19 5
11 16 48 21
24 46 46 40
47 33 43 5
35 11 24 1
35 22 45 40
29 31 37 30
33 39 35 1
11 31 32 12
41 15 8 5
40 33 28 19
32 19 27 12
36 42 34 23
20 32 29 30
43 32 29 39
13 25 48 37
37 26 9 5
30 15 26 26
31 38 49 38
8 25 14 5
27 41 25 32
44 15 24 12
41 28 15 21
44 45 19 10
18 13 25 42
44 27 49 36
34 32 3 28
20 25 9 8
33 15 18 1
49 11 35 0
38 22 27 37
4 28 6 18
28 47 11 9
25 17 12 2
18 27 48 36
33 22 30 12
45 33 13 9
28 41 31 14
19 44 13 12
2 30 26 0
22 40 34 16
39 37 15 22
36 24 7 26
5 37 40 27
5 28 10 5
14 42 26 23
44 2 12 0
41 0 31 24
3 40 24 31
4 26 21 13
46 39 25 19
28 33 18 5
43 27 2 10
4 40 15 2
30 18 18 15
24 3 47 38
26 38 37 14
7 32 27 27
40 25 21 1
13 31 37 21
20 16 36 33
38 0 47 39
27 41 32 2
31 39 11 2
29 22 4 13
33 37 20 20
30 24 21 0
6 29 46 40
28 33 18 1
17 36 48 38
41 31 34 6
40 30 8 9
37 20 23 40
12 16 15 28
45 38 35 21
38 28 48 3
25 23 40 5
32 49 25 35
39 41 9 10
13 21 48 15
15 28 21 4
17 23 40 1
42 33 23 34
4 39 49 38
48 43 21 15
40 14 16 4
27 22 48 39
37 11 22 18
2 19 18 8
32 49 8 13
29 33 18 25
36 10 43 36
5 26 38 11
24 41 4 35
24 13 31 8
26 21 7 19
44 2 20 15
27 21 26 36
9 48 15 1
39 43 49 39
30 30 47 37
25 27 29 4
2 43 48 41
22 16 14 8
27 2 9 10
38 42 2 10
42 44 20 43
4 38 42 13
30 27 12 39
28 26 16 1
46 8 34 7
22 24 47 35
32 15 27 9
15 20 14 7
28 32 20 40
5 12 1 13
36 29 47 24
33 31 13 19
5 15 35 12
37 21 16 10
28 27 18 10
45 33 25 15
42 30 13 28
25 46 2 11
43 32 13 9
18 48 18 12
41 18 12 47
5 38 24 37
30 24 12 20
22 48 12 7
27 23 44 39
38 23 48 1
6 31 25 2
35 8 7 11
46 41 23 5
17 17 9 8
37 21 4 40
2 30 23 16
1 44 47 38
27 33 33 3
10 37 15 12
49 43 11 33
29 14 15 42
5 48 16 11
40 26 16 1
35 24 46 38
0 23 48 39
31 26 28 2
29 19 17 27
49 43 4 23
4 34 25 3
16 15 47 38
47 32 7 7
36 45 19 5
42 35 13 9
36 17 40 23
44 34 28 11
34 18 36 14
37 34 45 38
23 34 27 31
34 46 22 7
36 36 11 14
45 38 43 17
31 39 42 1
18 22 15 3
32 29 20 34
14 43 40 35
35 31 35 5
27 12 25 39
16 49 18 6
21 13 43 35
49 6 49 35
31 21 15 5
35 26 40 29
5 38 32 4
27 34 16 0
8 23 11 27
15 25 21 34
41 22 29 22
37 39 5 11
31 28 29 17
25 49 32 35
25 21 48 37
23 47 48 39
35 21 44 34
31 22 16 2
30 35 15 44
43 5 46 1
30 39 14 13
34 19 17 3
36 19 10 24
28 47 23 14
10 30 49 25
24 31 18 7
9 17 3 24
41 28 27 19
10 37 25 8
47 34 30 29
36 41 19 6
30 14 9 8
48 14 13 9
40 35 28 23
37 48 40 9
6 35 41 38
13 24 18 22
42 11 19 38
29 26 15 9
29 19 0 10
35 31 18 10
23 18 11 25
40 26 24 13
41 5 36 21
23 9 47 37
15 23 39 5
43 16 18 24
41 5 12 8
8 19 17 19
46 29 46 6
4 18 20 39
32 43 19 2
45 33 14 9
24 17 47 39
36 25 37 8
12 27 6 4
26 23 13 13
47 21 23 31
31 38 48 38
43 34 18 28
21 16 13 24
26 34 33 7
48 37 32 2
32 42 10 6
3 36 27 16
30 40 37 20
31 15 22 9
38 34 14 14
35 18 25 31
44 26 27 33
7 31 29 25
2 38 17 14
48 42 27 12
38 13 21 35
33 23 20 13
7 33 33 7
25 28 21 33
22 38 15 3
31 22 26 15
29 12 24 38
14 48 45 41
21 20 24 22
30 17 48 37
45 48 15 16
26 8 39 32
12 17 49 40
36 9 1 4
10 42 4 28
26 25 13 20
31 37 5 10
39 28 40 4
42 42 11 0
37 27 20 28
2 26 10 29
11 49 16 19
21 7 38 13
49 34 19 9
11 11 16 1
17 44 46 38
10 28 20 28
33 37 46 21
28 14 47 37
40 28 25 7
31 24 39 12
42 27 4 26
29 18 19 10
47 16 40 8
43 22 43 13
27 19 15 15
12 14 36 5
40 38 11 0
20 22 16 32
14 43 24 26
29 46 28 23
44 20 0 7
6 32 12 1
35 32 16 8
42 23 26 15
3 42 31 4
12 43 38 7
38 41 22 1
0 33 46 40
18 30 33 27
0 41 38 6
4 38 14 8
35 15 32 13
7 26 33 29
43 30 25 35
30 32 26 23
5 0 33 12
24 13 24 8
6 49 19 33
41 23 27 20
20 47 28 17
27 22 35 2
10 40 30 32
16 27 36 0
18 28 45 9
45 46 11 12
6 46 16 28
40 32 15 3
17 1 13 6
32 11 17 1
32 45 24 23
45 17 30 25
11 21 48 39
44 32 36 8
47 11 37 20
22 44 15 3
1 9 11 28
3 43 48 15
30 36 45 39
47 25 11 12
43 3 26 12
43 43 47 40
31 18 23 19
7 45 16 19
13 27 46 37
25 8 10 23
29 15 34 20
35 43 15 5
39 1 25 14
34 26 8 29
12 46 13 7
12 30 14 9
2 18 17 46
4 45 18 4
16 45 39 15
30 15 48 36
15 41 48 39
7 16 17 12
15 29 27 28
10 22 49 36
18 35 19 25
20 28 15 20
24 22 2 22
39 1 46 9
47 33 20 46
13 24 33 20
34 10 49 43
25 10 17 6
38 32 48 6
3 31 14 5
41 38 32 21
44 28 26 20
41 20 19 7
40 32 49 36
42 15 31 10
2 43 7 20
12 1 29 17
4 20 21 4
21 19 27 3
43 37 22 4
28 43 48 38
49 39 21 26
30 18 15 8
22 21 30 4
31 47 19 6
7 48 26 2
6 6 17 38
11 16 41 8
32 0 29 31
32 6 26 8
0 19 36 28
3 46 18 9
47 29 11 5
24 16 12 13
40 33 43 48
10 44 21 15
12 11 26 17
26 37 12 10
15 22 19 29
31 29 40 30
28 38 11 10
2 33 38 11
37 2 15 6
42 28 38 20
13 21 46 38
14 8 22 0
46 1 28 33
26 14 43 11
14 23 11 3
46 48 30 4
40 44 49 41
11 42 31 19
6 22 19 15
33 43 44 28
14 49 17 10
