50 420 11893 800
13 36 29 21
23 38 12 40
25 31 19 32
14 8 31 13
27 39 1 19
34 9 8 41
15 47 38 13
35 7 18 40
10 25 25 42
24 12 14 46
27 14 14 40
44 9 28 41
34 28 31 14
17 35 46 8
14 36 13 18
18 30 8 15
27 44 29 41
31 27 20 27
12 19 4 36
35 28 11 44
37 8 18 28
44 22 20 6
38 6 18 43
15 35 30 47
39 9 18 24
13 35 30 42
39 9 42 20
14 49 33 38
2 17 14 37
37 30 31 7
16 33 17 0
23 10 23 26
29 29 17 40
14 39 34 36
19 40 11 15
36 11 45 29
38 27 20 42
24 26 10 18
39 28 34 11
13 17 36 48
44 17 40 47
34 44 28 47
9 23 16 15
45 27 33 15
37 11 21 39
12 45 40 37
37 19 20 23
23 17 38 24
23 13 33 41
28 40 48 35
38 16 31 42
32 10 17 34
37 30 28 7
36 9 23 41
5 33 8 46
16 33 18 49
36 23 6 24
35 42 26 28
0 4 26 19
35 9 38 23
12 13 27 36
18 22 34 38
43 6 15 42
25 22 48 12
33 41 37 27
13 22 26 48
15 14 23 13
0 30 4 19
34 45 46 10
35 9 25 39
21 48 29 41
14 42 41 15
34 9 25 11
26 14 29 41
11 35 38 43
24 11 27 18
24 16 44 40
39 29 13 19
38 44 15 9
35 9 11 41
35 47 20 42
20 16 28 47
21 16 43 1
8 19 18 25
35 6 4 33
34 42 23 39
37 39 41 46
9 41 26 38
22 23 21 7
26 29 36 17
23 8 45 32
6 17 29 45
16 40 15 9
12 10 46 37
16 42 31 10
39 9 13 9
32 34 21 47
38 26 19 15
3 6 22 36
17 40 13 14
25 12 21 36
21 47 14 24
10 34 19 18
35 44 12 17
31 37 6 43
26 49 45 39
18 38 21 33
38 27 44 35
7 18 28 4
41 24 37 11
28 22 42 32
5 46 8 31
35 24 8 32
32 26 25 13
37 10 25 37
33 43 46 30
36 45 39 11
41 17 17 29
21 24 21 2
33 23 25 38
31 40 28 31
35 43 43 27
27 30 26 41
35 10 6 42
6 35 24 34
25 16 45 15
5 48 22 11
25 8 24 31
26 15 27 38
21 39 21 29
9 14 40 5
0 13 15 30
28 23 15 9
27 14 0 7
12 41 21 41
28 15 7 25
22 15 14 27
35 49 17 34
24 41 18 23
36 26 3 12
44 37 34 0
35 19 14 4
39 11 27 47
2 10 42 34
24 28 41 32
11 36 23 45
33 48 16 36
17 22 10 33
19 39 15 25
29 14 19 45
38 10 14 45
23 41 44 23
24 44 26 38
2 15 43 36
35 37 15 9
8 14 47 17
17 38 22 46
22 16 25 47
26 12 19 22
36 6 30 36
40 42 29 44
19 11 24 5
10 37 44 32
4 23 13 32
31 40 19 35
13 25 8 15
26 38 35 22
35 10 18 38
13 33 11 13
20 17 34 3
11 21 8 23
13 42 24 40
36 12 8 14
8 6 31 45
33 11 14 24
11 20 49 41
33 28 18 10
36 9 30 2
34 13 16 43
15 35 12 16
23 46 17 21
6 24 36 3
11 27 17 9
25 14 37 10
19 5 44 8
30 6 41 5
14 41 2 28
7 24 16 8
11 17 22 1
4 16 21 12
40 28 46 4
33 47 17 39
18 15 25 4
14 29 17 49
32 7 23 7
35 5 17 40
12 14 21 36
12 40 44 43
22 35 47 5
12 43 28 25
9 11 8 45
32 49 24 10
11 2 20 49
14 43 24 36
15 35 25 40
37 31 15 18
19 42 12 34
37 12 22 31
28 12 13 38
38 46 10 32
1 1 28 34
36 39 19 13
5 35 23 34
13 1 32 33
12 35 25 43
34 42 44 1
19 39 22 25
10 8 49 43
36 13 41 23
40 32 24 32
25 13 22 41
12 37 26 15
10 40 16 14
32 39 36 8
48 38 25 2
15 39 24 48
41 42 31 20
38 6 15 33
13 45 41 27
22 31 44 46
1 8 21 17
22 40 24 13
19 43 16 17
21 28 22 44
44 32 15 45
22 18 19 10
39 21 21 12
18 39 23 40
17 13 29 18
35 42 27 42
40 8 8 18
19 11 13 19
43 30 17 24
38 13 46 8
35 8 14 24
10 8 13 16
28 23 29 10
13 14 13 38
10 6 49 1
37 10 8 25
22 15 32 44
13 49 20 37
0 41 15 23
23 9 6 6
36 9 14 45
36 45 33 15
15 44 42 32
33 11 22 48
2 13 24 41
26 43 26 29
38 12 10 49
6 14 45 31
19 38 40 35
34 46 19 42
22 39 26 6
37 29 2 30
36 36 24 48
22 15 14 25
34 9 46 38
36 24 8 34
9 46 10 10
21 36 7 26
36 12 15 45
13 42 3 40
41 27 21 47
16 26 46 7
14 41 22 47
15 42 12 32
15 46 10 32
2 30 25 8
12 17 15 28
36 11 2 41
10 32 43 27
35 44 27 46
38 44 25 34
25 42 20 30
15 23 2 46
0 16 29 43
42 23 22 49
20 23 32 11
35 11 18 17
20 38 47 10
9 23 26 12
14 44 32 7
16 39 37 25
9 9 29 44
14 14 26 36
10 33 42 10
38 8 19 27
16 41 10 33
22 40 11 49
38 37 20 45
17 25 25 38
38 8 47 37
42 20 19 14
11 17 13 8
36 9 7 47
12 4 8 15
35 15 25 36
15 40 31 14
22 41 23 36
17 6 6 37
12 5 16 44
12 35 28 21
41 30 14 27
26 32 22 34
11 34 40 41
4 6 21 42
1 0 11 8
21 37 21 1
36 32 21 6
13 16 40 5
16 30 26 15
38 7 43 44
34 39 28 26
18 1 30 42
17 41 26 12
8 0 31 41
37 28 43 49
42 44 7 18
30 25 44 25
34 7 31 9
8 18 13 40
25 12 32 41
16 49 21 20
12 43 34 24
16 38 40 32
3 6 13 41
33 9 12 40
10 37 23 45
25 12 2 4
18 29 44 25
29 47 22 12
21 11 20 21
22 38 5 9
33 40 20 42
11 28 25 21
11 38 45 23
19 12 21 41
28 29 1 34
5 18 20 47
6 14 14 15
12 13 41 35
15 38 24 1
33 24 15 44
42 22 21 34
38 23 35 37
36 6 31 37
23 14 49 20
25 17 12 30
19 13 22 41
39 12 48 14
8 35 5 19
19 31 22 19
38 21 9 0
34 6 19 35
10 42 4 25
35 47 30 44
18 5 20 43
39 12 12 19
12 20 23 41
42 27 20 13
16 16 18 2
36 39 10 41
36 7 27 3
26 30 20 29
8 9 16 41
4 2 22 38
33 11 17 36
19 38 46 11
10 9 41 3
35 25 24 43
14 39 5 18
27 32 17 2
16 31 24 14
9 41 21 45
15 0 2 49
37 39 19 25
6 34 25 48
35 27 11 49
33 25 29 45
16 13 12 43
32 47 8 15
24 15 20 25
9 37 17 49
4 6 45 46
34 42 26 44
5 37 36 21
30 38 39 42
37 47 18 12
25 32 31 8
34 39 27 0
40 23 24 17
41 8 4 43
21 47 14 5
35 15 28 28
12 45 5 45
14 48 24 8
33 39 29 13
4 39 22 43
47 21 18 43
31 40 13 13
36 23 25 46
46 32 14 35
43 28 31 14
41 29 36 26
21 28 29 31
45 21 16 14
31 45 27 37
26 42 36 45
