50 55 11250 800
35 7 9 42
48 2 26 23
39 8 19 45
30 28 1 25
30 36 28 49
47 12 13 18
7 10 33 41
34 4 10 31
39 27 27 21
28 28 22 43
37 5 22 39
34 39 49 35
44 44 29 3
48 13 25 13
40 46 10 31
10 4 2 24
37 12 19 43
26 32 44 19
7 36 26 20
13 29 45 5
37 9 28 41
12 25 8 33
20 15 3 44
30 38 25 47
24 31 5 44
35 24 24 16
28 26 13 13
25 21 18 38
39 2 28 15
37 45 28 18
32 3 29 45
31 3 6 41
29 28 7 40
24 8 14 49
30 30 9 46
39 15 23 49
35 44 27 49
16 11 7 32
30 32 31 23
6 32 0 20
6 19 47 48
9 46 7 20
18 2 30 38
42 7 18 23
30 43 25 29
10 2 34 35
31 32 7 18
7 20 11 21
12 17 7 46
19 28 5 17
35 1 14 33
35 41 21 49
38 45 17 29
20 17 10 12
41 18 19 48
