50 231 15542 800
30 11 42 30
30 47 46 40
29 27 35 31
29 33 25 22
27 35 10 8
37 46 46 40
35 49 22 33
24 44 14 35
40 7 11 32
15 45 17 18
29 9 20 34
28 10 22 40
38 48 19 27
30 42 27 26
36 26 48 38
31 13 8 9
26 11 10 4
0 36 28 28
40 23 29 27
27 43 20 19
11 15 25 40
36 21 44 33
22 43 18 33
29 13 6 27
18 12 15 2
20 43 49 42
48 42 6 6
29 19 17 33
11 48 9 5
35 22 45 36
34 37 43 33
31 7 9 38
35 43 14 39
32 49 7 7
33 13 39 30
33 8 10 24
24 34 30 31
35 49 4 45
39 45 38 26
0 18 28 1
27 46 8 4
32 13 17 16
14 23 42 34
33 49 9 2
4 16 8 9
31 49 14 37
32 12 26 25
8 18 13 30
30 12 5 33
36 5 14 26
23 47 6 31
32 38 4 5
24 14 7 8
31 48 26 49
20 41 11 39
33 7 30 27
16 13 14 1
33 33 41 35
40 13 3 43
31 10 41 43
35 38 13 7
21 4 11 19
24 4 28 28
36 17 16 9
22 9 27 31
3 10 4 35
35 40 34 24
28 6 31 28
22 8 31 20
34 48 9 26
35 31 32 22
31 38 8 9
30 8 9 41
27 9 23 5
35 42 20 36
45 29 10 6
35 27 25 13
38 11 33 17
30 2 29 30
31 33 9 6
24 7 27 31
33 7 3 25
33 13 26 28
28 12 4 6
39 8 16 9
36 9 6 8
20 4 34 24
23 8 39 40
15 30 1 34
34 48 2 30
26 3 19 30
38 6 13 47
41 28 34 26
22 11 6 41
27 18 28 30
34 45 7 2
32 19 9 9
30 10 13 48
31 5 24 20
26 5 41 30
42 25 26 18
43 18 14 5
32 48 11 6
29 11 2 32
29 4 8 3
26 27 42 32
32 20 1 34
5 21 32 27
38 44 23 34
34 13 48 35
21 31 32 33
37 49 26 14
10 31 12 11
9 40 28 44
20 23 26 29
5 22 7 45
29 46 23 8
32 44 31 28
43 38 8 13
34 47 32 25
46 15 9 35
27 37 23 25
18 21 30 22
35 5 9 46
38 48 20 35
3 17 3 25
31 11 24 26
37 33 6 22
21 21 8 39
31 8 19 45
26 9 35 19
35 10 23 22
34 48 19 26
26 47 35 35
29 16 31 25
40 14 43 27
17 26 9 8
21 32 7 16
31 48 13 36
29 9 9 40
45 35 1 38
28 11 7 45
26 36 31 31
13 34 0 39
19 9 46 39
26 31 9 9
25 4 30 23
34 21 23 32
27 17 19 34
33 35 20 32
24 30 44 25
36 47 26 27
34 49 38 21
34 22 5 30
35 43 9 5
29 45 9 48
24 31 4 22
30 47 9 17
29 2 3 23
30 7 41 29
26 16 10 11
12 0 0 41
39 49 34 27
26 13 12 34
22 6 17 42
26 21 45 38
21 11 9 5
34 11 9 3
21 25 31 26
36 49 31 23
39 24 9 21
24 18 11 29
11 43 29 27
22 4 7 10
32 45 21 28
25 8 8 5
26 6 46 36
36 3 21 17
30 48 27 26
7 27 10 9
21 20 46 33
24 2 2 24
37 45 15 40
32 6 12 35
33 48 22 7
18 42 23 12
35 27 18 40
29 45 31 37
28 45 18 7
27 8 43 34
23 12 24 30
21 38 44 36
33 8 2 47
32 15 43 43
15 18 10 11
25 44 33 31
29 15 17 3
36 43 10 8
29 37 14 33
37 49 6 3
41 34 19 39
14 14 48 31
30 47 24 33
30 46 23 31
35 42 10 26
17 35 45 45
39 18 30 26
20 43 8 20
27 35 22 14
31 39 26 23
32 9 11 38
35 48 48 38
5 11 20 26
20 20 6 6
35 42 28 29
35 32 28 35
32 49 13 26
30 49 11 33
25 8 6 40
29 8 45 36
34 48 26 23
31 45 7 6
35 47 26 34
29 47 22 10
32 49 47 42
20 25 11 38
27 48 9 5
19 13 13 23
27 5 48 35
28 44 40 35
14 32 15 18
