50 1147 16157 800
6 38 39 9
13 44 22 10
33 48 36 9
29 34 19 15
28 35 20 19
12 42 31 20
42 14 11 7
33 9 31 0
27 16 42 32
49 39 30 37
26 42 25 16
27 48 7 32
39 47 47 11
32 10 41 32
33 44 7 38
33 38 8 22
11 49 16 37
37 40 29 1
32 1 30 19
47 40 45 10
3 34 14 44
41 33 27 26
31 46 15 31
47 37 40 36
31 11 9 24
42 15 3 30
28 46 3 44
36 30 41 28
25 15 3 28
13 27 28 19
1 40 44 30
31 17 21 10
25 19 12 27
5 36 15 37
44 15 30 45
30 47 26 20
41 30 21 21
23 20 1 23
33 25 46 40
47 49 5 13
9 39 24 20
47 38 44 34
46 7 43 48
10 28 25 27
32 30 41 13
14 33 25 22
2 34 29 14
9 41 21 11
42 35 43 15
3 40 23 17
43 44 12 35
19 49 18 21
28 9 7 36
2 41 17 27
36 29 40 2
30 33 7 42
14 44 37 1
3 33 0 18
4 34 48 24
32 48 16 24
41 6 6 1
38 3 35 19
27 32 37 16
29 9 35 49
14 37 16 31
34 18 42 5
47 32 35 23
23 11 46 20
22 22 31 14
14 37 23 31
44 30 15 38
37 23 29 22
20 35 12 42
48 7 26 15
40 12 9 21
44 11 18 34
1 31 24 10
33 46 33 7
24 14 19 30
32 14 10 41
38 32 17 38
38 36 25 24
43 41 39 31
27 13 19 19
44 45 5 37
9 47 36 14
4 35 45 3
3 43 24 26
36 15 10 31
38 32 43 9
41 30 42 24
0 44 26 23
16 41 22 15
24 12 14 24
40 39 25 38
2 49 29 24
25 42 7 29
4 36 47 30
41 18 36 25
3 29 16 28
34 20 27 40
16 27 26 13
15 47 6 27
48 7 13 45
46 33 45 4
49 23 26 11
3 31 23 19
35 20 5 38
1 36 18 26
26 10 1 28
19 14 33 40
32 17 22 41
23 38 16 16
13 47 47 32
22 47 46 10
6 43 45 0
33 32 14 21
37 33 29 21
25 40 30 25
5 32 36 46
48 45 0 26
39 34 32 22
6 44 4 6
47 23 3 18
3 32 44 30
35 45 3 26
29 38 9 26
1 41 40 37
0 38 12 40
23 34 47 31
7 41 18 19
35 30 2 21
1 30 11 26
26 24 40 8
46 45 30 19
34 10 49 6
3 32 16 7
1 37 7 18
41 45 5 21
23 22 47 25
29 39 29 25
35 14 26 12
40 32 26 42
26 14 21 28
44 39 32 16
49 8 8 41
0 29 5 35
25 44 31 15
20 43 5 2
2 37 35 35
3 40 44 6
10 38 19 16
25 11 42 4
29 11 1 33
6 47 34 4
42 46 44 10
39 46 9 42
7 46 42 44
14 46 11 17
29 13 19 33
5 46 23 42
36 33 31 8
0 40 23 29
41 45 27 10
27 13 6 22
33 15 44 6
29 18 18 41
26 49 27 14
7 31 39 1
12 33 14 18
32 40 36 20
44 27 49 18
33 12 43 19
2 38 22 24
30 24 33 14
37 33 40 16
33 35 25 45
6 31 42 19
36 49 29 34
5 40 45 15
31 15 36 27
33 27 18 19
32 24 19 33
27 22 31 15
5 47 48 40
2 49 33 24
20 35 0 22
24 9 45 7
38 15 27 9
31 13 24 27
40 11 42 4
30 44 26 21
35 26 38 7
34 35 27 16
27 42 14 15
5 37 39 1
1 36 37 23
42 33 28 27
30 20 39 10
30 44 7 34
21 30 28 19
14 47 33 26
27 6 27 16
8 48 9 32
49 20 10 26
46 26 34 3
32 15 19 39
4 33 21 37
41 28 40 33
40 32 24 28
29 14 5 35
16 28 20 11
4 31 33 29
0 37 26 17
35 39 14 37
10 37 5 22
10 45 39 36
0 40 46 33
41 14 32 27
37 38 26 13
32 23 42 38
43 11 43 30
15 41 30 4
23 24 20 44
49 27 27 17
7 36 36 25
30 22 18 20
13 36 48 49
42 47 35 17
7 32 11 14
33 11 16 15
38 10 19 32
3 44 28 43
18 46 15 0
12 44 42 31
1 37 25 17
27 40 8 37
49 15 3 14
38 30 24 14
46 37 33 26
37 41 19 18
22 42 49 19
28 13 45 20
9 43 23 1
21 16 20 41
31 9 20 19
35 21 27 23
24 45 14 10
7 29 47 7
44 27 36 8
36 15 43 13
31 13 46 2
3 38 31 42
34 41 17 25
32 12 26 24
45 33 22 34
35 37 47 13
27 28 8 8
38 34 14 32
36 24 39 27
3 37 39 10
36 4 22 11
36 17 7 29
26 19 30 6
32 11 27 24
32 48 15 37
45 21 14 17
39 26 7 17
15 26 13 40
4 40 23 14
47 25 39 7
30 30 24 22
38 47 24 38
45 11 2 18
39 31 40 18
2 34 36 1
3 31 35 2
32 21 3 25
0 39 29 36
45 38 10 20
4 32 5 44
12 41 42 41
44 34 36 16
5 36 0 19
22 46 42 8
31 44 38 16
19 43 6 18
25 17 20 36
39 46 27 26
0 37 17 35
33 21 35 1
0 33 0 27
2 39 6 24
47 25 18 43
4 38 4 23
5 35 42 8
37 18 25 15
42 16 36 49
23 21 48 33
4 42 14 35
7 39 26 9
29 18 27 28
4 39 48 19
25 8 34 13
1 31 45 11
3 35 11 40
39 17 8 33
3 47 10 25
5 35 18 39
23 42 14 26
21 44 39 14
33 38 9 26
27 17 42 6
46 38 27 24
45 14 26 13
46 42 14 26
4 40 47 9
31 12 43 16
36 22 12 30
6 33 33 12
29 7 28 17
9 46 18 24
0 32 46 15
32 36 17 31
27 28 32 31
46 42 26 18
46 42 42 5
6 44 36 8
42 32 17 24
24 40 19 40
25 16 7 27
36 25 20 46
47 46 10 35
1 41 45 14
46 23 25 17
0 37 49 2
17 40 15 14
30 7 11 36
11 45 49 38
7 47 18 28
36 15 17 21
6 40 44 8
16 43 31 16
2 35 1 19
21 29 25 28
7 33 10 39
24 39 5 41
7 31 19 41
25 37 11 32
26 11 38 10
39 27 20 8
40 31 49 16
32 28 37 24
4 38 23 21
20 25 27 21
35 12 44 5
36 22 18 19
2 37 32 24
19 41 30 9
48 28 18 10
34 45 16 23
31 11 27 7
9 47 24 28
23 21 41 29
25 47 20 26
0 37 45 11
26 49 2 26
34 32 10 28
20 43 15 32
15 40 5 19
28 47 14 37
39 28 26 19
49 19 38 39
3 40 8 21
1 31 42 4
1 36 28 33
3 32 28 23
34 16 24 35
43 2 46 32
41 19 6 23
27 38 8 21
25 20 40 27
41 29 41 2
32 6 12 45
7 26 36 19
31 43 18 45
27 13 36 10
23 0 11 37
6 37 36 30
3 46 45 20
21 10 4 36
33 42 23 23
23 49 26 6
5 29 34 25
24 9 44 24
6 37 9 17
0 28 10 43
22 12 25 35
43 7 30 15
38 38 32 4
36 5 12 17
38 36 9 42
42 37 23 22
16 46 35 48
44 34 30 15
18 45 31 14
39 49 26 19
25 49 5 17
1 34 39 30
24 17 44 48
29 14 26 8
30 28 44 37
20 46 44 24
4 38 28 20
16 47 24 41
47 14 29 23
39 14 46 0
38 22 9 17
6 45 15 18
42 16 23 30
31 25 38 5
46 33 32 26
20 49 41 11
19 41 14 40
43 20 21 18
36 12 4 37
35 22 31 21
20 41 27 18
37 41 38 11
32 38 30 43
4 39 49 27
34 35 9 29
37 33 40 5
30 10 27 12
6 42 33 27
7 38 19 11
36 33 27 23
0 39 23 25
46 44 13 2
26 6 26 47
29 15 42 6
5 47 26 6
37 42 18 36
17 45 15 27
13 46 16 29
10 45 40 32
22 42 28 33
48 30 20 19
44 40 19 31
8 32 14 29
41 31 19 17
10 37 22 12
12 43 28 31
21 23 12 41
42 37 22 11
42 45 47 7
34 40 0 19
40 23 44 16
30 7 19 22
31 11 6 7
16 45 14 16
47 38 43 44
49 39 23 16
0 34 45 22
14 39 27 2
20 36 18 9
9 32 20 29
26 38 23 9
34 19 24 18
29 42 10 25
11 49 14 18
24 23 8 20
21 10 12 24
0 33 40 22
7 36 45 24
32 28 27 22
23 11 13 23
32 19 15 3
37 28 3 5
45 44 45 11
33 16 22 18
5 35 46 13
40 18 34 13
35 37 34 20
27 22 24 6
45 28 42 6
48 9 38 23
42 49 15 26
3 33 27 19
41 37 30 11
39 44 38 5
23 40 14 35
45 29 39 33
38 47 36 14
17 34 49 13
30 44 26 42
29 14 34 27
5 26 2 15
37 47 27 19
28 18 34 12
24 13 29 18
31 15 33 8
40 46 28 22
43 25 3 11
9 36 17 32
42 31 11 26
33 45 39 44
40 33 32 12
17 49 37 27
28 40 40 13
33 17 36 21
32 16 15 22
33 8 44 49
18 49 24 26
34 31 24 25
31 42 34 44
5 42 47 31
24 13 12 26
47 46 41 19
15 38 21 4
3 34 48 38
28 35 18 40
36 7 3 14
0 34 24 30
32 41 14 36
4 42 5 17
31 30 36 23
4 37 47 3
14 49 27 15
31 14 34 36
30 17 26 5
2 38 27 24
21 36 23 22
20 48 12 33
29 40 25 22
9 43 15 43
19 37 14 30
45 30 23 39
27 15 19 16
4 46 23 29
23 8 39 13
35 35 20 33
44 49 32 34
15 45 17 40
3 38 37 11
30 10 42 45
28 23 43 26
8 44 13 42
0 42 8 20
27 12 10 17
32 30 31 11
29 10 10 17
16 41 16 19
49 34 27 21
37 34 14 7
25 13 41 19
35 32 5 18
21 39 25 22
27 40 3 21
48 36 20 14
1 43 2 23
25 44 33 24
38 18 21 16
36 25 30 13
35 38 32 1
4 41 37 30
48 45 43 32
10 45 46 25
48 27 23 20
31 13 10 36
36 9 49 9
35 12 31 27
30 33 36 33
43 21 5 7
27 14 34 30
14 46 34 16
45 33 13 17
2 41 23 26
49 45 31 37
29 16 12 44
8 44 16 20
10 48 19 14
46 39 33 20
0 29 10 45
28 45 46 6
33 8 1 30
40 35 13 19
36 26 22 14
34 12 13 37
9 27 5 9
32 23 15 3
9 43 21 37
27 33 15 32
15 38 23 2
44 40 30 17
48 17 32 9
40 46 7 19
46 33 23 32
3 33 13 15
25 6 47 45
4 33 11 40
32 22 27 19
24 49 38 13
33 30 45 18
35 4 25 20
24 29 7 39
3 36 16 22
26 17 21 43
33 8 29 15
28 8 7 20
32 20 27 16
33 23 19 10
27 25 12 10
47 41 13 32
30 14 17 46
45 36 18 31
19 28 16 42
29 13 40 21
32 48 36 19
32 49 20 32
45 45 38 6
36 46 39 9
39 31 27 25
41 43 30 23
47 41 22 8
9 49 29 18
11 46 32 21
46 40 38 15
28 10 28 22
34 26 37 31
33 45 9 18
41 17 25 0
29 16 24 16
32 14 20 26
28 14 3 41
23 43 31 15
4 35 48 0
44 17 18 39
11 49 0 4
7 34 18 31
5 34 14 47
31 14 45 31
39 22 21 27
39 14 28 12
46 29 5 17
33 34 17 35
1 38 37 33
15 48 25 5
27 46 23 15
28 8 22 13
36 13 17 32
46 28 24 7
49 23 34 15
45 34 49 27
17 48 33 6
29 16 3 18
15 35 12 26
8 38 9 18
20 36 43 13
22 42 48 38
28 18 33 21
22 16 39 11
9 44 11 16
47 43 20 6
3 40 28 5
28 10 4 35
39 43 24 17
41 47 30 24
45 30 1 22
0 32 15 30
40 23 7 21
35 46 12 18
26 9 44 27
6 36 44 20
21 43 3 28
32 23 42 41
47 27 30 10
27 12 7 42
4 30 5 40
30 13 28 17
26 43 18 22
5 40 9 12
26 34 27 11
37 22 26 37
49 45 17 15
40 0 36 19
48 23 46 20
48 23 39 3
29 49 28 11
2 33 21 28
13 48 12 2
33 49 24 15
19 36 3 23
35 40 47 19
42 39 46 27
0 44 46 36
41 40 29 9
25 45 43 8
45 26 34 15
32 41 25 21
15 34 6 18
17 47 21 33
28 35 29 28
35 42 17 22
46 24 3 45
29 19 19 26
8 40 24 19
44 17 35 9
31 31 44 28
41 18 28 12
44 40 1 15
5 35 6 6
38 15 48 12
29 13 7 29
15 45 15 35
20 26 38 24
41 28 4 20
0 28 41 8
32 13 14 10
0 42 22 4
41 15 36 17
45 25 15 35
7 47 28 15
20 42 45 41
27 12 36 9
4 29 4 23
31 25 20 42
36 44 21 14
32 12 28 19
41 29 23 6
45 36 35 0
37 36 34 24
36 22 23 11
7 32 43 25
28 45 7 37
47 37 34 11
33 44 18 27
1 32 20 14
29 40 45 26
33 12 22 11
40 27 2 38
42 39 23 14
33 11 19 36
38 46 11 40
15 39 3 15
32 35 15 39
28 44 26 2
27 17 23 36
45 6 16 38
29 12 22 23
21 47 37 9
10 32 31 14
4 45 41 40
1 36 16 32
20 49 41 21
27 10 6 19
47 37 32 26
34 13 43 23
5 37 9 30
44 26 42 44
3 33 27 16
1 36 24 31
47 14 4 17
13 42 9 24
3 32 49 7
43 21 46 14
46 32 31 0
0 37 20 18
20 25 17 18
27 13 17 34
31 11 23 17
1 35 4 15
3 37 11 49
10 39 21 45
43 32 29 10
10 30 23 19
9 47 49 27
3 38 16 29
28 7 13 7
38 28 28 29
30 10 24 12
35 40 13 36
38 37 42 31
35 34 36 40
6 39 49 9
29 38 37 28
3 37 17 26
1 30 44 2
35 10 5 19
1 43 25 19
29 14 16 34
28 32 0 16
1 40 42 3
49 48 37 13
40 33 5 17
26 14 21 36
11 48 17 39
17 35 1 19
45 5 36 15
1 36 22 17
21 45 0 38
18 43 45 23
27 9 24 40
26 8 43 6
15 48 43 13
6 49 31 30
17 40 19 9
24 40 17 20
24 43 45 17
2 34 28 14
26 18 10 46
46 33 16 18
41 39 31 19
45 42 36 8
8 36 45 45
6 41 9 19
14 45 1 19
46 23 15 8
19 8 36 25
8 41 41 46
42 43 16 39
14 20 29 39
32 11 47 46
34 26 26 13
42 39 23 12
39 22 45 23
13 47 30 20
4 30 2 16
43 18 5 19
28 13 4 14
15 46 41 23
2 40 42 5
19 34 21 39
27 12 15 34
42 30 26 15
2 38 25 32
35 47 26 8
35 12 8 36
41 11 5 27
8 39 18 37
13 34 22 29
39 37 18 36
38 18 13 36
26 26 39 10
28 48 23 14
30 11 33 48
26 14 12 30
37 23 31 17
6 37 27 16
48 10 20 21
26 14 20 15
3 43 36 29
10 41 9 46
2 41 29 14
44 40 33 31
12 49 3 23
46 31 19 37
29 28 21 34
13 46 12 38
6 41 28 9
2 44 45 10
24 12 15 36
46 27 21 38
27 39 30 42
39 40 30 18
7 45 15 33
3 33 19 41
29 33 35 20
37 9 25 18
40 40 10 46
37 25 14 18
29 15 24 16
20 31 1 19
5 37 17 41
37 43 24 16
22 40 27 8
32 22 9 39
33 35 43 46
24 43 5 15
15 40 32 24
1 30 1 18
37 30 26 23
3 37 17 39
3 40 20 26
27 46 12 32
20 44 2 21
24 28 39 2
29 16 43 37
27 10 44 4
28 15 14 39
14 46 42 7
47 38 29 26
32 46 15 34
0 48 43 6
9 33 35 7
30 12 12 35
43 31 21 39
39 28 27 12
6 34 28 3
31 8 48 13
41 35 21 9
0 39 20 40
49 28 47 7
35 43 22 27
6 33 36 33
30 16 34 21
31 28 38 16
49 24 33 13
47 23 37 8
14 40 32 22
32 23 22 18
43 26 21 4
12 43 31 17
8 38 26 13
30 30 8 24
12 45 8 11
29 10 0 25
14 49 28 15
34 7 39 8
17 38 3 39
23 45 16 20
32 12 18 38
31 15 25 20
1 44 43 17
48 11 0 12
34 10 16 22
47 19 29 19
45 23 41 32
35 36 36 21
37 13 38 48
1 30 5 25
28 25 13 45
2 29 31 2
1 39 19 32
6 39 16 37
44 22 16 26
17 43 21 37
30 16 36 10
12 38 34 45
34 10 43 42
29 34 23 23
40 24 22 13
2 33 43 18
48 1 37 32
24 33 49 8
44 31 3 21
48 24 28 26
37 26 14 48
5 34 27 20
39 24 37 18
35 23 43 10
40 46 6 35
17 39 29 29
25 32 36 17
25 49 23 11
36 44 38 34
23 44 44 37
43 16 41 21
1 33 17 34
48 48 23 25
2 47 19 9
10 48 29 14
26 14 34 8
36 38 14 3
49 30 30 13
30 7 22 17
28 42 27 14
6 39 44 31
31 35 19 24
34 29 1 13
28 18 25 10
49 13 29 14
42 4 23 15
5 40 49 12
1 30 34 13
43 29 28 0
28 12 39 18
23 21 34 29
5 35 46 31
7 36 14 30
3 40 4 21
35 23 15 19
33 40 29 28
8 32 49 4
33 5 15 46
40 15 7 38
28 16 21 27
47 42 18 17
47 15 27 18
47 17 34 19
30 18 1 21
4 36 30 18
37 6 40 10
3 37 19 46
40 21 44 44
4 43 7 26
29 32 43 2
48 47 42 7
33 17 24 18
8 31 35 7
36 19 23 36
26 12 32 38
37 23 27 20
34 27 19 4
40 23 10 8
18 49 26 48
10 44 9 17
39 47 46 42
44 28 40 22
26 37 16 22
45 35 34 9
12 37 39 40
21 12 19 18
2 33 14 34
29 30 8 14
45 29 32 49
14 42 28 10
34 37 27 26
19 27 30 49
41 45 39 17
19 28 43 30
26 21 16 27
33 17 40 13
8 38 22 23
41 18 27 19
7 38 23 30
7 42 39 8
47 14 42 44
29 12 48 37
25 10 48 28
5 30 7 34
2 38 16 16
34 48 34 18
34 36 18 22
36 34 17 22
36 34 23 28
46 26 35 9
38 6 16 21
33 20 38 14
36 43 26 9
17 39 27 27
46 44 41 45
32 47 26 4
15 32 1 23
35 32 41 22
42 31 17 19
6 30 28 17
27 7 5 21
45 21 19 10
44 19 23 21
6 34 0 21
9 33 41 10
44 15 45 7
43 39 27 8
43 37 19 35
35 28 20 8
32 22 41 47
44 20 16 21
48 44 36 12
7 36 47 6
28 11 0 13
22 44 15 38
26 33 33 18
35 12 30 8
46 19 23 24
34 36 1 8
44 25 45 11
40 22 20 10
3 35 26 8
4 31 10 29
40 44 29 23
48 37 13 7
35 36 16 33
1 31 47 26
47 40 7 33
3 40 33 20
23 12 21 17
32 15 29 23
45 13 2 13
12 7 12 46
18 45 41 37
36 32 23 42
2 33 37 42
33 36 39 1
9 36 36 18
37 27 35 31
19 43 20 25
1 38 18 32
46 0 20 14
22 49 49 18
37 40 47 9
26 12 47 16
44 25 37 30
8 32 3 10
25 14 20 6
1 36 26 26
23 21 2 19
32 40 49 10
0 41 31 7
15 47 4 45
30 14 29 22
3 33 18 26
41 47 19 11
34 24 27 20
38 24 45 16
37 21 20 27
32 15 33 2
3 46 10 36
29 1 27 11
16 29 14 0
28 8 46 10
11 42 4 39
28 8 18 45
8 35 34 39
49 31 32 7
0 48 15 42
1 40 16 25
43 4 18 37
19 31 48 23
31 8 39 9
17 45 23 8
12 41 39 12
43 21 38 13
49 42 27 22
16 49 45 23
34 49 28 33
32 38 49 18
23 27 43 43
29 15 39 41
44 36 29 33
29 37 46 6
29 9 31 12
4 30 22 21
4 41 31 8
45 45 42 29
29 18 11 42
28 7 40 20
37 47 2 11
32 39 30 24
16 40 26 16
26 33 6 23
31 33 27 14
25 15 18 25
26 12 24 19
14 37 9 27
10 44 47 48
28 14 19 18
