50 111 13489 800
41 19 42 36
24 39 48 41
28 27 1 48
25 40 43 37
30 12 1 23
28 36 39 41
36 30 39 39
37 21 44 37
37 19 40 43
2 2 44 37
20 4 42 35
13 35 5 40
21 21 30 37
33 25 14 43
27 15 47 45
28 9 39 39
23 25 40 27
34 27 26 33
45 21 8 22
35 29 42 37
10 22 14 31
44 26 46 40
31 16 20 25
3 6 38 20
39 22 8 17
39 32 43 43
30 47 36 35
21 18 43 35
33 41 38 34
16 32 23 26
12 30 16 7
32 28 41 39
36 40 7 34
31 46 40 23
35 34 20 26
39 46 46 29
7 17 43 44
43 41 46 43
36 19 24 44
43 17 27 25
28 40 16 32
35 35 49 31
38 22 18 35
28 38 8 9
20 7 45 36
26 45 12 14
38 38 28 36
33 23 21 41
24 38 36 42
14 11 41 30
41 28 3 38
31 38 26 1
37 30 40 38
27 34 48 40
49 44 11 14
29 39 43 29
34 44 17 22
49 33 16 0
39 28 34 44
42 45 22 3
42 33 47 29
35 27 20 16
29 24 14 49
35 20 18 21
38 35 31 31
37 42 44 7
36 24 28 39
36 26 4 26
23 17 11 18
20 45 32 21
36 31 47 41
38 33 49 37
40 20 1 35
37 29 18 38
36 32 11 27
23 20 2 48
19 9 49 43
38 22 48 43
24 47 20 10
25 13 32 27
31 25 16 21
43 24 30 26
45 35 25 8
42 17 41 36
40 36 49 40
21 41 16 32
38 49 19 3
36 24 3 38
32 28 38 34
15 17 32 42
19 9 32 34
26 15 25 44
34 6 6 24
31 33 12 19
43 45 49 36
36 43 18 21
46 36 49 38
42 31 34 8
36 19 8 8
35 26 39 12
29 26 47 28
13 13 36 24
23 32 19 38
31 32 40 49
39 46 22 23
37 49 7 38
5 9 43 11
28 6 30 3
33 34 2 6
34 25 20 10
39 46 48 36
