50 917 19273 800
20 29 26 12
27 44 13 18
12 35 1 12
30 40 0 13
29 42 25 12
18 40 3 13
47 47 4 15
18 23 26 21
13 8 6 39
43 3 9 13
26 33 4 3
39 0 8 39
13 33 42 14
9 22 29 14
22 40 16 32
24 41 27 21
28 35 19 29
49 49 25 49
33 12 7 18
30 38 28 12
40 32 25 20
29 48 35 7
28 43 2 10
9 49 34 47
30 46 46 32
25 39 30 43
31 35 6 27
29 42 7 35
4 47 9 38
1 20 31 6
33 3 24 37
31 48 26 22
32 44 5 19
31 43 39 24
38 6 8 18
30 42 36 5
33 46 6 42
44 49 26 45
25 41 31 16
19 39 27 47
36 2 8 20
29 36 32 47
33 7 26 21
2 34 21 20
31 37 7 35
36 41 8 38
46 7 28 15
33 13 34 33
31 41 24 15
44 3 33 14
20 19 25 20
30 42 25 17
23 42 30 16
30 7 22 16
42 31 27 18
35 18 6 35
39 1 10 6
30 5 7 25
23 19 38 7
30 39 29 14
35 9 32 14
21 39 26 10
8 45 26 10
16 31 24 30
47 6 30 17
33 43 27 44
3 25 22 28
29 39 15 38
17 31 6 40
3 30 30 21
24 4 32 23
18 5 7 34
11 37 47 31
9 1 34 40
30 45 23 15
27 43 26 18
37 3 23 20
22 42 30 15
28 43 38 34
31 40 6 39
24 40 4 40
6 16 38 44
38 10 31 27
6 41 3 11
43 8 32 32
21 28 6 39
30 10 3 18
26 43 30 46
29 42 11 22
29 41 34 24
26 40 10 36
15 30 30 7
20 34 46 2
29 32 24 17
28 41 6 39
31 41 32 21
15 38 30 48
20 37 12 4
20 33 5 21
31 41 31 16
32 11 7 16
20 38 19 11
45 6 20 44
18 35 23 15
10 25 9 17
3 18 27 41
28 39 9 20
33 6 28 31
31 44 27 18
22 24 23 18
30 47 32 13
28 38 20 20
23 36 29 41
15 30 24 46
30 46 32 16
41 22 28 17
20 41 39 44
40 46 30 17
39 9 31 23
31 21 24 43
29 10 22 39
20 14 18 29
20 4 45 43
39 30 34 48
36 8 38 13
29 39 19 43
26 40 39 38
18 29 0 0
28 44 30 20
38 34 24 17
30 17 23 9
31 43 31 48
38 11 6 39
31 46 37 11
19 27 18 42
22 39 18 18
40 11 37 33
16 32 6 14
18 41 21 15
28 45 20 8
32 11 33 43
23 8 28 20
5 10 8 38
37 6 33 46
29 46 27 18
17 16 32 15
42 0 27 21
44 30 9 39
11 40 28 23
5 39 0 38
40 0 25 10
22 33 8 21
25 22 32 4
39 37 30 49
11 31 27 44
31 42 5 17
42 5 25 21
45 39 11 17
43 6 28 18
27 44 32 48
29 48 34 37
21 33 42 40
41 12 26 32
24 13 33 31
25 25 37 12
16 28 29 20
13 30 10 25
43 41 5 16
33 40 36 23
30 38 11 44
28 45 12 44
40 0 28 45
32 20 48 32
31 46 19 0
29 43 30 17
32 38 23 15
24 6 6 18
37 1 28 16
26 40 14 18
25 6 6 20
40 6 8 34
31 49 21 13
25 40 11 36
27 33 28 8
26 42 34 8
12 32 28 6
23 37 1 21
18 23 46 34
44 7 33 43
0 37 34 35
32 41 8 41
38 2 25 45
5 37 25 14
45 6 15 39
32 42 25 14
0 21 10 42
33 13 26 8
34 42 35 7
26 45 8 45
25 2 32 43
33 3 26 33
11 33 6 13
27 42 41 45
33 10 41 36
29 41 21 1
41 7 34 46
44 4 20 1
30 45 14 26
40 3 28 27
47 6 24 13
0 42 30 48
12 37 9 40
44 0 6 42
26 34 30 14
43 1 29 17
34 6 6 38
21 36 28 13
15 25 11 22
31 4 22 28
45 3 39 34
28 4 31 24
46 2 25 19
28 41 22 38
35 0 31 49
22 40 28 21
27 41 28 19
42 1 22 25
35 16 39 49
34 20 4 40
21 29 2 45
47 8 8 22
28 43 25 34
13 24 22 48
46 7 28 19
39 21 15 30
35 3 24 48
32 5 1 12
48 49 6 8
37 1 17 20
33 23 8 45
11 40 34 20
31 36 10 21
28 40 32 16
13 31 7 40
25 40 8 12
36 1 32 36
35 3 28 20
20 37 11 15
15 31 12 36
9 17 4 39
31 41 28 8
28 41 30 13
46 0 6 36
30 41 38 5
24 22 30 27
25 34 25 20
31 43 12 36
31 40 31 14
22 42 11 21
33 30 34 12
28 44 31 18
46 8 5 40
23 40 28 20
27 37 7 40
30 34 3 10
4 27 10 17
24 14 29 10
12 8 22 8
40 23 4 20
20 28 12 39
40 48 31 22
24 44 32 7
49 0 8 14
27 46 26 12
34 35 19 6
32 42 26 4
43 42 33 41
30 0 8 12
25 44 9 5
32 41 39 7
24 38 30 33
37 10 27 20
36 10 29 15
28 42 27 9
26 31 26 16
35 39 3 3
32 41 35 38
41 15 8 20
29 9 11 34
43 15 24 23
36 4 33 2
15 33 38 37
30 41 33 23
36 23 29 30
32 33 25 47
33 28 31 24
35 39 9 13
18 30 17 11
33 6 35 47
29 47 6 20
15 33 3 11
41 40 10 14
14 34 34 18
14 6 0 38
42 7 30 8
31 1 3 39
22 20 7 35
28 42 28 8
32 9 6 41
2 27 22 5
19 37 11 43
28 12 29 21
30 43 26 22
29 0 22 22
44 6 4 41
25 37 35 12
33 4 1 18
27 5 25 44
26 42 31 18
28 41 8 37
29 40 31 20
30 5 38 13
33 48 7 10
27 45 22 41
27 37 39 6
37 18 31 12
43 9 28 13
22 12 26 41
49 4 29 20
5 14 29 19
26 43 13 25
33 40 9 14
45 12 2 22
22 28 13 5
45 4 34 20
34 37 24 21
8 32 30 22
31 41 22 22
41 34 7 37
27 44 39 30
29 28 29 48
39 26 35 37
47 2 9 34
29 25 12 29
27 44 7 16
37 33 18 25
20 36 10 44
44 40 19 19
24 38 0 28
13 32 24 16
43 13 28 48
29 42 9 15
35 14 8 40
29 43 29 17
30 38 37 40
43 6 22 19
43 45 4 29
36 6 14 16
26 0 36 23
43 2 2 31
32 37 37 38
34 41 7 24
36 40 30 4
20 30 30 20
33 12 27 34
13 32 37 15
30 41 25 47
22 41 24 36
41 10 7 16
29 39 34 44
29 40 12 25
43 0 31 22
17 38 0 35
30 18 10 40
26 43 31 41
15 27 12 37
26 5 30 17
35 2 9 20
25 16 33 15
30 8 14 7
23 43 15 42
43 4 9 16
23 44 9 15
35 33 28 21
25 38 29 12
30 40 20 7
29 41 7 27
29 43 44 10
33 43 30 24
13 40 28 18
37 0 29 10
44 4 32 16
30 39 7 16
29 43 17 16
24 3 12 38
26 2 31 48
35 29 35 20
37 5 10 21
33 11 4 41
31 25 0 25
43 6 6 39
27 29 10 40
32 14 22 19
42 6 23 13
45 16 25 12
30 41 35 24
39 32 7 21
20 39 5 38
30 21 24 14
36 7 7 37
41 9 26 24
42 31 3 34
31 7 14 21
19 42 9 41
25 39 6 13
21 49 28 44
31 4 2 37
8 33 27 43
26 42 1 15
18 33 9 44
25 28 36 21
11 25 21 19
41 39 4 17
32 47 49 46
18 14 7 16
33 6 32 23
11 37 13 41
27 9 34 42
28 43 21 11
29 42 32 45
41 0 29 40
45 3 0 22
35 39 8 43
26 22 10 45
26 37 20 6
20 23 27 47
47 35 22 36
14 19 14 8
36 2 4 21
22 41 27 45
43 18 30 23
31 38 4 18
30 42 20 18
32 8 34 11
34 16 11 36
41 22 35 15
11 20 19 18
23 34 13 17
31 40 6 37
33 4 26 19
41 3 29 16
45 2 33 8
31 45 26 20
33 34 30 20
30 39 7 19
33 10 7 37
30 45 23 46
27 33 29 46
23 28 1 14
35 49 45 8
26 41 25 16
43 1 33 7
3 19 16 7
6 24 28 18
27 9 32 15
12 29 4 20
28 37 29 48
47 22 25 11
43 8 24 18
28 36 12 36
13 19 37 25
37 19 36 12
19 42 33 30
36 5 27 13
42 32 30 16
31 8 23 13
21 29 30 44
23 37 28 45
38 11 36 45
40 0 28 25
31 47 33 6
6 7 10 49
38 6 28 19
31 41 32 4
35 8 9 8
25 18 10 40
26 41 11 16
30 41 32 16
48 36 2 41
33 38 9 16
30 44 30 21
41 9 5 46
30 38 36 12
40 3 14 13
16 31 9 19
31 39 0 20
41 4 25 18
27 8 30 12
27 7 10 11
40 12 8 40
40 7 27 14
15 21 6 17
4 10 27 20
13 34 11 37
31 41 7 39
24 13 4 40
38 39 31 21
1 14 29 46
29 25 22 17
26 12 41 10
26 47 9 35
41 29 28 25
40 3 20 6
23 43 10 18
18 29 8 27
25 40 30 22
21 6 3 49
2 5 18 17
37 8 7 34
23 46 6 35
7 35 25 14
33 39 23 19
27 41 7 35
23 27 36 49
24 39 12 40
38 23 16 22
35 1 29 12
9 27 30 3
9 10 36 23
25 36 30 47
13 8 7 20
43 6 15 14
0 26 23 43
36 10 32 7
12 34 14 18
36 10 5 37
8 40 8 21
36 38 29 49
44 23 27 47
10 31 7 39
44 8 39 5
29 39 39 12
16 44 4 18
33 41 33 20
16 4 15 19
22 46 27 6
39 1 34 13
43 32 2 15
34 26 10 38
32 41 6 14
29 46 6 17
7 0 25 23
33 16 8 18
3 20 22 28
1 15 33 22
10 17 35 41
31 4 29 19
39 0 29 3
30 39 38 44
9 37 7 16
30 7 32 14
31 39 18 16
16 6 10 34
30 5 28 10
32 13 31 17
15 11 35 44
31 36 39 13
35 8 12 41
25 40 9 23
34 22 13 9
19 42 26 33
11 30 29 19
25 39 5 41
41 5 7 14
29 0 28 13
40 48 8 47
36 7 4 14
27 40 26 46
3 46 26 5
43 34 29 21
19 38 13 40
16 26 33 16
32 43 30 19
28 33 26 11
31 41 26 23
31 41 7 38
23 0 29 21
26 34 4 39
27 41 26 20
48 11 9 20
28 42 27 16
47 10 27 19
2 31 7 36
29 40 23 32
26 10 26 49
0 41 39 43
0 49 33 19
23 44 29 12
28 42 9 15
37 1 31 9
29 48 22 42
25 42 7 28
29 38 16 8
27 43 20 16
26 41 28 24
23 14 11 40
30 11 30 5
9 36 37 11
29 42 10 18
32 8 8 9
28 41 23 7
48 49 4 16
30 38 24 23
27 6 36 12
26 39 15 30
28 40 40 16
33 3 26 22
29 40 6 37
30 44 10 40
42 20 34 24
16 19 33 23
4 23 5 15
19 28 30 2
42 2 6 17
5 23 22 9
22 49 3 14
33 8 12 21
9 31 29 8
17 31 40 28
14 39 9 40
21 18 10 16
34 12 25 17
29 42 25 48
12 28 6 15
41 16 6 42
13 36 30 49
36 1 30 46
40 11 10 37
27 10 28 6
31 40 8 3
36 12 2 39
30 40 27 21
30 42 2 14
25 19 25 14
28 44 13 15
40 8 8 39
39 2 29 15
23 41 12 16
27 41 35 43
16 8 25 15
29 42 10 37
35 21 31 45
36 12 10 35
19 21 28 11
14 12 35 16
34 44 25 14
20 49 5 18
25 44 8 15
16 17 6 22
30 40 34 35
34 46 5 38
28 9 32 30
29 44 9 13
34 42 11 13
47 27 37 13
29 42 13 34
42 0 19 9
20 47 29 19
14 20 36 35
41 11 27 16
31 44 27 12
42 1 21 21
41 38 43 26
36 21 9 40
35 8 30 4
1 27 19 30
30 40 9 17
15 23 9 6
45 6 31 16
32 41 32 21
13 43 9 38
28 10 30 22
26 43 8 23
40 2 25 11
34 2 8 48
21 30 12 14
27 10 3 16
34 8 34 21
34 3 4 34
29 42 34 15
26 37 7 40
38 18 42 22
11 32 4 16
37 13 33 43
26 39 27 19
36 9 30 43
39 5 1 31
45 8 1 25
25 38 29 49
31 43 32 39
28 30 7 36
31 6 8 17
19 35 9 6
8 29 47 42
15 30 25 6
44 22 12 36
29 39 30 9
26 43 31 20
30 8 22 49
26 11 5 39
12 41 24 48
7 20 20 4
19 23 15 18
31 42 7 11
32 0 29 46
38 24 10 21
26 45 30 18
33 41 4 14
46 5 8 33
4 5 39 18
19 41 7 37
44 40 8 38
31 0 9 26
13 16 24 45
42 4 25 45
32 4 38 15
26 42 12 37
37 4 30 24
40 1 20 47
17 37 32 10
29 2 28 39
33 8 6 20
31 49 15 16
17 32 39 21
36 17 47 39
21 34 7 18
17 37 31 22
32 41 24 45
5 12 33 43
30 0 35 47
37 7 8 19
30 41 6 10
34 7 12 37
40 8 2 22
30 44 16 41
27 29 42 35
29 1 12 40
28 8 26 21
30 42 11 15
38 7 34 18
15 28 14 7
27 39 36 44
16 44 32 18
31 45 31 33
28 42 25 14
30 40 5 14
22 40 21 47
30 41 26 17
30 37 35 45
33 3 11 2
48 40 31 39
33 3 6 21
32 41 24 19
39 3 11 36
0 21 8 37
30 42 2 37
40 29 28 47
31 40 29 7
38 6 27 47
19 35 21 17
30 42 32 18
16 34 29 41
18 33 35 15
31 34 30 43
32 45 30 11
30 40 2 10
33 47 15 14
35 13 27 8
25 37 40 13
39 3 36 16
36 3 24 4
31 1 6 17
37 9 23 17
38 8 31 14
28 45 23 26
40 2 27 11
40 43 33 16
35 5 31 17
29 42 11 36
26 7 14 11
21 6 27 23
32 47 39 17
19 16 25 24
25 45 5 19
29 47 25 45
28 27 9 35
3 14 10 23
8 7 6 38
16 30 26 20
28 0 37 33
38 11 2 39
32 2 32 14
23 45 28 44
11 5 5 39
31 5 25 38
43 5 12 22
37 20 32 10
28 43 20 26
28 6 34 19
27 41 2 18
17 22 24 43
26 11 28 29
23 4 7 18
24 39 19 20
42 8 9 17
22 41 19 39
18 31 9 41
27 42 28 46
40 18 9 19
31 43 5 43
43 1 42 23
32 42 24 12
25 38 28 20
23 6 8 41
28 42 0 22
29 42 28 17
22 49 40 19
29 42 24 7
46 45 5 40
27 43 23 26
20 43 10 15
48 35 7 16
18 23 15 19
0 40 7 39
23 40 33 16
33 41 9 15
11 31 27 17
27 41 31 10
35 4 8 39
14 48 26 17
10 38 12 23
22 43 9 38
34 34 25 21
30 34 6 38
33 43 10 38
25 43 35 19
28 45 8 19
31 40 30 14
43 3 34 15
45 0 41 15
33 12 47 48
21 13 20 9
30 38 25 25
1 16 10 19
27 36 26 18
26 33 8 15
12 14 27 23
26 29 30 14
28 48 29 12
6 28 7 19
42 6 8 18
31 4 11 17
24 43 29 19
36 4 25 16
43 2 18 36
30 44 30 13
24 29 45 43
28 40 34 41
29 40 13 40
32 39 22 10
30 42 1 18
39 17 33 47
44 20 30 3
36 6 29 19
39 9 21 10
31 0 10 39
24 37 33 41
36 26 35 47
36 12 31 48
29 43 33 18
14 32 6 17
34 14 27 49
25 36 32 20
48 19 27 18
36 40 7 38
47 36 12 46
8 31 2 10
31 43 5 18
28 24 23 21
32 16 17 23
27 27 9 38
34 8 27 19
29 42 33 8
31 37 26 8
29 41 26 21
39 35 24 22
26 43 31 13
30 41 36 4
11 13 9 41
33 0 7 42
34 43 26 13
29 43 29 48
34 5 29 40
26 2 5 39
28 10 25 24
15 27 15 12
37 0 7 41
39 1 37 16
39 9 8 42
33 6 25 0
19 45 7 36
37 11 24 40
28 42 37 45
45 35 25 10
31 40 30 18
45 18 30 9
43 8 10 14
