50 79 15358 800
10 6 39 24
22 32 11 33
19 12 47 11
35 23 23 20
15 6 38 37
16 43 32 28
24 5 24 17
32 6 13 30
41 43 35 5
32 26 46 11
36 36 19 31
24 32 32 37
34 34 32 15
41 15 17 34
16 0 22 5
2 31 17 25
45 29 15 23
23 18 25 9
37 13 21 23
27 12 31 44
21 37 35 27
11 43 34 38
22 5 35 13
10 45 12 16
35 35 46 11
17 10 18 36
21 18 43 16
37 32 18 28
38 31 39 22
29 31 40 42
12 15 3 37
7 0 2 14
27 44 1 29
24 29 26 20
19 35 33 23
49 20 35 20
18 5 42 35
34 27 38 18
12 38 3 39
15 36 39 18
35 34 2 31
32 32 40 21
4 49 41 38
8 2 48 34
47 14 34 23
42 22 42 43
20 17 17 12
9 10 18 42
17 5 5 21
7 48 34 22
0 7 42 20
16 3 32 34
38 34 42 2
12 46 12 31
12 14 6 22
49 18 46 29
20 1 4 39
38 35 14 23
49 13 24 41
19 5 3 35
19 35 46 46
18 3 45 28
13 1 24 36
18 10 18 28
23 3 40 18
15 1 46 33
33 42 7 21
22 0 31 12
24 8 38 28
11 1 5 38
15 4 39 26
12 48 47 38
36 38 29 11
1 22 21 29
22 11 30 10
26 19 39 12
31 33 7 32
8 25 30 7
18 9 49 28
