50 72 15958 800
13 7 21 5
36 35 35 39
39 24 39 36
1 13 18 9
14 8 24 47
10 23 18 29
12 18 32 3
27 5 13 43
12 37 31 36
11 34 35 1
10 12 43 20
29 8 30 35
45 21 40 30
45 42 39 11
1 30 30 10
17 13 41 41
33 15 33 24
43 24 6 28
45 37 4 32
46 42 31 28
27 23 22 35
19 15 44 12
5 18 28 1
49 25 27 35
25 16 2 35
13 37 33 6
35 5 45 16
37 34 22 19
35 48 17 31
40 16 29 3
37 15 19 1
7 29 39 39
4 7 36 1
17 12 31 12
8 18 19 10
17 10 32 8
26 36 24 13
10 4 20 14
24 31 28 8
42 40 45 21
26 39 43 4
1 22 38 15
21 34 34 31
15 32 47 24
40 49 29 7
47 25 35 7
30 20 41 6
17 40 15 16
11 29 46 5
21 27 35 6
15 15 11 19
21 20 41 6
6 30 46 14
30 14 30 40
36 24 29 47
25 24 36 17
25 20 24 14
39 38 32 34
9 34 29 17
9 15 32 49
4 25 2 17
45 17 32 19
29 34 19 8
24 10 25 39
19 8 1 13
16 26 42 11
22 12 19 1
33 10 31 42
9 18 41 15
45 4 23 18
12 9 30 44
1 12 34 9
