50 198 15355 800
16 24 21 48
20 36 18 27
20 44 13 41
16 41 41 28
20 41 46 21
23 16 27 5
7 34 13 40
4 43 38 1
13 47 23 34
19 7 28 11
44 27 34 13
28 38 6 39
18 13 4 32
18 9 24 14
19 11 25 24
6 49 21 41
3 31 5 46
40 46 27 31
19 39 36 25
24 34 17 38
11 17 18 38
20 27 21 15
20 12 22 7
13 43 42 10
28 47 24 16
24 38 1 44
15 49 36 11
7 21 19 1
37 8 10 41
19 32 9 40
17 38 9 40
24 38 30 38
40 35 9 36
21 39 46 23
31 44 10 47
36 28 6 44
24 39 28 37
25 16 49 32
33 47 9 41
28 44 45 41
3 17 9 43
17 39 22 14
16 45 21 41
19 8 35 28
7 26 5 32
38 47 20 48
2 19 6 15
1 26 6 39
6 43 11 28
30 38 36 22
1 15 13 41
18 38 40 16
24 38 8 37
12 46 10 40
17 24 37 25
32 13 15 5
12 24 26 42
5 46 32 39
3 45 36 7
17 41 1 34
21 10 31 14
20 40 6 42
16 41 31 11
37 25 18 22
28 33 47 29
20 41 43 14
10 21 6 41
18 7 25 16
1 44 10 42
13 20 49 8
37 41 8 41
20 49 40 35
19 8 9 40
30 48 27 12
20 37 23 45
22 38 28 15
20 41 10 2
16 42 17 11
25 36 4 41
17 14 9 0
18 44 23 45
20 7 43 15
14 48 9 42
6 28 21 25
9 23 22 1
14 9 33 45
15 48 40 17
22 10 42 18
20 42 29 7
31 46 8 30
16 39 43 23
24 35 30 46
23 20 5 0
21 12 25 16
35 46 19 24
14 27 33 4
43 43 36 31
19 9 40 20
19 38 28 14
6 22 29 15
20 39 9 34
9 21 23 45
20 41 30 11
23 42 24 31
23 43 9 34
17 32 27 19
15 34 5 43
19 43 25 18
12 44 8 40
12 41 32 16
9 27 28 44
48 17 7 42
6 25 22 10
18 9 47 12
9 49 18 15
21 39 34 38
19 43 27 5
23 41 16 0
15 12 8 47
14 47 22 1
22 12 41 45
11 26 38 25
9 46 5 42
21 38 7 40
36 42 28 4
19 10 8 6
33 37 28 7
13 49 46 35
21 42 28 15
7 32 33 49
19 39 13 46
21 35 6 36
20 39 37 31
35 38 37 30
13 44 35 24
29 46 5 24
19 41 18 31
14 21 17 35
6 21 8 39
0 20 25 10
17 9 28 15
22 42 23 12
47 26 26 30
19 43 9 45
30 30 29 15
30 42 26 29
20 12 33 47
8 36 29 11
18 42 42 31
10 30 26 42
16 34 13 25
19 39 11 16
21 40 37 27
17 40 6 48
15 49 23 4
14 11 26 38
28 27 36 22
24 37 38 9
24 47 5 40
19 33 0 21
19 8 36 49
18 45 27 11
13 27 8 19
29 40 35 15
21 37 8 39
17 10 32 44
17 11 16 43
13 22 30 16
14 48 24 6
12 49 28 12
21 36 4 9
8 23 23 47
19 10 7 20
17 40 10 42
22 39 28 15
30 41 16 31
6 29 15 27
17 40 11 10
19 13 10 40
8 15 33 9
7 47 32 3
39 39 24 13
21 39 27 15
8 41 26 31
29 40 16 16
19 11 4 45
17 43 27 11
16 12 6 33
18 43 19 27
13 7 4 41
32 44 49 18
9 20 5 39
4 30 26 25
21 39 47 35
27 44 5 41
17 34 25 42
30 21 24 9
43 10 44 21
