50 52 14022 800
26 9 37 24
24 21 43 30
26 40 23 18
33 26 11 48
21 45 30 11
47 28 36 15
36 24 2 26
46 46 16 11
17 12 43 17
19 25 12 24
39 37 8 47
19 8 27 37
28 36 42 2
29 27 6 5
13 12 9 22
17 10 41 6
18 31 24 14
17 37 26 13
24 29 9 49
20 47 34 15
15 36 8 19
27 12 23 19
42 38 13 47
33 43 26 40
16 6 19 14
32 43 44 35
27 40 9 49
35 42 29 14
18 22 34 38
15 15 31 31
10 14 6 25
8 34 11 27
45 34 26 38
35 26 22 15
4 29 38 16
17 19 16 0
25 26 14 21
18 36 39 22
19 2 0 30
16 7 29 22
2 31 34 23
28 42 12 23
15 34 43 7
20 9 33 19
30 45 32 10
3 48 19 21
14 25 34 5
19 11 2 25
35 38 30 10
31 27 9 49
38 32 49 16
9 39 3 16
