50 1134 18887 800
9 24 29 23
21 39 13 36
41 14 22 28
35 9 36 26
10 16 11 37
18 8 33 25
31 5 33 23
37 48 45 19
32 20 22 31
41 8 4 22
35 16 31 17
6 25 18 41
19 34 4 23
14 31 24 40
49 3 13 35
9 14 6 33
45 49 30 12
21 7 15 41
34 47 9 41
36 35 22 48
9 34 39 17
36 7 18 5
34 36 27 11
45 8 29 27
42 14 20 39
32 49 31 11
38 13 30 22
29 7 7 33
33 47 15 22
35 46 16 23
35 48 32 28
45 8 25 22
41 4 35 24
37 40 35 24
40 16 2 34
46 8 32 12
30 46 37 27
48 5 38 23
15 47 37 25
44 12 25 15
37 8 1 44
44 47 28 37
17 46 41 24
34 14 31 27
16 46 1 43
40 20 20 40
38 18 8 30
15 3 1 28
34 47 4 29
30 33 38 25
40 15 35 24
31 2 21 46
47 10 40 26
32 44 19 40
30 48 7 39
25 16 33 27
10 40 34 24
19 22 15 37
9 40 7 21
32 28 25 40
15 27 31 26
33 44 7 47
48 9 30 25
31 28 16 43
22 3 31 26
34 8 9 30
38 48 5 47
41 14 29 31
39 4 30 22
36 47 32 14
8 36 27 18
44 9 40 22
48 7 13 33
46 14 6 34
11 30 27 23
38 1 6 25
17 38 32 24
5 22 11 46
45 8 1 24
23 32 10 34
42 18 17 29
11 42 40 21
45 7 33 25
44 14 30 25
10 30 42 23
49 3 32 25
12 40 31 22
21 48 30 5
30 7 28 27
28 19 40 24
48 3 15 38
36 46 43 25
29 29 16 38
33 15 11 34
32 33 28 21
47 9 32 20
39 16 24 9
32 47 30 13
49 5 2 40
47 5 10 45
34 26 5 36
1 42 27 27
34 41 0 20
10 8 10 27
40 17 14 32
2 31 1 47
38 21 33 27
5 18 42 25
23 41 32 25
13 40 11 36
37 40 9 38
36 16 9 38
43 14 28 10
33 44 30 14
31 16 8 38
35 38 20 32
43 19 38 1
32 22 41 25
34 10 11 39
32 16 27 11
27 29 13 12
12 27 30 28
35 26 34 20
44 9 30 25
21 41 9 26
2 32 29 24
39 42 31 27
21 23 34 17
25 30 13 7
12 30 27 19
31 45 32 25
25 20 32 27
38 11 28 24
37 10 35 28
18 8 17 26
21 23 45 7
49 21 37 20
36 19 11 21
43 10 36 23
12 31 29 11
23 41 4 30
39 47 24 20
29 36 1 26
47 7 35 21
29 17 36 8
35 8 12 36
34 8 28 33
35 31 28 5
22 19 39 15
37 37 6 37
26 7 18 34
46 14 0 41
18 4 17 36
36 46 23 32
37 48 34 25
2 30 5 49
46 10 33 24
32 13 9 38
11 18 13 35
18 41 3 44
36 46 28 15
29 41 29 28
35 47 25 24
43 12 13 26
14 33 10 22
26 47 20 29
4 28 35 20
40 22 17 36
33 48 32 25
48 6 19 40
13 1 18 23
17 46 3 32
38 45 33 14
46 27 3 37
34 18 33 13
22 49 28 45
15 27 44 29
21 18 28 24
36 13 18 43
22 33 4 37
26 27 7 24
8 36 17 43
35 12 6 26
45 13 24 5
28 35 35 15
6 24 10 44
22 28 37 25
39 12 14 21
46 9 30 10
27 18 27 42
20 8 32 18
34 39 9 31
32 48 42 19
32 25 13 25
14 32 9 41
11 14 36 25
18 14 49 22
21 38 32 19
29 18 14 25
39 13 1 31
30 45 21 18
26 13 19 37
37 36 34 6
41 17 34 26
49 14 0 43
11 13 40 23
35 6 30 23
29 7 22 28
34 2 18 25
45 25 7 42
29 27 2 33
41 13 3 41
24 9 38 21
47 13 17 32
33 47 30 22
43 16 16 39
3 26 19 34
45 9 22 25
36 40 14 34
28 32 13 22
23 42 31 25
27 27 17 33
11 49 33 19
49 4 31 38
34 9 29 20
30 37 16 46
48 8 29 26
1 14 30 25
32 31 4 43
35 48 41 37
35 5 14 41
0 29 19 7
33 46 16 25
30 11 35 21
38 31 14 43
35 28 16 42
48 8 31 23
30 7 37 10
31 19 27 18
21 40 14 44
48 8 35 25
27 38 33 24
2 31 39 25
15 19 34 24
13 26 33 25
35 15 30 27
39 27 14 41
35 25 15 34
36 17 29 24
42 8 22 29
34 13 34 25
36 4 30 26
44 8 18 33
36 10 26 20
12 39 37 20
25 33 37 22
28 10 13 41
45 10 33 24
5 14 30 25
33 29 39 23
11 8 22 12
3 43 15 47
34 45 3 17
47 9 4 24
4 37 20 35
43 44 36 25
22 16 39 30
17 24 9 33
14 19 35 17
35 16 28 24
14 21 35 26
20 13 7 37
14 19 1 38
42 18 34 4
40 13 37 22
42 5 14 1
37 47 3 19
40 16 12 31
28 18 28 9
37 7 15 48
13 34 15 28
40 34 9 18
9 24 14 35
46 15 37 25
43 48 6 40
42 26 8 17
36 18 37 22
18 29 12 33
46 10 26 36
33 18 6 25
44 6 17 27
26 20 5 31
2 28 11 34
35 26 13 23
13 20 32 15
15 6 45 19
35 46 48 19
49 42 26 33
47 11 38 22
39 15 13 39
21 16 33 20
6 35 15 34
46 11 18 23
26 14 20 36
33 14 19 20
44 10 32 17
14 29 34 25
2 14 33 29
41 11 15 35
31 11 31 20
37 9 30 24
34 49 33 13
41 5 12 41
46 9 31 26
46 5 10 34
30 13 14 29
36 13 33 1
43 35 4 41
25 37 7 31
46 5 37 3
9 41 27 12
39 16 35 22
34 13 25 10
20 33 29 27
24 21 8 42
35 33 25 18
46 5 2 36
49 7 27 8
42 5 31 25
35 46 15 27
7 9 12 38
32 45 37 26
33 14 38 25
1 45 28 25
31 48 9 44
35 31 30 9
44 10 43 20
35 18 14 31
21 37 9 21
33 14 8 40
2 21 44 5
31 31 29 24
46 7 29 27
25 29 30 23
4 35 33 21
34 17 31 28
33 6 34 23
20 15 12 44
43 32 38 23
4 34 43 24
1 9 36 13
45 9 27 18
43 7 30 28
39 14 24 35
37 42 14 45
5 33 38 28
35 47 29 24
18 20 1 37
46 14 19 30
22 22 15 29
17 16 10 46
4 17 3 36
43 10 25 48
30 43 10 36
33 46 18 8
37 9 33 24
39 14 30 23
41 40 32 24
32 47 18 47
27 13 25 1
9 23 21 40
18 25 30 24
8 11 37 26
34 45 41 23
13 37 1 34
13 24 28 13
30 26 30 20
45 7 10 15
10 40 35 23
37 8 13 30
22 29 29 23
44 12 19 26
4 33 15 6
49 8 36 28
1 29 28 23
39 31 34 14
37 36 15 34
14 24 10 33
33 4 22 30
40 43 34 20
49 9 38 16
46 15 11 40
43 19 32 25
23 27 29 49
6 13 9 28
33 14 18 39
48 8 5 40
8 13 21 25
24 32 38 26
44 12 17 15
36 46 11 23
16 49 1 42
36 6 17 4
10 15 45 33
36 13 3 31
48 38 37 25
16 24 4 23
17 26 16 5
31 9 14 32
22 49 33 20
47 8 12 41
36 12 40 16
35 11 10 42
18 26 3 34
45 31 6 26
33 49 9 32
29 29 14 48
16 25 39 24
29 25 26 11
12 49 35 21
12 33 20 28
30 13 14 25
38 32 27 26
41 15 8 31
32 49 32 14
30 13 35 27
33 49 31 28
25 7 10 31
38 43 35 26
36 35 17 23
32 25 8 31
46 8 37 22
20 15 38 18
2 27 6 42
45 7 23 17
49 11 36 27
49 7 32 23
46 7 36 26
31 32 30 25
32 11 29 32
0 26 10 47
35 17 37 24
45 9 38 28
42 15 33 20
10 33 24 35
48 14 32 26
44 8 11 42
38 36 38 24
16 32 11 35
37 47 30 23
36 10 11 31
45 28 27 21
2 32 9 35
1 37 20 33
34 11 33 21
35 46 13 39
27 43 15 33
43 25 29 9
8 35 6 29
33 47 7 45
28 23 37 15
16 9 33 19
36 30 26 27
38 21 15 32
49 7 11 36
35 12 13 35
40 11 16 24
9 1 29 23
35 19 34 33
32 13 11 24
18 29 13 40
16 27 25 2
38 26 19 39
41 39 30 29
39 23 14 16
47 33 16 32
30 10 8 33
33 11 10 31
35 11 36 22
23 12 30 21
42 14 7 27
32 39 13 32
9 31 34 24
31 1 42 27
45 5 6 27
14 39 8 35
12 27 14 30
35 47 33 25
36 13 8 48
28 40 17 21
4 11 32 23
34 48 28 25
46 19 30 26
33 11 7 35
47 8 32 29
49 7 20 42
35 20 33 25
11 1 21 28
31 45 10 37
5 25 14 28
42 10 29 30
49 9 8 29
45 10 10 36
38 35 25 35
36 45 3 28
36 19 5 39
21 45 26 49
27 9 14 39
19 8 16 41
36 40 35 23
32 45 20 29
35 17 33 23
33 46 32 27
35 7 29 25
29 15 30 6
44 33 33 23
10 15 6 34
9 10 26 32
45 15 18 28
25 29 9 34
44 7 36 9
32 46 21 36
33 11 29 21
30 16 30 22
19 4 15 32
39 31 39 22
32 49 38 29
37 14 33 23
46 8 6 13
47 37 2 35
37 43 6 23
23 32 38 28
46 7 25 36
35 48 14 37
12 20 18 28
7 22 9 38
42 33 19 34
6 28 14 29
28 12 16 23
7 31 18 44
47 8 23 43
22 3 35 24
39 45 14 36
34 8 6 27
38 8 10 28
27 25 13 33
34 47 27 30
20 37 42 22
42 17 13 32
12 12 4 30
41 15 25 39
22 37 34 26
32 44 37 19
36 7 16 34
34 46 15 28
47 5 19 13
31 14 8 41
33 47 27 20
29 15 40 24
35 48 0 33
31 46 32 25
22 3 37 25
27 41 34 25
15 33 10 36
29 16 28 24
39 16 30 21
29 14 37 28
38 9 2 27
28 13 32 25
31 16 31 25
47 8 16 38
13 11 29 38
26 9 14 47
27 32 3 44
9 43 20 28
16 10 33 26
33 48 22 24
48 6 35 20
34 48 29 25
30 11 6 30
32 38 6 45
22 22 28 26
2 19 7 40
45 5 19 32
46 18 13 42
18 44 19 33
39 0 3 35
13 12 39 19
13 13 18 38
18 22 18 43
31 29 23 42
48 10 5 38
45 10 19 32
49 4 37 25
34 16 33 21
37 11 32 25
11 23 13 41
40 15 37 23
31 18 8 27
1 46 17 27
17 38 27 9
20 46 37 30
17 38 33 15
27 17 15 33
30 49 5 46
29 12 30 25
17 29 6 38
45 9 6 33
44 4 3 30
34 43 30 17
44 19 4 16
33 30 12 32
8 23 29 25
45 9 13 21
44 40 37 24
35 46 1 1
27 11 35 30
42 29 31 25
33 45 34 26
12 23 32 24
10 4 4 19
0 30 9 28
15 45 44 10
25 37 1 8
48 11 22 9
47 10 12 22
20 29 33 24
21 32 30 25
47 9 34 22
38 27 7 27
10 15 6 47
27 12 17 46
20 31 15 35
47 7 14 29
39 44 12 42
33 7 29 27
48 7 36 21
35 16 4 45
25 33 11 31
47 9 10 28
2 28 43 13
32 44 9 34
21 5 31 22
33 14 5 37
49 23 34 28
48 11 16 44
2 17 5 29
34 48 4 28
5 20 15 38
34 21 40 24
46 16 17 40
12 15 32 18
36 25 4 28
44 28 3 37
49 7 26 21
27 36 8 35
46 7 11 42
38 13 27 23
49 8 35 24
34 46 18 8
34 49 12 41
22 22 18 29
40 43 37 20
48 7 15 34
46 4 38 23
44 8 2 37
12 31 16 28
25 38 10 28
7 44 11 37
3 39 25 41
31 19 1 39
19 29 2 0
27 27 37 22
16 32 20 35
9 33 33 18
25 33 29 26
8 31 32 9
34 18 14 33
40 27 29 22
49 36 25 33
47 10 12 37
34 29 33 23
5 49 38 47
48 6 18 31
32 47 32 26
36 12 20 21
33 14 38 18
8 13 15 29
6 32 23 16
7 48 6 34
35 45 40 23
30 34 18 43
31 4 14 31
38 15 11 47
35 14 6 40
36 38 29 24
35 15 12 26
38 6 24 37
0 30 25 33
33 47 35 21
46 27 27 18
36 21 4 37
31 10 15 13
32 40 13 39
45 6 30 23
37 1 33 21
35 49 15 39
29 14 10 38
47 12 9 22
44 8 7 29
43 13 17 42
46 9 20 31
42 22 23 1
48 13 11 29
16 28 18 14
35 45 33 23
33 39 30 25
34 34 24 31
42 33 10 39
5 35 29 17
33 19 40 22
7 44 24 38
45 8 32 27
44 41 30 21
9 28 8 33
39 32 13 32
38 10 6 36
46 22 37 23
38 45 29 22
34 15 12 35
16 17 41 28
36 6 15 21
38 36 14 24
36 15 15 26
15 20 34 16
12 35 23 47
33 11 32 23
31 8 36 20
38 48 20 7
38 23 29 25
34 47 30 22
43 9 21 29
15 25 42 23
14 22 39 23
1 27 23 26
34 27 28 14
27 4 42 20
40 19 7 37
0 14 35 25
5 24 44 25
38 45 37 19
7 20 30 23
46 8 33 26
12 27 27 22
27 24 35 19
22 36 11 33
20 25 21 42
46 10 15 41
34 9 28 25
45 6 44 32
42 5 3 43
40 9 25 43
36 11 32 25
39 9 14 34
47 6 4 40
46 7 1 28
38 42 35 21
28 27 9 33
33 47 33 19
35 47 9 31
41 3 27 25
37 47 10 29
32 9 7 40
35 38 32 24
30 17 10 26
32 12 36 23
39 9 21 39
8 35 16 26
22 38 17 27
36 16 40 24
36 18 7 31
37 24 17 32
35 17 26 30
43 7 30 24
16 41 5 46
38 42 3 42
9 8 12 36
14 14 19 32
35 48 20 26
11 26 15 34
33 14 27 24
35 9 6 36
33 48 9 30
33 45 12 36
38 47 34 19
1 34 30 24
31 19 7 38
1 28 31 25
30 11 23 49
43 45 39 25
34 42 16 40
14 34 10 36
31 40 19 9
45 8 17 41
12 25 14 42
21 30 12 30
4 46 17 39
19 27 33 3
42 5 33 27
34 8 2 48
33 6 17 33
20 20 32 24
35 14 22 30
39 18 3 19
16 4 8 28
12 27 13 16
7 37 44 21
47 7 31 22
13 29 38 18
38 17 30 27
24 33 38 19
27 37 39 24
0 40 31 23
40 45 42 29
36 9 14 36
6 39 17 32
1 47 21 47
35 45 8 27
47 9 32 16
47 27 35 25
35 16 4 28
38 22 16 45
38 9 14 39
27 35 18 40
30 10 34 42
34 47 35 3
34 14 22 33
18 34 37 21
16 4 33 25
33 47 30 29
9 9 32 25
26 15 30 22
11 35 18 37
19 45 11 42
45 6 16 30
21 15 20 8
43 14 19 26
43 14 14 40
0 23 34 21
38 8 32 15
15 28 30 22
43 28 33 23
35 47 33 42
23 31 6 26
45 7 27 22
38 47 7 29
45 37 31 14
13 28 29 26
32 13 32 18
41 15 19 22
38 49 36 11
26 5 33 21
28 26 10 36
0 18 9 37
49 7 24 16
33 47 21 45
39 31 14 37
36 47 16 39
32 38 17 39
44 9 19 29
49 7 4 33
32 42 22 4
32 15 29 23
37 45 16 33
15 22 40 34
27 28 30 22
0 8 35 25
21 30 12 28
16 42 18 46
35 41 42 10
33 49 35 31
23 17 31 25
33 16 8 43
37 36 14 42
37 13 31 22
8 17 35 24
36 28 29 18
3 27 29 30
20 36 32 26
31 18 14 22
34 49 21 5
36 13 33 15
34 10 18 41
19 32 36 20
38 35 11 33
39 16 8 30
10 24 11 31
45 11 31 27
32 41 31 12
36 23 0 15
21 23 3 38
47 6 8 45
33 45 30 13
30 41 6 41
31 30 14 46
18 33 30 25
39 12 30 27
21 40 39 22
33 5 0 7
27 8 1 23
37 47 29 25
33 10 42 35
38 9 20 33
48 5 30 15
9 9 45 33
32 3 30 36
35 48 11 14
39 15 30 24
8 23 6 19
13 27 31 24
49 11 33 25
25 37 6 32
26 7 12 33
39 17 29 20
34 49 41 19
35 34 2 34
19 24 22 4
49 8 31 15
32 46 33 22
31 47 12 34
44 8 15 31
38 40 35 19
33 48 34 22
43 37 33 26
15 29 7 40
33 9 22 1
14 9 8 36
40 16 40 25
1 14 31 22
0 45 16 15
46 7 31 1
17 14 30 25
11 29 28 23
48 7 38 29
48 38 5 38
9 24 31 16
28 40 32 20
24 33 32 21
40 11 22 4
33 46 31 21
32 10 31 30
34 48 32 24
21 38 23 6
15 28 17 34
26 25 2 46
44 8 10 39
38 46 32 24
47 9 13 25
28 23 20 39
11 29 9 42
47 6 1 36
8 43 31 26
32 7 30 27
24 46 33 21
11 46 26 24
20 25 20 38
33 47 6 35
1 4 30 21
41 29 29 22
43 11 14 24
31 16 12 24
42 10 18 17
46 44 28 26
44 9 33 24
21 42 25 21
31 49 31 29
47 9 33 16
46 8 16 22
36 16 15 29
26 18 15 30
7 42 19 44
26 7 36 31
35 21 37 27
37 16 30 22
6 32 20 41
38 17 21 10
28 13 13 25
39 29 11 24
27 7 28 20
30 32 30 10
34 9 27 49
16 16 30 24
27 30 6 33
6 10 15 35
32 10 23 19
24 17 16 25
36 42 33 26
8 26 30 11
47 6 4 35
24 13 11 45
5 21 34 24
1 28 28 14
42 34 28 24
37 9 30 24
34 30 20 27
7 33 18 14
20 23 30 23
30 7 34 22
17 40 35 22
45 40 9 30
34 15 31 1
25 40 4 14
22 16 39 23
10 15 12 49
31 15 30 23
41 15 42 39
28 23 37 25
34 4 18 34
49 8 13 37
32 43 14 48
30 27 15 30
35 47 43 26
40 46 27 13
42 20 8 32
35 49 12 20
31 14 43 19
38 30 30 25
48 8 37 19
49 9 33 24
37 16 33 24
36 49 33 23
42 16 33 27
9 24 3 32
12 9 32 26
11 28 14 41
46 27 14 32
20 8 12 31
19 34 24 29
15 11 41 19
20 23 28 15
30 40 13 30
14 21 35 7
10 0 35 26
39 14 37 28
29 16 32 25
34 9 19 14
30 10 36 25
37 44 10 29
36 45 31 21
43 10 10 37
34 46 35 11
48 10 31 10
34 42 40 25
8 25 5 18
23 30 15 39
4 35 31 18
34 33 33 22
33 17 11 35
34 49 11 14
40 13 36 22
29 14 8 18
37 40 49 18
8 9 31 24
12 14 23 33
39 9 12 31
34 48 12 49
28 8 37 35
12 26 28 12
39 14 29 22
36 49 34 27
10 34 26 24
48 25 42 12
38 12 32 26
3 11 32 11
37 5 33 20
36 43 25 38
41 18 31 23
35 47 11 38
37 44 15 35
21 1 2 25
29 41 34 11
47 8 30 23
19 28 49 34
3 10 26 31
33 36 11 32
43 15 28 8
47 11 6 26
33 49 24 28
32 21 40 12
12 31 35 23
36 44 21 34
39 16 30 26
21 29 29 22
45 9 30 42
36 44 31 4
43 10 42 20
8 44 22 32
34 43 16 29
35 16 0 42
43 29 0 41
38 3 36 24
38 17 8 33
40 47 25 44
35 38 36 23
2 12 36 20
35 41 34 12
8 39 1 35
26 28 33 8
37 36 32 25
5 10 36 21
7 35 42 26
35 29 29 26
30 26 4 42
23 16 9 34
32 47 13 28
35 10 30 28
47 5 36 13
38 14 33 24
10 21 29 20
20 30 33 24
21 35 13 28
6 28 14 47
46 10 38 21
32 47 30 17
14 33 7 38
9 32 32 24
23 35 37 24
39 13 7 34
37 30 36 5
48 6 36 36
39 10 40 26
14 29 10 37
43 19 16 31
44 12 28 23
