50 101 15131 800
11 30 37 48
22 26 9 37
18 34 19 19
23 35 43 12
43 29 4 24
26 47 3 37
10 21 5 21
34 20 22 44
38 31 5 36
42 20 45 48
6 45 1 47
8 24 39 12
41 23 7 38
25 32 0 27
19 6 11 48
21 36 1 40
14 0 11 37
16 17 17 45
2 28 23 6
38 13 9 21
39 42 9 34
4 34 6 24
6 47 3 14
28 9 39 33
48 43 43 12
46 18 5 5
22 38 3 28
32 6 12 35
38 23 6 41
26 4 9 18
38 23 48 31
23 17 0 42
37 6 6 31
0 19 7 42
0 45 5 18
45 0 41 23
45 29 6 35
39 8 37 17
16 30 10 41
8 18 2 23
49 13 8 26
46 25 5 26
0 20 4 27
2 17 8 23
17 18 7 36
10 40 10 30
38 9 6 17
11 19 7 21
16 34 7 39
6 2 11 24
40 18 14 33
12 19 26 9
10 20 39 34
43 4 33 30
2 4 12 39
8 29 10 38
6 12 14 42
42 32 6 23
41 7 7 38
36 12 9 40
0 17 38 30
42 11 14 49
43 17 17 21
46 32 6 19
11 36 43 9
21 22 7 31
18 8 43 27
43 45 14 45
44 8 9 42
35 46 30 27
41 26 2 44
5 0 9 34
38 18 49 30
25 41 3 41
43 22 14 33
28 35 10 26
47 16 18 19
17 8 4 28
42 18 21 49
15 29 21 43
20 15 4 30
6 36 24 42
7 43 26 45
46 16 37 21
36 27 42 3
38 9 9 23
4 20 7 18
0 16 2 24
12 5 15 38
27 15 25 49
10 21 3 23
17 16 30 21
43 11 4 40
8 14 8 36
49 34 6 20
38 27 40 11
12 10 4 24
47 20 26 31
35 45 10 37
16 2 7 29
16 36 45 6
