50 84 12548 800
36 8 6 21
11 12 10 17
20 4 14 27
41 42 39 2
43 23 12 24
16 9 34 31
8 13 0 22
9 15 13 14
39 14 18 7
25 13 43 46
15 7 28 32
11 38 29 13
24 18 28 1
12 13 6 21
8 12 13 20
12 13 40 48
8 5 14 18
15 12 44 14
29 13 18 38
13 13 32 46
21 19 46 43
7 14 34 28
43 18 19 6
13 16 44 39
10 6 36 14
0 10 40 49
23 13 25 36
18 18 37 41
11 7 8 18
18 0 30 25
23 10 40 20
10 16 43 1
33 41 42 6
11 9 13 36
33 33 8 23
33 32 27 39
11 20 19 22
11 18 29 26
10 11 19 39
17 36 23 48
15 3 45 43
25 15 10 36
36 4 16 25
26 45 38 36
31 9 20 1
10 8 8 23
16 14 27 14
24 15 17 13
17 12 8 24
3 4 25 5
28 3 26 16
17 18 10 23
17 11 26 31
30 47 15 20
16 14 29 9
28 12 46 3
11 14 33 16
27 31 0 27
23 13 46 3
23 11 41 12
12 13 32 34
20 2 24 21
35 4 45 0
28 9 24 38
35 45 33 29
9 15 40 34
17 26 49 22
27 14 12 22
9 13 22 39
38 45 3 7
11 8 24 42
26 7 25 11
7 3 40 42
43 18 22 2
11 3 18 49
9 12 30 46
7 10 24 33
13 15 30 14
6 12 38 48
38 12 22 30
44 4 23 25
25 14 7 14
0 13 8 5
25 15 12 20
