50 811 15444 800
4 16 37 35
8 20 41 41
45 30 34 8
15 18 44 45
15 13 18 20
2 21 24 19
44 17 25 25
20 12 22 43
2 15 46 43
43 18 15 27
1 29 18 36
49 19 3 1
49 42 36 39
34 30 14 36
2 18 32 17
1 16 37 21
30 5 18 30
48 20 19 43
40 34 30 37
13 4 0 37
22 40 20 32
9 17 2 15
11 17 11 25
7 29 31 2
11 19 34 47
17 10 41 33
24 16 47 27
14 11 1 17
46 19 8 36
13 16 48 41
11 16 35 41
40 22 43 39
3 30 33 39
44 2 36 27
4 29 28 31
2 16 38 40
23 4 43 43
25 40 34 34
47 14 41 49
37 27 20 14
18 12 41 39
24 34 23 23
21 13 40 17
42 47 37 31
34 33 35 38
37 32 9 23
24 0 44 34
34 18 26 18
20 14 31 43
18 8 26 23
35 27 20 20
13 16 21 36
39 31 29 10
0 28 43 41
27 25 5 44
0 16 36 29
23 30 48 40
44 39 39 35
18 10 41 36
34 30 44 26
38 13 11 7
14 19 28 34
21 29 6 19
26 36 9 30
21 12 35 25
10 21 41 49
15 11 25 29
15 3 27 18
34 27 31 37
24 12 36 45
37 9 16 31
42 23 31 16
3 15 42 27
0 17 38 42
3 21 37 41
37 16 46 33
14 23 45 42
28 29 14 38
10 16 19 14
43 23 41 37
21 49 34 37
38 19 20 20
28 27 41 33
30 27 45 29
31 7 21 3
2 26 13 37
20 17 10 17
21 23 23 48
46 21 26 28
33 26 41 41
42 23 31 22
35 36 30 34
2 18 29 30
30 34 47 29
36 30 47 48
14 20 4 33
40 30 35 27
9 14 39 25
22 13 48 44
3 19 28 47
47 37 13 23
27 18 24 40
9 23 43 14
23 4 39 22
29 32 44 31
19 11 17 24
26 30 46 33
20 17 36 31
17 15 48 24
24 0 46 36
1 19 28 27
38 10 21 30
19 21 46 40
44 21 33 31
19 15 45 28
29 10 49 37
34 14 40 24
2 18 48 31
25 14 39 25
36 13 35 28
24 22 29 27
3 18 47 30
34 32 12 39
1 14 26 25
40 30 26 29
36 41 22 18
23 31 41 36
13 16 25 13
3 19 45 10
48 12 49 36
5 22 15 15
45 32 45 6
46 20 28 27
40 4 37 35
48 3 35 22
24 13 36 39
0 28 43 43
23 15 43 34
10 18 11 44
29 23 42 34
17 14 43 24
11 12 47 36
22 1 30 27
3 18 36 41
1 20 32 26
10 13 44 29
30 32 47 31
1 17 45 37
0 34 3 0
38 15 39 40
25 45 38 44
2 25 27 23
44 16 41 36
43 28 46 31
9 16 13 31
2 13 41 41
22 14 33 29
19 20 49 37
2 26 33 35
11 18 38 36
4 28 42 48
41 41 10 28
46 18 13 31
9 16 30 41
11 17 40 27
49 38 16 7
4 18 48 40
41 18 3 12
42 30 42 39
2 19 34 25
31 23 37 40
3 31 39 31
45 26 10 6
36 2 47 32
27 1 45 32
41 35 11 26
2 35 41 20
30 8 42 27
20 26 34 41
2 25 38 45
10 16 27 34
17 30 20 27
47 31 39 29
49 29 37 18
44 17 35 36
46 13 32 33
1 28 36 21
2 19 35 38
47 18 16 23
37 34 45 17
36 41 47 48
8 20 36 40
18 13 34 25
17 19 48 14
3 15 5 9
14 11 38 39
28 6 11 15
47 7 10 22
21 14 32 28
45 23 26 34
3 32 12 43
4 37 23 3
3 27 25 26
3 31 43 48
37 3 47 39
2 16 41 24
4 16 40 47
17 13 42 47
39 12 40 47
12 19 32 35
0 36 5 6
17 43 48 25
5 30 15 6
12 18 45 41
5 31 30 26
16 20 3 7
36 25 36 46
39 28 40 22
39 28 45 30
1 30 36 25
38 31 44 46
43 23 39 32
47 39 41 35
10 16 37 45
15 20 3 27
44 42 44 34
13 16 18 23
0 29 47 37
18 39 49 41
25 31 43 30
17 18 14 31
32 33 34 40
2 19 30 46
45 24 36 31
26 6 33 26
29 18 44 31
4 22 40 45
11 15 12 1
0 22 13 29
26 14 44 14
32 31 35 40
35 31 48 30
2 21 48 41
35 17 37 45
1 20 33 40
19 8 48 41
14 14 14 22
21 13 16 35
41 18 13 6
3 17 20 39
2 18 23 9
43 38 26 1
14 17 43 35
6 16 38 39
4 20 4 49
2 23 38 42
33 24 47 26
38 46 16 10
20 15 24 31
20 3 49 35
23 46 47 33
33 31 39 34
0 21 27 18
18 3 22 37
26 25 17 12
13 17 43 34
35 22 28 22
20 24 30 28
36 29 6 10
3 20 11 32
3 31 44 24
0 32 41 31
24 43 30 32
42 34 6 38
13 16 47 38
38 24 16 24
47 11 44 29
23 7 47 43
36 21 41 38
33 31 34 48
44 8 39 30
22 18 9 32
4 16 40 26
31 15 48 25
49 15 38 21
23 16 36 24
13 16 38 17
25 8 34 41
42 16 43 48
1 26 45 36
12 20 40 31
11 17 34 22
12 20 39 31
45 48 45 24
43 17 49 44
18 8 47 39
7 29 44 18
49 36 41 47
14 14 34 38
36 28 4 9
29 4 45 44
39 33 31 45
34 16 14 21
47 30 13 18
33 27 47 22
17 15 4 9
16 13 42 31
14 15 49 30
2 17 38 27
12 17 23 41
10 17 37 26
1 21 24 23
13 21 43 33
14 18 42 33
17 13 40 48
24 29 10 14
20 15 47 36
49 13 47 34
27 32 29 23
34 27 37 43
31 38 8 0
13 19 16 24
7 29 28 26
29 10 19 14
11 20 26 37
16 16 35 25
14 32 39 35
26 18 47 46
33 15 42 26
12 17 31 44
11 19 44 25
48 7 40 45
42 17 32 22
40 39 41 18
15 16 2 30
19 17 30 31
45 26 44 33
27 28 46 17
35 26 14 14
45 14 26 40
31 2 4 17
42 27 15 5
4 18 44 38
0 15 33 27
40 18 31 33
40 18 11 5
4 27 44 38
0 32 3 12
49 6 45 48
29 34 40 47
6 45 40 41
49 17 30 34
14 19 44 24
19 7 24 48
14 20 40 33
4 18 29 23
18 1 30 39
40 39 28 33
0 15 34 31
39 31 4 8
11 18 47 28
37 3 19 37
28 1 15 3
19 18 35 30
7 27 31 27
18 16 21 31
27 4 14 11
40 24 31 20
35 14 29 48
28 9 9 41
2 19 42 44
16 11 49 34
13 19 38 26
39 32 30 38
29 21 48 30
15 21 36 32
48 39 36 34
1 29 44 28
47 45 10 20
6 31 21 20
25 17 38 35
18 4 40 35
28 26 27 44
2 17 18 32
2 19 31 30
49 10 48 32
1 17 35 29
36 32 42 36
0 24 19 26
32 9 32 25
3 26 43 30
40 17 38 30
30 37 9 26
37 22 2 18
2 26 32 30
24 29 16 28
11 15 42 40
10 18 37 16
29 13 42 46
32 21 42 29
33 33 49 46
12 9 47 16
25 15 40 31
4 19 25 35
5 17 33 22
25 13 8 15
21 17 31 25
4 15 44 43
38 2 36 31
22 32 32 4
33 28 45 31
16 16 42 39
17 13 41 37
42 16 12 17
1 29 39 25
38 18 35 26
44 22 45 30
36 17 37 37
1 19 13 34
30 19 35 31
48 28 33 23
40 46 43 36
0 30 13 1
38 5 18 28
2 18 40 43
40 44 44 24
38 16 36 37
19 20 49 35
0 20 47 29
1 26 27 0
33 28 29 25
0 18 35 40
16 28 34 6
29 22 49 34
3 25 27 19
34 36 35 29
3 17 36 24
2 31 10 41
1 26 15 27
17 12 27 38
41 30 37 45
31 38 38 44
13 19 31 44
27 16 24 29
14 18 39 36
37 16 7 20
44 26 44 33
3 33 46 31
41 35 39 9
16 4 46 21
35 28 36 18
21 18 40 20
38 45 48 21
46 29 14 2
2 20 39 36
0 28 16 30
41 20 17 32
22 7 41 43
44 28 30 24
23 21 8 12
31 11 38 40
44 17 44 49
3 14 45 27
22 2 34 32
40 23 38 33
13 10 27 43
41 21 36 18
33 15 29 33
45 18 47 22
34 36 40 16
48 29 18 14
1 17 14 31
27 24 29 16
41 12 43 42
41 16 0 3
33 16 36 26
40 6 4 28
41 7 42 44
27 6 46 32
14 18 14 24
8 31 48 40
0 26 28 26
0 32 45 23
26 9 37 35
40 27 41 47
28 17 48 29
9 17 1 46
24 10 11 9
14 6 44 37
5 25 49 45
23 6 42 6
1 15 28 35
12 17 7 20
28 28 38 43
14 19 29 9
2 18 44 25
4 17 43 14
44 20 15 23
3 26 49 41
4 19 46 37
23 46 41 41
11 20 42 25
3 29 43 38
6 31 41 32
2 26 29 42
6 18 35 18
34 30 44 39
21 13 35 23
2 16 6 22
2 20 19 27
39 22 33 34
3 30 43 29
42 42 46 31
39 23 39 43
46 35 28 40
7 29 16 4
2 20 42 15
2 18 43 24
31 26 28 6
46 8 45 38
36 25 44 27
10 18 22 17
17 14 35 27
38 28 31 26
1 15 38 26
35 42 25 38
14 42 49 45
3 18 11 18
42 15 24 48
36 5 25 34
22 30 47 32
3 18 35 29
45 29 9 29
34 7 29 27
38 17 35 35
2 18 39 42
40 36 34 37
47 19 49 41
37 22 46 28
16 13 31 28
12 17 49 38
39 33 49 26
17 19 40 41
3 15 35 17
19 14 45 26
12 16 43 33
15 17 40 41
14 16 20 34
14 16 45 38
2 16 44 33
44 21 42 45
31 22 44 49
7 17 45 24
16 19 34 34
26 24 32 23
19 37 44 40
44 17 28 35
7 17 34 11
1 19 40 27
48 27 37 44
16 16 10 27
6 28 8 20
46 15 37 33
46 49 33 43
33 28 22 35
34 14 23 28
38 28 47 35
17 15 35 36
9 23 23 0
10 16 36 44
11 15 41 44
47 18 35 34
41 22 30 35
44 31 41 38
3 17 48 47
3 19 34 32
19 12 32 39
35 22 43 36
43 21 49 20
38 27 10 5
5 19 40 46
7 15 17 15
46 9 20 2
12 18 9 35
12 14 15 19
37 18 47 34
21 15 40 30
43 20 26 16
18 20 47 36
16 21 25 46
48 25 34 33
36 34 42 31
14 17 21 14
34 30 39 43
17 19 34 42
42 4 43 38
30 25 45 37
44 46 28 41
43 28 41 49
2 15 27 31
5 22 22 34
36 29 10 36
32 44 38 24
39 32 22 38
40 24 1 7
1 34 9 24
24 46 49 28
7 25 25 31
37 27 49 27
39 24 36 35
44 23 34 25
2 18 11 23
33 19 31 30
3 30 44 43
20 10 43 49
45 24 40 36
22 19 21 29
42 23 19 27
18 19 46 37
2 14 27 3
28 33 45 38
21 9 48 21
38 17 36 33
2 32 49 40
7 28 32 36
35 20 13 20
0 18 26 26
31 11 17 49
23 0 45 40
38 19 36 40
35 31 46 30
48 10 37 24
27 4 34 24
18 19 20 23
38 8 37 30
5 19 5 25
4 19 7 7
14 17 40 27
42 12 36 33
35 12 49 29
41 33 40 18
44 27 29 28
42 21 49 37
42 36 41 26
12 19 47 35
17 20 38 43
24 22 14 21
33 14 44 47
47 21 32 33
48 4 48 44
24 28 41 47
47 32 42 30
26 45 42 32
16 16 33 16
28 18 7 43
12 20 22 28
47 21 35 34
14 20 36 37
4 19 42 35
5 17 43 36
22 16 30 30
2 27 32 24
30 12 18 25
30 26 39 29
3 18 36 20
2 19 10 7
38 15 23 32
39 22 32 25
43 26 31 20
47 14 43 41
24 18 48 37
42 18 37 33
40 23 27 33
4 18 41 28
24 24 34 24
16 17 49 38
38 20 9 6
5 16 19 46
35 29 32 13
34 22 30 43
22 13 38 30
30 38 33 23
14 18 43 34
13 15 7 21
2 19 28 18
43 33 4 0
14 8 46 37
34 17 45 22
16 19 35 40
3 19 41 26
34 28 20 8
44 34 28 18
34 13 39 29
35 30 25 29
40 17 25 5
14 17 49 36
21 20 31 28
35 34 49 37
0 35 41 46
1 20 49 33
39 28 37 48
6 32 49 24
26 35 40 19
24 20 44 31
43 26 47 20
16 9 18 0
12 16 38 29
47 17 26 34
9 16 11 27
13 17 29 32
27 4 47 44
1 19 32 34
1 18 47 38
45 19 0 1
40 8 34 25
5 27 48 40
34 3 9 15
3 31 32 33
3 23 24 37
36 20 17 18
13 15 22 36
41 30 25 33
0 28 15 26
21 19 25 33
24 33 40 23
36 17 12 17
18 19 38 27
14 16 32 16
20 14 27 21
23 17 44 40
9 18 28 22
4 15 40 28
14 17 31 24
40 45 49 20
48 5 49 21
19 11 29 44
2 16 32 43
33 24 38 16
1 18 33 21
39 18 16 27
49 34 5 8
20 15 13 38
15 17 2 0
2 18 28 14
7 31 18 33
1 32 41 19
40 15 33 30
26 18 3 10
5 16 14 27
28 29 11 3
23 17 43 24
40 28 43 13
18 15 44 38
43 23 24 30
12 18 32 13
19 13 37 25
38 47 15 39
0 23 38 34
31 13 37 34
46 21 30 32
14 33 11 25
30 7 47 21
48 10 44 42
21 28 41 33
40 40 48 48
40 33 37 41
38 5 28 18
2 27 40 44
22 17 44 34
38 47 37 33
22 10 6 16
34 41 40 33
45 37 46 30
49 19 42 43
3 29 44 45
25 23 35 26
31 6 22 33
22 16 42 39
33 27 48 49
16 13 48 23
12 10 47 34
21 28 37 32
21 13 0 4
2 27 38 47
31 17 43 42
32 21 42 36
7 29 33 39
17 8 42 43
41 29 33 39
31 12 14 28
1 33 48 21
8 18 38 38
4 26 9 4
15 18 41 21
1 18 36 26
21 30 7 29
40 17 47 46
2 19 10 18
14 19 49 29
45 27 27 17
5 31 46 31
1 17 41 35
30 24 1 24
16 18 38 47
4 33 48 28
34 30 42 34
37 46 20 21
12 39 39 38
22 17 35 30
38 18 45 23
30 39 36 40
