50 380 16494 800
16 0 35 41
20 23 32 35
23 10 29 40
17 22 31 32
29 4 16 2
22 16 19 1
16 22 36 35
9 32 36 42
38 14 12 7
9 38 38 43
19 17 33 32
28 20 20 36
29 12 34 46
17 33 40 35
21 43 20 6
11 35 17 26
12 24 32 35
25 22 33 43
27 39 48 48
8 4 31 43
25 20 43 19
18 19 37 34
11 48 28 38
19 40 38 37
26 21 43 39
19 18 29 41
21 49 22 42
16 23 29 33
15 38 25 37
5 26 42 33
22 30 29 40
36 39 24 35
7 10 32 42
41 9 37 39
34 23 19 28
22 18 43 33
10 13 36 38
36 17 32 44
32 34 33 43
31 22 39 35
11 24 28 30
37 43 49 2
13 17 44 30
39 0 43 36
21 9 33 36
9 1 40 45
38 10 17 0
20 20 39 37
9 47 41 37
9 37 21 7
31 14 28 44
19 7 17 0
6 28 46 0
20 9 35 43
12 31 38 44
31 21 14 6
39 11 10 2
19 17 29 49
33 20 20 3
24 36 37 42
19 25 1 24
37 32 39 39
22 41 29 48
18 12 35 40
32 11 23 41
29 44 32 33
22 27 32 38
37 30 28 24
7 30 41 37
16 42 16 1
26 21 30 39
12 20 16 2
35 24 45 34
15 0 37 38
40 6 33 43
16 18 14 4
22 28 16 4
8 33 40 37
10 17 17 1
35 18 38 40
12 7 27 12
28 48 38 34
42 8 35 46
34 5 30 48
37 1 35 41
10 32 33 33
21 21 38 34
26 12 49 48
37 20 36 32
21 18 39 40
38 37 39 41
10 19 36 37
3 40 37 49
17 16 30 21
29 26 37 42
16 24 33 28
28 44 34 42
19 21 38 45
24 19 45 39
24 19 23 41
2 22 36 37
44 41 36 43
49 20 41 29
2 15 39 31
13 9 17 0
18 41 40 37
12 34 25 49
26 19 31 29
33 26 48 10
34 18 16 2
9 17 32 39
7 33 19 4
16 25 33 49
27 30 27 7
24 15 29 29
29 42 39 36
16 36 31 42
18 18 20 31
17 20 15 5
5 39 48 35
22 44 18 7
38 16 33 34
10 28 36 45
33 43 29 30
14 21 47 15
21 33 14 3
15 35 27 27
23 16 21 43
22 3 37 40
47 46 23 36
13 28 12 0
21 46 26 39
15 28 34 40
43 11 11 6
14 44 18 5
29 20 41 37
12 3 37 36
31 29 31 45
19 24 41 38
5 36 32 40
11 12 31 41
29 1 32 43
40 40 27 32
38 45 38 36
22 11 15 46
6 37 46 37
19 44 42 34
26 38 30 31
48 8 43 47
34 11 49 47
24 19 37 40
32 29 27 45
23 25 32 45
49 5 31 31
47 20 36 46
18 34 36 34
21 18 27 40
17 19 36 35
49 13 37 30
17 41 27 32
18 18 40 37
26 38 22 22
25 17 25 32
7 36 40 43
46 6 21 8
23 23 44 17
12 24 34 35
35 2 28 37
23 25 27 49
18 39 47 8
33 49 17 3
8 35 36 37
24 29 43 25
8 35 31 33
34 21 26 47
37 1 32 39
25 0 45 49
41 25 36 39
17 20 14 3
30 20 27 22
31 41 29 35
41 36 39 44
11 29 17 6
11 3 39 31
23 29 36 37
46 8 38 45
45 12 37 33
19 7 39 46
30 5 40 33
30 48 37 37
7 36 42 15
24 13 35 41
8 33 20 2
12 18 29 24
36 4 49 6
10 44 33 47
16 18 15 4
15 18 28 15
31 6 24 37
28 43 36 42
22 40 20 9
31 20 34 42
27 13 14 1
48 26 35 40
20 16 16 3
38 44 24 37
5 33 21 0
9 28 31 40
28 3 27 48
27 5 34 28
22 36 18 8
22 12 36 37
3 35 21 45
14 32 19 38
30 5 30 47
17 5 37 46
11 29 22 0
18 23 0 10
22 19 39 42
18 19 35 43
43 20 43 2
29 49 34 23
25 35 14 2
30 7 24 37
46 25 12 5
26 42 47 6
36 46 29 37
27 24 40 37
8 34 38 37
20 21 16 3
39 2 30 46
41 23 35 36
34 16 15 5
7 3 35 32
23 41 24 37
26 48 36 41
14 47 27 34
16 2 38 48
17 21 34 43
38 12 30 45
24 17 23 47
31 12 45 21
8 42 39 41
26 41 31 37
28 47 30 33
19 19 28 42
11 30 33 37
22 18 29 35
18 32 17 37
23 21 22 45
19 15 32 37
37 33 32 43
38 32 15 2
30 39 12 6
22 43 32 43
14 33 39 41
14 29 31 45
23 44 12 1
19 26 27 31
36 29 15 2
11 46 34 31
35 21 34 43
13 26 29 36
29 46 15 5
16 16 45 41
27 18 38 45
31 2 43 49
17 27 34 39
42 17 45 33
18 24 30 34
23 18 35 37
26 23 41 40
49 6 15 3
29 32 43 20
24 11 33 40
25 49 25 35
39 29 27 34
39 39 16 0
19 37 25 44
24 5 34 35
40 10 35 28
19 46 40 41
26 46 16 5
30 49 32 43
14 27 27 42
28 14 36 41
16 19 28 37
43 33 36 30
29 13 22 41
24 21 16 4
24 39 35 27
28 7 47 19
39 45 33 41
44 47 33 41
47 20 35 37
17 12 30 40
1 31 40 34
14 22 32 39
26 18 19 5
10 16 31 41
5 25 30 34
2 41 38 37
22 22 24 0
9 12 26 27
28 47 17 43
21 23 41 36
30 42 17 5
28 42 16 1
6 30 32 39
28 41 31 2
18 23 20 38
34 8 16 2
17 30 31 39
13 49 33 34
34 20 19 3
20 36 45 37
30 2 36 37
5 14 34 36
22 15 14 0
11 28 37 29
18 23 36 44
30 2 28 43
13 21 17 8
33 40 24 37
46 12 33 41
18 14 25 40
38 28 36 23
26 44 17 2
9 30 15 0
25 17 28 33
4 32 16 2
26 0 42 46
23 42 30 48
25 2 38 30
23 12 30 44
25 47 35 13
11 47 27 42
9 49 31 39
42 2 33 35
15 44 33 42
18 36 39 36
32 8 14 0
30 41 16 6
16 17 14 0
39 5 14 3
14 18 13 3
15 35 6 3
15 32 31 37
33 8 29 40
28 38 44 35
22 15 47 45
24 16 36 28
13 15 40 12
31 13 28 41
29 23 29 4
42 6 36 37
3 14 35 44
27 28 30 33
19 14 34 7
19 42 30 40
38 29 42 34
34 5 34 36
35 9 17 0
29 31 36 37
27 30 31 45
31 43 32 34
31 20 15 2
33 44 29 33
27 1 41 34
16 18 34 34
26 22 38 27
28 34 48 12
33 22 22 13
18 24 16 6
25 26 35 29
18 14 29 46
41 1 36 42
17 15 39 39
20 18 44 45
16 36 29 37
