50 1095 14442 800
3 10 19 32
9 25 8 1
33 34 13 32
31 9 7 4
28 31 21 37
39 26 17 21
36 38 27 18
46 20 4 46
14 8 5 43
12 20 11 6
23 10 18 39
17 25 30 32
18 15 27 45
0 2 23 23
43 15 17 20
29 19 26 33
40 27 26 36
20 12 26 36
15 8 27 34
42 33 17 14
48 48 12 6
19 14 2 23
5 22 34 31
4 12 24 35
31 8 9 5
46 43 23 27
7 23 30 25
27 17 38 15
40 40 39 19
5 26 34 4
3 18 26 32
20 10 49 26
34 24 20 40
46 27 44 24
47 24 9 0
28 19 21 3
26 22 21 36
3 8 17 8
24 32 5 12
37 22 7 1
3 6 31 24
9 24 9 2
6 23 11 43
32 45 20 31
35 22 22 36
44 6 28 3
30 21 20 1
26 9 46 14
25 25 49 18
23 20 25 34
25 11 24 15
16 19 10 25
45 34 25 3
31 30 23 2
5 11 8 4
18 36 9 5
15 34 33 34
26 20 15 13
33 11 40 17
30 15 12 32
0 27 34 20
29 19 26 0
42 27 25 33
34 7 29 29
28 22 24 10
36 10 12 32
33 37 16 24
23 7 32 8
21 1 25 34
3 29 21 4
27 20 6 0
16 35 33 25
28 24 25 37
16 3 29 29
44 24 48 12
30 5 28 36
40 47 23 36
38 15 24 33
32 46 9 1
4 30 24 34
17 9 38 47
47 38 22 16
8 15 39 22
7 33 17 49
15 26 27 1
25 33 31 44
27 36 23 1
49 48 23 8
33 17 24 9
23 18 17 48
3 28 33 45
13 25 37 15
31 6 24 10
43 21 17 27
35 13 18 29
25 49 30 3
33 25 44 0
42 7 10 2
18 32 23 5
24 18 23 38
3 24 36 16
24 34 10 2
6 16 24 0
25 16 28 42
10 22 3 30
28 24 31 46
7 20 28 6
40 45 23 42
21 27 24 36
36 35 49 38
29 19 25 29
42 14 36 13
3 27 27 4
28 18 33 33
31 12 8 0
25 15 4 49
1 29 24 36
17 20 29 23
3 17 41 15
37 37 37 10
42 30 10 13
32 21 14 33
29 21 25 36
32 10 26 37
2 7 22 38
40 31 27 4
8 21 23 29
5 4 11 15
30 11 23 36
15 36 22 34
28 32 26 36
15 4 21 30
19 41 4 30
15 22 25 34
17 9 16 31
47 30 41 23
10 21 27 8
12 15 27 5
18 10 27 1
29 29 25 19
28 49 25 28
9 24 21 28
7 33 24 26
37 28 11 5
22 23 25 34
13 24 26 19
23 11 26 29
6 19 20 16
31 27 9 1
21 20 23 36
19 17 8 15
17 7 45 22
30 37 31 24
12 29 27 0
38 33 11 27
20 14 25 6
39 19 21 37
7 4 16 39
29 39 28 46
37 16 30 5
29 15 4 48
9 19 22 0
31 30 39 29
32 17 18 40
29 46 10 33
26 36 24 0
4 6 26 36
17 22 22 23
4 21 6 4
15 28 22 15
34 32 24 35
48 31 30 11
14 14 28 1
1 27 21 36
15 31 20 23
9 41 40 13
36 38 27 21
21 39 33 21
7 41 25 3
32 38 23 19
17 9 31 2
44 32 35 19
12 19 25 2
37 8 26 0
16 6 39 19
38 29 23 1
38 38 34 1
35 15 15 26
28 14 15 48
12 15 25 35
35 15 17 19
14 24 36 37
27 13 15 3
7 16 38 32
47 25 20 35
20 34 23 31
19 27 4 3
37 37 31 24
13 7 16 16
19 19 16 27
36 29 24 34
29 12 36 36
36 10 13 18
11 19 16 25
16 8 23 35
23 9 22 47
29 8 17 26
43 20 4 10
10 11 25 37
7 30 11 41
44 34 12 29
47 44 24 24
45 36 30 31
34 43 33 2
24 42 4 21
33 16 34 24
38 18 34 32
11 18 31 33
11 15 26 29
39 27 20 28
40 24 21 25
32 11 10 29
7 39 24 37
36 42 16 13
47 9 18 30
24 7 35 25
0 34 27 14
6 27 30 41
11 28 19 35
46 39 21 28
23 30 32 32
1 13 23 37
8 22 38 5
39 27 16 31
5 32 16 6
40 31 34 29
14 4 18 20
36 26 34 3
33 20 36 26
21 3 6 4
38 23 28 36
23 10 8 3
22 8 24 28
13 11 12 6
47 37 10 1
1 19 10 23
3 12 9 7
25 16 26 5
14 3 14 10
31 22 19 36
10 1 25 35
20 16 9 37
48 48 16 24
38 38 24 36
15 4 14 37
26 19 36 17
22 14 21 37
37 24 18 20
29 30 17 32
15 12 28 2
14 9 28 15
24 34 24 2
46 38 12 22
25 48 23 27
13 7 46 4
13 16 35 17
49 12 18 20
34 32 29 31
37 21 12 1
36 31 31 43
30 31 23 41
0 14 6 1
4 31 24 34
4 16 26 41
26 12 5 2
16 6 21 40
30 14 15 43
5 31 17 48
15 21 34 43
44 2 47 27
0 10 43 23
41 21 15 3
20 19 36 21
32 29 32 38
33 12 26 32
38 35 32 15
16 9 15 1
32 46 11 3
2 0 24 31
8 21 19 34
28 15 20 5
45 33 20 17
26 44 29 40
30 18 11 42
42 32 8 2
18 30 25 33
36 36 20 30
33 17 42 24
32 13 21 3
35 48 32 15
40 37 5 6
28 31 28 6
29 10 22 37
45 9 6 3
7 17 18 24
7 2 24 32
26 38 4 19
33 18 14 29
26 34 12 28
17 34 24 2
17 10 25 34
1 25 25 5
1 12 28 8
34 17 22 24
5 22 18 30
4 14 26 25
34 26 36 35
36 4 24 39
46 29 24 11
28 26 24 42
10 27 32 35
34 11 26 34
34 36 34 8
45 28 30 8
14 18 25 36
9 22 13 29
23 27 27 31
27 26 21 1
6 6 33 21
19 29 20 46
6 23 39 4
42 24 24 22
2 4 1 9
36 31 45 1
23 21 34 30
1 22 28 36
9 23 30 21
32 12 13 21
8 18 22 39
38 25 24 0
22 32 31 28
45 41 17 4
14 29 28 32
40 40 44 17
36 22 25 2
21 26 24 35
13 6 24 8
41 32 7 44
26 20 29 26
26 15 22 37
8 14 6 1
31 20 2 17
28 9 25 39
44 43 25 30
41 33 18 33
7 16 6 1
27 29 25 4
4 21 5 0
9 22 18 36
33 22 23 38
39 13 8 27
33 22 14 41
15 15 8 10
25 40 11 0
37 42 34 21
32 8 40 32
0 10 21 37
42 25 30 11
5 33 26 2
12 15 22 48
16 34 10 13
34 32 6 4
20 12 27 5
40 10 17 25
28 40 22 39
27 7 13 26
22 22 45 49
30 13 21 49
17 9 7 0
23 22 26 32
35 13 6 2
37 19 11 3
9 6 41 2
7 27 24 32
3 26 49 10
28 10 20 24
26 17 9 4
23 49 14 4
44 17 21 30
26 27 29 34
33 14 25 34
17 26 28 33
15 22 27 32
7 21 49 12
16 27 17 15
44 42 27 3
27 38 34 33
43 25 24 22
13 37 12 5
21 34 27 33
32 7 27 44
29 35 24 32
33 36 34 11
24 41 41 21
26 15 19 1
2 9 3 17
16 24 25 5
21 14 18 40
20 21 30 37
34 14 29 35
6 15 27 29
13 13 34 15
11 12 19 29
4 15 36 10
28 49 11 29
31 25 26 35
4 13 23 35
33 18 5 7
46 8 35 8
43 25 47 12
32 22 7 13
18 35 25 0
46 6 2 17
23 8 40 17
16 17 16 23
2 13 23 35
27 38 22 38
23 24 47 36
6 19 34 32
27 46 7 7
48 39 48 18
15 5 44 30
5 15 19 24
15 7 9 1
42 32 30 29
30 31 14 26
7 20 26 32
6 27 42 36
11 18 22 29
41 21 39 32
15 3 3 23
31 19 26 33
25 6 26 16
11 24 27 33
15 41 9 0
47 15 27 2
41 40 20 25
10 29 25 4
35 31 28 4
27 20 34 25
44 43 38 19
27 23 26 1
0 21 9 1
42 38 37 13
13 44 27 7
29 31 42 39
36 44 10 5
18 36 23 34
22 3 31 0
42 26 22 25
2 25 14 23
31 12 19 26
35 18 8 3
9 19 19 29
29 28 25 30
37 13 27 3
36 24 31 32
18 12 28 38
19 16 23 33
13 18 18 49
36 2 38 17
13 20 13 47
9 15 24 26
36 26 11 0
27 32 25 26
41 31 3 35
28 8 31 4
31 35 26 37
1 19 6 3
9 18 18 28
12 22 20 2
21 1 4 35
4 31 21 26
14 14 24 5
17 28 33 47
9 10 21 38
5 15 26 33
14 18 23 2
1 14 28 1
30 17 22 36
12 16 22 32
20 26 28 26
21 32 27 2
7 13 18 34
29 33 22 43
35 17 12 29
34 11 26 35
1 31 11 4
7 2 23 31
28 2 23 4
3 2 26 42
32 24 30 32
38 7 33 33
18 19 24 36
17 6 13 1
0 20 22 1
1 16 23 29
27 4 0 2
20 43 26 37
3 26 7 44
3 11 10 32
26 19 30 33
24 32 28 28
4 19 20 25
3 13 8 0
46 24 22 8
11 31 4 8
20 9 22 32
40 49 36 18
24 7 37 32
28 43 36 5
37 29 16 46
39 33 27 33
30 25 8 32
38 25 5 4
29 35 13 10
2 23 8 4
16 16 5 42
10 27 20 25
17 39 17 27
0 10 15 19
8 30 28 8
20 18 25 4
15 20 34 19
38 28 8 26
24 21 10 2
48 44 38 26
48 27 18 30
41 33 6 2
13 19 22 38
6 12 49 30
37 27 10 4
41 20 23 35
30 9 9 6
7 12 1 34
5 8 6 24
39 20 22 33
42 27 29 18
37 31 28 25
46 28 42 14
30 23 9 1
21 27 40 27
30 20 21 32
4 22 21 34
29 11 41 17
14 23 9 33
1 16 9 44
14 32 11 10
41 22 14 36
17 4 16 44
16 2 30 4
4 33 18 30
48 27 36 31
36 33 8 2
14 9 33 15
17 14 24 0
22 13 19 26
26 32 41 23
28 17 25 33
24 12 35 37
10 22 41 29
38 42 26 22
26 21 20 44
42 34 6 3
35 28 21 32
5 20 13 26
29 17 37 37
35 17 17 30
33 46 26 33
18 16 24 24
7 39 22 25
32 31 18 33
41 32 27 6
4 13 7 2
23 44 32 6
14 35 41 49
22 5 23 34
1 18 23 2
27 33 19 40
7 15 31 21
45 29 23 36
11 7 31 47
10 25 14 8
8 9 10 35
27 18 16 47
16 27 11 43
29 24 32 46
45 22 5 2
25 14 37 43
0 5 20 6
8 14 6 5
0 14 30 8
37 11 42 24
28 24 28 31
27 19 18 17
3 17 44 20
35 7 16 47
31 16 21 5
29 29 38 34
32 37 22 36
11 13 5 5
26 22 40 40
9 30 22 10
29 14 8 1
16 21 2 48
2 18 29 3
36 17 7 15
43 39 13 6
4 23 34 32
21 8 9 0
9 6 25 39
24 39 29 17
43 30 26 8
35 19 30 5
36 29 29 49
28 13 11 2
1 16 5 7
27 12 15 19
47 19 23 35
20 21 25 34
25 15 10 20
10 4 10 31
35 44 40 13
2 7 29 20
8 13 21 28
4 20 34 45
36 16 14 28
37 18 4 20
2 6 22 30
24 14 12 15
34 44 49 33
26 20 40 32
9 4 27 17
24 37 28 28
40 28 44 24
2 12 25 28
16 15 27 6
38 45 24 35
28 25 33 26
19 17 32 43
48 43 26 32
12 18 22 37
17 8 32 1
36 40 22 36
2 14 9 4
13 13 23 26
15 12 10 4
23 8 21 37
20 2 25 40
31 27 30 20
30 12 41 18
9 22 25 29
24 19 6 7
32 31 11 36
7 10 29 20
43 31 26 37
39 11 26 4
35 20 34 26
34 14 26 43
26 21 13 30
2 16 30 3
31 25 17 32
21 19 42 33
14 16 5 6
29 23 43 31
27 18 11 25
45 15 40 6
27 43 28 1
36 25 8 4
37 9 27 2
14 17 27 7
23 7 15 25
11 11 12 2
8 25 34 28
20 24 33 28
31 46 38 18
24 35 40 17
17 14 21 18
19 24 25 38
14 40 26 34
15 39 4 0
15 19 37 39
4 24 26 37
27 20 43 35
14 3 2 16
28 24 23 23
18 9 33 3
38 29 4 3
41 39 3 5
19 17 25 13
25 8 29 44
7 27 20 30
29 29 27 49
20 21 38 25
41 24 6 49
48 16 9 3
23 9 20 2
48 27 26 36
5 40 18 24
4 9 5 16
21 11 22 27
21 13 8 27
21 27 6 2
29 41 28 25
14 15 23 36
24 7 22 31
10 19 10 34
33 14 7 36
16 30 20 42
12 9 26 30
4 9 15 16
21 14 24 33
39 5 14 24
17 10 36 28
26 9 22 36
17 22 4 6
28 20 27 12
37 16 26 21
24 21 23 37
2 27 40 17
33 7 25 2
38 17 25 24
32 37 24 19
37 22 23 1
32 38 17 30
11 20 20 7
39 35 25 35
10 37 35 15
49 28 16 35
28 18 22 26
8 15 22 38
6 11 25 34
20 36 29 0
35 44 18 31
29 23 20 31
29 21 45 45
39 29 30 21
28 26 11 1
21 29 16 48
34 7 6 2
32 13 35 28
40 28 22 29
35 39 32 11
10 17 36 34
44 38 21 34
0 0 21 1
5 20 8 8
40 38 26 1
34 28 22 37
7 29 8 2
11 0 36 17
12 21 17 46
4 22 8 3
2 5 2 38
26 20 23 28
13 23 15 48
1 14 36 32
0 17 11 26
38 17 22 41
22 14 23 28
10 24 19 28
31 18 26 8
29 16 28 9
33 23 34 49
37 19 13 13
16 6 31 11
27 4 22 21
24 30 27 48
32 39 31 29
37 44 20 30
4 12 40 31
34 26 12 3
33 44 19 36
10 23 42 24
12 26 24 27
3 33 15 24
27 15 16 32
25 13 25 34
39 25 24 4
44 34 41 20
0 13 22 29
20 22 37 17
26 27 9 26
43 10 21 28
4 19 18 18
7 21 30 14
48 21 20 29
47 29 8 8
38 19 42 30
41 22 13 36
5 20 10 0
20 38 6 26
27 13 29 39
16 14 25 6
30 18 22 42
29 25 41 12
44 49 28 32
10 28 20 3
27 6 42 35
49 27 14 37
9 16 23 31
31 30 40 18
5 18 28 32
39 34 21 28
7 22 11 30
35 24 6 25
44 16 20 43
5 21 18 45
28 7 23 33
1 12 29 35
17 32 26 36
31 10 3 21
19 43 35 16
16 24 18 34
7 26 27 34
0 14 13 46
27 33 4 1
44 28 21 27
40 40 7 2
43 23 38 14
31 34 11 0
25 9 29 45
37 48 10 47
7 5 8 1
24 11 32 4
1 22 5 2
11 15 20 29
42 7 10 2
37 5 22 2
21 10 21 43
10 20 24 37
20 28 40 29
49 16 0 31
14 6 27 48
30 9 31 26
19 16 42 17
38 29 3 0
38 26 37 7
6 26 29 11
14 11 17 25
35 21 14 0
22 21 4 45
23 6 24 35
13 9 6 5
28 6 22 34
6 17 4 38
20 18 30 5
46 29 46 20
3 29 44 4
45 28 0 41
46 24 37 44
23 25 30 34
10 15 0 35
30 12 21 36
38 28 20 19
24 22 21 33
46 38 19 22
43 24 26 39
21 12 7 25
43 18 21 20
49 30 33 6
15 19 33 21
19 37 24 35
8 23 22 31
20 5 10 4
7 17 21 12
28 25 10 2
44 11 23 31
4 24 20 3
31 41 24 48
11 9 43 19
26 16 24 30
35 32 32 34
49 22 13 23
36 22 16 41
12 13 10 4
36 21 15 29
21 20 28 27
40 29 40 17
34 9 17 34
5 8 23 31
37 21 13 5
14 25 23 7
20 40 22 26
15 5 24 42
17 27 13 48
48 9 8 33
2 16 22 4
29 16 26 30
19 19 26 27
27 13 2 36
32 7 22 32
7 16 29 36
32 20 34 36
15 16 34 21
12 13 20 29
39 33 14 1
33 31 39 13
24 14 0 34
19 23 31 1
21 17 21 41
28 11 22 30
13 9 25 27
25 13 29 29
47 35 19 5
22 19 5 35
18 3 20 9
34 11 13 15
16 44 23 11
14 24 8 0
0 22 19 48
29 32 6 14
25 24 25 49
16 13 26 31
25 16 26 34
46 29 8 5
35 32 43 9
34 29 13 0
33 45 43 16
10 27 24 37
34 39 33 26
12 37 31 0
3 12 24 9
8 7 12 45
34 16 28 36
13 14 23 6
6 7 25 35
33 13 19 29
14 26 10 6
21 36 0 23
45 41 22 43
43 11 26 34
28 27 31 20
35 18 31 9
6 40 49 28
9 29 24 35
40 37 4 23
19 25 24 33
16 6 13 4
35 1 31 34
35 23 24 37
0 5 11 0
24 25 21 12
17 19 9 49
31 17 8 6
19 37 34 23
10 27 24 3
1 21 36 15
25 8 21 5
30 19 20 29
8 5 11 0
9 13 24 32
18 13 31 29
0 29 34 43
36 34 29 4
32 19 40 45
12 31 14 35
41 25 23 38
37 47 25 49
33 27 22 33
48 26 28 41
41 14 29 31
23 32 27 0
33 33 29 5
34 27 24 1
44 32 22 0
8 3 2 9
22 14 8 2
10 19 34 19
4 21 18 37
22 38 17 30
3 13 3 24
42 40 23 34
12 21 15 41
41 33 48 34
29 2 1 18
19 7 21 23
13 11 21 35
44 15 28 38
36 2 26 3
2 8 24 33
6 36 34 19
28 7 16 42
33 41 6 43
30 3 7 17
41 21 28 0
0 21 25 47
30 31 25 36
13 13 26 0
29 23 9 5
47 37 5 6
16 0 32 45
26 14 38 8
32 42 23 36
23 23 23 34
11 11 26 35
27 18 21 33
30 24 20 8
41 31 40 7
18 21 12 3
14 44 22 21
15 11 12 6
26 15 28 22
14 26 27 33
12 8 18 32
23 22 18 35
24 24 12 32
17 39 25 37
29 24 9 7
27 18 27 23
6 5 40 0
8 16 25 11
3 22 48 17
13 19 45 28
6 30 26 33
12 20 24 34
49 7 10 21
31 3 5 21
4 7 21 41
4 22 29 46
18 17 24 34
8 6 25 32
43 26 45 6
17 14 16 29
15 13 24 33
30 23 39 22
19 17 25 25
9 15 8 6
23 20 19 27
16 35 32 39
7 22 10 29
5 7 23 34
26 17 25 34
6 18 8 0
32 21 17 46
40 37 45 40
21 14 25 35
4 29 23 40
27 22 44 11
40 26 23 42
22 19 32 19
14 2 19 33
37 38 5 0
25 8 12 47
8 26 8 13
44 27 12 2
10 29 29 47
27 5 17 29
19 43 23 19
38 36 20 33
14 25 25 37
30 8 7 1
31 15 23 4
12 0 28 5
8 7 10 0
6 24 21 35
34 25 49 7
25 20 26 4
16 17 28 24
41 14 36 22
7 5 14 40
2 27 35 42
14 33 13 4
1 14 25 36
4 14 21 33
18 4 33 4
8 24 26 33
31 5 37 30
32 17 7 32
9 34 18 18
5 23 10 31
17 19 9 1
39 37 23 33
40 5 18 23
22 12 18 31
31 4 44 10
4 17 26 37
20 13 23 33
32 16 8 0
26 11 16 32
25 11 24 4
29 34 14 0
44 13 22 27
20 10 32 43
34 9 27 0
