50 1095 19254 800
23 30 6 6
24 12 46 35
26 0 6 13
42 23 35 37
19 40 29 26
49 4 19 35
43 16 22 8
35 17 36 39
23 35 40 0
20 23 34 35
20 32 7 2
34 3 26 14
40 18 18 49
39 29 35 30
41 27 28 1
38 8 34 45
38 23 30 42
30 9 25 10
31 24 8 28
16 25 23 18
43 16 16 5
36 9 38 17
45 10 37 32
36 10 22 5
15 21 21 40
27 19 4 28
35 18 24 6
41 3 24 11
19 12 0 31
17 32 7 38
23 12 29 6
45 5 46 13
36 16 24 14
14 33 24 14
16 29 27 5
26 2 21 39
37 19 38 37
17 18 37 4
46 26 2 26
31 18 5 25
37 24 14 28
40 41 37 3
26 32 19 11
46 43 21 8
35 16 1 20
33 5 3 28
21 21 35 44
26 28 37 30
25 5 4 17
25 10 6 10
47 25 21 6
18 45 4 15
28 6 23 46
34 17 30 36
35 30 40 7
36 34 5 17
27 18 20 10
15 25 33 8
27 17 35 33
24 17 33 49
32 3 8 18
14 30 32 45
14 23 17 28
19 17 38 5
34 13 34 23
35 12 35 42
48 5 11 23
16 28 37 0
28 29 0 17
26 14 38 7
19 30 25 3
32 19 36 44
10 31 26 45
1 25 47 15
48 38 20 11
26 20 24 33
34 16 33 8
34 9 26 24
30 11 14 8
33 2 37 10
31 18 39 2
12 35 43 47
49 4 24 13
5 25 38 6
30 17 3 30
35 27 32 48
17 20 8 24
49 15 21 15
19 33 19 12
33 15 2 4
26 22 35 3
24 30 23 44
21 25 25 10
20 30 40 0
27 26 20 3
15 30 26 12
31 45 25 10
39 20 33 4
18 24 2 25
33 7 30 41
26 5 23 31
23 31 13 20
18 20 25 4
19 20 7 22
28 19 32 39
40 14 5 30
17 29 32 33
15 25 24 13
37 11 33 2
28 6 7 31
16 23 18 17
27 22 29 9
44 1 33 14
32 14 41 2
25 8 41 1
31 16 48 12
31 16 10 4
12 30 33 30
4 39 13 24
13 22 21 8
34 25 20 5
28 7 22 40
23 2 34 14
38 3 19 8
47 15 31 8
22 20 21 13
25 39 14 21
35 5 21 11
41 45 34 7
0 30 23 32
21 18 10 24
9 1 38 2
17 36 49 13
38 12 8 21
17 2 4 7
36 13 16 26
32 12 12 28
40 1 29 1
11 44 20 11
26 9 34 30
13 25 36 11
37 26 41 7
41 22 9 13
45 1 4 6
20 6 39 37
32 12 21 12
38 18 35 4
26 8 29 44
40 30 30 33
12 15 16 20
44 26 17 7
40 12 19 6
16 1 25 8
12 9 34 43
27 32 17 12
41 17 21 11
14 40 35 3
36 25 37 8
33 5 12 14
45 32 19 22
47 17 29 36
4 42 11 19
14 23 31 9
22 11 41 12
30 31 0 19
11 37 7 7
45 21 24 9
15 26 37 38
4 41 23 43
16 17 12 5
16 24 27 41
43 14 28 8
20 24 32 11
18 26 19 9
28 4 21 13
40 4 3 1
48 31 23 11
45 17 23 9
42 25 20 12
38 34 21 10
22 24 12 20
16 25 36 7
18 2 30 8
34 32 7 14
36 24 18 8
33 15 3 21
17 32 12 4
33 42 8 31
25 44 20 23
19 20 32 1
43 25 25 6
15 25 22 10
15 28 25 11
22 22 37 8
24 4 37 44
23 31 27 7
31 0 37 0
22 3 3 27
43 9 27 12
15 2 17 46
26 12 4 42
33 4 28 11
23 0 42 0
8 25 29 2
30 27 35 1
24 14 35 5
23 22 29 4
12 30 36 35
43 18 25 6
26 25 34 33
27 19 4 33
32 20 34 11
17 4 12 15
43 9 32 38
38 13 22 34
44 22 32 40
31 14 23 8
41 11 22 11
20 23 24 1
20 30 28 6
34 8 5 7
38 8 39 42
2 34 39 7
6 27 4 10
46 20 33 34
22 26 22 13
15 30 44 5
17 27 11 21
29 17 22 6
14 27 45 32
22 29 18 37
32 20 25 12
25 19 19 5
28 29 6 7
27 6 30 49
14 47 25 11
20 26 0 17
11 25 22 25
27 13 10 11
38 7 6 21
11 19 24 28
31 15 28 49
19 21 49 15
7 21 6 9
39 3 26 48
44 18 7 12
25 18 19 10
34 4 28 44
45 23 28 11
37 21 27 2
30 27 33 3
24 27 3 27
42 7 27 7
21 2 6 27
11 29 14 3
17 25 34 7
39 17 27 8
16 11 45 16
33 6 11 30
14 29 26 2
21 15 18 21
20 29 13 21
34 18 12 17
39 7 32 10
31 10 4 7
32 28 22 2
37 9 7 6
27 9 31 40
25 36 31 12
25 12 29 9
19 37 45 9
15 17 31 6
23 20 25 30
0 43 35 12
32 22 29 34
25 42 22 8
0 4 40 8
25 0 43 5
19 28 40 41
44 12 35 42
34 28 21 10
20 22 25 16
32 1 33 48
17 22 8 24
32 17 0 18
11 2 25 40
25 0 29 5
35 14 30 7
24 23 24 12
17 7 30 4
13 28 36 47
41 22 18 15
32 2 30 8
33 20 3 31
3 10 24 14
33 1 22 8
35 18 16 7
29 15 25 6
30 8 20 14
15 31 4 6
43 3 38 1
35 25 6 11
22 33 40 8
35 24 26 0
47 44 37 0
16 20 29 35
8 32 15 8
38 16 13 9
33 1 3 4
18 30 22 13
38 7 26 13
15 11 1 24
40 24 4 3
4 16 43 4
48 16 15 4
32 31 2 14
37 12 42 19
29 22 23 40
47 11 27 49
40 23 31 10
20 10 48 9
19 21 45 3
32 29 10 5
19 8 36 38
32 12 16 23
24 18 15 12
38 13 40 44
29 29 24 11
19 22 37 40
32 29 28 33
19 27 22 10
22 12 3 14
38 23 21 43
24 45 27 14
31 16 39 19
22 33 31 37
49 14 18 12
49 5 24 9
22 26 35 11
19 18 12 15
30 34 24 7
35 14 22 38
16 22 24 11
20 28 25 39
22 4 23 40
43 14 28 34
28 21 4 4
31 14 37 10
23 31 32 1
25 1 33 2
34 28 19 13
13 14 23 8
39 14 40 9
23 26 36 38
27 19 41 48
26 33 20 13
16 33 16 23
13 22 9 27
9 33 31 11
22 17 3 25
45 15 36 2
35 6 18 44
37 24 29 8
36 21 21 45
40 36 10 19
42 31 21 41
29 19 36 1
28 24 27 9
11 4 17 7
27 22 36 1
44 22 30 44
12 29 2 1
17 13 35 39
40 27 17 11
1 21 36 10
7 20 3 9
38 0 20 17
21 1 23 40
23 22 30 32
43 17 24 44
14 4 6 6
28 13 31 9
38 16 44 12
41 5 16 10
29 14 42 36
42 42 22 10
12 26 36 4
29 15 25 12
27 4 26 31
23 22 20 5
46 6 5 10
14 32 1 13
21 22 1 19
21 29 27 1
9 25 33 2
31 15 7 18
18 25 18 12
24 25 49 17
26 2 15 35
14 8 27 1
19 30 41 41
2 44 32 13
9 9 5 19
21 34 17 13
28 5 39 35
34 31 33 37
27 21 23 15
16 17 23 15
36 10 25 6
22 32 25 13
44 16 26 8
12 7 37 7
46 7 37 38
36 18 6 14
35 21 28 38
42 35 5 5
49 25 23 13
36 31 23 11
18 19 28 0
23 29 5 16
32 20 42 11
22 41 38 6
34 8 31 37
28 27 25 3
24 8 14 23
35 26 25 39
32 20 31 1
15 41 46 34
21 26 31 43
34 25 25 0
29 20 23 5
18 29 42 15
21 4 38 12
32 23 7 6
32 16 30 4
42 31 29 7
18 29 23 9
10 0 25 7
21 26 9 1
13 8 16 46
32 1 24 16
15 10 30 0
25 47 6 24
18 33 26 11
31 4 23 10
29 3 24 18
20 20 23 43
32 41 2 21
27 13 27 41
21 34 21 13
16 29 37 0
30 19 39 10
36 17 39 26
21 32 39 2
25 32 21 14
25 31 33 24
17 27 24 10
22 26 26 45
37 7 14 12
20 25 20 3
6 23 21 13
29 29 32 43
29 30 28 37
42 12 20 13
35 23 1 30
34 17 35 1
38 13 28 37
33 14 15 7
16 29 28 34
23 14 1 16
15 7 22 14
33 1 34 35
45 14 17 11
20 17 30 38
47 2 24 16
2 37 31 32
9 25 48 12
10 30 0 1
25 19 36 30
37 12 28 40
36 11 16 14
36 7 48 13
35 16 0 14
29 4 32 43
35 2 13 15
24 23 18 9
31 25 26 15
39 37 24 11
39 29 24 11
18 10 28 13
37 13 28 5
41 8 19 40
15 27 16 8
37 7 25 9
32 13 7 30
20 26 23 28
16 23 26 9
40 11 35 3
19 32 45 11
30 17 21 4
45 2 22 11
31 21 4 26
45 19 27 36
22 31 19 10
23 25 6 5
28 41 24 9
37 34 2 18
25 22 36 0
49 15 27 2
16 32 29 7
22 22 24 8
13 24 33 3
26 28 28 6
26 38 23 9
27 39 24 14
48 20 34 8
21 22 1 3
3 12 45 44
20 6 11 9
39 7 9 22
13 14 38 39
38 9 37 19
35 14 38 0
18 6 10 32
32 8 26 6
42 4 32 10
40 6 13 33
41 34 2 21
33 39 6 12
18 32 25 10
44 13 7 16
20 15 37 3
41 30 0 21
36 14 25 10
29 25 25 15
17 13 8 13
22 26 30 35
13 27 36 40
37 47 14 27
25 2 25 8
6 39 5 22
21 19 7 13
18 26 46 4
37 24 23 39
22 19 46 3
30 9 19 12
17 6 11 15
45 41 22 15
17 31 31 4
33 6 25 38
15 34 21 48
28 10 24 8
26 14 32 8
4 11 15 21
32 14 36 33
27 16 24 8
23 13 34 38
39 32 19 27
24 26 31 37
39 11 25 5
32 22 23 13
42 16 26 7
19 32 37 0
38 39 14 37
31 11 39 8
41 19 20 12
33 21 38 36
3 6 25 9
8 28 4 25
33 26 14 40
17 33 39 47
17 28 18 9
19 22 35 38
5 11 24 9
47 12 23 27
24 13 13 21
41 4 4 7
26 15 10 5
18 23 14 33
30 1 24 10
13 8 35 44
24 11 29 20
46 20 42 13
35 24 28 38
40 4 7 48
17 10 24 16
33 9 24 10
8 23 28 48
16 28 29 31
20 27 30 29
19 25 18 14
33 12 12 18
28 22 31 42
19 27 9 18
42 14 27 9
34 13 4 15
38 19 35 5
14 33 30 35
31 4 26 7
30 27 35 45
43 11 18 12
33 6 27 14
16 21 13 8
21 17 35 1
17 14 22 10
23 26 9 15
45 21 9 7
24 30 3 24
33 11 25 12
32 4 20 15
35 22 5 39
27 6 34 4
30 11 21 41
21 20 40 5
18 30 24 1
7 35 26 10
17 31 26 36
26 25 17 15
16 23 22 8
28 29 19 4
42 42 18 47
18 30 24 34
27 33 23 12
27 22 5 10
31 11 30 44
36 21 38 30
31 15 34 4
39 4 7 10
5 2 19 9
35 18 29 33
30 22 26 3
21 19 27 24
8 9 17 8
23 25 21 40
30 20 34 36
24 31 43 4
28 36 20 12
41 25 5 9
38 17 10 17
30 17 38 3
21 37 35 2
15 25 25 37
19 20 9 11
35 21 8 18
17 46 25 1
32 11 7 10
28 19 23 12
6 1 22 10
22 28 3 9
24 23 11 36
42 45 33 7
31 15 22 10
17 0 23 6
11 34 6 33
26 21 24 42
32 14 43 16
18 22 21 12
18 23 24 9
33 15 22 11
16 25 18 30
19 13 29 11
16 23 46 5
36 19 40 4
13 46 24 7
29 26 21 12
19 25 4 18
25 24 3 18
35 10 17 14
14 5 7 20
35 4 26 6
23 2 7 30
30 27 28 24
12 23 20 13
27 20 18 22
28 3 5 21
31 5 28 1
19 22 8 8
17 13 16 30
17 25 22 43
15 23 29 11
20 28 12 32
23 30 23 48
40 21 20 38
20 26 15 26
25 1 37 30
43 4 34 40
39 23 2 21
45 33 17 9
25 15 28 43
48 20 20 44
26 20 31 17
26 23 37 41
27 13 33 33
30 15 23 17
21 21 49 12
11 29 21 11
39 46 37 28
20 25 25 43
18 33 25 2
46 23 14 18
19 31 2 15
28 24 3 29
41 23 25 49
37 41 37 32
25 20 27 14
21 42 35 2
48 25 9 24
36 40 0 29
40 9 27 11
48 46 31 11
16 29 27 8
7 18 37 27
10 15 33 38
29 1 21 9
44 18 23 16
39 26 20 8
14 25 27 41
40 0 45 30
26 15 24 11
28 8 26 14
31 9 29 6
18 27 4 12
42 27 38 1
35 14 29 41
25 25 12 2
35 16 8 36
12 23 20 12
31 20 35 9
28 26 21 43
44 8 26 24
31 44 29 8
44 15 42 0
20 18 46 37
16 23 30 5
14 18 22 34
45 17 30 2
20 30 23 10
30 4 15 6
31 13 23 36
16 31 28 5
41 6 23 11
38 36 18 5
15 28 1 26
31 0 44 0
20 25 23 11
26 39 23 33
20 29 27 8
31 24 35 22
20 28 5 7
28 19 15 28
19 30 31 27
30 9 22 12
22 25 47 14
16 16 28 10
49 21 48 13
7 6 24 37
36 10 22 40
25 3 4 13
33 17 24 6
23 28 8 15
19 12 41 24
33 14 37 41
21 24 0 19
39 9 35 29
26 3 28 9
37 26 20 13
30 23 28 32
25 1 34 34
13 8 23 3
13 21 23 38
13 36 7 7
3 23 4 13
16 16 6 28
29 0 23 10
2 8 27 8
16 26 29 11
37 19 25 40
20 15 44 42
44 10 20 11
15 5 21 39
28 13 4 6
35 11 7 9
8 31 16 25
29 15 13 31
24 44 5 12
41 45 31 1
47 4 10 12
11 29 1 30
40 46 17 14
17 26 10 9
34 9 47 1
40 12 30 16
21 31 39 10
47 24 19 39
10 4 29 3
31 8 2 10
29 6 23 8
38 15 25 24
48 18 32 32
14 16 24 10
38 22 21 25
37 3 39 19
46 21 22 11
8 44 26 41
18 26 40 2
36 7 34 0
46 16 32 31
27 6 12 30
8 21 25 10
40 10 38 7
11 14 35 44
33 18 25 9
22 11 32 4
48 6 18 7
38 17 37 4
20 26 6 5
42 15 26 11
8 49 20 26
40 13 9 18
33 35 24 10
30 24 8 12
22 21 44 7
5 15 24 10
38 45 15 26
32 31 28 10
21 25 29 4
29 0 19 9
22 18 4 25
22 29 2 26
18 8 44 12
24 20 2 16
39 11 28 25
46 23 21 7
29 18 24 7
18 22 13 10
18 25 35 8
39 36 40 5
26 38 24 10
17 25 24 18
44 4 19 27
15 4 20 7
29 12 10 36
8 40 38 0
24 21 26 9
24 4 10 3
36 12 26 16
36 7 16 6
36 21 44 37
45 27 48 18
24 7 39 4
16 27 40 33
29 34 18 1
36 16 23 12
19 23 5 23
16 9 21 13
28 4 31 40
21 28 13 38
35 7 44 6
15 25 31 35
19 24 29 37
38 17 13 19
45 16 23 11
40 2 15 20
47 5 4 15
0 35 23 35
25 3 8 3
31 38 0 1
47 8 24 8
14 35 5 22
31 23 17 13
28 6 9 18
48 2 18 29
15 24 21 30
21 21 9 19
13 30 47 15
13 30 3 15
20 10 4 9
22 45 35 3
32 15 36 1
25 29 31 46
19 4 9 39
46 17 38 32
40 28 44 10
5 25 43 0
36 2 31 40
46 22 21 11
24 16 20 2
26 15 30 36
22 20 22 14
42 40 21 8
16 21 26 10
20 29 2 20
37 20 25 11
18 28 41 34
27 18 21 34
31 19 39 4
20 24 39 13
21 24 12 25
17 23 1 1
28 18 26 42
20 17 34 41
24 1 30 36
16 29 30 4
9 10 25 6
36 27 39 17
13 24 32 48
33 47 24 5
20 32 34 9
26 1 27 36
27 0 29 38
31 26 34 8
35 3 29 34
11 36 4 30
40 25 17 24
32 21 24 40
14 26 15 17
25 4 3 19
39 22 30 29
40 12 48 13
24 27 34 6
24 9 3 21
31 24 35 6
21 6 23 35
6 28 32 31
16 27 10 32
28 25 39 6
41 20 9 42
6 10 7 3
5 15 33 1
32 11 13 36
15 39 20 38
18 31 16 6
45 21 37 3
42 17 9 18
22 2 11 22
36 21 1 19
20 28 20 10
44 13 22 10
40 21 30 9
23 30 12 12
39 31 21 44
34 13 4 16
29 20 42 8
41 3 26 12
20 28 49 14
26 3 30 12
14 24 31 15
21 28 2 25
10 19 32 1
8 40 27 10
14 36 23 10
31 13 22 14
35 31 20 16
11 32 2 17
3 36 35 36
34 18 13 25
31 7 28 36
18 31 9 5
31 12 34 35
36 43 29 37
25 8 29 34
46 45 34 10
47 45 26 6
37 19 23 32
17 21 45 18
9 40 25 12
26 4 6 19
11 24 2 14
31 21 47 12
26 7 24 11
32 47 5 22
11 26 23 33
26 21 6 20
29 6 20 42
12 19 4 10
43 16 26 11
23 28 24 4
35 10 18 49
45 9 37 35
41 20 32 30
25 9 49 18
10 34 24 7
20 34 19 3
49 12 0 27
25 11 33 39
33 12 3 19
39 6 24 15
24 0 20 13
43 14 8 13
17 10 30 12
29 0 21 4
31 1 30 12
38 5 9 32
18 17 21 12
48 17 29 9
42 30 23 34
19 9 18 14
42 5 23 15
23 1 16 8
20 21 23 10
41 5 24 8
22 23 8 6
35 7 29 10
4 19 16 16
34 0 5 30
44 28 22 10
35 21 31 37
49 23 20 33
18 16 27 15
1 18 21 11
40 17 37 4
27 23 42 9
48 17 30 26
12 26 27 2
45 22 12 34
20 28 8 27
46 6 25 11
24 5 7 14
46 14 19 6
36 40 24 9
25 1 7 27
36 22 27 18
26 10 26 36
10 37 21 39
44 19 37 5
36 6 41 47
42 17 23 11
20 20 21 2
18 28 47 16
22 22 35 42
31 21 30 4
34 5 43 15
13 24 27 31
25 22 20 8
22 9 21 40
28 7 25 13
16 25 34 2
19 37 31 6
34 29 22 28
27 22 11 34
24 18 26 10
19 16 24 40
19 27 21 11
42 22 18 11
10 37 40 3
19 19 28 12
6 31 18 39
28 20 22 9
26 1 38 3
19 48 44 3
35 16 33 0
35 3 41 4
15 10 5 13
26 27 8 15
29 47 23 13
33 16 49 17
24 22 18 8
15 38 7 36
33 13 2 15
46 22 48 14
24 26 41 7
17 19 6 4
19 31 47 15
13 24 23 9
6 1 23 9
24 9 30 9
27 11 23 14
23 31 23 7
48 23 23 10
40 8 32 46
31 11 13 3
38 17 44 9
22 2 18 8
28 35 33 8
47 12 41 2
29 18 3 17
4 29 21 12
43 36 0 22
27 24 2 23
25 5 37 32
43 16 16 15
22 28 27 2
44 10 24 15
16 29 21 11
16 35 33 3
34 20 24 10
7 19 1 29
15 24 31 41
15 24 23 26
17 35 40 3
23 18 7 15
35 14 45 3
21 0 2 9
18 16 1 18
24 19 42 2
