50 547 15441 800
45 34 31 13
6 36 27 7
15 32 19 10
14 37 1 49
9 29 25 41
14 27 6 43
13 36 9 18
2 37 49 13
27 19 17 5
13 28 49 49
7 28 5 38
22 29 4 38
23 16 47 10
39 28 20 10
19 33 33 9
1 24 25 41
26 20 29 12
7 17 4 11
8 13 3 15
1 32 3 40
23 21 5 30
6 24 29 10
9 29 31 9
18 24 4 46
26 21 3 36
8 39 21 15
16 2 45 8
32 7 2 35
23 30 23 6
12 5 29 10
16 40 5 38
30 39 20 43
8 3 21 14
16 8 49 46
15 27 18 48
46 39 37 10
11 0 2 39
12 30 33 37
32 21 49 3
6 18 0 42
47 30 39 46
20 5 27 8
20 41 16 13
28 43 13 23
4 27 43 34
16 16 6 33
35 32 4 35
15 30 10 40
18 39 23 13
12 32 26 11
10 33 49 45
19 23 38 44
29 19 35 2
28 18 28 9
27 15 10 28
9 36 4 37
42 26 43 14
14 30 15 8
12 46 27 31
6 4 40 1
18 45 18 0
22 17 24 14
16 31 28 15
9 31 23 5
15 22 10 8
18 38 7 45
35 3 14 46
7 2 0 30
7 29 42 46
23 15 24 37
21 8 46 46
28 5 22 46
24 25 6 7
30 20 22 43
8 33 20 36
27 10 25 0
17 37 8 32
31 43 20 8
29 27 22 46
15 13 32 35
17 22 36 22
10 26 46 46
41 0 39 18
31 10 1 37
12 20 22 13
30 45 39 3
26 23 27 17
44 15 23 8
15 12 26 12
21 47 1 11
1 30 35 6
33 16 47 44
10 19 27 5
26 10 5 38
17 27 46 49
3 26 4 35
37 12 4 37
18 7 35 14
19 17 33 1
14 19 4 35
16 5 16 28
4 23 40 6
15 30 14 5
13 36 23 1
19 11 1 34
6 32 1 36
15 32 33 9
23 40 36 2
3 14 42 42
28 22 43 41
26 9 30 12
18 19 28 8
0 37 45 19
29 7 5 40
28 11 0 36
48 40 24 24
19 24 13 14
7 31 7 38
17 34 40 2
12 34 26 14
18 17 22 7
18 30 6 3
1 37 1 43
9 2 26 7
22 12 30 13
37 17 22 10
1 20 25 8
30 33 10 9
0 34 18 4
14 11 26 9
27 4 46 2
7 1 11 28
20 26 25 13
9 7 26 10
39 26 40 41
13 21 15 40
27 21 34 33
21 11 2 33
34 17 23 12
14 26 40 1
25 29 28 0
28 27 22 8
43 4 32 17
32 15 11 6
38 34 30 13
19 36 25 6
11 4 16 14
2 3 5 14
8 38 3 37
24 4 13 15
41 26 5 41
40 22 6 38
41 29 42 9
18 19 35 5
48 49 0 34
22 10 19 47
39 20 32 1
28 26 3 8
16 6 29 3
24 24 3 8
21 30 46 45
24 5 6 38
22 24 38 10
39 21 1 34
8 29 20 8
18 9 36 8
16 1 7 31
7 27 42 47
10 23 27 9
8 5 36 0
2 44 2 20
10 11 2 35
38 1 4 37
2 17 49 47
43 14 46 39
9 30 5 33
24 32 30 12
13 25 20 14
33 14 38 40
2 8 32 48
24 33 13 5
22 30 22 10
16 25 9 19
2 19 13 32
26 10 29 12
23 0 48 44
19 32 22 13
35 48 18 3
20 26 49 48
21 28 34 4
42 37 34 0
43 31 35 11
1 39 26 33
3 43 33 3
23 34 24 8
22 38 23 4
14 21 19 49
49 49 47 17
1 28 8 40
15 36 34 21
27 5 6 36
20 24 8 2
35 15 4 36
15 33 38 15
24 4 27 9
36 3 22 9
2 21 45 7
20 30 30 2
8 3 48 7
6 7 23 25
29 15 4 36
36 11 27 10
30 15 23 7
19 33 42 7
9 5 20 17
4 33 0 31
13 23 2 33
10 7 21 21
33 7 19 10
45 12 39 8
37 31 29 11
6 28 29 7
12 4 23 15
49 24 28 17
26 15 22 2
8 19 44 47
25 13 11 34
21 27 16 34
10 3 21 47
13 3 35 8
10 0 30 5
26 32 0 40
29 27 45 45
33 6 3 35
32 30 41 17
25 20 5 35
6 7 25 13
16 39 26 36
20 12 49 44
25 14 14 28
5 43 43 3
11 0 22 29
24 12 26 40
13 36 21 12
9 38 7 1
2 31 14 4
3 33 11 9
20 25 31 14
19 14 7 33
18 30 16 4
20 13 21 5
15 11 37 8
26 31 11 46
17 13 14 1
29 31 26 16
3 32 24 49
11 22 26 9
16 31 14 37
3 35 48 6
26 37 41 6
22 33 8 34
39 29 18 39
22 27 16 0
18 28 29 9
19 29 4 36
33 15 25 14
5 43 30 9
13 3 39 11
24 1 32 11
2 32 14 31
9 42 45 48
29 33 40 7
19 15 21 9
10 34 0 13
23 8 27 40
8 32 49 48
16 28 30 16
25 17 17 35
8 32 31 5
31 40 3 44
19 12 5 14
13 12 0 34
27 13 6 33
7 15 27 7
5 37 21 49
5 20 46 10
6 27 20 6
34 2 23 7
40 10 17 41
22 18 48 45
15 8 31 6
45 36 11 11
23 34 16 5
2 31 36 18
35 18 48 1
19 10 23 16
21 24 6 15
32 2 5 0
27 4 3 38
42 26 8 22
20 9 0 3
11 34 22 15
20 24 32 46
24 16 6 38
46 9 4 36
23 25 4 8
11 5 23 7
15 28 43 45
22 4 17 2
30 2 4 41
17 38 9 16
3 26 29 0
7 4 44 7
23 3 7 4
9 1 3 41
24 32 15 7
4 23 18 12
24 36 26 11
23 15 21 29
23 33 21 6
41 32 45 38
12 34 36 21
44 31 25 11
27 9 17 4
20 27 26 36
35 11 42 37
6 0 10 2
38 20 15 5
9 29 31 5
16 26 29 4
43 29 48 36
2 4 23 37
38 36 45 44
22 31 22 1
1 43 15 5
13 3 40 1
24 42 20 19
29 7 27 13
3 43 13 48
27 29 16 27
7 34 42 48
5 25 35 21
6 32 23 45
9 1 22 7
10 23 46 39
8 2 30 8
2 46 28 39
9 47 24 39
42 27 32 10
16 23 3 10
24 13 9 43
22 2 42 48
22 33 33 7
19 33 28 15
5 31 35 12
12 19 2 34
1 7 4 35
11 25 40 10
17 23 13 25
1 9 28 11
16 28 25 3
6 19 32 11
11 28 8 13
4 0 21 18
25 29 35 9
38 44 31 3
23 7 29 10
37 21 5 37
17 28 29 19
23 12 18 9
11 19 2 38
31 15 18 45
41 30 9 30
18 26 8 41
31 18 9 0
21 15 44 41
3 28 38 14
13 36 49 14
1 43 1 36
25 28 18 7
14 39 24 43
32 23 27 2
9 30 45 10
38 11 8 18
10 4 14 23
1 24 28 23
12 30 28 15
11 24 9 14
26 18 31 8
20 27 13 41
37 17 4 42
2 20 44 10
40 17 13 3
7 28 29 4
20 6 33 12
19 24 36 7
8 3 7 36
29 1 36 17
4 21 6 40
26 13 40 13
16 22 22 4
21 36 44 35
12 37 15 2
41 10 46 2
20 3 20 44
24 8 42 40
10 15 42 4
4 10 37 48
15 35 22 2
9 5 23 11
7 0 18 0
11 27 1 37
8 3 35 0
25 7 48 48
8 20 40 16
25 29 29 28
14 36 26 9
18 12 11 41
24 18 22 6
9 5 30 42
4 18 32 10
29 1 1 35
20 25 43 49
46 37 46 48
21 16 10 20
8 40 23 39
47 12 33 30
31 3 39 4
24 29 25 9
24 28 20 8
22 34 41 9
13 17 23 48
32 40 7 0
39 17 8 34
28 14 20 9
10 16 7 46
11 1 27 15
18 4 19 16
41 8 26 8
5 36 15 12
6 42 25 11
20 13 29 1
25 16 45 33
13 3 24 13
34 37 20 9
27 9 23 41
2 14 10 39
22 39 31 14
23 30 27 34
19 43 42 3
37 23 31 7
15 26 39 47
12 27 8 5
36 21 13 49
45 44 48 8
22 19 36 48
14 19 19 6
10 29 34 40
18 25 23 35
2 25 3 34
27 12 29 9
4 37 25 0
8 3 47 45
33 17 27 12
15 39 44 14
18 19 26 44
34 16 0 33
46 7 26 12
9 19 32 3
12 24 37 44
21 9 26 15
19 17 30 12
39 21 21 33
8 36 38 16
22 38 42 12
7 10 21 45
21 38 32 45
11 25 7 38
13 40 25 44
11 24 25 21
28 16 27 9
0 31 1 43
23 30 12 18
17 37 26 44
19 8 19 36
14 29 22 14
12 10 26 10
13 28 27 10
25 8 29 7
9 40 2 36
30 19 30 10
1 44 31 1
9 30 43 41
11 0 4 35
13 21 17 37
11 35 15 2
27 44 5 36
16 22 49 41
26 30 47 3
11 12 21 9
2 20 28 5
21 9 29 8
45 26 22 6
41 25 33 7
25 24 3 39
10 37 27 10
7 1 34 49
15 38 23 35
19 22 13 20
32 23 16 0
10 1 29 9
18 35 26 5
35 0 22 47
5 36 2 38
6 37 21 14
26 35 23 14
12 3 30 17
3 10 24 11
19 28 41 45
13 35 26 11
9 4 24 11
16 9 43 15
18 37 0 40
11 4 28 25
4 11 34 35
28 37 2 32
22 31 18 3
12 15 32 39
35 19 28 6
22 27 22 5
10 40 14 18
32 18 43 48
31 12 33 8
15 26 5 35
27 7 4 37
10 5 4 40
3 39 21 4
9 3 19 23
7 22 19 9
0 22 25 5
17 17 26 9
16 35 3 40
31 12 13 19
13 4 25 8
22 11 4 33
25 28 45 13
13 4 25 40
