50 57 19219 800
28 10 20 29
18 22 9 8
27 22 38 27
40 30 7 37
32 12 12 14
36 23 36 41
33 9 16 11
8 16 38 31
28 31 38 31
2 10 33 39
19 46 42 29
28 9 4 14
27 33 40 1
36 8 31 17
28 23 36 20
18 19 6 23
32 25 42 24
46 33 37 32
32 14 20 39
27 45 38 29
14 41 40 32
11 18 38 28
28 5 38 29
28 6 13 14
30 6 40 23
14 24 33 0
34 9 19 22
20 39 48 8
22 23 10 30
18 38 17 21
34 44 29 32
31 19 43 12
30 49 19 27
35 16 41 41
40 45 31 35
31 49 10 18
9 20 6 6
31 8 15 14
28 10 34 26
28 35 14 12
12 12 46 17
41 13 1 8
24 45 46 33
28 46 36 26
30 10 34 19
11 28 36 17
7 21 43 16
32 12 28 40
36 10 47 20
45 28 44 37
27 48 6 14
26 9 38 33
9 47 36 26
31 9 35 3
14 18 20 16
28 48 38 31
31 8 40 27
