50 342 11346 800
33 41 16 26
5 30 14 26
9 14 28 18
31 35 23 20
16 24 10 24
11 14 17 28
19 38 22 6
13 48 34 10
36 26 15 24
10 12 14 31
7 13 27 18
17 48 21 35
3 35 13 29
6 26 19 28
0 13 10 27
20 11 49 1
31 26 16 35
10 8 12 26
3 5 38 28
0 34 33 26
30 25 7 25
28 33 29 28
10 45 5 31
10 10 2 16
32 16 14 16
12 42 46 19
9 10 10 22
46 42 44 13
7 15 22 25
45 22 17 43
33 29 38 12
14 24 16 31
7 10 19 29
48 34 26 38
44 12 12 33
15 20 15 29
23 38 20 29
12 47 29 22
33 42 22 30
11 11 16 28
17 21 19 25
10 5 14 35
15 12 22 32
10 19 21 40
37 9 15 34
23 15 16 38
11 13 17 32
5 40 23 41
11 31 19 28
40 26 10 27
21 19 32 33
25 23 42 25
11 8 12 29
43 43 11 19
2 15 36 35
13 17 7 33
2 7 14 34
22 8 25 34
7 16 18 28
16 21 11 30
31 37 25 30
0 30 1 41
2 12 47 21
1 6 23 17
16 45 36 21
46 42 24 45
5 8 15 30
28 42 12 24
8 16 35 8
4 30 31 29
26 25 14 26
15 45 13 28
7 12 23 12
11 18 4 38
11 23 5 19
20 42 15 28
13 43 15 38
12 47 13 30
8 10 19 30
2 43 14 32
8 21 32 37
15 39 11 28
4 11 40 31
43 40 14 30
7 48 20 49
16 1 16 26
8 26 11 28
14 22 8 40
7 26 14 32
3 36 16 37
42 44 32 34
11 46 19 25
10 48 9 32
4 5 20 31
11 18 16 32
14 47 24 31
9 30 41 22
15 34 38 7
43 37 29 31
23 39 19 11
7 22 24 30
11 18 47 34
29 28 7 24
16 49 37 17
7 4 46 26
13 38 13 28
22 19 32 24
40 18 15 28
20 48 19 27
24 17 22 33
14 35 20 29
40 35 13 18
10 7 20 30
16 6 14 30
3 9 22 24
9 19 23 26
11 3 14 26
15 48 15 15
41 34 27 14
32 16 9 21
21 12 17 24
24 42 3 28
39 21 26 38
12 46 10 29
5 15 8 19
2 22 14 31
15 38 15 31
13 49 37 23
41 33 19 12
5 24 36 2
34 30 12 34
14 21 11 29
5 23 13 38
1 21 17 26
7 35 14 28
34 27 24 29
20 32 19 28
20 9 18 24
10 37 20 29
15 49 17 30
47 47 17 25
5 26 15 33
27 19 14 35
7 10 19 30
38 42 13 36
18 43 29 28
6 35 16 34
24 22 13 26
2 35 9 28
3 19 15 47
8 31 37 19
12 19 19 29
21 21 31 15
10 35 11 18
18 44 15 32
39 12 16 31
3 8 21 25
17 26 33 26
37 11 13 26
40 29 15 34
13 19 21 28
3 20 7 21
17 27 14 20
4 17 16 22
11 10 4 29
8 47 7 42
8 14 16 31
42 37 16 30
14 48 35 27
8 2 23 11
8 38 47 8
33 33 21 24
11 48 18 32
33 31 12 29
41 35 14 29
11 49 7 35
39 22 29 30
47 44 8 27
38 31 14 30
12 46 11 33
34 10 32 26
4 8 11 29
12 49 8 26
6 26 18 34
28 13 30 35
13 17 43 24
11 35 33 37
6 15 13 27
1 20 19 28
9 13 0 36
10 47 16 33
22 47 14 31
42 36 13 28
8 39 30 31
6 4 22 31
8 14 16 28
1 31 10 33
24 33 35 47
32 22 12 32
7 13 14 33
13 32 30 20
17 20 19 30
12 12 11 33
19 14 13 28
10 21 38 31
12 14 16 29
40 19 13 45
11 49 7 36
40 15 29 23
8 9 25 27
17 20 11 28
7 17 11 29
5 38 2 34
11 21 25 31
29 31 17 27
24 31 17 32
35 39 12 27
10 48 13 29
1 39 15 36
28 7 17 32
20 24 6 17
9 14 19 35
16 14 13 7
10 5 24 39
7 17 20 29
39 24 16 23
1 30 1 23
2 35 13 31
5 34 17 28
12 49 9 25
5 32 13 30
43 20 26 44
8 13 35 39
33 16 10 38
4 29 20 34
14 42 4 26
10 17 20 29
11 13 18 31
15 19 7 29
13 4 43 30
26 12 17 32
18 17 36 26
12 45 19 27
13 11 18 32
4 10 45 45
42 30 0 39
12 0 20 26
4 26 41 25
8 16 3 27
41 8 22 40
8 27 14 34
15 38 34 19
31 12 36 14
37 16 18 29
8 16 18 33
10 48 26 28
20 29 37 36
3 12 20 27
36 15 41 23
35 46 10 32
5 24 33 27
10 15 38 14
25 17 28 22
0 44 27 47
16 0 32 30
5 35 19 37
22 26 22 10
13 46 26 48
9 13 34 25
41 38 14 31
26 13 37 27
18 21 20 34
25 48 12 28
38 22 10 25
7 43 15 33
23 6 15 30
4 35 17 32
14 7 24 21
4 17 23 38
13 48 11 33
27 13 17 33
0 45 36 36
4 31 46 26
22 35 16 22
14 24 10 30
11 26 14 23
12 33 23 26
8 37 13 35
32 40 15 38
7 12 38 15
34 39 9 20
17 21 26 14
16 48 29 30
40 13 22 3
6 15 16 31
14 27 23 27
7 40 13 25
4 12 42 17
30 40 14 29
10 9 13 14
20 21 16 28
2 29 27 20
2 0 17 26
5 10 23 16
41 41 19 30
40 39 15 33
12 47 40 35
27 31 47 36
2 3 42 33
10 40 11 27
6 14 17 42
9 49 37 31
37 29 15 35
31 12 48 16
22 25 35 27
20 18 42 6
18 35 21 38
9 44 15 27
1 24 19 25
34 30 17 28
31 26 11 30
14 48 4 41
23 26 18 33
9 15 12 28
2 46 40 32
2 36 22 21
16 46 12 40
15 46 18 29
19 25 26 6
17 29 27 16
36 34 35 18
18 18 12 15
27 31 29 34
6 6 18 27
27 40 23 25
44 41 11 26
5 17 28 35
21 29 15 26
26 18 17 33
5 40 30 30
5 7 17 43
2 31 20 2
