50 871 18128 800
23 10 21 41
8 22 16 45
28 7 31 28
38 30 21 39
6 28 33 33
2 36 17 44
49 35 2 36
18 25 32 6
36 20 48 49
43 35 45 48
26 15 15 48
35 9 17 1
23 8 0 16
23 11 28 44
42 29 23 39
44 40 10 2
46 35 32 39
1 23 9 2
26 21 17 9
37 37 27 26
45 30 25 7
33 42 24 39
25 14 27 22
35 17 16 45
40 38 27 38
0 23 25 15
45 33 14 25
34 11 29 40
39 47 11 29
8 26 23 40
10 21 19 6
6 37 20 28
33 0 14 21
24 2 5 22
31 25 17 41
42 30 20 13
16 25 10 41
2 48 23 42
46 34 42 45
21 13 33 25
15 21 34 49
18 6 15 43
25 22 37 14
17 43 20 31
43 17 28 40
23 15 10 19
22 16 12 41
26 29 11 34
29 9 28 17
40 30 16 16
6 29 43 46
23 32 14 15
42 31 33 11
25 8 22 11
42 39 21 44
46 31 46 48
28 18 45 25
6 49 21 17
15 19 4 36
38 24 25 31
24 24 18 5
5 10 30 5
38 4 25 18
24 13 13 35
22 39 20 13
17 36 31 22
15 30 16 36
10 47 22 34
34 11 17 45
32 32 2 16
32 35 16 12
42 29 34 31
20 41 46 49
17 16 25 15
19 0 13 7
26 16 15 45
7 44 23 22
46 39 15 14
29 2 15 7
26 11 15 19
35 15 31 9
30 8 20 39
47 8 10 38
13 20 30 32
35 30 21 26
4 27 23 48
36 39 11 33
21 16 19 43
7 5 18 27
18 32 10 13
48 12 35 28
29 7 6 35
35 20 11 7
30 46 21 28
25 26 17 24
18 21 41 38
6 36 4 24
47 28 24 30
39 29 44 15
9 45 1 10
18 23 10 12
26 12 30 48
38 31 16 18
35 11 31 30
18 49 19 35
21 2 4 4
6 42 23 7
34 48 44 45
11 19 19 27
18 42 36 37
45 28 36 34
15 49 17 23
44 28 25 3
13 1 16 46
37 18 26 39
13 44 14 48
42 42 45 45
24 14 14 45
27 5 3 48
47 35 8 14
20 21 44 48
19 25 27 31
30 26 23 22
44 34 25 27
48 39 23 30
18 3 27 27
20 23 26 38
26 10 15 48
5 2 33 41
37 34 29 38
28 27 10 33
47 35 16 20
15 48 25 38
32 16 8 28
44 33 41 24
35 25 21 12
24 11 4 31
10 4 21 22
7 39 13 15
41 34 22 14
23 22 7 45
48 25 28 49
22 18 33 26
12 4 12 35
37 3 27 47
18 2 2 43
13 30 43 46
15 9 31 28
43 31 24 39
21 13 43 11
14 36 8 14
44 20 7 38
37 35 11 41
10 28 17 36
23 44 32 1
29 5 23 16
25 28 18 37
25 19 39 31
41 34 38 22
29 20 13 49
9 37 11 23
5 9 13 41
3 33 43 47
29 35 21 31
30 4 28 10
28 10 39 47
25 16 22 21
44 9 18 20
30 26 41 47
32 41 29 24
21 6 26 13
30 1 30 31
15 36 26 39
16 43 35 8
12 32 28 20
11 20 28 43
49 2 11 3
47 41 38 3
17 34 14 2
43 28 13 30
30 47 19 30
13 31 19 23
28 16 33 27
38 35 39 20
21 48 0 23
33 11 29 36
48 10 25 31
29 17 19 2
33 38 34 0
19 17 24 26
39 28 10 17
31 20 42 49
29 25 27 42
49 12 44 49
29 14 33 8
35 40 21 33
10 31 30 19
7 22 33 11
33 14 11 23
5 49 24 9
12 19 35 25
47 31 14 43
8 22 23 23
10 44 28 15
31 2 30 24
29 2 14 3
5 26 3 37
7 26 29 32
48 9 45 49
45 37 15 37
42 30 14 42
16 41 20 23
8 2 19 30
12 31 14 38
13 29 8 12
34 33 25 13
24 6 23 12
39 7 19 47
22 31 5 29
43 21 17 25
21 47 14 15
31 36 23 16
28 32 7 48
25 14 23 2
40 37 30 2
16 5 7 0
12 11 13 31
37 25 10 9
19 6 23 32
34 11 22 38
27 5 6 35
35 0 19 16
4 19 15 46
43 36 7 21
9 46 25 33
32 7 40 48
5 30 10 10
24 36 40 8
34 39 12 7
45 20 11 37
38 39 21 30
48 36 37 39
25 4 36 12
26 25 35 16
34 41 39 28
43 36 32 33
43 27 36 4
7 41 23 9
3 35 14 12
30 9 30 41
37 12 12 13
16 34 25 41
9 8 41 48
25 5 44 43
44 8 14 40
44 4 14 43
14 45 20 39
1 23 11 47
19 30 15 40
46 26 22 21
35 11 15 27
5 23 27 44
3 40 4 48
5 43 26 37
33 26 0 30
10 28 24 18
5 34 18 27
2 42 33 30
18 25 25 40
28 28 18 15
24 31 1 4
15 23 25 41
47 32 21 46
45 35 12 35
31 15 2 31
24 17 30 11
46 34 10 29
32 31 4 6
49 34 44 29
8 41 43 34
20 43 11 25
15 30 28 4
12 45 20 44
25 43 9 3
28 23 32 33
46 30 23 28
21 33 6 45
16 45 27 36
37 10 22 8
45 31 26 6
20 41 36 37
2 21 31 38
45 32 5 33
28 12 19 31
21 29 11 38
40 37 13 40
29 18 39 46
41 23 42 35
23 30 28 28
26 11 35 35
6 43 12 45
2 34 11 48
24 18 36 8
13 37 13 4
40 38 30 18
29 18 15 5
21 40 7 22
27 10 15 48
36 36 23 44
45 36 16 39
22 0 34 31
41 30 43 44
40 29 42 20
26 15 20 21
38 9 33 40
9 42 11 33
2 27 35 32
25 24 6 43
9 29 5 34
28 16 43 48
42 39 32 30
39 37 21 34
9 16 39 28
12 10 17 32
5 40 39 35
13 46 2 43
6 19 14 27
6 11 13 12
48 33 7 40
7 41 38 49
19 33 14 43
36 33 17 37
49 29 43 47
8 34 23 33
0 41 9 11
22 1 33 31
42 28 37 34
49 45 19 27
14 19 17 14
26 21 20 32
22 47 37 28
39 39 23 49
27 6 36 40
33 21 12 8
38 32 31 23
5 42 11 28
28 22 27 36
13 43 23 24
41 31 21 47
19 5 24 31
10 44 22 14
45 32 23 27
12 36 29 5
10 40 34 34
2 4 21 44
45 35 34 9
41 27 20 22
44 42 26 32
29 29 21 11
33 18 16 39
3 48 37 33
45 31 25 30
0 49 38 1
24 35 30 10
31 9 14 23
10 48 21 35
43 27 10 1
16 22 30 17
40 33 9 49
43 19 28 8
36 34 29 8
31 29 35 8
8 20 18 32
10 35 25 35
27 22 21 21
18 3 35 37
42 28 39 25
1 33 25 15
32 9 19 11
21 15 25 40
19 11 41 47
9 26 42 24
14 24 46 14
19 10 26 21
26 14 42 27
42 32 46 45
34 7 21 27
32 23 17 27
13 22 9 32
36 15 25 41
24 48 28 25
1 34 17 9
28 34 21 26
13 17 34 26
28 28 22 29
5 44 31 30
15 42 24 15
21 46 24 49
37 0 24 30
13 45 9 47
10 41 16 43
38 18 15 15
16 14 14 39
22 24 21 46
10 27 15 23
20 42 23 0
28 35 14 41
1 34 21 43
30 21 16 29
4 18 4 9
25 14 18 17
13 17 23 45
47 5 27 45
43 30 32 15
39 29 10 35
32 32 41 45
28 34 30 30
31 41 33 47
38 41 16 21
13 16 49 41
5 19 14 46
12 17 10 47
35 4 23 45
12 46 18 26
40 29 19 5
8 19 19 3
25 17 34 45
16 32 39 32
36 37 26 8
9 31 30 12
7 46 19 6
39 43 19 38
29 37 22 48
6 34 34 46
25 4 33 32
32 26 22 36
11 45 21 44
12 32 7 5
49 7 26 25
38 40 18 30
31 17 23 35
0 9 8 32
25 2 11 3
4 16 22 27
7 36 4 29
19 27 12 8
14 14 24 43
7 37 17 9
29 38 15 38
20 11 28 27
42 26 4 36
18 35 42 48
45 22 16 14
13 49 44 48
24 6 9 42
36 5 40 24
0 41 16 32
28 23 10 2
35 3 37 33
10 44 46 47
20 42 1 48
7 18 5 2
44 38 44 45
9 24 18 43
26 6 30 48
34 40 25 42
12 7 8 32
40 34 16 37
7 22 20 31
32 43 43 46
44 38 27 24
23 45 21 28
11 49 23 34
24 35 37 24
3 25 4 49
8 33 22 36
35 49 32 26
49 38 1 25
39 35 15 33
35 21 34 33
43 28 11 3
39 43 19 27
5 35 12 14
11 45 10 41
29 14 41 33
44 48 24 34
49 20 38 30
18 13 25 48
5 35 35 28
14 21 19 29
39 17 34 10
9 34 15 40
23 20 24 1
39 30 36 40
29 14 13 36
5 44 25 1
14 19 24 36
7 34 18 34
8 31 9 44
47 31 5 23
39 32 13 21
12 10 6 42
35 33 13 39
14 15 30 49
7 10 25 14
20 15 5 41
31 4 36 14
30 44 20 32
37 8 23 37
17 7 44 35
49 15 9 33
20 37 44 40
26 22 11 4
44 31 9 46
0 31 9 43
38 9 31 33
40 31 26 24
5 27 16 25
43 30 30 35
10 46 37 32
10 25 31 33
14 37 11 28
41 29 16 25
12 42 35 31
23 48 31 41
0 35 3 17
3 29 27 47
6 49 22 45
16 4 21 20
35 40 43 29
43 27 5 24
48 27 16 11
31 23 19 36
24 47 19 25
37 14 18 19
33 6 41 44
38 34 7 40
28 18 24 10
17 15 42 20
11 19 39 29
11 25 11 44
5 30 24 34
28 25 36 32
41 31 30 13
13 6 40 44
1 42 19 0
37 8 15 14
12 49 40 49
17 48 10 2
39 15 24 18
12 1 1 33
28 16 1 20
17 40 21 45
0 44 23 42
46 30 2 44
24 27 16 45
6 15 25 28
35 21 28 34
38 30 6 39
47 29 26 39
25 38 40 34
18 45 40 25
7 17 23 5
28 38 24 41
20 35 16 10
2 49 18 41
28 16 29 29
22 14 34 43
9 8 9 18
28 5 23 18
13 24 15 7
37 28 31 10
13 35 15 32
15 9 25 20
37 19 31 3
29 9 23 43
8 28 40 44
17 18 6 3
38 33 22 26
46 0 31 30
22 13 29 26
49 38 27 13
25 14 28 33
37 21 17 1
45 4 14 6
42 35 28 25
17 24 16 45
32 39 21 25
20 3 22 27
15 16 4 36
19 48 26 34
5 14 19 34
10 44 40 47
12 47 32 13
20 32 23 43
16 0 19 23
27 2 26 39
17 18 6 14
20 9 20 26
48 29 11 44
30 10 11 27
12 5 1 34
39 29 13 45
23 28 32 33
14 46 41 47
35 37 33 27
48 28 20 43
1 48 23 29
11 29 26 0
44 28 28 45
8 34 14 48
19 48 24 25
23 20 16 3
19 14 41 29
20 12 24 47
7 30 1 37
10 31 19 6
6 48 8 32
23 27 10 7
20 18 20 8
22 31 6 41
24 15 4 32
27 13 44 46
41 38 12 43
10 43 6 40
7 31 8 5
16 41 28 48
5 47 11 17
1 49 18 49
33 15 48 33
17 42 25 24
40 36 36 6
2 26 22 0
31 26 29 36
29 6 34 46
3 21 22 18
43 36 9 24
10 23 32 27
43 24 33 28
42 24 29 11
24 38 17 33
16 14 30 11
8 37 41 29
20 13 0 38
11 21 48 25
41 34 4 31
38 19 37 34
27 10 11 3
48 14 20 18
1 17 22 34
44 35 2 47
34 38 36 41
17 14 22 22
4 45 23 41
5 27 19 28
8 38 9 0
43 1 27 13
45 42 30 37
44 32 20 18
47 36 16 34
39 29 26 39
7 43 1 42
12 17 18 46
2 48 20 29
13 20 39 47
42 32 19 23
24 22 17 24
24 10 36 36
44 28 30 32
19 0 23 26
37 9 44 43
23 44 23 10
13 3 38 38
20 35 34 29
8 9 35 36
27 15 27 8
49 30 31 29
21 9 21 22
22 18 16 45
15 31 47 27
22 40 26 30
37 33 16 29
26 32 15 46
42 34 15 26
39 34 23 9
34 46 11 15
15 25 36 36
26 29 24 49
28 34 45 49
28 38 34 2
18 37 34 40
24 22 13 1
37 46 15 29
42 46 11 45
1 44 16 42
10 27 2 46
19 19 39 29
18 19 6 36
3 40 34 28
11 27 17 42
21 13 16 8
42 37 20 7
26 13 16 46
42 11 16 7
26 8 6 46
34 49 9 14
45 39 32 29
15 35 21 15
14 3 19 48
35 27 38 19
22 15 33 32
0 17 5 48
34 28 18 0
39 37 5 31
17 16 1 10
17 3 20 20
26 15 45 47
20 11 36 32
39 33 33 39
16 18 19 36
5 35 27 30
36 14 12 16
12 46 14 41
13 17 41 48
20 7 23 39
19 21 31 28
26 19 40 34
9 9 29 5
12 10 27 15
13 28 18 24
42 35 16 12
24 27 25 4
24 0 20 35
48 37 25 49
22 1 38 34
0 45 13 26
47 34 28 34
3 21 24 4
13 29 41 43
14 6 13 16
20 46 24 22
24 11 28 30
49 40 20 38
38 30 17 27
39 30 19 11
12 3 19 11
11 20 31 20
32 45 20 29
9 21 8 3
39 34 18 20
43 37 43 13
10 34 44 46
46 30 14 19
31 21 23 2
40 42 20 1
10 5 26 14
10 40 24 45
6 38 31 38
40 47 36 36
49 25 11 27
27 24 23 18
20 12 18 8
39 45 7 29
22 37 2 27
45 42 18 20
34 38 37 42
11 38 42 46
9 23 10 32
2 36 14 13
17 22 22 30
27 15 11 18
43 37 27 45
4 29 12 30
33 16 16 9
19 29 4 37
14 41 28 44
8 31 23 49
10 39 33 27
8 43 12 39
8 5 7 40
3 41 22 49
5 8 10 15
36 22 27 28
43 31 8 22
17 47 19 26
3 44 27 10
32 5 35 32
22 42 30 28
47 12 27 7
17 11 16 43
2 47 17 32
8 32 42 47
23 31 16 43
6 34 18 41
22 8 23 29
6 47 11 21
19 3 7 39
30 25 42 24
11 1 4 34
31 27 23 26
9 29 22 47
27 20 18 28
31 11 45 47
27 18 25 13
2 48 42 48
29 11 12 13
25 8 14 44
16 14 26 29
6 42 10 15
35 4 34 36
41 33 19 26
49 37 9 39
18 32 13 45
0 47 31 38
19 26 10 2
49 36 20 7
49 40 15 27
34 37 20 31
8 25 44 42
30 17 12 36
43 33 46 39
19 17 26 26
11 7 36 38
15 21 44 48
2 31 15 27
48 28 8 42
38 3 22 49
18 16 37 24
8 48 29 46
45 29 46 47
14 49 22 19
41 34 44 48
30 19 16 27
20 48 19 36
33 20 44 49
47 35 33 17
28 48 6 29
37 7 18 11
22 28 23 2
42 15 4 35
9 21 13 37
34 36 39 13
20 16 30 36
16 11 2 36
4 27 11 3
10 12 6 44
15 23 24 43
32 31 1 48
41 26 39 46
5 11 17 26
36 39 43 48
12 45 44 48
9 14 30 16
22 1 22 45
6 37 10 27
9 30 45 44
30 40 17 23
23 24 41 21
20 45 31 32
24 23 21 7
15 33 19 36
20 6 35 33
21 43 3 39
47 27 35 26
23 27 31 38
42 37 2 41
30 31 35 10
37 6 32 8
28 15 7 41
7 47 40 40
39 40 32 28
