50 805 17112 800
8 33 31 30
13 4 28 22
4 45 42 27
32 25 8 28
25 42 30 28
4 25 32 35
5 0 36 25
17 42 42 34
9 23 19 43
33 4 36 48
40 38 5 28
29 8 36 31
13 27 48 23
25 17 7 40
4 3 33 42
37 47 23 36
21 32 26 47
26 9 13 44
12 26 23 17
12 5 43 16
13 12 34 26
24 23 31 5
29 18 24 30
7 34 35 23
8 30 38 34
27 39 33 26
9 14 34 22
28 31 36 23
38 42 30 23
24 23 1 20
31 30 24 23
23 25 29 28
26 20 28 23
7 0 21 24
18 19 27 27
15 23 37 41
25 23 42 34
16 21 39 24
10 3 30 20
29 13 24 32
21 21 33 27
33 8 21 33
16 7 32 0
23 5 44 19
21 18 34 34
24 17 9 27
30 5 27 28
33 45 37 23
3 16 30 31
21 20 36 32
18 5 9 33
14 13 22 22
17 13 36 27
0 7 24 47
18 4 46 26
25 34 26 12
22 3 24 30
23 6 36 27
32 32 45 21
12 22 18 30
49 40 24 46
17 7 31 45
16 11 11 29
41 49 0 41
24 22 13 35
20 1 32 19
24 18 24 12
31 4 10 25
43 36 30 33
25 26 40 45
21 17 31 24
37 30 28 11
23 18 38 48
46 37 23 23
26 22 26 33
29 1 30 41
11 25 34 36
5 7 37 36
31 23 7 35
24 6 21 18
3 14 37 28
18 6 48 19
3 16 16 32
15 27 39 18
28 46 31 28
39 45 4 26
12 12 37 41
24 20 12 40
24 22 1 49
11 36 30 27
9 14 36 31
29 24 34 35
39 17 44 12
47 3 13 33
32 1 42 18
44 25 29 27
43 17 28 47
9 3 43 42
12 33 34 36
4 25 27 47
22 3 0 41
20 22 2 49
42 2 32 28
21 21 27 6
27 24 38 32
25 26 19 26
23 23 4 35
10 8 7 34
26 49 14 22
15 41 46 25
25 24 31 24
30 30 45 38
36 23 30 35
32 43 31 29
25 21 35 26
30 21 33 28
32 30 40 18
21 21 35 30
25 13 35 26
19 2 35 38
6 5 32 22
19 23 16 28
1 13 36 42
8 0 34 24
32 9 32 30
20 39 23 14
16 19 30 39
49 28 35 26
18 13 17 36
27 30 42 41
22 20 42 16
13 32 37 28
4 17 33 27
27 21 31 30
22 46 31 39
20 5 25 38
11 1 24 37
2 14 42 23
46 10 4 45
23 19 37 27
7 18 32 44
9 18 29 34
25 22 32 29
45 9 24 12
3 6 23 31
47 24 40 3
9 14 36 48
2 17 25 30
26 18 41 39
28 47 34 22
8 9 45 26
5 4 27 9
33 13 41 32
23 22 39 30
14 4 18 8
24 20 29 30
37 3 13 28
12 9 6 25
2 8 49 22
30 5 4 26
25 23 15 46
9 20 11 29
32 2 49 17
19 17 36 26
14 20 5 46
27 17 21 36
46 46 5 24
11 27 16 37
30 24 47 25
4 12 34 33
27 19 8 24
31 44 39 28
26 17 33 34
21 22 28 29
14 37 14 23
24 19 28 47
35 18 39 42
25 20 30 33
31 14 37 30
24 22 26 32
27 19 32 34
18 22 25 28
26 18 27 29
16 20 13 8
40 42 26 33
48 33 30 31
8 0 40 46
4 14 44 26
27 28 13 46
28 1 9 21
25 20 34 37
28 10 34 22
6 1 6 29
4 11 33 23
15 20 23 38
23 20 13 20
30 3 30 47
6 17 28 32
32 28 32 12
30 5 2 33
22 20 0 49
18 37 26 35
15 1 20 26
35 40 45 31
25 20 28 33
48 20 25 31
13 2 39 20
17 33 27 48
3 7 25 26
0 25 31 26
40 18 20 33
21 0 36 31
15 7 35 34
34 38 13 0
39 39 20 18
25 20 8 33
20 22 39 28
9 16 32 26
16 11 17 34
18 43 26 28
42 36 24 33
37 44 35 26
25 20 19 29
8 1 0 30
20 15 48 18
21 16 30 27
11 13 15 40
27 21 9 31
25 3 42 28
20 19 40 6
39 30 36 27
34 41 46 49
29 27 32 31
22 25 18 26
24 14 21 10
24 22 4 8
27 19 37 29
21 23 5 32
11 12 24 18
44 22 3 19
19 34 25 20
23 20 46 49
5 22 35 30
27 19 2 17
45 35 32 18
5 3 30 20
32 6 42 23
25 11 42 37
25 39 41 12
6 12 32 32
11 1 21 22
27 19 2 36
5 12 30 37
13 19 29 28
24 20 8 27
42 23 6 33
23 21 34 28
31 40 28 31
14 13 11 36
37 5 24 36
19 6 12 29
17 10 7 26
29 23 26 36
33 2 39 42
20 4 26 47
15 5 28 30
23 24 28 30
15 9 29 29
25 22 9 34
12 7 38 34
43 12 18 25
13 3 18 49
16 24 6 37
18 16 11 22
26 39 30 30
25 22 41 0
21 20 33 23
8 8 26 29
15 15 33 45
25 33 40 38
2 17 41 20
23 1 23 36
40 13 28 28
15 16 47 23
15 20 39 10
20 16 29 14
26 23 24 47
31 42 9 25
0 11 26 29
26 3 33 25
38 17 38 35
46 32 32 47
17 3 12 19
10 8 34 27
22 13 34 7
23 21 48 35
16 29 22 24
17 4 27 16
18 7 10 37
41 37 10 30
37 26 24 41
21 17 7 30
16 37 15 49
32 1 47 31
20 31 31 25
26 23 41 16
27 1 1 49
10 17 36 29
13 20 33 23
43 35 35 29
14 17 6 22
25 23 3 27
45 5 26 26
17 30 10 15
22 23 27 31
38 1 31 23
2 1 13 15
25 3 26 9
23 20 34 28
9 8 23 22
5 3 20 41
12 47 31 35
20 9 29 24
16 9 34 22
28 4 30 35
11 27 18 16
3 23 32 18
16 7 41 40
36 10 39 13
30 31 47 24
17 25 35 43
28 23 42 31
29 10 27 47
12 7 12 29
0 4 14 25
12 0 30 24
22 22 40 35
6 20 47 20
24 32 31 29
5 30 2 34
4 10 37 25
12 31 5 29
23 28 32 33
46 47 26 37
21 29 44 24
13 7 8 26
36 21 44 16
23 5 36 23
0 3 34 23
27 21 5 35
19 34 49 24
12 13 46 27
19 6 6 47
22 15 33 24
8 7 23 23
34 6 4 19
40 28 32 32
19 1 30 29
25 9 7 35
25 20 14 41
36 10 28 28
23 23 28 28
16 23 9 28
36 38 49 39
34 10 5 24
22 21 26 35
24 23 36 26
33 21 28 33
28 32 31 10
10 19 33 19
28 3 25 26
37 12 24 26
8 36 13 25
20 2 31 39
20 20 25 29
16 4 21 13
24 22 29 40
10 18 44 44
24 22 7 22
10 27 23 23
26 20 49 18
27 49 15 14
24 20 20 33
2 23 11 32
34 34 34 21
30 29 22 11
23 23 5 36
12 17 37 26
25 19 27 29
27 17 45 9
29 21 24 25
24 41 34 26
24 28 36 36
18 43 27 37
10 47 37 30
26 19 35 24
11 19 49 21
21 1 30 25
26 47 33 24
24 20 12 19
39 15 7 27
30 34 33 26
35 18 14 22
8 0 18 26
17 24 15 31
12 15 28 25
31 6 31 30
13 2 27 26
8 19 45 12
31 5 33 28
14 10 31 48
36 17 35 27
12 15 44 16
17 29 24 49
14 38 30 48
16 35 32 2
27 22 37 23
45 34 32 25
26 33 36 23
26 20 44 28
20 48 11 29
28 13 31 46
34 27 46 22
47 49 36 38
8 7 36 21
15 18 28 40
41 34 26 40
39 5 11 6
31 25 6 34
26 39 7 25
21 21 8 28
1 0 19 15
23 34 23 39
10 9 10 18
23 23 41 35
25 19 9 24
24 19 31 30
7 16 36 27
16 4 19 31
16 11 26 24
30 36 37 37
19 2 38 27
36 26 37 30
9 26 18 44
4 10 26 47
42 43 24 26
34 28 38 37
23 21 45 22
24 25 2 45
23 18 35 27
17 7 15 34
14 45 23 26
23 15 30 22
32 5 36 28
4 6 28 29
29 29 31 48
21 12 22 36
26 17 47 37
12 5 29 40
24 16 4 30
15 7 29 31
8 6 49 31
23 25 28 24
17 20 6 48
33 19 29 34
12 10 25 31
17 13 47 26
17 5 35 27
23 21 30 33
21 27 11 23
38 30 28 29
5 31 48 49
17 2 23 48
14 29 15 19
22 37 33 30
36 8 22 32
37 1 36 39
49 46 27 26
23 22 11 27
14 19 41 25
33 41 14 21
21 20 17 22
6 0 25 41
0 23 17 42
20 47 22 39
26 41 44 22
31 14 43 31
20 5 38 31
43 35 14 44
39 41 37 35
0 12 14 24
26 10 43 43
23 3 45 40
18 34 21 29
25 5 25 33
23 18 15 42
17 21 46 21
23 13 24 45
2 13 26 18
18 2 30 25
29 22 4 42
48 33 19 17
26 14 29 25
19 5 6 33
15 5 26 37
25 31 37 26
32 1 29 40
26 21 37 26
29 2 46 18
17 10 19 33
19 2 28 34
23 24 25 15
22 22 36 27
36 4 35 24
23 19 39 32
11 10 36 26
24 20 3 30
29 3 24 35
17 29 29 25
45 43 31 28
31 1 37 40
20 7 14 22
24 20 44 42
25 12 31 26
3 0 20 32
42 15 8 45
25 17 30 46
19 18 31 30
23 21 23 34
24 28 39 39
16 5 28 25
28 23 27 34
24 25 27 35
37 33 33 31
18 8 27 34
28 8 45 24
24 1 21 47
24 39 22 25
49 10 8 38
16 5 28 47
18 44 32 30
26 6 7 34
18 21 31 29
5 25 28 23
31 47 15 15
10 4 32 25
3 22 38 35
19 22 27 47
11 8 9 26
19 24 35 32
25 14 27 30
20 20 9 29
26 19 33 31
43 18 0 23
13 14 25 30
12 18 38 44
21 20 33 25
25 17 31 26
28 20 40 22
24 18 11 38
24 19 31 30
8 23 35 34
33 8 32 30
29 0 12 28
30 17 28 28
36 15 17 20
35 41 30 21
15 9 29 29
32 44 46 3
22 18 33 28
9 0 39 20
25 18 26 13
24 20 45 18
15 13 36 29
15 1 15 36
42 38 19 28
8 1 25 49
26 10 16 41
19 6 14 22
23 21 35 32
23 13 29 24
27 1 49 49
1 30 10 29
29 47 27 37
40 12 28 46
16 9 8 32
44 38 32 26
11 11 31 28
25 22 33 31
18 13 38 33
17 17 32 27
24 19 13 36
25 10 31 28
22 15 42 20
9 4 26 14
26 17 42 37
22 19 22 27
8 36 3 33
25 20 12 27
25 21 28 35
32 47 44 21
40 42 4 38
18 9 24 32
21 23 22 30
17 5 45 39
14 1 10 32
0 27 12 32
43 32 43 37
14 16 27 22
29 36 47 18
26 5 38 25
14 8 43 40
23 14 17 21
31 42 13 16
24 7 33 42
25 19 25 2
1 7 43 43
12 3 35 6
23 23 9 36
20 20 36 33
28 18 40 31
23 1 40 5
13 0 36 31
12 3 36 27
6 4 35 32
23 22 39 30
7 8 19 31
36 2 11 28
27 19 42 41
10 6 33 24
28 44 33 29
17 16 25 36
21 19 38 4
28 24 47 16
15 21 41 22
26 10 29 29
26 31 5 23
26 20 34 27
30 2 17 25
27 24 36 20
11 9 37 25
18 5 10 8
38 3 35 26
25 21 17 26
23 36 5 32
36 33 25 26
5 48 9 29
7 17 22 27
3 12 32 8
9 11 29 42
10 0 7 19
31 33 20 27
25 11 27 32
19 16 4 21
27 24 41 17
29 8 5 29
23 17 34 25
38 13 27 43
25 20 8 36
28 7 37 24
9 22 40 32
48 36 20 40
17 11 29 28
29 47 32 25
37 41 28 47
35 9 17 43
3 5 26 38
12 37 33 25
21 9 38 29
6 2 43 21
28 21 7 6
26 23 14 48
30 3 7 34
30 11 28 41
18 19 31 28
12 21 5 42
24 18 15 21
24 18 23 33
23 20 20 7
17 1 32 16
18 11 3 20
34 31 9 24
23 18 34 36
23 13 32 28
3 4 21 28
18 11 29 22
9 17 38 25
21 11 12 29
27 23 23 31
36 38 38 25
23 18 49 4
24 13 40 14
29 16 32 36
22 27 34 44
20 40 38 20
3 11 8 27
18 6 5 43
24 22 35 38
33 36 34 15
37 40 27 23
12 14 10 43
24 18 31 25
14 5 13 35
39 37 32 46
19 16 35 30
22 17 9 41
27 33 18 25
24 21 35 9
26 19 31 29
4 15 33 20
17 7 32 37
30 39 30 15
32 36 15 28
35 8 37 28
32 3 37 31
42 10 45 19
12 24 23 35
36 41 26 26
34 24 11 25
39 38 18 26
16 19 35 28
12 32 31 23
23 21 25 27
7 13 11 14
37 48 34 30
14 20 30 20
15 11 33 27
48 48 35 39
35 33 42 21
36 30 14 22
24 22 15 19
26 6 15 28
17 48 29 17
43 7 37 45
15 10 43 23
28 19 6 31
31 28 41 44
10 5 49 20
38 35 26 25
6 15 18 42
42 35 33 41
21 19 30 25
4 41 36 25
17 47 30 33
26 31 34 33
25 20 22 36
18 39 2 19
24 9 17 40
10 5 49 24
18 17 2 23
17 9 21 12
12 23 36 29
7 23 11 25
28 4 46 25
26 23 34 24
25 42 37 37
22 36 18 25
30 3 4 27
15 5 11 23
31 14 35 33
32 49 24 40
28 22 37 48
28 23 34 22
2 19 24 26
21 21 5 35
19 10 41 25
46 32 31 33
45 20 32 22
21 8 43 16
14 19 48 14
13 7 10 45
7 9 36 24
5 4 1 42
23 24 25 29
34 36 10 48
15 31 22 40
2 32 38 24
23 21 29 46
25 22 10 27
9 0 32 25
26 3 7 33
35 14 26 33
25 8 1 47
11 21 26 47
16 27 49 13
23 19 40 21
42 25 30 21
26 25 28 36
23 20 24 47
45 21 22 33
33 12 20 49
12 0 35 25
27 10 40 31
12 14 30 28
47 40 9 3
31 40 35 30
11 9 18 27
20 6 25 48
36 2 27 24
16 11 3 29
25 12 30 25
25 30 31 27
25 21 12 27
14 33 34 24
19 32 34 36
