50 326 17247 800
29 36 46 30
3 34 21 13
32 23 23 1
17 37 16 45
2 16 36 16
17 47 34 3
15 8 0 46
21 47 24 10
40 22 6 46
2 4 5 48
11 42 37 10
33 27 27 28
13 0 22 49
19 48 38 14
22 46 48 3
7 32 33 17
21 32 35 18
33 31 40 13
36 24 39 5
38 31 41 10
38 22 30 38
32 37 5 48
14 29 34 41
8 37 42 10
19 22 27 16
5 34 37 9
2 39 45 11
19 28 46 44
22 47 27 16
18 38 45 2
33 18 38 22
24 30 24 12
34 36 46 39
19 49 44 10
36 24 43 40
18 48 23 3
25 36 32 33
29 23 26 12
20 40 9 38
37 31 27 5
5 10 20 12
28 20 19 45
10 43 12 18
25 32 30 36
32 31 1 34
22 49 29 16
18 5 33 13
32 27 28 17
12 38 11 34
5 1 48 33
43 22 15 13
31 31 35 11
36 41 44 35
11 37 27 14
16 1 16 10
10 45 16 13
19 45 23 13
38 46 45 23
16 17 26 16
22 30 30 17
12 43 45 38
21 45 25 12
8 44 47 9
28 19 21 20
38 38 24 11
41 41 38 26
34 20 23 11
32 27 26 5
18 27 16 46
30 24 33 21
19 20 31 45
18 45 18 12
21 49 28 12
25 26 25 14
16 32 22 17
28 25 45 47
21 48 23 26
23 46 49 10
18 37 47 4
21 37 21 46
26 24 14 38
31 42 27 10
20 10 39 26
29 2 25 24
31 30 22 15
21 44 28 22
25 31 25 8
23 21 38 24
25 21 42 23
7 42 47 20
11 29 29 7
25 26 23 0
14 15 38 37
16 15 40 32
15 39 40 13
10 35 33 42
36 26 48 39
19 48 28 12
15 48 25 15
11 38 37 22
15 23 40 0
8 20 30 14
28 29 17 5
22 48 44 27
15 35 21 21
31 23 22 15
34 25 29 12
24 37 45 13
10 36 35 15
7 39 1 39
43 23 11 38
5 9 44 11
28 25 36 14
10 41 23 9
28 49 32 7
26 34 34 21
29 21 41 16
24 47 41 36
21 46 47 33
31 31 39 47
22 45 10 48
17 47 35 7
24 47 46 37
2 37 1 48
24 27 36 20
12 35 10 43
22 28 19 15
5 45 26 10
12 11 35 12
19 46 23 15
17 32 13 17
9 38 1 23
37 12 38 21
28 21 13 24
21 46 16 28
7 9 15 12
30 22 43 7
14 33 16 12
15 13 31 18
47 37 22 40
37 15 47 46
24 19 17 33
18 31 12 39
16 28 32 3
31 33 32 13
5 24 21 12
33 25 45 25
21 32 29 3
17 4 45 43
6 9 40 29
43 25 49 40
21 44 44 16
32 26 18 9
16 49 43 39
31 22 23 16
14 43 28 40
24 31 36 8
38 30 31 31
32 34 29 45
21 29 49 45
19 47 40 10
21 3 43 23
34 32 41 16
29 32 45 17
16 6 20 9
24 22 5 41
28 26 26 13
22 47 29 36
13 8 33 13
4 18 32 9
7 5 36 18
21 14 10 40
44 29 28 4
37 37 23 11
34 25 41 39
35 37 35 14
19 45 45 16
0 31 36 44
9 39 46 13
18 45 19 12
30 26 5 38
3 13 35 11
7 34 21 12
12 29 37 34
38 22 32 11
25 18 26 14
21 32 28 7
18 33 22 11
13 37 36 44
2 27 45 5
7 40 17 18
39 16 49 33
16 1 19 40
10 44 40 37
21 47 38 20
20 49 13 30
1 31 40 43
15 28 40 13
37 20 36 3
25 19 32 19
31 33 37 4
43 37 18 14
9 19 45 45
31 36 19 16
25 0 46 16
22 45 40 36
0 40 48 14
24 37 30 36
35 33 26 12
27 26 49 46
16 45 44 17
24 17 35 15
2 23 8 39
34 37 48 40
3 39 31 23
31 35 20 7
29 35 49 34
18 23 43 15
14 40 37 4
5 36 48 48
3 24 26 16
19 37 11 36
22 49 32 22
21 49 24 6
33 23 22 7
17 46 37 27
19 18 39 28
31 15 45 36
27 30 34 18
20 0 3 27
10 41 42 34
6 6 21 12
11 38 46 29
35 27 30 13
30 40 42 12
15 37 37 10
32 31 46 30
14 1 32 7
18 49 26 2
45 40 19 39
27 32 22 27
22 48 25 12
6 4 2 40
35 30 32 11
32 40 18 44
32 24 36 40
4 32 47 25
25 12 38 5
32 31 19 20
8 22 26 7
23 49 29 4
38 26 31 0
9 23 19 2
16 46 48 38
6 37 40 13
15 5 23 7
21 47 24 44
31 26 23 20
22 46 42 48
9 40 48 39
43 30 25 14
5 31 36 40
9 24 40 39
28 21 27 33
34 23 9 14
6 5 21 19
3 13 44 6
40 22 21 16
23 46 16 28
20 27 32 8
5 39 37 8
3 9 27 12
23 29 24 8
20 48 45 7
9 17 29 7
34 33 22 18
17 48 37 11
36 23 12 49
9 31 33 38
23 3 33 23
12 36 23 12
31 34 39 28
22 49 29 17
22 46 29 7
15 47 20 15
18 46 24 15
33 35 37 17
33 30 25 6
27 44 30 15
15 29 45 15
25 45 28 12
46 37 32 24
0 35 24 21
24 48 22 13
3 28 28 9
12 32 26 10
38 26 28 15
21 49 31 10
5 20 40 31
13 35 47 13
25 13 11 34
35 31 36 18
34 20 24 21
13 35 35 4
22 4 22 10
26 49 46 33
43 34 29 10
46 39 36 28
36 20 21 8
33 43 10 15
18 46 4 40
33 20 11 48
8 19 32 15
23 49 7 35
19 29 42 31
7 19 43 49
31 30 34 13
2 41 24 7
26 3 25 16
3 47 40 20
16 35 22 12
22 48 42 42
19 46 25 9
21 33 20 16
24 32 47 38
16 38 23 5
