50 385 11749 800
8 34 5 42
4 28 38 45
24 44 31 38
18 47 9 18
5 34 10 13
19 32 12 21
13 28 33 30
5 39 6 24
23 47 9 25
4 29 8 25
17 43 29 46
6 41 3 37
0 8 36 14
5 27 47 48
7 44 16 38
29 37 23 43
3 49 19 30
3 40 18 28
21 48 30 29
15 26 11 24
4 43 34 31
8 37 21 13
13 45 37 12
17 40 27 36
10 38 0 21
5 35 28 28
14 19 8 16
7 36 25 27
21 2 21 10
10 43 2 20
0 16 11 36
1 35 26 17
28 8 21 44
12 0 11 35
15 27 11 8
44 16 31 20
13 39 39 35
14 14 36 18
24 21 8 10
28 49 9 19
9 20 36 20
38 12 24 20
20 35 12 23
7 38 26 33
8 17 19 25
9 23 49 41
0 45 6 14
11 11 16 11
2 40 9 48
26 46 48 48
12 42 18 38
31 17 33 30
16 38 19 46
5 30 19 13
11 23 4 3
17 45 36 10
5 29 27 43
11 36 12 13
13 40 11 33
12 41 42 21
4 39 46 21
2 44 24 21
3 43 46 37
33 18 44 46
15 41 41 49
15 39 23 23
5 49 24 12
14 38 44 22
13 38 40 44
5 42 30 35
4 35 28 26
20 29 10 36
42 16 10 33
29 30 42 11
23 35 3 12
8 32 46 30
14 4 13 24
8 23 23 40
10 44 1 19
9 22 34 22
4 28 10 5
6 30 36 7
1 37 24 36
14 45 0 17
47 16 2 41
12 27 8 34
4 49 33 20
11 34 15 35
19 38 0 23
10 45 20 18
24 35 35 27
5 34 7 9
6 42 1 10
15 32 26 40
31 2 43 42
8 35 18 12
5 39 28 48
15 36 26 40
7 40 16 43
29 39 49 45
8 45 9 36
22 41 21 14
21 27 49 42
7 26 24 42
22 42 4 35
5 35 20 35
17 47 38 19
9 39 18 32
24 30 44 15
18 43 7 23
32 14 8 13
21 2 30 35
29 21 13 29
9 30 12 27
3 48 44 38
11 37 14 33
8 48 15 34
9 45 36 38
12 34 23 41
3 34 9 37
10 42 6 4
10 46 15 11
5 47 32 19
12 48 44 21
8 34 7 48
17 32 11 14
11 42 37 32
12 34 20 25
29 25 0 5
6 47 48 28
1 24 18 42
29 4 47 45
7 42 1 18
32 14 9 22
8 16 37 17
3 21 19 15
18 48 29 45
16 39 17 13
3 30 19 40
8 41 27 37
23 48 16 24
12 41 2 33
30 10 29 34
13 42 18 33
15 38 30 42
11 36 5 2
19 30 30 23
8 39 42 38
5 39 12 47
8 43 13 16
16 40 8 36
18 35 22 4
12 37 39 41
12 29 11 15
11 31 36 29
5 31 19 30
19 27 37 49
12 42 40 47
37 0 44 30
5 41 34 34
18 44 25 29
35 48 6 28
16 38 15 21
8 36 47 26
8 33 39 15
47 8 5 22
22 25 35 39
19 32 13 39
16 14 11 16
12 33 43 15
18 45 32 34
10 33 10 49
10 36 25 30
12 23 43 44
10 34 7 7
16 41 2 29
8 40 43 46
16 43 11 43
10 37 20 12
10 43 11 2
4 35 10 7
48 23 8 19
25 44 8 3
29 3 10 18
19 24 18 12
5 37 2 26
1 36 17 23
2 38 22 36
11 37 2 9
27 5 14 24
6 36 38 42
9 44 26 41
40 14 19 17
36 27 1 18
22 40 45 44
8 29 48 44
7 41 23 25
18 31 6 26
5 13 44 42
8 49 21 35
49 20 20 23
25 32 12 38
21 23 13 9
0 5 24 38
21 33 2 25
16 41 10 44
14 30 20 43
25 34 42 30
18 31 12 14
13 45 26 5
35 14 18 31
11 34 45 22
34 48 49 42
7 42 20 12
18 40 45 46
9 41 14 44
32 32 20 28
29 31 13 30
17 39 26 30
15 41 8 12
11 43 20 35
26 15 33 13
1 39 39 36
20 28 18 14
10 49 7 45
2 22 3 16
9 21 0 1
3 37 40 46
17 34 37 33
21 19 9 38
12 49 26 46
11 26 6 6
18 30 31 15
2 43 33 47
6 38 34 32
14 44 47 39
9 11 43 13
38 17 48 24
4 39 33 29
35 11 28 35
13 40 9 29
33 3 24 23
14 41 6 38
20 41 5 13
33 15 0 0
11 37 3 3
31 21 33 35
23 30 30 45
17 46 14 10
4 15 20 24
15 27 7 21
16 41 12 16
2 31 20 17
14 47 14 21
46 4 13 42
13 49 38 20
16 8 16 41
19 18 23 22
11 40 17 14
25 37 11 7
8 47 26 7
23 44 21 21
36 5 13 3
23 42 19 21
45 10 42 45
32 14 18 35
21 31 3 16
26 21 9 29
17 29 14 37
11 39 20 28
16 46 13 36
12 19 27 20
18 41 17 25
14 49 15 15
11 34 33 28
13 29 24 7
7 22 44 17
6 27 9 10
3 40 22 44
9 46 21 0
16 41 15 15
5 36 11 18
44 21 15 46
10 31 21 11
6 37 28 42
40 3 25 9
9 34 15 21
7 42 37 18
32 16 8 11
5 34 6 10
12 44 15 4
13 21 10 7
12 26 18 16
22 20 18 15
17 35 31 15
20 21 9 14
14 47 49 17
11 46 14 42
11 37 46 44
14 28 12 36
13 35 36 12
10 24 20 41
19 30 19 47
36 19 37 26
24 41 4 10
5 35 8 21
24 41 13 6
17 21 25 14
12 35 4 2
12 25 31 46
13 43 1 16
4 22 0 48
12 36 21 43
27 30 20 45
9 46 47 36
4 31 13 14
16 20 10 36
0 19 22 44
13 42 23 13
13 40 15 19
4 41 6 36
31 11 13 17
14 34 40 24
2 25 23 44
12 35 22 43
22 11 39 40
18 46 12 37
27 2 14 28
26 42 32 35
35 19 9 14
35 7 15 14
0 30 5 13
11 38 17 17
11 44 12 18
7 40 32 19
9 8 2 45
17 37 46 34
24 14 47 30
29 28 14 45
1 5 36 31
8 43 2 9
0 41 1 7
20 36 16 11
13 26 31 30
13 37 29 20
10 39 11 17
19 45 16 29
18 42 17 37
40 25 14 13
10 30 12 42
5 42 21 15
16 10 24 36
4 40 44 43
22 38 44 49
11 32 12 6
10 49 34 34
13 33 34 44
18 44 22 35
14 8 18 9
17 11 24 32
32 2 20 23
10 40 14 14
0 37 47 26
13 41 27 7
19 25 42 27
10 33 21 20
22 17 46 48
18 38 32 46
17 33 30 21
17 49 27 43
13 43 17 10
11 35 13 15
9 39 17 47
9 40 33 24
10 39 21 19
9 45 20 29
2 35 25 34
5 33 31 42
4 40 30 40
25 29 30 23
16 25 16 12
1 44 16 17
15 28 2 5
22 12 43 20
22 40 23 36
