50 995 11529 800
40 28 33 31
42 4 24 38
39 24 36 26
44 36 18 45
17 46 37 12
11 19 34 25
43 2 36 24
37 8 28 23
42 38 19 38
26 7 16 33
32 44 24 21
33 33 23 36
17 13 39 30
35 28 12 7
46 15 30 31
46 1 33 26
43 38 36 33
45 5 38 37
40 1 35 32
47 43 23 43
33 3 30 27
25 14 14 38
40 2 31 17
16 22 35 34
34 32 17 38
45 9 25 20
28 38 22 30
45 2 22 4
38 17 30 26
30 7 33 30
44 4 34 21
44 2 30 24
38 14 33 25
29 43 39 39
38 0 46 32
32 22 7 8
29 32 41 29
41 1 33 34
13 42 17 35
10 45 28 31
17 48 39 30
10 45 29 24
23 26 16 33
44 5 38 28
21 15 32 22
28 14 33 24
35 35 36 26
41 2 38 30
37 5 28 31
35 8 36 25
10 38 26 42
42 3 38 19
28 2 32 29
24 48 26 42
44 4 34 26
34 36 27 36
32 36 32 29
33 36 36 22
37 2 31 28
48 15 36 28
29 10 36 31
47 41 25 7
31 29 22 42
45 32 16 32
36 17 36 33
42 4 30 27
41 26 23 40
23 9 18 43
20 25 18 32
29 44 38 26
34 44 34 26
22 35 19 48
39 25 19 31
25 10 36 24
39 5 31 34
47 39 25 36
31 42 35 24
23 39 19 40
48 25 39 25
42 49 42 29
25 26 37 33
39 2 25 38
40 34 37 25
39 1 19 30
28 23 40 36
34 39 41 30
41 18 22 35
23 8 36 30
38 0 32 25
18 28 37 28
26 32 6 45
41 2 33 28
26 3 36 30
46 27 18 32
24 46 27 49
27 24 36 24
42 9 31 31
10 34 30 29
10 46 12 37
36 23 33 12
47 28 44 25
26 16 17 41
15 30 34 29
41 2 38 30
21 27 18 40
31 38 22 45
32 18 37 21
38 18 22 48
39 38 18 40
30 24 36 23
38 28 33 35
43 22 39 30
42 4 30 26
43 3 38 29
32 30 39 28
41 4 33 36
40 9 20 38
38 35 31 40
28 3 29 41
35 9 45 31
22 16 16 35
34 6 32 22
42 46 39 23
15 24 32 28
42 15 7 45
24 13 12 39
40 18 26 16
37 0 22 42
39 19 25 29
30 15 41 36
41 4 34 31
39 3 17 21
29 25 38 29
26 35 35 38
38 5 32 24
14 35 28 28
32 14 33 30
19 26 7 30
45 6 7 7
14 47 25 40
44 11 34 29
33 13 26 20
40 11 25 45
33 13 31 5
12 46 42 29
31 7 17 39
38 12 23 47
39 19 28 25
37 9 34 28
39 20 21 45
29 15 26 37
38 13 41 39
38 29 29 32
38 26 23 8
40 0 28 25
30 13 6 37
35 41 25 40
43 3 22 36
28 11 34 29
33 2 33 23
27 18 26 26
33 14 32 33
30 24 35 26
39 1 39 27
22 12 36 29
42 24 16 36
48 9 7 41
37 10 14 41
38 1 11 36
26 22 20 36
38 19 25 29
35 43 19 38
36 5 33 26
24 16 25 26
37 10 37 30
18 46 34 35
38 20 12 19
18 27 30 28
42 7 34 27
26 29 39 31
36 8 23 22
35 27 30 32
28 17 42 31
26 16 6 34
19 7 5 43
43 0 17 12
44 23 41 33
29 17 34 22
27 42 33 28
21 30 24 49
29 38 36 12
39 14 35 28
33 43 23 21
29 42 33 43
35 8 40 34
29 1 29 11
44 26 42 29
49 12 20 44
30 18 49 33
32 10 38 18
32 39 22 43
41 4 18 40
41 1 32 28
21 17 35 29
44 3 36 30
41 0 36 24
39 43 38 25
26 33 11 26
40 22 17 44
31 17 40 34
38 36 33 27
40 11 34 33
39 40 33 28
38 20 35 11
37 0 12 37
28 5 26 36
38 45 29 31
27 16 25 34
38 29 34 30
45 22 34 38
38 38 34 23
37 46 25 37
29 29 43 31
35 33 31 24
26 16 35 27
26 29 38 28
40 43 26 29
49 15 29 42
37 45 21 17
32 14 23 21
34 31 38 32
37 34 29 30
20 22 5 31
44 7 10 0
31 8 28 29
31 31 38 37
44 34 33 31
45 6 19 37
43 29 38 26
33 40 18 32
29 19 13 41
40 46 20 43
16 43 33 29
41 4 36 28
29 20 13 42
27 11 28 26
37 2 32 37
10 32 21 47
38 7 33 30
30 9 30 27
47 18 29 37
46 41 15 5
41 3 37 28
10 41 30 27
39 5 30 32
15 21 40 14
18 39 35 35
23 22 24 3
24 13 3 43
42 30 18 36
36 47 34 32
33 16 42 9
44 2 30 24
21 17 22 39
40 22 30 34
44 28 19 46
37 4 27 27
35 48 35 28
39 0 34 22
14 44 37 35
38 17 28 22
18 46 31 26
43 4 17 48
27 42 34 26
38 39 41 29
27 9 41 26
40 14 28 27
38 39 39 34
38 28 23 40
27 32 35 28
33 24 34 30
23 23 34 19
37 7 32 37
33 35 29 3
31 34 38 27
43 42 17 17
38 48 32 21
17 29 32 35
42 2 30 26
40 25 24 20
46 20 32 37
21 18 36 29
41 4 28 27
8 43 34 31
35 20 32 33
9 34 21 38
40 1 21 48
18 11 39 29
48 6 44 44
45 3 33 29
16 37 25 39
40 1 32 26
32 41 31 29
39 10 34 24
16 40 13 38
25 2 47 26
35 44 41 33
47 36 27 40
27 2 35 27
14 14 30 38
45 16 44 26
12 19 35 27
40 2 39 35
19 15 33 24
46 38 35 25
27 22 14 42
42 1 12 23
40 2 25 38
10 34 23 39
49 39 24 41
39 4 37 31
47 8 44 6
9 19 22 40
38 41 32 32
24 18 32 28
37 25 32 30
44 49 35 26
37 29 33 26
37 24 36 31
22 44 26 31
22 17 9 41
23 15 9 40
48 41 20 45
43 4 24 37
46 47 33 32
41 0 22 37
49 30 29 6
42 2 12 33
41 10 26 38
36 9 33 30
43 0 25 33
34 33 37 22
49 36 34 28
43 2 34 20
27 0 19 42
40 1 42 27
34 19 17 43
41 6 32 17
43 12 44 27
26 16 19 43
42 2 31 31
36 46 33 19
43 0 21 31
39 20 33 43
35 4 25 17
35 48 36 19
7 20 28 27
37 46 29 25
45 21 25 48
27 29 30 32
33 17 21 39
40 0 42 40
44 33 17 39
34 29 25 48
38 18 32 35
12 13 45 27
28 31 14 42
34 23 33 17
43 4 41 46
41 8 15 24
20 10 32 29
22 20 23 39
42 2 23 41
44 4 31 30
9 25 29 47
38 45 26 22
38 3 42 24
28 30 12 42
36 37 17 6
22 25 34 5
24 39 15 43
16 29 37 25
44 44 30 30
29 24 12 40
40 11 14 44
21 42 23 38
44 38 40 31
34 8 32 47
34 19 38 28
32 27 25 36
26 19 34 25
44 11 31 35
31 42 24 38
36 48 36 24
30 35 26 16
27 7 31 26
30 29 19 48
18 29 36 25
40 6 31 19
43 6 31 28
37 13 10 40
27 16 36 31
45 13 34 24
21 0 34 32
28 26 34 20
46 7 35 35
47 12 32 26
30 22 30 31
48 0 29 32
49 25 31 35
40 18 20 14
40 20 28 26
36 15 33 27
33 5 22 44
10 11 36 26
42 4 42 26
22 35 31 49
42 3 29 36
32 18 35 26
14 41 35 28
26 14 33 1
33 22 40 30
43 40 15 34
40 19 24 28
13 17 32 24
44 9 28 31
44 42 30 32
37 4 24 25
40 9 29 28
38 0 11 41
20 44 17 11
27 17 40 28
46 24 19 40
38 49 22 35
26 6 21 45
23 34 40 23
17 17 26 31
41 1 43 22
15 21 19 48
29 0 20 37
18 25 35 34
38 3 40 24
27 28 35 28
40 3 32 33
44 5 34 30
41 40 30 29
41 14 32 26
41 0 36 30
40 21 5 45
24 27 34 32
12 35 40 35
37 9 35 30
32 17 31 28
26 16 12 38
40 2 31 26
20 49 22 46
20 42 24 48
38 20 29 22
17 27 37 23
15 15 18 39
23 32 32 28
13 47 33 25
28 21 36 19
23 20 21 46
42 29 38 28
48 9 38 35
22 6 24 11
37 7 15 19
40 6 38 31
43 10 29 29
37 24 37 34
43 7 26 32
22 33 33 28
22 9 23 32
37 3 35 29
37 3 32 9
48 1 32 41
36 0 31 29
45 42 36 21
41 5 30 24
44 32 36 30
45 38 39 21
24 7 29 29
40 1 26 29
24 11 36 33
40 2 31 16
39 1 40 31
28 27 29 33
31 26 39 29
33 4 38 29
36 6 27 33
24 15 31 25
38 23 20 44
27 1 42 19
46 4 24 29
29 24 23 48
21 40 15 40
40 21 20 12
28 12 33 18
21 28 25 18
26 24 30 28
23 4 42 21
41 0 19 40
48 49 15 44
26 5 24 42
40 5 38 24
30 18 33 33
37 3 15 44
38 1 38 23
30 3 33 33
31 29 24 42
30 20 24 35
44 34 24 36
29 7 39 27
29 18 29 23
47 22 33 24
41 1 20 36
28 22 32 33
39 8 40 15
48 42 36 30
43 3 18 39
23 13 16 40
19 33 33 24
44 11 36 41
32 36 10 43
29 24 34 34
27 43 33 29
38 13 28 16
33 29 16 18
39 8 17 14
42 43 29 14
40 31 28 45
12 18 34 32
38 3 28 47
38 0 35 28
16 14 30 26
23 22 15 46
29 25 13 40
41 30 19 44
43 2 7 13
40 16 37 22
44 45 34 31
33 16 34 34
27 8 27 24
38 13 33 32
45 4 35 5
35 13 34 31
48 47 28 35
44 11 35 5
40 8 17 46
47 36 24 30
38 40 8 49
28 14 29 26
11 13 45 35
47 12 33 29
38 2 14 33
33 20 18 38
40 3 27 26
33 17 39 30
45 35 33 6
23 28 33 25
42 36 33 28
43 45 21 39
30 44 30 29
35 7 32 28
49 49 32 26
34 8 28 39
42 1 34 29
33 39 21 42
41 3 32 27
24 2 37 45
31 6 32 27
42 31 37 19
16 17 23 44
42 49 20 37
34 19 46 35
43 29 30 29
40 16 23 33
32 45 17 48
31 15 31 41
14 24 35 23
42 7 29 33
40 4 31 25
41 3 36 24
36 16 18 42
38 3 43 44
42 0 20 49
42 1 29 40
21 6 6 35
48 26 49 45
26 0 39 29
20 48 11 40
45 49 36 25
45 46 30 33
30 16 22 17
17 36 34 27
17 12 38 32
24 15 29 21
37 40 30 29
15 43 23 42
25 16 36 27
45 37 11 40
26 12 37 28
42 2 35 27
26 12 22 39
30 16 32 29
29 49 28 29
33 12 34 31
17 22 30 46
40 0 44 14
29 31 19 38
46 36 13 41
43 37 24 43
38 6 30 40
24 39 16 34
43 36 22 36
13 23 26 25
30 46 29 28
36 16 31 26
39 5 16 40
19 12 20 43
29 13 18 42
48 32 34 41
34 37 21 38
14 24 25 17
49 26 13 35
3 46 28 8
48 40 40 26
38 40 31 21
27 4 21 32
40 4 37 26
30 7 16 18
35 5 26 41
42 0 23 45
47 2 32 29
42 5 22 39
29 14 39 24
38 20 33 31
16 45 34 24
16 34 36 21
36 1 12 31
28 41 3 38
40 6 35 30
22 36 33 30
40 3 31 25
37 35 22 22
30 10 35 27
16 38 20 46
41 0 34 28
20 14 38 16
45 31 31 45
45 47 41 25
24 4 36 30
37 2 29 27
28 6 41 20
34 4 15 44
14 19 35 31
16 28 22 22
37 10 39 24
11 26 29 23
33 37 13 41
37 1 31 31
36 27 12 36
42 16 21 32
43 4 44 35
14 1 13 47
39 0 28 39
19 15 48 18
41 2 15 37
29 3 32 33
47 39 23 25
22 48 33 23
27 41 32 31
12 41 32 32
28 2 38 26
30 31 14 47
16 35 10 38
25 31 25 20
31 3 13 46
43 6 31 25
29 13 29 35
37 42 35 35
19 44 26 3
5 31 40 27
44 13 24 39
24 35 31 35
48 22 25 33
41 1 24 35
31 1 26 30
26 2 37 33
41 0 9 38
26 0 20 21
37 6 31 34
31 45 39 28
25 4 24 40
39 44 22 32
26 16 39 31
47 16 31 27
43 4 35 27
38 34 16 47
30 9 38 34
41 2 31 34
42 4 33 30
36 39 32 46
34 4 37 29
10 49 17 41
44 32 24 30
27 41 34 31
42 6 42 32
39 2 25 45
29 3 29 16
31 10 24 13
39 15 12 29
49 30 2 42
25 42 29 30
36 32 31 7
26 24 17 41
47 22 18 33
27 43 20 41
29 8 30 26
36 1 29 36
11 21 20 45
40 47 42 27
49 32 39 9
45 48 27 36
38 2 19 21
38 40 31 24
32 2 28 27
13 4 35 34
48 1 21 44
42 10 7 23
47 40 30 22
15 44 36 29
40 4 15 47
37 28 33 32
30 18 31 22
43 26 20 25
40 0 29 29
19 31 4 29
30 1 12 45
40 7 31 25
18 20 19 46
41 2 32 33
47 42 33 29
39 31 39 25
46 33 28 30
21 41 15 43
48 9 22 40
10 41 30 32
40 4 36 31
26 6 33 23
40 5 37 33
36 2 40 25
34 7 33 36
31 46 14 14
30 8 21 18
34 43 34 22
17 45 28 22
43 0 35 30
31 48 25 11
39 8 36 32
9 30 26 21
42 6 36 43
41 38 20 27
38 14 32 18
32 29 30 32
25 42 27 47
49 14 17 38
26 2 18 39
33 0 31 26
32 33 27 36
32 35 27 38
22 31 25 37
35 1 29 29
26 17 38 29
23 27 38 23
6 37 25 36
29 29 38 34
37 29 36 22
48 34 38 28
41 2 37 28
31 28 44 20
39 32 33 29
24 14 28 21
38 18 26 33
22 46 23 36
29 27 46 31
31 24 30 31
43 0 32 26
28 16 33 18
41 4 31 30
32 10 25 17
36 13 14 10
36 42 32 28
47 40 36 31
21 7 28 24
36 12 30 27
26 17 40 29
30 34 36 25
26 10 31 31
31 2 24 23
43 35 18 41
30 19 37 28
43 41 24 28
37 42 31 36
26 21 32 21
25 6 31 26
40 4 35 26
47 0 29 45
34 23 20 45
37 21 46 16
39 39 19 43
40 4 18 38
38 48 44 30
37 20 30 29
27 14 38 35
37 3 34 24
43 0 13 36
30 3 20 46
40 47 24 2
34 24 35 36
37 21 32 25
32 17 7 39
38 6 19 21
38 6 20 10
40 18 33 26
25 19 41 43
46 30 30 32
32 14 33 25
45 45 17 38
38 7 36 30
26 7 29 30
29 45 19 41
42 0 34 31
39 1 33 26
39 1 35 35
41 2 20 16
38 14 25 22
32 19 18 20
43 46 29 8
13 11 31 36
34 32 25 33
40 2 16 36
27 13 22 37
30 17 47 22
25 8 26 28
37 10 35 13
48 14 32 33
23 13 47 26
8 12 37 27
37 1 14 41
42 7 29 30
30 36 23 38
38 15 31 24
44 40 24 45
29 13 29 24
15 44 40 31
38 6 31 25
37 19 34 40
40 3 22 30
45 42 40 31
39 0 31 26
30 35 40 23
43 47 31 47
44 41 33 19
21 30 36 29
45 6 35 23
30 21 28 27
35 4 36 32
27 41 38 1
36 21 37 25
41 34 32 29
36 31 20 35
35 0 34 38
42 4 31 22
30 12 14 35
39 12 21 15
42 12 41 36
26 3 32 28
23 11 14 44
18 49 10 16
35 20 30 34
33 11 24 48
38 2 30 19
34 3 24 19
47 2 38 29
25 15 27 25
39 49 34 25
34 18 29 23
9 48 42 37
40 0 33 23
39 40 28 25
15 23 21 39
40 3 40 13
39 3 27 38
29 22 32 36
34 10 28 42
14 42 24 14
39 2 28 35
37 6 35 29
12 40 35 27
24 23 32 30
43 41 38 22
36 39 16 45
5 27 36 16
20 13 25 48
49 1 18 41
36 46 21 43
40 4 34 30
44 29 33 26
12 12 47 28
35 49 26 3
22 3 29 31
42 2 25 42
27 29 17 30
13 40 31 27
17 33 34 23
46 3 29 16
40 1 28 27
42 9 22 26
27 30 35 2
18 17 38 8
49 27 30 32
38 2 18 42
36 23 31 30
25 24 38 29
32 28 2 45
48 48 30 35
45 26 35 25
48 3 27 36
28 23 35 28
27 5 34 21
33 17 37 27
35 12 22 27
25 6 37 28
41 2 30 25
16 47 35 26
21 9 0 7
39 3 37 23
44 2 34 34
36 11 13 13
4 22 34 28
33 26 40 24
33 31 37 35
15 46 24 29
33 13 34 29
42 1 34 33
46 40 10 44
31 10 29 34
44 5 25 33
45 0 12 31
44 1 34 26
37 24 31 34
32 7 23 47
43 16 26 38
31 34 32 24
31 23 16 38
43 33 34 27
40 1 31 22
9 44 18 20
32 12 31 32
37 1 33 26
33 29 31 26
34 16 21 11
45 29 16 46
41 1 20 49
26 1 19 16
25 15 31 30
40 2 33 25
41 28 38 16
43 6 34 18
42 4 30 8
31 38 17 38
34 47 10 38
41 1 20 2
32 48 34 28
34 20 32 28
20 11 37 29
19 15 17 43
44 49 30 45
24 2 36 24
38 31 31 25
30 45 29 31
37 3 24 42
34 41 25 48
29 2 37 25
49 15 27 23
25 19 33 35
28 31 16 48
46 8 17 39
29 39 39 28
37 2 33 25
48 25 32 30
36 34 37 26
23 44 26 46
