50 479 19092 800
49 1 30 22
44 43 24 14
45 23 16 11
25 44 34 22
8 15 28 7
34 41 26 35
41 18 25 42
3 12 15 25
40 18 9 12
39 20 0 22
18 22 7 39
22 32 11 10
27 17 41 9
31 41 45 10
35 37 5 26
3 12 37 23
36 18 17 44
49 27 6 36
47 17 35 32
32 33 10 26
43 31 38 4
12 37 29 42
29 42 32 20
39 20 30 21
43 20 27 4
8 11 24 15
0 10 1 37
39 43 19 43
21 36 12 39
42 22 35 6
43 20 14 29
42 21 15 14
39 25 36 21
33 33 12 24
22 1 14 16
29 40 9 41
30 29 36 20
11 21 47 0
44 9 34 23
5 10 13 7
16 22 5 42
46 32 49 8
24 6 9 16
38 18 39 6
30 36 11 10
3 9 31 12
39 34 14 45
38 19 24 4
44 30 6 9
7 10 40 27
21 28 29 39
13 11 22 18
25 21 37 20
25 7 32 8
35 8 17 24
13 41 35 18
0 40 29 34
36 47 23 10
40 25 10 49
3 11 40 15
37 16 34 19
14 11 18 32
4 10 3 39
8 14 39 19
21 24 43 21
19 13 46 4
24 15 44 9
37 13 4 19
17 16 13 13
30 11 30 29
40 29 38 18
48 42 2 39
2 44 13 6
25 1 37 18
25 25 32 25
25 34 35 24
33 1 39 16
40 22 28 29
4 35 33 3
4 38 19 34
42 15 38 22
5 12 35 12
22 10 36 23
20 8 27 6
27 10 12 2
43 18 33 4
21 15 16 11
37 25 30 39
33 35 9 14
33 11 26 8
21 30 23 25
46 20 47 3
32 0 24 13
7 16 37 22
5 12 22 13
35 21 40 4
20 36 30 23
4 44 0 45
19 38 13 13
19 36 18 41
41 21 40 4
2 43 17 14
14 32 44 24
18 16 35 10
25 10 38 24
5 13 18 9
46 30 19 12
3 27 35 20
5 19 46 7
30 34 22 35
35 32 0 46
1 11 37 22
2 14 22 39
37 43 35 16
6 37 16 20
16 27 33 25
35 15 1 31
32 40 3 38
26 34 12 29
4 14 17 7
18 21 19 7
7 40 43 30
24 19 10 30
0 11 13 5
5 26 32 5
12 43 38 22
0 45 5 21
43 14 19 13
2 14 15 11
3 16 24 24
42 27 33 19
22 9 38 2
26 3 23 1
20 0 37 11
1 11 29 25
11 32 38 21
22 30 48 2
30 34 34 21
17 31 29 15
34 28 33 4
5 17 24 30
3 15 33 21
31 23 48 15
24 10 38 11
20 15 44 15
4 11 27 36
0 14 38 26
46 42 14 20
8 36 14 26
45 37 36 21
1 12 30 5
27 41 25 15
32 48 27 27
21 4 29 37
35 5 9 13
3 41 42 38
2 10 23 29
2 12 49 4
7 24 29 30
25 15 35 22
21 38 27 12
36 9 33 26
0 10 13 31
43 19 35 36
20 15 3 41
45 46 28 7
47 24 35 6
14 11 32 21
36 36 33 32
3 10 40 21
23 37 21 17
27 2 24 15
1 28 16 7
8 12 35 20
0 10 49 45
13 27 42 3
28 25 36 22
4 12 7 35
45 23 27 13
15 8 27 0
27 19 38 5
9 30 23 44
35 3 34 21
34 30 35 5
16 27 46 23
25 29 14 34
25 15 34 7
10 16 44 8
23 20 30 39
17 18 32 14
15 2 0 32
28 3 42 3
20 39 14 33
39 45 35 17
17 47 31 38
17 49 33 18
32 0 31 14
15 29 43 7
48 36 26 6
8 45 36 24
27 29 37 25
7 16 22 36
39 26 12 17
39 43 34 6
37 12 40 2
6 13 38 18
3 8 43 17
38 34 26 8
8 47 26 17
8 14 27 21
36 24 39 2
10 8 19 35
2 12 37 6
28 42 28 9
41 37 43 8
1 10 16 8
47 25 10 8
13 24 41 27
0 14 25 1
14 19 28 10
27 18 46 2
24 1 29 13
12 43 23 27
5 44 1 27
20 34 36 10
16 34 36 21
0 6 35 44
5 48 48 5
48 29 18 15
5 14 26 23
26 24 10 18
7 27 47 10
29 5 33 23
16 36 17 47
42 17 15 16
7 36 0 42
7 36 19 47
7 17 21 32
10 20 33 21
23 6 19 33
1 23 0 12
22 21 32 7
41 14 46 21
18 22 17 28
27 1 12 27
29 36 39 3
31 40 25 37
22 32 18 18
19 9 31 4
43 29 26 18
28 1 17 33
18 21 25 16
19 17 24 49
7 9 9 13
24 22 25 26
32 17 31 8
10 6 24 24
36 21 16 11
14 30 34 19
4 17 24 31
37 18 36 22
33 16 36 24
1 10 43 15
15 21 27 7
27 38 2 47
3 14 43 36
26 6 15 13
20 0 10 16
29 36 17 9
31 36 23 38
2 13 16 31
20 37 1 37
39 26 47 7
40 43 12 0
33 47 48 11
0 41 29 46
19 4 38 34
3 8 15 9
49 37 17 11
19 23 33 24
7 36 43 11
32 15 38 0
3 10 27 3
30 34 44 10
34 26 32 5
25 27 14 41
5 11 26 14
44 11 36 24
3 8 35 7
5 7 38 20
14 37 34 23
36 42 16 4
26 37 32 10
6 46 39 18
40 22 46 12
13 42 18 42
35 22 6 30
32 39 9 14
43 1 39 26
26 31 1 10
46 32 29 10
2 9 15 10
19 14 34 23
42 13 24 25
18 27 5 23
17 14 32 16
9 34 49 16
29 42 33 19
1 8 12 34
30 40 11 18
28 5 10 18
30 36 35 21
16 29 20 24
44 30 38 27
26 4 32 19
7 13 31 10
42 34 43 13
0 29 42 1
22 12 30 9
30 40 9 19
39 47 20 6
9 23 6 12
22 16 29 2
35 24 18 22
28 5 23 18
21 30 17 49
39 35 37 25
1 12 42 3
7 23 35 23
22 3 23 16
8 36 38 19
49 36 22 11
2 49 43 3
15 38 18 10
3 30 8 41
11 37 4 38
35 1 14 24
36 31 23 14
43 20 36 21
13 12 4 15
37 41 18 1
3 41 20 35
7 15 3 49
36 22 46 4
4 42 30 22
3 17 7 46
22 34 41 38
2 15 37 21
23 38 40 29
13 6 31 17
37 30 40 20
36 6 15 21
34 28 29 1
4 13 34 20
41 17 38 14
3 9 48 12
42 0 26 13
1 14 32 20
36 18 34 21
40 21 26 42
22 19 19 14
38 6 9 4
47 47 19 28
29 49 30 19
2 34 12 12
2 10 49 1
16 14 17 27
26 6 35 25
42 11 37 18
1 12 6 39
21 28 49 2
41 22 42 5
34 27 37 22
21 21 9 31
22 40 4 26
33 39 33 13
9 36 47 11
33 31 35 20
41 43 34 19
3 34 25 31
22 7 29 7
9 23 22 13
8 36 34 0
41 11 37 25
22 19 32 31
37 21 36 8
26 4 11 24
9 34 30 29
32 32 8 48
5 13 29 5
38 23 37 0
14 29 29 5
27 44 38 23
27 41 29 5
16 5 38 20
28 19 40 33
41 24 19 31
17 10 14 13
31 37 36 9
8 10 7 16
49 0 38 20
27 17 10 36
39 20 34 8
33 37 34 20
3 10 9 4
21 8 29 47
11 49 10 24
36 36 35 10
10 12 37 6
3 17 46 12
27 29 35 9
42 24 33 11
2 11 6 26
1 14 30 15
1 43 37 21
5 9 25 8
6 48 30 12
24 34 4 43
23 44 40 40
19 24 48 6
32 41 3 49
25 11 32 13
22 7 40 6
7 14 33 20
25 30 36 21
9 33 38 4
1 35 12 4
22 25 14 25
30 41 26 10
25 9 8 15
37 17 9 11
12 26 11 5
43 33 37 23
38 20 37 3
48 36 35 23
29 11 42 6
41 21 25 7
43 25 34 18
27 32 35 25
18 10 17 29
39 16 25 4
42 6 25 12
11 39 39 4
29 41 13 29
45 17 13 25
11 30 32 7
32 35 12 1
0 9 32 11
34 9 6 27
36 26 38 23
13 27 40 18
1 32 22 17
27 33 9 47
5 32 15 18
10 21 33 25
29 0 35 47
13 45 4 42
4 42 28 20
3 41 18 8
48 32 49 9
25 21 6 40
11 11 45 5
39 23 38 17
2 15 23 19
1 49 27 14
22 42 15 7
25 44 45 10
5 14 33 6
16 18 36 22
26 5 21 7
29 45 38 23
45 26 30 20
21 17 39 43
4 6 39 25
41 22 15 39
13 41 32 26
37 11 31 7
20 3 32 21
3 43 35 7
