50 392 12215 800
13 28 38 44
46 31 14 1
33 12 30 9
36 16 22 12
1 42 28 17
38 18 10 40
7 47 33 29
41 31 8 25
0 12 13 34
23 24 9 38
22 15 43 10
2 43 4 39
38 19 7 29
35 23 49 44
15 40 10 39
39 49 10 28
7 43 29 34
19 26 42 34
43 49 42 12
18 30 12 38
41 22 12 36
40 1 35 41
17 33 3 27
42 13 4 34
28 6 4 25
34 45 3 26
12 46 32 8
26 15 5 30
34 31 28 28
35 38 26 11
35 23 7 29
20 34 43 41
28 41 34 22
18 30 22 19
35 22 3 30
23 47 49 43
37 42 37 22
33 44 34 22
18 39 45 43
31 15 49 37
29 9 8 39
42 13 28 38
36 23 25 12
18 35 5 25
25 23 32 8
16 40 25 40
5 41 5 30
9 37 32 32
28 46 45 28
1 2 28 8
38 12 36 26
26 35 24 27
47 46 38 49
19 31 5 26
6 33 3 28
39 38 47 30
17 40 11 35
13 42 28 28
5 39 40 22
17 42 45 34
21 3 44 35
17 41 30 12
15 18 45 35
34 32 10 39
45 38 7 35
37 32 45 33
34 31 19 37
40 11 28 44
19 0 39 39
11 14 7 28
36 36 49 11
29 36 45 29
20 44 23 4
15 47 41 44
14 40 12 9
17 34 10 34
30 32 7 35
27 28 6 23
29 30 14 49
36 40 40 32
19 45 45 46
24 49 28 42
28 27 31 14
17 19 34 27
39 33 28 46
6 41 10 42
14 11 5 24
29 47 8 25
28 24 48 16
24 44 8 26
44 36 8 39
10 42 37 47
34 32 38 25
33 40 39 31
33 45 47 34
35 25 8 25
32 40 19 24
7 42 4 24
38 49 39 41
31 48 39 18
11 43 9 30
13 38 7 26
32 18 36 33
46 29 22 13
34 44 7 26
34 34 25 19
46 31 2 21
3 36 46 36
20 44 22 22
38 15 26 19
30 8 33 37
7 39 42 33
35 20 28 37
36 48 38 45
33 37 6 29
26 5 44 46
17 26 9 38
5 43 43 44
18 14 36 19
42 48 26 13
47 28 42 42
12 42 1 27
31 21 38 42
16 42 11 33
5 39 43 36
40 31 1 2
48 32 8 30
48 6 10 28
39 27 38 40
1 23 40 20
47 29 45 34
14 42 23 36
16 35 43 31
36 22 6 23
34 6 30 32
11 19 32 21
27 22 30 44
36 30 41 41
9 42 23 45
30 10 20 24
42 2 5 23
25 14 36 45
40 30 31 40
31 21 10 39
18 46 33 19
43 37 10 3
36 49 25 36
39 32 37 42
11 26 43 34
34 48 24 15
7 45 47 19
15 43 32 38
0 28 3 23
32 34 19 32
20 28 27 15
26 6 3 26
15 14 10 40
25 5 43 3
22 8 34 23
10 39 25 27
10 39 1 31
31 36 32 9
30 11 38 5
24 4 0 26
42 27 11 26
40 19 32 42
40 34 8 27
6 40 4 29
18 11 5 26
20 19 25 23
33 38 11 37
45 48 38 43
47 20 17 38
45 31 15 1
37 38 15 30
44 42 33 26
14 42 32 35
19 43 48 26
21 45 31 33
26 46 29 31
26 43 6 23
42 22 41 32
28 20 40 41
36 22 24 33
39 5 32 14
30 47 33 29
12 36 40 12
34 14 2 25
46 22 19 13
10 16 37 17
42 40 19 33
16 28 12 33
26 48 10 18
13 34 45 22
36 19 18 30
42 29 42 43
39 18 31 22
27 38 23 39
40 23 29 10
29 33 7 29
11 36 8 27
46 28 45 18
13 45 29 22
23 1 43 43
45 33 44 20
39 14 35 31
38 18 10 12
12 32 43 43
29 23 44 38
26 38 11 38
36 49 2 28
14 47 23 22
41 17 19 28
45 36 0 0
14 45 35 41
49 38 41 46
20 34 24 21
25 13 2 24
11 37 35 44
15 43 29 35
39 25 44 5
9 41 29 39
35 22 31 1
24 33 8 28
23 8 8 28
24 25 18 5
24 28 4 25
30 9 40 38
1 25 26 23
33 19 15 20
43 15 20 25
44 45 35 24
45 36 31 33
33 48 42 28
24 15 37 44
40 39 30 26
37 38 32 22
28 43 24 40
30 40 38 16
39 22 26 27
28 6 1 25
36 26 4 30
39 22 5 25
13 44 7 26
3 37 31 44
36 33 29 41
29 43 41 12
38 18 27 30
32 14 33 29
15 37 12 25
36 30 3 27
5 36 3 24
36 40 0 33
36 40 20 36
30 41 39 45
44 43 22 43
19 20 37 15
48 33 30 26
38 9 30 42
15 9 28 43
32 29 26 31
25 39 6 29
27 19 4 29
8 29 41 20
27 39 23 18
8 39 46 43
39 48 30 18
1 33 8 39
7 35 28 39
42 48 24 16
40 34 19 41
30 46 42 25
39 21 11 34
23 44 11 40
29 47 16 10
12 43 9 25
40 29 9 42
44 14 25 3
32 33 7 40
10 18 3 24
31 25 27 23
49 25 35 37
34 40 40 36
32 27 7 35
41 29 3 16
35 32 32 36
5 47 35 30
14 24 32 34
10 40 46 36
43 24 7 27
30 21 38 32
37 44 26 24
23 44 46 38
21 33 47 29
36 3 34 24
49 31 36 44
36 17 24 27
3 44 40 23
40 49 15 22
27 44 8 41
27 37 45 41
7 41 24 28
46 30 8 28
44 25 33 40
48 42 35 19
35 24 6 25
26 25 31 19
32 34 45 26
22 7 34 29
10 42 6 26
29 24 11 40
35 0 45 33
13 19 42 26
5 22 13 37
45 48 6 27
36 40 3 26
38 44 37 20
46 45 5 31
28 31 3 24
31 4 6 24
47 42 46 35
6 46 3 28
2 5 24 37
12 43 7 29
38 45 35 17
38 39 3 21
40 40 1 29
37 47 45 43
20 21 48 24
35 47 5 35
29 31 3 30
44 34 42 8
11 39 44 18
35 26 24 38
24 38 9 38
43 27 7 30
36 32 26 22
38 47 7 30
17 38 27 39
35 18 23 45
24 49 36 26
0 49 39 34
27 34 3 18
41 1 2 23
42 27 45 23
8 36 14 38
35 37 44 38
3 14 7 30
38 29 33 22
48 41 46 35
25 14 29 27
42 48 2 26
11 37 5 24
35 8 5 26
42 36 7 16
29 41 42 36
32 37 37 28
11 42 33 37
14 39 38 34
38 45 11 34
26 45 33 20
13 33 2 9
42 36 5 25
8 46 8 37
38 15 5 33
32 8 35 23
22 14 40 14
34 9 42 9
8 41 9 27
36 42 35 36
47 43 10 35
18 22 39 41
31 46 26 43
7 35 28 31
15 36 5 26
43 29 34 33
11 35 17 33
7 37 41 31
40 39 2 26
39 21 18 12
23 19 43 7
7 42 18 33
23 13 7 25
26 29 13 12
47 32 40 41
7 41 29 27
27 5 30 26
17 40 6 36
26 36 34 46
4 39 26 20
9 11 35 28
38 49 29 25
