50 157 12810 800
42 45 34 47
12 41 25 24
14 13 37 0
42 8 38 38
22 40 28 23
5 26 27 42
46 43 38 36
47 30 43 49
36 22 24 37
21 37 10 12
44 39 48 12
38 45 7 21
25 31 11 13
47 11 27 34
36 47 44 31
24 24 49 13
46 40 16 49
36 34 30 27
49 41 29 17
23 33 13 12
15 10 10 11
22 36 37 25
13 38 41 30
11 1 31 28
42 42 28 38
16 43 48 0
43 11 45 15
44 39 37 7
7 19 35 47
7 20 30 38
44 49 31 47
27 27 49 14
47 40 7 15
0 31 33 33
47 45 11 44
35 36 26 39
24 38 43 32
32 25 44 47
46 32 29 43
47 29 49 0
17 28 35 25
46 2 12 15
13 49 9 15
45 36 36 39
3 15 10 13
5 12 19 0
3 11 12 12
23 11 45 49
41 24 28 36
38 25 34 39
33 40 47 2
6 32 43 41
35 48 27 45
37 6 49 48
34 33 46 19
7 32 20 39
41 6 32 25
18 40 32 21
24 15 33 28
9 16 46 41
21 10 40 46
15 32 20 21
38 27 30 44
40 43 22 8
23 24 43 44
14 40 34 28
22 31 46 36
31 16 33 30
6 15 33 25
30 15 42 24
36 48 36 24
35 5 41 49
17 47 33 29
38 48 43 27
45 47 38 11
26 7 34 33
43 37 49 47
46 23 26 32
8 15 27 44
21 5 34 37
42 23 37 30
33 15 31 47
45 40 12 14
20 40 32 43
21 36 41 24
18 42 34 33
48 37 32 17
37 30 46 31
26 38 45 30
33 13 24 34
37 9 44 21
20 27 40 17
7 32 49 14
41 9 48 5
30 38 9 15
34 5 49 44
24 34 26 27
27 27 34 21
19 20 44 21
45 46 28 42
47 37 15 43
21 21 27 19
24 14 20 32
48 49 42 11
31 11 40 33
44 39 34 24
5 17 39 32
14 1 29 39
15 17 45 39
38 32 38 22
3 17 46 5
15 38 9 14
10 43 34 35
43 41 33 24
8 35 25 35
26 15 27 24
17 49 31 7
28 37 32 3
8 37 49 25
23 36 46 14
35 3 21 38
23 13 47 1
49 42 36 46
13 45 36 45
11 31 29 35
29 49 36 6
24 39 9 13
36 4 46 40
37 41 20 37
17 9 46 15
4 15 32 24
6 36 37 23
5 15 40 13
48 40 38 27
23 4 20 37
40 40 38 35
22 47 47 4
40 47 31 37
42 14 30 45
40 45 14 11
32 38 32 10
11 41 27 31
40 21 13 47
49 38 11 16
23 11 32 18
27 40 31 24
5 31 38 36
18 37 25 40
9 44 44 41
5 35 35 37
49 45 20 42
19 22 33 22
46 39 49 12
44 21 10 13
48 16 11 14
47 34 17 41
28 20 31 23
