50 203 17205 800
26 2 15 29
17 5 13 34
30 11 20 39
43 38 30 19
35 15 21 48
41 41 5 33
37 48 13 27
37 6 11 26
22 16 2 47
5 21 20 41
6 11 15 11
24 40 2 30
2 17 26 39
24 16 30 38
33 15 29 21
40 2 15 31
4 19 8 35
39 10 17 33
29 4 38 9
22 29 31 38
13 43 17 34
39 13 31 23
30 31 39 26
5 21 39 39
46 23 3 27
30 7 42 48
44 15 20 48
31 35 24 35
44 49 49 7
35 35 27 32
35 45 6 43
47 32 10 39
5 19 32 45
19 6 6 34
24 24 2 37
26 6 7 30
36 19 28 37
40 7 3 44
4 22 12 42
37 11 1 35
12 44 20 24
35 0 21 43
46 42 21 27
17 27 18 18
37 13 13 40
6 24 17 48
20 9 29 41
5 18 26 37
37 17 5 47
38 16 11 35
28 49 13 22
41 7 27 5
43 12 13 40
2 22 1 43
35 31 15 32
42 46 16 26
4 18 13 40
3 19 8 28
33 42 5 42
37 19 34 5
32 37 9 47
25 45 8 33
26 17 18 30
24 6 33 8
19 13 25 11
32 33 15 49
24 44 12 37
24 22 16 39
29 44 26 9
2 25 18 23
42 4 9 41
31 7 27 39
4 23 33 19
38 31 9 45
39 5 39 46
6 20 11 25
39 38 18 33
4 20 25 36
6 20 13 30
42 12 23 40
26 16 0 46
49 35 4 38
48 1 13 29
40 3 12 35
13 25 27 23
3 23 12 31
14 9 19 39
29 12 14 38
7 46 19 35
38 42 32 38
2 21 14 3
32 29 29 49
47 28 15 14
20 48 24 39
34 18 8 44
3 19 14 20
43 44 25 36
28 12 16 41
33 38 23 22
41 37 22 13
2 25 22 12
27 12 20 15
3 18 36 14
38 12 24 27
24 22 31 14
29 15 22 42
0 16 18 36
0 19 16 17
4 21 42 21
18 2 20 24
38 42 17 47
44 15 28 47
46 6 3 31
24 11 43 15
32 0 22 27
2 17 4 45
6 17 25 34
26 49 26 19
38 8 14 44
44 20 19 13
37 0 11 27
39 23 11 36
24 4 3 41
34 11 19 44
22 23 39 37
23 4 32 43
46 5 24 41
3 17 20 44
3 22 14 37
30 8 41 11
3 18 11 32
28 30 13 34
45 49 25 18
2 28 7 45
28 42 15 28
29 26 10 20
44 13 5 31
25 12 14 29
4 18 38 32
5 21 12 36
15 1 9 43
29 2 19 26
33 46 6 23
49 33 24 17
33 5 20 29
32 10 3 31
29 11 7 39
5 20 9 36
34 11 27 18
1 18 8 30
6 22 23 12
21 38 4 34
1 25 11 31
41 16 27 29
0 15 18 38
27 48 2 36
3 21 20 35
2 19 23 41
5 16 37 16
30 48 6 23
23 6 20 35
40 11 27 12
4 19 8 32
6 20 47 45
3 22 13 42
32 6 11 42
36 23 13 38
28 11 13 34
42 6 31 33
30 8 8 41
33 48 24 33
25 22 6 27
5 19 18 4
4 21 15 42
10 11 21 19
31 13 10 13
26 18 32 34
48 11 34 17
37 10 12 33
32 26 25 35
38 42 10 35
46 41 21 41
47 38 22 19
25 2 23 46
44 30 23 35
27 42 27 9
2 18 6 29
15 0 17 25
31 15 11 27
24 0 25 39
39 4 2 44
2 17 25 36
1 19 6 26
42 38 14 26
23 41 8 27
7 21 18 45
47 45 20 16
43 2 28 28
37 40 14 39
38 3 34 13
31 19 14 33
3 17 20 28
33 2 24 14
