50 127 14727 800
31 39 8 14
17 33 26 29
42 15 8 42
5 0 1 48
44 47 48 13
29 31 47 15
40 25 11 20
27 5 47 14
18 43 46 9
19 36 31 12
8 5 21 11
22 29 12 15
37 19 13 45
21 7 37 29
18 46 15 26
25 5 11 39
26 10 10 18
30 28 34 30
30 43 29 28
45 40 5 23
34 6 45 30
28 27 30 9
27 5 43 11
42 11 40 27
29 2 49 12
26 4 31 39
5 5 33 2
19 25 38 23
32 42 2 42
32 18 31 7
20 7 33 20
40 40 11 33
41 22 35 28
18 29 31 43
28 7 37 27
35 32 47 26
22 4 4 17
24 16 41 40
29 21 47 11
22 4 46 11
24 9 38 28
37 27 32 17
9 15 38 36
31 42 8 45
36 14 36 35
36 25 23 7
46 46 45 19
18 38 11 44
23 12 36 22
26 4 32 5
49 30 9 9
29 15 47 15
36 33 47 26
13 14 34 5
40 20 35 41
41 22 20 10
24 28 6 38
43 39 45 17
6 2 0 7
11 7 42 9
16 14 49 10
16 9 17 31
16 7 30 35
17 9 30 26
27 18 0 18
29 10 13 16
35 44 38 41
27 36 7 0
0 2 41 39
12 10 12 28
37 17 14 42
35 35 27 22
37 25 16 11
33 31 48 13
39 39 25 10
39 24 37 38
20 49 3 17
25 32 14 40
17 8 40 18
38 37 29 27
16 22 47 49
6 27 40 36
35 43 5 48
26 19 35 1
27 15 45 19
46 37 10 38
32 39 47 11
19 32 42 28
14 37 47 5
37 12 34 39
11 22 12 18
22 44 20 18
23 10 6 33
28 23 14 5
11 14 8 43
34 30 37 8
26 24 45 13
32 41 48 13
21 42 44 35
7 28 16 7
12 27 47 37
27 17 36 38
30 45 17 16
26 48 28 0
26 26 24 4
20 4 41 24
32 31 27 6
1 10 44 32
19 31 46 8
18 8 49 15
46 18 3 20
33 35 37 48
23 20 12 25
36 30 36 20
36 17 5 7
35 31 3 16
6 9 17 9
35 22 19 8
22 27 48 42
31 13 44 11
27 46 40 39
36 16 19 10
35 26 44 48
45 49 11 19
22 7 3 36
28 34 3 18
16 20 7 42
