50 77 18756 800
22 8 21 29
34 22 35 1
34 16 25 28
24 4 28 35
26 9 20 29
16 30 7 23
9 25 41 7
25 5 20 2
26 20 24 3
14 7 28 22
4 10 4 29
17 4 26 0
1 18 35 13
44 25 23 34
46 48 19 10
28 0 31 19
40 15 20 5
45 10 18 23
16 5 26 37
30 38 36 38
17 2 35 22
34 0 19 7
39 32 7 15
39 21 9 11
4 6 40 4
28 32 49 34
13 6 25 38
27 5 32 24
32 35 17 16
38 16 22 12
1 23 23 27
20 5 34 14
23 19 32 8
39 16 31 48
3 27 26 11
13 3 25 25
31 42 34 28
19 39 15 24
3 49 31 21
41 37 25 34
17 0 26 21
17 27 8 11
46 44 14 25
10 2 20 18
14 6 16 14
18 7 35 26
19 23 41 22
36 19 21 10
1 17 10 37
36 29 24 15
37 11 7 22
36 16 9 28
32 20 36 16
12 13 28 9
9 10 24 41
30 18 31 11
0 24 40 17
19 7 26 26
16 1 45 29
30 30 15 2
41 26 21 29
18 5 15 11
30 34 6 8
20 3 31 5
32 14 4 23
21 7 22 2
30 13 26 34
14 4 29 31
14 9 14 36
31 17 27 28
30 26 12 35
33 18 31 3
6 6 14 10
36 21 34 13
40 13 17 29
33 17 21 15
9 1 30 12
