78
5 0 0
13 0 1
7 0 2
11 0 3
18 0 4
10 0 5
2 1 0
1 1 1
14 1 2
14 1 3
9 1 4
0 1 5
7 2 0
1 2 1
5 2 2
14 2 4
19 2 5
5 3 0
6 3 1
7 3 2
6 3 3
15 3 4
15 3 5
14 4 0
7 4 1
7 4 2
0 4 3
5 4 4
15 4 5
2 5 0
1 5 1
1 5 2
11 5 3
1 5 4
1 5 5
3 0 6
3 0 6
3 0 6
9 1 6
10 1 6
16 1 6
6 2 6
9 2 6
12 2 6
5 3 6
8 3 6
15 3 6
1 4 6
1 4 6
15 4 6
6 5 6
7 5 6
13 5 6
4 6 0
8 6 0
11 6 0
6 6 1
14 6 1
0 6 2
16 6 2
18 6 2
2 6 3
3 6 3
13 6 3
1 6 4
5 6 4
8 6 4
2 6 5
2 6 5
19 6 5
5 6 6
6 6 6
6 6 6
13 6 6
14 6 6
15 6 6
16 6 6
17 6 6
