0 975 685 1000
0 943 685 975
0 0 685 88
685 0 1000 203
685 203 1000 1000
0 88 685 943
685 515 1000 549
0 943 685 1000
0 0 685 129
685 549 1000 1000
685 0 1000 515
0 129 685 943
0 902 685 921
0 921 685 1000
685 735 1000 1000
685 0 1000 735
0 0 685 418
0 418 685 902
0 902 685 921
0 961 685 1000
0 921 685 961
685 0 1000 205
685 205 1000 1000
0 0 685 902
0 961 1000 978
0 911 1000 961
0 767 1000 911
0 600 1000 767
0 427 1000 600
0 0 1000 427
0 736 685 866
0 866 685 1000
685 602 1000 1000
685 0 1000 602
0 375 685 736
0 0 685 375
0 871 1000 967
0 764 1000 871
0 612 1000 764
0 443 1000 612
0 229 1000 443
0 0 1000 229
685 468 1000 514
0 961 685 1000
0 815 685 961
685 0 1000 468
685 514 1000 1000
0 0 685 815
685 0 1000 121
685 121 1000 294
0 454 685 654
685 294 1000 1000
0 654 685 1000
0 0 685 454
0 945 1000 964
0 873 1000 945
0 787 1000 873
0 691 1000 787
0 442 1000 691
0 0 1000 442
0 586 685 691
0 857 685 1000
0 691 685 857
685 631 1000 1000
685 0 1000 631
0 0 685 586
685 0 1000 168
685 631 1000 1000
685 168 1000 631
0 691 685 1000
0 380 685 691
0 0 685 380
685 979 1000 1000
685 936 1000 979
685 0 1000 168
685 168 1000 936
0 530 685 1000
0 0 685 530
685 0 1000 99
0 0 685 83
685 99 1000 397
685 397 1000 1000
0 83 685 530
0 530 685 1000
