783 0 856 218
783 683 856 937
668 0 783 234
972 0 1000 1000
783 218 856 683
480 0 668 208
0 0 480 105
480 652 668 1000
480 208 668 652
668 234 783 1000
856 0 972 1000
0 641 480 1000
0 105 480 641
783 0 856 218
480 208 668 299
783 683 856 937
668 0 783 234
972 0 1000 1000
783 218 856 683
480 0 668 208
856 527 972 1000
856 0 972 527
480 652 668 1000
480 299 668 652
668 234 783 1000
0 0 480 1000
783 937 856 1000
480 208 668 299
783 683 856 937
668 0 783 234
972 0 1000 1000
480 0 668 208
783 0 856 683
0 848 480 1000
668 234 783 1000
856 0 972 1000
480 299 668 1000
0 431 480 848
0 0 480 431
783 574 856 683
480 139 668 208
480 208 668 299
783 683 856 937
480 0 668 139
972 0 1000 1000
783 0 856 574
0 848 480 1000
668 0 783 1000
856 0 972 1000
480 299 668 1000
0 542 480 848
0 0 480 542
0 0 480 38
783 683 856 937
668 0 783 202
972 0 1000 1000
856 407 972 660
856 660 972 1000
856 0 972 407
783 0 856 683
0 848 480 1000
668 202 783 1000
0 542 480 848
480 0 668 1000
0 38 480 542
668 139 783 202
668 0 783 139
972 0 1000 1000
480 808 668 1000
856 0 972 498
856 498 972 1000
783 0 856 937
0 848 480 1000
668 202 783 1000
0 0 480 228
0 542 480 848
0 228 480 542
480 0 668 808
783 937 856 1000
668 0 783 202
972 0 1000 1000
480 642 668 808
480 808 668 1000
783 0 856 937
0 848 480 1000
668 202 783 1000
0 0 480 228
856 0 972 1000
480 0 668 642
0 542 480 848
0 228 480 542
972 0 1000 39
668 0 783 77
972 557 1000 1000
972 39 1000 557
783 335 856 589
783 0 856 335
783 589 856 1000
856 673 972 1000
856 0 972 673
668 77 783 1000
480 0 668 1000
0 542 480 1000
0 0 480 542
972 0 1000 39
668 0 783 77
972 557 1000 1000
972 39 1000 557
856 673 972 1000
0 0 480 141
783 0 856 1000
856 0 972 673
0 801 480 1000
668 77 783 1000
0 542 480 801
480 0 668 1000
0 141 480 542
668 0 783 77
972 557 1000 1000
972 39 1000 557
668 840 783 1000
480 0 668 245
480 245 668 573
783 0 856 1000
480 573 668 1000
668 77 783 840
0 801 480 1000
856 0 972 1000
0 542 480 801
0 0 480 542
668 840 783 1000
972 0 1000 1000
0 930 480 1000
783 536 856 1000
783 0 856 536
480 0 668 245
856 0 972 411
856 411 972 1000
668 77 783 840
0 339 480 542
480 245 668 1000
0 0 480 339
0 542 480 930
668 840 783 868
668 0 783 77
856 883 972 1000
668 868 783 1000
972 0 1000 1000
480 0 668 245
783 0 856 1000
668 77 783 840
0 339 480 542
856 0 972 883
480 245 668 1000
0 0 480 339
0 542 480 1000
856 883 972 1000
668 868 783 1000
972 0 1000 1000
783 0 856 463
783 463 856 1000
856 0 972 425
856 425 972 883
480 540 668 1000
668 0 783 840
480 0 668 540
0 711 480 1000
0 0 480 339
0 339 480 711
856 883 972 1000
668 840 783 1000
972 0 1000 1000
668 0 783 290
856 0 972 425
856 425 972 883
668 290 783 840
783 0 856 1000
480 540 668 1000
480 0 668 540
0 711 480 1000
0 0 480 290
0 290 480 711
