691 0 735 64
691 64 735 162
263 972 436 1000
937 0 1000 91
785 780 832 1000
691 689 735 1000
785 468 832 780
263 872 436 972
263 756 436 872
785 0 832 468
691 162 735 689
590 755 691 1000
436 807 590 1000
735 0 785 1000
885 0 937 1000
832 0 885 1000
937 91 1000 1000
436 426 590 807
436 0 590 426
590 0 691 755
263 0 436 756
0 0 263 1000
691 64 735 162
263 972 436 1000
937 0 1000 91
885 0 937 182
832 0 885 193
785 780 832 1000
590 0 691 169
263 872 436 972
590 755 691 1000
436 807 590 1000
0 581 263 697
785 0 832 780
691 162 735 1000
885 182 937 1000
832 193 885 1000
735 0 785 1000
937 91 1000 1000
590 169 691 755
0 697 263 1000
436 0 590 807
263 0 436 872
0 0 263 581
691 0 735 64
691 64 735 162
263 972 436 1000
937 0 1000 91
885 0 937 182
691 162 735 425
590 0 691 169
0 912 263 1000
590 755 691 1000
691 425 735 1000
436 807 590 1000
885 182 937 1000
436 0 590 282
785 0 832 1000
735 0 785 1000
832 0 885 1000
937 91 1000 1000
590 169 691 755
436 282 590 807
0 581 263 912
0 0 263 581
263 0 436 972
691 0 735 162
885 0 937 182
885 792 937 1000
691 162 735 425
735 0 785 336
590 0 691 169
0 912 263 1000
590 755 691 1000
691 425 735 1000
436 807 590 1000
885 182 937 792
735 336 785 1000
436 0 590 282
785 0 832 1000
832 0 885 1000
263 659 436 972
590 169 691 755
937 0 1000 1000
436 282 590 807
0 581 263 912
263 0 436 659
0 0 263 581
691 319 735 425
691 162 735 319
691 0 735 162
885 0 937 182
885 792 937 1000
735 681 785 1000
735 0 785 336
735 336 785 681
832 660 885 1000
0 912 263 1000
590 755 691 1000
691 425 735 1000
885 182 937 792
832 0 885 660
436 0 590 282
785 0 832 1000
263 659 436 1000
937 0 1000 1000
590 0 691 755
436 282 590 1000
263 0 436 659
0 0 263 912
735 284 785 336
263 642 436 659
735 336 785 416
691 162 735 319
691 0 735 162
885 0 937 182
885 792 937 1000
735 416 785 681
735 0 785 284
735 681 785 1000
832 660 885 1000
263 870 436 1000
691 319 735 1000
885 182 937 792
832 0 885 660
263 659 436 870
785 0 832 1000
937 0 1000 1000
590 0 691 1000
263 0 436 642
436 0 590 1000
0 0 263 1000
263 642 436 659
735 284 785 416
885 0 937 182
735 416 785 681
691 0 735 319
735 0 785 284
735 681 785 1000
832 660 885 1000
590 0 691 216
263 870 436 1000
436 839 590 1000
691 319 735 1000
832 0 885 660
263 659 436 870
885 182 937 1000
785 0 832 1000
937 0 1000 1000
590 216 691 1000
0 0 263 375
263 0 436 642
436 0 590 839
0 375 263 1000
691 124 735 222
691 0 735 124
735 284 785 416
885 0 937 182
735 416 785 681
735 0 785 284
735 681 785 1000
832 660 885 1000
590 0 691 216
263 870 436 1000
436 839 590 1000
691 222 735 1000
832 0 885 660
263 642 436 870
885 182 937 1000
785 0 832 1000
937 0 1000 1000
590 216 691 1000
0 0 263 411
263 0 436 642
436 0 590 839
0 411 263 1000
691 124 735 222
691 0 735 124
590 889 691 1000
263 547 436 642
785 0 832 376
735 0 785 416
436 839 590 1000
735 416 785 1000
785 376 832 1000
590 560 691 889
691 222 735 1000
0 826 263 1000
885 0 937 1000
832 0 885 1000
590 0 691 560
436 441 590 839
263 642 436 1000
937 0 1000 1000
436 0 590 441
263 0 436 547
0 0 263 411
0 411 263 826
691 66 735 124
691 0 735 66
691 124 735 222
590 889 691 1000
785 0 832 376
735 0 785 416
436 839 590 1000
735 416 785 1000
785 376 832 1000
590 560 691 889
691 222 735 1000
0 826 263 1000
885 0 937 1000
832 0 885 1000
590 0 691 560
436 441 590 839
937 0 1000 1000
436 0 590 441
263 547 436 1000
263 0 436 547
0 0 263 411
0 411 263 826
691 66 735 124
691 0 735 66
691 124 735 222
735 416 785 582
0 966 263 1000
590 889 691 1000
885 0 937 315
785 0 832 376
735 0 785 416
735 582 785 1000
785 376 832 1000
691 222 735 1000
885 315 937 1000
832 0 885 1000
937 0 1000 1000
436 0 590 441
263 547 436 1000
436 441 590 1000
590 0 691 889
263 0 436 547
0 0 263 411
0 411 263 966
691 66 735 124
691 0 735 66
691 124 735 222
735 416 785 582
0 966 263 1000
590 889 691 1000
937 758 1000 1000
885 0 937 315
885 667 937 1000
785 0 832 376
885 315 937 667
735 0 785 416
735 582 785 1000
785 376 832 1000
691 222 735 1000
937 0 1000 758
832 0 885 1000
0 0 263 264
590 0 691 889
436 0 590 1000
263 0 436 1000
0 264 263 966
