#(0, @[50, 1, 523, 12, 185])
#(1, @[112, 11, 436, 502, 560])
#(2, @[281, 357, 182, 375, 206])
#(3, @[164, 589, 181, 494, 474])
#(4, @[98, 478, 466, 290, 434])
#(5, @[196, 561, 269, 401, 345])
#(6, @[535, 572, 485, 4, 55])
#(7, @[368, 8, 387, 147, 292])
#(8, @[212, 477, 281, 357, 182])
#(9, @[205, 344, 341, 47, 404])
#(10, @[509, 419, 437, 507, 202])
#(11, @[259, 149, 391, 470, 578])
#(12, @[255, 488, 70, 61, 257])
#(13, @[8, 387, 147, 292, 50])
#(14, @[578, 570, 233, 297, 321])
#(15, @[533, 143, 562, 179, 234])
#(16, @[199, 319, 258, 314, 343])
#(17, @[140, 98, 478, 390, 519])
#(18, @[238, 208, 345, 26, 125])
#(19, @[233, 297, 321, 32, 578])
#(20, @[314, 506, 260, 258, 558])
#(21, @[549, 399, 315, 318, 381])
#(22, @[543, 312, 593, 225, 501])
#(23, @[504, 310, 418, 468, 13])
#(24, @[504, 310, 384, 25, 541])
#(25, @[8, 65, 62, 415, 368])
#(26, @[246, 510, 166, 218, 209])
#(27, @[328, 415, 368, 65, 62])
#(28, @[390, 328, 151, 294, 129])
#(29, @[28, 568, 472, 13, 290])
#(30, @[155, 238, 208, 401, 345])
#(31, @[445, 378, 474, 494, 181])
#(32, @[278, 227, 295, 460, 438])
#(33, @[27, 549, 132, 101, 277])
#(34, @[225, 501, 105, 328, 221])
#(35, @[197, 447, 535, 572, 485])
#(36, @[379, 338, 166, 499, 266])
#(37, @[437, 419, 144, 486, 447])
#(38, @[280, 220, 584, 53, 107])
#(39, @[338, 166, 141, 218, 21])
#(40, @[396, 182, 375, 206, 209])
#(41, @[419, 176, 395, 463, 17])
#(42, @[523, 12, 185, 276, 80])
#(43, @[83, 124, 416, 424, 222])
#(44, @[296, 492, 517, 305, 405])
#(45, @[259, 128, 524, 152, 433])
#(46, @[562, 329, 143, 533, 576])
#(47, @[414, 41, 200, 592, 588])
#(48, @[75, 363, 389, 346, 121])
#(49, @[149, 161, 473, 578, 570])
#(50, @[371, 571, 598, 172, 299])
#(51, @[253, 307, 7, 114, 197])
#(52, @[199, 319, 258, 314, 506])
#(53, @[547, 33, 327, 595, 498])
#(54, @[26, 125, 269, 45, 356])
#(55, @[129, 432, 548, 199, 319])
#(56, @[425, 131, 14, 50, 1])
#(57, @[488, 135, 193, 383, 70])
#(58, @[327, 595, 139, 411, 401])
#(59, @[15, 543, 358, 353, 150])
#(60, @[528, 111, 0, 82, 378])
#(61, @[356, 24, 36, 564, 288])
#(62, @[66, 259, 128, 524, 152])
#(63, @[245, 29, 203, 56, 112])
#(64, @[528, 111, 19, 87, 234])
#(65, @[447, 262, 364, 499, 266])
#(66, @[37, 241, 102, 567, 332])
#(67, @[364, 353, 447, 437, 176])
#(68, @[21, 218, 175, 496, 459])
#(69, @[519, 98, 246, 510, 166])
#(70, @[242, 428, 196, 282, 483])
#(71, @[443, 223, 97, 18, 535])
#(72, @[572, 253, 307, 7, 476])
#(73, @[372, 224, 549, 132, 101])
#(74, @[328, 415, 368, 590, 390])
#(75, @[149, 161, 473, 578, 570])
#(76, @[284, 380, 557, 310, 418])
#(77, @[595, 139, 411, 413, 250])
#(78, @[403, 140, 6, 246, 510])
#(79, @[259, 149, 161, 473, 578])
#(80, @[259, 128, 524, 152, 578])
#(81, @[327, 595, 139, 411, 401])
#(82, @[466, 246, 510, 166, 218])
#(83, @[375, 182, 396, 169, 240])
#(84, @[422, 582, 54, 106, 167])
#(85, @[375, 182, 419, 437, 79])
#(86, @[195, 351, 507, 202, 178])
#(87, @[206, 482, 242, 428, 182])
#(88, @[395, 463, 396, 182, 375])
#(89, @[124, 388, 296, 452, 431])
#(90, @[308, 30, 251, 349, 87])
#(91, @[26, 238, 208, 228, 345])
#(92, @[97, 18, 535, 572, 485])
#(93, @[384, 25, 541, 504, 28])
#(94, @[161, 391, 470, 297, 321])
#(95, @[264, 285, 267, 445, 378])
#(96, @[196, 561, 269, 401, 228])
#(97, @[233, 297, 321, 32, 473])
#(98, @[151, 394, 60, 326, 63])
#(99, @[27, 549, 132, 101, 277])
#(100, @[528, 111, 19, 87, 234])
#(101, @[378, 474, 494, 181, 234])
#(102, @[519, 478, 98, 501, 510])
#(103, @[112, 11, 436, 502, 560])
#(104, @[103, 398, 134, 133, 315])
#(105, @[13, 290, 245, 304, 301])
#(106, @[310, 418, 468, 300, 301])
#(107, @[106, 167, 54, 414, 227])
#(108, @[212, 404, 538, 49, 186])
#(109, @[7, 114, 90, 293, 197])
#(110, @[343, 283, 236, 129, 151])
#(111, @[246, 490, 313, 209, 206])
#(112, @[268, 183, 526, 226, 252])
#(113, @[290, 245, 304, 301, 300])
#(114, @[425, 131, 14, 50, 1])
#(115, @[129, 151, 328, 390, 519])
#(116, @[356, 24, 36, 564, 211])
#(117, @[413, 250, 155, 238, 208])
#(118, @[485, 4, 55, 402, 352])
#(119, @[444, 512, 563, 103, 398])
#(120, @[425, 131, 14, 50, 1])
#(121, @[255, 488, 533, 143, 562])
#(122, @[439, 495, 397, 317, 274])
#(123, @[432, 558, 546, 492, 517])
#(124, @[522, 51, 234, 179, 37])
#(125, @[308, 30, 251, 349, 87])
#(126, @[16, 451, 232, 438, 127])
#(127, @[404, 57, 68, 324, 252])
#(128, @[353, 289, 364, 499, 266])
#(129, @[283, 343, 138, 129, 151])
#(130, @[468, 300, 370, 421, 151])
#(131, @[205, 204, 341, 47, 404])
#(132, @[576, 247, 444, 255, 488])
#(133, @[538, 316, 204, 446, 344])
#(134, @[7, 397, 317, 274, 298])
#(135, @[16, 451, 232, 276, 80])
#(136, @[16, 451, 232, 185, 80])
#(137, @[508, 227, 460, 210, 80])
#(138, @[468, 300, 370, 421, 151])
#(139, @[425, 131, 14, 50, 1])
#(140, @[432, 548, 199, 546, 258])
#(141, @[69, 79, 48, 265, 177])
#(142, @[344, 429, 211, 564, 518])
#(143, @[374, 243, 458, 315, 555])
#(144, @[54, 414, 41, 200, 592])
#(145, @[390, 290, 245, 304, 301])
#(146, @[204, 341, 47, 404, 240])
#(147, @[424, 222, 376, 180, 77])
#(148, @[179, 37, 241, 102, 567])
#(149, @[575, 459, 21, 218, 175])
#(150, @[404, 212, 477, 281, 47])
#(151, @[443, 223, 97, 18, 535])
#(152, @[151, 294, 415, 368, 8])
#(153, @[293, 197, 447, 262, 593])
#(154, @[488, 533, 143, 562, 179])
#(155, @[83, 124, 416, 424, 222])
#(156, @[292, 50, 508, 227, 210])
#(157, @[568, 472, 13, 290, 245])
#(158, @[404, 212, 477, 281, 357])
#(159, @[86, 577, 574, 150, 353])
#(160, @[368, 597, 599, 516, 225])
#(161, @[166, 218, 21, 459, 242])
#(162, @[151, 294, 129, 432, 548])
#(163, @[540, 422, 442, 191, 409])
#(164, @[341, 47, 404, 57, 69])
#(165, @[112, 56, 403, 140, 6])
#(166, @[51, 234, 255, 488, 70])
#(167, @[455, 562, 329, 143, 533])
#(168, @[180, 199, 319, 258, 343])
#(169, @[236, 129, 151, 394, 343])
#(170, @[295, 460, 438, 422, 582])
#(171, @[29, 203, 56, 112, 128])
#(172, @[580, 525, 271, 277, 259])
#(173, @[490, 327, 595, 498, 482])
#(174, @[404, 57, 68, 268, 183])
#(175, @[395, 261, 144, 486, 544])
#(176, @[112, 128, 524, 152, 433])
#(177, @[229, 439, 495, 397, 317])
#(178, @[410, 448, 0, 349, 378])
#(179, @[301, 300, 190, 557, 310])
#(180, @[414, 292, 50, 508, 227])
#(181, @[19, 87, 234, 20, 560])
#(182, @[555, 263, 315, 134, 133])
#(183, @[594, 443, 223, 97, 18])
#(184, @[466, 246, 220, 584, 499])
#(185, @[178, 573, 594, 354, 191])
#(186, @[397, 317, 274, 298, 7])
#(187, @[179, 234, 20, 560, 66])
#(188, @[585, 396, 182, 17, 395])
#(189, @[164, 575, 459, 206, 209])
#(190, @[336, 540, 422, 442, 191])
#(191, @[496, 349, 342, 0, 82])
#(192, @[252, 268, 183, 526, 226])
#(193, @[354, 191, 594, 443, 223])
#(194, @[354, 191, 594, 443, 223])
#(195, @[262, 46, 419, 176, 395])
#(196, @[182, 396, 169, 240, 462])
#(197, @[527, 230, 302, 215, 52])
#(198, @[212, 581, 281, 357, 182])
#(199, @[259, 149, 161, 56, 140])
#(200, @[385, 199, 319, 258, 314])
#(201, @[28, 568, 472, 13, 290])
#(202, @[212, 477, 281, 357, 182])
#(203, @[101, 320, 248, 277, 259])
#(204, @[229, 439, 495, 397, 317])
#(205, @[151, 548, 199, 319, 548])
#(206, @[470, 297, 321, 32, 297])
#(207, @[57, 212, 477, 281, 357])
#(208, @[111, 19, 87, 82, 378])
#(209, @[7, 114, 90, 293, 197])
#(210, @[126, 8, 65, 62, 189])
#(211, @[281, 420, 585, 69, 79])
#(212, @[430, 132, 101, 277, 259])
#(213, @[211, 564, 518, 72, 184])
#(214, @[210, 336, 540, 422, 442])
#(215, @[554, 415, 8, 387, 147])
#(216, @[447, 437, 419, 544, 382])
#(217, @[549, 132, 101, 277, 259])
#(218, @[128, 112, 56, 140, 259])
#(219, @[367, 67, 104, 359, 366])
#(220, @[198, 134, 133, 103, 398])
#(221, @[410, 448, 0, 82, 378])
#(222, @[510, 412, 280, 220, 166])
#(223, @[356, 24, 36, 564, 211])
#(224, @[331, 306, 583, 502, 436])
#(225, @[478, 140, 56, 112, 11])
#(226, @[596, 337, 25, 541, 504])
#(227, @[147, 292, 50, 508, 227])
#(228, @[599, 516, 225, 501, 105])
#(229, @[353, 358, 543, 53, 593])
#(230, @[226, 204, 341, 47, 404])
#(231, @[392, 475, 554, 415, 368])
#(232, @[393, 311, 487, 216, 115])
#(233, @[247, 444, 512, 563, 70])
#(234, @[401, 345, 208, 465, 413])
#(235, @[459, 575, 164, 589, 448])
#(236, @[230, 302, 215, 52, 195])
#(237, @[185, 276, 80, 249, 16])
#(238, @[185, 523, 12, 249, 16])
#(239, @[572, 253, 307, 7, 476])
#(240, @[13, 290, 245, 536, 472])
#(241, @[164, 575, 159, 21, 218])
#(242, @[176, 437, 79, 48, 265])
#(243, @[277, 128, 112, 56, 140])
#(244, @[212, 477, 281, 357, 182])
#(245, @[212, 477, 404, 57, 68])
#(246, @[485, 4, 50, 1, 523])
#(247, @[86, 577, 574, 150, 353])
#(248, @[246, 6, 246, 510, 412])
#(249, @[520, 31, 384, 25, 541])
#(250, @[508, 227, 460, 540, 438])
#(251, @[55, 476, 402, 352, 147])
#(252, @[386, 231, 365, 126, 50])
#(253, @[260, 258, 558, 546, 492])
#(254, @[101, 320, 277, 259, 128])
#(255, @[28, 568, 472, 13, 290])
#(256, @[543, 312, 593, 225, 501])
#(257, @[520, 31, 384, 25, 541])
#(258, @[593, 229, 439, 495, 397])
#(259, @[349, 342, 448, 0, 82])
#(260, @[218, 175, 496, 108, 410])
#(261, @[218, 175, 496, 108, 410])
#(262, @[584, 53, 542, 157, 490])
#(263, @[459, 45, 356, 24, 36])
#(264, @[247, 444, 512, 563, 488])
#(265, @[259, 128, 112, 56, 277])
#(266, @[259, 128, 112, 56, 277])
#(267, @[541, 504, 28, 568, 524])
#(268, @[368, 597, 599, 516, 225])
#(269, @[404, 57, 68, 324, 240])
#(270, @[524, 152, 433, 25, 77])
#(271, @[481, 138, 43, 283, 343])
#(272, @[433, 25, 77, 180, 385])
#(273, @[562, 179, 234, 20, 560])
#(274, @[533, 576, 247, 444, 512])
#(275, @[0, 82, 378, 3, 76])
#(276, @[210, 336, 540, 422, 442])
#(277, @[222, 376, 180, 77, 25])
#(278, @[220, 584, 53, 107, 246])
#(279, @[379, 338, 166, 141, 157])
#(280, @[356, 24, 196, 561, 269])
#(281, @[387, 147, 292, 50, 414])
#(282, @[179, 234, 20, 560, 66])
#(283, @[13, 536, 472, 29, 203])
#(284, @[18, 535, 572, 485, 4])
#(285, @[353, 289, 364, 499, 266])
#(286, @[224, 549, 132, 101, 277])
#(287, @[144, 486, 230, 527, 230])
#(288, @[531, 553, 340, 455, 562])
#(289, @[16, 451, 232, 438, 460])
#(290, @[97, 18, 535, 572, 485])
#(291, @[312, 593, 225, 501, 105])
#(292, @[277, 259, 149, 233, 473])
#(293, @[234, 20, 560, 66, 259])
#(294, @[234, 20, 502, 436, 244])
#(295, @[166, 218, 21, 459, 242])
#(296, @[311, 456, 487, 216, 115])
#(297, @[134, 399, 51, 273, 198])
#(298, @[209, 206, 482, 242, 428])
#(299, @[82, 349, 342, 347, 159])
#(300, @[98, 478, 590, 390, 328])
#(301, @[199, 319, 258, 314, 548])
#(302, @[359, 366, 212, 281, 420])
#(303, @[195, 509, 419, 437, 79])
#(304, @[223, 507, 202, 178, 573])
#(305, @[72, 184, 205, 204, 341])
#(306, @[302, 163, 487, 311, 456])
#(307, @[315, 318, 381, 549, 132])
#(308, @[164, 589, 448, 136, 539])
#(309, @[164, 589, 448, 136, 539])
#(310, @[432, 548, 199, 319, 258])
#(311, @[373, 581, 477, 454, 212])
#(312, @[231, 365, 126, 8, 516])
#(313, @[346, 121, 389, 100, 2])
#(314, @[151, 394, 60, 326, 328])
#(315, @[329, 179, 234, 20, 560])
#(316, @[281, 67, 104, 359, 366])
#(317, @[342, 347, 119, 3, 288])
#(318, @[442, 295, 460, 438, 422])
#(319, @[328, 415, 301, 300, 190])
#(320, @[226, 204, 341, 47, 404])
#(321, @[459, 242, 196, 561, 269])
#(322, @[541, 504, 28, 568, 472])
#(323, @[82, 378, 3, 76, 332])
#(324, @[160, 157, 490, 21, 575])
#(325, @[19, 87, 234, 20, 102])
#(326, @[478, 590, 390, 328, 415])
#(327, @[496, 308, 30, 251, 349])
#(328, @[265, 353, 150, 574, 116])
#(329, @[16, 451, 573, 594, 354])
#(330, @[230, 302, 215, 52, 195])
#(331, @[149, 128, 112, 56, 140])
#(332, @[597, 599, 516, 225, 501])
#(333, @[128, 433, 152, 524, 161])
#(334, @[11, 436, 502, 524, 161])
#(335, @[161, 391, 470, 596, 337])
#(336, @[148, 94, 580, 430, 372])
#(337, @[376, 77, 25, 433, 152])
#(338, @[128, 11, 450, 112, 56])
#(339, @[222, 376, 180, 152, 524])
#(340, @[305, 405, 122, 481, 138])
#(341, @[291, 369, 154, 566, 595])
#(342, @[166, 218, 6, 246, 510])
#(343, @[327, 139, 411, 26, 401])
#(344, @[331, 493, 583, 502, 436])
#(345, @[203, 13, 536, 472, 29])
#(346, @[229, 439, 495, 397, 501])
#(347, @[407, 551, 556, 386, 231])
#(348, @[404, 57, 68, 324, 252])
#(349, @[351, 507, 202, 178, 48])
#(350, @[415, 350, 559, 60, 392])
#(351, @[55, 476, 402, 352, 147])
#(352, @[281, 420, 585, 69, 79])
#(353, @[48, 265, 177, 514, 574])
#(354, @[478, 98, 472, 13, 290])
#(355, @[308, 30, 251, 349, 82])
#(356, @[246, 510, 166, 218, 0])
#(357, @[114, 90, 293, 197, 447])
#(358, @[368, 597, 599, 516, 475])
#(359, @[195, 509, 419, 437, 79])
#(360, @[0, 82, 378, 119, 3])
#(361, @[218, 575, 164, 589, 448])
#(362, @[555, 263, 315, 134, 133])
#(363, @[167, 54, 414, 508, 227])
#(364, @[519, 478, 466, 290, 434])
#(365, @[356, 24, 36, 564, 211])
#(366, @[151, 394, 590, 390, 328])
#(367, @[562, 179, 234, 20, 560])
#(368, @[83, 124, 416, 424, 222])
#(369, @[177, 375, 182, 353, 358])
#(370, @[413, 250, 155, 238, 208])
#(371, @[488, 531, 553, 340, 255])
#(372, @[253, 114, 90, 293, 197])
#(373, @[410, 349, 342, 82, 378])
#(374, @[187, 449, 423, 159, 378])
#(375, @[290, 245, 304, 301, 284])
#(376, @[293, 197, 447, 312, 593])
#(377, @[349, 342, 347, 119, 82])
#(378, @[208, 228, 345, 26, 125])
#(379, @[556, 386, 231, 365, 126])
#(380, @[264, 560, 66, 259, 128])
#(381, @[214, 296, 83, 124, 180])
#(382, @[195, 351, 507, 202, 178])
#(383, @[336, 540, 422, 442, 191])
#(384, @[585, 396, 182, 375, 206])
#(385, @[157, 173, 490, 313, 209])
#(386, @[21, 575, 164, 589, 494])
#(387, @[177, 514, 574, 150, 353])
#(388, @[428, 196, 282, 483, 327])
#(389, @[255, 488, 533, 332, 91])
#(390, @[459, 242, 561, 269, 401])
#(391, @[306, 66, 560, 59, 436])
#(392, @[242, 196, 561, 269, 401])
#(393, @[187, 449, 423, 159, 282])
#(394, @[442, 295, 460, 438, 422])
#(395, @[256, 303, 118, 162, 493])
#(396, @[256, 303, 118, 162, 331])
#(397, @[510, 166, 218, 21, 331])
#(398, @[575, 164, 589, 448, 474])
#(399, @[584, 499, 364, 353, 46])
#(400, @[56, 403, 140, 6, 246])
#(401, @[98, 499, 266, 457, 218])
#(402, @[62, 189, 229, 439, 495])
#(403, @[448, 0, 82, 378, 3])
#(404, @[475, 554, 415, 368, 415])
#(405, @[4, 55, 485, 402, 352])
#(406, @[196, 282, 483, 327, 206])
#(407, @[166, 218, 21, 266, 242])
#(408, @[166, 218, 338, 266, 242])
#(409, @[447, 485, 4, 55, 176])
#(410, @[327, 33, 171, 547, 206])
#(411, @[499, 364, 353, 447, 437])
#(412, @[310, 418, 304, 301, 300])
#(413, @[433, 152, 524, 161, 233])
#(414, @[327, 139, 498, 26, 401])
#(415, @[198, 134, 133, 103, 398])
#(416, @[55, 476, 402, 352, 147])
#(417, @[393, 311, 487, 216, 486])
#(418, @[532, 212, 404, 538, 366])
#(419, @[381, 549, 132, 101, 277])
#(420, @[425, 131, 14, 8, 387])
#(421, @[132, 101, 277, 549, 235])
#(422, @[105, 328, 221, 390, 328])
#(423, @[105, 328, 221, 390, 328])
#(424, @[302, 215, 419, 144, 486])
#(425, @[273, 198, 134, 133, 51])
#(426, @[140, 98, 478, 590, 501])
#(427, @[25, 77, 180, 385, 43])
#(428, @[416, 424, 222, 385, 43])
#(429, @[13, 290, 245, 304, 301])
#(430, @[259, 580, 525, 271, 277])
#(431, @[448, 0, 82, 187, 449])
#(432, @[189, 229, 439, 495, 15])
#(433, @[144, 486, 544, 382, 419])
#(434, @[59, 361, 277, 259, 128])
#(435, @[161, 391, 470, 524, 152])
#(436, @[17, 395, 261, 419, 144])
#(437, @[290, 245, 304, 301, 418])
#(438, @[404, 538, 316, 204, 446])
#(439, @[424, 124, 388, 296, 452])
#(440, @[212, 404, 538, 49, 186])
#(441, @[132, 101, 277, 259, 128])
#(442, @[502, 436, 244, 306, 66])
#(443, @[191, 594, 443, 223, 97])
#(444, @[80, 438, 16, 451, 232])
#(445, @[205, 344, 341, 47, 404])
#(446, @[375, 177, 514, 574, 150])
#(447, @[82, 285, 267, 445, 378])
#(448, @[79, 375, 206, 209, 21])
#(449, @[179, 234, 20, 560, 66])
#(450, @[343, 138, 129, 151, 328])
#(451, @[340, 455, 234, 20, 560])
#(452, @[340, 455, 234, 20, 560])
#(453, @[211, 564, 518, 120, 288])
#(454, @[154, 566, 595, 291, 404])
#(455, @[294, 328, 390, 519, 478])
#(456, @[269, 45, 242, 196, 561])
#(457, @[166, 141, 256, 303, 118])
#(458, @[447, 437, 419, 144, 486])
#(459, @[484, 82, 378, 3, 76])
#(460, @[316, 204, 446, 344, 429])
#(461, @[368, 597, 599, 516, 225])
#(462, @[404, 57, 68, 268, 183])
#(463, @[422, 582, 54, 106, 167])
#(464, @[296, 83, 124, 424, 222])
#(465, @[419, 176, 395, 463, 437])
#(466, @[574, 150, 353, 358, 543])
#(467, @[546, 492, 517, 305, 258])
#(468, @[199, 319, 258, 314, 258])
#(469, @[379, 338, 166, 141, 256])
#(470, @[379, 338, 166, 141, 256])
#(471, @[585, 396, 182, 17, 395])
#(472, @[218, 175, 496, 108, 379])
#(473, @[478, 98, 246, 510, 166])
#(474, @[414, 41, 200, 592, 50])
#(475, @[12, 185, 276, 443, 223])
#(476, @[475, 554, 415, 368, 65])
#(477, @[205, 204, 341, 47, 404])
#(478, @[262, 46, 419, 176, 395])
#(479, @[151, 328, 390, 519, 478])
#(480, @[349, 342, 347, 119, 3])
#(481, @[528, 111, 102, 567, 234])
#(482, @[281, 357, 182, 212, 477])
#(483, @[509, 419, 202, 178, 573])
#(484, @[509, 419, 202, 178, 573])
#(485, @[21, 0, 82, 378, 3])
#(486, @[101, 277, 259, 128, 112])
#(487, @[56, 140, 13, 128, 112])
#(488, @[94, 580, 271, 277, 259])
#(489, @[128, 112, 140, 6, 98])
#(490, @[540, 422, 442, 191, 409])
