# A.len: 493
#true
441 533 323 525 526 243 114 592 199 334 338 368 10 309 550 382 310 72 115 270 122 267 60 249 295 25 530 256 311 192 198 492 380 443 180 410 171 136 438 242 536 282 391 591 35 535 449 419 210 458 27 473 459 26 398 571 67 481 84 154 352 229 259 594 123 158 38 483 79 126 144 363 430 427 408 16 258 157 185 424 375 15 359 297 235 498 30 411 17 527 574 555 598 273 139 348 515 203 584 448 279 1 567 325 153 551 451 524 362 579 358 387 268 134 383 264 49 495 179 416 405 147 240 266 440 125 239 248 86 211 431 330 97 89 167 346 516 44 202 519 196 57 278 237 491 435 218 557 59 316 504 465 455 565 520 413 566 191 289 294 124 397 160 317 402 390 573 365 505 482 556 221 36 88 111 490 543 374 106 357 81 165 485 129 215 302 355 233 378 162 513 262 87 244 394 501 474 110 13 333 315 344 454 99 77 472 217 377 585 570 486 173 151 563 131 74 184 182 480 150 234 2 339 414 205 366 412 345 216 296 509 29 257 364 54 170 223 331 341 561 195 64 47 186 231 329 288 200 439 539 389 280 442 178 396 92 194 152 187 417 546 568 6 281 116 593 540 24 321 475 193 148 73 541 135 28 166 406 467 18 553 508 586 14 324 552 206 319 433 132 464 201 445 328 582 19 31 4 208 188 470 121 63 384 75 272 247 518 130 407 32 369 224 219 461 596 0 460 521 177 342 350 9 506 580 415 103 118 137 287 450 484 599 353 69 11 41 254 529 373 507 388 127 456 156 21 349 393 523 511 436 190 425 469 558 304 542 161 453 517 174 583 236 146 372 100 45 85 421 82 238 213 93 462 94 560 548 423 361 395 265 503 468 564 113 128 80 90 403 522 428 107 351 340 447 463 58 102 290 168 71 261 401 286 562 246 276 204 312 214 260 163 120 432 494 241 5 209 164 226 141 62 549 534 497 23 314 313 189 422 488 51 477 379 140 7 175 322 33 228 143 298 336 232 52 271 466 590 318 538 400 409 514 308 332 360 532 284 370 502 420 48 335 371 109 222 263 70 337 133 303 479 293 83 65 457 347 277 487 274 327 149 3 356 269 512 56 587 595 446 300 285 176 506 118 353 596 328 445 254 127 164 87 491 16 358 202 516 97 89 492 380 419 459 419 380 492 89 97 147 495 179 498 567 81 490 106 131 480 215 357 139 498 179 495 147 97 89 492 352 143 466 590 466 143 140 379 141 538 226 409 164 127 204 312 214 260 386 246 421 236 85 18 178 396 329 231 216 364 54 217 77 472 344 306 504 316 465 520 59 566 505 490 357 557 218 61 451 157 185 273 139 567 448 567 139 357 215 485 281 442 568 6 321 586 241 204 254 388 496 457 83 70 303 479 293 479 303 70 19 582 596 11 522 102 246 421 236 85 18 541 406 28 166 28 406 541 18 475 417 568 442 281 485 215 357 139 498 17 375 500 383 145 368 145 383 500 375 424 498 139 357 215 485 281 442 568 6 321 475 178 396 329 231 195 288 389 442 394 244 435 16 358 57 123 363 225 379 62 549 298 143 352 492 89 97 516 202 358 87 164 127 254 445 328 596 353 118 506 103 506 31 19 70 347 56 274 446 379 140 352 492 530 323 525 382 309 368 10 359 10 368 309 382 525 323 530 492 352 140 144 79 126 483 123 427 358 87 540 24 394 442 501 331 29 257 364 54 170 217 99 454 474 480 215 357 139 498 179 495 147 97 196 519 202 358 87 164 127 204 403 421 236 517 190 542 190 517 236 421 403 204 127 164 176 164 127 204 241 5 14 475 178 396 329 47 152 104 18 85 236 421 403 204 254 388 496 457 83 70 308 109 332 360 332 109 308 70 83 457 496 388 254 204 241 586 552 394 442 501 331 341 474 454 585 570 585 454 474 480 215 357 139 498 17 375 297 235 159 500 134 248 125 240 323 530 492 352 140 379 327 149 559 303 337 109 263 407 224 407 130 31 19 582 596 328 445 312 204 241 586 552 394 442 501 331 480 131 151 505 566 59 520 59 566 505 490 357 557 218 61 451 429 202 408 123 363 430 225 379 140 352 380 419 391 591 35 376 25 267 295 382 525 323 530 492 352 140 379 327 149 559 303 70 19 582 118 69 118 582 507 76 457 514 277 587 595 446 379 140 352 492 530 323 525 382 309 145 383 500 375 424 498 139 357 215 485 281 501 331 29 195 231 64 47 92 193 541 18 85 236 421 403 204 127 164 176 57 123 483 158 38 158 483 363 225 141 538 226 409 164 87 540 24 394 442 501 331 480 131 74 131 480 331 280 389 442 394 552 586 241 403 246 102 522 428 463 107 340 351 340 107 463 428 522 102 246 403 241 586 552 394 442 501 331 480 131 151 505 221 88 221 482 434 448 555 17 375 500 383 134 248 125 240 323 530 492 352 67 352 140 379 141 538 226 409 164 87 540 24 552 319 206 319 552 24 540 87 358 202 516 97 89 492 380 419 391 591 35 535 115 526 243 334 338 334 199 592 368 309 382 525 323 530 256 311 192 311 256 530 492
s 11 0 0
s 11 1 0
s 11 2 0
s 11 3 0
s 11 4 0
s 11 5 0
s 11 6 0
s 11 7 0
s 11 8 0
s 11 9 0
s 11 10 0
s 11 11 0
s 11 12 0
s 11 13 0
s 11 14 0
s 11 15 0
s 11 16 0
s 11 17 0
s 11 18 0
s 11 19 0
s 11 20 0
s 11 21 0
s 11 22 0
s 11 23 0
s 11 24 0
s 11 25 0
s 11 26 0
s 11 27 0
s 11 28 0
s 11 29 0
s 11 30 0
s 11 31 0
s 11 32 0
s 11 33 0
s 11 34 0
s 11 35 0
s 11 36 0
s 11 37 0
s 11 38 0
s 11 39 0
s 11 40 0
s 11 41 0
s 11 42 0
s 11 43 0
s 11 44 0
s 11 45 0
s 11 46 0
s 11 47 0
s 11 48 0
s 11 49 0
s 11 50 0
s 11 51 0
s 11 52 0
s 11 53 0
s 11 54 0
s 11 55 0
s 11 56 0
s 11 57 0
s 11 58 0
s 11 59 0
s 11 60 0
s 11 61 0
s 11 62 0
s 11 63 0
s 11 64 0
s 11 65 0
s 11 66 0
s 11 67 0
s 11 68 0
s 11 69 0
s 11 70 0
s 11 71 0
s 11 72 0
s 11 73 0
s 11 74 0
s 11 75 0
s 11 76 0
s 11 77 0
s 11 78 0
s 11 79 0
s 11 80 0
s 11 81 0
s 11 82 0
s 11 83 0
s 11 84 0
s 11 85 0
s 11 86 0
s 11 87 0
s 11 88 0
s 11 89 0
s 11 90 0
s 11 91 0
s 11 92 0
s 11 93 0
s 11 94 0
s 11 95 0
s 11 96 0
s 11 97 0
s 11 98 0
s 11 99 0
s 11 100 0
s 11 101 0
s 11 102 0
s 11 103 0
s 11 104 0
s 11 105 0
s 11 106 0
s 11 107 0
s 11 108 0
s 11 109 0
s 11 110 0
s 11 111 0
s 11 112 0
s 11 113 0
s 11 114 0
s 11 115 0
s 11 116 0
s 11 117 0
s 11 118 0
s 11 119 0
s 11 120 0
s 11 121 0
s 11 122 0
s 11 123 0
s 11 124 0
s 11 125 0
s 11 126 0
s 11 127 0
s 11 128 0
s 11 129 0
s 11 130 0
s 11 131 0
s 11 132 0
s 11 133 0
s 11 134 0
s 11 135 0
s 11 136 0
s 11 137 0
s 11 138 0
s 11 139 0
s 11 140 0
s 11 141 0
s 11 142 0
s 11 143 0
s 11 144 0
s 11 145 0
s 11 146 0
s 11 147 0
s 11 148 0
s 11 149 0
s 11 150 0
s 11 151 0
s 11 152 0
s 11 153 0
s 11 154 0
s 11 155 0
s 11 156 0
s 11 157 0
s 11 158 0
s 11 159 0
s 11 160 0
s 11 161 0
s 11 162 0
s 11 163 0
s 11 164 0
s 11 165 0
s 11 166 0
s 11 167 0
s 11 168 0
s 11 169 0
s 11 170 0
s 11 171 0
s 11 172 0
s 11 173 0
s 11 174 0
s 11 175 0
s 11 176 0
s 11 177 0
s 11 178 0
s 11 179 0
s 11 180 0
s 11 181 0
s 11 182 0
s 11 183 0
s 11 184 0
s 11 185 0
s 11 186 0
s 11 187 0
s 11 188 0
s 11 189 0
s 11 190 0
s 11 191 0
s 11 192 0
s 11 193 0
s 11 194 0
s 11 195 0
s 11 196 0
s 11 197 0
s 11 198 0
s 11 199 0
s 11 200 0
s 11 201 0
s 11 202 0
s 11 203 0
s 11 204 0
s 11 205 0
s 11 206 0
s 11 207 0
s 11 208 0
s 11 209 0
s 11 210 0
s 11 211 0
s 11 212 0
s 11 213 0
s 11 214 0
s 11 215 0
s 11 216 0
s 11 217 0
s 11 218 0
s 11 219 0
s 11 220 0
s 11 221 0
s 11 222 0
s 11 223 0
s 11 224 0
s 11 225 0
s 11 226 0
s 11 227 0
s 11 228 0
s 11 229 0
s 11 230 0
s 11 231 0
s 11 232 0
s 11 233 0
s 11 234 0
s 11 235 0
s 11 236 0
s 11 237 0
s 11 238 0
s 11 239 0
s 11 240 0
s 11 241 0
s 11 242 0
s 11 243 0
s 11 244 0
s 11 245 0
s 11 246 0
s 11 247 0
s 11 248 0
s 11 249 0
s 11 250 0
s 11 251 0
s 11 252 0
s 11 253 0
s 11 254 0
s 11 255 0
s 11 256 0
s 11 257 0
s 11 258 0
s 11 259 0
s 11 260 0
s 11 261 0
s 11 262 0
s 11 263 0
s 11 264 0
s 11 265 0
s 11 266 0
s 11 267 0
s 11 268 0
s 11 269 0
s 11 270 0
s 11 271 0
s 11 272 0
s 11 273 0
s 11 274 0
s 11 275 0
s 11 276 0
s 11 277 0
s 11 278 0
s 11 279 0
s 11 280 0
s 11 281 0
s 11 282 0
s 11 283 0
s 11 284 0
s 11 285 0
s 11 286 0
s 11 287 0
s 11 288 0
s 11 289 0
s 11 290 0
s 11 291 0
s 11 292 0
s 11 293 0
s 11 294 0
s 11 295 0
s 11 296 0
s 11 297 0
s 11 298 0
s 11 299 0
s 11 300 0
s 11 301 0
s 11 302 0
s 11 303 0
s 11 304 0
s 11 305 0
s 11 306 0
s 11 307 0
s 11 308 0
s 11 309 0
s 11 310 0
s 11 311 0
s 11 312 0
s 11 313 0
s 11 314 0
s 11 315 0
s 11 316 0
s 11 317 0
s 11 318 0
s 11 319 0
s 11 320 0
s 11 321 0
s 11 322 0
s 11 323 0
s 11 324 0
s 11 325 0
s 11 326 0
s 11 327 0
s 11 328 0
s 11 329 0
s 11 330 0
s 11 331 0
s 11 332 0
s 11 333 0
s 11 334 0
s 11 335 0
s 11 336 0
s 11 337 0
s 11 338 0
s 11 339 0
s 11 340 0
s 11 341 0
s 11 342 0
s 11 343 0
s 11 344 0
s 11 345 0
s 11 346 0
s 11 347 0
s 11 348 0
s 11 349 0
s 11 350 0
s 11 351 0
s 11 352 0
s 11 353 0
s 11 354 0
s 11 355 0
s 11 356 0
s 11 357 0
s 11 358 0
s 11 359 0
s 11 360 0
s 11 361 0
s 11 362 0
s 11 363 0
s 11 364 0
s 11 365 0
s 11 366 0
s 11 367 0
s 11 368 0
s 11 369 0
s 11 370 0
s 11 371 0
s 11 372 0
s 11 373 0
s 11 374 0
s 11 375 0
s 11 376 0
s 11 377 0
s 11 378 0
s 11 379 0
s 11 380 0
s 11 381 0
s 11 382 0
s 11 383 0
s 11 384 0
s 11 385 0
s 11 386 0
s 11 387 0
s 11 388 0
s 11 389 0
s 11 390 0
s 11 391 0
s 11 392 0
s 11 393 0
s 11 394 0
s 11 395 0
s 11 396 0
s 11 397 0
s 11 398 0
s 11 399 0
s 11 400 0
s 11 401 0
s 11 402 0
s 11 403 0
s 11 404 0
s 11 405 0
s 11 406 0
s 11 407 0
s 11 408 0
s 11 409 0
s 11 410 0
s 11 411 0
s 11 412 0
s 11 413 0
s 11 414 0
s 11 415 0
s 11 416 0
s 11 417 0
s 11 418 0
s 11 419 0
s 11 420 0
s 11 421 0
s 11 422 0
s 11 423 0
s 11 424 0
s 11 425 0
s 11 426 0
s 11 427 0
s 11 428 0
s 11 429 0
s 11 430 0
s 11 431 0
s 11 432 0
s 11 433 0
s 11 434 0
s 11 435 0
s 11 436 0
s 11 437 0
s 11 438 0
s 11 439 0
s 11 440 0
s 11 441 0
s 11 442 0
s 11 443 0
s 11 444 0
s 11 445 0
s 11 446 0
s 11 447 0
s 11 448 0
s 11 449 0
s 11 450 0
s 11 451 0
s 11 452 0
s 11 453 0
s 11 454 0
s 11 455 0
s 11 456 0
s 11 457 0
s 11 458 0
s 11 459 0
s 11 460 0
s 11 461 0
s 11 462 0
s 11 463 0
s 11 464 0
s 11 465 0
s 11 466 0
s 11 467 0
s 11 468 0
s 11 469 0
s 11 470 0
s 11 471 0
s 11 472 0
s 11 473 0
s 11 474 0
s 11 475 0
s 11 476 0
s 11 477 0
s 11 478 0
s 11 479 0
s 11 480 0
s 11 481 0
s 11 482 0
s 11 483 0
s 11 484 0
s 11 485 0
s 11 486 0
s 11 487 0
s 11 488 0
s 11 489 0
s 11 490 0
s 11 491 0
s 11 492 0
s 11 493 0
s 11 494 0
s 11 495 0
s 11 496 0
s 11 497 0
s 11 498 0
s 11 499 0
s 11 500 0
s 11 501 0
s 11 502 0
s 11 503 0
s 11 504 0
s 11 505 0
s 11 506 0
s 11 507 0
s 11 508 0
s 11 509 0
s 11 510 0
s 11 511 0
s 11 512 0
s 11 513 0
s 11 514 0
s 11 515 0
s 11 516 0
s 11 517 0
s 11 518 0
s 11 519 0
s 11 520 0
s 11 521 0
s 11 522 0
s 11 523 0
s 11 524 0
s 11 525 0
s 11 526 0
s 11 527 0
s 11 528 0
s 11 529 0
s 11 530 0
s 11 531 0
s 11 532 0
s 11 533 0
s 11 534 0
s 11 535 0
s 11 536 0
s 11 537 0
s 11 538 0
s 11 539 0
s 11 540 0
s 11 541 0
s 11 542 0
s 11 543 0
s 11 544 0
s 11 545 0
s 11 546 0
s 11 547 0
s 11 548 0
s 11 549 0
s 11 550 0
s 11 551 0
s 11 552 0
s 11 553 0
s 11 554 0
s 11 555 0
s 11 556 0
s 11 557 0
s 11 558 0
s 11 559 0
s 11 560 0
s 11 561 0
s 11 562 0
s 11 563 0
s 11 564 0
s 11 565 0
s 11 566 0
s 11 567 0
s 11 568 0
s 11 569 0
s 11 570 0
s 11 571 0
s 11 572 0
s 11 573 0
s 11 574 0
s 11 575 0
s 11 576 0
s 11 577 0
s 11 578 0
s 11 579 0
s 11 580 0
s 11 581 0
s 11 582 0
s 11 583 0
s 11 584 0
s 11 585 0
s 11 586 0
s 11 587 0
s 11 588 0
s 11 589 0
s 11 590 0
s 11 591 0
s 11 592 0
s 11 593 0
s 11 594 0
s 11 595 0
s 11 596 0
s 11 597 0
s 11 598 0
s 11 599 0
s 11 600 0
s 11 601 0
s 11 602 0
s 11 603 0
s 11 604 0
s 11 605 0
s 11 606 0
s 11 607 0
s 11 608 0
s 11 609 0
s 11 610 0
s 11 611 0
s 11 612 0
s 11 613 0
s 11 614 0
s 11 615 0
s 11 616 0
s 11 617 0
s 11 618 0
s 11 619 0
s 11 620 0
s 11 621 0
s 11 622 0
s 11 623 0
s 11 624 0
s 11 625 0
s 11 626 0
s 11 627 0
s 11 628 0
s 11 629 0
s 11 630 0
s 11 631 0
s 11 632 0
s 11 633 0
s 11 634 0
s 11 635 0
s 11 636 0
s 11 637 0
s 11 638 0
s 11 639 0
s 11 640 0
s 11 641 0
s 11 642 0
s 11 643 0
s 11 644 0
s 11 645 0
s 11 646 0
s 11 647 0
s 11 648 0
s 11 649 0
s 11 650 0
s 11 651 0
s 11 652 0
s 11 653 0
s 11 654 0
s 11 655 0
s 11 656 0
s 11 657 0
s 11 658 0
s 11 659 0
s 11 660 0
s 11 661 0
s 11 662 0
s 11 663 0
s 11 664 0
s 11 665 0
s 11 666 0
s 11 667 0
s 11 668 0
s 11 669 0
s 11 670 0
s 11 671 0
s 11 672 0
s 11 673 0
s 11 674 0
s 11 675 0
s 11 676 0
s 11 677 0
s 11 678 0
s 11 679 0
s 11 680 0
s 11 681 0
s 11 682 0
s 11 683 0
s 11 684 0
s 11 685 0
s 11 686 0
s 11 687 0
s 11 688 0
s 11 689 0
s 11 690 0
s 11 691 0
s 11 692 0
s 11 693 0
s 11 694 0
s 11 695 0
s 11 696 0
s 11 697 0
s 11 698 0
s 11 699 0
s 11 700 0
s 11 701 0
s 11 702 0
s 11 703 0
s 11 704 0
s 11 705 0
s 11 706 0
s 11 707 0
s 11 708 0
s 11 709 0
s 11 710 0
s 11 711 0
s 11 712 0
s 11 713 0
s 11 714 0
s 11 715 0
s 11 716 0
s 11 717 0
s 11 718 0
s 11 719 0
s 11 720 0
s 11 721 0
s 11 722 0
s 11 723 0
s 11 724 0
s 11 725 0
s 11 726 0
s 11 727 0
s 11 728 0
s 11 729 0
s 11 730 0
s 11 731 0
s 11 732 0
s 11 733 0
s 11 734 0
s 11 735 0
s 11 736 0
s 11 737 0
s 11 738 0
s 11 739 0
s 11 740 0
s 11 741 0
s 11 742 0
s 11 743 0
s 11 744 0
s 11 745 0
s 11 746 0
s 11 747 0
s 11 748 0
s 11 749 0
s 11 750 0
s 11 751 0
s 11 752 0
s 11 753 0
s 11 754 0
s 11 755 0
s 11 756 0
s 11 757 0
s 11 758 0
s 11 759 0
s 11 760 0
s 11 761 0
s 11 762 0
s 11 763 0
s 11 764 0
s 11 765 0
s 11 766 0
s 11 767 0
s 11 768 0
s 11 769 0
s 11 770 0
s 11 771 0
s 11 772 0
s 11 773 0
s 11 774 0
s 11 775 0
s 11 776 0
s 11 777 0
s 11 778 0
s 11 779 0
s 11 780 0
s 11 781 0
s 11 782 0
s 11 783 0
s 11 784 0
s 11 785 0
s 11 786 0
s 11 787 0
s 11 788 0
s 11 789 0
s 11 790 0
s 11 791 0
s 11 792 0
s 11 793 0
s 11 794 0
s 11 795 0
s 11 796 0
s 11 797 0
s 11 798 0
s 11 799 0
s 11 800 0
s 11 801 0
s 11 802 0
s 11 803 0
s 11 804 0
s 11 805 0
s 11 806 0
s 11 807 0
s 11 808 0
s 11 809 0
s 11 810 0
s 11 811 0
s 11 812 0
s 11 813 0
s 11 814 0
s 11 815 0
s 11 816 0
s 11 817 0
s 11 818 0
s 11 819 0
s 11 820 0
s 11 821 0
s 11 822 0
s 11 823 0
s 11 824 0
s 11 825 0
s 11 826 0
s 11 827 0
s 11 828 0
s 11 829 0
s 11 830 0
s 11 831 0
s 11 832 0
s 11 833 0
s 11 834 0
s 11 835 0
s 11 836 0
s 11 837 0
s 11 838 0
s 11 839 0
s 11 840 0
s 11 841 0
s 11 842 0
s 11 843 0
s 11 844 0
s 11 845 0
s 11 846 0
s 11 847 0
s 11 848 0
s 11 849 0
s 11 850 0
s 11 851 0
s 11 852 0
s 11 853 0
s 11 854 0
s 11 855 0
s 11 856 0
s 11 857 0
s 11 858 0
s 11 859 0
s 11 860 0
s 11 861 0
s 11 862 0
s 11 863 0
s 11 864 0
s 11 865 0
s 11 866 0
s 11 867 0
s 11 868 0
s 11 869 0
s 11 870 0
s 11 871 0
s 11 872 0
s 11 873 0
s 11 874 0
s 11 875 0
s 11 876 0
s 11 877 0
s 11 878 0
s 11 879 0
s 11 880 0
s 11 881 0
s 11 882 0
s 11 883 0
s 11 884 0
s 11 885 0
s 11 886 0
s 11 887 0
s 11 888 0
s 11 889 0
s 11 890 0
s 11 891 0
s 11 892 0
s 11 893 0
s 11 894 0
s 11 895 0
s 11 896 0
s 11 897 0
s 11 898 0
s 11 899 0
s 11 900 0
s 11 901 0
s 11 902 0
s 11 903 0
s 11 904 0
s 11 905 0
s 11 906 0
s 11 907 0
s 11 908 0
s 11 909 0
s 11 910 0
s 11 911 0
s 11 912 0
s 11 913 0
s 11 914 0
s 11 915 0
s 11 916 0
s 11 917 0
s 11 918 0
s 11 919 0
s 11 920 0
s 11 921 0
s 11 922 0
s 11 923 0
s 11 924 0
s 11 925 0
s 11 926 0
s 11 927 0
s 11 928 0
s 11 929 0
s 11 930 0
s 11 931 0
s 11 932 0
s 11 933 0
s 11 934 0
s 11 935 0
s 11 936 0
s 11 937 0
s 11 938 0
s 11 939 0
s 11 940 0
s 11 941 0
s 11 942 0
s 11 943 0
s 11 944 0
s 11 945 0
s 11 946 0
s 11 947 0
s 11 948 0
s 11 949 0
s 11 950 0
s 11 951 0
s 11 952 0
s 11 953 0
s 11 954 0
s 11 955 0
s 11 956 0
s 11 957 0
s 11 958 0
s 11 959 0
s 11 960 0
s 11 961 0
s 11 962 0
s 11 963 0
s 11 964 0
s 11 965 0
s 11 966 0
s 11 967 0
s 11 968 0
s 11 969 0
s 11 970 0
s 11 971 0
s 11 972 0
s 11 973 0
s 11 974 0
s 11 975 0
s 11 976 0
s 11 977 0
s 11 978 0
s 11 979 0
s 11 980 0
s 11 981 0
s 11 982 0
s 11 983 0
s 11 984 0
s 11 985 0
s 11 986 0
s 11 987 0
s 11 988 0
s 11 989 0
s 11 990 0
s 11 991 0
s 11 992 0
s 11 993 0
s 11 994 0
s 11 995 0
s 11 996 0
s 11 997 0
s 11 998 0
s 11 999 0
s 11 1000 0
s 11 1001 0
s 11 1002 0
s 11 1003 0
s 11 1004 0
s 11 1005 0
s 11 1006 0
s 11 1007 0
s 11 1008 0
s 11 1009 0
s 11 1010 0
s 11 1011 0
s 11 1012 0
s 11 1013 0
s 11 1014 0
s 11 1015 0
s 11 1016 0
s 11 1017 0
s 11 1018 0
s 11 1019 0
s 11 1020 0
s 11 1021 0
s 11 1022 0
s 11 1023 0
s 11 1024 0
s 11 1025 0
s 11 1026 0
s 11 1027 0
s 11 1028 0
s 11 1029 0
s 11 1030 0
s 11 1031 0
s 11 1032 0
s 11 1033 0
s 11 1034 0
s 11 1035 0
s 11 1036 0
s 11 1037 0
s 11 1038 0
s 11 1039 0
s 11 1040 0
s 11 1041 0
s 11 1042 0
s 11 1043 0
s 11 1044 0
s 11 1045 0
s 11 1046 0
s 11 1047 0
s 11 1048 0
s 11 1049 0
s 11 1050 0
s 11 1051 0
s 11 1052 0
s 11 1053 0
s 11 1054 0
s 11 1055 0
s 11 1056 0
s 11 1057 0
s 11 1058 0
s 11 1059 0
s 11 1060 0
s 11 1061 0
s 11 1062 0
s 11 1063 0
s 11 1064 0
s 11 1065 0
s 11 1066 0
s 11 1067 0
s 11 1068 0
s 11 1069 0
s 11 1070 0
s 11 1071 0
s 11 1072 0
s 11 1073 0
s 11 1074 0
s 11 1075 0
s 11 1076 0
s 11 1077 0
s 11 1078 0
s 11 1079 0
s 11 1080 0
s 11 1081 0
s 11 1082 0
s 11 1083 0
s 11 1084 0
s 11 1085 0
s 11 1086 0
s 11 1087 0
s 11 1088 0
s 11 1089 0
s 11 1090 0
s 11 1091 0
s 11 1092 0
s 11 1093 0
s 11 1094 0
s 11 1095 0
s 11 1096 0
s 11 1097 0
s 11 1098 0
s 11 1099 0
s 11 1100 0
s 11 1101 0
s 11 1102 0
s 11 1103 0
s 11 1104 0
s 11 1105 0
s 11 1106 0
s 11 1107 0
s 11 1108 0
s 11 1109 0
s 11 1110 0
s 11 1111 0
s 11 1112 0
s 11 1113 0
s 11 1114 0
s 11 1115 0
s 11 1116 0
s 11 1117 0
s 11 1118 0
s 11 1119 0
s 11 1120 0
