# A.len522
492 176 88 449 261 576 511 0 285 151 96 0 562 174 335 449 377 295 429 586 290 228 474 289 131 172 18 560 145 129 358 145 560 271 390 162 80 595 28 194 349 545 180 525 275 276 415 572 137 110 589 74 236 423 362 211 21 70 402 297 369 367 470 239 360 350 579 170 381 579 72 240 490 589 185 269 354 161 35 352 146 71 152 75 519 522 75 152 71 146 326 355 12 53 31 531 320 365 168 100 181 218 187 552 136 90 566 59 317 231 322 286 487 190 133 109 321 419 472 446 90 408 447 109 133 475 506 73 333 264 89 79 357 221 118 387 48 391 7 153 15 324 493 312 338 460 389 432 376 27 442 266 338 107 266 27 376 292 574 222 249 209 382 6 298 224 529 6 495 421 370 245 319 208 234 448 400 122 588 564 434 588 122 499 232 501 156 160 93 49 92 557 134 203 539 533 426 46 113 254 46 426 375 539 203 366 461 119 265 5 404 150 433 76 315 480 291 508 43 54 480 481 202 570 63 252 309 138 84 500 488 216 144 182 233 334 256 403 334 346 399 347 278 329 496 226 301 9 200 437 456 83 534 436 420 378 538 368 378 120 65 313 132 57 563 143 121 77 405 108 551 62 574 332 283 478 125 551 325 38 328 105 363 388 173 363 186 592 19 207 592 457 543 124 82 568 420 569 47 217 526 212 330 479 304 594 599 479 330 516 37 384 356 386 398 467 267 141 453 263 411 409 583 98 99 380 158 498 597 416 55 351 311 248 469 164 430 454 514 430 205 327 235 477 424 148 20 596 532 528 177 596 20 294 483 115 244 540 450 210 339 102 126 86 306 337 593 192 154 439 593 337 306 157 219 541 414 544 123 220 273 116 183 87 116 214 464 462 44 230 424 235 32 206 164 494 32 435 573 184 241 536 279 498 466 509 257 505 183 23 101 128 413 243 598 179 243 406 246 571 502 320 318 68 97 318 431 486 485 250 588 114 465 517 587 52 465 559 58 251 584 178 468 139 199 468 204 584 484 251 33 591 303 459 60 307 171 64 314 582 441 167 395 135 445 512 300 396 3 425 547 272 397 554 425 3 396 253 548 237 117 348 36 535 348 117 521 17 302 270 550 520 371 549 127 270 223 418 518 556 42 366 2 225 51 16 223 270 127 106 163 575 422 1 585 39 527 444 39 553 238 491 482 372 123 577 541 126 577 123 101 128 413 419 321 109 133 286 322 27 389 432 457 543 124 457 432 364 332 478 551 370 499 122 588 250 465 559 484 584 204 11 139 204 584 484 559 465 250 588 448 245 370 551 62 574 259 231 322 286 190 506 73 264 89 257 159 227 573 159 257 505 183 23 101 128 413 406 246 320 168 486 485 250 588 564 434 588 448 319 370 551 108 405 77 121 143 57 488 216 57 143 363 186 592 457 432 389 460 338 493 213 409 98 380 158 498 597 469 498 466 509 221 118 387 286 322 231 259 574 62 551 370 499 232 427 557 134 203 366 42 556 366 203 134 557 427 232 499 370 551 62 574 259 231 322 286 190 506 286 90 136 552 218 502 320 531 31 383 199 468 78 74 236 240 72 579 350 455 142 314 441 167 395 300 396 253 548 237 117 17 302 270 103 163 575 1 52 465 559 345 431 318 320 40 537 482 372 123 220 450 540 462 22 32 494 164 430 454 514 430 164 469 597 498 466 542 7 153 15 324 316 387 286 90 136 552 218 502 320 531 31 53 35 161 269 354 66 180 545 112 28 197 394 172 474 429 174 261 576 50 532 596 20 148 44 462 22 476 573 184 597 498 158 380 507 409 213 493 267 463 452 193 82 568 420 378 120 65 313 132 57 309 252 508 54 480 315 76 433 150 404 5 119 461 366 203 134 557 427 232 499 370 319 208 100 168 320 40 537 482 154 192 593 337 50 95 528 532 50 337 593 192 154 482 128 413 419 406 552 218 181 100 208 448 400 499 232 427 557 134 203 366 25 546 565 535 546 25 366 225 16 340 103 163 575 1 52 465 559 345 431 318 320 40 537 482 372 123 220 273 123 101 128 413 406 552 218 181 502 320 531 31 383 199 468 78 74 589 110 137 415 296 72 579 350 455 142 314 171 371 520 550 371 171 314 142 455 350 579 72 296 276 275 525 180 545 349 394 172 18 289 131 474 429 174 0 192 154 482 537 246 320 168 100 208 319 370 551 125 581 105 363 189 293 313 144 26 81 301 9 594 304 479 330 516 37 386 463 267 493 324 15 153 7 407 466 159 476 22 462 540 244 450 220 123 372 482 537 246 571 502 218 181 561
s 18 0 0
s 18 1 0
s 18 2 0
s 18 3 0
s 18 4 0
s 18 5 0
s 18 6 0
s 18 7 0
s 18 8 0
s 18 9 0
s 18 10 0
s 18 11 0
s 18 12 0
s 18 13 0
s 18 14 0
s 18 15 0
s 18 16 0
s 18 17 0
s 18 18 0
s 18 19 0
s 18 20 0
s 18 21 0
s 18 22 0
s 18 23 0
s 18 24 0
s 18 25 0
s 18 26 0
s 18 27 0
s 18 28 0
s 18 29 0
s 18 30 0
s 18 31 0
s 18 32 0
s 18 33 0
s 18 34 0
s 18 35 0
s 18 36 0
s 18 37 0
s 18 38 0
s 18 39 0
s 18 40 0
s 18 41 0
s 18 42 0
s 18 43 0
s 18 44 0
s 18 45 0
s 18 46 0
s 18 47 0
s 18 48 0
s 18 49 0
s 18 50 0
s 18 51 0
s 18 52 0
s 18 53 0
s 18 54 0
s 18 55 0
s 18 56 0
s 18 57 0
s 18 58 0
s 18 59 0
s 18 60 0
s 18 61 0
s 18 62 0
s 18 63 0
s 18 64 0
s 18 65 0
s 18 66 0
s 18 67 0
s 18 68 0
s 18 69 0
s 18 70 0
s 18 71 0
s 18 72 0
s 18 73 0
s 18 74 0
s 18 75 0
s 18 76 0
s 18 77 0
s 18 78 0
s 18 79 0
s 18 80 0
s 18 81 0
s 18 82 0
s 18 83 0
s 18 84 0
s 18 85 0
s 18 86 0
s 18 87 0
s 18 88 0
s 18 89 0
s 18 90 0
s 18 91 0
s 18 92 0
s 18 93 0
s 18 94 0
s 18 95 0
s 18 96 0
s 18 97 0
s 18 98 0
s 18 99 0
s 18 100 0
s 18 101 0
s 18 102 0
s 18 103 0
s 18 104 0
s 18 105 0
s 18 106 0
s 18 107 0
s 18 108 0
s 18 109 0
s 18 110 0
s 18 111 0
s 18 112 0
s 18 113 0
s 18 114 0
s 18 115 0
s 18 116 0
s 18 117 0
s 18 118 0
s 18 119 0
s 18 120 0
s 18 121 0
s 18 122 0
s 18 123 0
s 18 124 0
s 18 125 0
s 18 126 0
s 18 127 0
s 18 128 0
s 18 129 0
s 18 130 0
s 18 131 0
s 18 132 0
s 18 133 0
s 18 134 0
s 18 135 0
s 18 136 0
s 18 137 0
s 18 138 0
s 18 139 0
s 18 140 0
s 18 141 0
s 18 142 0
s 18 143 0
s 18 144 0
s 18 145 0
s 18 146 0
s 18 147 0
s 18 148 0
s 18 149 0
s 18 150 0
s 18 151 0
s 18 152 0
s 18 153 0
s 18 154 0
s 18 155 0
s 18 156 0
s 18 157 0
s 18 158 0
s 18 159 0
s 18 160 0
s 18 161 0
s 18 162 0
s 18 163 0
s 18 164 0
s 18 165 0
s 18 166 0
s 18 167 0
s 18 168 0
s 18 169 0
s 18 170 0
s 18 171 0
s 18 172 0
s 18 173 0
s 18 174 0
s 18 175 0
s 18 176 0
s 18 177 0
s 18 178 0
s 18 179 0
s 18 180 0
s 18 181 0
s 18 182 0
s 18 183 0
s 18 184 0
s 18 185 0
s 18 186 0
s 18 187 0
s 18 188 0
s 18 189 0
s 18 190 0
s 18 191 0
s 18 192 0
s 18 193 0
s 18 194 0
s 18 195 0
s 18 196 0
s 18 197 0
s 18 198 0
s 18 199 0
s 18 200 0
s 18 201 0
s 18 202 0
s 18 203 0
s 18 204 0
s 18 205 0
s 18 206 0
s 18 207 0
s 18 208 0
s 18 209 0
s 18 210 0
s 18 211 0
s 18 212 0
s 18 213 0
s 18 214 0
s 18 215 0
s 18 216 0
s 18 217 0
s 18 218 0
s 18 219 0
s 18 220 0
s 18 221 0
s 18 222 0
s 18 223 0
s 18 224 0
s 18 225 0
s 18 226 0
s 18 227 0
s 18 228 0
s 18 229 0
s 18 230 0
s 18 231 0
s 18 232 0
s 18 233 0
s 18 234 0
s 18 235 0
s 18 236 0
s 18 237 0
s 18 238 0
s 18 239 0
s 18 240 0
s 18 241 0
s 18 242 0
s 18 243 0
s 18 244 0
s 18 245 0
s 18 246 0
s 18 247 0
s 18 248 0
s 18 249 0
s 18 250 0
s 18 251 0
s 18 252 0
s 18 253 0
s 18 254 0
s 18 255 0
s 18 256 0
s 18 257 0
s 18 258 0
s 18 259 0
s 18 260 0
s 18 261 0
s 18 262 0
s 18 263 0
s 18 264 0
s 18 265 0
s 18 266 0
s 18 267 0
s 18 268 0
s 18 269 0
s 18 270 0
s 18 271 0
s 18 272 0
s 18 273 0
s 18 274 0
s 18 275 0
s 18 276 0
s 18 277 0
s 18 278 0
s 18 279 0
s 18 280 0
s 18 281 0
s 18 282 0
s 18 283 0
s 18 284 0
s 18 285 0
s 18 286 0
s 18 287 0
s 18 288 0
s 18 289 0
s 18 290 0
s 18 291 0
s 18 292 0
s 18 293 0
s 18 294 0
s 18 295 0
s 18 296 0
s 18 297 0
s 18 298 0
s 18 299 0
s 18 300 0
s 18 301 0
s 18 302 0
s 18 303 0
s 18 304 0
s 18 305 0
s 18 306 0
s 18 307 0
s 18 308 0
s 18 309 0
s 18 310 0
s 18 311 0
s 18 312 0
s 18 313 0
s 18 314 0
s 18 315 0
s 18 316 0
s 18 317 0
s 18 318 0
s 18 319 0
s 18 320 0
s 18 321 0
s 18 322 0
s 18 323 0
s 18 324 0
s 18 325 0
s 18 326 0
s 18 327 0
s 18 328 0
s 18 329 0
s 18 330 0
s 18 331 0
s 18 332 0
s 18 333 0
s 18 334 0
s 18 335 0
s 18 336 0
s 18 337 0
s 18 338 0
s 18 339 0
s 18 340 0
s 18 341 0
s 18 342 0
s 18 343 0
s 18 344 0
s 18 345 0
s 18 346 0
s 18 347 0
s 18 348 0
s 18 349 0
s 18 350 0
s 18 351 0
s 18 352 0
s 18 353 0
s 18 354 0
s 18 355 0
s 18 356 0
s 18 357 0
s 18 358 0
s 18 359 0
s 18 360 0
s 18 361 0
s 18 362 0
s 18 363 0
s 18 364 0
s 18 365 0
s 18 366 0
s 18 367 0
s 18 368 0
s 18 369 0
s 18 370 0
s 18 371 0
s 18 372 0
s 18 373 0
s 18 374 0
s 18 375 0
s 18 376 0
s 18 377 0
s 18 378 0
s 18 379 0
s 18 380 0
s 18 381 0
s 18 382 0
s 18 383 0
s 18 384 0
s 18 385 0
s 18 386 0
s 18 387 0
s 18 388 0
s 18 389 0
s 18 390 0
s 18 391 0
s 18 392 0
s 18 393 0
s 18 394 0
s 18 395 0
s 18 396 0
s 18 397 0
s 18 398 0
s 18 399 0
s 18 400 0
s 18 401 0
s 18 402 0
s 18 403 0
s 18 404 0
s 18 405 0
s 18 406 0
s 18 407 0
s 18 408 0
s 18 409 0
s 18 410 0
s 18 411 0
s 18 412 0
s 18 413 0
s 18 414 0
s 18 415 0
s 18 416 0
s 18 417 0
s 18 418 0
s 18 419 0
s 18 420 0
s 18 421 0
s 18 422 0
s 18 423 0
s 18 424 0
s 18 425 0
s 18 426 0
s 18 427 0
s 18 428 0
s 18 429 0
s 18 430 0
s 18 431 0
s 18 432 0
s 18 433 0
s 18 434 0
s 18 435 0
s 18 436 0
s 18 437 0
s 18 438 0
s 18 439 0
s 18 440 0
s 18 441 0
s 18 442 0
s 18 443 0
s 18 444 0
s 18 445 0
s 18 446 0
s 18 447 0
s 18 448 0
s 18 449 0
s 18 450 0
s 18 451 0
s 18 452 0
s 18 453 0
s 18 454 0
s 18 455 0
s 18 456 0
s 18 457 0
s 18 458 0
s 18 459 0
s 18 460 0
s 18 461 0
s 18 462 0
s 18 463 0
s 18 464 0
s 18 465 0
s 18 466 0
s 18 467 0
s 18 468 0
s 18 469 0
s 18 470 0
s 18 471 0
s 18 472 0
s 18 473 0
s 18 474 0
s 18 475 0
s 18 476 0
s 18 477 0
s 18 478 0
s 18 479 0
s 18 480 0
s 18 481 0
s 18 482 0
s 18 483 0
s 18 484 0
s 18 485 0
s 18 486 0
s 18 487 0
s 18 488 0
s 18 489 0
s 18 490 0
s 18 491 0
s 18 492 0
s 18 493 0
s 18 494 0
s 18 495 0
s 18 496 0
s 18 497 0
s 18 498 0
s 18 499 0
s 18 500 0
s 18 501 0
s 18 502 0
s 18 503 0
s 18 504 0
s 18 505 0
s 18 506 0
s 18 507 0
s 18 508 0
s 18 509 0
s 18 510 0
s 18 511 0
s 18 512 0
s 18 513 0
s 18 514 0
s 18 515 0
s 18 516 0
s 18 517 0
s 18 518 0
s 18 519 0
s 18 520 0
s 18 521 0
s 18 522 0
s 18 523 0
s 18 524 0
s 18 525 0
s 18 526 0
s 18 527 0
s 18 528 0
s 18 529 0
s 18 530 0
s 18 531 0
s 18 532 0
s 18 533 0
s 18 534 0
s 18 535 0
s 18 536 0
s 18 537 0
s 18 538 0
s 18 539 0
s 18 540 0
s 18 541 0
s 18 542 0
s 18 543 0
s 18 544 0
s 18 545 0
s 18 546 0
s 18 547 0
s 18 548 0
s 18 549 0
s 18 550 0
s 18 551 0
s 18 552 0
s 18 553 0
s 18 554 0
s 18 555 0
s 18 556 0
s 18 557 0
s 18 558 0
s 18 559 0
s 18 560 0
s 18 561 0
s 18 562 0
s 18 563 0
s 18 564 0
s 18 565 0
s 18 566 0
s 18 567 0
s 18 568 0
s 18 569 0
s 18 570 0
s 18 571 0
s 18 572 0
s 18 573 0
s 18 574 0
s 18 575 0
s 18 576 0
s 18 577 0
s 18 578 0
s 18 579 0
s 18 580 0
s 18 581 0
s 18 582 0
s 18 583 0
s 18 584 0
s 18 585 0
s 18 586 0
s 18 587 0
s 18 588 0
s 18 589 0
s 18 590 0
s 18 591 0
s 18 592 0
s 18 593 0
s 18 594 0
s 18 595 0
s 18 596 0
s 18 597 0
s 18 598 0
s 18 599 0
s 18 600 0
s 18 601 0
s 18 602 0
s 18 603 0
s 18 604 0
s 18 605 0
s 18 606 0
s 18 607 0
s 18 608 0
s 18 609 0
s 18 610 0
s 18 611 0
s 18 612 0
s 18 613 0
s 18 614 0
s 18 615 0
s 18 616 0
s 18 617 0
s 18 618 0
s 18 619 0
s 18 620 0
s 18 621 0
s 18 622 0
s 18 623 0
s 18 624 0
s 18 625 0
s 18 626 0
s 18 627 0
s 18 628 0
s 18 629 0
s 18 630 0
s 18 631 0
s 18 632 0
s 18 633 0
s 18 634 0
s 18 635 0
s 18 636 0
s 18 637 0
s 18 638 0
s 18 639 0
s 18 640 0
s 18 641 0
s 18 642 0
s 18 643 0
s 18 644 0
s 18 645 0
s 18 646 0
s 18 647 0
s 18 648 0
s 18 649 0
s 18 650 0
s 18 651 0
s 18 652 0
s 18 653 0
s 18 654 0
s 18 655 0
s 18 656 0
s 18 657 0
s 18 658 0
s 18 659 0
s 18 660 0
s 18 661 0
s 18 662 0
s 18 663 0
s 18 664 0
s 18 665 0
s 18 666 0
s 18 667 0
s 18 668 0
s 18 669 0
s 18 670 0
s 18 671 0
s 18 672 0
s 18 673 0
s 18 674 0
s 18 675 0
s 18 676 0
s 18 677 0
s 18 678 0
s 18 679 0
s 18 680 0
s 18 681 0
s 18 682 0
s 18 683 0
s 18 684 0
s 18 685 0
s 18 686 0
s 18 687 0
s 18 688 0
s 18 689 0
s 18 690 0
s 18 691 0
s 18 692 0
s 18 693 0
s 18 694 0
s 18 695 0
s 18 696 0
s 18 697 0
s 18 698 0
s 18 699 0
s 18 700 0
s 18 701 0
s 18 702 0
s 18 703 0
s 18 704 0
s 18 705 0
s 18 706 0
s 18 707 0
s 18 708 0
s 18 709 0
s 18 710 0
s 18 711 0
s 18 712 0
s 18 713 0
s 18 714 0
s 18 715 0
s 18 716 0
s 18 717 0
s 18 718 0
s 18 719 0
s 18 720 0
s 18 721 0
s 18 722 0
s 18 723 0
s 18 724 0
s 18 725 0
s 18 726 0
s 18 727 0
s 18 728 0
s 18 729 0
s 18 730 0
s 18 731 0
s 18 732 0
s 18 733 0
s 18 734 0
s 18 735 0
s 18 736 0
s 18 737 0
s 18 738 0
s 18 739 0
s 18 740 0
s 18 741 0
s 18 742 0
s 18 743 0
s 18 744 0
s 18 745 0
s 18 746 0
s 18 747 0
s 18 748 0
s 18 749 0
s 18 750 0
s 18 751 0
s 18 752 0
s 18 753 0
s 18 754 0
s 18 755 0
s 18 756 0
s 18 757 0
s 18 758 0
s 18 759 0
s 18 760 0
s 18 761 0
s 18 762 0
s 18 763 0
s 18 764 0
s 18 765 0
s 18 766 0
s 18 767 0
s 18 768 0
s 18 769 0
s 18 770 0
s 18 771 0
s 18 772 0
s 18 773 0
s 18 774 0
s 18 775 0
s 18 776 0
s 18 777 0
s 18 778 0
s 18 779 0
s 18 780 0
s 18 781 0
s 18 782 0
s 18 783 0
s 18 784 0
s 18 785 0
s 18 786 0
s 18 787 0
s 18 788 0
s 18 789 0
s 18 790 0
s 18 791 0
s 18 792 0
s 18 793 0
s 18 794 0
s 18 795 0
s 18 796 0
s 18 797 0
s 18 798 0
s 18 799 0
s 18 800 0
s 18 801 0
s 18 802 0
s 18 803 0
s 18 804 0
s 18 805 0
s 18 806 0
s 18 807 0
s 18 808 0
s 18 809 0
s 18 810 0
s 18 811 0
s 18 812 0
s 18 813 0
s 18 814 0
s 18 815 0
s 18 816 0
s 18 817 0
s 18 818 0
s 18 819 0
s 18 820 0
s 18 821 0
s 18 822 0
s 18 823 0
s 18 824 0
s 18 825 0
s 18 826 0
s 18 827 0
s 18 828 0
s 18 829 0
s 18 830 0
s 18 831 0
s 18 832 0
s 18 833 0
s 18 834 0
s 18 835 0
s 18 836 0
s 18 837 0
s 18 838 0
s 18 839 0
s 18 840 0
s 18 841 0
s 18 842 0
s 18 843 0
s 18 844 0
s 18 845 0
s 18 846 0
s 18 847 0
s 18 848 0
s 18 849 0
s 18 850 0
s 18 851 0
s 18 852 0
s 18 853 0
s 18 854 0
s 18 855 0
s 18 856 0
s 18 857 0
s 18 858 0
s 18 859 0
s 18 860 0
s 18 861 0
s 18 862 0
s 18 863 0
s 18 864 0
s 18 865 0
s 18 866 0
s 18 867 0
s 18 868 0
s 18 869 0
s 18 870 0
s 18 871 0
s 18 872 0
s 18 873 0
s 18 874 0
s 18 875 0
s 18 876 0
s 18 877 0
s 18 878 0
s 18 879 0
s 18 880 0
s 18 881 0
s 18 882 0
s 18 883 0
s 18 884 0
s 18 885 0
s 18 886 0
s 18 887 0
s 18 888 0
s 18 889 0
s 18 890 0
s 18 891 0
s 18 892 0
s 18 893 0
s 18 894 0
s 18 895 0
s 18 896 0
s 18 897 0
s 18 898 0
s 18 899 0
s 18 900 0
s 18 901 0
s 18 902 0
s 18 903 0
s 18 904 0
s 18 905 0
s 18 906 0
s 18 907 0
s 18 908 0
s 18 909 0
s 18 910 0
s 18 911 0
s 18 912 0
s 18 913 0
s 18 914 0
s 18 915 0
s 18 916 0
s 18 917 0
s 18 918 0
s 18 919 0
s 18 920 0
s 18 921 0
s 18 922 0
s 18 923 0
s 18 924 0
s 18 925 0
s 18 926 0
s 18 927 0
s 18 928 0
s 18 929 0
s 18 930 0
s 18 931 0
s 18 932 0
s 18 933 0
s 18 934 0
s 18 935 0
s 18 936 0
s 18 937 0
s 18 938 0
s 18 939 0
s 18 940 0
s 18 941 0
s 18 942 0
s 18 943 0
s 18 944 0
s 18 945 0
s 18 946 0
s 18 947 0
s 18 948 0
s 18 949 0
s 18 950 0
s 18 951 0
s 18 952 0
s 18 953 0
s 18 954 0
s 18 955 0
s 18 956 0
s 18 957 0
s 18 958 0
s 18 959 0
s 18 960 0
s 18 961 0
s 18 962 0
s 18 963 0
s 18 964 0
s 18 965 0
s 18 966 0
s 18 967 0
s 18 968 0
s 18 969 0
s 18 970 0
s 18 971 0
s 18 972 0
s 18 973 0
s 18 974 0
s 18 975 0
s 18 976 0
s 18 977 0
s 18 978 0
s 18 979 0
s 18 980 0
s 18 981 0
s 18 982 0
s 18 983 0
s 18 984 0
s 18 985 0
s 18 986 0
s 18 987 0
s 18 988 0
s 18 989 0
s 18 990 0
s 18 991 0
s 18 992 0
s 18 993 0
s 18 994 0
s 18 995 0
s 18 996 0
s 18 997 0
