# A.len476
172 506 412 7 282 181 58 578 379 362 164 278 131 228 104 83 533 227 433 583 593 313 54 26 12 100 203 117 348 392 55 542 46 53 489 336 143 317 349 143 336 562 580 270 568 453 155 75 421 0 588 300 263 59 483 158 509 146 107 245 232 299 352 235 560 322 145 198 157 309 147 499 183 561 418 366 451 470 361 511 161 262 285 304 373 251 219 195 318 219 507 596 254 48 364 437 301 111 387 301 528 535 221 426 2 85 205 178 472 447 358 510 501 10 558 527 5 210 475 549 102 384 408 176 167 597 103 176 408 202 200 589 108 22 365 188 545 17 491 50 36 308 114 274 182 404 321 96 136 486 441 250 430 518 371 341 289 370 238 192 414 91 335 452 120 110 113 153 401 544 327 217 27 294 356 19 416 13 350 35 435 360 363 446 458 363 333 563 484 234 497 257 168 286 275 168 240 553 197 422 529 372 197 18 216 168 257 196 175 460 391 538 540 143 504 337 391 239 15 353 215 72 138 185 106 34 388 68 346 481 28 488 56 526 69 122 517 566 569 383 413 288 599 316 302 375 206 174 591 151 502 224 249 86 334 151 127 144 47 265 334 530 303 411 403 303 503 1 190 449 469 121 213 256 398 395 536 112 419 467 359 230 25 556 439 156 485 222 135 261 339 80 148 559 445 582 90 445 140 105 128 272 592 79 16 332 246 590 242 464 37 287 126 39 319 77 315 165 427 162 369 57 279 377 571 124 377 554 133 73 179 30 314 400 237 23 125 77 160 207 581 586 40 443 579 94 443 40 461 534 173 431 312 258 305 204 306 524 204 118 42 495 328 368 325 291 199 132 587 376 243 62 331 267 500 428 420 515 296 448 487 186 478 389 397 276 252 345 351 71 180 394 541 154 394 3 32 399 280 293 575 399 423 134 498 307 512 436 307 87 277 324 38 496 57 479 229 273 65 177 67 271 209 382 378 552 209 271 259 585 406 450 61 406 471 338 14 402 255 208 402 247 14 564 236 386 129 82 555 396 339 405 326 434 598 231 268 45 119 191 248 473 260 492 425 63 116 339 139 468 214 84 329 520 211 565 76 391 538 540 143 336 562 509 281 243 490 183 499 216 168 257 333 462 486 136 108 320 365 398 256 8 200 408 340 88 501 191 119 85 2 221 160 242 464 287 39 165 125 23 149 325 150 331 263 483 158 509 562 336 143 317 12 26 313 593 410 143 336 562 509 281 587 98 291 368 149 173 534 125 77 160 221 2 79 445 559 148 80 339 261 135 222 485 156 439 25 536 467 419 121 469 530 303 334 265 213 491 545 308 274 441 462 333 257 298 511 524 204 258 495 149 237 400 554 133 314 374 415 154 331 263 300 588 0 421 75 172 506 278 533 583 138 215 353 15 239 76 194 363 333 462 373 251 101 210 5 477 519 373 462 333 363 194 76 391 337 504 391 76 44 35 13 356 159 370 289 341 333 257 298 529 422 197 361 216 198 429 299 336 489 348 282
s 14 0 0
s 14 1 0
s 14 2 0
s 14 3 0
s 14 4 0
s 14 5 0
s 14 6 0
s 14 7 0
s 14 8 0
s 14 9 0
s 14 10 0
s 14 11 0
s 14 12 0
s 14 13 0
s 14 14 0
s 14 15 0
s 14 16 0
s 14 17 0
s 14 18 0
s 14 19 0
s 14 20 0
s 14 21 0
s 14 22 0
s 14 23 0
s 14 24 0
s 14 25 0
s 14 26 0
s 14 27 0
s 14 28 0
s 14 29 0
s 14 30 0
s 14 31 0
s 14 32 0
s 14 33 0
s 14 34 0
s 14 35 0
s 14 36 0
s 14 37 0
s 14 38 0
s 14 39 0
s 14 40 0
s 14 41 0
s 14 42 0
s 14 43 0
s 14 44 0
s 14 45 0
s 14 46 0
s 14 47 0
s 14 48 0
s 14 49 0
s 14 50 0
s 14 51 0
s 14 52 0
s 14 53 0
s 14 54 0
s 14 55 0
s 14 56 0
s 14 57 0
s 14 58 0
s 14 59 0
s 14 60 0
s 14 61 0
s 14 62 0
s 14 63 0
s 14 64 0
s 14 65 0
s 14 66 0
s 14 67 0
s 14 68 0
s 14 69 0
s 14 70 0
s 14 71 0
s 14 72 0
s 14 73 0
s 14 74 0
s 14 75 0
s 14 76 0
s 14 77 0
s 14 78 0
s 14 79 0
s 14 80 0
s 14 81 0
s 14 82 0
s 14 83 0
s 14 84 0
s 14 85 0
s 14 86 0
s 14 87 0
s 14 88 0
s 14 89 0
s 14 90 0
s 14 91 0
s 14 92 0
s 14 93 0
s 14 94 0
s 14 95 0
s 14 96 0
s 14 97 0
s 14 98 0
s 14 99 0
s 14 100 0
s 14 101 0
s 14 102 0
s 14 103 0
s 14 104 0
s 14 105 0
s 14 106 0
s 14 107 0
s 14 108 0
s 14 109 0
s 14 110 0
s 14 111 0
s 14 112 0
s 14 113 0
s 14 114 0
s 14 115 0
s 14 116 0
s 14 117 0
s 14 118 0
s 14 119 0
s 14 120 0
s 14 121 0
s 14 122 0
s 14 123 0
s 14 124 0
s 14 125 0
s 14 126 0
s 14 127 0
s 14 128 0
s 14 129 0
s 14 130 0
s 14 131 0
s 14 132 0
s 14 133 0
s 14 134 0
s 14 135 0
s 14 136 0
s 14 137 0
s 14 138 0
s 14 139 0
s 14 140 0
s 14 141 0
s 14 142 0
s 14 143 0
s 14 144 0
s 14 145 0
s 14 146 0
s 14 147 0
s 14 148 0
s 14 149 0
s 14 150 0
s 14 151 0
s 14 152 0
s 14 153 0
s 14 154 0
s 14 155 0
s 14 156 0
s 14 157 0
s 14 158 0
s 14 159 0
s 14 160 0
s 14 161 0
s 14 162 0
s 14 163 0
s 14 164 0
s 14 165 0
s 14 166 0
s 14 167 0
s 14 168 0
s 14 169 0
s 14 170 0
s 14 171 0
s 14 172 0
s 14 173 0
s 14 174 0
s 14 175 0
s 14 176 0
s 14 177 0
s 14 178 0
s 14 179 0
s 14 180 0
s 14 181 0
s 14 182 0
s 14 183 0
s 14 184 0
s 14 185 0
s 14 186 0
s 14 187 0
s 14 188 0
s 14 189 0
s 14 190 0
s 14 191 0
s 14 192 0
s 14 193 0
s 14 194 0
s 14 195 0
s 14 196 0
s 14 197 0
s 14 198 0
s 14 199 0
s 14 200 0
s 14 201 0
s 14 202 0
s 14 203 0
s 14 204 0
s 14 205 0
s 14 206 0
s 14 207 0
s 14 208 0
s 14 209 0
s 14 210 0
s 14 211 0
s 14 212 0
s 14 213 0
s 14 214 0
s 14 215 0
s 14 216 0
s 14 217 0
s 14 218 0
s 14 219 0
s 14 220 0
s 14 221 0
s 14 222 0
s 14 223 0
s 14 224 0
s 14 225 0
s 14 226 0
s 14 227 0
s 14 228 0
s 14 229 0
s 14 230 0
s 14 231 0
s 14 232 0
s 14 233 0
s 14 234 0
s 14 235 0
s 14 236 0
s 14 237 0
s 14 238 0
s 14 239 0
s 14 240 0
s 14 241 0
s 14 242 0
s 14 243 0
s 14 244 0
s 14 245 0
s 14 246 0
s 14 247 0
s 14 248 0
s 14 249 0
s 14 250 0
s 14 251 0
s 14 252 0
s 14 253 0
s 14 254 0
s 14 255 0
s 14 256 0
s 14 257 0
s 14 258 0
s 14 259 0
s 14 260 0
s 14 261 0
s 14 262 0
s 14 263 0
s 14 264 0
s 14 265 0
s 14 266 0
s 14 267 0
s 14 268 0
s 14 269 0
s 14 270 0
s 14 271 0
s 14 272 0
s 14 273 0
s 14 274 0
s 14 275 0
s 14 276 0
s 14 277 0
s 14 278 0
s 14 279 0
s 14 280 0
s 14 281 0
s 14 282 0
s 14 283 0
s 14 284 0
s 14 285 0
s 14 286 0
s 14 287 0
s 14 288 0
s 14 289 0
s 14 290 0
s 14 291 0
s 14 292 0
s 14 293 0
s 14 294 0
s 14 295 0
s 14 296 0
s 14 297 0
s 14 298 0
s 14 299 0
s 14 300 0
s 14 301 0
s 14 302 0
s 14 303 0
s 14 304 0
s 14 305 0
s 14 306 0
s 14 307 0
s 14 308 0
s 14 309 0
s 14 310 0
s 14 311 0
s 14 312 0
s 14 313 0
s 14 314 0
s 14 315 0
s 14 316 0
s 14 317 0
s 14 318 0
s 14 319 0
s 14 320 0
s 14 321 0
s 14 322 0
s 14 323 0
s 14 324 0
s 14 325 0
s 14 326 0
s 14 327 0
s 14 328 0
s 14 329 0
s 14 330 0
s 14 331 0
s 14 332 0
s 14 333 0
s 14 334 0
s 14 335 0
s 14 336 0
s 14 337 0
s 14 338 0
s 14 339 0
s 14 340 0
s 14 341 0
s 14 342 0
s 14 343 0
s 14 344 0
s 14 345 0
s 14 346 0
s 14 347 0
s 14 348 0
s 14 349 0
s 14 350 0
s 14 351 0
s 14 352 0
s 14 353 0
s 14 354 0
s 14 355 0
s 14 356 0
s 14 357 0
s 14 358 0
s 14 359 0
s 14 360 0
s 14 361 0
s 14 362 0
s 14 363 0
s 14 364 0
s 14 365 0
s 14 366 0
s 14 367 0
s 14 368 0
s 14 369 0
s 14 370 0
s 14 371 0
s 14 372 0
s 14 373 0
s 14 374 0
s 14 375 0
s 14 376 0
s 14 377 0
s 14 378 0
s 14 379 0
s 14 380 0
s 14 381 0
s 14 382 0
s 14 383 0
s 14 384 0
s 14 385 0
s 14 386 0
s 14 387 0
s 14 388 0
s 14 389 0
s 14 390 0
s 14 391 0
s 14 392 0
s 14 393 0
s 14 394 0
s 14 395 0
s 14 396 0
s 14 397 0
s 14 398 0
s 14 399 0
s 14 400 0
s 14 401 0
s 14 402 0
s 14 403 0
s 14 404 0
s 14 405 0
s 14 406 0
s 14 407 0
s 14 408 0
s 14 409 0
s 14 410 0
s 14 411 0
s 14 412 0
s 14 413 0
s 14 414 0
s 14 415 0
s 14 416 0
s 14 417 0
s 14 418 0
s 14 419 0
s 14 420 0
s 14 421 0
s 14 422 0
s 14 423 0
s 14 424 0
s 14 425 0
s 14 426 0
s 14 427 0
s 14 428 0
s 14 429 0
s 14 430 0
s 14 431 0
s 14 432 0
s 14 433 0
s 14 434 0
s 14 435 0
s 14 436 0
s 14 437 0
s 14 438 0
s 14 439 0
s 14 440 0
s 14 441 0
s 14 442 0
s 14 443 0
s 14 444 0
s 14 445 0
s 14 446 0
s 14 447 0
s 14 448 0
s 14 449 0
s 14 450 0
s 14 451 0
s 14 452 0
s 14 453 0
s 14 454 0
s 14 455 0
s 14 456 0
s 14 457 0
s 14 458 0
s 14 459 0
s 14 460 0
s 14 461 0
s 14 462 0
s 14 463 0
s 14 464 0
s 14 465 0
s 14 466 0
s 14 467 0
s 14 468 0
s 14 469 0
s 14 470 0
s 14 471 0
s 14 472 0
s 14 473 0
s 14 474 0
s 14 475 0
s 14 476 0
s 14 477 0
s 14 478 0
s 14 479 0
s 14 480 0
s 14 481 0
s 14 482 0
s 14 483 0
s 14 484 0
s 14 485 0
s 14 486 0
s 14 487 0
s 14 488 0
s 14 489 0
s 14 490 0
s 14 491 0
s 14 492 0
s 14 493 0
s 14 494 0
s 14 495 0
s 14 496 0
s 14 497 0
s 14 498 0
s 14 499 0
s 14 500 0
s 14 501 0
s 14 502 0
s 14 503 0
s 14 504 0
s 14 505 0
s 14 506 0
s 14 507 0
s 14 508 0
s 14 509 0
s 14 510 0
s 14 511 0
s 14 512 0
s 14 513 0
s 14 514 0
s 14 515 0
s 14 516 0
s 14 517 0
s 14 518 0
s 14 519 0
s 14 520 0
s 14 521 0
s 14 522 0
s 14 523 0
s 14 524 0
s 14 525 0
s 14 526 0
s 14 527 0
s 14 528 0
s 14 529 0
s 14 530 0
s 14 531 0
s 14 532 0
s 14 533 0
s 14 534 0
s 14 535 0
s 14 536 0
s 14 537 0
s 14 538 0
s 14 539 0
s 14 540 0
s 14 541 0
s 14 542 0
s 14 543 0
s 14 544 0
s 14 545 0
s 14 546 0
s 14 547 0
s 14 548 0
s 14 549 0
s 14 550 0
s 14 551 0
s 14 552 0
s 14 553 0
s 14 554 0
s 14 555 0
s 14 556 0
s 14 557 0
s 14 558 0
s 14 559 0
s 14 560 0
s 14 561 0
s 14 562 0
s 14 563 0
s 14 564 0
s 14 565 0
s 14 566 0
s 14 567 0
s 14 568 0
s 14 569 0
s 14 570 0
s 14 571 0
s 14 572 0
s 14 573 0
s 14 574 0
s 14 575 0
s 14 576 0
s 14 577 0
s 14 578 0
s 14 579 0
s 14 580 0
s 14 581 0
s 14 582 0
s 14 583 0
s 14 584 0
s 14 585 0
s 14 586 0
s 14 587 0
s 14 588 0
s 14 589 0
s 14 590 0
s 14 591 0
s 14 592 0
s 14 593 0
s 14 594 0
s 14 595 0
s 14 596 0
s 14 597 0
s 14 598 0
s 14 599 0
s 14 600 0
s 14 601 0
s 14 602 0
s 14 603 0
s 14 604 0
s 14 605 0
s 14 606 0
s 14 607 0
s 14 608 0
s 14 609 0
s 14 610 0
s 14 611 0
s 14 612 0
s 14 613 0
s 14 614 0
s 14 615 0
s 14 616 0
s 14 617 0
s 14 618 0
s 14 619 0
s 14 620 0
s 14 621 0
s 14 622 0
s 14 623 0
s 14 624 0
s 14 625 0
s 14 626 0
s 14 627 0
s 14 628 0
s 14 629 0
s 14 630 0
s 14 631 0
s 14 632 0
s 14 633 0
s 14 634 0
s 14 635 0
s 14 636 0
s 14 637 0
s 14 638 0
s 14 639 0
s 14 640 0
s 14 641 0
s 14 642 0
s 14 643 0
s 14 644 0
s 14 645 0
s 14 646 0
s 14 647 0
s 14 648 0
s 14 649 0
