45
967960897607406455 557400115859532028
959873481609562178 794621818372400105
419158953994205414 773556166297166248
231581370307145438 521391308943688837
790843668297104816 534226410175549149
925120033368224775 548434610946281870
793852293347045793 354829910301551339
533192502670504491 864466770728561288
806379662317912003 374510392918212827
803960616608722274 656152549481898610
327993908337906787 867114404236113024
480471785149774715 419900833897325851
114038322290078010 983865814247952891
188967064868349602 827619098140099633
848683812052700511 565070294864786565
988338539818685107 667855135215124887
510713668538708952 286722275182602452
740837010253795634 269194874836519232
238236675717374252 645072571020239408
468065824021112062 451798548522559025
761515514025572788 138081730573138945
356661236371913037 385765515403263427
683167542727020561 318567513285563194
297289647535711353 533300679671776608
299556101556249683 437707226974280872
446279321867335002 739380563012142972
455225869298368085 986607655025347453
380689629994195353 774658520728219470
526986841780199544 696263806467172941
277387022505097796 124146222535231564
829686233421108516 245918645078682886
803264930519493808 804669303437041582
416186323560360404 719844873871110503
906680393301260411 564400310985460368
480466424797000365 355335426036551813
969804285305350727 448540001625767179
328350621045750822 675488738162124462
357350915523074796 953657667838355718
124627561655998603 886324964246893273
906065501432306462 291316226336565973
726072708292040245 190261995970763044
857373343892470857 290260858288880941
744475220432949535 490699769207023025
324380082897603544 901547078105088162
793827406795491482 321018895711827670
