45
663358578832818384 692761862552008649
232332937561341342 686045989494824755
548465836312407881 469550523828825960
807784294507741794 423339529735810173
349711170291663504 650484047496043132
877949417527159630 389388579890856074
897952088830611587 510883136946459953
972457256914261552 773361690630395419
717268355023334515 171652453237965502
174639282694663470 509255704956010070
811083057126859596 359884924520997622
988664643396310086 922056925958534436
293237407781355894 739945489275891571
402174783609903007 835074865829687338
817517870379494791 732556591644995267
146573561267300315 950131470778096806
241790344137814632 716390518791279024
297981081269306450 756108195143537414
464241356799895495 556410991232207852
645213588761192631 675472031419902010
544930070567266340 598018976913312299
987041048255665602 295893783301253756
922072515798860764 160204275825733997
714145535544088776 160140090708537600
173466680702153913 985937622034144491
650611799038229204 507372153807503479
129332715737832357 899618918575708718
894339332743620514 902630750296777123
425167654691265851 651288960404332018
413653684868306976 596340180781610127
813675354978038868 938177514816410831
396240470552154998 452901854243962281
794164593018545324 471675629669001077
509550127391469226 768111945057921110
831632930721510684 341817405558065111
878161478126392099 662271769371717964
741775685730387654 578409113961058325
953907443699472968 980066261534746739
833750009043845323 235012524190015779
155924277264977135 197070528538988807
989276670604920580 213350828761821645
126818324169559877 946101100166927388
374396657880914641 254109078534479734
451753607719261589 489111926023170069
747079408556409038 915359168524059464
