45
628195764066619644 331815505046785470
439556983895507382 852321966288276670
344319134264809801 567829974506206003
985368775611508603 956048559892721780
971589084764618377 535605499018192885
754068479998848651 767137315402221911
826976252416205133 787399445741792733
290952781273643304 698405110635183758
546971355754176518 602768851647163137
971600031050408510 538245345133170954
759763920763148479 196597592328106085
126941794615152385 941331166837453624
827059756579591818 381597342837013795
730176088639732129 354124771045055947
754644155506315041 724644406766388295
280099306796629855 267462518059300791
205798322252374587 808910943694761569
177914336476879039 684143844425895336
490683169816652811 833537825466416656
760850639202548616 982621755372213244
144089606474238552 490657356913424023
114162782766071390 439753893153287939
674123846312954321 347119523116769012
309716018700341991 985246455072324146
732556619682450311 622765619107291228
368421241373524802 850375234546228098
201498828201114381 687782379472179071
766130055405816504 607260895608180317
321693007767658207 797194436025127410
376175484803477262 542237039373676027
235721947960536360 697633811754050213
859734698809027826 499669993811199180
458075729315672847 933556668625413166
644356440572301124 248789951635561014
816662564052745624 619320444485402018
736881530093141246 265635051942633860
344975408587551764 119418813798259643
648489433737993530 666461918287362309
219227150125217444 761869187456122625
817915767867107965 753960017555098860
245089883519787805 901367998278585287
921646359348235053 681503660703257261
302939890079551779 283630167082241840
211259765524499220 898188192897626927
274373868019966403 315971891653105892
