843 606 1000 766
843 766 1000 1000
514 715 666 1000
514 368 666 715
514 0 666 368
379 519 514 1000
379 0 514 519
843 0 1000 606
666 0 843 1000
0 0 379 1000
843 606 1000 766
843 766 1000 1000
514 715 666 1000
379 519 514 1000
379 0 514 519
0 761 379 1000
843 0 1000 606
514 0 666 715
666 0 843 1000
0 0 379 761
843 606 1000 766
843 766 1000 1000
514 715 666 1000
379 519 514 1000
379 0 514 519
0 761 379 1000
843 0 1000 606
514 0 666 715
666 0 843 1000
0 0 379 761
843 606 1000 766
843 766 1000 1000
514 715 666 1000
379 519 514 1000
379 0 514 519
0 761 379 1000
843 0 1000 606
514 0 666 715
666 0 843 1000
0 0 379 761
379 899 514 1000
514 715 666 1000
843 606 1000 1000
0 761 379 1000
0 519 379 761
843 0 1000 606
514 0 666 715
379 0 514 899
666 0 843 1000
0 0 379 519
379 899 514 1000
379 0 514 259
514 715 666 1000
843 606 1000 1000
379 259 514 899
843 0 1000 606
514 0 666 715
666 0 843 1000
0 519 379 1000
0 0 379 519
