530 978 653 1000
790 0 859 47
0 960 376 1000
975 0 1000 1000
907 0 975 486
907 486 975 1000
653 0 689 1000
530 0 653 293
0 602 376 705
859 0 907 1000
0 0 376 141
790 75 859 1000
376 531 530 1000
376 0 530 531
0 141 376 359
530 293 653 978
0 359 376 602
0 705 376 960
689 0 790 1000
790 47 859 75
530 978 653 1000
790 0 859 47
0 359 376 394
907 0 975 250
975 0 1000 1000
530 293 653 528
653 0 689 1000
530 0 653 293
376 732 530 1000
859 0 907 1000
907 250 975 1000
530 528 653 978
790 75 859 1000
689 0 790 1000
0 705 376 1000
376 0 530 732
0 394 376 705
0 0 376 359
530 978 653 1000
859 0 907 75
790 0 859 75
530 0 653 83
975 0 1000 1000
0 286 376 359
653 0 689 1000
689 614 790 1000
859 75 907 1000
530 83 653 528
530 528 653 978
689 0 790 614
790 75 859 1000
907 0 975 1000
0 359 376 558
376 0 530 495
376 495 530 1000
0 0 376 286
0 558 376 1000
530 978 653 1000
859 0 907 75
907 0 975 142
530 0 653 83
907 767 975 1000
653 0 689 490
653 490 689 1000
859 75 907 502
859 502 907 1000
975 0 1000 1000
376 782 530 1000
907 142 975 767
790 0 859 1000
0 748 376 1000
689 0 790 1000
530 83 653 978
376 0 530 782
0 0 376 359
0 359 376 748
859 0 907 75
975 0 1000 304
907 0 975 142
530 0 653 83
790 823 859 1000
0 959 376 1000
975 304 1000 1000
689 706 790 1000
530 749 653 1000
653 0 689 1000
859 75 907 1000
790 0 859 823
907 142 975 1000
689 0 790 706
0 748 376 959
530 83 653 749
0 0 376 359
0 359 376 748
376 0 530 1000
975 0 1000 304
907 0 975 142
530 0 653 83
790 823 859 1000
0 959 376 1000
975 304 1000 1000
907 668 975 1000
376 820 530 1000
689 706 790 1000
907 142 975 668
653 0 689 1000
859 75 907 1000
790 0 859 823
689 0 790 706
0 0 376 279
530 83 653 1000
0 631 376 959
376 0 530 820
0 279 376 631
653 895 689 1000
975 0 1000 304
790 823 859 1000
975 304 1000 1000
530 796 653 1000
689 706 790 1000
653 0 689 895
0 910 376 1000
530 0 653 354
859 0 907 1000
530 354 653 796
376 0 530 354
790 0 859 823
907 0 975 1000
689 0 790 706
376 354 530 1000
0 0 376 279
0 631 376 910
0 279 376 631
653 895 689 1000
975 0 1000 304
653 654 689 895
653 403 689 654
689 706 790 825
653 0 689 403
975 304 1000 1000
689 825 790 1000
530 0 653 354
859 0 907 1000
907 0 975 1000
790 0 859 1000
689 0 790 706
376 531 530 1000
530 354 653 1000
376 0 530 531
0 0 376 279
0 279 376 631
0 631 376 1000
653 895 689 1000
790 0 859 78
653 654 689 895
689 603 790 702
790 78 859 223
689 706 790 825
689 825 790 1000
653 0 689 654
975 0 1000 1000
376 605 530 775
530 721 653 1000
376 775 530 1000
859 0 907 1000
790 223 859 1000
689 0 790 603
907 0 975 1000
530 0 653 721
376 0 530 605
0 0 376 1000
790 0 859 78
653 654 689 895
689 603 790 702
790 78 859 223
689 702 790 825
689 825 790 1000
653 0 689 654
975 0 1000 1000
376 605 530 775
530 721 653 1000
376 775 530 1000
859 0 907 1000
790 223 859 1000
689 0 790 603
907 0 975 1000
0 812 376 1000
530 0 653 721
376 0 530 605
0 0 376 812
653 895 689 1000
790 0 859 78
689 603 790 702
790 78 859 223
0 367 376 408
530 0 653 136
975 0 1000 1000
689 702 790 1000
653 0 689 895
907 0 975 489
907 489 975 1000
859 0 907 1000
790 223 859 1000
689 0 790 603
0 812 376 1000
530 136 653 1000
0 0 376 367
0 408 376 812
376 0 530 1000
653 895 689 937
653 937 689 1000
0 330 376 367
0 367 376 408
907 0 975 246
689 0 790 172
975 0 1000 1000
653 0 689 895
530 666 653 1000
859 0 907 1000
907 246 975 1000
376 594 530 1000
790 0 859 1000
530 0 653 666
689 172 790 1000
376 0 530 594
0 729 376 1000
0 408 376 729
0 0 376 330
653 937 689 1000
859 786 907 1000
653 0 689 319
0 330 376 367
0 367 376 408
907 0 975 246
859 0 907 371
859 371 907 786
653 319 689 895
975 0 1000 1000
530 666 653 1000
907 246 975 1000
790 0 859 1000
530 0 653 666
689 0 790 1000
0 729 376 1000
0 408 376 729
0 0 376 330
376 0 530 1000
