584 627 655 628
278 0 495 9
689 917 713 1000
689 0 713 170
584 628 655 698
908 876 959 1000
278 968 495 1000
827 736 873 1000
985 0 1000 1000
827 390 873 736
744 731 806 1000
908 0 959 332
689 170 713 917
827 0 873 390
806 0 827 1000
584 698 655 1000
959 0 985 1000
908 332 959 876
713 0 744 1000
655 0 689 1000
873 0 908 1000
495 557 584 1000
584 0 655 627
744 0 806 731
495 0 584 557
145 0 278 457
0 532 145 1000
145 457 278 1000
0 0 145 532
278 9 495 368
278 368 495 968
689 917 713 1000
689 0 713 170
584 628 655 698
689 668 713 917
744 898 806 1000
908 876 959 1000
278 968 495 1000
584 698 655 817
744 731 806 898
689 170 713 668
827 736 873 1000
584 817 655 1000
145 0 278 111
985 0 1000 1000
806 0 827 1000
959 0 985 1000
713 0 744 1000
827 0 873 736
655 0 689 1000
873 0 908 1000
495 557 584 1000
584 0 655 627
908 0 959 876
744 0 806 731
145 111 278 457
495 0 584 557
0 532 145 1000
145 457 278 1000
0 0 145 532
278 531 495 968
278 9 495 531
584 628 655 698
744 898 806 1000
713 780 744 1000
278 968 495 1000
689 668 713 1000
584 698 655 817
827 0 873 214
827 736 873 1000
278 0 495 56
584 817 655 1000
0 439 145 532
985 0 1000 1000
689 0 713 668
806 0 827 1000
827 214 873 736
713 0 744 780
959 0 985 1000
145 457 278 653
655 0 689 1000
873 0 908 1000
495 557 584 1000
584 0 655 627
145 653 278 1000
495 0 584 557
908 0 959 1000
744 0 806 898
145 0 278 457
0 0 145 439
0 532 145 1000
278 531 495 968
278 56 495 531
584 628 655 698
584 698 655 769
744 898 806 1000
713 780 744 1000
713 545 744 780
689 668 713 1000
827 0 873 214
0 464 145 532
584 817 655 1000
985 0 1000 1000
0 335 145 439
689 0 713 668
713 0 744 545
806 0 827 1000
959 0 985 1000
145 457 278 653
278 395 495 531
655 0 689 1000
873 0 908 1000
827 214 873 1000
495 524 584 1000
584 0 655 627
145 653 278 1000
495 0 584 524
0 0 145 335
908 0 959 1000
744 0 806 898
145 0 278 457
0 532 145 1000
278 0 495 395
278 531 495 1000
0 439 145 464
744 898 806 1000
713 780 744 1000
713 545 744 780
827 0 873 214
584 627 655 769
145 564 278 653
908 0 959 266
985 0 1000 1000
0 335 145 439
584 769 655 1000
713 0 744 545
744 0 806 302
806 0 827 1000
689 0 713 1000
959 0 985 1000
655 0 689 1000
873 0 908 1000
827 214 873 1000
744 302 806 898
908 266 959 1000
495 524 584 1000
584 0 655 627
145 653 278 1000
495 0 584 524
0 0 145 335
278 395 495 625
145 0 278 564
0 464 145 1000
278 625 495 1000
278 0 495 395
0 439 145 464
744 898 806 957
278 957 495 974
713 386 744 545
278 974 495 1000
713 780 744 1000
713 545 744 780
827 0 873 214
584 627 655 769
713 0 744 386
985 0 1000 1000
0 335 145 439
584 769 655 1000
744 0 806 302
806 0 827 1000
689 0 713 1000
959 0 985 1000
655 0 689 1000
873 0 908 1000
827 214 873 1000
744 302 806 898
584 0 655 627
0 0 145 335
278 395 495 625
908 0 959 1000
145 564 278 1000
278 625 495 957
145 0 278 564
0 464 145 1000
278 0 495 395
495 0 584 1000
0 439 145 464
278 957 495 974
908 916 959 1000
713 386 744 545
278 974 495 1000
713 780 744 1000
713 545 744 780
495 0 584 85
584 627 655 769
713 0 744 386
985 0 1000 1000
0 335 145 439
584 769 655 1000
744 0 806 302
806 0 827 1000
689 0 713 1000
959 0 985 1000
495 85 584 436
655 0 689 1000
873 0 908 1000
744 302 806 957
584 0 655 627
827 0 873 1000
908 0 959 916
0 0 145 335
495 436 584 1000
145 564 278 1000
145 0 278 564
0 464 145 1000
278 560 495 957
278 0 495 560
0 439 145 464
278 957 495 974
908 916 959 1000
713 386 744 545
278 974 495 1000
495 0 584 85
827 0 873 167
584 627 655 769
713 0 744 386
713 545 744 1000
985 0 1000 1000
827 167 873 515
584 769 655 1000
744 0 806 302
806 0 827 1000
827 515 873 1000
689 0 713 1000
959 0 985 1000
655 0 689 941
873 0 908 1000
278 0 495 169
744 302 806 957
584 0 655 627
908 0 959 916
145 564 278 1000
0 0 145 439
145 0 278 564
0 464 145 1000
495 85 584 1000
278 169 495 560
278 560 495 957
655 941 689 1000
744 957 806 1000
495 969 584 1000
908 916 959 1000
278 974 495 1000
908 788 959 916
827 0 873 167
713 0 744 386
985 0 1000 1000
827 167 873 515
584 769 655 1000
744 0 806 302
713 386 744 1000
278 560 495 656
806 0 827 1000
827 515 873 1000
495 704 584 969
689 0 713 1000
959 0 985 1000
655 0 689 941
873 0 908 1000
908 0 959 788
744 302 806 957
584 0 655 769
145 564 278 1000
495 0 584 704
0 0 145 464
278 656 495 974
145 0 278 564
0 464 145 1000
278 0 495 560
655 941 689 1000
744 957 806 1000
495 969 584 1000
959 860 985 1000
908 916 959 1000
713 0 744 147
278 974 495 1000
908 788 959 916
827 0 873 167
584 876 655 1000
689 515 713 1000
689 0 713 515
985 0 1000 1000
744 0 806 302
806 0 827 1000
959 0 985 860
495 704 584 969
713 147 744 1000
655 0 689 941
873 0 908 1000
827 167 873 1000
908 0 959 788
744 302 806 957
0 703 145 1000
145 609 278 1000
584 0 655 876
495 0 584 704
278 656 495 974
145 0 278 609
0 0 145 703
278 0 495 656
655 941 689 1000
744 957 806 1000
495 969 584 1000
959 860 985 1000
908 916 959 1000
713 0 744 147
278 974 495 1000
584 780 655 876
584 876 655 1000
689 515 713 1000
689 0 713 515
278 510 495 574
985 0 1000 1000
278 574 495 656
744 0 806 302
806 0 827 1000
959 0 985 860
495 704 584 969
713 147 744 1000
655 0 689 941
873 0 908 1000
744 302 806 957
827 0 873 1000
908 0 959 916
145 609 278 1000
584 0 655 780
495 0 584 704
278 656 495 974
145 0 278 609
278 0 495 510
0 0 145 1000
655 941 689 997
145 594 278 609
744 957 806 1000
495 969 584 1000
959 860 985 1000
655 822 689 941
908 916 959 1000
713 0 744 147
584 780 655 876
584 876 655 1000
689 515 713 1000
689 0 713 515
908 665 959 916
278 510 495 574
985 0 1000 1000
806 0 827 1000
959 0 985 860
713 147 744 1000
655 0 689 822
908 0 959 665
873 0 908 1000
827 0 873 1000
145 609 278 1000
584 0 655 780
744 0 806 957
0 515 145 1000
0 0 145 515
145 0 278 594
495 0 584 969
278 574 495 1000
278 0 495 510
145 594 278 609
744 957 806 1000
959 860 985 1000
908 665 959 740
655 822 689 941
908 916 959 1000
584 876 655 1000
908 740 959 916
584 0 655 154
689 515 713 1000
689 0 713 515
278 510 495 574
985 0 1000 1000
744 703 806 957
806 0 827 1000
959 0 985 860
495 702 584 1000
655 0 689 822
713 0 744 1000
908 0 959 665
873 0 908 1000
744 0 806 703
827 0 873 1000
584 154 655 876
145 609 278 1000
495 0 584 702
0 515 145 1000
0 0 145 515
145 0 278 594
278 574 495 1000
278 0 495 510
655 941 689 997
744 957 806 1000
959 860 985 1000
655 822 689 941
908 916 959 1000
584 876 655 1000
908 740 959 916
278 574 495 616
584 0 655 154
278 510 495 574
985 0 1000 1000
744 703 806 957
806 0 827 1000
959 0 985 860
145 422 278 594
689 0 713 1000
655 0 689 822
713 0 744 1000
873 0 908 1000
908 0 959 740
495 564 584 1000
744 0 806 703
827 0 873 1000
495 0 584 564
584 154 655 876
145 594 278 1000
145 0 278 422
0 515 145 1000
0 0 145 515
278 616 495 1000
278 0 495 510
495 960 584 1000
959 860 985 1000
908 916 959 1000
655 822 689 997
584 876 655 1000
908 740 959 916
278 574 495 616
0 515 145 584
584 0 655 154
278 510 495 574
985 0 1000 1000
744 703 806 1000
806 0 827 1000
959 0 985 860
145 422 278 594
689 0 713 1000
655 0 689 822
713 0 744 1000
873 0 908 1000
495 564 584 960
908 0 959 740
744 0 806 703
827 0 873 1000
495 0 584 564
584 154 655 876
145 594 278 1000
145 0 278 422
0 584 145 1000
0 0 145 515
278 616 495 1000
278 0 495 510
278 574 495 584
873 0 908 66
495 960 584 1000
278 975 495 1000
655 822 689 997
278 584 495 616
689 0 713 300
584 876 655 1000
908 740 959 1000
985 0 1000 1000
689 300 713 1000
744 703 806 1000
495 736 584 960
806 0 827 1000
827 525 873 1000
827 0 873 525
959 0 985 1000
655 0 689 822
713 0 744 1000
873 66 908 1000
908 0 959 740
744 0 806 703
278 351 495 574
145 594 278 1000
584 0 655 876
495 0 584 736
0 515 145 1000
0 0 145 515
278 0 495 351
278 616 495 975
145 0 278 594
278 574 495 584
873 0 908 66
495 960 584 1000
278 975 495 1000
689 0 713 300
584 876 655 1000
495 591 584 736
908 740 959 1000
985 0 1000 1000
689 300 713 1000
744 703 806 1000
495 736 584 960
806 0 827 1000
145 434 278 594
827 525 873 1000
0 515 145 681
827 0 873 525
959 0 985 1000
713 0 744 1000
873 66 908 1000
655 0 689 1000
908 0 959 740
744 0 806 703
0 681 145 1000
495 0 584 591
145 594 278 1000
145 0 278 434
584 0 655 876
0 0 145 515
278 584 495 975
278 0 495 574
873 0 908 66
495 960 584 1000
689 300 713 458
278 975 495 1000
689 0 713 300
584 876 655 1000
744 0 806 161
584 0 655 168
495 591 584 736
689 458 713 1000
908 740 959 1000
985 0 1000 1000
744 703 806 1000
495 736 584 960
806 0 827 1000
0 515 145 681
959 0 985 1000
713 0 744 1000
873 66 908 1000
744 161 806 703
655 0 689 1000
908 0 959 740
827 0 873 1000
0 681 145 1000
584 168 655 876
495 0 584 591
145 0 278 434
0 0 145 515
145 434 278 1000
278 584 495 975
278 0 495 584
495 960 584 1000
689 300 713 458
278 975 495 1000
689 0 713 300
744 0 806 161
584 0 655 168
495 591 584 736
689 458 713 1000
908 740 959 1000
985 0 1000 1000
744 703 806 1000
827 0 873 403
495 736 584 960
806 0 827 1000
959 0 985 1000
827 403 873 1000
713 53 744 1000
145 434 278 656
278 438 495 584
873 66 908 1000
744 161 806 703
655 0 689 1000
908 0 959 740
145 656 278 1000
0 681 145 1000
495 0 584 591
145 0 278 434
584 168 655 1000
278 584 495 975
278 0 495 438
0 0 145 681
495 960 584 1000
689 300 713 458
689 458 713 686
0 951 145 1000
689 0 713 300
689 686 713 1000
495 487 584 591
744 0 806 161
713 53 744 422
584 0 655 168
495 591 584 736
908 740 959 1000
985 0 1000 1000
713 422 744 1000
827 0 873 403
495 736 584 960
806 0 827 1000
959 0 985 1000
827 403 873 1000
873 66 908 1000
655 0 689 1000
908 0 959 740
0 681 145 951
495 0 584 487
145 656 278 1000
744 161 806 1000
584 168 655 1000
145 0 278 656
278 0 495 438
0 0 145 681
278 438 495 1000
495 960 584 1000
689 300 713 458
689 458 713 686
0 951 145 1000
689 0 713 300
689 686 713 1000
655 731 689 1000
744 0 806 161
713 53 744 422
584 0 655 168
985 0 1000 1000
713 422 744 1000
827 0 873 403
806 0 827 1000
744 161 806 501
584 695 655 1000
655 0 689 731
959 0 985 1000
827 403 873 1000
744 501 806 1000
873 66 908 1000
584 168 655 695
0 681 145 951
495 487 584 960
495 0 584 487
145 656 278 1000
908 0 959 1000
278 0 495 339
145 0 278 656
0 0 145 681
278 339 495 1000
713 0 744 53
873 0 908 66
827 931 873 1000
495 960 584 1000
689 300 713 458
689 458 713 686
0 951 145 1000
689 0 713 300
689 686 713 1000
0 0 145 58
655 731 689 1000
744 0 806 161
959 0 985 398
713 53 744 422
584 0 655 168
985 0 1000 1000
959 398 985 1000
278 257 495 339
713 422 744 1000
806 0 827 1000
655 0 689 731
873 66 908 1000
827 33 873 931
908 0 959 1000
744 161 806 1000
278 0 495 257
584 168 655 1000
495 0 584 960
0 58 145 951
145 0 278 1000
278 339 495 998
278 998 495 1000
827 0 873 33
713 0 744 53
827 931 873 1000
278 339 495 357
873 847 908 1000
0 951 145 1000
655 731 689 1000
985 0 1000 1000
908 648 959 1000
806 0 827 1000
744 656 806 1000
584 675 655 1000
689 0 713 1000
655 0 689 731
495 0 584 286
959 0 985 1000
713 53 744 1000
873 0 908 847
908 0 959 648
744 0 806 656
827 33 873 931
584 0 655 675
278 357 495 628
495 286 584 1000
145 508 278 1000
0 499 145 951
145 0 278 508
0 0 145 499
278 0 495 339
278 628 495 998
713 0 744 53
873 847 908 1000
806 723 827 1000
959 755 985 1000
806 0 827 353
806 353 827 723
495 491 584 588
145 923 278 1000
584 0 655 158
985 0 1000 1000
145 508 278 625
908 648 959 1000
959 0 985 755
744 656 806 1000
0 0 145 155
689 0 713 1000
584 158 655 538
713 53 744 1000
873 0 908 847
584 538 655 1000
908 0 959 648
655 0 689 1000
495 588 584 1000
145 625 278 923
744 0 806 656
495 0 584 491
827 0 873 1000
145 0 278 508
278 0 495 357
0 155 145 1000
278 357 495 998
278 998 495 1000
713 0 744 53
145 902 278 923
873 847 908 1000
145 923 278 1000
584 0 655 158
713 567 744 1000
145 0 278 105
985 0 1000 1000
744 754 806 1000
827 667 873 1000
713 53 744 567
908 648 959 1000
806 0 827 1000
689 0 713 1000
278 438 495 550
959 0 985 1000
873 0 908 847
827 0 873 667
908 0 959 648
655 0 689 1000
495 588 584 1000
744 0 806 754
495 0 584 588
145 508 278 902
145 105 278 508
584 158 655 1000
0 510 145 1000
0 0 145 510
278 0 495 438
278 550 495 998
713 0 744 53
145 902 278 923
713 237 744 368
713 70 744 237
873 847 908 1000
713 368 744 567
145 105 278 168
655 0 689 264
908 0 959 181
145 923 278 1000
584 0 655 158
713 567 744 1000
145 0 278 105
985 0 1000 1000
744 754 806 1000
908 648 959 1000
806 0 827 1000
908 181 959 648
689 0 713 1000
655 264 689 1000
959 0 985 1000
873 0 908 847
0 740 145 1000
827 0 873 1000
744 0 806 754
584 158 655 1000
278 653 495 998
495 0 584 1000
145 168 278 902
0 0 145 740
278 0 495 653
713 0 744 53
713 237 744 368
713 70 744 237
873 847 908 1000
713 368 744 567
145 105 278 168
655 0 689 264
908 0 959 181
145 902 278 1000
713 567 744 1000
145 0 278 105
985 0 1000 1000
744 754 806 1000
278 926 495 998
278 0 495 85
806 0 827 1000
145 168 278 337
689 0 713 1000
655 264 689 1000
959 0 985 1000
873 0 908 847
0 740 145 1000
908 181 959 1000
495 0 584 485
495 485 584 1000
827 0 873 1000
744 0 806 754
584 0 655 1000
145 337 278 902
0 0 145 740
278 85 495 926
713 0 744 53
713 237 744 368
873 847 908 1000
713 53 744 237
908 0 959 181
145 902 278 1000
985 0 1000 1000
744 754 806 1000
278 926 495 998
278 0 495 85
713 368 744 1000
806 0 827 1000
145 0 278 168
145 168 278 337
689 0 713 1000
959 0 985 1000
873 0 908 847
655 0 689 1000
0 740 145 1000
278 736 495 926
908 181 959 1000
495 0 584 485
495 485 584 1000
827 0 873 1000
744 0 806 754
0 409 145 740
0 0 145 409
278 85 495 381
584 0 655 1000
145 337 278 902
278 381 495 736
495 0 584 52
873 847 908 1000
713 53 744 237
873 669 908 847
0 948 145 1000
908 0 959 181
827 777 873 1000
873 366 908 669
873 0 908 366
145 902 278 1000
985 0 1000 1000
744 754 806 1000
744 488 806 754
713 368 744 1000
806 0 827 1000
689 0 713 1000
959 0 985 1000
744 0 806 488
655 0 689 1000
584 0 655 491
827 0 873 777
584 491 655 1000
495 52 584 485
908 181 959 1000
145 0 278 337
495 485 584 1000
278 736 495 998
0 0 145 409
145 337 278 902
0 409 145 948
278 0 495 736
713 0 744 53
495 0 584 52
873 847 908 1000
713 53 744 237
873 669 908 847
0 948 145 1000
908 0 959 181
278 952 495 998
827 777 873 1000
145 902 278 1000
985 0 1000 1000
806 0 827 1000
0 0 145 155
873 0 908 669
713 237 744 1000
689 0 713 1000
959 0 985 1000
744 0 806 488
744 488 806 1000
655 0 689 1000
584 0 655 491
827 0 873 777
584 491 655 1000
495 52 584 485
908 181 959 1000
495 485 584 1000
145 496 278 902
145 0 278 496
278 517 495 952
278 0 495 517
0 155 145 948
278 998 495 1000
713 0 744 53
744 940 806 1000
495 0 584 52
713 237 744 393
873 847 908 1000
713 53 744 237
0 948 145 1000
908 0 959 181
278 952 495 998
827 777 873 1000
145 902 278 1000
985 0 1000 1000
713 393 744 1000
806 0 827 1000
0 0 145 155
689 0 713 1000
959 0 985 1000
873 0 908 847
655 0 689 1000
827 0 873 777
908 181 959 1000
145 0 278 362
0 589 145 948
744 0 806 940
0 155 145 589
584 0 655 1000
145 362 278 902
495 52 584 1000
278 517 495 952
278 0 495 517
713 0 744 53
744 940 806 1000
713 237 744 393
713 53 744 237
0 0 145 47
827 777 873 1000
985 0 1000 1000
908 672 959 1000
713 393 744 1000
806 0 827 1000
744 567 806 940
689 0 713 1000
959 0 985 1000
584 0 655 378
278 374 495 517
0 365 145 589
655 0 689 1000
908 0 959 672
873 0 908 1000
744 0 806 567
827 0 873 777
495 579 584 1000
145 362 278 650
584 378 655 1000
0 47 145 365
145 650 278 1000
145 0 278 362
495 0 584 579
0 589 145 1000
278 0 495 374
278 517 495 1000
744 940 806 1000
959 767 985 1000
0 0 145 47
145 934 278 1000
827 777 873 1000
713 53 744 393
744 761 806 940
744 567 806 761
584 378 655 577
985 0 1000 1000
908 672 959 1000
145 524 278 650
713 393 744 1000
959 0 985 767
806 0 827 1000
495 0 584 239
689 0 713 1000
584 0 655 378
584 577 655 979
655 0 689 938
908 0 959 672
873 0 908 1000
744 0 806 567
827 0 873 777
145 650 278 934
0 589 145 1000
495 239 584 1000
145 0 278 524
0 47 145 589
278 595 495 1000
278 0 495 595
655 938 689 1000
959 767 985 1000
0 0 145 47
145 934 278 1000
689 0 713 451
744 567 806 761
0 505 145 589
713 0 744 393
689 451 713 1000
744 761 806 1000
985 0 1000 1000
908 672 959 1000
145 391 278 524
713 393 744 1000
959 0 985 767
806 0 827 1000
584 0 655 378
655 0 689 938
908 0 959 672
873 0 908 1000
744 0 806 567
584 378 655 979
495 0 584 495
495 495 584 1000
827 0 873 1000
145 0 278 391
145 524 278 934
0 589 145 1000
0 47 145 505
278 595 495 1000
278 0 495 595
584 0 655 38
689 855 713 1000
0 0 145 47
145 934 278 1000
689 451 713 855
744 407 806 567
689 0 713 451
713 0 744 393
985 0 1000 1000
655 0 689 447
655 447 689 938
908 672 959 1000
827 629 873 1000
145 391 278 524
713 393 744 1000
806 0 827 1000
584 38 655 378
744 0 806 407
959 0 985 1000
744 567 806 1000
827 0 873 629
908 0 959 672
873 0 908 1000
584 378 655 979
495 0 584 495
495 495 584 1000
145 0 278 391
145 524 278 934
278 595 495 1000
278 0 495 595
0 47 145 1000
655 938 689 1000
584 0 655 38
689 855 713 1000
713 814 744 1000
689 451 713 855
495 880 584 1000
689 0 713 451
713 0 744 393
713 393 744 814
145 0 278 105
985 0 1000 1000
655 0 689 447
655 447 689 938
908 672 959 1000
827 629 873 1000
806 0 827 1000
584 38 655 378
744 0 806 407
959 0 985 1000
827 0 873 629
908 0 959 672
873 0 908 1000
744 407 806 1000
145 105 278 391
584 378 655 979
0 644 145 1000
278 0 495 307
495 0 584 880
145 391 278 1000
0 0 145 644
278 307 495 1000
584 979 655 1000
655 938 689 1000
584 0 655 38
584 38 655 78
689 855 713 1000
713 814 744 1000
713 393 744 585
713 585 744 814
689 451 713 816
495 880 584 1000
689 0 713 451
713 0 744 393
985 0 1000 1000
827 629 873 1000
744 715 806 1000
495 662 584 880
806 0 827 1000
584 78 655 378
959 0 985 1000
827 0 873 629
655 0 689 938
873 0 908 1000
584 378 655 979
744 0 806 715
908 0 959 1000
145 0 278 391
495 0 584 662
278 0 495 307
145 391 278 1000
0 0 145 1000
278 307 495 1000
655 938 689 1000
584 0 655 38
584 38 655 78
689 855 713 1000
873 888 908 1000
713 814 744 1000
713 393 744 585
713 585 744 814
689 451 713 816
495 880 584 1000
689 0 713 451
713 0 744 393
145 891 278 1000
985 0 1000 1000
827 629 873 1000
744 715 806 1000
495 662 584 880
806 0 827 1000
0 843 145 1000
959 0 985 1000
827 0 873 629
873 0 908 888
655 0 689 938
744 0 806 715
908 0 959 1000
495 0 584 662
584 78 655 979
278 0 495 476
278 476 495 1000
145 0 278 891
0 0 145 843
