1000 25 50
63 566 735 1142 2016 2388 3341 3371 3380 3414 5105 6827 7267 7456 10322 11146 11507 11557 11710 12484 12518 13743 13814 13904 14112 14193 14316 14636 15305 16370 16774 16926 21077 21358 21899 23753 24016 24698 26302 28117 29719 30322 30858 32325 33466 38622 41886 44944 57720 58856
156 178 221 1260 2340 2681 3154 5315 5435 5570 5900 6070 6164 6631 6738 6788 7138 7951 8036 8315 9168 9317 10668 11400 12543 13128 13582 14236 14479 14543 15240 15769 16015 17631 19203 19470 20826 22657 25023 25581 25866 28607 29832 31940 35284 35927 48469 55481 96028 96596
189 280 394 669 794 1117 1165 1399 1512 2216 2356 3205 3830 5630 6157 6169 6271 6998 7032 7063 7138 8228 8609 9976 10763 11012 12859 13306 14318 14406 17370 20569 21056 21082 21174 22135 24682 25444 30805 33879 34918 36523 39282 40535 43834 50378 51832 63890 70858 71250
221 369 449 902 1015 1080 1557 1657 1757 1986 2310 2318 3630 3676 4879 5011 5414 7792 7833 8427 8620 9786 9910 11091 11262 11791 13309 13443 13451 14160 14655 16595 16873 18175 18853 19131 22215 23165 26473 29026 31965 32060 35567 36965 37120 39862 45557 51179 83115 109839
203 270 1313 1396 2007 2694 3049 3404 3439 3577 3889 4357 5282 6263 6308 6795 7005 8818 9136 9162 9777 10152 10849 11134 11818 12455 12582 13018 15117 16081 17407 18477 20910 22024 22060 22437 22699 22719 23214 23920 25754 35836 41597 41816 47003 49637 55976 60953 62584 68842
407 821 1030 1161 1283 1544 1616 2799 2959 3134 3140 3709 4101 4535 4762 4873 4892 5311 6878 7490 7618 8917 9056 10893 10922 11641 12435 12728 14340 14460 14534 14628 17331 21112 21182 23600 23604 23771 25498 28119 31362 32057 33443 36002 48155 49462 49771 57555 59373 99947
241 338 350 501 534 1541 1704 3229 3334 3474 3728 5072 5968 6464 6754 6855 7287 7715 8552 8627 9931 11308 11947 13385 13653 14445 14445 15364 16868 18325 19425 20223 21674 21848 22731 22749 23560 27552 32491 36260 36955 37047 37567 39074 39809 40550 41900 58857 62099 74261
45 119 602 921 1340 1466 2134 2760 3762 4073 4113 4262 4911 4967 5382 5830 7669 8465 8849 9240 9553 9931 11262 12347 13117 13168 14316 14615 18084 18153 20241 21213 22136 22767 23325 23846 24077 24139 25879 25973 26178 27208 33719 34300 43308 49174 61933 65982 71657 86327
433 646 841 940 1122 1531 2053 2286 2880 3000 3034 3068 3168 3693 3892 5345 5348 5816 6504 7652 9282 9491 9775 10111 12227 12546 14159 14354 14623 14701 14854 15341 18519 19366 20054 27379 28455 29270 31631 32260 38893 39072 39096 43383 46631 53068 53135 57505 64901 67586
835 2081 2610 2682 3082 3241 3272 5977 6676 6709 8407 8622 8821 9316 9557 9644 9874 9888 11831 12066 12386 12414 13567 14979 15049 15269 15672 16391 16799 17393 17739 17938 18675 18849 19997 21791 23482 24416 26690 26876 27263 28404 28963 29820 31970 32787 43859 45668 59260 89842
77 1342 1490 1496 1557 1607 2101 2619 2678 3107 3299 3456 4116 5159 5191 5432 5681 6509 6644 7075 8347 9275 10410 10691 12351 12577 13508 13774 17591 17936 18050 18105 18212 18545 20740 22118 22562 24064 26074 27694 27934 28998 30939 40196 42926 44549 44646 48415 99474 100221
223 231 625 1306 1781 1942 2285 3363 3581 4419 4449 5374 5437 5536 5616 6088 6329 6870 7848 8700 9762 9873 10064 10606 11063 11104 12312 13755 13832 15109 15717 17594 19712 21322 22312 22575 22729 24486 26629 34132 37789 38542 39126 39500 40223 41989 45469 54525 56163 94394
78 202 1323 1613 1766 2061 2793 3048 3254 3299 3402 3600 4445 5008 5176 5456 5471 5794 6072 6392 6972 9317 10731 13174 13567 14288 14883 15054 16088 16282 17192 19900 20919 22072 22647 23236 25228 27041 27154 28474 30142 30190 34228 34985 35258 37819 38478 44777 49137 118598
795 933 1525 1973 2245 2344 3825 4042 4280 5433 5531 5584 5681 5801 7691 8076 8173 8259 9165 9891 10159 10376 10822 12225 12311 12470 12733 15850 16364 16374 20441 22329 22594 22721 23111 23517 25299 25814 26251 27609 28370 29876 30225 30335 37205 41810 52927 54964 72400 77235
272 422 570 995 1180 1317 1484 1924 2122 2382 3270 3781 4106 5077 5181 5510 5548 5633 6356 9176 10091 10874 11822 11894 12347 12663 13324 13565 14495 14922 16369 18042 18163 19692 19816 26159 26369 28120 28705 32708 33003 34277 34481 39011 40074 46738 61674 62247 65430 96217
1646 1920 2092 2322 2377 3612 3631 3687 4873 5137 5446 5738 5977 6675 7083 9335 9757 9808 9894 9957 10751 11109 11154 11235 13397 13498 14494 15348 15723 16558 16660 18446 20008 20056 21287 21410 22658 27346 27688 28306 29103 30010 33896 34917 36901 39801 48143 52986 54763 59605
81 1028 1041 1071 1297 2885 2939 4077 4345 4976 5315 5545 5767 7275 8056 8896 8967 10403 10666 10823 10840 10945 11026 11282 11678 11996 12039 12788 13344 14092 16964 19904 20309 21426 21798 21984 23092 24674 25666 28049 30180 32634 34198 35362 36920 38908 40407 61695 62680 83840
257 304 410 540 791 2877 3323 4505 4553 4699 5004 6194 6736 8292 8737 8945 9570 9856 9930 10673 10746 10940 11279 12515 13707 13953 15182 17313 17676 17801 20514 21178 21705 22402 24397 24761 25020 25519 25941 29271 31529 31897 32227 35252 36827 41233 42125 44130 47148 50842
801 1141 1505 1777 2153 2931 3755 4035 4095 4408 5017 5329 5448 5773 6290 6310 6648 8982 9629 9847 10117 10582 11028 11267 12094 12504 13675 14557 16734 16912 17117 19228 19464 21420 23543 24844 25189 25806 26667 27491 29088 31673 33709 34541 34629 48177 50878 55145 71210 79007
1539 1943 2300 2368 4061 4288 4413 4546 4572 5011 5120 5502 5713 5813 5814 6263 7187 8302 8502 9023 9361 9994 10287 11592 11597 12033 13214 13449 13669 14371 14481 14645 17844 18063 18787 20519 20701 22275 22310 27744 28335 28578 28938 31900 41704 47126 62423 67664 75149 84366
678 956 1107 1552 1909 2101 2390 2454 2649 3446 4044 4150 4825 4947 5713 5835 5923 6033 6255 7509 7704 8109 8618 10433 10670 11602 11744 12724 14420 14455 14839 16565 17703 17849 21713 22785 23138 23696 25139 26018 29595 29610 33469 35346 38905 44089 44185 68063 68989 114072
87 788 835 1073 2030 2229 2250 2972 4614 5046 5504 6737 7229 7601 8277 8511 9574 10189 11601 12193 12420 12604 13571 13967 14494 14889 16280 16461 16804 17202 17325 19537 20161 20176 21460 21529 21941 22306 23562 27139 27853 28189 29648 31294 33506 42265 42869 53757 69358 83547
229 848 1545 2602 2918 3086 4255 4279 5663 6002 6234 6432 7289 7381 8443 8647 9507 9860 10398 11655 11684 12341 12748 12766 13754 14399 14942 16019 18467 19349 19508 19639 20445 20999 21328 22729 23455 23678 24703 24715 28472 30242 31073 33601 34504 37535 39372 51331 53558 57220
412 883 1362 1408 1622 1806 2431 2814 4470 4478 5314 5325 6347 6693 6880 7007 8315 8614 8650 9116 9263 9359 11015 11316 11328 12362 13132 13255 15379 15543 15751 17876 18450 18745 21495 21658 21964 25614 25888 26601 29060 29382 32221 39375 41117 46686 47144 50482 55341 105063
201 787 906 1171 2619 2810 3132 3374 3601 3875 4234 4820 5188 5555 6099 6165 6251 6814 7115 8065 8798 8871 8969 10606 10712 11047 11191 12848 12924 15282 15406 15684 16054 18300 18525 23228 23945 24727 25280 28257 33282 37739 39874 41076 44176 45217 56868 58665 63834 70873
