1000 26 18
3079 6527 13353 15770 19301 22225 23059 30422 40404 43474 50071 61456 66260 73998 82883 92661 96253 97127
3322 4466 10542 12474 15802 16473 19910 40889 41772 49631 51809 60124 74698 77513 84694 92307 108702 116261
2495 3708 8421 8760 9865 10184 11364 15856 20582 23792 30970 59520 73509 81092 82225 114181 118275 134440
7232 8071 9821 12354 17879 19202 19692 19726 29398 30547 33244 34200 40994 50151 56149 75290 189430 196563
1308 3005 7218 7950 14849 19399 23419 25812 26722 34872 43585 45467 55169 63428 67863 85852 147967 185228
639 3901 5324 7853 15341 17403 23762 30764 32043 35280 36164 36225 62945 65013 79812 112273 124864 201214
92 546 554 1078 13777 16740 22928 26894 30011 31850 38371 42604 72960 73227 74034 100077 102897 194317
6989 7065 7546 8691 11463 11794 22019 24155 34579 44133 51660 51879 63148 74444 84779 86555 125147 129985
6601 8211 8284 21445 24796 25222 30126 30541 30829 41587 43348 43715 45301 50975 56809 78965 84848 262329
2312 2360 11667 20264 21003 26665 28196 31950 37893 40154 41423 41645 52474 55980 64199 82356 137528 176624
2612 8100 8628 17264 21106 25395 27083 35743 38436 39530 40471 46846 51106 56820 78743 97048 120213 153186
3600 5328 8941 9411 11882 21340 27740 30865 32014 36990 37950 40178 45022 51825 75201 80460 128878 209294
4668 7392 10420 19419 20289 22739 24030 32242 38672 40770 47818 59502 62063 65573 76964 94940 111260 166231
766 1180 7384 7409 10733 12433 16456 18249 19263 19362 24993 31259 40770 44691 87467 112837 122559 262027
503 6468 15053 19834 21968 24441 26286 27401 33795 39473 46288 52258 62433 69099 93791 99964 103800 117660
2288 3328 4008 6847 7746 11443 20731 21800 29053 29942 42477 49540 59433 63257 80224 100375 121966 136621
3493 8124 8902 11517 16570 18150 25712 29246 32460 35916 48475 51860 58133 64773 68426 95180 112746 138699
114 2717 10023 14351 14923 17195 33633 34443 37324 37471 57866 62223 76102 76866 82884 89207 92200 135438
1829 6061 10925 18880 19725 24064 24878 25577 26675 31330 38838 40681 41806 44466 87083 114913 126663 161777
703 938 6707 7237 16451 20615 30050 30782 32790 33410 37989 41273 44094 58497 62357 129710 143529 218812
426 926 5584 8105 9022 13886 15993 16209 21680 31178 34187 47516 55992 68586 74277 83061 163825 213069
2583 6448 9130 16489 16706 25719 31808 32252 33153 34230 36259 36455 36466 51617 64123 74658 78758 197115
2554 8828 9923 11344 13691 15982 17667 18756 30453 31024 40369 42799 58309 69856 81143 108371 171387 183524
6075 7542 17518 17944 18319 18798 19719 24808 26717 31713 32670 41343 48374 55030 66340 95386 126838 191709
1783 4816 6537 14510 16766 22835 26629 28571 31666 39084 47142 51771 58948 73290 81433 110176 115075 132379
609 4828 9185 10189 11137 15585 21789 24406 25382 31202 31699 46904 57034 57956 72290 94339 136758 178132
