1000 24 23
153 834 2643 4024 6641 8645 15300 19320 23377 29597 29739 31456 35017 35052 37853 37907 40676 45144 45303 47165 47608 123137 131941
1066 1513 1543 5534 8056 9296 12028 13972 14784 15358 17165 19573 21964 25805 28943 29382 32485 41440 44272 93820 128824 137103 161713
2938 3083 3992 6079 6221 6707 6945 10653 11541 14532 21355 21746 29904 33394 34385 36236 37951 41046 41488 54363 55892 106772 255725
1234 2796 3817 5819 9100 9237 12251 12341 18474 19583 20070 22477 29553 30155 41814 48542 49644 51989 62731 64669 87782 89765 146728
2755 4114 7588 8970 12821 13458 20558 23307 24043 24493 26866 29260 34914 36493 36682 46543 50220 50256 57888 61008 68783 92842 164525
1887 2200 2669 3202 7684 8660 9321 11496 12972 15855 22104 29945 30435 32707 40830 45268 57617 73634 77164 79434 94396 110465 125181
3441 3841 4299 6547 6835 7560 8678 10012 13699 14131 14176 17635 23009 30892 37571 40923 47663 56102 71765 72910 92953 105461 107028
5854 8235 9421 9597 12305 15154 20428 21029 23331 24344 27372 27439 29116 30035 32226 36655 45855 48605 58251 61151 61297 69549 101405
506 704 998 3236 4131 4358 6606 6726 14799 14865 18445 24294 35028 37510 39419 43096 45465 46570 54930 57974 66194 87073 163532
30 135 2069 3934 5304 8767 9991 10087 10242 16168 21339 22529 25307 25658 36079 36826 45766 46037 56791 60442 64475 73097 209869
249 469 2670 4168 4963 8544 11407 13571 15001 15134 15680 16711 21161 22300 27195 32516 41850 70998 76658 88022 93481 110834 123730
916 925 1772 2264 5466 12814 13691 16209 16612 23951 27735 29689 31246 49160 52135 54249 58896 70031 71254 73127 74475 79573 124509
461 1181 2420 6398 7481 7959 9266 19181 22628 26863 27179 28030 28692 28957 34170 35641 35863 35959 76447 79138 102013 103819 134394
57 1934 2427 4814 4900 5742 6389 6961 10061 16974 19035 20526 24171 26298 30384 45749 49085 50846 51561 69881 72584 101190 158215
1628 6261 7070 7230 10403 14560 15830 17625 17728 21227 21758 27187 27885 31842 33571 36596 36687 64138 65990 73788 75970 94452 95418
1296 2484 6096 6824 9676 12631 14480 15286 15717 22621 25861 30926 33542 35651 41499 44370 50104 52162 52234 57017 80516 100369 102822
690 1210 2639 7865 8160 14782 15667 15863 16479 17803 19299 21708 22759 26671 33456 35471 40770 47247 71024 77792 86766 94065 165608
4411 5390 5820 8110 8733 12835 13439 14316 14810 16868 19364 20618 23806 24650 31919 32618 33320 57159 66338 75962 86650 92678 165685
1661 3067 4148 6546 8956 11261 12165 16509 19094 19333 22474 24729 26239 34438 38405 39376 47272 58230 58806 80428 86766 111922 112931
4413 7832 14379 15266 17128 17733 17990 20721 23888 24220 25288 26216 30248 35108 39073 41877 42199 44383 57411 60542 75407 132543 149421
543 4334 6146 7666 8186 10977 12433 13617 13842 19296 24428 29034 32820 38623 39845 45562 47247 56272 58192 71177 73875 106617 108237
2658 2844 4524 9287 14450 14939 15572 15695 16074 18156 20115 20458 21477 35191 36787 36808 48624 51052 63707 70033 94077 94306 160274
1425 5271 5447 6210 11435 11910 13811 13933 16917 17870 21008 21340 28013 29207 30688 31475 43766 48337 49431 52569 60657 95999 171949
1204 1327 1579 2424 7813 11861 12362 18305 18566 20666 24420 24503 29584 34618 50302 50967 52635 54282 66877 77628 81523 96140 123918
