1000 27 8
20360 64197 65061 77468 123049 141072 147916 170530
39177 53531 63117 91183 118926 175371 180119 182871
35914 67744 75614 89391 103469 125217 158553 266467
21141 26737 69433 90633 130502 133754 157922 245613
23375 36246 46914 103975 130748 134139 144846 231970
20059 29180 75565 78138 92416 106125 110155 279839
15455 19085 27180 42731 57440 86469 162782 412207
8230 34165 35931 43497 94333 129903 144045 356675
13174 25123 27429 43500 104121 131516 184835 342044
6105 11486 34024 51472 70223 126529 276839 297368
2084 14103 27660 33206 70485 94961 303913 320829
11118 14881 17879 26125 29115 152637 239721 306094
5399 21706 66447 87671 109615 136838 177625 266781
3320 16807 27828 65752 123472 168481 173010 266532
15800 43507 54327 76130 95699 136754 188697 196675
2345 26051 52014 81508 84894 96232 127415 340612
6109 52358 95995 102010 125132 147736 164960 216854
13130 18606 27404 39608 45351 53033 104224 487818
22380 56878 64689 93213 93421 103768 106941 309227
20852 36358 43268 57613 68302 141339 231309 241091
6107 10578 50973 65129 98845 144660 151292 250185
24425 30675 55413 58453 66062 97168 223739 278215
17129 31816 62079 88963 97154 121053 124265 234204
19040 21056 34449 48661 117826 149038 206376 281864
18234 41558 44954 55923 68100 107479 183255 312406
31620 43962 44161 67485 93507 93681 181822 330214
1825 13460 21737 22599 45174 106708 110680 459587
