1000 49 40
199 259 348 388 962 1343 2007 2722 3149 3149 4127 4482 4693 4928 7271 9356 9585 11764 12196 13571 14826 15244 17217 21475 23204 25617 26134 27282 32841 35002 35584 41855 42085 44167 45631 47704 50131 57705 79112 109272
1818 2111 2898 3641 3659 3753 3792 3868 4425 4899 4950 6276 7065 8617 8941 9619 10668 13121 15210 18790 21059 22541 22590 23348 23403 25862 26618 28322 31553 33116 34331 34365 34903 35012 42007 44855 47299 51893 53837 60123
367 1094 1364 1724 2159 3398 3530 6692 6872 9066 9772 10862 12304 12766 13344 13722 13941 14539 15145 15804 15994 16158 16553 16760 18647 19193 19712 20414 20473 23488 24290 24557 28691 40326 43198 47347 67850 69656 81218 84514
206 632 1240 1826 5821 5969 6686 7075 7128 7165 7939 8473 8504 9447 10296 12842 12973 15309 17628 17912 18708 18807 20093 21035 21093 22412 26720 29902 30475 32109 33729 34454 37751 38753 44301 47689 54754 54881 59062 67213
18 215 387 3215 4569 5165 5841 6018 6540 6639 6914 8547 8579 10176 10782 11725 12294 12503 14611 14806 15181 15682 16051 17298 19311 21129 22487 22488 30159 32191 33697 34017 34583 35675 36890 38803 43722 46737 74000 81928
7 340 601 789 2515 2567 3067 3358 3680 6708 6862 7627 7807 8307 8459 9537 9763 10622 12306 13077 13214 17026 18654 20771 21762 24571 28678 29179 31465 33356 34281 34710 40387 46646 48278 51869 56827 60765 62655 72690
30 610 1161 1716 1766 1806 1919 1958 3438 5939 6002 7523 8292 9047 9961 10029 12453 13629 14259 15294 18079 18806 18832 19779 24411 27694 28145 29869 30258 30649 31399 32940 33299 37656 39199 40027 40214 45453 51740 75078
223 403 800 2717 2761 2905 4038 4571 4711 6391 8122 8353 8487 8747 12764 13845 14388 15128 16193 17544 18941 21929 21933 24098 24210 25456 27337 30837 31772 33010 33153 33223 33409 33597 34185 36477 38898 45910 48850 61008
1539 1747 2700 3450 3523 3706 4017 5215 5478 5905 5978 6338 8630 9123 9180 9990 10447 10725 11818 13249 13278 13579 14388 17689 18908 20525 21338 24154 24279 28845 34497 35947 36735 36841 42676 48371 51143 60383 94324 96298
1463 1574 2300 2899 3188 3873 4216 5103 5288 5921 6407 6531 7709 7713 8031 8166 8300 8531 10345 10408 10547 10616 10641 12134 12777 14971 16917 19135 20920 27081 28367 31617 31961 41894 44551 50273 54701 66725 79250 85357
816 1690 1935 2074 2601 3690 3851 6962 7547 8339 8440 8995 9424 9602 9690 9791 9885 12776 13219 13230 13697 14283 15966 15991 16737 19059 19188 20520 22473 22787 27787 35300 42140 47099 47166 48343 61395 64685 82015 90400
1106 1474 3473 3926 4445 4753 5462 6504 6666 8615 8780 9830 9948 10144 10384 11582 11868 14959 15382 16741 18020 22345 23197 24580 25272 26939 27676 29376 31544 33053 33528 33872 36257 38528 38932 41941 44578 55333 58128 113011
195 2024 2736 2819 3773 4513 5010 5146 5427 5597 6876 7778 8901 9274 9771 11182 11711 12541 14218 15360 15739 16243 16935 16982 20301 20341 23672 25240 27016 27286 31720 32980 37321 38829 39203 41028 45440 48758 49586 73335
382 994 1791 2344 2926 3084 4798 4814 4875 5848 7022 7575 8665 9520 10235 10828 12544 13426 14066 14644 15912 16293 18548 20714 20747 22555 22748 23758 26116 26550 27847 31511 33733 34479 38251 42850 51941 63406 68979 83997
254 1212 2429 3058 3278 4849 5344 5412 6019 6501 7281 9113 9298 9409 9763 10937 11728 13167 15810 16893 16952 17655 18950 19308 19433 20477 20723 25692 26589 27863 28899 31277 36866 37338 37621 54585 54841 63250 72568 77100
490 762 1768 1902 2107 3351 3562 3812 5819 6379 6406 7193 8604 9397 9776 10496 11445 11528 12128 12191 12329 13264 14073 16209 23087 25249 26347 26623 28770 32116 33787 37310 41235 44640 52536 55989 64476 67749 77894 92989
523 685 1779 2947 3002 3316 4803 6589 6831 8544 9706 10051 10207 10907 11459 11535 12107 13066 14783 16180 17741 18993 22191 23992 24143 28880 29368 29868 30085 30369 30370 33893 36760 37467 38507 44605 46501 50177 50943 74271
1104 1407 1822 2175 3718 3779 4350 4995 6119 7036 7052 9161 10007 10337 11134 11740 12932 16776 17433 19706 20847 21146 23867 24220 25806 26627 27213 28122 28460 28782 32914 39537 40955 41115 44424 44687 48748 49569 62053 80025
257 345 352 1240 1704 2386 2712 3370 3589 4096 6264 7452 7682 8073 8620 9008 9487 10564 10596 10609 13204 14183 17237 17603 20593 20623 20964 22888 24379 24685 31507 31743 31761 31888 32784 45395 51135 51615 58317 114663
57 251 1141 1308 1340 1599 1772 1928 2461 3630 3691 5633 5673 8414 8593 9809 9839 9951 10988 12227 12787 13115 13585 19427 20694 26418 26454 28547 29758 32678 32756 35021 37575 42166 42256 45290 45966 54780 58098 72522
1151 1244 2316 2951 3105 3457 5610 6480 6851 7241 7591 9414 9753 10753 11307 12244 13530 14343 14406 15170 15317 15666 17605 18158 18531 19407 21840 24260 24388 28163 29915 30026 33874 35098 38548 42321 60398 75602 80554 85607
1588 2500 2618 2867 3112 3251 3498 7257 7429 7719 8295 8453 8760 9214 11576 13065 13902 14509 16272 18884 20450 22858 23287 25307 25870 26217 27973 28686 30476 30642 31374 33719 34610 39811 40083 40923 42308 48552 53886 68832
1205 2183 2236 2244 3244 3276 3722 4021 4127 5361 5494 6608 7845 8115 8321 9468 9501 9679 11115 15018 17115 18050 18305 18386 20585 22672 23177 23948 25015 26580 30482 30929 33059 34031 40879 46011 47388 57272 60916 65289
406 756 942 1102 1467 1769 2447 5704 7063 7334 8962 11065 11671 12433 12610 12756 13742 15427 15820 16029 16939 17362 17363 17703 19416 21012 21098 23178 24479 26488 31765 34429 42560 43198 45634 50210 50262 51882 56209 65409
275 932 1207 2222 2243 2945 3106 3612 4171 4562 4969 5546 7762 7930 9768 9866 11169 11446 11521 12107 15743 15995 16039 16483 17823 17857 19026 19230 20227 21048 29216 35303 44162 45185 54741 55034 58198 61287 86378 101762
354 462 858 1071 1618 2467 2954 3240 4072 4253 4384 4406 4689 4729 5193 5488 5817 6560 7374 7928 8359 12145 15532 15670 18395 18812 19548 23618 25299 27085 34779 35330 36836 45694 48302 49049 51657 53209 66712 101451
825 1910 2384 3030 3408 3566 4915 5004 5242 6186 7320 8794 9102 11782 11864 11896 12021 14796 14982 16017 16399 17005 18787 19340 20513 23275 23605 26503 28216 29074 31010 31241 34840 35812 43082 44282 54975 65485 65652 65948
187 213 475 658 2823 2963 3098 3431 3944 4742 6982 8982 10084 11506 12781 13009 14163 14208 16484 17500 18356 20017 20319 20469 21175 21211 22257 24453 25245 26849 26881 28582 31464 32489 38177 39832 41936 48314 66726 86839
1464 1870 1914 2082 2299 2353 3665 4241 4836 4838 5079 6105 6495 7834 8174 9276 9909 11504 11741 12887 13251 13728 16535 17107 18564 19095 19308 21068 21111 21163 24594 29179 30185 32145 39778 45945 50043 57013 104949 117206
306 1520 1726 2208 2652 3356 3904 4919 5898 6090 6553 6799 9168 10352 11153 11458 12122 12925 13041 13521 14427 15556 17708 18520 19126 21580 21642 23101 23519 24044 28610 34145 34543 35539 37465 39957 42514 57915 78928 89189
310 892 1839 1872 2196 2401 2643 3701 4453 4847 5708 7029 7050 9800 10148 10374 11100 13110 13118 13966 14344 15126 17229 17680 18108 20706 25105 25435 27614 28235 29496 32493 35186 40656 41950 51562 51564 59316 82217 93337
959 1559 1819 2081 2446 2830 3135 4220 4285 4459 6714 7664 7693 7902 9078 9113 9272 10273 10277 11553 11812 14567 17524 17836 19397 20093 20519 21538 21927 22573 23662 25907 30138 40710 41065 41114 49343 51659 89012 107121
469 549 705 1117 1707 2355 2836 3185 3410 3525 3529 6444 6944 8788 9177 9925 10453 10861 11081 11408 12159 15450 16824 16849 17715 18424 19307 19845 20633 21548 24174 32590 37327 38241 40045 41036 49523 64046 73844 89036
191 669 1011 2444 2553 2949 3123 4254 4277 4303 4682 4825 7440 7784 7938 8511 9417 10042 12067 12670 16859 17676 18638 18787 20084 20441 22662 23095 27953 32441 33778 35585 36671 41113 41752 44462 44544 45689 62478 69289
1305 1930 2364 2395 3051 3245 4495 4529 5041 6602 6836 7858 8495 10484 12424 12634 13822 14521 15110 15289 15307 16512 17381 17565 19413 19834 22722 25560 27122 29368 31075 34968 36901 38104 46497 52023 58339 59217 74523 102544
194 411 978 2078 2364 2625 2673 4225 4651 4749 4793 5652 6153 9009 9748 10014 10693 11577 12137 14399 14600 14994 16138 18114 18505 20254 20353 22717 23821 26635 32050 34291 35761 35967 42931 45660 57082 61203 76005 79005
536 1478 2194 3404 4159 5005 5817 7344 7455 8441 8563 9009 9726 10076 10409 10614 11468 11803 12875 13074 13491 13848 19277 19406 19864 21099 21634 23394 24124 25701 34656 34951 37988 39280 40011 41075 42467 52870 69639 72579
262 367 449 1699 1778 1819 2431 2502 2653 2704 2918 3422 3433 4370 4552 4922 6292 6394 8831 10335 10490 12299 13356 16422 17168 20018 21917 23623 24339 24681 24812 25889 38162 45056 46457 47994 48650 58451 71985 120982
536 956 1043 2913 3419 3594 3839 4172 5400 5491 7676 8640 9221 9850 11404 11903 12555 13629 18462 19544 20828 20967 22320 22428 24615 28710 29293 30465 31110 32204 35481 39224 41149 42578 43747 44944 57144 60808 62423 63405
193 202 429 828 2071 3757 3891 5391 6189 6499 6988 7489 7827 8287 8930 10248 11663 11742 12080 12964 13392 14240 14683 16046 16472 17221 17642 17884 18464 19109 21333 23731 29078 33014 38606 46183 56142 64865 73470 97394
234 679 1303 1649 3162 3452 3616 5467 5691 6409 7784 8400 8663 9100 9250 10536 11961 14129 15884 16862 17150 17318 18673 19295 19903 23600 25557 27730 28821 36073 40221 41924 43554 44085 44398 46714 47946 62915 74344 94505
258 515 763 2222 2270 2676 2783 3979 4756 4875 5190 5846 7724 8767 9232 9926 11625 13925 14151 14560 14607 14842 15549 15871 16145 16855 18800 19961 21210 21403 21679 28330 33349 35398 37323 41544 45387 46728 79993 104620
2163 2739 4029 4050 4364 5197 5932 6016 6285 6557 7373 7551 7721 8327 9096 9315 9797 10167 10240 12340 13549 13705 15197 18174 19257 20683 24694 30329 30722 30987 33456 33565 33759 34526 35746 43393 47466 47758 50793 66420
10 830 1339 1726 1798 1988 2762 3335 4105 5098 5578 5649 6985 7405 7805 8768 8859 9356 11260 12221 12436 13019 14677 19190 22913 23661 26269 26399 28029 32426 35196 41906 42443 43231 44988 48234 61273 65017 67466 91573
1952 2131 2383 2475 3247 3614 3694 4061 5186 5690 7602 7764 8333 8779 11517 11613 14910 15748 16348 16568 16595 16663 17588 19341 20245 20290 20656 24348 26309 26486 28629 30648 34167 40009 40908 41861 42803 52754 54392 85853
441 546 1797 2097 2191 2927 2990 3185 4416 4533 5803 5903 7757 8254 8329 8885 9801 12011 15159 16035 16281 16648 17123 17307 21812 23386 25781 26930 27295 27923 28880 31618 36942 39950 40140 62322 62901 73732 88301 91583
23 568 960 2255 3546 3877 4038 4384 6159 7289 7446 7991 8558 11881 11955 13604 14616 14994 15619 16434 16573 17100 17254 20741 21530 22186 24017 27307 32111 33383 34506 37822 42465 42669 45687 47647 51657 57087 57395 88944
427 1128 1399 1543 2450 2763 3420 4711 6628 6984 7756 8505 8601 9205 9465 9575 10610 10862 11001 11820 12565 14838 15099 16759 18646 20539 20658 20919 23627 24350 30104 34825 35622 38929 39073 54107 58162 64011 65768 139533
480 505 1263 1621 3435 3549 5438 6628 7667 7973 8081 8465 9376 10366 10435 11101 12855 13683 14794 15399 16624 16761 17864 21907 24349 24380 24960 27131 27257 27721 29768 32093 34632 35955 37316 37680 37894 39383 48711 70847
