4112 9816 4338 9920
10 8018 407 8078
1784 5121 1966 5248
2451 1066 2824 1468
2386 274 2396 588
6461 7651 6719 7944
6544 820 6743 1137
1474 5389 1702 5974
8274 7263 8414 7295
5708 303 6067 621
3060 2236 3313 2391
943 9148 1086 9158
8210 4973 8362 5261
3812 7904 3986 8356
6541 8222 6739 8391
3409 5300 3429 5622
4516 5179 4955 5286
9423 9659 9645 9830
1761 628 1912 854
5532 5867 5810 6372
7162 3253 7529 3742
1978 2321 2295 2895
8568 5291 8778 5502
4551 6438 4592 6711
1219 8352 1604 8970
3244 5219 3735 5585
7384 8028 7468 8252
1257 7883 1289 8343
5631 3290 5856 3430
3055 8937 3116 9350
6069 5743 6346 5986
6954 8227 6964 8414
5146 5973 5635 6042
5409 1098 5659 1335
4484 1472 4744 1501
22 4605 207 4846
5531 3620 5680 3774
4042 2123 4141 2294
8972 2858 9090 2896
9015 2800 9452 3191
4750 228 5064 741
8166 7758 8308 7792
1792 6831 1852 7052
3720 6518 4071 6715
7226 9422 7365 9511
3909 3184 4076 3473
8689 9990 8875 9994
7670 6778 7800 6894
2558 68 2646 127
568 5098 1043 5135
6760 3919 6888 4161
2009 8338 2091 8354
