1000 25 15
24319 28630 28747 34131 42292 52677 53160 66155 72136 72187 79625 90239 93093 103029 126043
4595 6448 7958 24780 30697 58399 59100 61226 71962 74905 76458 85989 109325 127138 167515
2083 13994 23375 25272 31836 34535 42371 53192 55152 90265 93409 104437 108808 138929 165247
6712 9204 20585 31197 33794 36413 45291 56673 68207 73761 76889 90869 96097 118275 202437
1142 2704 12450 13388 14326 40623 52436 60046 60533 64791 83436 114374 118330 153636 172952
5124 5289 8296 8511 9668 11040 18611 47179 51585 58050 71673 89791 121782 131899 347370
3662 6597 7534 9293 23525 35284 40765 41144 42599 43327 55800 55807 189825 196197 222405
3593 5188 15755 30793 38358 43801 47388 54728 66930 73302 86816 98059 109550 120149 168390
1275 2885 10358 25469 29353 30411 38408 42995 44204 62128 106522 112224 116833 152071 192377
1377 7119 10125 22891 26969 28549 29718 43320 53139 58295 90545 99157 116555 177126 202012
2282 3561 7915 17166 22996 29215 31312 32715 36948 49427 55208 102006 121681 208568 264108
7398 7668 7681 18361 19078 24946 35441 41056 57732 58276 72424 92995 107959 119504 313200
2736 16416 17868 23512 25435 35648 38573 38876 39609 44214 103890 107028 134459 164951 179436
6088 14947 18805 23426 25342 44565 47234 47432 62721 69336 72566 77566 103875 165574 185878
1797 7949 11547 27407 30254 32466 32485 63959 64508 79451 84703 92677 124306 125193 190489
354 16365 17708 22563 26098 40938 46328 49405 49771 58280 74260 95685 117177 134766 212230
1880 4370 7209 19420 20678 30904 38042 51519 58344 68708 84933 94877 128486 159305 205556
4817 31502 36101 40689 49109 60227 70527 71211 71537 76195 79486 86398 87978 88544 119436
6029 6380 19999 26747 40152 42985 44758 45200 51417 72346 82590 88854 120147 163862 171961
10867 11725 14818 16276 27382 39168 43812 45878 46441 47834 69122 80818 85137 95292 342669
7375 9589 12684 15067 20993 25362 26094 37981 38674 47577 68345 99439 103908 190470 272358
346 4402 8007 18690 26053 30743 33577 41695 47440 65329 69099 106044 134036 172759 217910
2860 21912 26651 32713 32730 32824 33077 45124 58849 72774 73453 90640 131167 154479 158768
2880 8663 9348 13821 17263 27332 34027 53976 64319 67835 72633 76503 105529 145280 279826
7772 15082 21804 27087 48490 48506 55584 59591 60006 61214 76516 78833 89729 91735 216331
