1000 25 25
2221 5507 6771 6955 9721 11851 17772 20053 20637 22118 23368 25564 29178 32980 38419 38858 44583 44806 48275 49857 54272 55047 58287 67059 201143
2770 3561 5708 6386 7199 7984 8272 9957 11378 12032 15998 21252 22948 32408 34954 41764 49284 55840 61171 63527 72457 82762 87369 95950 125504
5034 6570 7809 9898 10075 11248 11587 12815 16596 19090 24605 28809 30308 30883 37535 39077 45276 46287 58696 66562 68733 82089 85444 87035 91732
451 894 1217 3625 4241 6528 6606 7741 8041 10343 12177 18321 34681 35481 38453 39233 39436 40895 41068 58036 72802 73323 96684 100533 187566
874 1446 3634 6139 8072 10056 12427 12490 17727 20394 21876 23401 25289 29208 32228 32349 37826 49497 50818 54177 55830 73902 77513 102602 201363
1252 2749 4945 5048 7406 8336 8831 10315 13096 17896 22438 30947 36300 37307 38068 45348 48397 50525 57032 64233 64746 76192 91487 100472 121586
4568 5242 5326 5505 6822 12304 13835 18448 18950 19320 22328 25325 25599 28110 36718 38698 41564 45183 55536 65110 76443 78959 96297 110562 112665
1653 4955 6542 9191 11152 11347 12160 12170 15518 15870 16830 18714 21306 24315 27176 27586 32737 49602 53634 78407 87627 87789 92958 102395 112108
2435 4509 7171 9545 9803 10615 12090 12903 15775 17671 22098 22505 23463 23606 30162 31376 38651 41903 48877 55616 82404 90609 90835 104462 123478
1573 4636 4661 5308 7172 10530 14204 16678 21689 27637 29030 30088 34828 36288 43631 43644 50865 53146 53419 61254 62267 63521 74577 90814 126621
2768 3071 7634 8551 10359 14041 14316 19993 20854 23646 28917 31734 31878 33427 35384 38307 54694 55843 60078 62625 66142 81698 84203 84929 96968
213 7077 7837 8656 15158 16622 19478 20982 21083 23126 26488 27394 27495 29295 31481 33135 35878 37239 43395 44126 44380 72732 97005 104568 168122
2378 3576 4133 4966 7019 7110 11290 14221 22145 23550 23715 25385 26419 27770 27863 29856 31460 35770 36496 40932 47173 103590 118525 125176 169780
22 414 507 1823 7805 10558 12801 15015 17894 21309 24362 25030 32405 35115 36020 40750 46409 46764 56031 58435 59640 60890 70972 140288 145136
1125 3151 5413 5894 8635 9861 11548 12412 15703 19290 20103 23159 26759 34924 36769 37689 38531 42821 51076 57844 63693 65699 73976 127658 168232
959 1618 2761 2939 4988 8537 8923 10602 12779 22083 24350 28363 28478 28676 31694 39253 44483 48210 51339 53672 56120 58139 84346 94272 200015
1088 2684 3313 3755 5381 6476 6559 10584 12330 14503 16774 26359 28178 38754 41983 56218 57040 57930 59832 60319 60965 62731 82334 100015 139055
1702 2314 2909 4275 4335 5483 7081 7127 9136 19073 19313 19664 21516 21569 21576 28818 34770 35838 56517 59816 71045 82775 86927 120471 199866
1467 2636 3187 3337 6721 14088 15503 16085 18325 22249 24028 25497 27190 28419 34404 45742 47072 52596 52865 53506 60212 67695 80661 105881 162939
25 574 1338 2965 6074 7146 9783 9849 10396 14746 15357 21342 21492 24782 29031 39640 55988 62331 72467 78727 80513 86198 87484 96830 99243
2294 4096 5270 7678 10794 10987 11677 13800 14917 15069 17796 17987 19042 27012 30873 32132 33656 35085 36833 37673 54326 57152 106991 149411 221825
260 6094 7136 7383 7990 12219 12681 15305 16666 19378 20241 21498 21654 25147 25545 31851 33461 36225 38047 42595 47696 83801 114066 138784 157846
1888 2740 3108 5970 8489 11740 15729 22929 23866 24419 25813 26044 26737 27379 27913 35966 40842 41405 42061 44295 46581 50938 76791 107395 193270
93 4892 6681 8834 9040 10322 10720 11228 12152 12650 16648 21282 24112 35353 38511 40524 47654 49403 62527 63185 65362 75536 87784 105508 145242
265 978 1887 2127 4811 5425 6119 6685 14670 19028 21269 24365 25075 34354 39979 42044 43047 63362 67997 73532 76561 84630 87496 96528 104553
