1000 25 40
47 73 304 834 1175 1453 1624 2115 3124 3720 4491 5157 5399 5598 7774 9155 10300 10327 10988 11199 11866 13570 14144 15663 16077 17232 23332 24325 24331 24690 29132 30170 35835 38522 38721 39012 60296 61994 73970 105897
378 681 1272 1437 1904 2717 3058 4553 6751 9219 9968 10715 10832 11580 12638 15001 15028 15589 16434 16664 17117 17225 17937 18984 19710 19894 20107 22142 23516 24397 26632 28073 28616 30643 30986 32248 34233 34751 45696 51139
131 426 1185 1281 1447 2645 2905 3148 3713 3923 4505 6456 7361 7400 7809 8400 9668 9797 10001 10455 13185 13642 13776 14001 16255 17001 18715 19516 21550 24609 27853 29665 41154 47721 49876 66579 71612 77736 84392 102216
39 705 1912 1958 2622 2847 3129 4081 4439 5898 7575 8408 8938 11114 11588 11838 12049 12183 13523 16218 16425 16967 18138 18267 18481 19615 20529 21521 24310 26088 26736 27467 32188 32275 32326 33459 37143 57462 80175 109554
354 1227 1597 1854 4595 5628 6282 7720 8834 8871 9706 9742 9947 10917 10935 11387 11814 12964 15266 15483 16292 16821 18758 19988 20630 22516 23410 24298 25413 25451 26220 26498 30188 32477 33528 35796 37427 40535 62775 67715
142 244 438 1561 3044 3804 4395 5305 6528 6821 6854 7065 7354 7822 9471 11073 12349 17305 19816 19851 20164 20317 21169 21278 22464 23454 24431 25941 27975 28273 28951 31134 31640 33879 42638 46767 54913 55267 91104 91614
186 391 391 654 2973 3146 3883 3977 4067 4192 4404 4442 4980 7120 7460 7500 7807 8198 10609 11297 11828 14190 14480 17718 18759 19937 20692 21864 22101 22513 28288 28773 35013 41810 49750 54943 57531 61897 67574 67649
410 776 1087 1366 1600 2551 3534 3858 4375 4668 6356 6660 6918 7903 8108 8200 11064 11702 11752 15903 19469 19761 21201 22386 23506 23872 27207 27833 27850 30464 31585 35973 38460 49235 56178 56629 57948 59315 72938 76495
99 568 1551 2900 2925 4013 4088 4163 4392 4581 7637 8355 8842 9158 10263 11162 12197 13203 13372 15460 16107 16389 16561 17738 19018 20236 22815 25017 25055 26672 27581 27665 29665 32124 32831 40056 40985 44282 78045 87067
1710 1872 2149 2593 2736 3152 3303 3314 3839 4167 4645 6749 6863 7883 10485 11436 12523 13283 13613 14307 14448 14764 19006 19540 20706 20815 21239 24137 26277 28978 30783 32491 35559 39633 40218 41043 46588 48460 52011 60146
464 819 1275 2140 2413 2509 3229 4039 4395 6076 6720 7267 7481 9607 9707 10291 11319 11437 12493 12638 13283 14371 19230 19821 24023 24555 25418 26389 28539 28557 30886 36874 38376 39549 39833 45774 55701 65876 70016 79064
280 369 923 1117 1188 1611 1709 2147 3694 3749 3916 4106 4247 5150 5899 6042 6737 7292 7760 8684 10294 15188 21053 22699 22965 24846 25103 26487 27964 28655 29969 32703 34257 39035 40675 40803 41261 46745 57024 75035
157 1009 1980 2462 4407 4417 4483 5256 5612 5938 7103 7407 7921 9451 9944 10851 12438 12598 13207 13413 13634 16323 16956 17293 20565 22377 23930 25668 27194 28861 30344 33053 35683 36420 47282 57541 58119 73749 76934 77454
211 936 1070 2184 2473 4253 5180 5494 5835 6203 6952 7334 7612 7948 8862 9238 9281 11073 11217 11234 11455 12057 13443 13687 13929 17955 20243 22954 24398 25610 28023 30850 35949 39591 41684 43719 50657 57384 60585 79801
678 816 1765 2171 3694 5555 5603 6346 6369 6998 7079 8356 9859 10002 10271 11095 11231 11421 12398 13268 13330 14062 15091 16399 18512 20799 22150 24068 25977 27308 28684 28901 30001 33729 34147 36604 39868 49069 54070 75058
1371 1406 1563 2340 2467 3460 3881 5223 6043 6608 7364 7587 7588 8675 8904 9069 9702 10227 11014 11935 12816 13349 13979 14302 15252 15589 17755 20736 20757 21321 21405 23495 29169 30519 38151 53723 60410 76269 82405 97781
306 460 962 981 983 2812 3110 3658 4031 5357 6795 7662 7686 8047 8050 8789 9297 12203 13480 14863 16254 16760 18498 20548 21098 21209 22078 22989 23467 25377 25762 26244 27883 33034 38527 43869 59961 62290 115600 126308
629 1527 1887 1981 4600 5365 6570 8126 8576 9931 10317 11367 12420 12459 12945 13804 14138 14235 14914 16510 17236 18908 19203 19484 19685 20090 22076 23770 25860 27428 27447 30796 34568 35083 39437 43534 45664 49610 51767 56505
443 636 730 833 926 1102 1346 1804 1872 3248 4069 4434 5666 6288 7303 7704 8092 11049 11224 12218 12311 12684 13892 15961 16398 17033 19921 23396 23853 27584 29186 30720 32611 35309 38723 45692 48166 60332 61849 71234
79 169 714 824 1008 1077 1926 3385 3579 4532 5716 7500 7589 8164 9121 11367 15978 16161 16857 17193 17258 17385 19141 19151 19217 22245 22247 24450 24539 26225 30790 37280 38166 38664 40738 41898 50415 50931 70240 89063
213 372 480 1086 1760 2365 2459 2976 3562 4191 5875 6319 6833 7180 7336 8833 8963 9626 10382 10495 10888 13410 13929 18016 21182 21804 24811 25176 25333 25971 26671 27295 32275 34436 40646 40735 56983 63275 64099 124495
330 2223 2435 2734 2886 3058 4770 5103 5134 5800 6008 6907 6931 7049 7559 7619 8117 8863 9037 9090 11063 13695 13970 19897 20819 23615 24446 25837 29362 32762 33344 35008 37552 37878 40856 41447 42994 43155 54322 57333
201 245 743 864 1178 1355 1447 1547 2576 3067 4313 7199 7221 10228 12957 13237 13859 14559 15202 18032 18348 19027 20067 21286 25012 26933 27051 28257 29131 30724 31379 31393 33873 37487 41887 44336 45399 46460 53387 57372
843 1037 1899 2939 3051 3744 3775 4525 5259 5433 6447 6492 6618 7078 8200 9191 9417 13989 16492 16811 17064 17406 18918 19368 19782 20336 21415 22565 22915 25439 27691 29118 31305 34865 34902 35679 45042 45549 52082 98076
64 2703 2836 3063 3100 3936 4266 4920 5387 5624 6107 6775 7746 8281 8494 8826 9567 11437 11957 12334 14672 15436 15544 17465 18961 21519 23263 24695 25309 26994 27412 28062 28426 29204 32687 34393 44455 47479 57274 96293
