1000 25 10
6417 28973 43301 45459 47286 49184 52942 80413 93696 378191
7010 15695 42925 53987 70065 70938 95106 97962 129897 167881
566 13242 39753 53217 58335 62065 63236 103987 175527 288287
21767 25014 28783 33286 35914 42481 74783 108626 122872 259361
13164 31995 52608 56351 68661 88963 96669 111928 150059 193206
6247 14339 19775 21231 26089 92120 106265 125859 131191 196478
13362 16336 18344 41777 45671 60334 91928 109144 174950 290858
13128 13684 18534 20266 45175 55146 59801 102869 198273 314687
18389 19084 35297 35727 39262 40816 42604 78443 134311 332776
13449 13752 23356 41537 53054 63035 74588 92714 113902 236718
8865 11217 14496 37502 50705 55746 79336 87184 167334 195925
1364 23924 39107 64886 70602 83890 86621 88570 128191 291953
6578 8425 13151 21443 26726 35967 58223 102313 198396 284483
4922 6559 24749 37269 41917 58745 59321 92618 198351 228165
13843 44604 47884 70071 80456 81074 95335 112903 115721 123624
1131 6314 16411 20796 30142 45486 114246 156566 190797 263837
1936 23267 26774 54034 62525 76340 84175 122343 168043 216552
18932 30764 37818 43467 83330 93217 93727 99707 144015 181471
15788 19049 29552 32500 37765 51603 85704 103349 198793 246431
14515 24091 32681 35609 54310 66433 124933 133723 156847 192574
7386 15155 28111 40638 78368 81437 89160 90324 111679 159041
2064 16419 49893 63924 74060 76230 105184 136925 158653 166009
1930 28110 46629 49594 56111 57877 89037 91633 205703 206818
9044 19060 30992 36146 38423 41517 85788 169110 170430 212681
8167 19641 34773 59916 61600 88742 122721 129531 160968 174864
