799 979 831 1000
160 941 187 1000
831 941 870 1000
85 0 115 78
799 901 831 979
236 926 270 1000
85 908 115 1000
217 0 236 182
236 820 270 926
799 779 831 901
831 834 870 941
593 942 679 1000
756 0 799 131
187 782 217 1000
0 0 42 196
350 640 374 1000
374 704 404 1000
160 0 187 348
404 0 474 155
42 0 71 396
131 598 160 1000
300 763 350 1000
679 832 756 1000
71 0 85 1000
474 749 532 1000
350 0 374 640
217 182 236 1000
115 0 131 1000
160 348 187 941
131 0 160 598
42 396 71 1000
374 0 404 704
187 0 217 782
85 78 115 908
799 0 831 779
236 0 270 820
270 0 300 1000
831 0 870 834
0 196 42 1000
870 0 1000 269
756 131 799 1000
300 0 350 763
474 0 532 749
404 155 474 1000
532 0 593 1000
679 0 756 832
593 0 679 942
870 269 1000 1000
374 955 404 1000
160 941 187 1000
236 926 270 1000
85 908 115 1000
799 901 831 1000
160 801 187 941
831 0 870 98
350 640 374 802
350 802 374 1000
756 0 799 131
160 590 187 801
831 834 870 1000
187 782 217 1000
0 842 42 1000
270 754 300 1000
374 704 404 955
593 896 679 1000
42 0 71 396
131 598 160 1000
532 0 593 211
300 740 350 1000
71 0 85 1000
350 0 374 640
160 0 187 590
115 0 131 1000
474 709 532 1000
131 0 160 598
42 396 71 1000
217 0 236 1000
404 718 474 1000
679 740 756 1000
374 0 404 704
270 0 300 754
187 0 217 782
85 0 115 908
831 98 870 834
799 0 831 901
236 0 270 926
0 0 42 842
300 0 350 740
756 131 799 1000
474 0 532 709
870 634 1000 1000
532 211 593 1000
404 0 474 718
679 0 756 740
593 0 679 896
870 0 1000 634
71 0 85 29
799 905 831 940
115 918 131 1000
799 940 831 1000
85 908 115 1000
831 0 870 98
350 640 374 802
217 793 236 1000
374 704 404 851
374 851 404 1000
350 802 374 1000
270 828 300 1000
187 782 217 1000
0 842 42 1000
756 831 799 1000
42 695 71 1000
160 590 187 1000
131 598 160 1000
300 740 350 1000
71 29 85 1000
115 0 131 918
217 0 236 793
350 0 374 640
160 0 187 590
474 709 532 1000
131 0 160 598
593 0 679 206
870 0 1000 144
404 718 474 1000
42 0 71 695
374 0 404 704
187 0 217 782
270 0 300 828
85 0 115 908
679 629 756 1000
799 0 831 905
236 0 270 1000
831 98 870 1000
0 0 42 842
756 0 799 831
300 0 350 740
474 0 532 709
870 634 1000 1000
679 0 756 629
404 0 474 718
532 0 593 1000
870 144 1000 634
593 206 679 1000
71 29 85 38
71 0 85 29
42 961 71 1000
115 918 131 1000
0 247 42 284
85 908 115 1000
831 0 870 98
350 802 374 1000
756 585 799 698
270 828 300 1000
799 826 831 1000
756 698 799 831
187 782 217 1000
756 831 799 1000
42 695 71 961
831 797 870 1000
236 767 270 1000
374 704 404 1000
0 0 42 247
71 38 85 1000
115 0 131 918
593 0 679 206
300 0 350 369
870 0 1000 144
217 0 236 1000
350 0 374 802
42 0 71 695
374 0 404 704
404 695 474 1000
187 0 217 782
474 576 532 1000
270 0 300 828
756 0 799 585
236 0 270 767
799 0 831 826
160 0 187 1000
85 0 115 908
831 98 870 797
679 629 756 1000
131 0 160 1000
0 284 42 1000
300 369 350 1000
474 0 532 576
679 0 756 629
404 0 474 695
532 0 593 1000
593 206 679 1000
870 144 1000 1000
71 0 85 38
187 755 217 782
831 941 870 1000
831 797 870 862
85 908 115 1000
831 862 870 941
799 826 831 1000
85 0 115 207
187 782 217 1000
756 831 799 1000
160 0 187 289
236 767 270 1000
42 695 71 1000
350 598 374 1000
870 534 1000 610
374 656 404 1000
0 0 42 247
756 585 799 831
71 38 85 1000
350 0 374 598
679 802 756 1000
115 0 131 1000
300 0 350 369
217 0 236 1000
160 289 187 1000
374 0 404 656
42 0 71 695
85 207 115 908
404 0 474 307
187 0 217 755
532 624 593 1000
593 730 679 1000
474 576 532 1000
756 0 799 585
236 0 270 767
799 0 831 826
131 0 160 1000
270 0 300 1000
831 0 870 797
300 369 350 1000
0 247 42 1000
474 0 532 576
532 0 593 624
404 307 474 1000
870 610 1000 1000
679 0 756 802
593 0 679 730
870 0 1000 534
350 969 374 1000
236 827 270 873
217 900 236 1000
831 941 870 1000
799 826 831 907
85 908 115 1000
799 907 831 1000
236 873 270 1000
831 797 870 941
300 873 350 1000
350 598 374 969
374 656 404 1000
756 759 799 1000
0 0 42 247
187 650 217 1000
160 0 187 441
532 803 593 1000
270 0 300 401
474 0 532 220
131 559 160 1000
42 554 71 1000
71 0 85 1000
350 0 374 598
160 441 187 1000
115 0 131 1000
42 0 71 554
131 0 160 559
217 0 236 900
270 401 300 1000
187 0 217 650
374 0 404 656
679 726 756 1000
404 0 474 307
593 730 679 1000
799 0 831 826
85 0 115 908
236 0 270 827
870 0 1000 227
831 0 870 797
0 247 42 1000
756 0 799 759
300 0 350 873
474 220 532 1000
404 307 474 1000
532 0 593 803
679 0 756 726
593 0 679 730
870 227 1000 1000
350 969 374 1000
236 827 270 873
42 934 71 1000
131 916 160 1000
85 908 115 1000
42 0 71 100
799 907 831 1000
131 0 160 110
187 881 217 1000
160 843 187 1000
236 873 270 1000
374 849 404 1000
474 921 532 1000
270 839 300 1000
831 0 870 151
300 873 350 1000
300 742 350 873
350 598 374 969
756 759 799 1000
870 550 1000 633
71 0 85 1000
474 678 532 921
350 0 374 598
115 0 131 1000
217 0 236 1000
160 0 187 843
131 110 160 916
42 100 71 934
404 652 474 1000
270 0 300 839
374 0 404 849
187 0 217 881
85 0 115 908
236 0 270 827
799 0 831 907
679 0 756 418
756 0 799 759
831 151 870 1000
593 0 679 419
300 0 350 742
474 0 532 678
0 0 42 1000
679 418 756 1000
404 0 474 652
870 633 1000 1000
593 419 679 1000
532 0 593 1000
870 0 1000 550
115 0 131 16
42 934 71 1000
236 873 270 934
236 934 270 1000
85 901 115 1000
799 907 831 1000
404 950 474 1000
756 0 799 106
0 868 42 1000
831 0 870 151
300 873 350 1000
187 777 217 1000
270 0 300 317
350 598 374 1000
374 657 404 1000
870 550 1000 633
160 584 187 1000
42 0 71 422
71 0 85 1000
350 0 374 598
131 0 160 496
131 496 160 1000
42 422 71 934
115 16 131 1000
160 0 187 584
474 678 532 1000
217 0 236 1000
374 0 404 657
270 317 300 1000
532 649 593 1000
404 0 474 319
187 0 217 777
593 727 679 1000
85 0 115 901
799 0 831 907
236 0 270 873
679 0 756 418
831 151 870 1000
0 0 42 868
756 106 799 1000
474 0 532 678
532 0 593 649
300 0 350 873
404 319 474 950
679 418 756 1000
870 633 1000 1000
593 0 679 727
870 0 1000 550
42 832 71 871
42 871 71 932
42 932 71 1000
160 510 187 584
374 578 404 657
85 901 115 1000
236 873 270 1000
0 868 42 1000
0 729 42 868
831 0 870 171
870 576 1000 633
756 821 799 1000
270 739 300 1000
300 809 350 1000
374 657 404 1000
160 584 187 1000
42 0 71 411
350 501 374 1000
350 0 374 501
42 411 71 832
160 0 187 510
71 0 85 1000
131 0 160 496
131 496 160 1000
532 0 593 245
115 0 131 1000
374 0 404 578
679 766 756 1000
474 678 532 1000
217 0 236 1000
270 0 300 739
404 0 474 319
593 727 679 1000
85 0 115 901
236 0 270 873
187 0 217 1000
0 0 42 729
799 0 831 1000
831 171 870 1000
756 0 799 821
474 0 532 678
300 0 350 809
532 245 593 1000
404 319 474 1000
870 633 1000 1000
679 0 756 766
593 0 679 727
870 0 1000 576
799 991 831 1000
187 697 217 781
85 901 115 1000
350 372 374 501
350 651 374 786
350 501 374 651
350 199 374 372
160 845 187 1000
350 0 374 199
350 786 374 1000
799 0 831 185
187 781 217 1000
756 821 799 1000
270 739 300 1000
160 0 187 350
300 809 350 1000
374 657 404 1000
0 729 42 1000
42 0 71 411
160 350 187 845
71 0 85 1000
300 528 350 809
115 0 131 1000
42 411 71 1000
217 0 236 1000
374 0 404 657
187 0 217 697
270 0 300 739
593 727 679 1000
532 600 593 1000
799 185 831 991
300 0 350 528
85 0 115 901
474 528 532 1000
404 0 474 407
131 0 160 1000
0 0 42 729
474 0 532 528
679 595 756 1000
236 0 270 1000
756 0 799 821
532 0 593 600
831 0 870 1000
404 407 474 1000
870 0 1000 343
679 0 756 595
593 0 679 727
870 343 1000 1000
831 0 870 52
474 943 532 1000
217 0 236 219
42 411 71 593
236 843 270 1000
799 0 831 185
350 747 374 1000
831 834 870 1000
187 781 217 1000
756 821 799 1000
270 739 300 1000
131 727 160 1000
350 0 374 362
374 0 404 296
131 413 160 727
350 362 374 747
0 0 42 225
160 0 187 350
374 657 404 1000
374 296 404 657
42 593 71 1000
42 0 71 411
131 0 160 413
300 0 350 264
71 0 85 1000
217 219 236 1000
115 0 131 1000
474 660 532 943
160 350 187 1000
532 685 593 1000
404 709 474 1000
270 0 300 739
187 0 217 781
593 727 679 1000
799 185 831 1000
236 0 270 843
85 0 115 1000
831 52 870 834
0 225 42 1000
756 0 799 821
300 264 350 1000
870 0 1000 289
474 0 532 660
532 0 593 685
404 0 474 709
593 0 679 727
679 0 756 1000
870 289 1000 1000
799 860 831 878
474 943 532 1000
799 878 831 1000
217 0 236 219
300 689 350 794
236 843 270 1000
350 747 374 1000
217 673 236 1000
831 834 870 1000
756 821 799 1000
131 727 160 1000
0 806 42 1000
217 219 236 673
350 0 374 362
131 413 160 727
350 362 374 747
160 0 187 350
300 794 350 1000
870 0 1000 82
42 0 71 411
131 0 160 413
187 552 217 1000
71 0 85 1000
374 513 404 1000
374 0 404 513
115 0 131 1000
474 660 532 943
187 0 217 552
42 411 71 1000
160 350 187 1000
532 685 593 1000
679 0 756 257
404 666 474 1000
593 727 679 1000
799 0 831 860
236 0 270 843
85 0 115 1000
270 0 300 1000
831 0 870 834
0 0 42 806
300 0 350 689
756 0 799 821
474 0 532 660
532 0 593 685
404 0 474 666
679 257 756 1000
593 0 679 727
870 82 1000 1000
187 179 217 216
115 921 131 1000
270 813 300 880
160 350 187 444
593 0 679 34
131 878 160 1000
270 880 300 1000
799 878 831 1000
236 843 270 1000
187 0 217 179
300 892 350 1000
217 673 236 1000
831 833 870 1000
756 821 799 1000
0 806 42 1000
404 666 474 797
160 0 187 350
350 0 374 471
42 602 71 1000
474 795 532 1000
131 0 160 413
350 471 374 1000
217 0 236 673
131 413 160 878
71 0 85 1000
404 797 474 1000
115 0 131 921
160 444 187 1000
42 0 71 602
532 685 593 1000
187 216 217 1000
270 0 300 813
799 0 831 878
236 0 270 843
85 0 115 1000
374 0 404 1000
679 0 756 416
831 0 870 833
0 0 42 806
756 0 799 821
870 0 1000 300
532 0 593 685
300 0 350 892
679 416 756 1000
474 0 532 795
404 0 474 666
593 34 679 1000
870 300 1000 1000
236 769 270 782
831 112 870 144
187 895 217 947
187 947 217 1000
85 735 115 811
270 720 300 813
799 757 831 878
799 878 831 1000
831 0 870 112
870 672 1000 710
187 0 217 179
300 892 350 1000
270 813 300 1000
85 811 115 1000
831 833 870 1000
756 0 799 170
236 782 270 1000
532 0 593 133
374 0 404 312
42 602 71 1000
474 795 532 1000
160 0 187 444
0 679 42 1000
71 0 85 1000
404 797 474 1000
160 444 187 1000
115 0 131 1000
42 0 71 602
217 0 236 1000
374 312 404 1000
187 179 217 895
270 0 300 720
85 0 115 735
350 0 374 1000
799 0 831 757
236 0 270 769
831 144 870 833
0 0 42 679
131 0 160 1000
756 170 799 1000
870 710 1000 1000
300 0 350 892
474 0 532 795
532 133 593 1000
404 0 474 797
679 0 756 1000
593 0 679 1000
870 0 1000 672
160 962 187 1000
350 942 374 1000
756 953 799 1000
131 554 160 665
350 791 374 942
799 878 831 1000
160 808 187 962
831 0 870 112
300 892 350 1000
85 811 115 1000
350 0 374 257
187 0 217 234
236 782 270 1000
532 0 593 133
679 0 756 108
270 720 300 1000
593 0 679 106
404 0 474 137
131 665 160 1000
160 444 187 808
374 0 404 384
42 602 71 1000
160 0 187 444
350 257 374 791
474 0 532 226
0 679 42 1000
71 0 85 1000
115 0 131 1000
131 0 160 554
42 0 71 602
374 384 404 1000
217 0 236 1000
270 0 300 720
187 234 217 1000
85 0 115 811
236 0 270 782
799 0 831 878
0 0 42 679
831 112 870 1000
756 0 799 953
870 672 1000 1000
300 0 350 892
474 226 532 1000
532 133 593 1000
404 137 474 1000
679 108 756 1000
593 106 679 1000
870 0 1000 672
374 384 404 392
300 892 350 917
350 942 374 1000
756 953 799 1000
350 0 374 117
300 835 350 892
131 554 160 665
350 117 374 257
300 917 350 1000
0 901 42 1000
0 795 42 901
115 0 131 303
160 808 187 1000
217 719 236 1000
217 418 236 719
187 753 217 1000
217 0 236 418
270 0 300 314
131 665 160 1000
160 444 187 808
115 303 131 1000
374 0 404 384
160 0 187 444
71 0 85 1000
131 0 160 554
532 735 593 1000
350 257 374 942
374 392 404 1000
404 713 474 1000
270 314 300 1000
870 0 1000 161
187 0 217 753
42 0 71 1000
85 0 115 1000
799 0 831 1000
0 0 42 795
236 0 270 1000
593 587 679 1000
679 536 756 1000
831 0 870 1000
756 0 799 953
679 0 756 536
300 0 350 835
532 0 593 735
404 0 474 713
593 0 679 587
474 0 532 1000
870 161 1000 1000
160 0 187 25
160 764 187 808
350 942 374 1000
85 0 115 50
85 938 115 1000
756 953 799 1000
236 935 270 1000
831 910 870 1000
0 901 42 1000
115 0 131 303
160 583 187 764
160 808 187 1000
217 719 236 1000
217 418 236 719
474 888 532 1000
42 756 71 1000
187 753 217 1000
374 751 404 1000
217 0 236 418
300 835 350 1000
270 0 300 314
350 517 374 942
115 303 131 1000
532 801 593 1000
350 0 374 517
71 0 85 1000
160 25 187 583
679 0 756 253
404 713 474 1000
270 314 300 1000
42 0 71 756
374 0 404 751
187 0 217 753
85 50 115 938
131 0 160 1000
870 761 1000 1000
236 0 270 935
799 0 831 1000
831 0 870 910
0 0 42 901
756 0 799 953
300 0 350 835
532 0 593 801
404 0 474 713
474 0 532 888
679 253 756 1000
593 0 679 1000
870 0 1000 761
350 973 374 1000
350 902 374 973
756 953 799 1000
350 692 374 789
350 789 374 902
831 910 870 1000
0 901 42 1000
350 517 374 692
350 325 374 517
404 619 474 713
187 753 217 1000
270 750 300 1000
799 757 831 1000
350 0 374 325
236 0 270 250
270 0 300 314
160 583 187 1000
831 0 870 293
42 585 71 1000
593 0 679 150
270 314 300 750
71 0 85 1000
374 523 404 1000
374 0 404 523
160 0 187 583
115 0 131 1000
300 0 350 338
42 0 71 585
474 0 532 319
217 0 236 1000
404 713 474 1000
187 0 217 753
831 293 870 910
870 814 1000 1000
799 0 831 757
679 0 756 327
236 250 270 1000
131 0 160 1000
85 0 115 1000
300 338 350 1000
0 0 42 901
474 319 532 1000
756 0 799 953
404 0 474 619
679 327 756 1000
532 0 593 1000
593 150 679 1000
870 0 1000 814
187 923 217 1000
799 927 831 1000
187 642 217 753
270 636 300 750
870 965 1000 1000
115 0 131 288
217 0 236 249
187 753 217 923
799 757 831 927
85 0 115 208
236 797 270 1000
270 750 300 1000
831 762 870 1000
270 0 300 314
270 314 300 636
0 0 42 254
115 288 131 1000
831 0 870 293
42 585 71 1000
160 536 187 1000
131 0 160 448
71 0 85 1000
217 249 236 1000
160 0 187 536
131 448 160 1000
300 0 350 338
42 0 71 585
532 0 593 296
831 293 870 762
474 0 532 319
187 0 217 642
593 0 679 238
85 208 115 1000
350 0 374 1000
799 0 831 757
679 0 756 327
404 619 474 1000
236 0 270 797
374 0 404 1000
0 254 42 1000
300 338 350 1000
474 319 532 1000
532 296 593 1000
756 0 799 1000
404 0 474 619
679 327 756 1000
593 238 679 1000
870 0 1000 965
236 0 270 32
300 0 350 43
799 927 831 1000
85 900 115 1000
532 944 593 1000
870 965 1000 1000
217 0 236 249
474 0 532 89
160 803 187 1000
85 0 115 208
236 797 270 1000
160 536 187 803
799 693 831 927
756 0 799 202
831 762 870 1000
350 603 374 1000
0 0 42 254
187 642 217 1000
270 636 300 1000
374 587 404 1000
404 823 474 1000
131 565 160 1000
71 0 85 1000
217 249 236 1000
160 0 187 536
350 0 374 603
115 0 131 1000
131 0 160 565
374 0 404 587
270 0 300 636
679 752 756 1000
187 0 217 642
593 0 679 238
85 208 115 900
799 0 831 693
236 32 270 797
42 0 71 1000
831 0 870 762
0 254 42 1000
756 202 799 1000
870 654 1000 965
300 43 350 1000
474 89 532 1000
532 0 593 944
404 0 474 823
679 0 756 752
593 238 679 1000
870 0 1000 654
160 556 187 590
236 0 270 32
831 830 870 862
799 927 831 1000
593 968 679 1000
85 900 115 1000
85 208 115 317
217 0 236 249
160 803 187 1000
831 862 870 1000
160 590 187 803
85 0 115 208
236 797 270 1000
799 693 831 927
756 0 799 202
187 642 217 1000
532 0 593 177
0 0 42 258
131 565 160 1000
300 738 350 1000
71 0 85 1000
217 249 236 1000
374 514 404 1000
160 0 187 556
374 0 404 514
115 0 131 1000
131 0 160 565
85 317 115 900
679 752 756 1000
187 0 217 642
593 0 679 238
799 0 831 693
404 681 474 1000
350 0 374 1000
870 810 1000 1000
236 32 270 797
42 0 71 1000
270 0 300 1000
0 258 42 1000
831 0 870 830
756 202 799 1000
300 0 350 738
404 0 474 681
532 177 593 1000
679 0 756 752
474 0 532 1000
593 238 679 968
870 0 1000 810
0 0 42 62
217 668 236 806
131 0 160 98
236 0 270 86
85 900 115 1000
217 509 236 668
350 322 374 456
217 806 236 1000
374 633 404 778
0 891 42 1000
756 870 799 1000
187 790 217 1000
831 830 870 1000
374 778 404 1000
350 0 374 322
270 0 300 261
42 705 71 1000
593 899 679 1000
474 836 532 1000
217 0 236 509
300 0 350 201
160 590 187 1000
350 456 374 1000
71 0 85 1000
532 755 593 1000
160 0 187 590
115 0 131 1000
374 0 404 633
42 0 71 705
270 261 300 1000
404 681 474 1000
187 0 217 790
870 810 1000 1000
131 98 160 1000
85 0 115 900
679 624 756 1000
236 86 270 1000
799 0 831 1000
831 0 870 830
0 62 42 891
756 0 799 870
300 201 350 1000
532 0 593 755
404 0 474 681
679 0 756 624
474 0 532 836
593 0 679 899
870 0 1000 810
71 810 85 849
71 849 85 1000
270 905 300 1000
831 918 870 1000
831 830 870 918
115 467 131 687
217 806 236 1000
404 936 474 1000
0 891 42 1000
115 687 131 1000
756 870 799 1000
187 790 217 1000
217 421 236 806
115 0 131 467
870 486 1000 547
217 0 236 421
42 705 71 1000
160 619 187 1000
350 0 374 456
71 0 85 810
131 0 160 414
350 456 374 1000
300 718 350 1000
532 755 593 1000
474 732 532 1000
160 0 187 619
131 414 160 1000
404 681 474 936
42 0 71 705
187 0 217 790
679 655 756 1000
270 0 300 905
85 0 115 1000
374 0 404 1000
799 0 831 1000
831 0 870 830
236 0 270 1000
593 0 679 402
300 0 350 718
756 0 799 870
0 0 42 891
474 0 532 732
532 0 593 755
404 0 474 681
679 0 756 655
593 402 679 1000
870 547 1000 1000
870 0 1000 486
532 730 593 755
679 629 756 655
350 892 374 1000
270 905 300 1000
831 918 870 1000
217 806 236 1000
115 0 131 240
532 936 593 1000
160 436 187 619
0 0 42 118
756 870 799 1000
187 790 217 1000
217 0 236 337
85 0 115 269
42 705 71 1000
217 337 236 806
300 799 350 1000
160 619 187 1000
350 456 374 892
131 624 160 1000
350 0 374 456
532 755 593 936
160 0 187 436
115 240 131 1000
474 766 532 1000
71 0 85 1000
593 808 679 1000
131 0 160 624
42 0 71 705
85 269 115 1000
404 681 474 1000
187 0 217 790
679 655 756 1000
270 0 300 905
374 0 404 1000
799 0 831 1000
236 0 270 1000
831 0 870 918
0 118 42 1000
756 0 799 870
300 0 350 799
474 0 532 766
532 0 593 730
870 653 1000 1000
404 0 474 681
679 0 756 629
593 0 679 808
870 0 1000 653
131 554 160 624
270 905 300 1000
350 864 374 1000
350 456 374 650
350 0 374 213
350 650 374 864
756 870 799 1000
350 213 374 456
187 732 217 1000
236 741 270 1000
799 686 831 1000
270 562 300 905
131 624 160 1000
532 540 593 730
831 687 870 1000
474 766 532 1000
71 0 85 1000
374 531 404 1000
0 652 42 1000
756 518 799 870
374 0 404 531
115 0 131 1000
131 0 160 554
532 730 593 1000
270 0 300 562
870 469 1000 604
300 638 350 1000
217 0 236 1000
799 0 831 686
187 0 217 732
756 0 799 518
236 0 270 741
831 0 870 687
160 0 187 1000
0 0 42 652
42 0 71 1000
404 584 474 1000
85 0 115 1000
300 0 350 638
679 0 756 421
532 0 593 540
404 0 474 584
593 0 679 494
593 494 679 1000
474 0 532 766
679 421 756 1000
870 604 1000 1000
870 0 1000 469
831 932 870 1000
270 870 300 1000
42 848 71 1000
350 0 374 213
131 554 160 753
350 213 374 459
160 491 187 715
160 0 187 243
160 243 187 491
131 753 160 1000
160 715 187 1000
42 557 71 848
236 741 270 1000
270 562 300 870
831 687 870 932
799 686 831 1000
300 0 350 215
187 609 217 1000
350 459 374 1000
474 766 532 1000
71 0 85 1000
0 652 42 1000
593 0 679 178
115 0 131 1000
131 0 160 554
42 0 71 557
270 0 300 562
187 0 217 609
217 0 236 1000
756 518 799 1000
799 0 831 686
756 0 799 518
236 0 270 741
831 0 870 687
0 0 42 652
532 540 593 1000
404 584 474 1000
85 0 115 1000
374 0 404 1000
679 0 756 421
532 0 593 540
300 215 350 1000
404 0 474 584
474 0 532 766
679 421 756 1000
870 0 1000 440
593 178 679 1000
870 440 1000 1000
