15 6 0.02
16 0 0 0 1 0 2 0 3 0 4 1 1 1 2 2 2 2 3 3 1 3 2 3 3 3 4 3 5 4 2 4 3
13 0 4 1 0 1 1 1 2 1 3 1 4 1 5 2 1 2 2 2 3 2 4 2 5 3 2
12 0 2 1 2 1 4 2 0 2 1 2 2 2 3 2 4 2 5 3 1 3 2 4 1
16 0 2 0 3 0 4 1 0 1 1 1 2 1 3 2 0 2 1 2 2 2 3 2 4 3 3 3 4 4 2 4 3
7 0 0 0 1 0 2 0 3 0 4 1 0 2 0
12 0 0 0 1 0 2 0 3 1 0 1 2 1 3 1 4 2 0 2 2 2 3 3 0
2 5
1 4
7 0
10 2
2 9
8 8
0 0 0 0 0 0 0 0 0 0 0 0 0 0 0
0 0 0 0 0 0 0 0 1 0 0 0 0 0 0
0 0 0 0 1 2 2 2 2 3 1 1 1 1 0
0 0 0 0 0 1 2 2 1 2 0 0 0 0 0
0 0 0 0 0 0 1 1 1 1 0 0 0 0 0
0 0 0 0 0 0 1 1 1 1 1 0 0 0 0
0 0 0 0 0 0 0 1 1 0 0 0 0 0 0
0 0 1 0 0 0 0 0 0 0 0 0 0 0 0
0 0 1 0 1 0 0 0 1 1 1 1 0 0 0
1 1 1 1 1 1 0 0 1 0 1 1 1 0 0
0 1 1 0 1 1 1 0 1 0 1 1 0 0 0
0 1 1 1 1 1 0 0 1 0 0 0 0 0 0
0 0 1 1 1 1 1 0 0 0 0 0 0 0 0
0 0 0 0 0 1 1 0 0 0 0 0 0 0 0
0 0 0 0 1 1 0 0 0 0 0 0 0 0 0
-0.0621978916
0.9067635222
1.0684970397
-1.5963605488
0.2188345941
0.6109269994
-1.2517069718
-0.2229136663
-0.8606783554
-1.6227949206
-0.0322405377
-1.9598443253
-1.5957351244
2.3264596553
0.6606661010
-1.9904560771
-1.2878424423
-0.1759516805
1.6170082471
0.1084738804
-0.3638415059
0.1171344054
0.1222192885
0.7570957838
-1.0990426845
-0.8665220032
-2.5156583679
-0.1323174743
-1.0375427946
-0.0003594641
-0.0699606163
1.1207284859
-0.4324322798
-0.4805178762
1.2610921378
-1.5549128261
0.5160605032
1.3549684319
-1.8172722209
1.2285078605
1.9449443217
1.7730979643
0.7019669186
0.4056294456
-0.9147985239
0.8079875880
1.0801409494
0.0074654363
-0.0943863180
-0.0721409865
1.0273254568
1.2183011654
-1.8368679708
-0.4817069912
0.8323682815
0.7979118171
0.9877717289
2.2056501215
0.2289737117
0.8734429348
1.2537729129
-0.3377546407
-1.8236440538
1.2838417179
1.1540225919
-1.0881695079
-1.0101051254
-1.5253883801
-0.8889489269
0.7670010176
0.2242321750
1.4357577740
-0.5931568069
-0.1360069091
1.2504268391
0.1172260089
-0.6935270729
1.3771034766
-0.5707589170
1.1886442323
-0.0726684863
0.1318508329
-1.0469360803
-1.2289326369
0.1876562277
-0.6809777197
0.3089005363
0.2164930060
0.0555653325
0.0540943281
-1.0864791948
0.0700911720
-0.0537800337
3.1376111329
-0.2772141680
0.4768241811
-0.9699017784
-1.4478926641
-0.0689919691
1.5444606222
0.3691817469
-0.7577749744
-0.7822134618
-1.3161617296
-0.8515624298
0.3812842557
1.3010611679
-2.8733873689
0.4228264436
-1.1565267235
-0.2357426959
-0.4089603260
-2.0217700482
-0.6082161305
0.8989057011
-0.2007285306
-0.1097268392
-1.0143849677
-0.1719202179
-1.3413626826
0.6205539644
-0.7844402674
-0.4766977820
0.4851857915
-0.8559250644
1.2617776165
-0.9866693868
-0.9778901883
-1.7254300597
1.3728231280
-0.1786662278
1.2720137685
-1.7724351508
-2.1480345807
-0.8174726030
-0.7085367011
-0.6205093765
-0.9428540877
0.2721107909
0.9291007394
-0.4281942856
1.2015294594
-0.3864329236
-1.6833195204
-0.5333667148
-2.3164303936
-1.6824568658
-0.5683620622
0.6795899244
-1.0179084680
1.0278850617
-0.2544473386
-0.2830720567
0.6769268763
-1.4116983696
-0.4150393050
-0.9456452033
0.6870208845
-0.4707706455
0.1447101796
0.6377865378
1.0846556537
-0.8721496111
0.0344107720
0.1331885254
-1.1261832847
0.5661902835
0.3109469009
0.6409544603
1.0867776254
-0.5403482240
-3.1036903778
-0.3446634851
0.2752082074
0.7086123589
0.1282066219
-0.8142464197
-0.8252232265
1.0006310490
1.9366728828
0.7815733747
1.2476741108
-1.4266822509
-1.6915212439
0.0824420766
0.4884080542
-0.2947446138
-0.1750945885
-0.9139895950
-0.1292051208
1.5593138092
0.2070070530
0.6016621399
0.1698401540
0.1078566311
1.9861764541
-0.4308479843
0.7517987556
-0.7047223594
0.2218967646
1.0805908950
-1.3534409759
-0.3996867407
0.6304465624
-0.4127549161
-0.1703232692
0.2875020417
-1.3989347601
-0.8739495361
0.2960868330
1.2257972780
-0.5652530517
1.1074482987
0.3348985475
-0.4424412774
0.4241065449
-0.2481909943
-1.1198510942
-2.1966091566
0.5268892001
0.7554900485
-0.5152211867
0.6861089079
-0.0230117408
1.1230974189
-0.5009449328
-1.2099648987
-0.1702334627
0.0780975442
-0.3654474471
0.9160219859
-0.3050073649
1.4936035934
0.7729435826
1.1682339847
0.2491099215
0.4162480167
-1.3030714074
0.7121679700
0.3579120949
-0.6849811105
-1.9205061892
0.2476664985
-0.9081893279
0.1147741783
-0.3784264408
-1.4217818564
-1.1011155623
1.3152464828
0.6318213616
1.3666912531
-0.5613810762
-1.0478869186
-1.6279168301
-0.8661165431
-0.0633099675
-0.6456934091
0.0330796289
0.1303228867
0.2618972881
1.2539673706
-0.6994840632
0.7549838126
0.6547195010
0.7190483827
0.3143601019
-0.2405432455
0.9325508082
0.0664944304
-0.3564526086
1.7868476818
0.6008763869
-0.1039453594
0.3189890793
-1.6255410734
1.1697979748
-0.2538692676
1.1679372576
1.2839139012
-0.8930166968
-0.6373653147
-0.3894540127
-0.2049756788
-0.8813951735
1.1619763376
-0.7254025094
1.3743529873
1.5115573773
-0.2984520578
0.9128416331
-0.7056785829
-0.0644673802
1.1029515330
0.7892436051
-1.3961675966
0.0096332825
0.6959103254
-0.6322929025
-1.4524855011
-1.2016141756
-0.9166114438
1.1492925463
-0.4404815774
0.4089688639
-0.9453094740
-0.7145636174
-0.2380545070
-0.5920045657
-1.3981252251
-0.2551552239
-1.0979648596
0.7558310834
-0.3984770472
-0.2452940608
-0.3246155907
0.5678986316
0.9670600071
-1.8082254007
1.2427369358
-1.3263857782
0.3829845802
1.1308079473
-1.7348838775
-0.0598372472
0.8754697196
-0.4220795350
-0.5846181780
2.5686294273
-0.0477486081
-1.2321204317
-1.3873105523
0.4121144879
0.8164330342
1.5733466362
0.5655780499
0.5170343280
1.1507654117
0.4859178749
-1.5800388069
-0.8846652687
-0.3548688441
0.4127435778
0.4338160112
-0.5038787713
-0.3754943955
0.8312824648
-0.0615684581
-0.2764290629
-0.5468920378
-0.5611531829
0.4647701596
-1.0291626681
-0.0516020234
0.2972487100
0.8646826756
-0.8032527498
0.4107474639
0.3629177790
0.4890018910
0.9484607326
0.4165844110
0.6427996737
-1.6407990980
-0.8111803410
0.6066183463
-0.8819841023
0.1705718154
0.7925454275
1.1247860095
1.2436608527
1.6417921699
0.6806096919
1.0588801766
0.9895626160
0.7081034426
1.3439970008
0.8796364437
0.6089347243
-0.3778943941
0.5237205332
-1.3893028737
1.9628472403
1.8999283679
-0.9580666138
-0.2698780689
1.0543551142
0.2232516663
0.2652664931
0.8586670162
-0.7008884309
0.1494558950
-0.5622205562
0.2837658507
-0.0908716788
-0.6833896960
0.1660825786
0.7551137634
0.5234338607
2.2289296898
-0.6869164772
-1.3422885191
-0.6481938017
2.2747775814
0.9186890740
-1.2702402577
1.3598310484
0.0951033785
-1.8466490714
-0.0631571278
0.1444076528
-1.3189894707
-1.2191175389
2.4005478299
0.5872335982
-0.2706205056
-1.4707193453
1.6896581699
-1.0182528075
0.7507139577
-0.7660371791
0.7612182822
-2.1387150179
0.0571375804
-0.1155488878
0.9416906238
-0.4821358655
0.9914293235
0.4967870230
0.4904285874
0.8252647204
-0.2871328988
0.9947536304
0.0292523160
-0.4537282075
-0.7858307784
-1.0464610376
-0.4056220430
-0.2405460082
-2.0695602222
1.1024891061
-0.4662469440
0.4536372034
-0.9934809208
0.1080671008
1.4939668899
-0.8436704783
-1.1370077191
1.1351699069
-0.0373076165
-0.6008276145
