3 2
1
0 2
0
4 2
0
2 2
0
0 2
0
0 2
0
0 2
#(1.2758620689655173, 1.1839080459770115, 1.0)
0
0 2
0
0 2
1
2 2
0
2 2
0
2 2
0
2 2
0
2 2
0
2 2
0
2 2
#(1.0, 1.0, 1.0)
0
2 2
0
2 2
0
2 2
0
2 2
0
2 2
0
2 2
0
2 2
0
2 2
0
2 2
0
2 2
0
2 2
#(4.555555555555555, 3.3703703703703702, 1.0)
1
4 2
0
4 2
#(1.5333333333333334, 1.3555555555555554, 1.0)
1
4 2
0
0 0
0
0 2
0
0 2
#(0.7758620689655172, 0.8505747126436782, 1.0)
0
0 2
0
0 2
#(1.064516129032258, 1.043010752688172, 1.0)
0
0 2
#(0.7551020408163265, 0.836734693877551, 1.0)
0
0 2
#(0.7307692307692307, 0.8205128205128206, 1.0)
0
0 2
#(0.7142857142857143, 0.8095238095238096, 1.0)
0
0 2
#(0.9, 0.9333333333333332, 1.0)
0
0 2
0
0 2
#(0.9285714285714286, 0.9523809523809524, 1.0)
0
3 6
0
5 6
0
2 7
#(1.5, 1.3333333333333333, 1.0)
1
2 7
#(0.7021276595744681, 0.8014184397163121, 1.0)
0
0 7
#0.8111459285936446
0
0 7
#(0.8048780487804879, 0.8699186991869919, 1.0)
0
0 7
0
0 7
#(0.9333333333333333, 0.9555555555555556, 1.0)
0
0 7
0
0 7
#(1.3076923076923077, 1.205128205128205, 1.0)
0
0 7
#(1.0588235294117647, 1.0392156862745099, 1.0)
0
0 7
#(0.5405405405405406, 0.6936936936936937, 1.0)
0
0 7
0
0 7
#(1.2, 1.1333333333333333, 1.0)
0
0 7
#0.8111459285936446
0
0 7
0
0 7
0
0 7
0
0 7
#(0.6862745098039216, 0.7908496732026143, 1.0)
0
0 7
#(0.9230769230769231, 0.9487179487179488, 1.0)
0
0 7
#(0.8333333333333334, 0.888888888888889, 1.0)
0
0 7
0
0 7
#(1.2608695652173914, 1.173913043478261, 1.0)
0
0 7
#(1.0476190476190477, 1.0317460317460319, 1.0)
0
0 7
0
0 7
#(1.434782608695652, 1.289855072463768, 1.0)
1
0 7
#(1.7142857142857142, 1.4761904761904763, 1.0)
1
0 7
0
0 7
0
0 7
#(0.625, 0.75, 1.0)
0
0 7
0
0 7
#(0.71875, 0.8125, 1.0)
0
0 7
#(1.0, 1.0, 1.0)
0
0 7
0
0 7
0
0 7
0
0 7
#(0.8888888888888888, 0.9259259259259259, 1.0)
0
0 7
1
2 7
#(1.0, 1.0, 1.0)
0
2 7
#(1.0, 1.0, 1.0)
0
2 7
#(0.8, 0.8666666666666667, 1.0)
0
2 7
0
2 7
#(1.8461538461538463, 1.564102564102564, 1.0)
1
2 7
#(1.0, 1.0, 1.0)
0
2 7
#(1.3333333333333333, 1.222222222222222, 1.0)
0
2 7
#(2.8461538461538463, 2.230769230769231, 1.0)
1
2 7
0
0 7
0
1 0
#0.7579576782487072
1
1 0
0
0 0
#0.8804060779930437
0
0 0
#(2.1818181818181817, 1.7878787878787878, 1.0)
1
1 0
#(3.4, 2.6, 1.0)
1
0 2
#(0.84375, 0.8958333333333334, 1.0)
0
1 2
#(1.5, 1.3333333333333333, 1.0)
1
1 3
#0.7793422061934103
0
0 3
#(0.7222222222222222, 0.8148148148148149, 1.0)
0
0 3
#(0.8723404255319149, 0.9148936170212766, 1.0)
0
0 3
#(1.5294117647058822, 1.352941176470588, 1.0)
1
0 3
0
0 3
#(1.6666666666666667, 1.4444444444444446, 1.0)
1
0 3
1
1 3
#(0.7441860465116279, 0.8294573643410853, 1.0)
0
1 3
0
1 3
#(1.0, 1.0, 1.0)
0
1 3
0
1 3
0
1 3
#(0.9090909090909091, 0.9393939393939394, 1.0)
0
1 3
0
1 3
0
1 3
#0.7793422061934103
0
1 3
0
1 3
#(1.4782608695652173, 1.3188405797101448, 1.0)
1
1 3
#(1.9230769230769231, 1.6153846153846156, 1.0)
1
1 3
#(0.8888888888888888, 0.9259259259259259, 1.0)
0
1 3
0
1 3
#(2.25, 1.8333333333333333, 1.0)
1
1 3
#(1.0, 1.0, 1.0)
0
1 3
0
1 3
#0.7793422061934102
0
1 3
0
1 3
#(1.0588235294117647, 1.0392156862745099, 1.0)
0
1 3
#(1.1136363636363635, 1.0757575757575757, 1.0)
0
1 3
#0.7793422061934102
0
1 3
#(0.7377049180327869, 0.8251366120218581, 1.0)
0
1 3
#(0.8, 0.8666666666666667, 1.0)
0
1 3
#0.7793422061934103
0
1 3
#0.7793422061934102
0
1 3
0
1 3
#(0.8333333333333334, 0.888888888888889, 1.0)
0
1 3
#(1.0, 1.0, 1.0)
0
1 3
#(1.0, 1.0, 1.0)
0
1 3
#(1.6111111111111112, 1.4074074074074074, 1.0)
1
1 3
#0.7793422061934103
0
1 3
0
1 3
0
1 3
#(1.6, 1.4000000000000001, 1.0)
1
1 3
#(1.3846153846153846, 1.2564102564102564, 1.0)
0
1 3
0
1 3
#(2.0, 1.6666666666666667, 1.0)
1
1 3
0
1 3
#(1.0303030303030303, 1.02020202020202, 1.0)
0
1 3
#0.7793422061934101
0
1 3
#(1.0666666666666667, 1.0444444444444445, 1.0)
0
1 3
0
1 3
#(0.8, 0.8666666666666667, 1.0)
0
1 3
#0.7793422061934103
1
1 0
0
1 3
#(1.0, 1.0, 1.0)
0
1 3
#(2.2857142857142856, 1.857142857142857, 1.0)
1
1 3
#(1.0, 1.0, 1.0)
0
1 3
#(1.0, 1.0, 1.0)
0
1 3
#(0.7, 0.7999999999999999, 1.0)
0
1 3
0
1 3
#(0.8421052631578947, 0.8947368421052632, 1.0)
0
1 3
#0.7322236461410516
0
1 3
#(1.9047619047619047, 1.603174603174603, 1.0)
1
2 3
1
0 0
0
0 3
#(1.0, 1.0, 1.0)
0
0 3
#(1.2580645161290323, 1.1720430107526882, 1.0)
0
0 3
#(1.375, 1.25, 1.0)
0
0 3
#(1.0, 1.0, 1.0)
0
0 3
#0.7983116877543137
1
0 0
#(0.8478260869565217, 0.8985507246376812, 1.0)
0
0 6
#(0.6086956521739131, 0.7391304347826088, 1.0)
0
0 6
#0.8569628667927012
0
0 6
#0.8569628667927014
0
0 6
#0.8569628667927014
0
0 6
#0.8569628667927012
0
0 6
#0.8569628667927014
0
0 6
#0.8569628667927012
0
0 6
#(1.09375, 1.0625, 1.0)
0
0 6
1
0 0
#(1.13625, 1.0908333333333333, 1.0)
0
0 6
#(0.9711538461538461, 0.9807692307692308, 1.0)
0
0 6
1
3 6
0
3 6
0
3 6
0
4 6
0
3 1
0
3 1
0
3 1
1
4 1
1
5 1
#0.7809406816518422
1
5 0
#(0.8505263157894737, 0.9003508771929823, 1.0)
0
5 0
#(1.6664999999999999, 1.4443333333333335, 1.0)
1
1 0
#(0.67859375, 0.7857291666666667, 1.0)
0
5 1
0
1 1
0
1 1
0
1 1
0
1 1
#(0.8145161290322581, 0.8763440860215054, 1.0)
0
1 1
0
1 1
0
1 1
#(1.111, 1.074, 1.0)
0
1 1
#(2.356666666666667, 1.9044444444444446, 1.0)
1
1 1
0
1 1
#(1.188235294117647, 1.1254901960784314, 1.0)
0
1 1
0
1 1
#0.8067578683514486
0
1 1
#(1.01, 1.0066666666666666, 1.0)
0
1 1
0
1 1
#0.8067578683514486
0
1 1
#(0.8263636363636363, 0.8842424242424242, 1.0)
0
1 1
0
1 1
0
1 1
0
1 1
0
1 1
0
1 1
#(1.0415625, 1.0277083333333332, 1.0)
0
1 1
0
1 1
0
1 1
#(1.2344444444444445, 1.1562962962962964, 1.0)
0
1 1
#(0.49029126213592233, 0.6601941747572816, 1.0)
0
1 1
0
1 1
#(1.01, 1.0066666666666666, 1.0)
0
1 1
0
1 1
#(1.01, 1.0066666666666666, 1.0)
0
1 1
#(1.01, 1.0066666666666666, 1.0)
0
1 1
0
1 1
0
1 1
0
1 1
#(1.5150000000000001, 1.3433333333333335, 1.0)
1
1 1
#(1.01, 1.0066666666666666, 1.0)
0
1 1
0
1 1
#(1.01, 1.0066666666666666, 1.0)
0
1 1
0
1 1
0
1 1
#(0.8515686274509804, 0.9010457516339869, 1.0)
0
1 1
0
1 1
0
1 1
#(1.01, 1.0066666666666666, 1.0)
0
1 1
0
1 1
#(0.7465217391304348, 0.8310144927536233, 1.0)
0
1 1
0
1 1
0
1 1
#0.8067578683514487
0
1 1
#(0.88375, 0.9225, 1.0)
0
1 1
#(0.7819354838709678, 0.8546236559139785, 1.0)
0
1 1
0
1 1
0
1 1
0
1 1
0
1 1
#(1.1446666666666667, 1.0964444444444446, 1.0)
0
1 1
#0.8067578683514487
0
1 1
0
1 1
#(1.0314893617021277, 1.0209929078014184, 1.0)
0
1 1
#(1.361304347826087, 1.2408695652173913, 1.0)
0
1 1
#(1.0712121212121213, 1.0474747474747474, 1.0)
0
1 1
0
1 1
#(4.04, 3.026666666666667, 1.0)
1
1 1
#(0.6733333333333333, 0.7822222222222223, 1.0)
0
2 4
#(0.7259375, 0.8172916666666667, 1.0)
0
1 0
1
2 0
#(1.1542857142857144, 1.102857142857143, 1.0)
0
2 0
#(1.6368965517241378, 1.424597701149425, 1.0)
1
5 0
#(1.01, 1.0066666666666666, 1.0)
0
5 0
0
5 0
0
5 0
#(1.3466666666666667, 1.231111111111111, 1.0)
0
5 0
0
5 0
#(0.9138095238095238, 0.9425396825396826, 1.0)
0
5 0
#(7.911666666666666, 5.607777777777777, 1.0)
1
2 0
0
1 4
#(0.7345454545454545, 0.8230303030303029, 1.0)
0
5 0
#0.7902573409200873
0
1 0
#(0.9122580645161291, 0.941505376344086, 1.0)
0
1 0
1
2 0
0
2 0
#(0.9725925925925927, 0.9817283950617285, 1.0)
0
2 0
#0.7902573409200873
0
2 0
#(0.8328070175438597, 0.8885380116959064, 1.0)
0
2 0
#(0.9568421052631578, 0.9712280701754384, 1.0)
0
2 0
0
2 0
#(0.946875, 0.9645833333333332, 1.0)
0
2 0
#(0.8621951219512195, 0.9081300813008131, 1.0)
0
2 0
#0.7902573409200873
0
2 0
#(1.5150000000000001, 1.3433333333333335, 1.0)
1
2 0
#(0.8559322033898306, 0.903954802259887, 1.0)
0
2 0
#(1.0425806451612902, 1.0283870967741935, 1.0)
0
2 0
#(0.8136111111111111, 0.8757407407407407, 1.0)
0
2 0
#(0.7855555555555556, 0.857037037037037, 1.0)
0
2 0
#(1.4308333333333334, 1.2872222222222223, 1.0)
1
2 0
#0.7902573409200871
1
2 0
#(1.469090909090909, 1.3127272727272727, 1.0)
1
2 0
0
2 0
#0.8376015023411463
0
2 0
#(0.6841935483870968, 0.7894623655913978, 1.0)
0
2 0
0
2 0
#(1.0941666666666667, 1.0627777777777778, 1.0)
0
2 0
#0.8376015023411463
0
2 0
#(0.8977777777777778, 0.9318518518518518, 1.0)
0
2 0
#0.8376015023411463
0
2 0
#(1.616, 1.4106666666666667, 1.0)
1
2 0
0
2 0
0
2 0
0
2 0
#0.8376015023411454
0
2 0
0
2 2
#(0.88375, 0.9225, 1.0)
0
2 2
#0.7692913741786387
0
2 2
#0.7692913741786387
0
2 2
0
2 2
#0.7692913741786387
0
2 2
#(0.606, 0.7373333333333333, 1.0)
0
2 2
0
2 2
#(0.6132142857142858, 0.7421428571428571, 1.0)
0
2 2
0
2 2
#(1.150277777777778, 1.1001851851851854, 1.0)
0
2 2
#0.7692913741786387
1
2 0
0
2 2
#0.9080191186456551
0
2 2
#(0.8079999999999999, 0.8719999999999999, 1.0)
0
2 2
#0.9080191186456551
0
2 2
0
2 2
#0.9080191186456551
0
2 2
0
2 2
0
2 2
#(1.2344444444444445, 1.1562962962962964, 1.0)
0
2 2
#(0.6556140350877192, 0.7704093567251462, 1.0)
0
2 2
0
2 2
#(1.541578947368421, 1.3610526315789473, 1.0)
1
2 4
0
2 6
#(0.635925925925926, 0.757283950617284, 1.0)
0
2 6
#(0.8248333333333334, 0.8832222222222222, 1.0)
0
2 6
#(1.8646153846153848, 1.5764102564102564, 1.0)
1
2 6
#(0.7214285714285714, 0.8142857142857144, 1.0)
0
2 6
#0.8021730700615608
0
2 6
#(1.01, 1.0066666666666666, 1.0)
0
2 6
#(1.6833333333333333, 1.4555555555555557, 1.0)
1
2 6
#(1.616, 1.4106666666666667, 1.0)
1
2 6
#(1.01, 1.0066666666666666, 1.0)
0
2 6
#0.802173070061561
0
2 6
#(1.4813333333333332, 1.3208888888888888, 1.0)
1
2 6
#(0.8782608695652173, 0.9188405797101448, 1.0)
0
2 6
#(1.4067857142857143, 1.2711904761904762, 1.0)
1
5 6
0
5 6
0
5 6
0
5 6
#(1.0908, 1.0605333333333333, 1.0)
0
5 6
#0.8021730700615608
0
5 6
#(0.6060000000000001, 0.7373333333333334, 1.0)
0
5 6
#(0.8416666666666667, 0.8944444444444445, 1.0)
0
5 6
#(1.01, 1.0066666666666666, 1.0)
0
5 6
#(2.02, 1.68, 1.0)
1
5 6
#(1.2344444444444445, 1.1562962962962964, 1.0)
0
5 6
0
5 6
0
5 6
0
5 6
#(1.325625, 1.2170833333333333, 1.0)
0
5 6
0
2 6
#(8.08, 5.72, 1.0)
1
0 0
#0.7809572575510408
0
0 2
#(3.0300000000000002, 2.3533333333333335, 1.0)
1
0 2
#(1.4140000000000001, 1.276, 1.0)
1
2 2
#(0.6586956521739131, 0.7724637681159421, 1.0)
0
0 2
#(1.01, 1.0066666666666666, 1.0)
0
0 2
#0.7933721512007424
0
0 2
#(0.8546153846153846, 0.903076923076923, 1.0)
0
0 2
1
0 0
0
0 2
#(1.4451416666666665, 1.296761111111111, 1.0)
1
0 2
0
0 2
1
2 2
0
2 2
#(1.12211, 1.0814066666666666, 1.0)
0
2 2
0
2 2
0
2 2
0
2 2
0
2 2
0
2 2
#(1.0201, 1.0134, 1.0)
0
2 2
0
2 2
#0.7933721512007424
1
2 0
0
2 2
0
2 2
0
2 2
0
2 2
0
2 2
0
2 2
0
2 2
0
2 2
#(1.0201, 1.0134, 1.0)
0
2 2
0
2 2
#(1.5693846153846154, 1.3795897435897437, 1.0)
1
2 2
0
2 2
0
2 2
0
2 2
0
2 2
0
2 2
0
2 2
0
2 2
0
2 2
0
2 2
0
2 2
#(1.246788888888889, 1.164525925925926, 1.0)
0
2 4
0
2 4
#(0.6945361702127659, 0.7963574468085106, 1.0)
0
2 4
#0.8264105063622964
0
2 4
0
2 4
#0.8264105063622964
0
2 4
#0.8264105063622964
0
5 4
#(0.969095, 0.9793966666666667, 1.0)
0
2 1
#(1.2055727272727272, 1.1370484848484848, 1.0)
0
2 1
#(3.315325, 2.54355, 1.0)
1
2 1
0
2 1
0
0 2
#(0.8925875, 0.9283916666666666, 1.0)
0
0 2
#0.7951581467453681
0
0 2
#(1.0664681818181818, 1.0443121212121211, 1.0)
0
0 2
#0.7951581467453681
0
0 2
#(0.6859293103448276, 0.7906195402298851, 1.0)
0
0 2
#0.7951581467453681
0
0 2
0
0 2
#(14.2814, 9.854266666666666, 1.0)
1
0 2
#(1.4101382352941176, 1.2734254901960784, 1.0)
1
0 2
0
0 2
#(1.0201, 1.0134, 1.0)
0
0 2
0
0 2
#0.7951581467453681
0
0 2
#0.7951581467453681
0
0 2
0
0 2
0
0 2
0
0 2
0
0 2
#0.7951581467453681
0
0 2
#(1.0201, 1.0134, 1.0)
0
0 2
#(1.0956629629629628, 1.0637753086419752, 1.0)
0
0 2
0
0 2
#(1.9071434782608696, 1.6047623188405797, 1.0)
1
2 2
0
2 2
#0.7951581467453682
0
2 2
#(0.8827788461538462, 0.9218525641025641, 1.0)
0
2 2
0
2 2
#(4.0804, 3.0536, 1.0)
1
2 2
0
2 2
#0.795158146745368
0
2 2
#(1.142512, 1.095008, 1.0)
0
2 2
0
2 2
0
2 2
0
2 2
#(0.765075, 0.8433833333333333, 1.0)
0
2 2
#(0.8400823529411765, 0.8933882352941177, 1.0)
0
2 2
#(0.9634277777777778, 0.9756185185185186, 1.0)
0
2 2
#(1.1658285714285714, 1.110552380952381, 1.0)
0
2 2
#0.7951581467453681
0
2 2
0
2 2
#(0.7344719999999999, 0.8229813333333332, 1.0)
0
2 2
#0.7951581467453669
0
1 0
#0.767071375983288
0
0 1
0
0 1
0
0 1
#(1.22412, 1.1494133333333334, 1.0)
0
0 1
#0.7979309900674064
0
0 1
#(1.0201, 1.0134, 1.0)
0
0 1
0
0 1
0
0 1
#(2.55025, 2.0335, 1.0)
1
0 1
#0.7979309900674064
0
0 1
0
0 1
0
0 1
1
1 1
0
1 1
#0.7979309900674064
0
1 1
1
2 1
#(0.663065, 0.7753766666666667, 1.0)
0
2 1
#(1.0201, 1.0134, 1.0)
0
2 1
0
2 1
0
2 1
#(0.8743714285714285, 0.9162476190476191, 1.0)
0
2 1
#(0.8435442307692308, 0.895696153846154, 1.0)
0
2 1
#(0.741890909090909, 0.8279272727272726, 1.0)
0
2 1
#(1.434515625, 1.2896770833333333, 1.0)
1
2 1
#(0.8015071428571429, 0.8676714285714286, 1.0)
0
2 1
#(1.1901166666666667, 1.1267444444444445, 1.0)
0
2 1
0
2 1
#(1.785175, 1.5234499999999997, 1.0)
1
2 1
0
2 1
0
2 1
0
2 1
#(2.3802333333333334, 1.9201555555555556, 1.0)
1
2 1
#(1.1855216216216216, 1.1236810810810811, 1.0)
0
2 1
#(0.6800666666666667, 0.7867111111111112, 1.0)
0
2 1
#(0.7000686274509803, 0.800045751633987, 1.0)
0
2 1
0
2 1
0
2 1
0
2 1
#(1.0929642857142858, 1.0619761904761906, 1.0)
0
2 1
#(0.8902690909090909, 0.9268460606060606, 1.0)
0
2 1
#0.7979309900674063
0
2 1
#(0.765075, 0.8433833333333333, 1.0)
0
2 1
#(0.8743714285714285, 0.9162476190476191, 1.0)
0
2 1
#(1.067546511627907, 1.045031007751938, 1.0)
0
2 1
#(0.9067555555555556, 0.9378370370370371, 1.0)
0
2 1
0
2 1
#(0.7386931034482759, 0.8257954022988505, 1.0)
0
2 1
#(0.9445370370370371, 0.9630246913580246, 1.0)
0
2 1
#(3.26432, 2.5095466666666666, 1.0)
1
2 1
#(0.8769280701754386, 0.9179520467836259, 1.0)
0
2 1
#(1.2440243902439025, 1.1626829268292684, 1.0)
0
2 1
0
2 1
#(1.1531565217391304, 1.102104347826087, 1.0)
0
2 1
#(1.1476125, 1.0984083333333332, 1.0)
0
2 1
0
2 1
#0.797930990067407
0
2 1
0
2 1
0
2 1
#0.7979309900674066
0
2 1
0
2 1
#(1.0201, 1.0134, 1.0)
0
2 1
0
2 1
#(0.8194245901639344, 0.8796163934426229, 1.0)
0
2 1
0
0 3
0
1 0
0
0 7
#(1.3176291666666666, 1.2117527777777777, 1.0)
0
0 7
0
0 7
#(1.498271875, 1.3321812499999999, 1.0)
1
0 7
#(0.8500833333333334, 0.9000555555555557, 1.0)
0
0 7
#(1.0501029411764706, 1.0334019607843137, 1.0)
0
0 7
#(1.0201, 1.0134, 1.0)
0
0 7
0
0 7
#(0.81608, 0.8773866666666666, 1.0)
0
0 7
#(1.0201, 1.0134, 1.0)
0
0 7
#(0.9108035714285715, 0.9405357142857144, 1.0)
0
0 7
1
1 7
#0.7849509476365064
0
1 7
0
1 7
#(1.231155172413793, 1.154103448275862, 1.0)
0
1 7
#(1.2001176470588235, 1.1334117647058823, 1.0)
0
1 7
#0.7849509476365064
0
1 7
1
2 7
#0.7849509476365063
0
2 7
#(0.82883125, 0.8858874999999999, 1.0)
0
2 7
#(2.3802333333333334, 1.9201555555555556, 1.0)
1
2 7
0
2 7
0
2 7
#(1.246788888888889, 1.164525925925926, 1.0)
0
2 7
#(1.2617026315789472, 1.1744684210526315, 1.0)
0
0 5
#(0.870085294117647, 0.9133901960784314, 1.0)
0
1 2
0
0 2
0
0 2
0
0 2
0
0 2
#0.851650345529317
0
0 2
#(1.0201, 1.0134, 1.0)
0
3 0
0
4 0
#0.7499642177189592
0
0 2
#(0.9472357142857143, 0.9648238095238094, 1.0)
0
0 2
0
0 2
#(0.7516526315789474, 0.8344350877192982, 1.0)
0
0 2
0
0 2
#(1.483781818181818, 1.322521212121212, 1.0)
1
0 2
1
0 0
#(0.7453241276595747, 0.830216085106383, 1.0)
0
1 2
#(1.0303010000000001, 1.0202006666666668, 1.0)
0
6 0
#(0.9567080714285716, 0.9711387142857144, 1.0)
0
0 6
0
0 6
0
0 6
0
0 6
0
0 6
0
0 6
#(0.8156549583333335, 0.8771033055555556, 1.0)
0
0 6
#(1.0303010000000001, 1.0202006666666668, 1.0)
0
0 6
0
0 6
#(0.8776638148148149, 0.9184425432098765, 1.0)
0
0 6
#(0.7727257500000001, 0.8484838333333334, 1.0)
0
0 6
#(1.567849347826087, 1.378566231884058, 1.0)
1
0 6
0
0 6
0
0 6
0
0 6
0
0 6
#(0.871793153846154, 0.9145287692307692, 1.0)
0
0 6
0
0 6
#(1.0909069411764707, 1.0606046274509804, 1.0)
0
0 6
#(1.0303010000000001, 1.0202006666666668, 1.0)
0
0 6
0
0 6
#(1.3355753703703703, 1.2237169135802468, 1.0)
0
0 6
#(0.861706290909091, 0.9078041939393939, 1.0)
0
0 6
0
0 6
0
0 6
#(1.152955880952381, 1.1019705873015873, 1.0)
0
0 6
#(0.9366372727272728, 0.957758181818182, 1.0)
0
0 6
0
0 6
#0.8325172792746923
0
0 6
0
0 6
#(1.3644526756756759, 1.2429684504504506, 1.0)
0
0 6
#(1.3737346666666668, 1.2491564444444445, 1.0)
0
0 6
#(1.0875399444444447, 1.0583599629629632, 1.0)
0
0 6
0
0 6
#(0.7083319375000001, 0.8055546250000001, 1.0)
0
0 6
0
0 6
#(1.28787625, 1.1919175, 1.0)
0
0 6
#(0.9076461190476192, 0.938430746031746, 1.0)
0
0 6
#(0.677054942857143, 0.7847032952380953, 1.0)
0
0 6
#(0.9272709000000002, 0.9515139333333336, 1.0)
0
0 6
0
0 6
#0.8325172792746923
0
0 6
#0.8325172792746921
0
0 6
#0.8325172792746921
0
0 6
0
0 6
#(0.6623363571428572, 0.7748909047619049, 1.0)
0
0 6
0
0 6
0
0 6
0
0 6
#(0.909089117647059, 0.9393927450980394, 1.0)
0
0 6
0
0 6
0
0 6
1
1 6
#(1.1359728974358976, 1.0906485982905985, 1.0)
0
1 6
0
1 6
#0.8325172792746921
0
1 6
0
1 6
#(0.7250266296296297, 0.8166844197530865, 1.0)
0
1 6
0
1 6
0
1 6
#(0.7011770694444446, 0.800784712962963, 1.0)
0
1 6
0
1 6
0
1 6
0
1 6
#0.8325172792746921
0
1 6
#(1.2472064736842106, 1.1648043157894736, 1.0)
0
1 6
#(0.7976523870967743, 0.8651015913978496, 1.0)
0
1 6
#(0.8242408000000001, 0.8828272, 1.0)
0
1 6
#(0.732658488888889, 0.821772325925926, 1.0)
0
1 6
#(1.0624979062500002, 1.0416652708333334, 1.0)
0
1 6
0
1 6
0
1 6
#0.8325172792746921
0
1 6
#(0.9730620555555558, 0.9820413703703705, 1.0)
0
1 6
1
6 6
0
6 6
#(1.0303010000000001, 1.0202006666666668, 1.0)
0
6 6
1
2 6
#(1.169530864864865, 1.1130205765765766, 1.0)
0
2 6
#(1.2363612000000002, 1.1575741333333334, 1.0)
0
2 6
#(1.28787625, 1.1919175, 1.0)
0
2 6
#(0.9631074565217392, 0.9754049710144929, 1.0)
0
2 6
#(0.903772807017544, 0.935848538011696, 1.0)
0
2 6
1
3 6
0
3 6
#(1.5454515000000002, 1.3636343333333336, 1.0)
1
3 6
#(1.0574141842105265, 1.0382761228070176, 1.0)
0
3 6
0
3 6
#0.8325172792746921
0
3 6
0
3 6
0
3 6
#(1.619044428571429, 1.4126962857142857, 1.0)
1
3 6
0
3 6
#(0.7953200701754387, 0.8635467134502924, 1.0)
0
3 6
0
3 6
#(0.6507164210526316, 0.7671442807017543, 1.0)
0
3 6
0
3 6
#(1.3737346666666668, 1.2491564444444445, 1.0)
0
3 6
#(1.3737346666666668, 1.2491564444444445, 1.0)
0
3 6
#(1.2363612000000002, 1.1575741333333334, 1.0)
0
3 6
#(1.3737346666666668, 1.2491564444444445, 1.0)
0
3 6
#0.8325172792746921
0
3 6
0
3 6
0
3 6
#(0.6654027291666668, 0.7769351527777779, 1.0)
0
3 6
#0.8325172792746915
0
3 6
0
3 6
#(0.7727257500000001, 0.8484838333333334, 1.0)
0
3 6
#(1.0303010000000001, 1.0202006666666668, 1.0)
0
3 6
0
3 4
#(0.8526628965517242, 0.9017752643678162, 1.0)
0
3 4
#0.7849392955008224
0
3 4
#0.7849392955008224
0
3 4
#0.7849392955008225
0
3 4
#(1.0303010000000001, 1.0202006666666668, 1.0)
0
3 4
1
4 4
#0.7849392955008225
0
5 4
#(0.7064921142857143, 0.8043280761904762, 1.0)
0
0 7
#0.7509226322745532
0
1 7
#0.7503781415568919
0
2 6
#(0.6642730131578949, 0.7761820087719299, 1.0)
0
0 6
#(2.6787826000000003, 2.1191884, 1.0)
1
1 6
#(1.8787841764705884, 1.585856117647059, 1.0)
1
2 6
0
2 6
#(1.5058245384615387, 1.3372163589743593, 1.0)
1
4 6
0
4 6
#(0.9158231111111113, 0.9438820740740742, 1.0)
0
4 6
#(1.1308181707317075, 1.0872121138211384, 1.0)
0
4 6
#(0.6979458387096775, 0.798630559139785, 1.0)
0
3 0
#0.7737444429134741
0
1 7
#0.8517517018425029
0
0 4
#0.8269960822356768
0
2 2
#(0.6750247931034484, 0.7833498620689655, 1.0)
0
0 2
0
0 2
0
0 2
0
0 2
#0.8139373124538443
0
0 2
0
0 2
#(1.1387537368421055, 1.0925024912280703, 1.0)
0
0 2
0
0 2
#0.8139373124538443
0
0 2
0
0 2
#(1.2020178333333336, 1.1346785555555556, 1.0)
0
0 2
#0.8139373124538443
0
0 2
0
0 2
#(1.0303010000000001, 1.0202006666666668, 1.0)
0
0 2
0
0 2
0
0 2
#(0.9530284250000001, 0.9686856166666667, 1.0)
0
0 2
0
0 2
0
0 2
#(0.9337102812500001, 0.9558068541666668, 1.0)
0
0 2
0
0 2
0
0 2
0
0 2
#(1.28787625, 1.1919175, 1.0)
0
0 2
#(0.8942235094339623, 0.9294823396226416, 1.0)
0
0 2
0
0 2
0
0 2
1
1 2
0
1 2
#(0.8371195625000001, 0.8914130416666667, 1.0)
0
1 2
#(1.421104827586207, 1.280736551724138, 1.0)
1
2 2
0
2 2
1
3 2
#(1.18484615, 1.1232307666666668, 1.0)
0
3 2
#(1.0303010000000001, 1.0202006666666668, 1.0)
0
3 2
#(1.119892391304348, 1.0799282608695653, 1.0)
0
3 2
#(0.8776638148148149, 0.9184425432098765, 1.0)
0
3 2
#(1.4424214000000002, 1.2949476000000002, 1.0)
1
4 2
0
4 2
#(0.8757558500000002, 0.9171705666666669, 1.0)
0
4 2
#(1.3737346666666668, 1.2491564444444445, 1.0)
0
4 2
#(1.373734666666667, 1.2491564444444447, 1.0)
0
4 2
0
4 2
0
4 2
#(0.8242408000000001, 0.8828272, 1.0)
0
4 2
0
1 0
0
3 0
#(0.8279204464285715, 0.8852802976190478, 1.0)
0
1 0
#(1.7171683333333334, 1.4781122222222223, 1.0)
1
1 0
#(1.5454515000000002, 1.3636343333333336, 1.0)
1
1 0
#0.8015977386438815
0
1 0
#0.8015977386438817
0
1 0
0
1 0
0
1 0
#0.8015977386438817
0
1 0
0
1 0
#0.8015977386438815
0
1 0
#(0.8471363777777778, 0.8980909185185185, 1.0)
0
1 0
0
1 0
#(1.634270551724138, 1.4228470344827588, 1.0)
1
1 0
#(1.0303010000000001, 1.0202006666666668, 1.0)
0
1 0
#(0.9114201153846154, 0.9409467435897435, 1.0)
0
1 0
#(1.1066195925925928, 1.071079728395062, 1.0)
0
1 0
#(1.3614691785714288, 1.2409794523809525, 1.0)
0
1 0
0
1 0
0
1 0
0
1 0
#(1.241644794871795, 1.16109652991453, 1.0)
0
1 0
0
1 0
#(0.871793153846154, 0.9145287692307692, 1.0)
0
1 0
0
1 0
#(0.8429735454545455, 0.895315696969697, 1.0)
0
1 0
#0.8015977386438804
0
1 6
#(0.8429735454545455, 0.895315696969697, 1.0)
0
1 6
0
1 6
#(1.2297140967741937, 1.1531427311827958, 1.0)
0
1 6
0
1 6
#(1.2878762500000003, 1.1919175000000002, 1.0)
0
1 6
#(1.2363612000000002, 1.1575741333333334, 1.0)
0
1 6
#0.8013755170864821
0
1 6
#0.8013755170864821
0
1 6
#(1.0589204722222223, 1.0392803148148149, 1.0)
0
1 6
#(1.4098855789473685, 1.273257052631579, 1.0)
1
1 6
#(1.592283363636364, 1.3948555757575758, 1.0)
1
1 6
0
1 6
#(1.1888088461538464, 1.1258725641025642, 1.0)
0
1 6
#(0.7667356279069768, 0.8444904186046512, 1.0)
0
1 6
#(1.0946948125000002, 1.0631298750000002, 1.0)
0
1 6
#(1.0303010000000001, 1.0202006666666668, 1.0)
0
1 6
#0.8013755170864821
1
1 0
#(0.5151505000000001, 0.676767, 1.0)
0
1 7
0
1 7
#0.8685525939837323
0
1 7
#(1.4424214000000002, 1.2949476000000002, 1.0)
1
1 7
#0.8685525939837323
0
1 7
#(0.7391289782608697, 0.8260859855072464, 1.0)
0
1 7
0
1 7
#(0.9714266571428573, 0.9809511047619047, 1.0)
0
1 7
0
1 7
#0.8685525939837322
0
1 7
#(1.0303010000000001, 1.0202006666666668, 1.0)
0
1 7
#(0.9616142666666668, 0.9744095111111113, 1.0)
0
1 6
1
3 6
#0.858627248212525
0
3 6
0
3 6
0
3 6
#(0.8429735454545456, 0.8953156969696972, 1.0)
0
3 6
#(1.0522222978723406, 1.034814865248227, 1.0)
0
3 6
1
4 6
#(1.2234824375000002, 1.1489882916666667, 1.0)
0
4 6
0
4 6
0
4 6
#(0.7631859259259259, 0.842123950617284, 1.0)
0
4 6
#0.858627248212525
0
4 6
0
4 6
#(0.559946195652174, 0.7066307971014494, 1.0)
0
4 6
0
4 6
#(0.7493098181818183, 0.8328732121212122, 1.0)
0
4 6
0
4 6
0
4 6
#0.858627248212525
0
4 6
0
4 6
#(1.7386329375000003, 1.4924219583333336, 1.0)
1
4 6
#0.858627248212525
0
4 6
0
4 6
0
4 6
0
4 6
0
4 6
#(0.9158231111111113, 0.9438820740740742, 1.0)
0
4 6
#(1.4641119473684212, 1.3094079649122807, 1.0)
1
4 6
#(1.3164957222222222, 1.210997148148148, 1.0)
0
4 6
0
4 6
#0.858627248212525
0
4 6
#(0.7212107, 0.8141404666666666, 1.0)
0
4 6
#(0.874194787878788, 0.9161298585858587, 1.0)
0
4 6
0
4 6
#(1.1774868571428572, 1.1183245714285714, 1.0)
0
4 6
#(0.5804512676056338, 0.7203008450704225, 1.0)
0
4 6
#(0.5396814761904762, 0.6931209841269842, 1.0)
0
4 6
#(0.7849912380952382, 0.8566608253968254, 1.0)
0
4 6
#0.858627248212525
0
4 6
#(1.1308181707317075, 1.0872121138211384, 1.0)
0
4 6
0
4 6
#(1.3737346666666668, 1.2491564444444445, 1.0)
0
4 6
#0.858627248212525
0
4 6
0
4 6
#0.858627248212525
1
4 0
#0.858627248212525
0
4 6
#(1.0303010000000001, 1.0202006666666668, 1.0)
0
4 6
0
4 6
#(1.7796108181818184, 1.5197405454545454, 1.0)
1
4 6
#0.9354477094597753
0
4 6
0
4 6
#(1.3473166923076927, 1.2315444615384619, 1.0)
0
4 6
#(1.766230285714286, 1.5108201904761909, 1.0)
1
4 6
0
4 7
#0.8783184897942728
0
4 7
#(1.355659210526316, 1.2371061403508774, 1.0)
0
4 7
0
4 7
#0.8783184897942728
0
4 7
#(0.8340531904761906, 0.8893687936507938, 1.0)
0
4 7
0
4 7
#0.8783184897942728
0
4 7
#(1.5454515000000002, 1.3636343333333336, 1.0)
1
5 7
#(0.7878772352941177, 0.8585848235294118, 1.0)
0
5 0
0
5 0
#(0.938718688888889, 0.9591457925925927, 1.0)
0
5 0
#(1.2644603181818184, 1.176306878787879, 1.0)
0
5 0
#(0.8013452222222224, 0.8675634814814815, 1.0)
0
5 0
#0.8029930677589873
0
5 0
#(1.2234824375000002, 1.1489882916666667, 1.0)
0
5 0
#(1.0670974642857145, 1.044731642857143, 1.0)
0
5 0
0
5 0
#0.8029930677589869
0
5 0
#(0.9158231111111113, 0.9438820740740742, 1.0)
0
0 1
#(0.8625775813953489, 0.908385054263566, 1.0)
0
1 7
#0.7984896483460355
0
0 6
#0.8090222094893269
0
0 6
#(0.8242408000000001, 0.8828272, 1.0)
0
0 6
#(1.0750966956521741, 1.050064463768116, 1.0)
0
0 6
#(1.2878762500000003, 1.1919175000000002, 1.0)
0
0 6
0
2 6
0
3 6
0
6 6
#(0.7493098181818183, 0.8328732121212122, 1.0)
0
4 2
#0.7939180594829822
0
0 2
0
0 2
0
0 2
#(0.883115142857143, 0.9220767619047621, 1.0)
0
0 2
#(0.7948036285714287, 0.8632024190476191, 1.0)
0
0 2
#(1.2775732400000002, 1.1850488266666668, 1.0)
0
0 2
#(0.9970654838709679, 0.9980436559139786, 1.0)
0
0 2
0
0 2
#0.7939180594829823
0
0 2
#(1.1774868571428574, 1.1183245714285717, 1.0)
0
0 2
#(0.8395045185185187, 0.893003012345679, 1.0)
0
0 2
#(1.0303010000000001, 1.0202006666666668, 1.0)
0
0 3
1
1 3
0
1 3
#(0.8242408000000001, 0.8828272, 1.0)
0
1 3
#0.786064705929428
0
1 3
0
1 3
0
1 3
0
1 3
#(1.259256777777778, 1.1728378518518519, 1.0)
0
1 3
#(1.3355753703703703, 1.2237169135802468, 1.0)
0
1 3
0
1 3
0
1 3
#(2.5757525000000006, 2.050501666666667, 1.0)
1
1 3
0
1 3
0
1 3
#(0.7727257500000001, 0.8484838333333334, 1.0)
0
1 3
#(1.167674466666667, 1.111782977777778, 1.0)
0
1 3
#(1.144778888888889, 1.0965192592592594, 1.0)
0
1 3
0
1 3
#(0.9959576333333334, 0.997305088888889, 1.0)
0
1 3
0
1 3
#(1.7309056800000002, 1.4872704533333334, 1.0)
1
1 3
#(0.7555540666666668, 0.8370360444444446, 1.0)
0
1 3
0
1 3
0
1 3
#0.786064705929428
0
1 3
#(1.1161594166666668, 1.0774396111111113, 1.0)
0
1 3
#(0.7591691578947369, 0.8394461052631579, 1.0)
0
1 3
#(1.2020178333333336, 1.1346785555555556, 1.0)
0
1 3
#0.7860647059294281
1
1 0
0
1 0
#(1.6026904444444448, 1.4017936296296298, 1.0)
1
2 0
#1.0453875117566962
0
2 0
0
1 3
0
1 3
0
1 3
0
1 3
#(0.655646090909091, 0.7704307272727272, 1.0)
0
1 3
#0.920673799204719
0
1 3
#(0.6868673333333334, 0.7912448888888889, 1.0)
0
1 3
0
1 3
1
2 3
#0.920673799204719
0
2 3
0
2 3
#(1.0303010000000001, 1.0202006666666668, 1.0)
0
2 3
#(0.883115142857143, 0.9220767619047621, 1.0)
0
2 3
0
2 3
#0.9206737992047191
1
2 0
#(0.6322301590909092, 0.7548201060606061, 1.0)
0
2 3
#(0.5151505000000001, 0.676767, 1.0)
0
2 3
#(1.5454515000000002, 1.3636343333333336, 1.0)
1
2 3
#(1.8545418000000002, 1.5696945333333334, 1.0)
1
3 3
#1.1794905769245068
0
3 3
#1.1794905769245068
0
3 3
#(2.1542657272727275, 1.769510484848485, 1.0)
1
4 3
0
4 2
#(0.6868673333333334, 0.7912448888888889, 1.0)
0
4 2
#(0.871793153846154, 0.9145287692307692, 1.0)
0
4 2
0
4 2
#(0.9489614473684211, 0.9659742982456141, 1.0)
0
4 2
0
4 2
#(0.8888871372549021, 0.9259247581699347, 1.0)
0
4 2
1
5 2
0
5 2
#(1.0303010000000001, 1.0202006666666668, 1.0)
0
5 2
#(1.0554302926829269, 1.0369535284552847, 1.0)
0
5 2
#(0.6623363571428572, 0.7748909047619049, 1.0)
0
3 7
#0.9626114587290693
1
3 0
0
2 1
0
2 1
#1.035760123662211
0
2 1
#(0.796141681818182, 0.8640944545454546, 1.0)
0
2 1
0
2 1
#(0.8242408000000001, 0.8828272, 1.0)
0
2 1
#(0.8242408000000001, 0.8828272, 1.0)
0
2 1
0
2 1
0
2 1
#1.0357601236622114
1
2 0
#(1.0303010000000001, 1.0202006666666668, 1.0)
0
2 5
0
2 5
#(1.0303010000000001, 1.0202006666666668, 1.0)
0
2 5
#(1.0615222424242425, 1.0410148282828284, 1.0)
0
2 5
#(0.6340313846153847, 0.7560209230769231, 1.0)
0
2 5
#0.9940580441026466
0
2 5
1
3 5
#(2.0606020000000003, 1.7070680000000003, 1.0)
1
3 5
#(1.5725646842105265, 1.3817097894736843, 1.0)
1
3 5
#(2.5414091333333335, 2.027606088888889, 1.0)
1
5 0
0
5 0
#0.8771407440320499
0
5 0
#(0.9076461190476192, 0.938430746031746, 1.0)
0
5 0
#0.8771407440320499
0
5 0
1
6 0
#(0.6271397391304349, 0.7514264927536232, 1.0)
0
6 0
#0.8771407440320499
1
6 0
#(1.3737346666666668, 1.2491564444444445, 1.0)
0
3 2
#(0.9873717916666668, 0.9915811944444446, 1.0)
0
3 2
0
3 2
#0.8211818405639193
0
3 2
#(1.0031878157894738, 1.0021252105263159, 1.0)
0
3 2
#(1.592283363636364, 1.3948555757575758, 1.0)
1
6 2
0
6 2
#0.8610384627411047
0
6 2
0
6 2
#0.9002259950494111
0
6 2
#(1.0051717073170732, 1.0034478048780489, 1.0)
0
6 2
#(1.1774868571428574, 1.1183245714285717, 1.0)
0
6 2
#0.9002259950494113
0
3 0
#(1.0303010000000001, 1.0202006666666668, 1.0)
0
3 0
#0.8868869478824899
1
3 0
#0.88688694788249
1
3 0
0
3 0
0
#card_4_limit(800, 0.028)
#Score = 102
