2 0
0
0 0
#(0.9333333333333333, 0.9555555555555556, 1.0)
#(0.8571428571428571, 0.9047619047619048, 1.0)
#(1.1111111111111112, 1.0740740740740742, 1.0)
0
0 0
#(0.6666666666666666, 0.7777777777777777, 1.0)
#(1.0, 1.0, 1.0)
#(2.6923076923076925, 2.128205128205128, 1.0)
4
2 0
#(1.2857142857142858, 1.1904761904761905, 1.0)
#(0.725, 0.8166666666666668, 1.0)
#(1.4, 1.2666666666666666, 1.0)
#(0.8846153846153846, 0.923076923076923, 1.0)
0
2 0
#(0.7045454545454546, 0.8030303030303031, 1.0)
#(1.1153846153846154, 1.0769230769230769, 1.0)
#(2.7142857142857144, 2.142857142857143, 1.0)
4
3 0
#(0.7647058823529411, 0.8431372549019608, 1.0)
#(0.9655172413793104, 0.9770114942528737, 1.0)
#0.980102008348549
0
2 2
#(0.8571428571428571, 0.9047619047619048, 1.0)
#(0.7368421052631579, 0.8245614035087719, 1.0)
#(0.6176470588235294, 0.7450980392156863, 1.0)
0
5 1
#(1.0909090909090908, 1.0606060606060606, 1.0)
1
2 1
#(0.875, 0.9166666666666666, 1.0)
0
2 1
#(0.734375, 0.8229166666666666, 1.0)
#(1.625, 1.4166666666666667, 1.0)
3
0 4
#0.7913208207109693
#(1.0, 1.0, 1.0)
2
3 4
#(0.8085106382978723, 0.8723404255319149, 1.0)
#(0.8666666666666667, 0.9111111111111111, 1.0)
#(0.6216216216216216, 0.7477477477477477, 1.0)
0
3 4
#(0.75, 0.8333333333333334, 1.0)
#(0.7575757575757576, 0.8383838383838383, 1.0)
#(1.037037037037037, 1.0246913580246912, 1.0)
#(1.2285714285714286, 1.1523809523809525, 1.0)
0
3 4
#0.7913208207109697
#0.7913208207109697
2
3 0
#(0.7169811320754716, 0.8113207547169811, 1.0)
#(0.8846153846153846, 0.923076923076923, 1.0)
0
3 4
#(1.0, 1.0, 1.0)
#(0.6486486486486487, 0.7657657657657658, 1.0)
0
2 0
#(1.2962962962962963, 1.1975308641975309, 1.0)
#0.8895152348295631
#(1.0, 1.0, 1.0)
#(1.2352941176470589, 1.1568627450980393, 1.0)
2
2 0
#(1.4285714285714286, 1.2857142857142858, 1.0)
#(1.4285714285714286, 1.2857142857142858, 1.0)
#(0.6964285714285714, 0.7976190476190476, 1.0)
2
3 1
#(6.333333333333333, 4.555555555555555, 1.0)
#(1.1904761904761905, 1.126984126984127, 1.0)
#(0.9473684210526315, 0.9649122807017543, 1.0)
1
3 1
#(0.7894736842105263, 0.8596491228070176, 1.0)
#0.9971163935756675
#(0.75, 0.8333333333333334, 1.0)
#(0.9259259259259259, 0.9506172839506174, 1.0)
0
2 6
#(1.0, 1.0, 1.0)
#0.9199117094001793
#(0.7580645161290323, 0.8387096774193549, 1.0)
0
2 6
#0.9199117094001793
#(0.9090909090909091, 0.9393939393939394, 1.0)
#(1.0, 1.0, 1.0)
1
2 0
#(0.6666666666666666, 0.7777777777777777, 1.0)
#(1.1388888888888888, 1.0925925925925926, 1.0)
0
2 7
#(1.55, 1.3666666666666665, 1.0)
#0.9597083548643662
1
2 7
#(0.8888888888888888, 0.9259259259259259, 1.0)
0
2 7
#(0.6, 0.7333333333333334, 1.0)
#0.9597083548643662
#(0.88, 0.9199999999999999, 1.0)
0
2 7
#0.9597083548643662
#(0.7857142857142857, 0.8571428571428571, 1.0)
#(1.0, 1.0, 1.0)
0
2 7
#(0.92, 0.9466666666666667, 1.0)
#(1.105263157894737, 1.0701754385964912, 1.0)
#(0.7647058823529411, 0.8431372549019608, 1.0)
#(0.8, 0.8666666666666667, 1.0)
0
2 7
#(0.7333333333333333, 0.8222222222222223, 1.0)
#(1.1666666666666667, 1.1111111111111112, 1.0)
#(0.7164179104477612, 0.8109452736318407, 1.0)
#0.959708354864366
0
2 7
#(0.6282051282051282, 0.7521367521367521, 1.0)
#(0.8064516129032258, 0.8709677419354839, 1.0)
#(0.75, 0.8333333333333334, 1.0)
#(2.0, 1.6666666666666667, 1.0)
4
2 7
#(1.5384615384615385, 1.3589743589743588, 1.0)
3
2 5
#0.8709106177843481
#(0.7, 0.7999999999999999, 1.0)
#(0.7435897435897436, 0.8290598290598291, 1.0)
#(0.5714285714285714, 0.7142857142857143, 1.0)
0
2 5
#(1.5, 1.3333333333333333, 1.0)
#(4.1, 3.0666666666666664, 1.0)
#(1.173913043478261, 1.1159420289855073, 1.0)
3
2 5
#(1.0, 1.0, 1.0)
#(0.8064516129032258, 0.8709677419354839, 1.0)
0
2 0
#(0.7391304347826086, 0.8260869565217391, 1.0)
#(1.6, 1.4000000000000001, 1.0)
#(0.7659574468085106, 0.8439716312056738, 1.0)
#(1.1, 1.0666666666666667, 1.0)
2
2 0
#(0.9, 0.9333333333333332, 1.0)
#(1.0416666666666667, 1.027777777777778, 1.0)
#(0.7450980392156863, 0.8300653594771242, 1.0)
0
2 0
#(1.236842105263158, 1.1578947368421053, 1.0)
#(3.0, 2.3333333333333335, 1.0)
#(0.9090909090909091, 0.9393939393939394, 1.0)
2
2 0
#(1.01, 1.0066666666666666, 1.0)
#(0.7575000000000001, 0.8383333333333334, 1.0)
0
2 0
#0.793614124030394
#(0.8079999999999999, 0.8719999999999999, 1.0)
#(0.9880434782608696, 0.9920289855072464, 1.0)
0
2 0
#(0.6876595744680851, 0.7917730496453901, 1.0)
#(0.7374603174603175, 0.824973544973545, 1.0)
0
2 0
#(2.7494444444444444, 2.1662962962962964, 1.0)
#(1.0415625, 1.0277083333333332, 1.0)
#(0.9153125, 0.9435416666666666, 1.0)
1
3 0
#(0.808, 0.872, 1.0)
#(1.3961764705882354, 1.2641176470588236, 1.0)
0
3 0
#(1.01, 1.0066666666666666, 1.0)
#(1.5312903225806451, 1.3541935483870968, 1.0)
#(1.0751612903225807, 1.0501075268817204, 1.0)
3
3 0
#(1.2985714285714285, 1.199047619047619, 1.0)
#(0.6427272727272727, 0.7618181818181817, 1.0)
0
2 4
#(1.01, 1.0066666666666666, 1.0)
0
2 4
#(0.8585, 0.9056666666666667, 1.0)
#(0.8614705882352941, 0.9076470588235294, 1.0)
0
2 4
#(1.01, 1.0066666666666666, 1.0)
#(0.9640909090909091, 0.9760606060606061, 1.0)
#(1.2120000000000002, 1.1413333333333335, 1.0)
0
2 4
#(1.111, 1.074, 1.0)
#(0.6452777777777778, 0.7635185185185186, 1.0)
#(2.551578947368421, 2.0343859649122806, 1.0)
3
3 4
#(1.0941666666666667, 1.0627777777777778, 1.0)
#(0.9640909090909091, 0.9760606060606061, 1.0)
#(1.3045833333333332, 1.2030555555555555, 1.0)
0
3 4
#(1.1163157894736842, 1.0775438596491227, 1.0)
#(1.8257692307692308, 1.5505128205128205, 1.0)
#(0.7238333333333333, 0.8158888888888889, 1.0)
2
3 4
#(1.1222222222222222, 1.0814814814814815, 1.0)
0
0 0
#(1.8095833333333333, 1.5397222222222222, 1.0)
#(1.030612244897959, 1.0204081632653061, 1.0)
1
3 0
#(2.6933333333333334, 2.128888888888889, 1.0)
1
3 0
#0.8298298608937111
#(0.7855555555555556, 0.857037037037037, 1.0)
#0.8298298608937111
0
3 6
#0.8154990194123197
#(1.01, 1.0066666666666666, 1.0)
0
3 6
#(1.0997777777777777, 1.0665185185185184, 1.0)
#(0.7636585365853659, 0.8424390243902439, 1.0)
0
3 6
#(1.01, 1.0066666666666666, 1.0)
#(1.055909090909091, 1.0372727272727273, 1.0)
0
3 6
#(1.01, 1.0066666666666666, 1.0)
4
0 6
#(0.822093023255814, 0.8813953488372093, 1.0)
0
2 6
#0.8154990194123197
#(1.1061904761904762, 1.0707936507936509, 1.0)
#0.8154990194123197
4
2 0
#(1.0788636363636364, 1.0525757575757575, 1.0)
#(2.2444444444444445, 1.8296296296296297, 1.0)
2
0 0
#(0.8682456140350877, 0.9121637426900584, 1.0)
#0.8231533030871419
0
0 0
#(0.8546153846153846, 0.903076923076923, 1.0)
#(1.0773333333333333, 1.0515555555555556, 1.0)
#(1.0520833333333333, 1.034722222222222, 1.0)
0
0 0
#(1.5150000000000001, 1.3433333333333335, 1.0)
#(1.01, 1.0066666666666666, 1.0)
3
2 0
#(1.6833333333333333, 1.4555555555555557, 1.0)
#(0.8657142857142858, 0.9104761904761904, 1.0)
#0.8231533030871419
1
2 7
#0.7753957075199829
#(0.8470967741935485, 0.8980645161290323, 1.0)
#(1.2697142857142856, 1.1798095238095236, 1.0)
0
2 7
#(1.2625, 1.175, 1.0)
#(1.01, 1.0066666666666666, 1.0)
#(0.6681538461538461, 0.7787692307692308, 1.0)
#(1.1144827586206896, 1.0763218390804596, 1.0)
0
2 7
#(0.7214285714285714, 0.8142857142857144, 1.0)
#(1.01, 1.0066666666666666, 1.0)
0
2 7
#(1.3274285714285714, 1.2182857142857142, 1.0)
#(1.2793333333333334, 1.1862222222222223, 1.0)
#(1.0329545454545455, 1.021969696969697, 1.0)
#(0.8416666666666667, 0.8944444444444445, 1.0)
0
2 7
#(1.320769230769231, 1.213846153846154, 1.0)
#(0.8887999999999999, 0.9258666666666665, 1.0)
0
2 7
#(0.8416666666666667, 0.8944444444444445, 1.0)
#0.7753957075199829
0
2 7
#(0.7575, 0.8383333333333333, 1.0)
#(0.8657142857142858, 0.9104761904761904, 1.0)
#(1.2264285714285716, 1.1509523809523812, 1.0)
#(0.8887999999999999, 0.9258666666666665, 1.0)
0
2 7
#(1.0897368421052633, 1.059824561403509, 1.0)
#(1.1596296296296296, 1.1064197530864197, 1.0)
0
2 7
#(3.2825, 2.521666666666667, 1.0)
#(0.9323076923076924, 0.9548717948717949, 1.0)
2
2 7
#0.7753957075199829
#(0.9138095238095238, 0.9425396825396826, 1.0)
0
1 0
#(1.5150000000000001, 1.3433333333333335, 1.0)
#(1.01, 1.0066666666666666, 1.0)
3
1 7
#(0.9619047619047618, 0.9746031746031746, 1.0)
1
2 7
#(0.9240425531914893, 0.9493617021276596, 1.0)
#(1.13625, 1.0908333333333333, 1.0)
0
2 7
#(1.1936363636363636, 1.1290909090909091, 1.0)
#(0.8079999999999999, 0.8719999999999999, 1.0)
#(1.458888888888889, 1.305925925925926, 1.0)
4
2 7
#0.7590335241903459
0
1 5
#(1.03525, 1.0235, 1.0)
#(0.7380769230769231, 0.8253846153846154, 1.0)
0
4 6
#(1.818, 1.5453333333333334, 1.0)
#(1.1222222222222222, 1.0814814814814815, 1.0)
2
5 6
#(0.8239473684210527, 0.8826315789473685, 1.0)
#0.7457310488578482
#(0.8248333333333334, 0.8832222222222222, 1.0)
0
4 2
#(0.9202222222222223, 0.9468148148148149, 1.0)
#(0.6333898305084745, 0.7555932203389831, 1.0)
2
0 2
#(0.6733333333333333, 0.7822222222222223, 1.0)
#(2.7775, 2.185, 1.0)
4
0 2
#(2.491333333333333, 1.994222222222222, 1.0)
#(1.1163157894736842, 1.0775438596491227, 1.0)
1
0 2
#(1.4258823529411766, 1.283921568627451, 1.0)
#(1.393103448275862, 1.2620689655172412, 1.0)
#(2.4047619047619047, 1.9365079365079365, 1.0)
#0.7747042953815182
3
1 2
#(1.4428571428571428, 1.2952380952380953, 1.0)
#(1.4428571428571428, 1.2952380952380953, 1.0)
#0.7747042953815182
1
1 2
2
1 3
#(0.8627083333333334, 0.9084722222222222, 1.0)
#0.7572216574428308
#(2.323, 1.882, 1.0)
4
3 0
4
3 0
#(1.2241199999999999, 1.1494133333333332, 1.0)
#(1.0201, 1.0134, 1.0)
0
1 4
0
4 0
#(0.7254044444444444, 0.8169362962962964, 1.0)
#(1.1334444444444445, 1.088962962962963, 1.0)
2
4 0
#(0.9067555555555555, 0.937837037037037, 1.0)
#(0.9891878787878788, 0.9927919191919191, 1.0)
#(0.70131875, 0.8008791666666667, 1.0)
0
1 6
#(1.307003125, 1.20466875, 1.0)
3
1 0
#0.8058858565750298
#(1.0484361111111111, 1.0322907407407407, 1.0)
#(1.2601235294117648, 1.1734156862745098, 1.0)
0
0 2
#(1.4734777777777779, 1.3156518518518519, 1.0)
#(1.59390625, 1.3959374999999998, 1.0)
2
1 2
#0.8491775394263146
1
1 0
#(1.0201, 1.0134, 1.0)
#(0.765075, 0.8433833333333333, 1.0)
0
1 2
#(2.0402, 1.6934666666666667, 1.0)
#(1.0852127659574469, 1.0568085106382978, 1.0)
2
1 2
#(0.8100794117647059, 0.8733862745098039, 1.0)
#(0.8743714285714285, 0.9162476190476191, 1.0)
#(0.8743714285714285, 0.9162476190476191, 1.0)
0
1 4
#(0.8840866666666667, 0.9227244444444445, 1.0)
#(0.7789854545454545, 0.8526569696969698, 1.0)
#0.8608552071873234
0
1 4
#(0.6800666666666666, 0.786711111111111, 1.0)
#(1.051978125, 1.0346520833333333, 1.0)
0
1 4
0
1 4
#(0.995219512195122, 0.9968130081300813, 1.0)
#0.8608552071873232
0
1 4
#(1.1658285714285714, 1.110552380952381, 1.0)
#(0.6321746478873239, 0.7547830985915492, 1.0)
0
1 4
#(2.9818307692307693, 2.321220512820513, 1.0)
3
3 4
#(1.0201, 1.0134, 1.0)
#(1.1028108108108108, 1.0685405405405406, 1.0)
#(1.758793103448276, 1.5058620689655173, 1.0)
3
4 4
#(1.0201, 1.0134, 1.0)
#(0.8743714285714285, 0.9162476190476191, 1.0)
#(1.0201, 1.0134, 1.0)
0
0 1
#(0.91809, 0.9453933333333332, 1.0)
#(0.716827027027027, 0.8112180180180181, 1.0)
0
1 1
#(1.0201, 1.0134, 1.0)
#(1.4168055555555557, 1.2778703703703704, 1.0)
#0.8565696737352093
3
3 4
#(0.81608, 0.8773866666666666, 1.0)
#(0.7934111111111111, 0.8622740740740741, 1.0)
#(0.720070588235294, 0.8133803921568626, 1.0)
#(0.8415825, 0.8943883333333332, 1.0)
0
1 4
0
0 4
#(1.1401117647058825, 1.093407843137255, 1.0)
#(1.0201, 1.0134, 1.0)
#0.8404043881047374
0
0 4
#(1.498271875, 1.3321812499999999, 1.0)
#(1.275125, 1.1834166666666668, 1.0)
#0.8404043881047374
1
0 4
#(1.4572857142857143, 1.304857142857143, 1.0)
#0.8404043881047374
3
0 4
#(1.0985692307692307, 1.0657128205128206, 1.0)
#(0.8053421052631579, 0.8702280701754385, 1.0)
0
0 4
0
0 4
#(1.4208535714285715, 1.2805690476190477, 1.0)
#0.8404043881047374
1
1 4
#(3.0603000000000002, 2.3735333333333335, 1.0)
#(1.1387162790697674, 1.0924775193798448, 1.0)
2
3 4
#(0.6800666666666667, 0.7867111111111112, 1.0)
#(0.663065, 0.7753766666666667, 1.0)
#(0.8346272727272727, 0.8897515151515151, 1.0)
0
3 4
#0.8404043881047374
#(0.7286428571428571, 0.8190952380952381, 1.0)
0
3 4
#(0.765075, 0.8433833333333333, 1.0)
#(1.0737894736842106, 1.0491929824561403, 1.0)
#(0.8743714285714285, 0.9162476190476191, 1.0)
0
3 4
#(1.1579513513513513, 1.105300900900901, 1.0)
#(1.63216, 1.4214399999999998, 1.0)
4
4 4
#0.8404043881047379
#(1.32613, 1.21742, 1.0)
1
4 0
#(1.1975086956521739, 1.131672463768116, 1.0)
#0.8404043881047379
0
4 7
#(0.997431111111111, 0.9982874074074074, 1.0)
#1.0236573890626877
3
4 0
#(1.5301500000000001, 1.3534333333333333, 1.0)
#(1.5301500000000001, 1.3534333333333333, 1.0)
#(1.7001666666666668, 1.466777777777778, 1.0)
4
1 5
#(1.1701147058823531, 1.1134098039215687, 1.0)
#(1.0201, 1.0134, 1.0)
0
0 0
#(1.813511111111111, 1.5423407407407408, 1.0)
#(0.9737318181818182, 0.9824878787878788, 1.0)
1
0 0
0
3 0
#(2.1859285714285717, 1.7906190476190478, 1.0)
#(1.0201, 1.0134, 1.0)
#0.8068472469284794
2
3 1
#(1.4636217391304347, 1.3090811594202898, 1.0)
#0.7671447818580736
#0.7671447818580736
#(1.0201, 1.0134, 1.0)
1
3 1
#(1.0664681818181818, 1.0443121212121211, 1.0)
#(1.59390625, 1.3959374999999998, 1.0)
#(1.3910454545454545, 1.2606969696969696, 1.0)
#(0.9932552631578947, 0.9955035087719297, 1.0)
2
3 1
#(1.0626041666666668, 1.0417361111111112, 1.0)
#(0.6800666666666667, 0.7867111111111112, 1.0)
#(0.9067555555555555, 0.937837037037037, 1.0)
0
4 1
#(1.83618, 1.5574533333333331, 1.0)
#0.7671447818580734
1
4 1
#0.7671447818580737
#(1.0201, 1.0134, 1.0)
0
0 1
#0.7671447818580737
#(0.7934111111111111, 0.8622740740740741, 1.0)
#(1.0201, 1.0134, 1.0)
0
0 1
#(1.060904, 1.0406026666666668, 1.0)
0
0 1
#(0.7367388888888889, 0.8244925925925927, 1.0)
0
0 1
#(1.434515625, 1.2896770833333333, 1.0)
#(0.8442206896551724, 0.8961471264367816, 1.0)
#(1.275125, 1.1834166666666668, 1.0)
2
0 1
#(0.6581290322580645, 0.7720860215053763, 1.0)
0
0 1
#(1.4701441176470589, 1.3134294117647058, 1.0)
#(0.9273636363636364, 0.9515757575757576, 1.0)
#(0.7772190476190476, 0.851479365079365, 1.0)
1
1 1
#0.7671447818580739
#(1.3115571428571429, 1.2077047619047618, 1.0)
2
1 0
#(1.3844214285714287, 1.2562809523809524, 1.0)
#(1.0201, 1.0134, 1.0)
#0.7671447818580748
1
1 0
#(0.8156549583333335, 0.8771033055555556, 1.0)
#(1.1075735750000002, 1.0717157166666669, 1.0)
#(1.1038939285714289, 1.0692626190476193, 1.0)
#(0.6868673333333334, 0.7912448888888889, 1.0)
0
1 4
#(0.9158231111111113, 0.9438820740740742, 1.0)
#(0.49888258947368425, 0.6659217263157895, 1.0)
0
0 2
#(1.7294338214285716, 1.4862892142857145, 1.0)
#(0.6868673333333335, 0.791244888888889, 1.0)
#(0.9366372727272729, 0.957758181818182, 1.0)
1
1 2
#(1.2363612000000002, 1.1575741333333334, 1.0)
#(1.0074054222222224, 1.0049369481481483, 1.0)
#(1.2176284545454548, 1.1450856363636366, 1.0)
0
1 2
#(0.9272709000000001, 0.9515139333333335, 1.0)
#(1.4882125555555556, 1.3254750370370372, 1.0)
#(2.3030257647058825, 1.868683843137255, 1.0)
4
3 2
#(0.9714266571428573, 0.9809511047619047, 1.0)
#(1.0517656041666668, 1.0345104027777778, 1.0)
0
3 2
#(0.7948036285714287, 0.8632024190476191, 1.0)
#(1.4882125555555556, 1.3254750370370372, 1.0)
4
3 2
#(1.2284358076923079, 1.1522905384615385, 1.0)
#(1.2020178333333336, 1.1346785555555556, 1.0)
#(0.9015133750000002, 0.9343422500000002, 1.0)
#(0.8519796730769232, 0.901319782051282, 1.0)
0
3 2
#(1.0303010000000001, 1.0202006666666668, 1.0)
#(1.1161594166666668, 1.0774396111111113, 1.0)
3
4 2
2
2 2
#(1.0303010000000001, 1.0202006666666668, 1.0)
0
2 2
#(1.056058525, 1.03737235, 1.0)
#(0.883115142857143, 0.9220767619047621, 1.0)
#(0.8314709824561404, 0.8876473216374269, 1.0)
0
2 2
#(1.3737346666666668, 1.2491564444444445, 1.0)
0
2 2
#(0.814656604651163, 0.8764377364341086, 1.0)
#(0.7830287600000001, 0.8553525066666667, 1.0)
0
2 2
#(1.9417211153846157, 1.6278140769230773, 1.0)
#(1.4424214000000002, 1.2949476000000002, 1.0)
#(0.7083319375000001, 0.8055546250000001, 1.0)
1
5 2
0
5 2
#(0.7898974333333334, 0.8599316222222223, 1.0)
0
5 2
#(1.167674466666667, 1.111782977777778, 1.0)
#(0.8207482542372883, 0.8804988361581921, 1.0)
0
5 2
0
5 2
#(1.0303010000000001, 1.0202006666666668, 1.0)
#(1.4023541388888892, 1.2682360925925928, 1.0)
2
1 2
#(0.6371598289473684, 0.758106552631579, 1.0)
#(1.4424214000000002, 1.2949476000000002, 1.0)
#(1.2775732400000002, 1.1850488266666668, 1.0)
#(0.9066648800000001, 0.9377765866666667, 1.0)
2
1 3
#(1.0303010000000001, 1.0202006666666668, 1.0)
0
1 3
#(0.631474806451613, 0.7543165376344086, 1.0)
#(0.5784145964912282, 0.7189430643274854, 1.0)
0
1 3
#(1.5454515000000002, 1.3636343333333336, 1.0)
#(1.0303010000000001, 1.0202006666666668, 1.0)
2
1 3
#(0.9494930784313727, 0.9663287189542484, 1.0)
#(0.8429735454545456, 0.8953156969696972, 1.0)
#(1.2878762500000003, 1.1919175000000002, 1.0)
0
1 4
#(0.6271397391304349, 0.7514264927536232, 1.0)
0
1 4
#(0.6868673333333334, 0.7912448888888889, 1.0)
#(1.2363612000000002, 1.1575741333333334, 1.0)
#(0.9158231111111113, 0.9438820740740742, 1.0)
0
1 4
#(0.9321770952380953, 0.9547847301587303, 1.0)
#(1.9060568500000001, 1.6040379, 1.0)
#(1.1333311000000001, 1.0888874000000002, 1.0)
2
1 4
#(0.6623363571428573, 0.7748909047619049, 1.0)
#(0.8041373658536587, 0.8694249105691059, 1.0)
#(1.0303010000000001, 1.0202006666666668, 1.0)
0
3 0
#(1.0793629523809525, 1.052908634920635, 1.0)
#(0.814656604651163, 0.8764377364341086, 1.0)
0
1 1
#0.8126783312862292
#(0.8353791891891893, 0.8902527927927929, 1.0)
0
1 1
#(1.7352437894736845, 1.4901625263157896, 1.0)
#(0.9696950588235296, 0.979796705882353, 1.0)
2
3 1
#0.8126783312862295
#(0.5723894444444445, 0.7149262962962964, 1.0)
#(1.119892391304348, 1.0799282608695653, 1.0)
1
3 0
#(1.0967720322580647, 1.064514688172043, 1.0)
0
3 6
#(0.5432496181818183, 0.6954997454545455, 1.0)
0
3 6
#(3.0909030000000004, 2.3939353333333337, 1.0)
#(2.017672791666667, 1.678448527777778, 1.0)
#0.8071080103661381
2
3 6
#(0.8382109830508475, 0.8921406553672316, 1.0)
#0.8071080103661379
4
3 0
#(0.8959139130434783, 0.9306092753623189, 1.0)
0
0 7
#(1.225222810810811, 1.1501485405405407, 1.0)
4
2 5
#(0.883115142857143, 0.9220767619047621, 1.0)
0
2 5
#(1.0303010000000001, 1.0202006666666668, 1.0)
#(3.3286647692307696, 2.5524431794871796, 1.0)
#(1.1161594166666668, 1.0774396111111113, 1.0)
2
3 5
#(0.8013452222222223, 0.8675634814814815, 1.0)
#(0.5514287042253522, 0.7009524694835682, 1.0)
#(0.9272709000000001, 0.9515139333333335, 1.0)
0
1 1
#0.8062900965268783
#(1.888885166666667, 1.5925901111111116, 1.0)
#(0.7727257500000001, 0.8484838333333334, 1.0)
2
5 0
#0.7612775982314476
#(1.6484816000000002, 1.4323210666666668, 1.0)
#(1.2020178333333336, 1.1346785555555556, 1.0)
3
2 0
#(0.5151505000000001, 0.676767, 1.0)
#(1.9393901176470592, 1.6262600784313728, 1.0)
#(1.7294338214285716, 1.4862892142857145, 1.0)
2
1 0
#(0.7460800344827587, 0.8307200229885058, 1.0)
#0.7612775982314476
#(26.787826000000003, 18.191884, 1.0)
4
2 0
#(0.9461947959183675, 0.9641298639455783, 1.0)
#0.7612775982314476
#(1.009274448979592, 1.0061829659863946, 1.0)
0
1 0
#(0.7727257500000001, 0.8484838333333334, 1.0)
#(1.2363612000000002, 1.1575741333333334, 1.0)
0
5 0
#(3.7090836000000005, 2.806055733333334, 1.0)
#(2.0606020000000003, 1.7070680000000003, 1.0)
2
5 0
#(1.3737346666666668, 1.2491564444444445, 1.0)
#(0.9158231111111113, 0.9438820740740742, 1.0)
#(1.1551859696969697, 1.1034573131313132, 1.0)
#(1.0303010000000001, 1.0202006666666668, 1.0)
0
1 0
#(1.058146972972973, 1.0387646486486488, 1.0)
#(0.7683600677966103, 0.8455733785310735, 1.0)
#(1.3614691785714288, 1.2409794523809525, 1.0)
#(1.3393913000000002, 1.2262608666666668, 1.0)
0
1 0
#(1.0635365161290324, 1.042357677419355, 1.0)
0
1 0
#(1.0303010000000001, 1.0202006666666668, 1.0)
#(0.6142179038461539, 0.742811935897436, 1.0)
0
1 0
#0.7612775982314476
#(1.0100990196078434, 1.0067326797385623, 1.0)
#(1.251079785714286, 1.167386523809524, 1.0)
3
2 0
#(0.7990089387755104, 0.8660059591836736, 1.0)
#(1.085992945945946, 1.0573286306306307, 1.0)
0
2 0
#0.7612775982314476
#(1.18484615, 1.1232307666666668, 1.0)
#(0.8242408000000001, 0.8828272, 1.0)
#(1.0732302083333336, 1.0488201388888891, 1.0)
0
2 0
#(0.9321770952380953, 0.9547847301587303, 1.0)
#(1.0303010000000001, 1.0202006666666668, 1.0)
#(0.8511182173913044, 0.9007454782608697, 1.0)
3
2 0
#(0.8041030986363636, 0.8694020657575757, 1.0)
0
2 0
#(0.9205343165384616, 0.9470228776923078, 1.0)
#(0.7095027340909091, 0.806335156060606, 1.0)
#(0.7515473405555555, 0.8343648937037037, 1.0)
4
3 0
#0.7612775982314476
#(1.8730872179999998, 1.582058145333333, 1.0)
1
3 0
#(0.9167225802380953, 0.9444817201587302, 1.0)
#(1.1446644110000002, 1.0964429406666667, 1.0)
0
3 0
#(1.0020631207407407, 1.0013754138271604, 1.0)
#(1.6476230158333334, 1.431748677222222, 1.0)
4
5 0
0
5 0
#(0.7176579379310345, 0.8117719586206897, 1.0)
#(1.04060401, 1.02706934, 1.0)
0
5 0
0
5 0
#(2.08120802, 1.7208053466666666, 1.0)
#(0.711992217368421, 0.8079948115789474, 1.0)
#(0.7299759473134328, 0.8199839648756219, 1.0)
#(1.0672861641025642, 1.0448574427350428, 1.0)
1
5 5
#(1.2937239043243245, 1.1958159362162164, 1.0)
0
5 6
#(0.8514032809090909, 0.9009355206060606, 1.0)
#(0.9365436089999999, 0.9576957393333333, 1.0)
0
5 6
#(1.1936340114705881, 1.1290893409803922, 1.0)
#(0.6888505418309859, 0.7925670278873239, 1.0)
0
5 6
#(0.91052850875, 0.9403523391666667, 1.0)
0
5 7
#(0.9781677693999999, 0.9854451796, 1.0)
#(1.7343400166666667, 1.4895600111111111, 1.0)
#(0.9399003961290323, 0.9599335974193549, 1.0)
#(0.8805110853846154, 0.9203407235897436, 1.0)
2
3 7
#(1.3573095782608697, 1.2382063855072465, 1.0)
#(1.04060401, 1.02706934, 1.0)
#0.877077267208366
0
3 3
#0.820659624770541
#(0.8835317066037736, 0.9223544710691823, 1.0)
#(1.5934248903125001, 1.3956165935416667, 1.0)
#0.820659624770541
3
3 3
#(1.3007550125, 1.2005033416666666, 1.0)
#(1.2264261546428572, 1.1509507697619048, 1.0)
#(0.7804530075, 0.8536353383333334, 1.0)
0
3 5
#(1.105641760625, 1.0704278404166667, 1.0)
0
3 5
0
3 5
#(1.3379194414285713, 1.2252796276190476, 1.0)
#(0.9460036454545455, 0.9640024303030303, 1.0)
#0.7662460527658976
3
3 0
#(0.9734682674193549, 0.98231217827957, 1.0)
#(1.2718493455555557, 1.1812328970370372, 1.0)
0
3 0
#(1.3007550125, 1.2005033416666666, 1.0)
0
3 0
#(0.7345440070588235, 0.8230293380392156, 1.0)
#(0.832483208, 0.8883221386666666, 1.0)
0
3 0
#(0.8822512258695652, 0.9215008172463768, 1.0)
#(0.73167469453125, 0.8211164630208333, 1.0)
0
3 0
#(0.7957560076470588, 0.8638373384313726, 1.0)
#(1.3874720133333334, 1.2583146755555557, 1.0)
0
3 0
#(0.9181800088235295, 0.9454533392156863, 1.0)
#(0.9365436089999999, 0.9576957393333333, 1.0)
0
3 1
#0.7917934189444601
0
3 1
#(1.17067951125, 1.1137863408333333, 1.0)
0
3 1
#(0.8892434267272727, 0.9261622844848484, 1.0)
#(0.8805110853846154, 0.9203407235897436, 1.0)
0
3 1
#(0.9249813422222223, 0.9499875614814816, 1.0)
#(1.04060401, 1.02706934, 1.0)
#(0.6132130773214286, 0.742142051547619, 1.0)
0
3 1
#(0.7587737572916667, 0.8391825048611112, 1.0)
#(0.8762981136842105, 0.9175320757894737, 1.0)
0
3 1
#(0.9538870091666668, 0.9692580061111112, 1.0)
#(0.9460036454545455, 0.9640024303030303, 1.0)
0
3 1
#(0.8263620079411765, 0.8842413386274511, 1.0)
#(0.80646810775, 0.8709787385, 1.0)
0
3 1
#(0.832483208, 0.8883221386666666, 1.0)
0
3 1
#(0.8596293995652174, 0.9064195997101449, 1.0)
0
3 1
#(1.248724812, 1.1658165413333335, 1.0)
#(1.17067951125, 1.1137863408333333, 1.0)
0
3 1
#(0.6551951174074074, 0.7701300782716048, 1.0)
#(1.8582214464285713, 1.572147630952381, 1.0)
3
3 1
#(0.7708177851851852, 0.8472118567901235, 1.0)
#(1.0099980097058825, 1.0066653398039216, 1.0)
0
3 0
#(1.9587840188235295, 1.639189345882353, 1.0)
#(0.8671700083333334, 0.9114466722222222, 1.0)
#(1.04060401, 1.02706934, 1.0)
#(0.9167225802380953, 0.9444817201587302, 1.0)
1
3 0
0
0 7
#(0.6733320064705883, 0.7822213376470589, 1.0)
0
2 6
#(1.291784288275862, 1.1945228588505745, 1.0)
#(1.0642541011363635, 1.0428360674242423, 1.0)
#(0.8671700083333334, 0.9114466722222222, 1.0)
0
0 6
#(0.6937360066666667, 0.7958240044444445, 1.0)
0
0 6
#(1.070335553142857, 1.0468903687619047, 1.0)
3
2 6
#(1.4865771571428572, 1.3243847714285715, 1.0)
#(1.04060401, 1.02706934, 1.0)
1
2 6
#(1.4308305137500001, 1.2872203425000002, 1.0)
#(2.0359643673913044, 1.690642911594203, 1.0)
#(2.08120802, 1.7208053466666666, 1.0)
3
2 6
#(0.9249813422222223, 0.9499875614814816, 1.0)
2
3 6
#(1.2771049213636365, 1.1847366142424243, 1.0)
#(0.9249813422222223, 0.9499875614814816, 1.0)
#(0.5603252361538462, 0.7068834907692308, 1.0)
0
3 6
#(0.5676021872727273, 0.7117347915151515, 1.0)
#(1.248724812, 1.1658165413333335, 1.0)
#(0.8638976686792453, 0.9092651124528303, 1.0)
0
3 6
#(0.9775371003030302, 0.9850247335353535, 1.0)
#0.8116631994759992
0
3 6
#(1.3874720133333334, 1.2583146755555557, 1.0)
#0.8116631994759991
4
3 0
#(1.04060401, 1.02706934, 1.0)
#(0.8191989014893617, 0.8794659343262411, 1.0)
#(1.4452833472222222, 1.2968555648148148, 1.0)
4
3 7
#(1.070335553142857, 1.0468903687619047, 1.0)
#(1.1501412742105264, 1.1000941828070177, 1.0)
#(0.7095027340909091, 0.806335156060606, 1.0)
0
5 5
0
3 5
#(1.04060401, 1.02706934, 1.0)
#(1.2140380116666667, 1.1426920077777778, 1.0)
#(0.8238115079166667, 0.8825410052777777, 1.0)
#(0.9538870091666668, 0.9692580061111112, 1.0)
0
3 5
0
3 5
#(0.6828963815625, 0.7885975877083333, 1.0)
#(0.8773720084313726, 0.9182480056209151, 1.0)
0
3 5
#(1.407876013529412, 1.2719173423529413, 1.0)
#(4.16241604, 3.10827736, 1.0)
#(1.456845614, 1.3045637426666665, 1.0)
#(1.3379194414285713, 1.2252796276190476, 1.0)
2
3 5
#(1.4984697744, 1.3323131829333332, 1.0)
#(0.9688382162068966, 0.9792254774712644, 1.0)
2
3 5
#(0.760441391923077, 0.8402942612820513, 1.0)
0
3 5
#(1.1562266777777777, 1.1041511185185184, 1.0)
#(14.56845614, 10.045637426666667, 1.0)
4
5 5
#(0.9460036454545455, 0.9640024303030303, 1.0)
#(0.91052850875, 0.9403523391666667, 1.0)
#(1.04060401, 1.02706934, 1.0)
0
0 5
#(1.0132196939473683, 1.0088131292982456, 1.0)
#(0.8949194486000001, 0.9299462990666667, 1.0)
#(1.9077740183333336, 1.6051826788888892, 1.0)
#(0.5781133388888889, 0.7187422259259261, 1.0)
3
0 2
#(1.1421263524390244, 1.0947509016260162, 1.0)
2
3 2
#0.7884963663131576
#(0.936543609, 0.9576957393333334, 1.0)
0
3 2
#(1.560906015, 1.3739373433333333, 1.0)
#(0.7928411504761905, 0.8618941003174604, 1.0)
#(0.6937360066666667, 0.7958240044444445, 1.0)
#(1.3874720133333334, 1.2583146755555557, 1.0)
1
3 2
#(0.8845134084999999, 0.9230089389999999, 1.0)
#0.7884963663131576
0
3 2
#(0.6937360066666667, 0.7958240044444445, 1.0)
#(2.08120802, 1.7208053466666666, 1.0)
3
3 2
#(0.8970724224137931, 0.9313816149425288, 1.0)
#(1.2140380116666667, 1.1426920077777778, 1.0)
#(2.08120802, 1.7208053466666666, 1.0)
4
3 2
#(0.7095027340909091, 0.806335156060606, 1.0)
0
3 2
#0.7884963663131577
#(2.08120802, 1.7208053466666666, 1.0)
#(1.8730872179999998, 1.582058145333333, 1.0)
2
3 2
0
3 2
#(0.91052850875, 0.9403523391666667, 1.0)
#(1.3874720133333334, 1.2583146755555557, 1.0)
0
3 2
#(0.9605575476923076, 0.9737050317948718, 1.0)
#(0.9365436089999999, 0.9576957393333333, 1.0)
#(0.9249813422222223, 0.9499875614814816, 1.0)
#(0.6359246727777779, 0.7572831151851852, 1.0)
0
3 2
#(0.9365436089999999, 0.9576957393333333, 1.0)
#(1.4308305137500001, 1.2872203425000002, 1.0)
#(1.1630280111764706, 1.1086853407843138, 1.0)
#(0.91052850875, 0.9403523391666667, 1.0)
2
3 2
#(1.1473326264102564, 1.0982217509401708, 1.0)
#(1.5136058327272728, 1.3424038884848486, 1.0)
3
5 2
#(1.04060401, 1.02706934, 1.0)
#(0.6720567564583333, 0.7813711709722222, 1.0)
#(0.9399003961290323, 0.9599335974193549, 1.0)
#(1.7921513505555555, 1.5281009003703705, 1.0)
4
3 2
#(0.9249813422222223, 0.9499875614814816, 1.0)
0
3 2
#(0.8432480770689655, 0.8954987180459769, 1.0)
#0.7884963663131577
#(1.1413076238709676, 1.094205082580645, 1.0)
4
3 0
0
3 2
#(0.8758417084166669, 0.9172278056111113, 1.0)
#(1.0510100501000001, 1.0340067000666668, 1.0)
#(0.5255050250500001, 0.6836700167000002, 1.0)
0
3 2
#(0.9008657572285715, 0.9339105048190476, 1.0)
#(0.8875195978622223, 0.9250130652414815, 1.0)
#(1.0286481341404257, 1.019098756093617, 1.0)
0
0 5
0
1 0
#(1.401346733466667, 1.267564488977778, 1.0)
#(1.0510100501000001, 1.0340067000666668, 1.0)
1
5 0
#(1.2962457284566669, 1.1974971523044446, 1.0)
0
0 0
#(0.6726464320640001, 0.7817642880426666, 1.0)
#0.8368146851135644
0
0 0
#(0.9459090450900002, 0.9639393633933334, 1.0)
#(0.8599173137181819, 0.906611542478788, 1.0)
0
0 0
#(1.1010581477238097, 1.0673720984825399, 1.0)
#(0.960923474377143, 0.9739489829180954, 1.0)
0
0 0
#(1.2898759705772729, 1.1932506470515152, 1.0)
#(4.787934672677778, 3.5252897817851854, 1.0)
#(2.9778618086166673, 2.3185745390777783, 1.0)
2
0 0
#(1.327591642231579, 1.218394428154386, 1.0)
0
0 0
#(1.1410966258228574, 1.0940644172152383, 1.0)
#(0.7006733667333334, 0.8004489111555556, 1.0)
0
0 0
#(1.0510100501000001, 1.0340067000666668, 1.0)
0
0 0
#(1.0510100501000001, 1.0340067000666668, 1.0)
#(0.8682256935608698, 0.9121504623739133, 1.0)
#(0.7006733667333335, 0.8004489111555557, 1.0)
4
3 0
#(1.089936348251852, 1.0599575655012348, 1.0)
0
3 0
#(0.9634258792583333, 0.9756172528388888, 1.0)
#(0.7728015074264707, 0.8485343382843138, 1.0)
0
3 0
#(1.1362270811891895, 1.0908180541261263, 1.0)
0
3 0
#(0.9759379036642858, 0.9839586024428572, 1.0)
#(0.817452261188889, 0.8783015074592594, 1.0)
0
3 0
#(1.0510100501000001, 1.0340067000666668, 1.0)
#(0.7567272360720001, 0.8378181573813334, 1.0)
#(0.8758417084166668, 0.9172278056111112, 1.0)
0
3 0
#(0.8964497486147059, 0.9309664990764706, 1.0)
#0.8368146851135645
0
3 0
#(1.3474487821794874, 1.2316325214529915, 1.0)
0
3 0
#(5.2550502505, 3.836700167, 1.0)
#(1.501442928714286, 1.3342952858095238, 1.0)
1
3 0
#(1.2261783917833335, 1.1507855945222223, 1.0)
0
3 0
#(1.0510100501000001, 1.0340067000666668, 1.0)
#(1.0510100501000001, 1.0340067000666668, 1.0)
#(1.1010581477238097, 1.0673720984825399, 1.0)
0
3 0
#(1.3137625626250002, 1.2091750417500002, 1.0)
#(1.0510100501000001, 1.0340067000666668, 1.0)
0
3 0
#(1.1424022283695654, 1.0949348189130437, 1.0)
0
3 0
#0.8368146851135645
0
3 0
#(1.5554948741480001, 1.3703299160986668, 1.0)
#(3.0216538940375006, 2.347769262691667, 1.0)
#(3.002885857428572, 2.3352572382857146, 1.0)
#(0.9342311556444445, 0.956154103762963, 1.0)
2
3 0
#(1.3012505382190478, 1.2008336921460319, 1.0)
0
3 0
#(2.1020201002000003, 1.7346800668000002, 1.0)
2
3 0
#(0.817452261188889, 0.8783015074592594, 1.0)
0
3 0
#(1.2261783917833335, 1.1507855945222223, 1.0)
0
3 0
#(1.1318569770307694, 1.0879046513538462, 1.0)
0
3 0
#(1.1677889445555558, 1.1118592963703706, 1.0)
#(1.0510100501000001, 1.0340067000666668, 1.0)
0
3 0
#(0.9891859295058825, 0.9927906196705883, 1.0)
0
3 0
#(2.2931128365818183, 1.8620752243878789, 1.0)
3
5 0
0
5 0
#(1.0510100501000001, 1.0340067000666668, 1.0)
0
5 0
#(0.7882575375750001, 0.8588383583833333, 1.0)
0
5 0
0
5 0
0
5 0
0
5 0
0
5 0
0
5 0
0
5 0
#(4.204040200400001, 3.136026800266667, 1.0)
2
5 0
#(1.401346733466667, 1.267564488977778, 1.0)
#(1.0510100501000001, 1.0340067000666668, 1.0)
2
3 1
#(0.762497487327451, 0.841664991551634, 1.0)
#(0.9121974019735851, 0.9414649346490567, 1.0)
#(0.7882575375750002, 0.8588383583833336, 1.0)
0
5 1
#(0.9127192540342106, 0.9418128360228071, 1.0)
#(0.8691044645057693, 0.9127363096705129, 1.0)
0
3 1
#(2.1975664683909097, 1.7983776455939398, 1.0)
#(0.7590628139611112, 0.8393752093074074, 1.0)
1
3 1
#0.8169524146571844
2
3 0
#(2.1020201002000003, 1.7346800668000002, 1.0)
#(1.2722753238052633, 1.1815168825368423, 1.0)
#(0.6434755408775511, 0.7623170272517008, 1.0)
1
3 3
#(1.3234941371629632, 1.215662758108642, 1.0)
1
3 0
0
3 3
0
3 3
#(0.9098744148008573, 0.9399162765339049, 1.0)
0
3 3
#0.8368358442494632
#(1.0615201506010001, 1.041013433734, 1.0)
0
3 3
#(2.1230403012020003, 1.7486935341346668, 1.0)
1
3 3
#(0.9098744148008573, 0.9399162765339049, 1.0)
0
3 3
0
3 3
#(1.0615201506010001, 1.041013433734, 1.0)
0
3 3
0
3 3
0
3 3
0
3 3
#(1.5922802259015003, 1.3948534839343336, 1.0)
4
3 3
0
3 3
0
5 3
0
3 1
0
3 1
#(1.0615201506010001, 1.041013433734, 1.0)
0
3 1
#(0.7273378809673519, 0.8182252539782345, 1.0)
#(1.1499801631510835, 1.0999867754340558, 1.0)
#(1.1713325799735175, 1.114221719982345, 1.0)
0
3 1
#(0.947785848750893, 0.9651905658339287, 1.0)
#(2.2409869846021113, 1.8273246564014076, 1.0)
4
3 1
0
3 1
#0.8059733831226592
0
3 1
0
3 1
#0.805973383122659
#(0.9650183187281819, 0.9766788791521211, 1.0)
1
3 0
#(1.0615201506010001, 1.041013433734, 1.0)
#(0.9098744148008573, 0.9399162765339049, 1.0)
0
3 7
0
3 1
#(0.9650183187281819, 0.9766788791521211, 1.0)
0
3 1
#(1.306486339201231, 1.204324226134154, 1.0)
0
3 1
0
3 1
#(1.6512535676015558, 1.4341690450677038, 1.0)
#(1.0615201506010001, 1.041013433734, 1.0)
3
5 1
0
5 1
0
5 1
0
5 1
0
5 1
0
5 1
0
5 1
0
5 1
0
5 1
0
5 1
0
5 1
0
5 1
0
5 1
0
5 1
0
5 1
#(2.1230403012020003, 1.7486935341346668, 1.0)
3
5 1
0
5 1
0
5 1
0
5 1
#(2.4125457968204547, 1.941697197880303, 1.0)
#(2.1230403012020003, 1.7486935341346668, 1.0)
3
5 3
#0.7855972492447969
#(1.769200251001667, 1.5128001673344447, 1.0)
#(1.0615201506010001, 1.041013433734, 1.0)
2
5 3
#(1.038443625587935, 1.02562908372529, 1.0)
#(1.0936874278919397, 1.0624582852612932, 1.0)
0
0 6
#(2.299960326302167, 1.866640217534778, 1.0)
#(0.7392729620256965, 0.8261819746837977, 1.0)
3
1 6
#(0.8704465234928201, 0.91363101566188, 1.0)
#(1.7249702447266253, 1.483313496484417, 1.0)
4
2 0
#(1.0615201506010001, 1.041013433734, 1.0)
0
4 0
#(1.7370329737107275, 1.4913553158071515, 1.0)
#(0.925427823600872, 0.9502852157339147, 1.0)
#0.7569864560646533
4
4 0
#(0.9907521405609335, 0.9938347603739558, 1.0)
#(1.3367290785345929, 1.2244860523563952, 1.0)
0
0 7
#(0.8551134546508057, 0.9034089697672038, 1.0)
0
3 5
#(0.8492161204808002, 0.8994774136538668, 1.0)
#(0.9315380913437348, 0.9543587275624899, 1.0)
#(0.9288301317758751, 0.9525534211839167, 1.0)
#(1.459590207076375, 1.30639347138425, 1.0)
4
0 5
#(1.0615201506010001, 1.041013433734, 1.0)
#(0.8165539620007694, 0.8777026413338462, 1.0)
#(1.5643454850962109, 1.3762303233974738, 1.0)
#0.8252430521618657
3
2 5
#(1.0615201506010001, 1.041013433734, 1.0)
#(0.7542380017428159, 0.8361586678285439, 1.0)
#(0.9288301317758751, 0.9525534211839167, 1.0)
0
2 5
#(0.9158213064008628, 0.9438808709339085, 1.0)
0
2 5
#0.8252430521618657
#(1.1499801631510835, 1.0999867754340558, 1.0)
0
2 5
#(0.9098744148008573, 0.9399162765339049, 1.0)
#(0.8909186978258393, 0.927279131883893, 1.0)
0
2 5
#(1.0615201506010001, 1.041013433734, 1.0)
#(0.8636096140482713, 0.9090730760321808, 1.0)
0
2 5
#0.8252430521618663
#(1.0025468089009446, 1.0016978726006298, 1.0)
#(0.8256267838007779, 0.8837511892005185, 1.0)
0
0 6
#(1.0615201506010001, 1.041013433734, 1.0)
#(0.8067553144567602, 0.8711702096378401, 1.0)
2
1 6
#(1.7370329737107275, 1.4913553158071515, 1.0)
#(0.8492161204808001, 0.8994774136538668, 1.0)
1
1 6
#(0.7811186013856416, 0.8540790675904276, 1.0)
#(0.7203172450506787, 0.8135448300337859, 1.0)
0
1 6
#0.8146003956672973
#(0.808777257600762, 0.8725181717338414, 1.0)
#0.8146003956672973
#0.8146003956672973
0
1 6
#(0.9140867963508613, 0.9427245309005743, 1.0)
#(0.7750782052007302, 0.8500521368004869, 1.0)
#(0.588312372622241, 0.7255415817481606, 1.0)
#(1.2520494084011797, 1.1680329389341197, 1.0)
0
1 6
0
1 6
#(0.9730601380509167, 0.9820400920339445, 1.0)
#(0.8340515469007858, 0.8893676979338571, 1.0)
3
2 6
#(1.3384384507577827, 1.2256256338385219, 1.0)
#(6.015280853405668, 4.3435205689371115, 1.0)
#(0.9390370563008847, 0.9593580375339231, 1.0)
3
4 6
#0.8146003956672976
#0.8146003956672976
#(6.015280853405668, 4.3435205689371115, 1.0)
3
5 6
#0.8146003956672969
#(1.0615201506010001, 1.041013433734, 1.0)
0
0 0
#(1.0293528733100608, 1.019568582206707, 1.0)
#0.8146003956672973
#(1.0615201506010001, 1.041013433734, 1.0)
0
2 6
#0.8428849099980875
#(1.213165886401143, 1.1421105909340954, 1.0)
#(1.503820213351417, 1.3358801422342779, 1.0)
4
3 6
#(1.238440175701167, 1.1589601171341113, 1.0)
#(1.123962512401059, 1.0826416749340393, 1.0)
0
2 6
#(0.695478719359276, 0.796985812906184, 1.0)
#(2.476880351402334, 1.9845869009348893, 1.0)
3
0 6
#(1.0236087166509644, 1.0157391444339763, 1.0)
#(0.6549805184559362, 0.7699870123039574, 1.0)
#(1.551452527801462, 1.367635018534308, 1.0)
3
3 6
#(2.1230403012020003, 1.7486935341346668, 1.0)
#0.8428849099980873
1
3 6
#(0.8846001255008334, 0.9230667503338891, 1.0)
#(0.6634500941256251, 0.7756333960837501, 1.0)
0
3 6
#(0.9034214047668085, 0.935614269844539, 1.0)
#(1.8197488296017146, 1.5464992197344765, 1.0)
#(0.9042579060675187, 0.9361719373783458, 1.0)
#(1.0615201506010001, 1.041013433734, 1.0)
2
2 2
#(0.9692140505487393, 0.9794760336991596, 1.0)
#(1.769200251001667, 1.5128001673344447, 1.0)
3
5 2
#(1.0615201506010001, 1.041013433734, 1.0)
#(0.9067151286383544, 0.9378100857589029, 1.0)
#(1.0615201506010001, 1.041013433734, 1.0)
0
5 2
#(0.7190942955684194, 0.8127295303789462, 1.0)
#(0.7172433450006758, 0.8114955633337839, 1.0)
0
5 2
#(0.7430641054207001, 0.8287094036138001, 1.0)
0
5 2
#(0.775726263900731, 0.8504841759338206, 1.0)
#(1.6405311418379094, 1.427020761225273, 1.0)
4
3 2
#(1.1752544524511073, 1.1168363016340714, 1.0)
#(1.1292767559585108, 1.0861845039723406, 1.0)
0
3 2
#(1.371130194526292, 1.2474201296841947, 1.0)
#0.8213620108246561
0
3 2
#(0.690830574200651, 0.7938870494671008, 1.0)
#(0.9402035619608858, 0.9601357079739238, 1.0)
#(0.7076801004006668, 0.8051200669337778, 1.0)
0
3 2
#(1.9956578831298801, 1.6637719220865865, 1.0)
#(1.224830943001154, 1.1498872953341026, 1.0)
#(0.9260069398859789, 0.9506712932573192, 1.0)
1
4 2
#(0.9553681355409, 0.9702454236939334, 1.0)
#(1.0615201506010001, 1.041013433734, 1.0)
#0.8213620108246561
0
2 5
#(1.5922802259015, 1.3948534839343332, 1.0)
#(1.0615201506010001, 1.041013433734, 1.0)
3
3 5
#(0.7961401129507502, 0.8640934086338334, 1.0)
#(1.53920421837145, 1.3594694789143, 1.0)
#(1.1145961581310502, 1.0763974387540334, 1.0)
3
1 5
#(0.9856972827009287, 0.9904648551339524, 1.0)
#(0.8165539620007694, 0.8777026413338462, 1.0)
#(0.7582286790007143, 0.8388191193338095, 1.0)
#0.7794816361901487
0
2 5
#0.8038624234039343
0
1 0
#(1.1453243730168687, 1.0968829153445792, 1.0)
#(0.7875794665749356, 0.8583863110499571, 1.0)
#(1.3845915007839131, 1.256394333855942, 1.0)
#(0.5999896503396958, 0.7333264335597972, 1.0)
0
1 0
#(1.0615201506010001, 1.041013433734, 1.0)
#(0.843772427400795, 0.8958482849338635, 1.0)
#(1.6512535676015558, 1.4341690450677038, 1.0)
3
2 0
#0.7794816361901487
#(0.9579572090789513, 0.971971472719301, 1.0)
#(1.0008618562809428, 1.000574570853962, 1.0)
0
2 0
#0.7794816361901487
#(1.2313633746971602, 1.1542422497981069, 1.0)
#(0.9402035619608858, 0.9601357079739238, 1.0)
#(0.9907521405609335, 0.9938347603739558, 1.0)
1
2 0
0
2 3
#(1.153826250653261, 1.1025508337688408, 1.0)
#(1.0615201506010001, 1.041013433734, 1.0)
#(1.4697971316013847, 1.3131980877342564, 1.0)
3
4 3
#(1.1453243730168687, 1.0968829153445792, 1.0)
0
4 3
0
4 3
#1.0793878373203472
#(1.0008618562809428, 1.000574570853962, 1.0)
#(0.9553681355409, 0.9702454236939334, 1.0)
0
4 3
#(0.9288301317758751, 0.9525534211839167, 1.0)
#(0.6433455458187879, 0.762230363879192, 1.0)
1
1 3
#(0.9180714816008649, 0.9453809877339099, 1.0)
#(1.0615201506010001, 1.041013433734, 1.0)
#(0.9613767401669436, 0.9742511601112959, 1.0)
4
0 4
#(0.8256267838007779, 0.8837511892005185, 1.0)
#(0.8363492095644244, 0.8908994730429495, 1.0)
#(1.2248309430011541, 1.1498872953341028, 1.0)
#(1.887146934401778, 1.591431289601185, 1.0)
4
5 7
#(3.4499404894532506, 2.6332936596355005, 1.0)
3
5 0
#(0.9746685019154636, 0.9831123346103091, 1.0)
#0.8112402248502552
1
2 6
#(1.3401691901337625, 1.226779460089175, 1.0)
#0.8112402248502552
#(1.6847841247395874, 1.4565227498263915, 1.0)
4
2 1
#(0.9157822799247377, 0.9438548532831584, 1.0)
0
1 2
#(0.8338830516387856, 0.8892553677591905, 1.0)
#(1.4406818793937948, 1.2937879195958633, 1.0)
4
4 4
#(0.8423920623697937, 0.8949280415798624, 1.0)
#(0.6968879788695566, 0.797925319246371, 1.0)
#(0.8041015140802575, 0.8694010093868384, 1.0)
0
5 4
#(0.7687008184918186, 0.8458005456612124, 1.0)
0
1 2
#(3.4308331267424323, 2.6205554178282884, 1.0)
#(10.078072309805894, 7.052048206537262, 1.0)
#(1.3294478366126925, 1.2196318910751283, 1.0)
3
2 2
0
2 2
#(1.0308993770259713, 1.0205995846839808, 1.0)
#(1.07213535210701, 1.0480902347380068, 1.0)
#(0.9113150492909586, 0.9408766995273057, 1.0)
0
2 2
#(1.1525455035150358, 1.1016970023433572, 1.0)
#(0.9381184330936339, 0.9587456220624225, 1.0)
0
2 2
#(0.8338830516387856, 0.8892553677591905, 1.0)
#(2.14427070421402, 1.76284713614268, 1.0)
#0.8230249766752042
3
4 2
#(1.3320469526178003, 1.2213646350785334, 1.0)
#(1.286562422528412, 1.1910416150189413, 1.0)
0
1 4
#(0.6469782297197474, 0.7646521531464984, 1.0)
#0.7780154173998142
#(2.14427070421402, 1.76284713614268, 1.0)
#(1.1316984272240662, 1.0877989514827109, 1.0)
3
0 4
#(0.6700845950668812, 0.7800563967112542, 1.0)
#(0.9530092018728978, 0.9686728012485984, 1.0)
0
3 5
#(2.7875519154782262, 2.191701276985484, 1.0)
#(0.9460017812708912, 0.9640011875139275, 1.0)
#(0.9071914517828547, 0.9381276345219032, 1.0)
1
2 5
#(1.0071574519793125, 1.004771634652875, 1.0)
#0.7432372338432195
0
1 0
#(1.2414198813870643, 1.1609465875913763, 1.0)
#0.7298412515318569
#(1.3401691901337625, 1.226779460089175, 1.0)
0
0 3
#(3.6452601971638345, 2.7635067981092227, 1.0)
4
1 3
#(1.07213535210701, 1.0480902347380068, 1.0)
0
1 3
#(1.2028835657785966, 1.1352557105190644, 1.0)
#0.7187534183402615
4
1 0
#0.7187534183402616
#(1.07213535210701, 1.0480902347380068, 1.0)
#(0.8646252839572662, 0.9097501893048442, 1.0)
1
1 0
#(1.0071574519793125, 1.004771634652875, 1.0)
#(1.3784597384232986, 1.2523064922821991, 1.0)
0
1 3
#(2.054926091538436, 1.703284061025624, 1.0)
#(1.1614799647825942, 1.1076533098550627, 1.0)
2
2 3
#(0.7385821314514958, 0.8257214209676639, 1.0)
#(0.9746685019154636, 0.9831123346103091, 1.0)
#(0.9291839718260754, 0.9527893145507168, 1.0)
0
2 2
#(1.3784597384232988, 1.2523064922821991, 1.0)
#(1.2370792524311653, 1.1580528349541102, 1.0)
#(0.9157822799247377, 0.9438548532831584, 1.0)
0
2 2
#(1.07213535210701, 1.0480902347380068, 1.0)
#(1.7713540600028863, 1.5142360400019241, 1.0)
3
4 2
#(1.500989492949814, 1.333992995299876, 1.0)
2
5 2
#(0.8182085581869287, 0.8788057054579524, 1.0)
#(1.2150867323879448, 1.1433911549252966, 1.0)
0
5 2
#(1.0982849948413274, 1.0655233298942182, 1.0)
#(2.9866627665838137, 2.324441844389209, 1.0)
#(0.6927643813614527, 0.7951762542409684, 1.0)
3
0 4
#(1.2061522711203863, 1.137434847413591, 1.0)
#(1.1436110422474774, 1.0957406948316517, 1.0)
#(0.9973352112623348, 0.9982234741748899, 1.0)
0
1 5
#(0.9808897902255624, 0.9872598601503749, 1.0)
4
5 1
#(0.9955542555279379, 0.9970361703519585, 1.0)
#(1.1257421197123605, 1.0838280798082403, 1.0)
0
0 1
#(3.21640605632103, 2.4776040375473536, 1.0)
#(0.8390624494750513, 0.8927082996500341, 1.0)
1
0 1
#(0.9592789992536407, 0.9728526661690937, 1.0)
#(0.6671064413110285, 0.7780709608740191, 1.0)
0
0 1
#(1.2252975452651544, 1.150198363510103, 1.0)
#(0.8270758430539792, 0.8847172287026529, 1.0)
#(0.7236913626722318, 0.815794241781488, 1.0)
0
0 1
#(1.2252975452651542, 1.1501983635101027, 1.0)
#(1.307482136715866, 1.2049880911439106, 1.0)
#(1.07213535210701, 1.0480902347380068, 1.0)
0
0 1
#(0.8577082816856081, 0.9051388544570721, 1.0)
#(0.7504947464749071, 0.8336631643166047, 1.0)
#(1.518858415484931, 1.3459056103232871, 1.0)
3
2 7
#(0.6365803653135372, 0.7577202435423581, 1.0)
#(0.857708281685608, 0.9051388544570719, 1.0)
0
4 7
#(1.1285635285336948, 1.0857090190224632, 1.0)
#(1.07213535210701, 1.0480902347380068, 1.0)
#0.7896650622107333
4
4 0
#(0.9071914517828547, 0.9381276345219032, 1.0)
#(1.3580381126688794, 1.2386920751125863, 1.0)
0
2 3
#(0.8528349391760307, 0.9018899594506872, 1.0)
#(1.4295138028093468, 1.2863425352062312, 1.0)
#(1.608203028160515, 1.4054686854403435, 1.0)
4
4 3
#(1.896854853727787, 1.5979032358185246, 1.0)
#(0.9852054586929282, 0.9901369724619521, 1.0)
3
5 3
#(1.3784597384232986, 1.2523064922821991, 1.0)
2
0 3
#(0.9005936957698885, 0.933729130513259, 1.0)
#0.9167918238781092
0
4 0
#(1.3401691901337627, 1.226779460089175, 1.0)
#0.888245914012458
0
3 0
#0.888245914012458
0
0 1
#(1.07213535210701, 1.0480902347380068, 1.0)
0
0 1
#(1.5316219315814428, 1.354414621054295, 1.0)
#(0.5848011011492782, 0.7232007340995188, 1.0)
1
0 1
#(1.5009894929498142, 1.333992995299876, 1.0)
4
3 1
#(1.8762368661872675, 1.5841579107915116, 1.0)
#(1.07213535210701, 1.0480902347380068, 1.0)
#(1.6397364208695446, 1.4264909472463632, 1.0)
1
4 1
#(1.9655814788628518, 1.643720985908568, 1.0)
#(0.9592789992536407, 0.9728526661690937, 1.0)
#(1.0051268926003218, 1.0034179284002145, 1.0)
1
4 1
#(0.9445001911418898, 0.9630001274279265, 1.0)
#(1.513602850033426, 1.342401900022284, 1.0)
#(1.3937759577391131, 1.2625173051594087, 1.0)
3
5 6
#(1.0431587209689828, 1.0287724806459886, 1.0)
#(0.8692989341408189, 0.9128659560938793, 1.0)
#(1.548639953043459, 1.3657599686956392, 1.0)
4
3 6
#(1.1046243021708588, 1.0697495347805726, 1.0)
#(0.8797008017288288, 0.9198005344858858, 1.0)
0
3 7
#(1.4671325870938032, 1.3114217247292022, 1.0)
#(0.9189731589488657, 0.9459821059659105, 1.0)
#(1.2731607306270745, 1.182107153751383, 1.0)
1
3 7
#0.8564062074167373
#0.8564062074167373
#(0.9530092018728978, 0.9686728012485984, 1.0)
0
1 0
#0.8372129726342685
#0.8372129726342685
#(2.9483722182942778, 2.2989148121961853, 1.0)
3
5 6
#0.7891376047579376
#(1.07213535210701, 1.0480902347380068, 1.0)
3
5 0
#0.7781629533989123
#(0.8423920623697937, 0.8949280415798624, 1.0)
#(0.8453374891612964, 0.8968916594408642, 1.0)
#(1.2806061150167065, 1.187070743344471, 1.0)
0
1 5
#(1.1515527855964183, 1.101035190397612, 1.0)
#(0.8577082816856081, 0.9051388544570721, 1.0)
#(25.73124845056824, 17.487498967045493, 1.0)
4
1 6
#(0.9572637072384019, 0.9715091381589346, 1.0)
#(0.7697382015127252, 0.8464921343418168, 1.0)
0
1 1
#(1.1067203634653007, 1.071146908976867, 1.0)
#0.8276235617635582
#(1.5451362427424558, 1.3634241618283038, 1.0)
4
3 1
#(1.5669670530794764, 1.3779780353863176, 1.0)
4
5 1
#(0.8829349958528319, 0.9219566639018879, 1.0)
0
5 1
#(1.4741861091471389, 1.3161240727647592, 1.0)
#0.827623561763558
#0.827623561763558
1
5 0
0
5 1
0
5 1
#(1.3535708820351002, 1.2357139213567334, 1.0)
0
5 1
0
5 1
#(1.0055097980832175, 1.003673198722145, 1.0)
2
0 1
#(1.0828567056280802, 1.0552378037520536, 1.0)
#(1.0055097980832175, 1.003673198722145, 1.0)
0
1 1
#(1.3148974282626689, 1.2099316188417792, 1.0)
0
4 1
0
3 1
#(1.0828567056280802, 1.0552378037520536, 1.0)
3
0 1
0
0 1
0
0 1
#(0.9745710350652722, 0.9830473567101814, 1.0)
0
0 1
#(1.0828567056280802, 1.0552378037520536, 1.0)
0
0 1
#(1.0828567056280802, 1.0552378037520536, 1.0)
0
0 1
#0.8276235617635579
#(3.4290462344889208, 2.6193641563259473, 1.0)
3
1 1
#(0.8422218821551736, 0.8948145881034492, 1.0)
#(1.2225801515155743, 1.1483867676770496, 1.0)
#(0.9797274955682631, 0.9864849970455087, 1.0)
0
3 6
#(1.1911423761908881, 1.1274282507939255, 1.0)
#(0.9906986881278181, 0.9937991254185454, 1.0)
#(1.598502755927166, 1.3990018372847774, 1.0)
3
5 0
#(0.9204281997838683, 0.9469521331892455, 1.0)
#(1.2182137938315902, 1.1454758625543935, 1.0)
#(1.3623035974030686, 1.2415357316020457, 1.0)
0
3 5
#(2.3100943053399043, 1.8733962035599363, 1.0)
#(0.6923182216310676, 0.7948788144207116, 1.0)
#(1.3922443358075316, 1.2614962238716878, 1.0)
1
3 5
#0.7396736135772526
#(1.6603802819630564, 1.4402535213087042, 1.0)
#(1.21279951030345, 1.1418663402023, 1.0)
2
0 4
#(2.2796983276380636, 1.8531322184253758, 1.0)
#(1.0828567056280802, 1.0552378037520536, 1.0)
2
1 4
#(0.6996920251750672, 0.7997946834500448, 1.0)
0
1 4
#(1.717634774444541, 1.4784231829630272, 1.0)
#(0.8121425292210601, 0.8747616861473734, 1.0)
#(0.9162633663006832, 0.9441755775337888, 1.0)
#(1.4077137173165042, 1.2718091448776694, 1.0)
1
2 2
#(0.9551484055137853, 0.9620656279920347, 0.9759000729485332)
#(1.056759938015252, 1.029806649659679, 0.9759000729485332)
#(1.246434798684656, 1.156256556772615, 0.9759000729485332)
1
4 2
#(0.7496700269732863, 0.8331133513155242, 1.0)
#(0.9813388894754477, 0.9875592596502983, 1.0)
0
4 2
#(1.0535903081786726, 1.035726872119115, 1.0)
#0.7015083481160302
#0.7015083481160302
2
4 0
#0.7015083481160302
#(1.0828567056280802, 1.0552378037520536, 1.0)
#(0.9625392938916268, 0.9750261959277512, 1.0)
2
2 3
#(1.1968416220099833, 1.1312277480066555, 1.0)
3
2 0
0
4 0
0
1 7
0
1 7
0
1 7
0
1 7
0
1 7
0
1 7
#(1.0936852726843609, 1.0624568484562407, 1.0)
0
0 5
#(1.5440262673190976, 1.3626841782127317, 1.0)
#(0.8485489184620042, 0.8990326123080029, 1.0)
#(0.9006819892694737, 0.9337879928463159, 1.0)
1
0 1
0
0 1
1
0 0
#(1.0936852726843609, 1.0624568484562407, 1.0)
0
3 1
#(0.7291235151229073, 0.8194156767486049, 1.0)
4
0 1
#(1.2152058585381789, 1.143470572358786, 1.0)
#(1.0936852726843609, 1.0624568484562407, 1.0)
#(1.0471454738467285, 1.031430315897819, 1.0)
#0.8151541834005238
4
0 0
#(0.887329560857123, 0.9248863739047487, 1.0)
#(1.385334678733524, 1.2568897858223493, 1.0)
#(0.8412963636033546, 0.8941975757355697, 1.0)
0
0 6
#(2.271500181729057, 1.8476667878193715, 1.0)
#(2.0311297921280986, 1.6874198614187323, 1.0)
1
0 6
#(0.9942593388039644, 0.9961728925359763, 1.0)
#(1.1179893898551245, 1.0786595932367498, 1.0)
#(1.0025448332939975, 1.0016965555293316, 1.0)
#(0.8506441009767252, 0.9004294006511501, 1.0)
0
0 6
#(2.9827780164118933, 2.3218520109412624, 1.0)
#(1.0936852726843609, 1.0624568484562407, 1.0)
#(1.6405279090265414, 1.4270186060176944, 1.0)
2
1 6
#(0.911404393903634, 0.9409362626024227, 1.0)
#(1.0936852726843609, 1.0624568484562407, 1.0)
#(1.7134402605388321, 1.4756268403592214, 1.0)
#(0.8202639545132706, 0.8801759696755137, 1.0)
3
2 6
#(1.2619445454050318, 1.1746296969366878, 1.0)
#(0.5468426363421804, 0.6978950908947871, 1.0)
#0.8513856686915601
0
2 6
#(0.8506441009767252, 0.9004294006511501, 1.0)
#0.8513856686915603
0
2 6
#(1.1544455656112698, 1.1029637104075132, 1.0)
0
2 6
0
2 6
#(0.6249630129624919, 0.7499753419749946, 1.0)
0
1 0
#(1.3814971865486663, 1.254331457699111, 1.0)
#(2.1873705453687218, 1.7915803635791478, 1.0)
#(1.230395931769906, 1.153597287846604, 1.0)
2
0 0
#(0.8973827878435782, 0.9315885252290522, 1.0)
0
1 0
#(1.4475246256116543, 1.2983497504077695, 1.0)
#(1.0403347715778066, 1.0268898477185378, 1.0)
#(0.8312008072401142, 0.8874672048267428, 1.0)
2
0 0
#(0.8384920423913435, 0.8923280282608955, 1.0)
#(1.1691118432143168, 1.1127412288095446, 1.0)
#(1.249926025924984, 1.166617350616656, 1.0)
0
0 0
#(1.0936852726843609, 1.0624568484562407, 1.0)
#(0.9114043939036341, 0.9409362626024228, 1.0)
#(0.8820042521648072, 0.9213361681098714, 1.0)
0
0 0
#(0.9569746135988157, 0.9713164090658771, 1.0)
#(1.3040093635851995, 1.2026729090567996, 1.0)
0
0 0
#(1.2759661514650877, 1.1839774343100584, 1.0)
0
0 0
#(0.7655796908790526, 0.8437197939193685, 1.0)
1
2 0
#(1.3953915548041846, 1.2635943698694565, 1.0)
#(0.8658341742084524, 0.9105561161389684, 1.0)
#0.8284586228461139
0
2 0
#(1.2987512613126786, 1.1991675075417858, 1.0)
#(0.8559276047094998, 0.9039517364729998, 1.0)
#(1.0155648960640493, 1.0103765973760328, 1.0)
0
2 0
#(1.3671065908554512, 1.2447377272369675, 1.0)
0
2 0
#(1.385334678733524, 1.2568897858223493, 1.0)
#(0.9510306718994442, 0.9673537812662962, 1.0)
0
2 0
#(1.0293508448793984, 1.019567229919599, 1.0)
#(0.9864612263427569, 0.9909741508951712, 1.0)
#(0.972164686830543, 0.9814431245536953, 1.0)
0
2 0
#(2.324081204454267, 1.8827208029695113, 1.0)
3
4 0
#(0.7812037662031149, 0.8541358441354099, 1.0)
#(0.9478605696597794, 0.9652403797731862, 1.0)
#0.8284586228461133
0
0 1
#(1.175711668135688, 1.1171411120904586, 1.0)
#(0.9765047077538936, 0.984336471835929, 1.0)
2
3 0
#(0.9006819892694736, 0.9337879928463156, 1.0)
0
0 6
#(0.8083760711145276, 0.8722507140763517, 1.0)
#(0.7992315454231869, 0.866154363615458, 1.0)
0
0 7
#(1.0936852726843609, 1.0624568484562407, 1.0)
#(0.8833611817835223, 0.9222407878556815, 1.0)
#(1.8228087878072683, 1.5485391918715123, 1.0)
4
3 7
#(1.0936852726843609, 1.0624568484562407, 1.0)
#(3.281055818053083, 2.5207038787020553, 1.0)
3
4 7
#(1.3974867373189057, 1.2649911582126039, 1.0)
#(1.789666809847136, 1.5264445398980906, 1.0)
3
5 7
#(1.7316683484169049, 1.4877788989446035, 1.0)
#(0.6898630181547507, 0.7932420121031671, 1.0)
#(1.0936852726843609, 1.0624568484562407, 1.0)
1
0 7
#(1.230395931769906, 1.153597287846604, 1.0)
#(0.8749482181474887, 0.9166321454316592, 1.0)
#(0.8674055610944932, 0.9116037073963289, 1.0)
#(0.937444519443738, 0.9582963462958253, 1.0)
0
3 5
#(1.4913890082059467, 1.3275926721372977, 1.0)
#(1.0936852726843609, 1.0624568484562407, 1.0)
#(1.0936852726843609, 1.0624568484562407, 1.0)
1
1 7
#(0.7992315454231869, 0.866154363615458, 1.0)
#(0.8749482181474887, 0.9166321454316592, 1.0)
0
3 7
#(0.7421435778929591, 0.8280957185953062, 1.0)
#(0.9445463718637662, 0.9630309145758442, 1.0)
#(0.942832131624449, 0.9618880877496326, 1.0)
0
2 3
#(1.7186482856468528, 1.4790988570979018, 1.0)
#(1.4012842556268374, 1.2675228370845584, 1.0)
#(0.9114043939036341, 0.9409362626024228, 1.0)
1
2 1
#(0.6643523774737392, 0.7719336628443759, 0.9870962335856491)
#(1.0326346736820078, 1.0174551936498883, 0.9870962335856491)
0
0 1
#(2.1873705453687218, 1.7915803635791478, 1.0)
#0.7001360577836626
#(1.3671065908554512, 1.2447377272369675, 1.0)
#(1.7620484948803592, 1.5080323299202394, 1.0)
1
1 1
#(1.0439723057441628, 1.0293148704961086, 1.0)
#(1.4012842556268374, 1.2675228370845584, 1.0)
3
2 1
#(0.6770432640426995, 0.7846955093617997, 1.0)
#(0.6531731489642711, 0.7687820993095141, 1.0)
#(1.1823624569560658, 1.121574971304044, 1.0)
0
2 1
#(0.9458899655648526, 0.9639266437099018, 1.0)
0
2 1
#(0.8983843311335822, 0.9322562207557215, 1.0)
#(1.0507956541477192, 1.033863769431813, 1.0)
#0.7001360577836624
0
2 1
4
2 0
#(1.8810422031558032, 1.5816303825650755, 0.9828067413836206)
3
2 5
#(0.9209981243657775, 0.9473320829105184, 1.0)
0
2 5
#(1.032924979757452, 1.021949986504968, 1.0)
#(2.406107599905594, 1.9374050666037295, 1.0)
2
3 5
#(1.3020062770051914, 1.201337518003461, 1.0)
0
3 5
#0.8125116452479594
#0.8125116452479594
#(1.1249334233324855, 1.0832889488883237, 1.0)
#(0.8983843311335822, 0.9322562207557215, 1.0)
0
3 5
#0.8125116452479596
#(0.8467240820782148, 0.89781605471881, 1.0)
#(2.1873705453687218, 1.7915803635791478, 1.0)
4
3 5
#(1.165012573076819, 1.1100083820512128, 1.0)
#(1.2759661514650877, 1.1839774343100584, 1.0)
#(1.6405279090265412, 1.4270186060176941, 1.0)
3
3 3
#(1.0936852726843609, 1.0624568484562407, 1.0)
#(1.2822516990092507, 1.1881677993395006, 1.0)
0
3 3
#(1.5984630908463737, 1.3989753938975824, 1.0)
#(1.2363398734692774, 1.1575599156461849, 1.0)
#(0.7508883961713523, 0.8339255974475682, 1.0)
1
2 3
#(0.916330904140951, 0.9442206027606339, 1.0)
#0.7935357478950493
3
2 0
#(1.006190450869612, 1.004126967246408, 1.0)
#(0.7588836585973117, 0.8392557723982078, 1.0)
#(1.0207729211720702, 1.0138486141147134, 1.0)
#(1.1778149090446963, 1.1185432726964641, 1.0)
0
1 7
#(0.7980946584453444, 0.8653964389635629, 1.0)
#(0.7428805625780565, 0.8285870417187043, 1.0)
#(0.7291235151229073, 0.8194156767486049, 1.0)
0
0 2
#(1.3671065908554512, 1.2447377272369675, 1.0)
#(0.9721646868305429, 0.9814431245536953, 1.0)
0
3 2
#(1.0572290969282154, 1.038152731285477, 1.0)
#(0.9843167454159248, 0.9895444969439499, 1.0)
#(8.56720130269416, 6.044800868462773, 1.0)
#(1.1778149090446963, 1.1185432726964641, 1.0)
3
4 2
#(0.8506441009767252, 0.9004294006511501, 1.0)
#0.7803720534035588
0
3 0
#(0.9843167454159248, 0.9895444969439499, 1.0)
#(0.8749482181474887, 0.9166321454316592, 1.0)
#(0.8202639545132706, 0.8801759696755137, 1.0)
0
5 0
#(1.005008088412656, 1.0033387256084374, 1.0)
#(1.0936852726843609, 1.0624568484562407, 1.0)
#(1.2428241735049554, 1.1618827823366369, 1.0)
0
0 0
#(1.0936852726843609, 1.0624568484562407, 1.0)
#(2.0922674781787776, 1.7281783187858517, 1.0)
#(1.203053799952797, 1.1353691999685314, 1.0)
2
1 0
#0.7420049805396323
#(1.0361228899114998, 1.0240819266076666, 1.0)
#(1.6405279090265414, 1.4270186060176944, 1.0)
3
1 0
#0.7420049805396323
#(0.8785340715005522, 0.9190227143337015, 1.0)
#(1.3671065908554512, 1.2447377272369675, 1.0)
0
1 0
#(1.4582470302458146, 1.3054980201638764, 1.0)
#(0.7812037662031148, 0.8541358441354099, 1.0)
1
1 0
#0.7420049805396323
#(1.0936852726843609, 1.0624568484562407, 1.0)
0
1 0
#(0.9624430399622377, 0.9749620266414918, 1.0)
#0.7420049805396322
#(1.5411019751461448, 1.3607346500974298, 1.0)
#0.7420049805396322
3
2 0
#(1.5523274838100607, 1.3682183225400404, 1.0)
#(1.8228087878072683, 1.5485391918715123, 1.0)
#(1.2759661514650877, 1.1839774343100584, 1.0)
3
2 0
#(2.702045967808421, 2.1346973118722805, 1.0)
#(0.7218322799716782, 0.8145548533144522, 1.0)
1
3 0
#(1.7498964362949776, 1.499930957529985, 1.0)
#0.742004980539632
#(0.8886192840560432, 0.9257461893706954, 1.0)
1
4 0
#(0.9544889652518058, 0.9696593101678705, 1.0)
#(1.0305880454141092, 1.0203920302760727, 1.0)
0
0 0
#(0.8485489184620042, 0.8990326123080029, 1.0)
#0.7420049805396322
3
0 0
#(1.07224046341604, 1.0481603089440268, 1.0)
#(1.1620406022271335, 1.1080270681514224, 1.0)
0
0 3
#(0.9864612263427569, 0.9909741508951712, 1.0)
#(1.3919630743255502, 1.2613087162170336, 1.0)
#(1.0936852726843609, 1.0624568484562407, 1.0)
0
0 3
#0.9845552176730623
#0.9845552176730623
0
0 3
#0.9845552176730625
#(0.8983843311335822, 0.9322562207557215, 1.0)
#0.9845552176730625
0
0 3
#0.9845552176730623
3
0 0
#(0.9186956290548632, 0.9457970860365755, 1.0)
#0.9845552176730623
#0.9845552176730623
4
0 0
#1.1117784941518634
#(1.4913890082059467, 1.3275926721372977, 1.0)
3
2 0
#(0.8674055610944932, 0.9116037073963289, 1.0)
#(1.3919630743255502, 1.2613087162170336, 1.0)
#(1.1544455656112698, 1.1029637104075132, 1.0)
#(0.7954074710431716, 0.8636049806954477, 1.0)
0
2 0
#(0.6853761042155329, 0.7902507361436886, 1.0)
#(0.8886192840560433, 0.9257461893706956, 1.0)
#0.9004332415339763
#(0.9435716078061154, 0.9623810718707436, 1.0)
0
2 0
#(1.0936852726843609, 1.0624568484562407, 1.0)
0
2 0
#(0.9209981243657775, 0.9473320829105184, 1.0)
#(1.0416050216041532, 1.0277366810694355, 1.0)
#(0.9296324817817068, 0.9530883211878045, 1.0)
0
2 0
#(1.312422327221233, 1.208281551480822, 1.0)
#(0.6285547544162994, 0.752369836277533, 1.0)
0
2 0
#(1.1544455656112698, 1.1029637104075132, 1.0)
#(1.1580197004893233, 1.1053464669928823, 1.0)
0
2 0
#(0.9985822054944166, 0.9990548036629443, 1.0)
#(0.7132730039245831, 0.8088486692830554, 1.0)
#(1.3671065908554512, 1.2447377272369675, 1.0)
2
4 0
#(1.0207729211720702, 1.0138486141147134, 1.0)
#(0.9942593388039644, 0.9961728925359763, 1.0)
#(2.038231644548127, 1.6921544296987514, 1.0)
4
5 0
#(1.1778149090446963, 1.1185432726964641, 1.0)
#(1.1392554923795426, 1.092836994919695, 1.0)
0
1 6
#(0.7066889454268178, 0.804459296951212, 1.0)
#(0.8931763060255613, 0.9287842040170409, 1.0)
0
4 4
#(0.740340799970952, 0.8268938666473012, 1.0)
#(0.8412963636033546, 0.8941975757355697, 1.0)
0
3 4
#(0.972164686830543, 0.9814431245536953, 1.0)
#(0.8058733588200554, 0.8705822392133703, 1.0)
0
0 4
1
1 4
#0.81234965753071
#0.81234965753071
2
1 0
#0.8123496575307092
0
1 0
#(1.0095556363240255, 1.006370424216017, 1.0)
#(1.3814971865486663, 1.254331457699111, 1.0)
0
1 0
#(0.9674908181438577, 0.9783272120959051, 1.0)
#(1.9139492271976315, 1.609299484798421, 1.0)
#(1.1978457748447764, 1.131897183229851, 1.0)
3
3 0
#(0.7499556155549902, 0.8333037437033268, 1.0)
#(1.0688287892142618, 1.0458858594761746, 1.0)
0
3 0
#(1.7498964362949774, 1.499930957529985, 1.0)
#(1.2499260259249838, 1.166617350616656, 1.0)
2
4 0
#(1.0936852726843609, 1.0624568484562407, 1.0)
#(1.0936852726843609, 1.0624568484562407, 1.0)
0
4 0
#(0.9417845403670886, 0.9611896935780591, 1.0)
#(1.254521342196767, 1.1696808947978445, 1.0)
2
3 6
#(1.2499260259249838, 1.166617350616656, 1.0)
#(2.251704973173684, 1.8344699821157893, 1.0)
4
3 6
#(0.8886192840560433, 0.9257461893706956, 1.0)
#(0.6692700922396836, 0.7795133948264557, 1.0)
0
1 6
#0.8157668949418618
#0.8157668949418618
#0.8157668949418618
#(1.1197253982244648, 1.0798169321496431, 1.0)
3
1 0
#(0.8867718427170493, 0.9245145618113663, 1.0)
#(1.1691118432143168, 1.1127412288095446, 1.0)
#(4.101319772566353, 3.0675465150442354, 1.0)
#(1.4722686363058703, 1.314845757537247, 1.0)
3
1 6
#(0.8506441009767252, 0.9004294006511501, 1.0)
#1.084842959585288
#(0.8593241428234265, 0.9062160952156176, 1.0)
0
1 5
#(0.9307959767526476, 0.953863984501765, 1.0)
#0.978691283252358
#(0.7595036615863617, 0.8396691077242412, 1.0)
3
3 5
#0.978691283252358
#(1.1848257120747243, 1.1232171413831495, 1.0)
#(0.8623287726934384, 0.9082191817956256, 1.0)
0
3 5
#(2.343611298609345, 1.8957408657395634, 1.0)
#(2.1873705453687218, 1.7915803635791478, 1.0)
3
3 5
#(0.6935565143852044, 0.7957043429234695, 1.0)
#(0.7812037662031149, 0.8541358441354099, 1.0)
0
3 3
#0.9101169256696295
#(1.23390133328492, 1.1559342221899467, 1.0)
0
3 3
#0.9101169256696295
#(0.8412963636033546, 0.8941975757355697, 1.0)
0
3 3
#(2.6560928050905908, 2.1040618700603937, 1.0)
#(1.0936852726843609, 1.0624568484562407, 1.0)
#(2.0722457798229996, 1.7148305198819997, 1.0)
1
5 3
#0.9101169256696295
#0.9101169256696295
#(1.0936852726843609, 1.0624568484562407, 1.0)
#0.9101169256696295
2
5 0
#(2.1873705453687218, 1.7915803635791478, 1.0)
2
5 3
#(0.7655796908790526, 0.8437197939193685, 1.0)
#(0.8749482181474887, 0.9166321454316592, 1.0)
0
5 7
#(1.5676155575142507, 1.378410371676167, 1.0)
#(1.312422327221233, 1.208281551480822, 1.0)
3
3 7
#(0.7421435778929591, 0.8280957185953062, 1.0)
#(1.3020062770051914, 1.201337518003461, 1.0)
#(1.1620406022271335, 1.1080270681514224, 1.0)
#1.0661929193146518
0
3 5
#(1.46963958516961, 1.31309305677974, 1.0)
#(1.415357411709173, 1.2769049411394486, 1.0)
1
3 5
#(0.7456945041029733, 0.8304630027353156, 1.0)
#(1.0499378617769863, 1.0332919078513243, 1.0)
#(1.4374149298137315, 1.2916099532091543, 1.0)
3
5 6
#(1.5038172499409963, 1.335878166627331, 1.0)
#0.9257250605238904
1
3 2
#0.850534810994102
#0.850534810994102
#0.850534810994102
0
5 2
#0.8505348109941018
#0.8505348109941018
3
5 0
#(0.9114043939036341, 0.9409362626024228, 1.0)
#(1.8228087878072683, 1.5485391918715123, 1.0)
4
5 4
#(1.055971987419383, 1.0373146582795887, 1.0)
#(2.132686281734504, 1.7551241878230026, 1.0)
3
5 4
#(1.2987512613126786, 1.1991675075417858, 1.0)
#(0.7812037662031148, 0.8541358441354099, 1.0)
#(0.9196898883936672, 0.9464599255957781, 1.0)
0
3 4
0
3 4
#(1.4464869735502839, 1.297657982366856, 1.0)
3
3 4
#(0.9492362744052945, 0.9661575162701963, 1.0)
#(2.1873705453687218, 1.7915803635791478, 1.0)
#(1.3814971865486663, 1.254331457699111, 1.0)
#(1.7772385681120864, 1.5181590454080576, 1.0)
2
3 1
#(0.7030833895828035, 0.8020555930552024, 1.0)
#(1.0274013167640965, 1.0182675445093976, 1.0)
#(0.9114043939036341, 0.9409362626024228, 1.0)
#0.7976181317358066
0
3 1
#0.7976181317358066
0
3 1
#(2.119015215825949, 1.7460101438839661, 1.0)
#(1.2152058585381789, 1.143470572358786, 1.0)
#0.7976181317358066
1
3 1
#(1.1887883398743053, 1.1258588932495368, 1.0)
#(1.1931112065647573, 1.1287408043765048, 1.0)
0
3 1
#(1.3239348037758054, 1.2159565358505369, 1.0)
0
3 1
#(1.1374326835917352, 1.0916217890611568, 1.0)
#0.7976181317358068
#(1.2152058585381786, 1.1434705723587857, 1.0)
#0.7976181317358068
2
3 0
#(1.9139492271976315, 1.609299484798421, 1.0)
#(2.1873705453687218, 1.7915803635791478, 1.0)
4
3 1
#(0.8964633382658695, 0.930975558843913, 1.0)
#(1.9496128773938608, 1.6330752515959073, 1.0)
#(1.0311889713881117, 1.0207926475920746, 1.0)
3
3 1
#(1.0936852726843609, 1.0624568484562407, 1.0)
#0.9393690897500957
#(0.9743741520278851, 0.9829161013519233, 1.0)
3
3 0
#(1.0936852726843609, 1.0624568484562407, 1.0)
#(1.0936852726843609, 1.0624568484562407, 1.0)
#(1.0293508448793984, 1.019567229919599, 1.0)
0
3 3
#0.9290632025800225
#(1.325679118405286, 1.2171194122701907, 1.0)
#(1.203053799952797, 1.1353691999685314, 1.0)
#(1.039001009050143, 1.0260006727000952, 1.0)
0
3 3
#(0.7898838080498162, 0.8599225386998773, 1.0)
0
3 3
#(2.1873705453687218, 1.7915803635791478, 1.0)
#(0.9569746135988159, 0.9713164090658774, 1.0)
#(1.5038172499409963, 1.335878166627331, 1.0)
1
3 3
#(0.6835532954277256, 0.7890355302851505, 1.0)
#(0.5468426363421804, 0.6978950908947871, 1.0)
#(1.2152058585381789, 1.143470572358786, 1.0)
0
3 3
#(1.2499260259249838, 1.166617350616656, 1.0)
#(1.7498964362949774, 1.499930957529985, 1.0)
#(0.8149027521961905, 0.8766018347974603, 1.0)
#(0.9114043939036341, 0.9409362626024228, 1.0)
2
3 3
#0.9290632025800227
#(1.7967686622671644, 1.5311791081781096, 1.0)
2
3 3
#(1.0936852726843609, 1.0624568484562407, 1.0)
#(1.4582470302458146, 1.3054980201638764, 1.0)
#(0.5468426363421804, 0.6978950908947871, 1.0)
3
3 3
#(1.4354619203982237, 1.2903079469321492, 1.0)
#(1.0936852726843609, 1.0624568484562407, 1.0)
2
5 3
#(0.894833404923568, 0.929888936615712, 1.0)
#(0.9624430399622377, 0.9749620266414918, 1.0)
#0.9290632025800225
0
5 3
#(1.0238755744279124, 1.0159170496186083, 1.0)
0
5 3
#(1.1665976241966516, 1.1110650827977677, 1.0)
#(0.7630362367565309, 0.8420241578376872, 1.0)
0
5 3
#0.9290632025800227
0
5 3
#(0.80418034756203, 0.8694535650413533, 1.0)
#(1.4582470302458146, 1.3054980201638764, 1.0)
2
5 0
#(0.9620902382613716, 0.974726825507581, 1.0)
#0.9290632025800225
0
5 3
#(0.9000624725572778, 0.9333749817048519, 1.0)
#(2.761555313528011, 2.174370209018674, 1.0)
3
5 3
#(1.1835237057977193, 1.1223491371984795, 1.0)
#(0.6025211593152024, 0.735014106210135, 1.0)
#0.9290632025800227
0
5 3
0
5 3
0
5 3
#(1.6569331881168068, 1.437955458744538, 1.0)
#(1.6144477217548372, 1.409631814503225, 1.0)
#(1.255252415240005, 1.1701682768266701, 1.0)
#(1.2887258129797385, 1.1924838753198257, 1.0)
1
5 2
#(1.1046221254112045, 1.0697480836074698, 1.0)
#(1.1046221254112045, 1.0697480836074698, 1.0)
0
5 6
#(0.9771657263252963, 0.9847771508835308, 1.0)
#(0.6252578068365309, 0.7501718712243539, 1.0)
#(1.211521040773579, 1.141014027182386, 1.0)
0
5 6
#(1.6224137466977067, 1.414942497798471, 1.0)
#(1.2320785244971129, 1.1547190163314085, 1.0)
3
3 6
#(2.595861994716331, 2.0639079964775537, 1.0)
#(0.9468189646381753, 0.9645459764254501, 1.0)
#(0.8284665940584034, 0.8856443960389356, 1.0)
#(2.0171360550987214, 1.6780907033991477, 1.0)
1
3 3
#0.8393000302816778
#(1.1046221254112045, 1.0697480836074698, 1.0)
#(1.0651713352179473, 1.0434475568119648, 1.0)
1
3 0
#0.8393000302816778
#0.8393000302816778
#(1.1526491743421265, 1.1017661162280843, 1.0)
0
5 3
#(2.294215183546348, 1.862810122364232, 1.0)
#0.9061807886168634
1
5 3
#(0.8514795550044701, 0.9009863700029802, 1.0)
#0.9061807886168634
#(1.0520210718201948, 1.0346807145467964, 1.0)
0
3 3
#0.9061807886168627
0
3 3
#(1.0237961162347748, 1.01586407748985, 1.0)
#(1.0125702816269375, 1.0083801877512917, 1.0)
0
3 0
#(0.6568023448390946, 0.771201563226063, 1.0)
#(1.3807776567640058, 1.2538517711760038, 1.0)
#0.8648819367494176
0
3 0
#(0.8570344076466242, 0.9046896050977494, 1.0)
#(1.8410368756853408, 1.560691250456894, 1.0)
#(1.725972070955007, 1.4839813806366713, 1.0)
#0.8648819367494174
2
3 0
#(1.1799372703256048, 1.11995818021707, 1.0)
#(1.963772667397697, 1.6425151115984644, 1.0)
#0.8648819367494176
4
3 0
#(2.7615553135280115, 2.1743702090186745, 1.0)
#0.8255466419421236
#(1.0762984811698915, 1.050865654113261, 1.0)
1
3 7
#0.8866415770695973
#0.8866415770695973
0
3 6
#(1.1046221254112045, 1.0697480836074698, 1.0)
#0.8275921679139698
#0.8275921679139698
0
3 6
#(1.1966739691954715, 1.1311159794636476, 1.0)
#(1.1046221254112045, 1.0697480836074698, 1.0)
#0.8275921679139698
0
3 6
#(1.5022860905592381, 1.3348573937061587, 1.0)
#(0.8636136616851235, 0.909075774456749, 1.0)
#(1.5322177868607032, 1.3548118579071353, 1.0)
3
5 6
#(0.9141700348230658, 0.9427800232153771, 1.0)
#(2.7615553135280115, 2.1743702090186745, 1.0)
#(2.209244250822409, 1.806162833881606, 1.0)
2
5 6
#(4.05028112650775, 3.0335207510051667, 1.0)
#(1.3623672880071522, 1.2415781920047682, 1.0)
#(2.079288706656385, 1.71952580443759, 1.0)
1
0 4
#(1.1046221254112045, 1.0697480836074698, 1.0)
0
1 0
#0.8415211084603768
#(0.7919932219929391, 0.8613288146619594, 1.0)
#0.8415211084603768
3
1 0
#0.7632704464056608
#(1.4628779498688924, 1.3085852999125949, 1.0)
#(0.8591505419864924, 0.9061003613243283, 1.0)
3
0 2
#(0.8975054768966036, 0.9316703179310691, 1.0)
0
0 2
#0.806307619498349
#(1.8115802856743755, 1.541053523782917, 1.0)
#(1.1046221254112045, 1.0697480836074698, 1.0)
2
0 2
#0.806307619498349
#(1.1758880689861209, 1.1172587126574138, 1.0)
#(0.745619934652563, 0.8304132897683753, 1.0)
#(1.4295109858262647, 1.2863406572175098, 1.0)
4
2 1
#(0.9141700348230658, 0.9427800232153771, 1.0)
#0.7807029246942614
0
4 5
0
2 5
#(0.8695961412811609, 0.9130640941874407, 1.0)
#(0.8908242946864553, 0.9272161964576369, 1.0)
#(3.715547149110415, 2.81036476607361, 1.0)
4
4 5
#(0.7664724951832848, 0.8443149967888566, 1.0)
#(0.855191322898997, 0.9034608819326646, 1.0)
0
4 5
#0.8367175944044611
0
4 5
#0.8367175944044611
#(1.1046221254112045, 1.0697480836074698, 1.0)
0
1 5
#0.8367175944044609
#(1.1046221254112045, 1.0697480836074698, 1.0)
#(1.4728295005482728, 1.3152196670321818, 1.0)
4
4 3
#(1.8250278593750335, 1.550018572916689, 1.0)
#(1.0520210718201948, 1.0346807145467964, 1.0)
3
1 3
#0.8294774504002481
#(1.8410368756853408, 1.560691250456894, 1.0)
2
1 5
#0.8120722949042576
#(1.6569331881168068, 1.437955458744538, 1.0)
#(1.6569331881168068, 1.437955458744538, 1.0)
3
1 5
#0.8120722949042576
#(0.8644868807565949, 0.9096579205043965, 1.0)
1
1 0
#(0.9573391753563772, 0.9715594502375847, 1.0)
#(1.767395400657927, 1.5115969337719513, 1.0)
#(0.7684327828947509, 0.8456218552631674, 1.0)
2
2 3
#0.9589671640519413
#(1.5022860905592381, 1.3348573937061587, 1.0)
#(1.4202284469572628, 1.2801522979715085, 1.0)
2
2 0
#(0.8060756050297979, 0.8707170700198653, 1.0)
#(1.7183010839729849, 1.4788673893153232, 1.0)
#(5.02100966096002, 3.68067310730668, 1.0)
4
4 2
#(1.578031607730292, 1.385354405153528, 1.0)
#(1.6569331881168068, 1.437955458744538, 1.0)
#(0.9429701070583453, 0.9619800713722301, 1.0)
2
4 7
#(0.8921947936013576, 0.928129862400905, 1.0)
#(0.8836977003289637, 0.9224651335526425, 1.0)
#(2.209244250822409, 1.806162833881606, 1.0)
3
1 0
#0.9766418539418394
0
2 6
#0.9117434504188071
#(0.8284665940584034, 0.8856443960389356, 1.0)
#(1.1046221254112045, 1.0697480836074698, 1.0)
#(0.8703083412330702, 0.9135388941553803, 1.0)
0
0 4
0
0 4
#(0.9468189646381753, 0.9645459764254501, 1.0)
#0.8633392433099915
0
0 4
#(0.8284665940584034, 0.8856443960389356, 1.0)
#(0.8560821471936835, 0.904054764795789, 1.0)
0
0 4
#(1.1046221254112045, 1.0697480836074698, 1.0)
#(1.063710194840419, 1.0424734632269461, 1.0)
0
0 4
#(0.6136789585617802, 0.7424526390411869, 1.0)
#(1.1643314294874858, 1.1095542863249905, 1.0)
2
1 4
#(1.6569331881168068, 1.437955458744538, 1.0)
#(0.8799532185479086, 0.9199688123652724, 1.0)
3
2 4
#0.8633392433099916
#0.8633392433099916
#0.8633392433099916
#(1.159853231681765, 1.1065688211211766, 1.0)
2
2 0
#(2.7001874176718332, 2.133458278447889, 1.0)
3
1 3
#(0.7557940858076663, 0.8371960572051108, 1.0)
#(0.7364147502741364, 0.8242765001827577, 1.0)
#(0.7364147502741364, 0.8242765001827577, 1.0)
1
5 2
#(0.7779029052191581, 0.8519352701461053, 1.0)
#0.872699230475072
0
5 2
#(1.4944887579092767, 1.3296591719395179, 1.0)
#(0.7101142234786314, 0.806742815652421, 1.0)
2
2 2
#(1.0464841188106149, 1.03098941254041, 1.0)
#(1.1046221254112045, 1.0697480836074698, 1.0)
#(1.147107591773174, 1.0980717278487826, 1.0)
0
3 1
#(1.6994186544787762, 1.4662791029858508, 1.0)
#0.8450088462109959
3
4 1
#(1.1440729156044618, 1.0960486104029745, 1.0)
#(1.9146783507127545, 1.6097855671418362, 1.0)
4
4 0
#(0.7650297234276456, 0.8433531489517637, 1.0)
#0.8450088462109959
#(0.9031600901576372, 0.9354400601050914, 1.0)
#(0.8925346773322532, 0.9283564515548356, 1.0)
0
5 1
#(1.1156683466653166, 1.077112231110211, 1.0)
#(1.7850693546645064, 1.5233795697763377, 1.0)
3
3 1
#(1.673502519997975, 1.44900167999865, 1.0)
#(1.5061522679981774, 1.3374348453321183, 1.0)
#(1.6735025199979747, 1.4490016799986496, 1.0)
1
5 1
#(0.976209803332152, 0.9841398688881013, 1.0)
#(1.4875577955537553, 1.3250385303691703, 1.0)
3
3 1
#(0.7995623151101435, 0.8663748767400957, 1.0)
#(1.009414218411477, 1.0062761456076512, 1.0)
#(1.0771970243665125, 1.0514646829110084, 1.0)
0
5 1
#0.8450088462109957
#0.8450088462109957
3
3 1
#(1.4395720602133115, 1.2930480401422078, 1.0)
#(3.34700503999595, 2.5646700266639666, 1.0)
#(1.1700911928441124, 1.1133941285627416, 1.0)
#(0.9187856972537901, 0.9458571315025267, 1.0)
2
4 1
#(0.7437788977768778, 0.8291859318512519, 1.0)
#(0.8009926591443298, 0.8673284394295532, 1.0)
0
4 1
#0.8450088462109955
0
4 1
#0.8450088462109955
#(2.0453919688864137, 1.696927979257609, 1.0)
#(2.231336693330633, 1.8208911288870888, 1.0)
3
2 1
#(1.4473535308090595, 1.2982356872060397, 1.0)
#(0.7437788977768778, 0.8291859318512519, 1.0)
1
3 1
#(1.1156683466653166, 1.077112231110211, 1.0)
#(1.9338251342198822, 1.6225500894799214, 1.0)
3
2 5
#0.8416208555285168
#(0.6890892729403425, 0.7927261819602283, 1.0)
0
4 1
#(0.763352026665743, 0.8422346844438287, 1.0)
#(1.6037732483313925, 1.4025154988875947, 1.0)
4
4 1
#0.8319715116141726
#(1.4255762207390155, 1.283717480492677, 1.0)
#(1.0298477046141383, 1.0198984697427589, 1.0)
3
2 1
#(0.9982295733321254, 0.9988197155547502, 1.0)
#(1.1993434726652152, 1.132895648443477, 1.0)
#(1.0077004421493183, 1.0051336280995455, 1.0)
0
2 1
#(0.7644394227151243, 0.8429596151434162, 1.0)
#(1.9524196066643038, 1.634946404442869, 1.0)
#0.8319715116141726
#0.8319715116141726
2
3 1
#(0.7140277418658026, 0.8093518279105352, 1.0)
#(0.7074970003243471, 0.8049980002162315, 1.0)
#(1.1156683466653166, 1.077112231110211, 1.0)
0
5 0
#(1.2086407088874263, 1.139093805924951, 1.0)
#(1.1156683466653166, 1.077112231110211, 1.0)
#(2.7333874493300256, 2.1555916328866838, 1.0)
1
0 7
#(1.0041015119987848, 1.0027343413325231, 1.0)
#(1.020039631236861, 1.0133597541579074, 1.0)
0
1 4
#(1.1156683466653166, 1.077112231110211, 1.0)
0
5 0
#(1.1268250301319698, 1.0845500200879798, 1.0)
#(0.6952750185920664, 0.796850012394711, 1.0)
#(0.8685942940600601, 0.9123961960400401, 1.0)
0
2 5
#0.8009543486355298
#(1.267678158898466, 1.1784521059323108, 1.0)
2
2 0
1
0 3
#(0.9051545324010906, 0.9367696882673937, 1.0)
#(1.8310906739644508, 1.554060449309634, 1.0)
#(0.8275121315031653, 0.8850080876687768, 1.0)
2
5 6
#(1.0585326040633656, 1.0390217360422438, 1.0)
#0.901718115455763
#(0.7361923530195537, 0.824128235346369, 1.0)
#(1.6902375451979545, 1.460158363465303, 1.0)
4
1 1
#(2.2536500602639395, 1.8357667068426264, 1.0)
#(0.8451187725989773, 0.8967458483993181, 1.0)
#(1.1861316106652313, 1.1240877404434875, 1.0)
1
3 1
#(1.2975560953034804, 1.1983707302023203, 1.0)
#(0.7887775210923789, 0.8591850140615859, 1.0)
#(3.2071173934525294, 2.4714115956350198, 1.0)
#(0.9014600241055758, 0.9343066827370506, 1.0)
3
1 1
#(1.097171739865339, 1.064781159910226, 1.0)
0
3 3
#(1.983212053032267, 1.6554747020215113, 1.0)
#(2.2536500602639395, 1.8357667068426264, 1.0)
#(1.3599612432627222, 1.239974162175148, 1.0)
2
0 3
#(1.2019466988074343, 1.1346311325382896, 1.0)
0
5 3
#(0.8707284323747039, 0.9138189549164691, 1.0)
#(0.9219477519261571, 0.9479651679507715, 1.0)
3
4 3
#(0.9598879886309372, 0.9732586590872915, 1.0)
2
3 3
#(1.2878000344365368, 1.191866689624358, 1.0)
#(0.7633330849281086, 0.8422220566187391, 1.0)
2
0 3
#(1.2248098153608367, 1.1498732102405578, 1.0)
#(0.7512166867546465, 0.8341444578364309, 1.0)
0
0 3
#(1.4341409474406888, 1.2894272982937924, 1.0)
#(0.8451187725989773, 0.8967458483993181, 1.0)
#(2.8170625753299245, 2.21137505021995, 1.0)
4
0 3
#(1.8310906739644508, 1.554060449309634, 1.0)
#(1.2073125322842535, 1.138208354856169, 1.0)
2
0 3
0
0 3
#(0.8263383554301112, 0.8842255702867409, 1.0)
0
0 3
#(0.8853625236751191, 0.9235750157834127, 1.0)
#(3.3804750903959095, 2.586983393597273, 1.0)
3
0 3
#(1.2770683674828989, 1.1847122449885992, 1.0)
#(1.5153853853498904, 1.343590256899927, 1.0)
#0.8714715750431792
2
0 3
#(1.1268250301319698, 1.0845500200879798, 1.0)
#(0.7726800206619221, 0.8484533471079482, 1.0)
#(0.7100541285763097, 0.8067027523842064, 1.0)
0
4 3
#(1.329075676565913, 1.2193837843772755, 1.0)
0
0 6
#0.8633266102573054
0
0 6
#(0.9549364662135337, 0.9699576441423557, 1.0)
#(1.1268250301319698, 1.0845500200879798, 1.0)
#(1.1268250301319698, 1.0845500200879798, 1.0)
0
0 6
#(0.9014600241055758, 0.9343066827370506, 1.0)
#(0.9457281502893318, 0.9638187668595545, 1.0)
0
0 6
#(1.1831662816385682, 1.1221108544257121, 1.0)
#(0.8853625236751191, 0.9235750157834127, 1.0)
#(1.1268250301319698, 1.0845500200879798, 1.0)
0
0 6
#(0.9658500258274026, 0.9772333505516017, 1.0)
#(1.3521900361583639, 1.2347933574389092, 1.0)
#(1.2520278112577443, 1.1680185408384962, 1.0)
0
0 6
#(1.032922944287639, 1.0219486295250928, 1.0)
#(2.2536500602639395, 1.8357667068426264, 1.0)
#(0.5835343906040558, 0.7223562604027038, 1.0)
2
1 6
#(1.6526767108602225, 1.4351178072401485, 1.0)
4
4 6
#(0.9658500258274026, 0.9772333505516017, 1.0)
#(1.3658485213720846, 1.2438990142480564, 1.0)
0
4 6
#0.8633266102573054
#(1.0778326375175364, 1.0518884250116909, 1.0)
0
4 6
#0.8633266102573054
#(1.1268250301319698, 1.0845500200879798, 1.0)
0
4 6
#(1.0366790277214122, 1.0244526851476081, 1.0)
#(1.2433931366973459, 1.162262091131564, 1.0)
0
2 0
#(1.7528389357608418, 1.5018926238405612, 1.0)
3
2 0
0
0 1
#(1.1380932804332895, 1.0920621869555263, 1.0)
#(1.8075599159822833, 1.5383732773215222, 1.0)
3
0 3
#(0.9755085260856767, 0.9836723507237846, 1.0)
#(1.2932878186741925, 1.1955252124494617, 1.0)
#(1.1380932804332895, 1.0920621869555263, 1.0)
0
0 5
#(0.8411993811898226, 0.894132920793215, 1.0)
#(0.9694868685172466, 0.9796579123448311, 1.0)
0
0 5
0
0 5
#(0.9311672294454186, 0.9541114862969456, 1.0)
#(1.1380932804332895, 1.0920621869555263, 1.0)
0
0 5
#(0.8873269644056155, 0.9248846429370771, 1.0)
#(1.2256389173896964, 1.1504259449264642, 1.0)
0
0 5
#(2.987494861137385, 2.32499657409159, 1.0)
#(0.8851836625592251, 0.9234557750394834, 1.0)
#(0.8159914086125473, 0.8773276057416982, 1.0)
1
2 5
#(0.8061494069735801, 0.8707662713157202, 1.0)
#(1.3006780347809024, 1.2004520231872682, 1.0)
#(1.1380932804332895, 1.0920621869555263, 1.0)
0
2 5
#(1.1380932804332895, 1.0920621869555263, 1.0)
0
2 5
#(0.7222515048903568, 0.8148343365935712, 1.0)
#(0.8346017389844123, 0.8897344926562748, 1.0)
0
2 5
#(1.7370897438192314, 1.491393162546154, 1.0)
#(1.5933305926066053, 1.3955537284044037, 1.0)
1
4 5
#(1.1380932804332895, 1.0920621869555263, 1.0)
#(1.4226166005416119, 1.2817444003610745, 1.0)
#(1.1748059668988795, 1.1165373112659196, 1.0)
3
1 5
#(0.8754563695640689, 0.9169709130427126, 1.0)
#(0.812923771738064, 0.8752825144920426, 1.0)
1
2 2
#(0.9649051725412672, 0.9766034483608448, 1.0)
#(1.1623080310808063, 1.1082053540538708, 1.0)
#(1.066962450406209, 1.0446416336041393, 1.0)
0
1 0
#(1.1380932804332895, 1.0920621869555263, 1.0)
0
5 1
#(0.7983639429905165, 0.8655759619936777, 1.0)
#(1.8968221340554825, 1.597881422703655, 1.0)
4
5 2
#(1.2070686307625798, 1.13804575384172, 1.0)
#(0.758728853622193, 0.839152569081462, 1.0)
0
1 0
#0.8944162750615817
0
1 0
#(0.9484110670277413, 0.9656073780184942, 1.0)
#(1.3006780347809024, 1.2004520231872682, 1.0)
#(1.1380932804332895, 1.0920621869555263, 1.0)
0
1 0
#(1.1380932804332895, 1.0920621869555263, 1.0)
0
1 0
#(0.9018852410980784, 0.9345901607320523, 1.0)
#(1.4957797399980377, 1.3305198266653584, 1.0)
4
2 0
#(1.5786455180203691, 1.385763678680246, 1.0)
#(1.5519453824090312, 1.3679635882726877, 1.0)
3
5 0
#(1.463262789128515, 1.30884185941901, 1.0)
#(1.9389737370344933, 1.6259824913563288, 1.0)
4
4 0
#(7.58728853622193, 5.39152569081462, 1.0)
#(1.0596040886792695, 1.039736059119513, 1.0)
#(1.20922411046037, 1.1394827403069134, 1.0)
1
3 0
#(0.8277042039514833, 0.8851361359676555, 1.0)
#(1.7509127391281376, 1.500608492752092, 1.0)
3
3 6
#(1.1979929267718836, 1.131995284514589, 1.0)
0
1 3
#(1.1380932804332895, 1.0920621869555263, 1.0)
0
5 3
#(1.2694117358679, 1.1796078239119334, 1.0)
0
2 3
#(1.1380932804332895, 1.0920621869555263, 1.0)
0
0 3
#(1.2519026084766185, 1.1679350723177457, 1.0)
#(1.1380932804332895, 1.0920621869555263, 1.0)
0
0 3
#(1.0505476434768826, 1.0336984289845883, 1.0)
#(0.9755085260856767, 0.9836723507237846, 1.0)
#(1.2256389173896964, 1.1504259449264642, 1.0)
#(1.4226166005416119, 1.2817444003610745, 1.0)
4
0 3
#(0.758728853622193, 0.839152569081462, 1.0)
#(0.9958316203791283, 0.9972210802527522, 1.0)
#(0.9484110670277413, 0.9656073780184942, 1.0)
0
0 3
#(0.8754563695640688, 0.9169709130427126, 1.0)
0
0 3
#0.7468143612717107
4
1 3
#(1.7071399206499343, 1.4714266137666228, 1.0)
4
2 3
#(4.805282739607223, 3.5368551597381486, 1.0)
1
3 3
#(1.2719866075430883, 1.1813244050287255, 1.0)
#(2.6555509876776755, 2.1037006584517837, 1.0)
#(0.9877790735836098, 0.9918527157224065, 1.0)
3
0 4
#0.7220325656620203
#(1.1380932804332895, 1.0920621869555263, 1.0)
#(1.1380932804332895, 1.0920621869555263, 1.0)
1
0 0
#(1.0988486845562795, 1.0658991230375197, 1.0)
#(1.8968221340554825, 1.597881422703655, 1.0)
4
3 0
#(1.2803549404874508, 1.1869032936583006, 1.0)
#(1.934758576736592, 1.6231723844910615, 1.0)
3
1 0
#(0.6909852059773544, 0.7939901373182362, 1.0)
#(0.758728853622193, 0.839152569081462, 1.0)
4
2 2
#0.8383902273429572
0
0 2
0
0 2
#0.8383902273429572
#(2.023276942992515, 1.6821846286616766, 1.0)
#0.8383902273429572
3
2 2
#(1.3131845543461034, 1.2087897028974022, 1.0)
#(0.8204858533356273, 0.8803239022237515, 1.0)
#(2.023276942992515, 1.6821846286616766, 1.0)
4
5 2
#(1.1380932804332895, 1.0920621869555263, 1.0)
#(1.1380932804332895, 1.0920621869555263, 1.0)
0
5 2
#(3.9833264815165133, 2.988884321011009, 1.0)
#(1.1380932804332895, 1.0920621869555263, 1.0)
#(1.1380932804332895, 1.0920621869555263, 1.0)
2
5 2
#0.838390227342957
#0.838390227342957
#(1.0458154468846443, 1.0305436312564296, 1.0)
0
0 7
#(0.872538181665522, 0.9150254544436813, 1.0)
#0.8062497314645436
#0.8062497314645436
0
4 7
#(0.812923771738064, 0.8752825144920426, 1.0)
0
3 7
#(1.4393532664303366, 1.2929021776202243, 1.0)
2
2 7
#(1.7071399206499343, 1.4714266137666228, 1.0)
#0.8062497314645436
#(0.758728853622193, 0.839152569081462, 1.0)
1
1 0
#0.7871506497896844
#(1.018293987756101, 1.0121959918374006, 1.0)
0
3 7
#(1.1380932804332895, 1.0920621869555263, 1.0)
0
2 7
#(0.8906816977304004, 0.9271211318202669, 1.0)
#(1.4226166005416119, 1.2817444003610745, 1.0)
#(1.1380932804332895, 1.0920621869555263, 1.0)
3
2 7
#(0.8659405394601115, 0.910627026306741, 1.0)
#(1.2645480893703216, 1.1763653929135478, 1.0)
#0.7815974990808896
0
0 7
#(0.7722775831511608, 0.8481850554341072, 1.0)
4
1 7
#(1.4675413352955575, 1.3116942235303717, 1.0)
#(1.707139920649934, 1.4714266137666225, 1.0)
4
1 7
#(0.9484110670277413, 0.9656073780184942, 1.0)
0
1 7
#(0.7015643509520278, 0.8010429006346852, 1.0)
#(1.663367102171731, 1.4422447347811538, 1.0)
#0.7815974990808896
#(1.219385657607096, 1.1462571050713974, 1.0)
2
1 7
#(1.517457707244386, 1.3449718048295907, 1.0)
2
1 5
#(4.2419840452513515, 3.1613226968342345, 1.0)
2
2 5
#0.7640308471638996
#0.7640308471638996
0
2 5
0
2 5
#(1.0622203950710702, 1.0414802633807134, 1.0)
#(1.1380932804332895, 1.0920621869555263, 1.0)
0
2 5
#(1.4226166005416119, 1.2817444003610745, 1.0)
#(1.5852013548892248, 1.3901342365928164, 1.0)
#(0.7649479425863093, 0.8432986283908729, 1.0)
2
3 5
#(1.2950716639413293, 1.1967144426275529, 1.0)
0
3 5
#(0.960266205365588, 0.9735108035770587, 1.0)
#(1.4317947721580093, 1.287863181438673, 1.0)
#0.7640308471638995
#(1.2548207963751652, 1.1698805309167768, 1.0)
2
4 5
#(1.1380932804332895, 1.0920621869555263, 1.0)
#(1.4226166005416119, 1.2817444003610745, 1.0)
3
5 5
#(1.0646679075021097, 1.0431119383347398, 1.0)
#(1.1103349077397946, 1.073556605159863, 1.0)
#0.7640308471638995
#(1.6554084079029665, 1.4369389386019777, 1.0)
4
4 5
#(1.517457707244386, 1.3449718048295907, 1.0)
#(1.2803549404874506, 1.1869032936583004, 1.0)
#0.7640308471638996
1
5 6
#0.7629220233581308
#(1.643912516181418, 1.429275010787612, 1.0)
#(1.0488310623600903, 1.0325540415733936, 1.0)
3
1 6
#(1.2950716639413293, 1.1967144426275529, 1.0)
#(1.0622203950710702, 1.0414802633807134, 1.0)
0
2 6
#0.7629220233581308
#(1.317792219449072, 1.2118614796327147, 1.0)
0
3 6
#(0.8772802370006607, 0.9181868246671071, 1.0)
#(1.1380932804332895, 1.0920621869555263, 1.0)
0
4 5
#(0.9328633446174504, 0.9552422297449669, 1.0)
#0.7538804467623355
#(1.1036056052686443, 1.0690704035124294, 1.0)
#(2.1563872681893903, 1.7709248454595936, 1.0)
4
1 5
#0.7538804467623355
2
2 5
#(1.643912516181418, 1.429275010787612, 1.0)
#(0.7759726912045156, 0.8506484608030105, 1.0)
#0.7538804467623355
1
3 5
#(1.1380932804332895, 1.0920621869555263, 1.0)
#0.7538804467623355
0
3 5
#0.7538804467623355
#(1.9657974843847728, 1.6438649895898483, 1.0)
3
2 5
#(1.3819704119547087, 1.2546469413031391, 1.0)
0
0 0
#(0.9484110670277411, 0.9656073780184942, 1.0)
#(1.6800424615919989, 1.4533616410613324, 1.0)
#(0.9630020065204759, 0.9753346710136506, 1.0)
3
3 6
#(1.2803549404874506, 1.1869032936583004, 1.0)
#(1.517457707244386, 1.3449718048295907, 1.0)
#(1.237057913514445, 1.15803860900963, 1.0)
3
1 0
#(1.707139920649934, 1.4714266137666225, 1.0)
#(0.6420013376803172, 0.7613342251202114, 1.0)
#(1.1380932804332895, 1.0920621869555263, 1.0)
1
4 2
#(1.1089114014478205, 1.0726076009652137, 1.0)
#0.8033171927257471
0
0 2
#(0.7917170646492449, 0.8611447097661632, 1.0)
1
1 2
#(0.790342555856451, 0.8602283705709673, 1.0)
#(3.8520080260819034, 2.9013386840546023, 1.0)
4
2 2
#(0.6774364764483866, 0.7849576509655911, 1.0)
#(0.5690466402166448, 0.7126977601444299, 1.0)
#(1.7427053356634745, 1.4951368904423166, 1.0)
#(0.7364132991038933, 0.8242755327359289, 1.0)
3
4 2
#(1.643912516181418, 1.429275010787612, 1.0)
#(1.1380932804332895, 1.0920621869555263, 1.0)
1
3 2
#(1.1875755969738673, 1.125050397982578, 1.0)
#(1.1380932804332895, 1.0920621869555263, 1.0)
0
0 2
#(0.872538181665522, 0.9150254544436813, 1.0)
#(2.774102371056143, 2.182734914037429, 1.0)
#(0.9149377352502915, 0.9432918235001942, 1.0)
#(0.727115151387935, 0.8180767675919567, 1.0)
2
1 6
#(1.1380932804332895, 1.0920621869555263, 1.0)
4
1 0
#(0.8851836625592252, 0.9234557750394835, 1.0)
#(1.6692034779688247, 1.4461356519792166, 1.0)
#(1.237057913514445, 1.15803860900963, 1.0)
#0.7682346946153817
2
2 0
0
5 0
#(0.8294578145530753, 0.8863052097020502, 1.0)
#0.7397526662378046
0
0 2
#(1.1639590368067734, 1.109306024537849, 1.0)
#0.7171153431416777
2
1 2
#(0.817092611593131, 0.8780617410620873, 1.0)
#(1.186522781728323, 1.1243485211522153, 1.0)
#(1.069807683607292, 1.0465384557381947, 1.0)
0
4 2
#0.7171153431416776
0
1 2
#(1.2694117358679, 1.1796078239119334, 1.0)
#(0.8641078610697198, 0.9094052407131464, 1.0)
0
1 2
#(9.67379288368296, 6.7825285891219735, 1.0)
#(1.2803549404874506, 1.1869032936583004, 1.0)
#(2.036587975512202, 1.691058650341468, 1.0)
1
1 2
#(1.2329343871360636, 1.1552895914240424, 1.0)
#(0.7730444923697815, 0.848696328246521, 1.0)
0
1 2
#(1.8803280285419566, 1.5868853523613045, 1.0)
#(0.6828559682599736, 0.788570645506649, 1.0)
#(1.8568890364964197, 1.57125935766428, 1.0)
#(0.9104746243466316, 0.9403164162310876, 1.0)
1
2 2
#(1.3413242233678055, 1.2275494822452038, 1.0)
#(0.9213136079698058, 0.9475424053132038, 1.0)
#(0.8411993811898226, 0.894132920793215, 1.0)
0
2 2
#(1.3277754938388378, 1.2185169958925586, 1.0)
#0.7171153431416778
0
2 2
#(1.0297034442015476, 1.0198022961343651, 1.0)
#(0.7752229591357189, 0.8501486394238126, 1.0)
0
2 2
#(1.6823987623796453, 1.4549325082530968, 1.0)
#(1.8968221340554825, 1.597881422703655, 1.0)
#0.7171153431416778
2
2 2
#(1.7509127391281376, 1.500608492752092, 1.0)
#0.7171153431416778
#(1.0906727270819025, 1.0604484847212683, 1.0)
1
0 0
0
0 2
#(1.1380932804332895, 1.0920621869555263, 1.0)
#(1.1380932804332895, 1.0920621869555263, 1.0)
0
0 2
#0.8090016924612011
#(1.1380932804332895, 1.0920621869555263, 1.0)
#(0.8535699603249671, 0.9023799735499781, 1.0)
3
3 2
#(1.3277754938388378, 1.2185169958925586, 1.0)
#(2.048567904779921, 1.6990452698532807, 1.0)
#(0.9009905136763542, 0.9339936757842361, 1.0)
#(0.7153729191294963, 0.8102486127529976, 1.0)
2
4 2
#(0.8942161489118704, 0.9294774326079137, 1.0)
#(1.0346302549393542, 1.0230868366262362, 1.0)
0
4 2
#(1.186522781728323, 1.1243485211522153, 1.0)
#0.8090016924612011
0
3 0
#(1.3450193314211603, 1.2300128876141068, 1.0)
#(0.9484110670277413, 0.9656073780184942, 1.0)
#(0.8820222923357994, 0.921348194890533, 1.0)
0
3 0
#(1.1380932804332895, 1.0920621869555263, 1.0)
#(0.7137195148479951, 0.8091463432319967, 1.0)
#0.7975653783004004
#(0.9958316203791282, 0.9972210802527521, 1.0)
0
3 0
#(1.5933305926066053, 1.3955537284044037, 1.0)
4
4 0
#(1.289839051157728, 1.193226034105152, 1.0)
#(0.7879107326076619, 0.8586071550717745, 1.0)
#(2.059406888403095, 1.7062712589353968, 1.0)
4
5 0
#(0.8454407226075864, 0.8969604817383909, 1.0)
#(1.6067199253175852, 1.4044799502117236, 1.0)
3
3 0
#(1.222396486391311, 1.148264324260874, 1.0)
#(0.853569960324967, 0.9023799735499779, 1.0)
0
5 4
#(4.267849801624836, 3.1785665344165572, 1.0)
#(1.3131845543461034, 1.2087897028974022, 1.0)
2
2 4
#(1.1380932804332895, 1.0920621869555263, 1.0)
#(0.7483353076821629, 0.8322235384547753, 1.0)
#(1.2519026084766185, 1.1679350723177457, 1.0)
0
1 4
#(1.9916632407582566, 1.6611088271721712, 1.0)
#(0.9800247692619993, 0.9866831795079994, 1.0)
#(2.560709880974901, 2.0404732539832673, 1.0)
#0.775546695899998
3
0 0
#(0.9958316203791283, 0.9972210802527522, 1.0)
#(2.2050557308394985, 1.8033704872263323, 1.0)
#0.7402473802823692
3
4 5
#(1.517457707244386, 1.3449718048295907, 1.0)
#(0.9104746243466316, 0.9403164162310876, 1.0)
#0.7524482780739037
1
0 5
#(1.092569549215958, 1.0617130328106386, 1.0)
#0.7524482780739038
#(1.1096409484224572, 1.0730939656149714, 1.0)
0
5 5
#(1.3413242233678055, 1.2275494822452038, 1.0)
#(0.8086452255710215, 0.872430150380681, 1.0)
#0.7524482780739038
0
1 5
#(0.9535376133359993, 0.9690250755573327, 1.0)
#(1.7071399206499343, 1.4714266137666228, 1.0)
2
4 5
#(0.8621918791161284, 0.9081279194107523, 1.0)
#(0.7410839965612118, 0.8273893310408079, 1.0)
#(35.280891693431975, 23.853927795621317, 1.0)
3
4 5
#0.7524482780739038
#(0.8374648667339301, 0.8916432444892868, 1.0)
#(1.0376732851009405, 1.025115523400627, 1.0)
0
0 5
#(3.239188567387055, 2.4927923782580366, 1.0)
1
2 5
#(1.1116259948418177, 1.0744173298945452, 1.0)
#0.7524482780739039
4
2 4
#(1.4331545012863645, 1.288769667524243, 1.0)
#(1.517457707244386, 1.3449718048295907, 1.0)
3
1 1
#(1.5864330575736763, 1.390955371715784, 1.0)
#(1.4226166005416119, 1.2817444003610745, 1.0)
#(0.7945179504911645, 0.8630119669941095, 1.0)
#(0.8241365134172096, 0.8827576756114731, 1.0)
1
3 1
#(0.9958316203791283, 0.9972210802527522, 1.0)
#0.7654301795869483
0
3 1
#(1.4753061042653752, 1.3168707361769167, 1.0)
#(0.8942161489118704, 0.9294774326079137, 1.0)
#0.7654301795869483
#(1.564878260595773, 1.3765855070638484, 1.0)
4
4 1
#(1.1380932804332895, 1.0920621869555263, 1.0)
#0.7654301795869483
#(1.0988486845562795, 1.0658991230375197, 1.0)
#(2.0865043474610308, 1.7243362316406872, 1.0)
4
4 1
#(2.782005796614708, 2.188003864409805, 1.0)
#(18.209492486932632, 12.472994991288422, 1.0)
4
1 7
#(1.7071399206499343, 1.4714266137666228, 1.0)
#0.7497873557950567
2
2 7
#(1.181866098911493, 1.1212440659409955, 1.0)
#(0.8851836625592252, 0.9234557750394835, 1.0)
0
0 7
#(0.8535699603249671, 0.9023799735499781, 1.0)
#(0.941115597281374, 0.9607437315209161, 1.0)
0
0 7
#(1.8968221340554825, 1.597881422703655, 1.0)
#(0.8277042039514833, 0.8851361359676555, 1.0)
#(1.39822888738947, 1.2654859249263133, 1.0)
#(1.0505476434768826, 1.0336984289845883, 1.0)
1
0 7
#(1.183617011650621, 1.122411341100414, 1.0)
#(1.066962450406209, 1.0446416336041393, 1.0)
0
0 7
#(1.315920355500991, 1.210613570333994, 1.0)
#(1.470037153892999, 1.3133581025953327, 1.0)
#(1.0505476434768826, 1.0336984289845883, 1.0)
3
2 7
#(1.1380932804332895, 1.0920621869555263, 1.0)
#(1.1380932804332895, 1.0920621869555263, 1.0)
#(1.0838983623174185, 1.0559322415449457, 1.0)
0
2 7
#0.7497873557950565
2
2 0
#(1.9657974843847728, 1.6438649895898483, 1.0)
#(0.8323368767347938, 0.8882245844898625, 1.0)
#(1.1380932804332895, 1.0920621869555263, 1.0)
1
5 4
#(3.319438734597094, 2.546292489731396, 1.0)
3
2 4
#(1.8968221340554825, 1.597881422703655, 1.0)
#(1.4226166005416119, 1.2817444003610745, 1.0)
#(1.053790074475268, 1.0358600496501786, 1.0)
1
2 5
#(1.517457707244386, 1.3449718048295907, 1.0)
#(0.6944297982304817, 0.7962865321536544, 1.0)
#(1.571652625360257, 1.3811017502401715, 1.0)
4
5 1
#(1.0568009032594832, 1.0378672688396555, 1.0)
#(0.9311672294454186, 0.9541114862969456, 1.0)
0
5 1
#(1.2645480893703216, 1.1763653929135478, 1.0)
#(1.066962450406209, 1.0446416336041393, 1.0)
#(1.517457707244386, 1.3449718048295907, 1.0)
3
3 7
#(1.1380932804332895, 1.0920621869555263, 1.0)
#(2.0175289971317407, 1.6783526647544937, 1.0)
#0.7931286016575525
2
5 7
#(1.4937474305686924, 1.3291649537124617, 1.0)
#(0.9828987421923864, 0.9885991614615909, 1.0)
#(1.1380932804332895, 1.0920621869555263, 1.0)
1
3 0
#0.7670841271544757
0
5 0
#(1.107334002583741, 1.071556001722494, 1.0)
0
4 0
#(1.1380932804332895, 1.0920621869555263, 1.0)
#(1.237057913514445, 1.15803860900963, 1.0)
2
1 0
#0.7670841271544758
#0.7670841271544758
#(1.1380932804332895, 1.0920621869555263, 1.0)
#(1.1380932804332895, 1.0920621869555263, 1.0)
0
4 5
#(1.5648782605957732, 1.3765855070638489, 1.0)
#0.7480106174666675
#(1.8745065795371827, 1.583004386358122, 1.0)
4
0 4
#(0.7786954024017243, 0.8524636016011495, 1.0)
0
4 4
#(0.6909852059773544, 0.7939901373182362, 1.0)
3
4 4
#(6.497188673332614, 4.656352260382041, 0.9746794344808963)
#(1.2479356293291302, 1.1568502310463855, 0.9746794344808963)
#(0.9243967624660223, 0.941157653137647, 0.9746794344808963)
#(2.2185522299184535, 1.8039279647726012, 0.9746794344808963)
1
4 4
#0.7632196580402424
#(1.3372596045091152, 1.2248397363394101, 1.0)
0
2 4
#(0.9160262988853306, 0.9440175325902205, 1.0)
#0.7632196580402424
0
0 4
#(0.9518598345442058, 0.9679065563628039, 1.0)
#(1.9916632407582566, 1.6611088271721712, 1.0)
4
0 4
#(0.821956258090709, 0.8813041720604726, 1.0)
3
0 4
#(0.7395174099728178, 0.8179047514755107, 0.9746794344808963)
#(0.9860232132970904, 0.9822419536916924, 0.9746794344808963)
4
1 4
#0.7632196580402425
#(0.8159914086125473, 0.8773276057416982, 1.0)
#(0.8535699603249671, 0.9023799735499781, 1.0)
#0.7632196580402425
0
1 4
#(1.707139920649934, 1.4714266137666225, 1.0)
#(1.3870511855280716, 1.2580341236853811, 1.0)
#(0.758728853622193, 0.839152569081462, 1.0)
1
1 4
#(1.1380932804332895, 1.0920621869555263, 1.0)
#(0.7649479425863093, 0.8432986283908729, 1.0)
#(1.219385657607096, 1.1462571050713974, 1.0)
0
1 4
#(1.9916632407582566, 1.6611088271721712, 1.0)
#0.7632196580402425
#(1.0080254769551993, 1.0053503179701329, 1.0)
1
2 4
#(1.1380932804332895, 1.0920621869555263, 1.0)
#(1.2519026084766185, 1.1679350723177457, 1.0)
#(1.3870511855280716, 1.2580341236853811, 1.0)
0
2 4
#0.7632196580402425
#(1.4393532664303366, 1.2929021776202243, 1.0)
#(0.7146167109697399, 0.8097444739798266, 1.0)
2
0 0
#(2.033672877425249, 1.680675063110465, 0.9746794344808963)
#(2.2185522299184535, 1.8039279647726012, 0.9746794344808963)
#0.7471301724193484
2
1 6
#0.765800010364355
#(1.5553941499254955, 1.370262766616997, 1.0)
#0.765800010364355
3
2 0
#(0.9311672294454186, 0.9541114862969456, 1.0)
#(1.066962450406209, 1.0446416336041393, 1.0)
#0.7464246374659903
#(1.0116384714962574, 1.007758980997505, 1.0)
3
2 0
#(1.8968221340554825, 1.597881422703655, 1.0)
#(1.4226166005416119, 1.2817444003610745, 1.0)
#(0.872538181665522, 0.9150254544436813, 1.0)
1
3 4
#(0.8703066262136919, 0.9135377508091279, 1.0)
0
3 4
0
#card_4_limit(800, 0.103)
#Score = 3630
