3 0
0
3 3
0
3 3
0
3 3
0
3 3
0
3 3
0
1 0
0
1 0
0
1 0
#0.8438684495310632
2
1 0
#(1.1111111111111112, 1.0740740740740742, 1.0)
0
1 3
0
1 3
#(1.027027027027027, 1.018018018018018, 1.0)
0
4 1
#(1.0, 1.0, 1.0)
0
2 0
#(1.0689655172413792, 1.0459770114942528, 1.0)
#(1.0, 1.0, 1.0)
0
0 0
#(1.5, 1.3333333333333333, 1.0)
#(0.9074074074074074, 0.9382716049382717, 1.0)
1
0 0
#(0.5168539325842697, 0.6779026217228464, 1.0)
#(1.2857142857142858, 1.1904761904761905, 1.0)
0
0 0
#(4.571428571428571, 3.380952380952381, 1.0)
1
0 0
#(0.8636363636363636, 0.9090909090909092, 1.0)
#0.7763160868271806
0
0 1
#(0.6086956521739131, 0.7391304347826088, 1.0)
0
0 1
#(1.65, 1.4333333333333333, 1.0)
1
1 1
#0.7331782781813025
0
1 1
#0.7331782781813023
0
1 1
#(2.875, 2.25, 1.0)
1
2 1
#(0.8636363636363636, 0.9090909090909092, 1.0)
#(1.0, 1.0, 1.0)
0
2 1
#0.7331782781813025
0
2 1
#(1.0909090909090908, 1.0606060606060606, 1.0)
#0.7331782781813025
0
2 1
#0.7331782781813025
0
2 1
#(1.0263157894736843, 1.0175438596491229, 1.0)
#(0.8703703703703703, 0.9135802469135802, 1.0)
0
2 1
#(0.6571428571428571, 0.7714285714285714, 1.0)
0
2 1
#(1.0, 1.0, 1.0)
#(0.75, 0.8333333333333334, 1.0)
0
2 1
#(1.4444444444444444, 1.2962962962962963, 1.0)
2
3 1
0
3 1
#(0.5614035087719298, 0.7076023391812866, 1.0)
0
3 1
#0.7331782781813021
#(1.1904761904761905, 1.126984126984127, 1.0)
0
0 0
#(1.0, 1.0, 1.0)
#(1.5, 1.3333333333333333, 1.0)
2
0 0
#(1.1538461538461537, 1.1025641025641024, 1.0)
0
1 0
#(1.0, 1.0, 1.0)
0
2 0
#0.6850790708621401
0
0 0
#(1.6, 1.4000000000000001, 1.0)
#(0.4782608695652174, 0.6521739130434783, 1.0)
1
0 0
#(0.9393939393939394, 0.9595959595959597, 1.0)
#(0.7916666666666666, 0.861111111111111, 1.0)
0
0 0
0
0 0
0
0 0
0
0 0
#(1.6666666666666667, 1.4444444444444446, 1.0)
2
1 0
#(1.1428571428571428, 1.0952380952380951, 1.0)
0
1 0
#(1.25, 1.1666666666666667, 1.0)
0
1 0
#(0.7142857142857143, 0.8095238095238096, 1.0)
#(0.75, 0.8333333333333334, 1.0)
0
1 0
0
1 0
#(1.0, 1.0, 1.0)
#(0.9411764705882353, 0.9607843137254902, 1.0)
0
1 0
#0.6850790708621407
0
1 0
0
1 0
#(0.75, 0.8333333333333334, 1.0)
#(2.5555555555555554, 2.0370370370370368, 1.0)
2
2 0
#(1.5185185185185186, 1.345679012345679, 1.0)
#0.6850790708621385
1
2 0
0
1 0
#0.6850790708621401
#0.6850790708621401
1
1 0
#(0.9381941874331418, 0.9141379262169074, 0.8660254037844386)
0
1 1
#(1.48, 1.32, 1.0)
#(0.9, 0.9333333333333332, 1.0)
1
2 1
#(1.5, 1.3333333333333333, 1.0)
#(0.9777777777777777, 0.9851851851851853, 1.0)
1
2 1
#(0.7714285714285715, 0.8476190476190476, 1.0)
#0.8086830367753821
2
2 0
#0.8086830367753821
#(0.7818181818181819, 0.8545454545454545, 1.0)
0
2 0
#0.7099820279344033
0
2 0
0
1 3
#(2.2, 1.8, 1.0)
#(1.0, 1.0, 1.0)
1
0 3
#(0.7017543859649122, 0.8011695906432749, 1.0)
0
1 3
#(1.5, 1.3333333333333333, 1.0)
2
1 3
#(1.0, 1.0, 1.0)
0
0 3
#0.7087543739640991
0
0 3
#0.7087543739640991
0
0 3
#0.7087543739640992
#(0.7413793103448276, 0.8275862068965517, 1.0)
1
0 0
#(1.434782608695652, 1.289855072463768, 1.0)
#(1.4285714285714286, 1.2857142857142858, 1.0)
1
0 3
0
0 3
#(1.25, 1.1666666666666667, 1.0)
0
0 3
#0.7857786863334391
#0.7857786863334391
0
0 3
#(0.8888888888888888, 0.9259259259259259, 1.0)
0
0 3
#0.7857786863334391
#(1.1428571428571428, 1.0952380952380951, 1.0)
0
0 3
0
0 3
#(1.6923076923076923, 1.4615384615384617, 1.0)
2
0 3
#(1.0833333333333333, 1.0555555555555556, 1.0)
0
0 3
#(1.0, 1.0, 1.0)
0
0 3
#0.7857786863334391
1
1 3
#0.7857786863334391
#(0.9285714285714286, 0.9523809523809524, 1.0)
0
1 3
#0.7857786863334391
2
2 3
#(0.9, 0.9333333333333332, 1.0)
0
2 3
#(0.8709677419354839, 0.913978494623656, 1.0)
0
2 3
#(1.15, 1.0999999999999999, 1.0)
#0.7857786863334391
0
2 3
#0.7857786863334391
2
2 0
0
2 3
0
2 3
#(1.2857142857142858, 1.1904761904761905, 1.0)
1
3 3
#(0.725, 0.8166666666666668, 1.0)
0
3 3
#(0.8709677419354839, 0.913978494623656, 1.0)
#(1.4, 1.2666666666666666, 1.0)
0
3 3
#0.8749874263409056
1
3 0
#0.8749874263409056
0
3 0
#(1.8076923076923077, 1.5384615384615383, 1.0)
2
3 0
#(1.0606060606060606, 1.0404040404040404, 1.0)
0
3 0
#(0.7857142857142857, 0.8571428571428571, 1.0)
#(1.3333333333333333, 1.222222222222222, 1.0)
0
3 0
#(1.8333333333333333, 1.5555555555555554, 1.0)
#(1.5625, 1.375, 1.0)
1
3 0
#(0.84, 0.8933333333333332, 1.0)
#(1.1666666666666667, 1.1111111111111112, 1.0)
0
3 0
1
3 0
0
3 0
0
3 0
0
3 0
0
3 0
0
3 0
0
3 0
0
3 0
0
3 0
0
3 0
0
3 0
#(2.3735, 1.9156666666666666, 1.0)
2
4 0
0
4 0
#(1.9526666666666666, 1.635111111111111, 1.0)
2
4 0
#(1.5711111111111111, 1.3807407407407408, 1.0)
2
0 0
#(1.190357142857143, 1.1269047619047619, 1.0)
#0.7882738492273237
0
1 0
#(0.9696000000000001, 0.9797333333333335, 1.0)
0
4 1
#(0.8416666666666667, 0.8944444444444445, 1.0)
0
0 1
#(0.98475, 0.9898333333333333, 1.0)
#(1.5150000000000001, 1.3433333333333335, 1.0)
2
0 1
#(1.1288235294117648, 1.0858823529411765, 1.0)
0
0 1
#(1.818, 1.5453333333333334, 1.0)
#(0.7935714285714285, 0.8623809523809524, 1.0)
1
1 1
#(1.2625, 1.175, 1.0)
0
3 0
0
0 0
#(1.4761538461538461, 1.3174358974358975, 1.0)
#(0.8603703703703703, 0.9069135802469136, 1.0)
1
0 0
#(2.957857142857143, 2.3052380952380953, 1.0)
#0.7654252930499391
1
1 0
#(0.9494, 0.9662666666666667, 1.0)
0
1 0
#(3.418461538461538, 2.612307692307692, 1.0)
2
3 0
#(0.808, 0.872, 1.0)
0
3 0
#(1.1428947368421052, 1.0952631578947367, 1.0)
0
3 0
#0.765425293049939
#(0.7380769230769231, 0.8253846153846154, 1.0)
0
3 0
#(1.325625, 1.2170833333333333, 1.0)
#(1.268974358974359, 1.1793162393162393, 1.0)
0
3 0
#0.7654252930499391
1
3 0
#0.765425293049939
1
3 0
#(0.9679166666666666, 0.978611111111111, 1.0)
#(0.820625, 0.8804166666666667, 1.0)
0
1 1
#(1.01, 1.0066666666666666, 1.0)
#(1.3466666666666667, 1.231111111111111, 1.0)
0
1 1
#(0.7769230769230769, 0.8512820512820513, 1.0)
0
1 1
#(1.01, 1.0066666666666666, 1.0)
#(8.416666666666666, 5.944444444444444, 1.0)
2
1 1
#(1.2344444444444445, 1.1562962962962964, 1.0)
0
0 2
#(0.8079999999999999, 0.8719999999999999, 1.0)
0
0 2
#(1.2854545454545454, 1.1903030303030302, 1.0)
0
0 2
#0.6836621529629524
2
0 0
0
0 2
0
0 2
0
0 2
2
1 2
0
1 2
0
1 2
0
1 2
0
1 2
0
1 2
0
1 2
0
1 2
0
1 2
0
1 2
0
1 2
0
3 2
#0.6836621529629521
0
0 3
#(0.81608, 0.8773866666666666, 1.0)
0
0 3
#(0.6800666666666667, 0.7867111111111112, 1.0)
0
0 3
#(1.32613, 1.21742, 1.0)
#0.7645044866615545
0
0 3
0
0 3
#(1.718063157894737, 1.4787087719298249, 1.0)
1
1 3
#(3.67236, 2.781573333333333, 1.0)
#(0.9634277777777778, 0.9756185185185186, 1.0)
1
3 3
#(1.1901166666666667, 1.1267444444444445, 1.0)
0
3 3
1
4 3
#(1.183316, 1.1222106666666667, 1.0)
0
4 3
0
4 3
0
4 3
#(1.0201, 1.0134, 1.0)
0
4 3
#(1.080105882352941, 1.0534039215686273, 1.0)
#(0.733196875, 0.82213125, 1.0)
0
4 3
0
4 3
#(0.9808653846153846, 0.9872435897435897, 1.0)
0
4 3
#(0.81608, 0.8773866666666666, 1.0)
0
4 3
#(1.5505520000000002, 1.3670346666666668, 1.0)
1
1 3
0
2 1
0
4 3
#0.8075961147523499
0
0 3
#(1.0201, 1.0134, 1.0)
0
0 3
#(3.7403666666666666, 2.826911111111111, 1.0)
2
0 3
#(0.91809, 0.9453933333333332, 1.0)
#0.8075961147523499
0
0 3
0
0 3
#0.8075961147523499
0
0 3
0
0 3
0
0 3
#(1.12211, 1.0814066666666666, 1.0)
#(0.7062230769230768, 0.8041487179487179, 1.0)
0
0 3
#(1.1658285714285714, 1.110552380952381, 1.0)
0
0 3
0
0 3
0
0 3
#(1.0201, 1.0134, 1.0)
0
0 3
#(0.9273636363636364, 0.9515757575757576, 1.0)
#(3.230316666666667, 2.486877777777778, 1.0)
2
0 3
#(1.3601333333333334, 1.240088888888889, 1.0)
0
0 3
1
1 3
#(1.2885473684210524, 1.1923649122807016, 1.0)
0
1 3
0
1 3
#(0.7062230769230768, 0.8041487179487179, 1.0)
0
1 3
0
1 3
0
1 3
#(1.5505520000000002, 1.3670346666666668, 1.0)
2
0 3
0
3 0
#(0.8925875, 0.9283916666666666, 1.0)
0
0 1
#(0.6375625, 0.758375, 1.0)
0
0 1
#(0.8870434782608696, 0.924695652173913, 1.0)
#(0.9836678571428571, 0.9891119047619048, 1.0)
0
0 1
#0.6735581234157202
#(1.275125, 1.1834166666666668, 1.0)
0
0 1
0
0 1
#(0.9273636363636364, 0.9515757575757576, 1.0)
0
0 1
#(0.8870434782608696, 0.924695652173913, 1.0)
1
2 1
#0.6735581234157202
1
2 0
#(1.3407028571428572, 1.227135238095238, 1.0)
0
2 0
#0.7868156740888863
#(1.0201, 1.0134, 1.0)
0
2 0
#0.7868156740888863
0
2 0
#(0.6120599999999999, 0.7413733333333333, 1.0)
#(0.5873303030303031, 0.7248868686868688, 1.0)
0
2 0
#0.7868156740888863
#(1.2418608695652174, 1.1612405797101448, 1.0)
0
2 0
#(1.9617307692307693, 1.641153846153846, 1.0)
#0.7868156740888863
1
3 0
0
3 0
#0.7868156740888863
0
3 0
#0.7868156740888863
0
3 0
#(3.3385090909090906, 2.5590060606060603, 1.0)
#(1.0201, 1.0134, 1.0)
1
4 0
#(0.8346272727272727, 0.8897515151515151, 1.0)
0
4 0
#0.7868156740888863
1
4 0
0
2 0
0
1 0
1
3 0
#(1.0201, 1.0134, 1.0)
#(1.0912697674418603, 1.0608465116279069, 1.0)
0
2 0
#(0.7568483870967742, 0.8378989247311828, 1.0)
#0.793282352301727
2
2 0
#(0.8500833333333334, 0.9000555555555557, 1.0)
0
2 0
0
2 0
0
2 0
#(1.0201, 1.0134, 1.0)
0
2 0
#0.7855201732640967
0
2 0
#0.7855201732640965
0
2 0
0
2 0
#(0.6277538461538461, 0.7518358974358974, 1.0)
0
2 0
#(0.81608, 0.8773866666666666, 1.0)
2
3 0
#0.7855201732640967
#0.7855201732640967
2
3 0
#(1.1811684210526316, 1.120778947368421, 1.0)
#(1.0201, 1.0134, 1.0)
0
3 0
#(0.7813531914893617, 0.8542354609929078, 1.0)
#0.8658219141260632
2
3 0
0
3 0
#(1.0644521739130435, 1.042968115942029, 1.0)
0
3 0
#(1.1476125, 1.0984083333333332, 1.0)
0
3 0
#0.8409750085421023
#(1.1476125, 1.0984083333333332, 1.0)
0
3 0
#(0.7035172413793104, 0.802344827586207, 1.0)
0
3 0
#(0.8194245901639344, 0.8796163934426229, 1.0)
0
3 0
#0.8409750085421032
#(1.0201, 1.0134, 1.0)
0
3 0
#(0.8925875, 0.9283916666666666, 1.0)
#(1.3446772727272727, 1.2297848484848484, 1.0)
0
3 0
#(0.741890909090909, 0.8279272727272726, 1.0)
#(0.6800666666666666, 0.786711111111111, 1.0)
0
3 0
#0.8409750085421049
0
3 0
#0.8409750085421049
#0.8409750085421049
0
3 1
#(0.741890909090909, 0.8279272727272726, 1.0)
0
3 1
#0.7129134975725044
#(1.59390625, 1.3959374999999998, 1.0)
2
3 1
#0.7129134975725044
0
3 1
#0.7129134975725044
1
3 0
#0.7129134975725044
#(0.5151505000000001, 0.676767, 1.0)
0
3 1
#(0.9158231111111113, 0.9438820740740742, 1.0)
#0.7129134975725044
2
3 0
0
3 1
0
3 1
0
3 1
0
3 1
0
3 1
#(1.3246727142857144, 1.2164484761904764, 1.0)
0
3 1
#(1.3737346666666668, 1.2491564444444445, 1.0)
0
3 1
0
3 1
#(3.0909030000000004, 2.3939353333333337, 1.0)
1
4 1
0
4 1
#(1.619044428571429, 1.4126962857142857, 1.0)
2
4 1
0
3 1
#(1.08181605, 1.0545440333333334, 1.0)
#(0.5473474062500001, 0.6982316041666667, 1.0)
0
3 1
#(0.746968225, 0.83131215, 1.0)
0
3 1
#(1.4488607812500003, 1.2992405208333335, 1.0)
#(1.0051717073170732, 1.0034478048780489, 1.0)
1
3 1
0
3 1
#0.8339365821811588
0
3 1
#(0.6868673333333334, 0.7912448888888889, 1.0)
0
3 1
#(1.7171683333333334, 1.4781122222222223, 1.0)
1
3 1
#(1.3473166923076927, 1.2315444615384619, 1.0)
0
3 1
0
3 1
0
3 1
#(0.8242408000000001, 0.8828272, 1.0)
0
3 1
#(1.4424214, 1.2949476, 1.0)
2
4 1
#0.8339365821811591
1
4 0
0
4 1
#(1.0303010000000001, 1.0202006666666668, 1.0)
0
4 1
0
4 1
0
4 1
0
4 1
0
4 1
0
4 1
0
4 1
0
4 1
0
4 1
#(0.8519796730769232, 0.901319782051282, 1.0)
0
3 0
#0.7943588870922862
0
0 0
#(1.0303010000000001, 1.0202006666666668, 1.0)
#0.7628037024924271
0
0 3
#(1.18484615, 1.1232307666666668, 1.0)
0
0 3
#(1.4424214000000002, 1.2949476000000002, 1.0)
1
3 3
#0.7871619475202873
2
3 0
#0.7871619475202873
#0.7871619475202873
0
0 0
#0.7768003626536251
#0.7768003626536251
0
0 0
#(0.909089117647059, 0.9393927450980394, 1.0)
0
0 0
#(1.1261429534883722, 1.0840953023255815, 1.0)
#(0.9999980294117649, 0.9999986862745098, 1.0)
0
0 0
#(0.9906740384615387, 0.9937826923076925, 1.0)
#(1.9079648148148152, 1.6053098765432103, 1.0)
2
0 0
#0.7768003626536251
#(0.8735160652173914, 0.9156773768115943, 1.0)
0
1 2
#(1.0303010000000001, 1.0202006666666668, 1.0)
#(0.6363623823529413, 0.7575749215686276, 1.0)
0
0 2
#(1.0303010000000001, 1.0202006666666668, 1.0)
#0.8430423421871471
2
0 0
#(0.6181806000000001, 0.7454537333333334, 1.0)
0
0 2
#0.8995888725391741
0
0 2
#0.8995888725391741
#(1.207939103448276, 1.1386260689655174, 1.0)
0
0 2
0
0 3
#(0.7727257500000001, 0.8484838333333334, 1.0)
0
0 3
#(2.1501933913043483, 1.7667955942028988, 1.0)
1
0 3
2
1 3
#0.8195277487639768
#(1.0303010000000001, 1.0202006666666668, 1.0)
0
1 3
#0.8195277487639768
#(1.0096949800000001, 1.0064633200000002, 1.0)
0
1 3
2
1 0
0
1 3
0
1 3
0
1 3
#(1.04060401, 1.02706934, 1.0)
0
1 3
#(0.8671700083333334, 0.9114466722222222, 1.0)
0
3 3
0
1 0
#(1.8114217951851852, 1.5409478634567904, 1.0)
#(1.4122482992857144, 1.2748321995238097, 1.0)
1
1 0
#(1.229804739090909, 1.1532031593939394, 1.0)
0
1 0
0
1 0
1
3 0
#(0.7804530075, 0.8536353383333334, 1.0)
0
3 0
0
3 0
#(1.4865771571428572, 1.3243847714285715, 1.0)
1
3 0
#(1.0839625104166666, 1.0559750069444445, 1.0)
0
3 0
#(2.08120802, 1.7208053466666666, 1.0)
2
3 0
0
3 0
#0.8022191443462039
1
3 0
#0.802219144346204
0
3 2
#(1.2093506062162163, 1.1395670708108108, 1.0)
#(1.1273210108333334, 1.084880673888889, 1.0)
0
3 2
0
3 2
#(0.9077609448936171, 0.9385072965957448, 1.0)
0
3 2
#(0.819869826060606, 0.8799132173737373, 1.0)
0
3 2
#(1.04060401, 1.02706934, 1.0)
#(1.1892617257142857, 1.1261744838095238, 1.0)
0
4 2
#(0.7804530074999999, 0.8536353383333332, 1.0)
0
3 2
#(1.4048154135000002, 1.2698769423333334, 1.0)
2
3 2
#(1.3466640129411767, 1.2311093419607844, 1.0)
0
3 2
#(0.6689597207142857, 0.7793064804761904, 1.0)
0
3 2
#(1.2635905835714285, 1.1757270557142856, 1.0)
0
3 2
#(0.9310667457894737, 0.9540444971929825, 1.0)
#(0.8671700083333334, 0.9114466722222222, 1.0)
0
3 2
#(1.2883668695238095, 1.1922445796825396, 1.0)
#(1.04060401, 1.02706934, 1.0)
0
3 2
#0.9610458579360039
#(1.04060401, 1.02706934, 1.0)
1
3 0
#(1.2049099063157895, 1.1366066042105263, 1.0)
#(0.7804530075, 0.8536353383333334, 1.0)
0
3 2
#(1.248724812, 1.1658165413333335, 1.0)
0
3 2
#(1.229804739090909, 1.1532031593939394, 1.0)
#(1.04060401, 1.02706934, 1.0)
0
3 2
#0.9345277138374674
#(2.5436986911111115, 2.029132460740741, 1.0)
2
4 2
0
4 2
#(2.08120802, 1.7208053466666666, 1.0)
#(0.9817018962264151, 0.9878012641509434, 1.0)
1
4 2
#(0.9953603573913045, 0.9969069049275362, 1.0)
0
4 2
#(1.3379194414285713, 1.2252796276190476, 1.0)
0
4 2
#(1.560906015, 1.3739373433333333, 1.0)
1
3 2
#(0.7753520074509804, 0.850234671633987, 1.0)
#0.9345277138374668
0
3 3
#0.6894079340468219
#(0.9827926761111111, 0.9885284507407407, 1.0)
0
3 3
#(2.4280760233333334, 1.9520506822222223, 1.0)
2
3 3
#(0.630669096969697, 0.7537793979797979, 1.0)
0
3 3
#(1.3874720133333334, 1.2583146755555557, 1.0)
#(1.5609060149999998, 1.373937343333333, 1.0)
2
3 3
#(1.5136058327272728, 1.3424038884848486, 1.0)
#0.6894079340468221
1
3 3
0
3 3
#(1.1892617257142857, 1.1261744838095238, 1.0)
0
3 3
#(0.7226416736111111, 0.8150944490740741, 1.0)
0
3 3
1
3 0
0
3 3
0
3 3
#0.6894079340468219
0
0 2
0
1 0
0
4 3
0
0 3
#(1.4451388188875003, 1.296759212591667, 1.0)
1
1 3
#(1.5765150751500001, 1.3843433834333334, 1.0)
2
1 3
0
1 3
0
1 3
0
1 3
0
1 3
#(0.7006733667333335, 0.8004489111555557, 1.0)
0
1 3
#(1.0510100501000001, 1.0340067000666668, 1.0)
0
1 3
0
1 3
#(1.1010581477238097, 1.0673720984825399, 1.0)
0
2 1
#(1.3137625626250002, 1.2091750417500002, 1.0)
2
2 0
#(0.8953048574925928, 0.9302032383283952, 1.0)
0
0 3
#(1.4360804014020465, 1.280616901845758, 0.9696899027331813)
2
0 3
0
0 3
#(0.9832029500935485, 0.9888019667290324, 1.0)
1
1 3
0
1 3
#(1.2322186794275864, 1.1548124529517243, 1.0)
0
1 3
0
1 3
#(0.9524778579031251, 0.9683185719354167, 1.0)
0
1 3
#(0.8599173137181819, 0.906611542478788, 1.0)
#0.7304304850762279
0
1 3
#(0.7680458058423079, 0.8453638705615386, 1.0)
0
1 3
#(1.0510100501000001, 1.0340067000666668, 1.0)
0
1 3
0
1 3
0
1 3
#(0.7797816500741938, 0.8531877667161293, 1.0)
#(1.0510100501000001, 1.0340067000666668, 1.0)
0
1 3
#(3.1530301503000007, 2.4353534335333338, 1.0)
#(0.7962197349242425, 0.8641464899494951, 1.0)
1
1 3
0
1 3
#(0.8758417084166669, 0.9172278056111113, 1.0)
#(1.6515872215857146, 1.434391481057143, 1.0)
2
1 3
0
1 3
#(1.2261783917833335, 1.1507855945222223, 1.0)
0
1 3
0
1 3
#(1.0510100501000001, 1.0340067000666668, 1.0)
0
1 3
#(1.6977854655461542, 1.4651903103641029, 1.0)
1
1 3
0
0 1
#(0.9342311556444446, 0.956154103762963, 1.0)
0
0 3
#0.7328603203095725
0
0 3
#(0.6182412059411765, 0.7454941372941176, 1.0)
#0.7328603203095725
0
0 3
#(1.122669826243182, 1.0817798841621213, 1.0)
0
0 3
#(1.0510100501000001, 1.0340067000666668, 1.0)
#0.7328603203095725
0
0 3
2
1 3
#0.7328603203095725
#(1.1424022283695654, 1.0949348189130437, 1.0)
0
1 3
#0.7328603203095725
#(0.7418894471294118, 0.8279262980862745, 1.0)
0
1 3
#(0.7882575375750002, 0.8588383583833336, 1.0)
0
1 3
0
1 3
#(0.955463681909091, 0.9703091212727273, 1.0)
0
1 3
#(1.1823863063625002, 1.1215908709083335, 1.0)
0
1 3
#(1.401346733466667, 1.267564488977778, 1.0)
2
2 3
#(0.9492994000903227, 0.966199600060215, 1.0)
0
2 3
#(0.8944766383829789, 0.9296510922553193, 1.0)
0
2 3
#(1.9969190951900004, 1.6646127301266669, 1.0)
1
0 3
#(0.9283021122653926, 0.935931318580709, 0.9511897312113419)
0
2 3
#(1.5765150751500003, 1.3843433834333336, 1.0)
2
1 3
#(1.4263707822785716, 1.2842471881857145, 1.0)
1
2 3
#(1.0510100501000001, 1.0340067000666668, 1.0)
#(0.8850610948210528, 0.9233740632140351, 1.0)
0
0 3
0
0 3
2
2 3
0
2 3
#0.7328603203095725
#(1.5765150751500001, 1.3843433834333334, 1.0)
2
0 1
#(0.9853219219687501, 0.9902146146458334, 1.0)
0
1 3
2
2 3
0
0 3
#(1.0510100501000001, 1.0340067000666668, 1.0)
#(1.0510100501000001, 1.0340067000666668, 1.0)
0
0 3
#(1.1771312561120002, 1.1180875040746667, 1.0)
0
0 3
#(1.5181256279222224, 1.3454170852814815, 1.0)
#(1.4889309043083336, 1.3259539362055557, 1.0)
1
0 3
#(1.0510100501000001, 1.0340067000666668, 1.0)
0
0 3
#0.7304304850762279
#(1.7516834168333337, 1.5011222778888893, 1.0)
2
0 3
#(1.0510100501000001, 1.0340067000666668, 1.0)
#(1.1437462309911766, 1.0958308206607843, 1.0)
0
0 3
#(1.3376491546727274, 1.2250994364484848, 1.0)
0
0 3
#0.730430485076228
0
0 3
#(0.7882575375750001, 0.8588383583833333, 1.0)
0
0 3
#0.730430485076228
0
0 3
#(0.8790265873563639, 0.9193510582375759, 1.0)
#(0.9008657572285715, 0.9339105048190476, 1.0)
0
0 3
#(0.7458781000709679, 0.8305854000473119, 1.0)
0
0 3
0
0 3
#(1.3466066266906251, 1.2310710844604167, 1.0)
#(0.9832029500935485, 0.9888019667290324, 1.0)
0
0 3
#(0.8280685243212123, 0.8853790162141415, 1.0)
0
0 3
#0.7304304850762279
1
2 3
0
2 3
#(0.8084692693076924, 0.8723128462051282, 1.0)
0
2 3
2
3 3
#(0.8893161962384617, 0.9262107974923078, 1.0)
0
3 3
#0.730430485076228
#(0.817452261188889, 0.8783015074592594, 1.0)
0
3 3
#(1.0053139609652175, 1.0035426406434784, 1.0)
0
3 3
#0.7304304850762279
#0.7304304850762279
0
3 3
#(0.7785259630370371, 0.8523506420246915, 1.0)
0
3 3
#(1.1110677672485716, 1.0740451781657143, 1.0)
0
3 3
#(0.9342311556444446, 0.956154103762963, 1.0)
#(2.7589013815125005, 2.1726009210083337, 1.0)
2
4 3
#0.730430485076228
0
4 3
#(1.0510100501000001, 1.0340067000666668, 1.0)
#0.730430485076228
0
4 3
#(1.2421027864818184, 1.1614018576545455, 1.0)
#(1.2421027864818184, 1.1614018576545455, 1.0)
0
4 3
#(1.6203071605708335, 1.4135381070472224, 1.0)
#(0.8449296481196079, 0.8966197654130719, 1.0)
1
4 3
#(0.750721464357143, 0.8338143095714287, 1.0)
#(0.6152253951804878, 0.7434835967869918, 1.0)
0
2 1
#(0.8539456657062501, 0.9026304438041667, 1.0)
0
3 3
#0.7660692050082857
0
2 3
#(1.374397757823077, 1.2495985052153846, 1.0)
0
2 3
#(11.5611105511, 8.0407403674, 1.0)
#(1.1260821965357144, 1.0840547976904762, 1.0)
1
2 3
#0.7660692050082857
0
2 3
#(2.1020201002000003, 1.7346800668000002, 1.0)
1
2 3
#0.7660692050082858
1
2 0
#0.7660692050082858
0
2 3
#0.9965867675145929
#(1.0819221103970589, 1.054614740264706, 1.0)
0
2 3
#(0.8850610948210528, 0.9233740632140351, 1.0)
0
2 3
#(1.944368592685, 1.6295790617900001, 1.0)
#(0.7006733667333335, 0.8004489111555557, 1.0)
1
2 3
#(0.8328758887584907, 0.8885839258389939, 1.0)
0
2 3
#0.996586767514593
0
2 3
#0.996586767514593
0
2 3
#(1.6816160801600002, 1.454410720106667, 1.0)
1
3 3
#0.996586767514593
2
3 0
0
0 0
#0.7215688838463992
#0.7215688838463992
2
0 0
#0.7599397459722828
0
0 0
#(1.1234935018310348, 1.0823290012206899, 1.0)
0
0 0
#0.9612252717175646
#(0.6005771714857143, 0.7337181143238096, 1.0)
1
0 0
#(1.6273704001548388, 1.4182469334365593, 1.0)
#(1.0291140073895835, 1.0194093382597222, 1.0)
1
3 0
0
3 0
#(0.8408080400800001, 0.8938720267200001, 1.0)
0
3 0
#(0.6863739102693879, 0.790915940179592, 1.0)
#(1.2011543429714286, 1.1341028953142858, 1.0)
0
3 0
#1.3797523640680487
#1.3797523640680487
1
3 0
#1.3797523640680487
#1.3797523640680487
2
3 0
#(2.5966130649529418, 2.0644087099686277, 1.0)
1
4 1
#(0.738547602772973, 0.8256984018486486, 1.0)
#(1.2722753238052633, 1.1815168825368423, 1.0)
0
4 1
#(1.4714140701400003, 1.31427604676, 1.0)
#(1.1318569770307694, 1.0879046513538462, 1.0)
1
4 1
#(2.1020201002000003, 1.7346800668000002, 1.0)
#0.8885320420960151
1
0 0
#(0.9228380927707318, 0.9485587285138212, 1.0)
#(1.0977216078822223, 1.0651477385881483, 1.0)
0
3 2
#(0.7201365158092593, 0.8134243438728396, 1.0)
#(0.9297396597038463, 0.9531597731358975, 1.0)
0
2 2
#0.7882069450474335
0
1 0
#(1.2169590053789476, 1.1446393369192984, 1.0)
#0.7308618727980662
0
0 3
#0.8132240363721017
2
0 0
#(1.0914335135653848, 1.0609556757102565, 1.0)
#(1.5765150751500001, 1.3843433834333334, 1.0)
2
1 3
#0.8729141499400465
2
1 0
#(1.5922802259015003, 1.3948534839343336, 1.0)
1
2 3
0
3 3
#(1.0615201506010001, 1.041013433734, 1.0)
0
1 1
#(0.9730601380509167, 0.9820400920339445, 1.0)
0
0 1
#(0.8846001255008334, 0.9230667503338891, 1.0)
0
4 1
#(1.2637144650011907, 1.1758096433341272, 1.0)
2
0 1
0
0 1
#(1.1984904926140325, 1.1323269950760217, 1.0)
0
0 1
#(1.1752544524511073, 1.1168363016340714, 1.0)
0
0 1
#(1.5761965872560306, 1.3841310581706872, 1.0)
2
1 1
#(1.0615201506010001, 1.041013433734, 1.0)
0
1 1
0
1 1
#(1.92084598680181, 1.61389732453454, 1.0)
2
2 1
#(1.00844414307095, 1.0056294287139667, 1.0)
0
4 0
#(1.0615201506010001, 1.041013433734, 1.0)
0
2 1
0
2 1
0
2 1
#(1.661509800940696, 1.4410065339604639, 1.0)
1
3 1
0
3 1
#(0.9098744148008573, 0.9399162765339049, 1.0)
0
3 1
0
0 3
#(0.8101074833533948, 0.8734049889022631, 1.0)
0
1 3
#(0.9311580268429825, 0.9541053512286549, 1.0)
#(0.7076801004006668, 0.8051200669337778, 1.0)
0
2 3
0
0 1
#0.7739816658342877
0
0 1
#(1.8335348055835459, 1.5556898703890305, 1.0)
2
1 1
#0.7739816658342877
0
1 1
#(0.8640280295589536, 0.9093520197059691, 1.0)
0
1 1
#0.7739816658342877
0
1 1
0
0 1
#(1.503820213351417, 1.3358801422342779, 1.0)
2
0 1
#(1.5333068842014448, 1.3555379228009634, 1.0)
1
0 1
#0.7739816658342877
1
0 0
#(1.0615201506010001, 1.041013433734, 1.0)
0
0 2
#(1.0615201506010001, 1.041013433734, 1.0)
0
0 2
#(1.130005321607516, 1.0866702144050107, 1.0)
#0.8553588440254448
0
0 2
#(0.7218337024086802, 0.8145558016057869, 1.0)
0
0 2
#(0.6868659798006471, 0.7912439865337647, 1.0)
#(1.0615201506010001, 1.041013433734, 1.0)
0
0 2
#(1.2343257565127908, 1.1562171710085272, 1.0)
#0.8553588440254448
0
0 2
0
0 2
#(1.1525075920810859, 1.1016717280540573, 1.0)
#(1.0615201506010001, 1.041013433734, 1.0)
0
0 2
#(1.2049688196011352, 1.1366458797340901, 1.0)
#(1.0615201506010001, 1.041013433734, 1.0)
0
0 2
0
0 2
#0.8553588440254448
#(0.666535908516907, 0.7776906056779381, 1.0)
0
0 2
#(1.246132350705522, 1.1640882338036813, 1.0)
#(1.3543532955943793, 1.236235530396253, 1.0)
0
0 2
0
0 2
#(0.9798647544009232, 0.9865765029339487, 1.0)
0
0 2
0
0 2
#0.8553588440254448
#(0.7076801004006668, 0.8051200669337778, 1.0)
0
0 2
#(2.426331772802286, 1.9508878485348573, 1.0)
#(0.8492161204808001, 0.8994774136538668, 1.0)
1
0 2
#0.8553588440254448
#(1.5692037008884352, 1.3794691339256235, 1.0)
2
0 2
#(1.0615201506010001, 1.041013433734, 1.0)
#0.8553588440254448
2
0 0
#(1.0969041556210335, 1.0646027704140224, 1.0)
0
0 2
#(0.7720146549825455, 0.8480097699883636, 1.0)
#1.822404275571376
2
0 0
#1.822404275571376
#1.822404275571376
2
0 0
0
0 3
0
0 3
#(0.6971177108424478, 0.7980784738949652, 1.0)
#(0.7384488004180871, 0.8256325336120581, 1.0)
0
0 3
2
1 3
#(1.0615201506010001, 1.041013433734, 1.0)
0
1 3
#0.9885467572947801
0
1 3
#(0.8165539620007694, 0.8777026413338462, 1.0)
#0.9885467572947801
0
1 3
#(1.0615201506010001, 1.041013433734, 1.0)
0
1 3
0
1 3
#(0.9838479444594636, 0.9892319629729757, 1.0)
0
1 3
#(0.8138321154607667, 0.8758880769738445, 1.0)
#(0.6594291844642577, 0.7729527896428384, 1.0)
0
1 3
#(0.9907521405609335, 0.9938347603739558, 1.0)
#(2.1230403012020003, 1.7486935341346668, 1.0)
2
1 1
#(1.2738241807212003, 1.1825494538141335, 1.0)
#0.8271154269225445
0
1 1
#(0.7846018504442176, 0.8564012336294784, 1.0)
#(0.5849192666576939, 0.7232795111051292, 1.0)
0
1 1
#(1.4861282108414002, 1.324085473894267, 1.0)
2
1 1
#(1.0615201506010001, 1.041013433734, 1.0)
0
1 1
0
1 1
#0.8271154269225438
0
1 1
#(0.8293126176570313, 0.8862084117713542, 1.0)
0
1 1
0
1 1
#(1.246132350705522, 1.1640882338036813, 1.0)
0
1 1
#0.8271154269225438
2
1 0
#(0.7720146549825455, 0.8480097699883636, 1.0)
0
1 2
#0.8482990814501141
#0.8482990814501141
0
1 2
#(1.3129328178486055, 1.208621878565737, 1.0)
0
1 2
#0.8482990814501141
#(1.5084760034856317, 1.3389840023237545, 1.0)
2
2 2
#(1.53920421837145, 1.3594694789143, 1.0)
#0.8482990814501143
2
2 0
#0.8482990814501143
0
1 3
#(1.1453243730168687, 1.0968829153445792, 1.0)
0
1 3
#0.9912807912291094
1
1 0
#0.9912807912291095
#(0.6848517100651613, 0.7899011400434409, 1.0)
0
1 0
#(1.0615201506010001, 1.041013433734, 1.0)
#0.9904304018720252
0
1 0
#0.990430401872025
0
1 0
#(1.0070832198009487, 1.0047221465339657, 1.0)
2
1 0
0
1 0
0
1 0
0
1 0
0
1 0
0
1 0
0
1 0
0
1 0
0
1 0
0
1 0
0
1 0
0
1 0
0
1 0
0
1 0
0
1 0
#(1.07213535210701, 1.0480902347380068, 1.0)
0
1 0
0
1 0
0
1 0
0
1 0
0
1 0
0
1 0
0
1 0
0
1 0
0
1 0
0
1 0
0
1 0
#(1.4741861091471389, 1.3161240727647592, 1.0)
#0.9904304018720258
2
1 0
#(0.8840414306847275, 0.9226942871231517, 1.0)
#(1.07213535210701, 1.0480902347380068, 1.0)
0
1 1
0
1 1
#(0.779734801532371, 0.853156534354914, 1.0)
0
1 1
0
1 1
#(1.07213535210701, 1.0480902347380068, 1.0)
0
1 1
#(0.8934461267558417, 0.9289640845038946, 1.0)
#(1.4107044106671185, 1.2738029404447457, 1.0)
2
1 1
0
1 1
#(1.749273469227227, 1.4995156461514847, 1.0)
2
2 1
0
2 1
#(1.6397364208695446, 1.4264909472463632, 1.0)
2
3 1
#(1.4581040788655337, 1.3054027192436892, 1.0)
#(0.9789061910542266, 0.9859374607028176, 1.0)
1
4 1
0
4 1
#(1.4844951029173985, 1.3229967352782657, 1.0)
1
4 1
#(1.07213535210701, 1.0480902347380068, 1.0)
#(1.1271166522150617, 1.0847444348100412, 1.0)
0
3 0
#(0.9113150492909586, 0.9408766995273057, 1.0)
#(1.07213535210701, 1.0480902347380068, 1.0)
0
1 0
#(2.4366712547886595, 1.957780836525773, 1.0)
1
1 0
#(1.361901663487283, 1.2412677756581887, 1.0)
#(30.019789858996283, 20.34652657266419, 1.0)
2
1 0
#(1.07213535210701, 1.0480902347380068, 1.0)
#(0.7147569014046734, 0.8098379342697823, 1.0)
0
2 0
#0.8142107025213795
2
2 0
#0.8142107025213795
#(0.9103036008455746, 0.9402024005637163, 1.0)
0
1 3
#0.8958727054442814
2
1 0
#(1.3018786418442265, 1.201252427896151, 1.0)
0
1 3
0
1 2
#(7.236913626722318, 5.157942417814879, 1.0)
2
1 2
#(0.7472458514685221, 0.831497234312348, 1.0)
0
1 2
0
1 2
#0.9046446989870042
0
1 2
#(1.1011119832450373, 1.067407988830025, 1.0)
#0.9046446989870042
0
1 2
#0.9046446989870042
#(2.7875519154782262, 2.191701276985484, 1.0)
2
1 2
#(2.14427070421402, 1.76284713614268, 1.0)
1
1 2
#0.9046446989870042
#0.9046446989870042
0
1 2
#(0.8659554767018158, 0.9106369844678772, 1.0)
#(1.1726480413670421, 1.1150986942446948, 1.0)
0
1 2
#(2.058499876045459, 1.705666584030306, 1.0)
1
2 2
#0.9046446989870041
#0.9046446989870041
0
2 2
#0.9046446989870041
0
2 2
#(0.7252680323076832, 0.8168453548717888, 1.0)
0
2 2
#(1.07213535210701, 1.0480902347380068, 1.0)
0
2 2
#(2.8590276056186936, 2.239351737079129, 1.0)
2
1 0
#(1.6569364532562885, 1.4379576355041923, 1.0)
#(0.9746685019154636, 0.9831123346103091, 1.0)
1
1 2
#(1.7247394794764943, 1.4831596529843296, 1.0)
#0.8497360072700708
1
3 2
#(1.07213535210701, 1.0480902347380068, 1.0)
0
2 1
#0.8077660952651935
1
2 0
#(0.9746685019154636, 0.9831123346103091, 1.0)
0
1 0
#(1.07213535210701, 1.0480902347380068, 1.0)
#(1.07213535210701, 1.0480902347380068, 1.0)
0
1 0
#(1.2252975452651544, 1.150198363510103, 1.0)
0
1 0
#(1.2119790936861852, 1.1413193957907901, 1.0)
2
1 0
2
2 0
#(1.0828567056280802, 1.0552378037520536, 1.0)
0
2 0
#(0.9023805880234002, 0.9349203920156001, 1.0)
0
2 0
#(1.6242850584421205, 1.4161900389614137, 1.0)
#(1.5159993878793123, 1.3439995919195418, 1.0)
1
2 0
#(1.4438089408374404, 1.2958726272249603, 1.0)
2
2 0
#(0.796819085273493, 0.8645460568489952, 1.0)
0
2 0
#(0.8859736682411565, 0.9239824454941044, 1.0)
0
2 0
#(0.8662853645024642, 0.9108569096683095, 1.0)
1
3 0
#0.8519684367940252
1
3 0
#(1.1683453929145076, 1.1122302619430051, 1.0)
#0.8519684367940255
0
3 3
#(1.9852372936514804, 1.6568248624343205, 1.0)
2
3 3
#1.0283013741157634
1
3 0
#(0.5414283528140401, 0.6942855685426933, 1.0)
0
4 1
0
3 2
#(0.9236130724474801, 0.9490753816316534, 1.0)
#0.8931846242245703
0
3 2
#0.8931846242245707
#(0.9708370464251754, 0.980558030950117, 1.0)
0
3 0
#(0.8548868728642738, 0.9032579152428492, 1.0)
#(1.3234915291009868, 1.2156610194006578, 1.0)
0
3 0
#0.7208345726710629
#(0.7080216921414372, 0.8053477947609581, 1.0)
0
3 0
#(1.7419868742712594, 1.4946579161808398, 1.0)
1
3 0
#0.7208345726710629
0
0 2
#(3.248570116884241, 2.499046744589494, 1.0)
2
1 3
#(4.331426822512321, 3.220951215008214, 1.0)
1
2 2
#(1.1383878187372125, 1.0922585458248084, 1.0)
0
0 1
#(2.1657134112561605, 1.7771422741707736, 1.0)
2
0 1
#(0.8662853645024642, 0.9108569096683095, 1.0)
0
1 1
#(1.6242850584421205, 1.4161900389614137, 1.0)
#(1.2102516121725604, 1.1401677414483735, 1.0)
1
1 1
#(1.160203613172943, 1.106802408781962, 1.0)
#(1.5469381508972575, 1.364625433931505, 1.0)
2
1 1
#0.7351787570911232
#(0.6528988960404601, 0.7685992640269733, 1.0)
0
0 1
#0.7351787570911232
0
0 1
#0.7351787570911233
#0.7351787570911233
0
0 1
#(0.9023805880234002, 0.9349203920156001, 1.0)
#(0.8446282303899025, 0.8964188202599349, 1.0)
0
0 1
#(1.2910983797873263, 1.1940655865248841, 1.0)
0
0 1
#(2.1657134112561605, 1.7771422741707736, 1.0)
1
0 1
0
0 1
0
0 1
#(0.9474996174245702, 0.9649997449497135, 1.0)
1
0 2
#(1.1383878187372125, 1.0922585458248084, 1.0)
0
0 1
#(1.3874101540859778, 1.2582734360573185, 1.0)
#(1.434053475020971, 1.289368983347314, 1.0)
2
0 1
#(2.1657134112561605, 1.7771422741707736, 1.0)
1
0 1
#0.6982273036206531
0
0 1
#0.6982273036206531
#(0.8422218821551735, 0.8948145881034489, 1.0)
0
0 1
#(2.8876178816748808, 2.258411921116587, 1.0)
2
0 1
#(0.9416145266331132, 0.961076351088742, 1.0)
0
0 1
#(0.7802938025849402, 0.8535292017232935, 1.0)
0
0 1
1
1 1
0
1 1
#0.6982273036206531
#0.6982273036206531
0
1 1
#(0.7895830145204751, 0.8597220096803166, 1.0)
#(1.5159993878793123, 1.3439995919195418, 1.0)
2
1 1
#0.6982273036206531
0
1 1
#0.6982273036206528
0
1 1
#(1.4077137173165044, 1.2718091448776696, 1.0)
1
0 2
#(2.5821967595746527, 2.0547978397164353, 1.0)
#(0.9324599409575135, 0.9549732939716756, 1.0)
1
2 0
#0.7546378851834832
0
2 0
#(0.7219044704187202, 0.8146029802791469, 1.0)
#0.7546378851834831
0
2 0
#(1.915823402265065, 1.6105489348433768, 1.0)
2
3 0
#(1.1911423761908881, 1.1274282507939255, 1.0)
0
3 0
#0.7546378851834832
0
3 0
#(1.0828567056280802, 1.0552378037520536, 1.0)
0
2 0
#(0.6497140233768481, 0.7664760155845655, 1.0)
#(1.0011316712410552, 1.0007544474940369, 1.0)
0
2 0
#(0.8859736682411565, 0.9239824454941044, 1.0)
1
2 0
#(2.0506598862831766, 1.7004399241887844, 1.0)
1
3 0
0
3 0
0
3 0
0
0 2
#(1.1537768432984132, 1.093782751772343, 0.9737945687202026)
0
2 2
#0.737899386431175
0
1 2
0
0 2
0
0 2
#(0.7282115403881082, 0.8025376039958528, 0.9511897312113419)
0
0 2
#(1.1582036230687511, 1.093042323606656, 0.9627197246824659)
0
0 2
0
0 2
#(3.2387178401844787, 2.4881773046515354, 0.9870962335856491)
2
0 2
#(0.7464835988163099, 0.83098906587754, 1.0)
1
0 2
#(1.6368782317381245, 1.4030569367232448, 0.9354143466934853)
1
0 3
#(0.8525407456969397, 0.8801652793624549, 0.9354143466934853)
#(4.603720026763475, 3.3809514667401452, 0.9354143466934853)
2
1 3
#(0.9650164170744361, 0.9766776113829575, 1.0)
0
1 3
0
1 3
2
2 3
#0.7196032502906293
1
1 2
#(0.8101785715036828, 0.8543887281964763, 0.9428090415820634)
#(5.1556818186598, 3.751390892967221, 0.9428090415820634)
2
2 0
#0.7399043637244394
#(0.8922985613345679, 0.9162667204843267, 0.9642030387838445)
0
1 1
#0.8540024971682092
0
0 3
0
0 3
#(2.8435817089793383, 2.229054472652892, 1.0)
1
1 3
#(1.7577084739570086, 1.505138982638006, 1.0)
2
2 3
#(2.1873705453687218, 1.7915803635791478, 1.0)
#(0.9114043939036341, 0.9409362626024228, 1.0)
1
1 1
#(1.4913890082059467, 1.3275926721372977, 1.0)
1
1 1
#(0.6835532954277256, 0.7890355302851505, 1.0)
#(1.2838914070642498, 1.1892609380428332, 1.0)
0
0 1
#(1.0615180587818798, 1.0410120391879198, 1.0)
0
2 1
#(0.8693395757234663, 0.9128930504823108, 1.0)
#0.7693105898712531
0
0 1
#(1.4582470302458144, 1.3054980201638762, 1.0)
#(1.3188557700017294, 1.2125705133344862, 1.0)
1
1 1
#(0.8623287726934384, 0.9082191817956256, 1.0)
1
1 3
0
0 2
0
0 2
#(1.0416050216041532, 1.0277366810694355, 1.0)
#0.7584335757137048
0
0 2
#0.7584335757137048
0
0 2
#(1.2152058585381789, 1.143470572358786, 1.0)
0
0 2
#0.7584335757137048
#(0.7954074710431716, 0.8636049806954477, 1.0)
0
0 2
0
0 2
#(0.5468426363421804, 0.6978950908947871, 1.0)
0
0 2
0
0 2
#(4.511451749822989, 3.3409678332153256, 1.0)
2
0 2
#(0.8321518379120137, 0.8881012252746757, 1.0)
#(1.0936852726843609, 1.0624568484562407, 1.0)
0
0 2
#(0.9895247705239456, 0.9930165136826304, 1.0)
0
0 2
#(1.4874119708507307, 1.324941313900487, 1.0)
#(1.0936852726843609, 1.0624568484562407, 1.0)
1
0 2
0
0 2
#(0.9114043939036341, 0.9409362626024228, 1.0)
0
0 2
0
0 2
#(1.6405279090265414, 1.4270186060176944, 1.0)
1
1 2
#0.7584335757137047
0
1 2
#(1.7370295507339848, 1.4913530338226566, 1.0)
#(0.8007338603581928, 0.8671559069054618, 1.0)
1
1 2
#0.7584335757137048
0
1 2
#0.7584335757137047
0
1 2
#(1.0656420605642491, 1.0437613737094995, 1.0)
#0.7584335757137048
0
1 2
#(0.7393928604063285, 0.8262619069375523, 1.0)
0
1 2
#(1.039001009050143, 1.0260006727000952, 1.0)
0
1 2
#(1.1191198139095786, 1.0794132092730524, 1.0)
#(0.8101372390254525, 0.8734248260169682, 1.0)
0
1 2
0
1 2
#(0.9235564524890159, 0.9490376349926772, 1.0)
#(0.8567201302694161, 0.9044800868462773, 1.0)
0
1 2
#0.7584335757137047
#(0.9497793157522082, 0.9665195438348055, 1.0)
0
1 2
#(0.987844762424584, 0.9918965082830559, 1.0)
0
1 2
#(0.8674055610944932, 0.9116037073963289, 1.0)
0
1 2
#(0.9079651320398469, 0.938643421359898, 1.0)
#(1.822808787807268, 1.5485391918715121, 1.0)
2
2 2
0
2 2
#(3.827898454395263, 2.8852656362635085, 1.0)
#(1.0936852726843609, 1.0624568484562407, 1.0)
1
2 2
#0.7584335757137047
#(1.0595076079129746, 1.0396717386086498, 1.0)
1
2 0
0
1 0
#0.86645168007037
#(1.0155648960640493, 1.0103765973760328, 1.0)
0
0 3
#(4.921583727079624, 3.614389151386416, 1.0)
1
1 3
#(1.0253299431415883, 1.016886628761059, 1.0)
0
1 3
1
2 3
#(1.6405279090265414, 1.4270186060176944, 1.0)
1
3 3
#0.7669507195985603
#0.7669507195985603
0
3 3
#(0.8058733588200554, 0.8705822392133703, 1.0)
0
1 3
#(0.6707936339130747, 0.7805290892753831, 1.0)
#(0.9235564524890159, 0.9490376349926772, 1.0)
0
0 1
#0.7599649594725293
#(0.7142434433857051, 0.8094956289238034, 1.0)
0
0 1
#(1.718648285646853, 1.4790988570979018, 1.0)
2
1 1
#(1.0936852726843609, 1.0624568484562407, 1.0)
#0.7599649594725295
0
2 3
0
0 3
#0.7116429080058144
#(3.367705778146839, 2.558762209524816, 0.94087507228077)
2
1 3
1
1 0
#(2.6826537331414966, 2.1217691554276645, 1.0)
2
2 3
0
2 3
0
2 3
#(2.445948991981953, 1.9639659946546353, 1.0)
#(2.998260054687555, 2.3321733697917035, 1.0)
2
3 3
0
3 3
0
3 3
0
3 3
0
3 3
0
3 3
#(2.43016867590465, 1.9534457839364334, 1.0)
1
3 3
#(1.1046221254112045, 1.0697480836074698, 1.0)
0
1 3
#(1.1659900212673824, 1.110660014178255, 1.0)
0
2 3
#(1.9146783507127545, 1.6097855671418362, 1.0)
#(1.3150263397752435, 1.2100175598501623, 1.0)
1
2 3
0
0 3
#(2.5774516259594775, 2.0516344173063183, 1.0)
2
0 3
0
0 3
0
0 3
0
0 3
#(1.359534923583021, 1.2396899490553472, 1.0)
0
0 3
0
0 3
#0.7116429080058144
0
0 3
0
0 3
#0.7116429080058144
0
0 3
#(1.1046221254112045, 1.0697480836074698, 1.0)
0
0 3
#(2.761555313528011, 2.174370209018674, 1.0)
1
0 3
#(1.1695998974942166, 1.1130665983294776, 1.0)
0
0 3
0
0 3
#0.7116429080058144
0
0 3
#(1.0333561818362882, 1.0222374545575255, 1.0)
#0.7116429080058144
0
0 3
0
0 3
#(1.1526491743421265, 1.1017661162280843, 1.0)
#0.7116429080058144
0
0 3
#0.7116429080058144
0
0 3
#(0.9205184378426704, 0.9470122918951137, 1.0)
0
0 3
#(0.7029413525344029, 0.801960901689602, 1.0)
0
0 3
#(0.5177916212865021, 0.6785277475243348, 1.0)
#0.7116429080058144
0
0 3
#0.7116429080058144
2
0 0
#0.7116429080058144
0
0 2
#(0.966544359734804, 0.9776962398232026, 1.0)
0
0 2
#(0.8876427793482894, 0.925095186232193, 1.0)
#0.8182431701651324
0
0 2
#(1.9766922244200502, 1.651128149613367, 1.0)
2
1 2
#(0.6903888283820029, 0.7935925522546686, 1.0)
#(1.0106117317591872, 1.0070744878394582, 1.0)
0
1 2
0
4 2
#(1.1046221254112045, 1.0697480836074698, 1.0)
2
1 2
#0.8182431701651333
#(1.0532443521362649, 1.0354962347575098, 1.0)
0
1 2
#(1.1046221254112045, 1.0697480836074698, 1.0)
#(1.1966739691954715, 1.1311159794636476, 1.0)
0
1 2
#0.8182431701651321
#(1.496584815073245, 1.3310565433821633, 1.0)
2
2 2
#(1.7543998462413248, 1.5029332308275498, 1.0)
1
3 2
#0.8182431701651324
#0.8182431701651324
2
3 0
#(1.7489850319010738, 1.499323354600716, 1.0)
#(2.209244250822409, 1.806162833881606, 1.0)
2
1 0
#(1.215084337952325, 1.1433895586348835, 1.0)
0
1 0
#(1.5955652922606287, 1.3970435281737525, 1.0)
2
3 0
#1.0152380894554704
#(0.8679173842516608, 0.9119449228344405, 1.0)
1
3 0
#(1.2006762232730483, 1.1337841488486988, 1.0)
1
0 2
#(0.7364147502741364, 0.8242765001827577, 1.0)
#(0.8612308096426341, 0.9074872064284228, 1.0)
0
2 2
#(0.8591505419864924, 0.9061003613243283, 1.0)
0
1 2
#(1.1046221254112045, 1.0697480836074698, 1.0)
2
0 2
#(0.8956395611442199, 0.9304263740961467, 1.0)
#0.7499013047553031
0
0 2
#(0.9205184378426704, 0.9470122918951137, 1.0)
#(0.9468189646381754, 0.9645459764254504, 1.0)
0
0 2
#0.7499013047553031
#(1.1046221254112045, 1.0697480836074698, 1.0)
0
0 2
#0.7499013047553031
#0.7499013047553031
1
0 0
#0.7499013047553031
0
0 2
#(0.8836977003289636, 0.9224651335526423, 1.0)
#(0.9605409786184387, 0.9736939857456258, 1.0)
0
0 2
#0.9699535704611698
#(1.399188025520859, 1.2661253503472394, 1.0)
0
0 2
#0.96995357046117
0
0 2
#(0.8284665940584034, 0.8856443960389356, 1.0)
#(1.1046221254112045, 1.0697480836074698, 1.0)
0
0 2
#(1.8410368756853408, 1.560691250456894, 1.0)
#(0.7101142234786314, 0.806742815652421, 1.0)
1
0 2
#(0.9205184378426704, 0.9470122918951137, 1.0)
0
0 2
#0.9699535704611698
0
0 2
#(2.025140563253875, 1.68342704216925, 1.0)
#(1.4728295005482728, 1.3152196670321818, 1.0)
1
0 2
#0.96995357046117
#(0.789015803865146, 0.8593438692434306, 1.0)
0
0 2
0
0 2
#(0.9096888091621684, 0.9397925394414456, 1.0)
0
0 2
#0.96995357046117
#(2.5038101509320634, 2.0025401006213754, 1.0)
2
2 2
#(0.7364147502741364, 0.8242765001827577, 1.0)
#(1.1627601320117942, 1.1085067546745295, 1.0)
0
2 2
0
2 2
#0.96995357046117
1
2 0
#(1.1046221254112045, 1.0697480836074698, 1.0)
0
0 3
#0.9676414698764989
1
0 0
#(1.710382645797994, 1.473588430531996, 1.0)
#(1.0770065722759243, 1.0513377148506162, 1.0)
1
0 1
#(3.1297626886650796, 2.4198417924433864, 1.0)
#(1.1046221254112045, 1.0697480836074698, 1.0)
1
2 1
#(0.9468189646381753, 0.9645459764254501, 1.0)
#0.9929495042290508
2
2 0
#(1.1046221254112045, 1.0697480836074698, 1.0)
0
2 2
#0.7515375859991296
0
2 2
#0.7515375859991296
#(0.8591505419864924, 0.9061003613243283, 1.0)
0
2 2
0
2 2
#(1.1046221254112045, 1.0697480836074698, 1.0)
#(1.1046221254112045, 1.0697480836074698, 1.0)
0
2 2
#(0.979096883887204, 0.986064589258136, 1.0)
0
2 2
#0.7515375859991296
#(1.7183010839729849, 1.4788673893153232, 1.0)
2
1 0
#(1.933088719469608, 1.622059146313072, 1.0)
1
3 0
#(0.8341024212288687, 0.8894016141525792, 1.0)
0
1 0
#(1.2624252861842338, 1.1749501907894893, 1.0)
0
4 0
#(0.994159912870084, 0.996106608580056, 1.0)
0
1 2
#0.8219218670625301
#(3.866177438939216, 2.9107849592928106, 1.0)
2
3 2
#(0.7859811276964339, 0.8573207517976226, 1.0)
#(0.8284665940584034, 0.8856443960389356, 1.0)
0
3 2
#(0.7364147502741363, 0.8242765001827576, 1.0)
0
3 2
0
3 2
#(1.1046221254112045, 1.0697480836074698, 1.0)
0
3 2
#(0.8284665940584034, 0.8856443960389356, 1.0)
#(1.1659900212673824, 1.110660014178255, 1.0)
0
3 2
#0.8219218670625301
#0.8219218670625301
1
3 0
#0.8219218670625301
0
1 0
0
1 0
#(1.7770008104441115, 1.5180005402960743, 1.0)
1
3 0
#(0.8205764360197519, 0.8803842906798346, 1.0)
#(1.4728295005482728, 1.3152196670321818, 1.0)
2
4 0
#0.8976215687931538
0
4 0
#(1.1736610082494048, 1.1157740054996033, 1.0)
0
4 0
#(2.830594196366212, 2.220396130910808, 1.0)
1
4 3
#(1.4534501650147427, 1.3023001100098284, 1.0)
1
1 3
#(1.0449128213349232, 1.0299418808899488, 1.0)
0
4 3
#(1.2887258129797388, 1.192483875319826, 1.0)
0
2 1
#(0.7859811276964339, 0.8573207517976226, 1.0)
#(1.0396443533281925, 1.0264295688854617, 1.0)
0
3 1
#0.7222658202532621
0
1 1
#(1.004201932192004, 1.0028012881280026, 1.0)
#(3.3138663762336136, 2.5425775841557425, 1.0)
2
1 1
#(1.7183010839729849, 1.4788673893153232, 1.0)
#0.7222658202532619
2
1 0
#(0.9468189646381753, 0.9645459764254501, 1.0)
0
0 2
#(1.0196511926872658, 1.0131007951248439, 1.0)
0
0 2
#(1.1046221254112045, 1.0697480836074698, 1.0)
#(1.066531707293577, 1.0443544715290514, 1.0)
0
0 2
0
0 2
0
0 2
#(1.7460156175854522, 1.497343745056968, 1.0)
1
0 2
#(1.153716442096147, 1.102477628064098, 1.0)
0
0 2
#0.847923118057889
0
0 2
0
0 2
#0.847923118057889
0
0 2
#(1.4020203899449903, 1.2680135932966603, 1.0)
#0.847923118057889
1
0 2
#(1.4944887579092767, 1.3296591719395179, 1.0)
2
0 2
#(0.8836977003289637, 0.9224651335526425, 1.0)
0
0 2
#(1.242699891087605, 1.1617999273917368, 1.0)
0
0 2
#0.847923118057889
0
0 2
#(0.7237179442349271, 0.8158119628232847, 1.0)
0
0 2
#(1.0106117317591872, 1.0070744878394582, 1.0)
#(1.6144477217548372, 1.409631814503225, 1.0)
2
0 2
#(1.01741511551032, 1.0116100770068799, 1.0)
#(1.1046221254112045, 1.0697480836074698, 1.0)
0
0 2
#(1.6569331881168068, 1.437955458744538, 1.0)
#(1.1046221254112045, 1.0697480836074698, 1.0)
1
0 2
#0.8479231180578891
0
0 2
#(2.0987820382812883, 1.7325213588541921, 1.0)
#(1.2967303211348922, 1.1978202140899281, 1.0)
1
1 2
#(1.1046221254112045, 1.0697480836074698, 1.0)
0
1 2
#0.8479231180578888
0
1 2
#(0.7364147502741364, 0.8242765001827577, 1.0)
0
1 2
0
0 3
#(2.0021276023078083, 1.6680850682052055, 1.0)
#0.7840615841206252
2
0 0
2
1 1
0
1 1
2
2 1
#0.9395123857441736
0
2 1
#0.9395123857441736
#(1.1046221254112045, 1.0697480836074698, 1.0)
0
2 1
#0.9395123857441736
0
2 1
#(1.3150263397752435, 1.2100175598501623, 1.0)
0
2 3
#(1.0396443533281925, 1.0264295688854617, 1.0)
#(1.2188933797640877, 1.1459289198427252, 1.0)
0
2 3
#(1.440811467927658, 1.293874311951772, 1.0)
1
2 3
#(0.789015803865146, 0.8593438692434306, 1.0)
0
2 3
#(2.209244250822409, 1.806162833881606, 1.0)
#(1.4058827050688059, 1.2705884700458705, 1.0)
1
2 3
#(0.7307500214258738, 0.8205000142839158, 1.0)
#(1.6937539256305136, 1.462502617087009, 1.0)
2
2 3
#(1.4728295005482728, 1.3152196670321818, 1.0)
1
2 1
#0.8032578698689428
0
2 1
0
2 1
#0.8032578698689428
0
2 1
#(2.086508459110053, 1.7243389727400353, 1.0)
2
3 1
#(1.1526491743421265, 1.1017661162280843, 1.0)
0
3 1
#0.8032578698689428
0
3 1
#0.8032578698689428
0
3 1
#(1.1046221254112045, 1.0697480836074698, 1.0)
#(1.0355832425730043, 1.0237221617153363, 1.0)
0
3 1
#(0.7531514491440031, 0.8354342994293354, 1.0)
0
3 1
#(1.2887258129797388, 1.192483875319826, 1.0)
#(1.2995554416602406, 1.1997036277734938, 1.0)
0
3 1
#(1.128124723824209, 1.0854164825494725, 1.0)
0
3 1
#0.8032578698689428
#(1.1046221254112045, 1.0697480836074698, 1.0)
0
3 1
#(3.866177438939216, 2.9107849592928106, 1.0)
2
0 3
#0.7762451538268852
#(0.9389288065995238, 0.9592858710663492, 1.0)
0
3 3
#(2.6234775478516106, 2.082318365234407, 1.0)
#0.8250931832598951
1
2 3
#0.8250931832598951
0
1 0
#(1.001866578861325, 1.00124438590755, 1.0)
0
0 3
#(1.3255465504934454, 1.217031033662297, 1.0)
#(1.1046221254112045, 1.0697480836074698, 1.0)
0
0 3
#0.8026622369755952
#0.8026622369755952
2
0 0
#(0.6345701571511174, 0.7563801047674117, 1.0)
0
3 0
#(0.789015803865146, 0.8593438692434306, 1.0)
#0.8327299402802529
2
3 0
#0.8327299402802528
#(2.209244250822409, 1.806162833881606, 1.0)
2
0 2
#(1.1929918954441008, 1.1286612636294004, 1.0)
#(1.99884003645837, 1.6658933576389134, 1.0)
2
0 1
#(1.1046221254112045, 1.0697480836074698, 1.0)
0
3 1
#0.8844737764340341
0
0 1
#(1.138095523150938, 1.0920636821006253, 1.0)
2
1 1
0
1 1
#(1.6569331881168068, 1.437955458744538, 1.0)
#(1.1046221254112045, 1.0697480836074698, 1.0)
1
2 1
#0.8844737764340342
0
2 1
#(1.3255465504934454, 1.217031033662297, 1.0)
0
2 1
#(1.0333561818362882, 1.0222374545575255, 1.0)
#0.8844737764340342
2
2 0
#0.8844737764340342
2
2 0
#(0.85664572991073, 0.9044304866071533, 1.0)
#(1.1046221254112045, 1.0697480836074698, 1.0)
0
1 3
#(1.1751299206502175, 1.1167532804334783, 1.0)
#0.9003702941938205
0
1 3
#0.9683556873005762
0
1 3
#(0.9731194914336802, 0.9820796609557867, 1.0)
0
1 3
#(0.8991110323114455, 0.9327406882076303, 1.0)
0
1 3
#(0.9605409786184387, 0.9736939857456258, 1.0)
#(1.933088719469608, 1.622059146313072, 1.0)
2
1 3
#0.9683556873005762
2
1 0
#(1.1046221254112045, 1.0697480836074698, 1.0)
0
1 1
#(1.5464709755756865, 1.364313983717124, 1.0)
1
1 1
#(1.8778576131990476, 1.5852384087993652, 1.0)
2
2 1
#1.010788202329574
2
2 0
#(0.9818863336988485, 0.987924222465899, 1.0)
0
2 3
#(0.966544359734804, 0.9776962398232026, 1.0)
#(0.8447110370791564, 0.8964740247194376, 1.0)
0
2 3
0
2 3
#(0.8880295518011645, 0.9253530345341097, 1.0)
#(1.6144477217548372, 1.409631814503225, 1.0)
2
3 3
#(2.209244250822409, 1.806162833881606, 1.0)
#(0.8416168574561558, 0.8944112383041039, 1.0)
1
4 3
#(1.5063028982880062, 1.3375352655253376, 1.0)
#0.9479033950924658
1
1 3
0
#card_4_limit(800, 0.148)
#Score = 987
