0 0
#(1.5, 1.3333333333333333, 1.0)
#(0.7857142857142857, 0.8571428571428571, 1.0)
1
1 0
#(0.8611111111111112, 0.9074074074074074, 1.0)
#(1.6, 1.4000000000000001, 1.0)
2
0 5
#(1.4166666666666667, 1.277777777777778, 1.0)
2
0 7
#(0.8181818181818182, 0.8787878787878789, 1.0)
0
1 0
0
2 0
#(1.1, 1.0666666666666667, 1.0)
0
0 1
#(1.2222222222222223, 1.1481481481481481, 1.0)
#(0.75, 0.8333333333333334, 1.0)
0
0 1
#(1.0, 1.0, 1.0)
#(2.0, 1.6666666666666667, 1.0)
2
0 1
#0.8094115899538297
#(0.9387755102040817, 0.9591836734693878, 1.0)
0
0 1
#(0.9090909090909091, 0.9393939393939394, 1.0)
0
0 1
#0.8094115899538297
#(1.1794871794871795, 1.1196581196581197, 1.0)
1
0 0
#(1.0, 1.0, 1.0)
0
0 1
#(1.2222222222222223, 1.1481481481481481, 1.0)
0
0 1
#(0.9583333333333334, 0.9722222222222223, 1.0)
#(1.0, 1.0, 1.0)
0
0 1
#(0.6527777777777778, 0.7685185185185185, 1.0)
0
0 1
#(1.0, 1.0, 1.0)
0
0 1
#0.8847952474068385
#0.8847952474068385
0
0 1
#(0.925, 0.9500000000000001, 1.0)
#(1.0, 1.0, 1.0)
0
0 1
#(1.2142857142857142, 1.1428571428571428, 1.0)
#0.8847952474068385
2
0 0
#(1.411764705882353, 1.2745098039215688, 1.0)
2
0 1
0
0 1
#(1.4210526315789473, 1.280701754385965, 1.0)
1
1 1
#(0.7777777777777778, 0.8518518518518517, 1.0)
0
1 1
#(1.5, 1.3333333333333333, 1.0)
1
1 1
#0.9392234694007406
1
0 3
#(0.9428571428571428, 0.9619047619047619, 1.0)
0
0 6
#(0.625, 0.75, 1.0)
1
0 0
0
0 6
#(0.946875, 0.9645833333333332, 1.0)
#(0.9522857142857143, 0.9681904761904763, 1.0)
0
0 6
#(0.7380769230769231, 0.8253846153846154, 1.0)
0
0 6
#(1.9740909090909091, 1.6493939393939394, 1.0)
#(0.8416666666666667, 0.8944444444444445, 1.0)
1
2 6
#(0.7957575757575758, 0.863838383838384, 1.0)
#(1.01, 1.0066666666666666, 1.0)
0
2 6
#(1.2625, 1.175, 1.0)
#0.8319967833778483
0
2 6
0
2 6
#(0.9292, 0.9528, 1.0)
0
2 6
#(2.02, 1.68, 1.0)
2
2 6
#(0.8176190476190477, 0.8784126984126984, 1.0)
#(1.9358333333333333, 1.6238888888888887, 1.0)
2
1 6
0
2 7
#(3.535, 2.69, 1.0)
2
2 7
0
1 7
#(2.14625, 1.7641666666666669, 1.0)
1
2 7
#(0.8521875, 0.9014583333333333, 1.0)
#(0.8706896551724138, 0.9137931034482758, 1.0)
0
2 7
#(1.9478571428571427, 1.631904761904762, 1.0)
2
1 7
#(1.0605, 1.0403333333333333, 1.0)
0
1 1
#0.8080661782746846
#(1.89375, 1.5958333333333332, 1.0)
2
1 1
#(1.8257692307692308, 1.5505128205128205, 1.0)
2
1 2
#(0.9793939393939394, 0.9862626262626263, 1.0)
0
1 2
#(0.7465217391304348, 0.8310144927536233, 1.0)
0
1 2
#(0.9487878787878787, 0.9658585858585859, 1.0)
0
1 2
#(0.9323076923076923, 0.9548717948717949, 1.0)
0
1 2
#(0.9784375, 0.9856250000000001, 1.0)
0
1 2
#(0.7575000000000001, 0.8383333333333334, 1.0)
#(0.6733333333333333, 0.7822222222222223, 1.0)
0
0 2
#(0.9568421052631578, 0.9712280701754384, 1.0)
#(0.9802941176470588, 0.9868627450980392, 1.0)
0
2 2
#(1.01, 1.0066666666666666, 1.0)
#(1.3984615384615384, 1.2656410256410255, 1.0)
0
0 2
#(1.2793333333333334, 1.1862222222222223, 1.0)
0
0 2
#(0.937857142857143, 0.9585714285714286, 1.0)
#(0.8484, 0.8989333333333334, 1.0)
0
0 2
#(1.01, 1.0066666666666666, 1.0)
0
0 2
#(1.3375675675675676, 1.225045045045045, 1.0)
0
0 2
#(0.7575000000000001, 0.8383333333333334, 1.0)
#(0.8546153846153846, 0.903076923076923, 1.0)
0
0 2
#(1.01, 1.0066666666666666, 1.0)
#(1.0372972972972974, 1.0248648648648648, 1.0)
0
0 2
#(1.6833333333333333, 1.4555555555555557, 1.0)
#(0.88375, 0.9225, 1.0)
1
1 2
#0.7986214730620111
#(1.2625, 1.175, 1.0)
0
1 2
#(0.8010344827586207, 0.8673563218390804, 1.0)
#(1.3160606060606062, 1.2107070707070708, 1.0)
0
1 2
#(1.01, 1.0066666666666666, 1.0)
#(0.8657142857142858, 0.9104761904761904, 1.0)
0
1 2
#(0.8657142857142858, 0.9104761904761904, 1.0)
#(1.01, 1.0066666666666666, 1.0)
0
1 2
#(1.111, 1.074, 1.0)
#0.7986214730620113
0
1 2
#0.7986214730620113
0
1 2
#(0.46011111111111114, 0.6400740740740741, 1.0)
#0.7986214730620111
2
1 0
#(1.01, 1.0066666666666666, 1.0)
#(1.5150000000000001, 1.3433333333333335, 1.0)
2
1 6
#0.8564965442526731
#(0.88375, 0.9225, 1.0)
0
1 6
#(1.01, 1.0066666666666666, 1.0)
0
1 6
#(1.01, 1.0066666666666666, 1.0)
#(0.6733333333333333, 0.7822222222222223, 1.0)
0
1 6
#(1.7207407407407407, 1.480493827160494, 1.0)
1
2 6
#0.8564965442526731
0
2 6
#(0.7172463768115942, 0.8114975845410628, 1.0)
0
2 6
#(0.7804545454545455, 0.8536363636363636, 1.0)
#(0.7890625, 0.859375, 1.0)
0
2 6
#(0.820625, 0.8804166666666667, 1.0)
0
2 6
#(1.036578947368421, 1.0243859649122806, 1.0)
0
2 6
#(1.875714285714286, 1.583809523809524, 1.0)
#(0.6666, 0.7777333333333333, 1.0)
1
2 6
#(0.7973684210526316, 0.8649122807017543, 1.0)
#(0.8585, 0.9056666666666667, 1.0)
0
1 0
#0.8238567418687218
#(1.3466666666666667, 1.231111111111111, 1.0)
0
0 0
#0.8238567418687218
#(0.7575000000000001, 0.8383333333333334, 1.0)
0
0 3
0
0 3
#(0.63125, 0.7541666666666668, 1.0)
#0.817522703758598
0
0 3
0
0 3
#(0.8595744680851064, 0.9063829787234043, 1.0)
#(1.712608695652174, 1.475072463768116, 1.0)
2
1 3
#(0.9853658536585366, 0.9902439024390244, 1.0)
#(0.7575000000000001, 0.8383333333333334, 1.0)
0
1 3
#0.8175227037585983
0
1 3
#(1.1542857142857144, 1.102857142857143, 1.0)
#(0.7855555555555556, 0.857037037037037, 1.0)
0
1 3
#(1.5823333333333334, 1.3882222222222225, 1.0)
2
2 3
#(0.808, 0.872, 1.0)
0
2 3
#(0.8740384615384615, 0.916025641025641, 1.0)
#(0.9323076923076924, 0.9548717948717949, 1.0)
0
2 3
#0.8175227037585983
#(0.8977777777777778, 0.9318518518518518, 1.0)
0
2 3
#(0.8977777777777778, 0.9318518518518518, 1.0)
#(1.4052173913043478, 1.2701449275362318, 1.0)
2
2 3
#(1.0941666666666667, 1.0627777777777778, 1.0)
#(0.6910526315789474, 0.7940350877192982, 1.0)
0
2 0
#0.7923601743724545
#(0.6669811320754717, 0.7779874213836478, 1.0)
1
2 0
0
2 0
#(5.05, 3.6999999999999997, 1.0)
#(0.6910526315789474, 0.7940350877192982, 1.0)
1
2 0
#(1.055909090909091, 1.0372727272727273, 1.0)
#1.0037324373749124
0
2 3
#0.8668787722851348
0
2 3
#(1.1653846153846155, 1.1102564102564103, 1.0)
#0.8668787722851345
0
2 3
#(1.8646153846153848, 1.5764102564102564, 1.0)
2
0 3
#(1.1783333333333335, 1.118888888888889, 1.0)
#(1.1783333333333335, 1.118888888888889, 1.0)
0
2 4
#0.8192636654907199
#(0.8887999999999999, 0.9258666666666665, 1.0)
0
0 4
#(1.01, 1.0066666666666666, 1.0)
#(0.8925581395348838, 0.9283720930232559, 1.0)
0
0 4
#(1.4140000000000001, 1.276, 1.0)
#(0.9153125, 0.9435416666666666, 1.0)
1
2 4
#(1.2773529411764706, 1.1849019607843136, 1.0)
#(1.2625, 1.175, 1.0)
0
2 4
#(0.696551724137931, 0.7977011494252872, 1.0)
#0.8192636654907196
0
2 4
#(1.616, 1.4106666666666667, 1.0)
#0.8192636654907202
1
2 4
#0.8192636654907202
0
1 1
#0.7938404817188145
0
0 1
#0.7938404817188145
0
0 1
#0.7938404817188145
#(1.01, 1.0066666666666666, 1.0)
0
0 1
#0.7938404817188145
#0.7938404817188145
0
0 1
#(0.985952380952381, 0.9906349206349206, 1.0)
#(0.9670212765957448, 0.9780141843971633, 1.0)
0
0 1
#0.7938404817188145
#(0.6733333333333333, 0.7822222222222223, 1.0)
0
0 1
#0.7938404817188145
1
0 0
#(0.7986046511627908, 0.8657364341085273, 1.0)
#(0.6651219512195122, 0.7767479674796748, 1.0)
0
0 1
#(1.1653846153846155, 1.1102564102564103, 1.0)
0
0 1
#(0.7345454545454545, 0.8230303030303029, 1.0)
0
0 1
#(0.8521875, 0.9014583333333333, 1.0)
#1.1861238214708785
0
0 6
#(1.212, 1.1413333333333333, 1.0)
#(1.9423076923076923, 1.6282051282051284, 1.0)
2
1 6
#(1.1653846153846155, 1.1102564102564103, 1.0)
0
1 6
#(0.9351851851851852, 0.95679012345679, 1.0)
0
1 6
#1.049822754134609
0
1 6
#(0.8416666666666667, 0.8944444444444445, 1.0)
0
1 6
#1.0498227541346092
0
1 6
0
1 6
#(1.0645945945945947, 1.043063063063063, 1.0)
0
1 6
#(0.985952380952381, 0.9906349206349206, 1.0)
#(0.909, 0.9393333333333334, 1.0)
0
1 6
#1.049822754134609
0
1 6
#(1.1182142857142856, 1.0788095238095237, 1.0)
0
1 6
#(0.7662068965517241, 0.8441379310344828, 1.0)
0
1 6
#(1.3466666666666667, 1.231111111111111, 1.0)
#(1.2985714285714285, 1.199047619047619, 1.0)
0
1 6
2
1 0
#(1.1401117647058825, 1.093407843137255, 1.0)
#(0.7480733333333334, 0.832048888888889, 1.0)
0
2 6
#(1.0201, 1.0134, 1.0)
0
1 4
#(1.0664681818181818, 1.0443121212121211, 1.0)
#(1.0201, 1.0134, 1.0)
0
1 4
#(2.179304545454545, 1.78620303030303, 1.0)
#(3.0603, 2.373533333333333, 1.0)
2
2 4
#(1.137803846153846, 1.0918692307692306, 1.0)
#(1.0201, 1.0134, 1.0)
0
2 4
#0.9098582861155144
#(1.0737894736842106, 1.0491929824561403, 1.0)
1
2 0
#0.9098582861155144
#0.9098582861155144
2
2 0
#(1.4496157894736843, 1.2997438596491229, 1.0)
#(0.8809954545454546, 0.9206636363636364, 1.0)
1
1 2
0
1 0
#(1.0000980392156864, 1.0000653594771243, 1.0)
0
1 0
#(0.9326628571428571, 0.9551085714285715, 1.0)
0
1 0
#(1.63216, 1.4214399999999998, 1.0)
#(1.1334444444444445, 1.088962962962963, 1.0)
1
0 0
#(0.877286, 0.9181906666666667, 1.0)
#(1.7851750000000002, 1.5234500000000002, 1.0)
2
2 7
#0.9630988226467082
2
1 3
#(1.3601333333333332, 1.2400888888888888, 1.0)
0
1 5
#(0.9958119047619048, 0.9972079365079365, 1.0)
0
1 5
#0.8477550317657546
#(2.0402, 1.6934666666666667, 1.0)
2
1 5
#(1.151725806451613, 1.1011505376344086, 1.0)
#(1.0201, 1.0134, 1.0)
0
1 5
0
1 5
#(0.765075, 0.8433833333333333, 1.0)
0
1 5
#0.8477550317657547
2
1 0
0
0 0
#(1.8254421052631578, 1.5502947368421054, 1.0)
2
0 0
#0.8149249786799001
#0.8149249786799001
0
0 1
#(0.8809954545454546, 0.9206636363636364, 1.0)
#(0.7983391304347826, 0.865559420289855, 1.0)
0
0 1
#(1.060904, 1.0406026666666668, 1.0)
#(1.0947414634146342, 1.0631609756097562, 1.0)
0
0 1
#0.7658898046887197
#(0.9395657894736842, 0.9597105263157895, 1.0)
0
0 1
#(0.9350916666666667, 0.9567277777777777, 1.0)
0
2 0
1
2 0
0
2 3
0
2 3
0
2 3
0
2 3
0
2 3
0
2 3
#(1.0303010000000001, 1.0202006666666668, 1.0)
0
2 3
0
2 3
0
2 3
0
2 3
0
2 3
0
2 3
0
2 3
0
2 3
0
2 3
0
2 3
0
2 3
0
2 3
0
2 3
0
2 3
#(0.879525243902439, 0.9196834959349593, 1.0)
0
2 6
#(3.9151438000000005, 2.9434292000000006, 1.0)
2
0 6
#(0.9272709000000001, 0.9515139333333335, 1.0)
#(1.5454515000000002, 1.3636343333333336, 1.0)
2
0 6
#(1.0699279615384616, 1.046618641025641, 1.0)
#(1.0732302083333336, 1.0488201388888891, 1.0)
0
0 6
#(1.4424214, 1.2949476, 1.0)
2
1 6
#(2.649345428571429, 2.0995636190476192, 1.0)
1
1 2
#(0.7591691578947369, 0.8394461052631579, 1.0)
0
2 7
0
1 7
0
1 7
0
1 7
#(1.4986196363636366, 1.332413090909091, 1.0)
1
1 7
#(1.6484816000000002, 1.4323210666666668, 1.0)
#(1.5454515000000002, 1.3636343333333336, 1.0)
1
2 2
#(0.7830287600000001, 0.8553525066666667, 1.0)
0
2 2
#(1.0303010000000001, 1.0202006666666668, 1.0)
#(1.0303010000000001, 1.0202006666666668, 1.0)
0
2 2
#(1.0303010000000001, 1.0202006666666668, 1.0)
#(0.6868673333333334, 0.7912448888888889, 1.0)
0
2 2
#(1.2944807435897439, 1.196320495726496, 1.0)
0
2 2
#(0.8511182173913044, 0.9007454782608697, 1.0)
#(1.1239647272727273, 1.0826431515151516, 1.0)
0
2 2
#(1.0875399444444447, 1.0583599629629632, 1.0)
0
2 2
#(1.0303010000000001, 1.0202006666666668, 1.0)
0
2 2
#(0.9567080714285715, 0.9711387142857143, 1.0)
0
2 2
0
2 2
#(1.169530864864865, 1.1130205765765766, 1.0)
0
2 2
0
2 2
0
2 2
#(1.0303010000000001, 1.0202006666666668, 1.0)
0
2 2
#(1.1740639302325584, 1.1160426201550389, 1.0)
#(1.0531965777777779, 1.0354643851851852, 1.0)
0
2 2
#(0.8242408, 0.8828272, 1.0)
#(1.1539371200000001, 1.1026247466666668, 1.0)
0
2 2
0
2 4
#(2.0606020000000003, 1.7070680000000003, 1.0)
#(1.8545418000000002, 1.5696945333333334, 1.0)
1
2 4
#(2.0606020000000003, 1.7070680000000003, 1.0)
2
2 4
#(0.7529122692307694, 0.8352748461538463, 1.0)
#(1.3246727142857144, 1.2164484761904764, 1.0)
0
2 0
#0.7623694339268966
2
2 0
#(1.4718585714285715, 1.314572380952381, 1.0)
#(1.089175342857143, 1.0594502285714287, 1.0)
1
2 2
0
0 2
#(1.0303010000000001, 1.0202006666666668, 1.0)
0
0 2
#(0.909089117647059, 0.9393927450980394, 1.0)
#(1.0303010000000001, 1.0202006666666668, 1.0)
0
0 2
#(1.1368838620689656, 1.0912559080459772, 1.0)
#(0.9218482631578949, 0.9478988421052632, 1.0)
0
0 2
#(1.4424214000000002, 1.2949476000000002, 1.0)
2
2 2
0
2 2
0
2 2
#(6.868673333333334, 4.912448888888889, 1.0)
1
2 2
#(1.0303010000000001, 1.0202006666666668, 1.0)
#(1.5454515000000002, 1.3636343333333336, 1.0)
2
2 5
#(1.1066195925925928, 1.071079728395062, 1.0)
1
1 5
#(1.4265706153846156, 1.2843804102564105, 1.0)
2
0 5
#(0.74052884375, 0.8270192291666666, 1.0)
#0.8555940541361589
0
1 5
#(15.454515000000002, 10.636343333333334, 1.0)
2
1 5
#(1.4986196363636366, 1.332413090909091, 1.0)
#(1.1623908717948719, 1.1082605811965813, 1.0)
1
1 5
#(1.3393913000000002, 1.2262608666666668, 1.0)
#(0.9125523142857144, 0.9417015428571429, 1.0)
0
0 5
0
0 5
#(1.3939366470588237, 1.2626244313725492, 1.0)
0
0 5
#(1.259256777777778, 1.1728378518518519, 1.0)
#(0.9760746315789475, 0.984049754385965, 1.0)
0
0 5
#(1.0303010000000001, 1.0202006666666668, 1.0)
#(0.9760746315789475, 0.984049754385965, 1.0)
0
0 5
#(1.2363612000000002, 1.1575741333333334, 1.0)
#0.8555940541361589
2
0 0
#(1.0303010000000001, 1.0202006666666668, 1.0)
#(1.0303010000000001, 1.0202006666666668, 1.0)
0
0 3
0
0 3
#(1.0303010000000001, 1.0202006666666668, 1.0)
#(1.0303010000000001, 1.0202006666666668, 1.0)
0
0 3
#(13.393913000000001, 9.262608666666667, 1.0)
1
0 5
#(1.619044428571429, 1.4126962857142857, 1.0)
#(1.0303010000000001, 1.0202006666666668, 1.0)
1
0 5
#(1.743586307692308, 1.4957242051282051, 1.0)
#(1.2878762500000003, 1.1919175000000002, 1.0)
1
0 5
#1.00822933189219
0
0 5
#(1.0031878157894738, 1.0021252105263159, 1.0)
#(0.9015133750000002, 0.9343422500000002, 1.0)
0
0 5
#(1.4921600689655174, 1.3281067126436783, 1.0)
1
0 5
#(0.8156549583333335, 0.8771033055555556, 1.0)
0
0 5
#(1.5454515000000002, 1.3636343333333336, 1.0)
#(1.2680627692307693, 1.1787085128205128, 1.0)
1
1 5
#1.0082293318921907
#(3.0909030000000004, 2.3939353333333337, 1.0)
2
1 0
#(1.4049559090909094, 1.2699706060606062, 1.0)
#(0.8242408000000001, 0.8828272, 1.0)
1
1 6
#(1.0946948125000002, 1.0631298750000002, 1.0)
0
0 6
#(1.0303010000000001, 1.0202006666666668, 1.0)
#(0.6818168382352943, 0.7878778921568629, 1.0)
0
0 6
#(0.7493098181818183, 0.8328732121212122, 1.0)
#0.9049957983298708
2
0 0
#(0.9696950588235296, 0.979796705882353, 1.0)
#(1.0031878157894738, 1.0021252105263159, 1.0)
0
0 2
#(1.386943653846154, 1.257962435897436, 1.0)
#1.0699711620729955
0
0 2
#(0.7453241276595747, 0.830216085106383, 1.0)
#(1.1038939285714287, 1.069262619047619, 1.0)
0
0 1
#(0.8292666585365855, 0.8861777723577237, 1.0)
0
0 1
#(1.6484816000000002, 1.4323210666666668, 1.0)
#(1.0732302083333336, 1.0488201388888891, 1.0)
1
0 1
#(1.5632153103448279, 1.3754768735632183, 1.0)
#(0.9812390476190477, 0.9874926984126985, 1.0)
1
1 1
#(8.242408000000001, 5.828272000000001, 1.0)
#0.9679990680335451
1
1 1
#(2.2947613181818185, 1.8631742121212123, 1.0)
#0.9679990680335447
1
0 4
#0.8756959794088353
#(0.7427751395348838, 0.8285167596899226, 1.0)
0
1 3
#0.8017906790885612
#0.8017906790885612
0
0 3
#0.8017906790885612
0
0 3
#(1.9575719000000003, 1.638381266666667, 1.0)
#(1.6484816000000002, 1.4323210666666668, 1.0)
1
0 3
#(0.8242408000000001, 0.8828272, 1.0)
#(1.1829381851851852, 1.121958790123457, 1.0)
0
0 3
#(1.4309736111111113, 1.287315740740741, 1.0)
#0.8017906790885612
1
0 3
#(2.0606020000000003, 1.7070680000000003, 1.0)
#0.8017906790885612
1
0 3
#0.8017906790885614
#(1.5454515000000002, 1.3636343333333336, 1.0)
2
0 3
#0.8017906790885608
1
0 0
#0.8017906790885614
#0.8017906790885614
2
0 0
#0.8693896912560519
#(0.6868673333333334, 0.7912448888888889, 1.0)
0
0 7
#0.8147271207089363
#0.8147271207089363
0
0 7
#0.8147271207089363
#(0.8242408000000001, 0.8828272, 1.0)
0
0 7
#(1.7171683333333334, 1.4781122222222223, 1.0)
2
0 0
#(1.560906015, 1.3739373433333333, 1.0)
2
0 7
#(1.7343400166666667, 1.4895600111111111, 1.0)
2
0 7
#(10.4060401, 7.2706934, 1.0)
2
0 0
0
0 0
#(1.0858476626086957, 1.0572317750724638, 1.0)
#(2.3002825484210527, 1.8668550322807018, 1.0)
2
0 0
#(3.567785177142857, 2.711856784761905, 1.0)
1
1 0
#(2.08120802, 1.7208053466666666, 1.0)
#(1.4930405360869567, 1.3286936907246378, 1.0)
1
1 0
#(0.6937360066666667, 0.7958240044444445, 1.0)
0
1 0
#(1.9424608186666668, 1.6283072124444444, 1.0)
#(1.17067951125, 1.1137863408333333, 1.0)
1
0 0
#0.7453041300172591
#(2.8443176273333335, 2.229545084888889, 1.0)
2
2 0
#(1.2071006516, 1.1380671010666668, 1.0)
#(1.3874720133333334, 1.2583146755555557, 1.0)
0
0 0
#(0.9712304093333334, 0.9808202728888888, 1.0)
#(1.04060401, 1.02706934, 1.0)
0
1 1
0
0 1
#(0.9249813422222223, 0.9499875614814816, 1.0)
#(2.7171326927777777, 2.1447551285185185, 1.0)
2
0 1
#(0.8945543243859649, 0.9297028829239767, 1.0)
#0.7910454920066273
0
0 1
#(1.04060401, 1.02706934, 1.0)
#0.7910454920066272
0
0 1
#(0.7804530075, 0.8536353383333334, 1.0)
#(1.560906015, 1.3739373433333333, 1.0)
2
0 1
#0.7910454920066272
#(0.6937360066666667, 0.7958240044444445, 1.0)
0
0 1
#(3.3447986035714288, 2.563199069047619, 1.0)
#(0.9981303769387755, 0.9987535846258503, 1.0)
1
1 1
#(0.9399003961290323, 0.9599335974193549, 1.0)
0
1 1
#(1.1892617257142857, 1.1261744838095238, 1.0)
#(1.1595301825714286, 1.106353455047619, 1.0)
0
1 1
#(0.9573556892, 0.9715704594666666, 1.0)
#(1.2242400117647059, 1.1494933411764705, 1.0)
0
1 1
#(1.04060401, 1.02706934, 1.0)
0
1 1
#(1.6957991274074076, 1.4638660849382716, 1.0)
2
2 1
0
2 1
#(1.1310913152173914, 1.0873942101449277, 1.0)
0
2 1
#(1.3074255510256412, 1.2049503673504274, 1.0)
#(1.4308305137500001, 1.2872203425000002, 1.0)
2
2 1
#(0.9858353778947367, 0.9905569185964911, 1.0)
#(1.1775255902631578, 1.118350393508772, 1.0)
0
2 1
#(1.352785213, 1.235190142, 1.0)
#0.7910454920066249
2
2 0
#(1.04060401, 1.02706934, 1.0)
0
2 7
#(1.5136058327272728, 1.3424038884848486, 1.0)
1
2 7
#(0.9635222314814814, 0.9756814876543208, 1.0)
0
0 1
#0.7935785746778323
#(1.04060401, 1.02706934, 1.0)
0
1 1
#(0.9005227009615384, 0.9336818006410256, 1.0)
#(0.8263620079411765, 0.8842413386274511, 1.0)
0
0 1
#0.7935785746778308
0
0 3
#(1.0879041922727273, 1.0586027948484849, 1.0)
#(1.2333084562962964, 1.1555389708641977, 1.0)
0
0 3
#(0.9291107232142857, 0.9527404821428571, 1.0)
#(1.194767567037037, 1.129845044691358, 1.0)
0
0 3
#(0.7804530075, 0.8536353383333334, 1.0)
0
0 3
#(0.760441391923077, 0.8402942612820513, 1.0)
#0.7516884498356159
0
0 3
0
0 3
#(0.9249813422222223, 0.9499875614814816, 1.0)
0
0 3
2
0 0
0
0 3
#(0.9459090450900002, 0.9639393633933334, 1.0)
0
0 3
#(0.8335596949068967, 0.8890397966045978, 1.0)
#(0.724834517310345, 0.8165563448735633, 1.0)
0
0 3
#(1.6465824118233336, 1.4310549412155558, 1.0)
2
0 3
0
0 3
#(0.7418894471294118, 0.8279262980862745, 1.0)
0
0 3
0
0 3
0
0 3
#(1.6977854655461542, 1.4651903103641029, 1.0)
2
1 3
0
1 3
0
1 3
0
1 3
0
1 3
0
2 3
#(0.8408080400800001, 0.8938720267200001, 1.0)
#(0.8488927327730771, 0.8992618218487181, 1.0)
0
0 7
0
0 7
#(1.7516834168333337, 1.5011222778888893, 1.0)
#(1.0032368660045456, 1.0021579106696972, 1.0)
1
0 7
#(0.8666223220122808, 0.9110815480081872, 1.0)
0
0 7
#(0.9008657572285715, 0.9339105048190476, 1.0)
0
0 7
#(0.7996815598586957, 0.8664543732391304, 1.0)
#(1.4122947548218752, 1.27486316988125, 1.0)
2
0 7
#(1.5765150751500001, 1.3843433834333334, 1.0)
2
0 7
#(1.7758445674103451, 1.5172297116068967, 1.0)
2
1 7
0
1 7
#(1.7735794595437502, 1.5157196396958337, 1.0)
#(1.2935508308923078, 1.1957005539282053, 1.0)
1
2 7
#(1.2011543429714286, 1.1341028953142858, 1.0)
0
2 7
0
2 7
0
2 7
0
2 7
#(1.2011543429714286, 1.1341028953142858, 1.0)
0
2 7
0
2 7
0
2 7
0
2 7
0
2 7
0
2 7
#0.7288946418752431
0
2 7
#(0.9008657572285715, 0.9339105048190476, 1.0)
#(1.0510100501000001, 1.0340067000666668, 1.0)
0
2 7
0
2 7
0
2 7
0
2 7
0
2 7
0
0 6
#0.6879385670204725
#(1.1166981782312502, 1.0777987854875002, 1.0)
0
1 3
#0.6675426679177742
0
0 3
#0.6675426679177742
#(0.9403774132473686, 0.960251608831579, 1.0)
0
0 3
0
0 3
#(0.8715693098390245, 0.914379539892683, 1.0)
#(0.9297396597038463, 0.9531597731358975, 1.0)
0
0 3
#(1.3634724974270271, 1.2423149982846848, 1.0)
0
0 3
#(0.5732782091454546, 0.7155188060969696, 1.0)
#(1.0510100501000001, 1.0340067000666668, 1.0)
0
0 3
#(0.8977377511270834, 0.9318251674180557, 1.0)
#(1.0510100501000001, 1.0340067000666668, 1.0)
0
0 3
#(0.7379432266659575, 0.8252954844439717, 1.0)
0
0 3
#(0.7006733667333335, 0.8004489111555557, 1.0)
#(1.0510100501000001, 1.0340067000666668, 1.0)
0
0 3
#(1.1823863063625002, 1.1215908709083335, 1.0)
#(1.1677889445555558, 1.1118592963703706, 1.0)
0
0 3
#0.6675426679177742
#(1.0510100501000001, 1.0340067000666668, 1.0)
1
0 0
#(1.014768324234483, 1.0098455494896552, 1.0)
#0.6675426679177742
0
0 3
#(0.9008657572285715, 0.9339105048190476, 1.0)
0
0 3
#(1.122669826243182, 1.0817798841621213, 1.0)
0
0 3
#(0.5490351007985075, 0.6993567338656717, 1.0)
#(0.8758417084166668, 0.9172278056111112, 1.0)
0
0 3
#(0.7276223423769232, 0.8184148949179488, 1.0)
0
0 3
#0.9180257721507523
0
0 3
#(1.0510100501000001, 1.0340067000666668, 1.0)
0
0 6
#(0.7785259630370371, 0.8523506420246915, 1.0)
#(2.1975664683909097, 1.7983776455939398, 1.0)
2
1 6
#0.830242091547931
#(1.1791820074292685, 1.1194546716195124, 1.0)
0
1 6
#(0.8320496229958335, 0.8880330819972224, 1.0)
#(1.0510100501000001, 1.0340067000666668, 1.0)
0
1 6
#(1.0009619524761906, 1.0006413016507938, 1.0)
#(0.7191121395421053, 0.8127414263614036, 1.0)
0
1 6
#(2.2071211052100006, 1.8047474034733337, 1.0)
1
2 6
0
2 6
#(1.5360916116846157, 1.3573944077897437, 1.0)
#(1.4263707822785716, 1.2842471881857145, 1.0)
1
0 6
#(1.0957338820191491, 1.063822588012766, 1.0)
#(1.3137625626250002, 1.2091750417500002, 1.0)
0
1 2
#0.8090087495228613
#0.8090087495228613
0
0 2
#0.8090087495228615
#0.8090087495228615
0
0 2
#(1.078668209313158, 1.0524454728754387, 1.0)
#(0.9509138548523811, 0.9672759032349209, 1.0)
0
0 2
#(1.3512986358428574, 1.234199090561905, 1.0)
#(1.4837788942588237, 1.3225192628392157, 1.0)
2
0 6
#(1.5488569159368424, 1.3659046106245618, 1.0)
#(1.6450592088521743, 1.4300394725681163, 1.0)
2
0 6
#(0.7006733667333334, 0.8004489111555556, 1.0)
0
2 6
#(0.7882575375750002, 0.8588383583833336, 1.0)
#0.7891659815885957
0
0 6
#(1.815380995627273, 1.5435873304181822, 1.0)
2
0 6
#(1.0510100501000001, 1.0340067000666668, 1.0)
#(0.9701631231692309, 0.9801087487794873, 1.0)
0
0 6
#0.7891659815885956
#0.7891659815885956
0
0 6
#(0.9308946158028574, 0.9539297438685717, 1.0)
#0.7891659815885956
0
0 6
#(1.188098317504348, 1.125398878336232, 1.0)
0
0 6
#(1.2011543429714286, 1.1341028953142858, 1.0)
#(1.1022788330317075, 1.068185888687805, 1.0)
0
0 6
#(11.823863063625002, 8.215908709083335, 1.0)
#(0.7707407034066668, 0.8471604689377777, 1.0)
1
1 6
#(0.977683767534884, 0.9851225116899226, 1.0)
0
1 6
#(0.9879494470940001, 0.9919662980626667, 1.0)
#0.7891659815885957
0
1 6
#(1.2337944066391306, 1.1558629377594205, 1.0)
#(1.5456030148529414, 1.3637353432352943, 1.0)
2
2 6
#(0.8408080400800001, 0.8938720267200001, 1.0)
#0.7891659815885955
0
2 6
#0.7891659815885955
0
2 6
#(1.5765150751500001, 1.3843433834333334, 1.0)
#(0.8211016016406251, 0.88073440109375, 1.0)
1
2 6
#(1.0510100501000001, 1.0340067000666668, 1.0)
#0.7891659815885959
0
1 0
#0.7822383533497286
#(1.611548743486667, 1.4076991623244446, 1.0)
2
0 0
#(0.8310312024046513, 0.8873541349364342, 1.0)
#(1.9969190951900004, 1.6646127301266669, 1.0)
2
0 0
#(1.4935405975105265, 1.3290270650070177, 1.0)
1
0 0
#(0.9990777888009413, 0.9993851925339609, 1.0)
#(0.8741930652008236, 0.9161287101338824, 1.0)
0
0 6
#(0.7701224622007256, 0.846748308133817, 1.0)
#(1.0153671005748697, 1.0102447337165799, 1.0)
0
0 6
#(1.1626173078010953, 1.1084115385340636, 1.0)
0
0 6
#(0.8640280295589536, 0.9093520197059691, 1.0)
0
0 6
#(0.8492161204808001, 0.8994774136538668, 1.0)
0
0 6
0
2 6
#(1.0615201506010001, 1.041013433734, 1.0)
#(1.9264624955351484, 1.617641663690099, 1.0)
2
1 1
#0.7440608108539334
2
2 1
#(0.9907521405609335, 0.9938347603739558, 1.0)
0
0 1
#(0.8232197086293471, 0.8821464724195648, 1.0)
#(1.2738241807212003, 1.1825494538141335, 1.0)
0
0 1
0
0 1
#(1.510624829701423, 1.340416553134282, 1.0)
#(1.459590207076375, 1.30639347138425, 1.0)
1
0 1
#(1.1642479071107745, 1.1094986047405164, 1.0)
#(1.340867558653895, 1.2272450391025966, 1.0)
0
0 1
#(0.8256267838007779, 0.8837511892005185, 1.0)
#(0.680461635000641, 0.7869744233337608, 1.0)
0
0 1
#(2.1230403012020003, 1.7486935341346668, 1.0)
1
0 1
#(0.7582286790007143, 0.8388191193338095, 1.0)
#(1.4153602008013335, 1.2769068005342223, 1.0)
2
0 1
0
0 1
#(2.1230403012020003, 1.7486935341346668, 1.0)
2
0 1
0
0 1
#(1.0615201506010001, 1.041013433734, 1.0)
0
0 1
0
0 1
#(1.6453562334315504, 1.4302374889543668, 1.0)
2
2 1
#(0.9230610005226088, 0.9487073336817392, 1.0)
0
1 0
#(2.7599523915626003, 2.173301594375067, 1.0)
1
1 0
#(0.78552491144474, 0.8570166076298267, 1.0)
0
0 1
#(1.1580219824738185, 1.105347988315879, 1.0)
0
0 1
#0.7335547546801113
0
0 1
#0.7335547546801114
#(0.9526462890008975, 0.9684308593339317, 1.0)
0
0 1
#(1.8197488296017146, 1.5464992197344765, 1.0)
2
0 1
0
0 1
#(0.9230610005226088, 0.9487073336817392, 1.0)
#0.7335547546801113
2
0 0
#(1.0615201506010001, 1.041013433734, 1.0)
#(0.788557826160743, 0.8590385507738286, 1.0)
0
0 4
0
0 4
#0.8760679684620479
1
1 4
#(1.173259113822158, 1.1155060758814386, 1.0)
#(0.8709908928008206, 0.9139939285338805, 1.0)
0
1 4
#(1.4957783940286822, 1.3305189293524549, 1.0)
#0.8760679684620478
1
2 4
#(1.5333068842014448, 1.3555379228009634, 1.0)
#(1.8335348055835459, 1.5556898703890305, 1.0)
2
2 4
#(1.2637144650011907, 1.1758096433341272, 1.0)
#0.8760679684620478
0
1 1
#(1.8576602635517503, 1.5717735090345002, 1.0)
#(1.3473140373012693, 1.2315426915341796, 1.0)
1
1 1
#(0.6715739728292042, 0.7810493152194695, 1.0)
0
1 1
#0.8657821778304945
#(0.8846001255008334, 0.9230667503338891, 1.0)
0
1 1
#(1.344592190761267, 1.229728127174178, 1.0)
0
1 1
0
1 1
#(0.8492161204808001, 0.8994774136538668, 1.0)
0
1 1
#0.8657821778304945
#(0.8106153877316729, 0.8737435918211153, 1.0)
0
1 1
#(2.1230403012020003, 1.7486935341346668, 1.0)
2
1 1
0
1 1
#(1.8576602635517503, 1.5717735090345002, 1.0)
2
1 1
#(0.9230610005226088, 0.9487073336817392, 1.0)
#(0.7863112226674075, 0.8575408151116051, 1.0)
0
1 1
0
1 1
#0.8657821778304945
#(1.0615201506010001, 1.041013433734, 1.0)
0
1 1
#(1.4406344901013575, 1.2937563267342382, 1.0)
#(0.7548587737607112, 0.8365725158404741, 1.0)
1
1 1
#(1.7121292751629034, 1.474752850108602, 1.0)
#(0.7542380017428159, 0.8361586678285439, 1.0)
1
1 1
#(2.1230403012020003, 1.7486935341346668, 1.0)
#(0.8380422241586843, 0.8920281494391228, 1.0)
1
1 1
#0.8657821778304943
0
1 4
#(0.8846001255008334, 0.9230667503338891, 1.0)
#(0.6487067587006111, 0.7658045058004074, 1.0)
0
1 4
#(0.8429718843007942, 0.8953145895338629, 1.0)
#(0.9730601380509167, 0.9820400920339445, 1.0)
0
1 4
#0.8624105084988177
0
1 4
#(0.9199841305208668, 0.9466560870139112, 1.0)
0
1 4
#(1.3648116222012858, 1.2432077481341905, 1.0)
#(0.6227584883525867, 0.7485056589017245, 1.0)
0
1 4
#0.8624105084988177
#(1.4153602008013335, 1.2769068005342223, 1.0)
2
1 4
#(1.8045842560217005, 1.536389504014467, 1.0)
#(1.1999793006793915, 1.133319533786261, 1.0)
1
1 4
#(2.1230403012020003, 1.7486935341346668, 1.0)
1
1 4
#(1.1580219824738185, 1.105347988315879, 1.0)
#(1.284998077043316, 1.1899987180288774, 1.0)
0
1 4
#(0.7149013259149593, 0.8099342172766395, 1.0)
#(0.9526462890008975, 0.9684308593339317, 1.0)
0
1 4
#(0.792179216866418, 0.8614528112442787, 1.0)
0
1 4
#(0.9798647544009232, 0.9865765029339487, 1.0)
#0.8624105084988177
0
1 4
#(0.9650183187281819, 0.9766788791521211, 1.0)
#(0.9553681355409, 0.9702454236939334, 1.0)
0
1 4
#(0.9990777888009413, 0.9993851925339609, 1.0)
0
1 4
#(1.4153602008013335, 1.2769068005342223, 1.0)
#(1.0615201506010001, 1.041013433734, 1.0)
1
0 0
#0.8295290603641299
#(0.8165539620007694, 0.8777026413338462, 1.0)
0
1 7
#(1.0851094872810223, 1.0567396581873483, 1.0)
#(0.6318572325005953, 0.7545714883337302, 1.0)
0
0 7
#(0.8150958299257679, 0.8767305532838453, 1.0)
#0.8580500400672544
2
0 0
#0.8580500400672542
0
0 7
#(0.8424763100007937, 0.8949842066671958, 1.0)
0
0 7
#(0.6369120903606001, 0.7579413935737334, 1.0)
0
0 7
#(0.6487067587006111, 0.7658045058004074, 1.0)
2
0 0
#(1.07213535210701, 1.0480902347380068, 1.0)
#(1.07213535210701, 1.0480902347380068, 1.0)
0
0 2
0
0 2
#(1.5009894929498142, 1.333992995299876, 1.0)
1
0 3
0
0 3
#0.8260533775212631
0
0 3
0
0 3
0
0 3
0
0 3
0
0 3
1
1 3
#(0.8247195016207769, 0.8831463344138513, 1.0)
0
1 3
#(1.608203028160515, 1.4054686854403435, 1.0)
1
1 3
0
1 3
#(0.7147569014046734, 0.8098379342697823, 1.0)
0
1 3
#(0.536067676053505, 0.69071178403567, 1.0)
0
1 3
0
1 3
0
1 3
0
1 3
0
1 3
#(4.109852183076872, 3.073234788717915, 1.0)
1
2 3
0
2 3
0
2 3
#(1.397024852745498, 1.2646832351636654, 1.0)
0
1 3
0
1 3
#(1.7422199471738915, 1.494813298115928, 1.0)
1
1 3
0
1 3
0
1 3
0
1 3
#(1.07213535210701, 1.0480902347380068, 1.0)
0
1 3
0
1 3
0
1 3
0
1 3
0
1 3
0
1 3
0
1 3
#(1.1793488873177111, 1.1195659248784742, 1.0)
0
1 3
0
1 3
0
1 3
0
1 3
0
1 3
0
1 3
0
1 3
0
1 3
#(0.7422475514586993, 0.8281650343057995, 1.0)
0
1 3
0
1 3
0
1 3
0
1 3
0
1 3
0
1 3
#0.8260533775212633
0
1 3
0
1 3
0
1 3
0
1 3
#(1.286562422528412, 1.1910416150189413, 1.0)
0
1 3
0
1 3
0
1 3
0
1 3
0
1 3
#(1.9493370038309272, 1.632891335887285, 1.0)
1
1 3
0
1 3
#(8.309048978829328, 5.872699319219552, 1.0)
1
1 3
0
1 3
0
1 3
0
1 3
0
1 3
0
1 3
0
1 3
0
1 3
0
1 3
0
1 3
0
1 3
0
1 3
0
1 3
0
1 3
0
1 3
0
1 3
0
1 3
0
1 3
0
1 3
0
1 3
0
1 3
0
1 3
0
1 3
0
1 3
0
1 3
0
1 3
0
1 3
0
1 3
0
1 3
0
1 3
0
1 3
0
1 3
0
1 3
0
1 3
0
1 3
0
1 3
0
1 3
0
1 3
0
1 3
0
1 3
0
1 3
0
1 3
0
1 3
0
1 3
0
1 3
0
1 3
0
1 3
0
1 3
0
1 3
0
1 3
0
1 3
0
1 3
0
1 3
0
1 3
0
1 3
0
1 3
#(1.07213535210701, 1.0480902347380068, 1.0)
#0.8260533775212648
2
0 0
#(0.6126487726325772, 0.7417658484217181, 1.0)
0
1 0
#(0.8934461267558417, 0.9289640845038946, 1.0)
#(0.8890878529667889, 0.926058568644526, 1.0)
0
0 1
#(1.3401691901337625, 1.226779460089175, 1.0)
#(1.07213535210701, 1.0480902347380068, 1.0)
0
0 1
#0.9082885151736116
0
0 1
#(0.5991344614715645, 0.7327563076477096, 1.0)
#0.9082885151736116
0
0 1
#(1.07213535210701, 1.0480902347380068, 1.0)
#(0.9124556188144766, 0.941637079209651, 1.0)
0
0 1
#(1.07213535210701, 1.0480902347380068, 1.0)
#(1.3401691901337625, 1.226779460089175, 1.0)
0
0 1
#0.9082885151736116
#(0.9649218168963091, 0.9766145445975395, 1.0)
0
0 1
#(1.0141820898309555, 1.0094547265539704, 1.0)
#(0.9724018309807766, 0.9816012206538511, 1.0)
0
0 1
#(1.2749717700732013, 1.1833145133821341, 1.0)
#(1.608203028160515, 1.4054686854403435, 1.0)
2
0 0
#(0.6771381171202169, 0.7847587447468113, 1.0)
#0.8551111816736994
0
0 0
#(1.07213535210701, 1.0480902347380068, 1.0)
#(1.8762368661872677, 1.5841579107915118, 1.0)
2
0 0
#(1.1640326680018966, 1.1093551120012644, 1.0)
0
0 0
#(1.1614799647825942, 1.1076533098550627, 1.0)
#(1.2210430398996504, 1.1473620265997668, 1.0)
0
0 0
#(0.8646252839572662, 0.9097501893048442, 1.0)
#(0.8772016517239173, 0.9181344344826116, 1.0)
0
0 0
#(0.9434791098541688, 0.9623194065694459, 1.0)
#(1.455040835002371, 1.3033605566682473, 1.0)
2
0 0
#0.8551111816736994
0
0 0
#0.8551111816736994
0
0 0
#(4.441703601586185, 3.294469067724123, 1.0)
1
0 0
#(1.6082030281605149, 1.4054686854403433, 1.0)
#0.8551111816736991
1
0 0
#(1.1231894164930583, 1.0821262776620388, 1.0)
#(0.846422646400271, 0.8976150976001808, 1.0)
0
0 2
#(0.8503142447745252, 0.9002094965163501, 1.0)
#0.8056317759528586
0
0 2
#0.8056317759528586
#(1.07213535210701, 1.0480902347380068, 1.0)
0
0 2
0
0 2
#(0.8398393591504912, 0.8932262394336608, 1.0)
#(0.9955542555279379, 0.9970361703519585, 1.0)
0
0 2
#0.8056317759528586
#(1.07213535210701, 1.0480902347380068, 1.0)
0
0 2
#(0.8934461267558417, 0.9289640845038946, 1.0)
0
0 2
#0.8056317759528586
#(0.7941743348940814, 0.8627828899293876, 1.0)
0
0 2
#(0.8084955114249583, 0.8723303409499722, 1.0)
0
0 2
#(3.7037403072787622, 2.8024935381858413, 1.0)
#(5.360676760535051, 3.9071178403567006, 1.0)
2
0 2
#(1.608203028160515, 1.4054686854403435, 1.0)
#(1.07213535210701, 1.0480902347380068, 1.0)
1
0 2
#0.8056317759528586
0
0 2
#0.8056317759528586
#(2.054926091538436, 1.703284061025624, 1.0)
2
1 2
#0.8056317759528588
#(0.9827907394314259, 0.9885271596209506, 1.0)
0
1 2
#(1.292869101070218, 1.1952460673801453, 1.0)
#(0.7658109657907214, 0.8438739771938142, 1.0)
0
1 2
#0.8056317759528586
#(0.6637028370186252, 0.7758018913457502, 1.0)
0
1 2
#(1.5316219315814428, 1.354414621054295, 1.0)
1
2 2
#(1.07213535210701, 1.0480902347380068, 1.0)
0
0 5
#(0.8082251115883614, 0.8721500743922409, 1.0)
#0.797717142631448
0
1 2
#(0.8436474901825652, 0.8957649934550435, 1.0)
#(2.573124845056824, 2.048749896704549, 1.0)
2
0 5
#(2.14427070421402, 1.76284713614268, 1.0)
#0.7675488841563051
1
0 5
#(0.8806826106593296, 0.9204550737728864, 1.0)
#(1.6796787183009825, 1.4531191455339882, 1.0)
2
0 0
#0.753960585867493
0
1 0
#0.753960585867493
#(1.3018786418442265, 1.201252427896151, 1.0)
0
0 0
#0.753960585867493
#0.753960585867493
2
0 0
#0.753960585867493
#0.753960585867493
0
0 4
#(3.7524737323745354, 2.83498248824969, 1.0)
#(1.117758133047734, 1.0785054220318226, 1.0)
1
1 4
#(0.6949025430323212, 0.7966016953548808, 1.0)
#(1.4450519963181438, 1.2967013308787625, 1.0)
2
0 1
#0.8135193932078191
0
0 1
#(1.6796787183009825, 1.4531191455339882, 1.0)
2
0 0
#(1.198268922943129, 1.132179281962086, 1.0)
#0.7663738174238592
0
1 0
#(0.7899944699735864, 0.8599963133157242, 1.0)
#0.7663738174238592
0
0 0
#(1.6569364532562885, 1.4379576355041923, 1.0)
#0.7663738174238592
1
0 0
#0.7663738174238593
#0.7663738174238593
0
0 0
#(1.3874692791973071, 1.2583128527982048, 1.0)
#0.7663738174238593
0
0 0
#(1.07213535210701, 1.0480902347380068, 1.0)
#(1.07213535210701, 1.0480902347380068, 1.0)
0
0 0
#(2.2112791637207083, 1.8075194424804721, 1.0)
#(0.8883407203172369, 0.9255604802114913, 1.0)
1
0 0
#0.7663738174238593
#(1.0078072309805894, 1.0052048206537263, 1.0)
1
0 0
#(1.3784597384232986, 1.2523064922821991, 1.0)
#(1.4132693277774224, 1.2755128851849482, 1.0)
2
1 5
#(1.3052082547389687, 1.2034721698259792, 1.0)
#(0.6959475092624451, 0.7972983395082966, 1.0)
0
1 5
#(1.1208687772027832, 1.0805791848018556, 1.0)
#0.9466338734656473
0
1 1
#0.8639800663523607
#(2.10138529012974, 1.7342568600864932, 1.0)
2
2 1
#(1.07213535210701, 1.0480902347380068, 1.0)
#(1.023401927011237, 1.015601284674158, 1.0)
0
2 1
0
2 1
#(0.9670240430769109, 0.9780160287179406, 1.0)
#0.8639800663523607
0
2 1
0
2 1
#0.8639800663523607
#(0.9912194764762924, 0.9941463176508615, 1.0)
1
2 0
#0.8639800663523607
#0.8639800663523607
0
2 1
#(1.0125722769899541, 1.0083815179933027, 1.0)
#(1.5563255111230792, 1.3708836740820527, 1.0)
2
0 1
#(1.6946655565562418, 1.4631103710374944, 1.0)
#(1.2670690524901027, 1.1780460349934019, 1.0)
1
2 3
#0.8396310353029883
#(1.2508245774581783, 1.1672163849721189, 1.0)
0
2 4
#(3.21640605632103, 2.4776040375473536, 1.0)
#(0.9827907394314259, 0.9885271596209506, 1.0)
1
2 4
#0.8362370015991716
0
2 4
#(1.1011119832450373, 1.067407988830025, 1.0)
#(0.7445384389632015, 0.8296922926421343, 1.0)
0
2 4
#(0.8106389247638368, 0.8737592831758912, 1.0)
#(1.1487164486860821, 1.0991442991240548, 1.0)
0
2 4
#(1.2696339696004066, 1.1797559797336044, 1.0)
0
2 4
#(1.07213535210701, 1.0480902347380068, 1.0)
1
2 0
#0.8362370015991716
2
2 0
0
0 7
#0.9648744636921814
#(1.3234915291009868, 1.2156610194006578, 1.0)
1
0 0
#0.9334784482841139
1
0 0
#(1.4047870775715636, 1.2698580517143758, 1.0)
2
2 6
#1.0484988174786367
#(0.835346601484519, 0.890231067656346, 1.0)
1
2 0
#(1.0828567056280802, 1.0552378037520536, 1.0)
#(1.0828567056280802, 1.0552378037520536, 1.0)
0
2 3
#(1.0828567056280802, 1.0552378037520536, 1.0)
#(1.0828567056280802, 1.0552378037520536, 1.0)
0
2 3
#(0.9844151869346183, 0.9896101246230788, 1.0)
0
2 3
#1.1727674491132025
#(0.9056619719798489, 0.9371079813198993, 1.0)
1
2 0
#(1.4889279702386102, 1.3259519801590736, 1.0)
#(2.7071417640702005, 2.138094509380134, 1.0)
2
1 2
#(1.002645097803778, 1.001763398535852, 1.0)
#(0.9144123291970456, 0.9429415527980304, 1.0)
0
1 6
#(0.8121425292210602, 0.8747616861473735, 1.0)
0
1 6
#(0.931256766840149, 0.9541711778934326, 1.0)
#(2.2127941375878164, 1.8085294250585442, 1.0)
2
2 6
#1.035545252040318
#(1.7016319659869832, 1.467754643991322, 1.0)
2
0 7
#(1.1550471526699522, 1.1033647684466348, 1.0)
#(1.4077137173165044, 1.2718091448776696, 1.0)
2
0 7
#(1.2994280467536963, 1.1996186978357974, 1.0)
0
2 7
#(0.8422218821551736, 0.8948145881034492, 1.0)
#(0.7100699709036591, 0.8067133139357727, 1.0)
0
0 7
#(0.7409019564823707, 0.8272679709882471, 1.0)
#(1.0828567056280802, 1.0552378037520536, 1.0)
0
0 7
0
0 7
#(0.9023805880234002, 0.9349203920156001, 1.0)
0
0 7
#(0.7734690754486286, 0.8489793836324191, 1.0)
#0.8585545258078545
0
0 7
#0.8585545258078553
#(1.6056151152416362, 1.4037434101610906, 1.0)
2
2 7
#(0.8508159829934916, 0.9005439886623278, 1.0)
0
0 1
#(0.8422218821551736, 0.8948145881034492, 1.0)
#(1.1279757350292503, 1.0853171566861668, 1.0)
0
0 7
#0.8258769184426819
#(0.7219044704187202, 0.8146029802791469, 1.0)
1
0 0
#(0.962539293891627, 0.9750261959277514, 1.0)
0
0 6
#0.9401282535757668
#(2.1657134112561605, 1.7771422741707736, 1.0)
1
0 0
#0.9401282535757668
#(1.6068196277061835, 1.4045464184707892, 1.0)
2
0 1
#0.9135473654919297
0
1 4
#(0.9384758115443362, 0.9589838743628908, 1.0)
0
0 4
#(1.3406797307776233, 1.2271198205184155, 1.0)
#0.8492570569673605
2
0 0
#0.8492570569673605
#(0.8961572736232388, 0.9307715157488259, 1.0)
1
0 0
#(1.0828567056280802, 1.0552378037520536, 1.0)
#(1.0828567056280802, 1.0552378037520536, 1.0)
0
0 5
#(0.8121425292210602, 0.8747616861473735, 1.0)
#(1.1911423761908881, 1.1274282507939255, 1.0)
0
0 5
#(0.9370875337166079, 0.9580583558110719, 1.0)
#(1.133222133796828, 1.088814755864552, 1.0)
0
0 5
#(1.0828567056280802, 1.0552378037520536, 1.0)
#(1.2031741173645336, 1.1354494115763558, 1.0)
0
0 5
#(0.9082023982687125, 0.9388015988458083, 1.0)
#(0.950262006979744, 0.9668413379864959, 1.0)
0
0 6
#(1.0828567056280802, 1.0552378037520536, 1.0)
#(0.9384758115443362, 0.9589838743628908, 1.0)
0
0 6
0
0 6
#(0.9973680183416528, 0.9982453455611019, 1.0)
0
0 6
#(1.1630683134523825, 1.108712208968255, 1.0)
#(0.9384758115443362, 0.9589838743628908, 1.0)
0
0 6
#1.1026396473448006
#1.1026396473448006
2
0 0
#1.1026396473448006
#1.1026396473448006
0
0 2
#1.2450622040628918
#(0.7219044704187202, 0.8146029802791469, 1.0)
1
0 0
0
0 2
#(1.0828567056280802, 1.0552378037520536, 1.0)
#0.9269399106933953
2
0 0
#0.8704079382615145
#(1.568275228840668, 1.3788501525604453, 1.0)
1
0 0
0
0 0
#(1.4889279702386102, 1.3259519801590736, 1.0)
#0.9614607408373429
1
0 0
#(1.2910983797873263, 1.1940655865248841, 1.0)
#(0.9474996174245702, 0.9649997449497135, 1.0)
0
0 0
#0.9614607408373428
#(1.3922443358075316, 1.2614962238716878, 1.0)
1
0 0
#(1.6844437643103471, 1.4562958428735648, 1.0)
2
0 0
#1.1221112844274193
#(3.380481751933479, 2.5869878346223194, 1.0)
2
1 0
#1.1221112844274193
1
1 0
#1.1221112844274193
#(1.784433865958694, 1.5229559106391293, 1.0)
2
2 1
#(1.4251050522856825, 1.283403368190455, 1.0)
#(0.6718352389346789, 0.7812234926231193, 1.0)
1
1 1
#(1.2663724210029443, 1.1775816140019628, 1.0)
0
1 2
#(0.8007338603581928, 0.8671559069054618, 1.0)
#(0.7291235151229073, 0.8194156767486049, 1.0)
0
1 2
#(2.1873705453687218, 1.7915803635791478, 1.0)
#0.8550039800667126
1
0 2
#(0.8802832682581442, 0.9201888455054293, 1.0)
0
1 4
#0.8030960498633539
#(1.2499260259249838, 1.166617350616656, 1.0)
0
0 4
#0.803096049863354
#(0.8202639545132707, 0.8801759696755139, 1.0)
1
0 0
#0.8030960498633539
#(1.0936852726843609, 1.0624568484562407, 1.0)
0
0 7
#(0.8202639545132707, 0.8801759696755139, 1.0)
#(1.3422501073853519, 1.2281667382569013, 1.0)
0
0 7
#(0.903479138304472, 0.935652758869648, 1.0)
#(1.1848257120747243, 1.1232171413831495, 1.0)
0
0 7
#0.8765404354080953
#(1.0936852726843609, 1.0624568484562407, 1.0)
0
0 7
#0.8765404354080953
#(1.1470357737909151, 1.0980238491939434, 1.0)
0
0 7
#0.8765404354080953
0
0 7
#0.8765404354080953
#(1.2759661514650877, 1.1839774343100584, 1.0)
0
0 7
#(0.6748270831456694, 0.7832180554304463, 1.0)
#(2.8709238407964475, 2.247282560530965, 1.0)
2
1 7
#(1.2499260259249838, 1.166617350616656, 1.0)
#0.8765404354080953
0
1 7
#(1.5311593817581053, 1.3541062545054035, 1.0)
#(1.0025448332939975, 1.0016965555293316, 1.0)
1
1 7
#0.8765404354080953
#(1.0317785591361894, 1.021185706090793, 1.0)
0
1 7
#0.8765404354080952
#(1.2499260259249838, 1.166617350616656, 1.0)
1
1 0
#0.8288629120751676
#0.8288629120751676
1
1 0
#1.0965266463523098
#(0.6959815371627751, 0.7973210247751834, 1.0)
0
2 4
#0.8560246592018134
0
0 4
#0.8560246592018134
#0.8560246592018134
0
0 4
#(1.7118552094189996, 1.4745701396126663, 1.0)
2
0 4
#(1.0936852726843609, 1.0624568484562407, 1.0)
#(1.126827250644493, 1.084551500429662, 1.0)
0
0 4
#(0.8384920423913435, 0.8923280282608955, 1.0)
#(0.9114043939036341, 0.9409362626024228, 1.0)
0
0 4
#0.8560246592018134
#(1.0095556363240255, 1.006370424216017, 1.0)
1
0 0
#(1.0936852726843609, 1.0624568484562407, 1.0)
0
0 7
#(0.8058733588200554, 0.8705822392133703, 1.0)
#(0.8593241428234265, 0.9062160952156176, 1.0)
0
0 7
#1.2004070001221843
#(0.7898838080498162, 0.8599225386998773, 1.0)
1
0 0
#1.2004070001221843
#(1.2889862142351396, 1.1926574761567597, 1.0)
1
0 0
#(0.903479138304472, 0.935652758869648, 1.0)
#(0.9650164170744361, 0.9766776113829575, 1.0)
0
0 4
#(0.8351778445953302, 0.8901185630635534, 1.0)
#1.0193477784949876
2
0 0
#(0.9296324817817068, 0.9530883211878045, 1.0)
#(1.2223541282942858, 1.148236085529524, 1.0)
0
0 4
#(0.8285494490033036, 0.8856996326688691, 1.0)
#(1.4112068034636915, 1.2741378689757943, 1.0)
2
1 4
#(0.7638436825097125, 0.8425624550064749, 1.0)
0
1 4
#(1.0936852726843609, 1.0624568484562407, 1.0)
#(3.0076344998819926, 2.3384229999213284, 1.0)
2
2 4
0
2 4
#1.9755458187145203
#(1.2951536123893748, 1.1967690749262498, 1.0)
1
2 0
#1.097189302600354
#1.097189302600354
1
2 0
#1.070014642979798
#1.070014642979798
1
2 0
#(1.1823624569560658, 1.121574971304044, 1.0)
#(3.4268805210776643, 2.6179203473851094, 1.0)
2
1 6
#(1.2811741765731086, 1.187449451048739, 1.0)
#(1.5839579811290745, 1.3893053207527164, 1.0)
2
0 4
#(1.4582470302458146, 1.3054980201638764, 1.0)
1
2 3
#0.9471712880378013
#0.9471712880378013
0
0 3
#0.9471712880378012
#(0.8973827878435782, 0.9315885252290522, 1.0)
0
0 3
#(0.7954074710431716, 0.8636049806954477, 1.0)
#0.9471712880378012
0
0 3
#(1.6405279090265412, 1.4270186060176941, 1.0)
#(1.0936852726843609, 1.0624568484562407, 1.0)
1
0 3
#(2.1873705453687218, 1.7915803635791478, 1.0)
#0.9471712880378012
1
0 3
#(1.011658877233034, 1.0077725848220227, 1.0)
#(0.9186956290548632, 0.9457970860365755, 1.0)
0
0 3
#0.9471712880378012
#0.9471712880378012
0
0 3
#(1.481767143636876, 1.3211780957579173, 1.0)
#0.9471712880378012
2
0 0
#0.9471712880378013
#0.9471712880378013
0
0 3
#1.0785053705362142
#1.0785053705362142
0
0 3
#1.0785053705362124
#(1.3367264443919966, 1.2244842962613312, 1.0)
0
1 7
#(1.0274013167640965, 1.0182675445093976, 1.0)
0
0 2
0
0 2
#(0.9374445194437379, 0.9582963462958253, 1.0)
#0.8754935380770195
0
0 2
#0.8754935380770195
#(1.2987512613126786, 1.1991675075417858, 1.0)
0
0 2
#(1.0936852726843609, 1.0624568484562407, 1.0)
#(1.6825927272067092, 1.455061818137806, 1.0)
2
1 2
#(1.789666809847136, 1.5264445398980906, 1.0)
#(1.0936852726843609, 1.0624568484562407, 1.0)
1
2 0
#(1.0155648960640495, 1.010376597376033, 1.0)
#0.8082645954778997
0
2 0
#(0.7044074637628087, 0.8029383091752059, 1.0)
#(0.8544416192846569, 0.9029610795231046, 1.0)
0
2 0
#(1.3588210963654181, 1.239214064243612, 1.0)
0
2 0
#0.8082645954778995
#(1.0936852726843609, 1.0624568484562407, 1.0)
0
2 0
#(1.5085314105991185, 1.3390209403994124, 1.0)
#(1.1232443341082625, 1.0821628894055084, 1.0)
1
1 0
#(1.0499378617769863, 1.0332919078513243, 1.0)
#0.8082645954778995
0
1 2
#(1.0936852726843609, 1.0624568484562407, 1.0)
0
1 2
#0.7614606152309853
#(1.2270615254507464, 1.1513743503004976, 1.0)
0
1 2
#0.7614606152309853
#0.7614606152309853
2
1 0
#0.7614606152309853
#(1.1203605232376381, 1.080240348825092, 1.0)
0
0 4
#(1.312422327221233, 1.208281551480822, 1.0)
1
0 0
#(1.1046221254112045, 1.0697480836074698, 1.0)
#(0.7364147502741364, 0.8242765001827577, 1.0)
0
2 4
#(1.6994186544787762, 1.4662791029858508, 1.0)
#(1.1046221254112045, 1.0697480836074698, 1.0)
1
2 4
#(0.7364147502741364, 0.8242765001827577, 1.0)
#(1.1046221254112045, 1.0697480836074698, 1.0)
0
0 4
#0.8137050584500964
0
0 4
#(0.8284665940584034, 0.8856443960389356, 1.0)
0
0 4
#(0.7472443789546384, 0.8314962526364256, 1.0)
#0.8137050584500964
0
0 4
#(0.6413934921742478, 0.7609289947828319, 1.0)
#(1.1427125435288323, 1.0951416956858882, 1.0)
0
0 4
#(0.8591505419864924, 0.9061003613243283, 1.0)
#(1.215084337952325, 1.1433895586348835, 1.0)
0
0 4
#(2.3670474115954385, 1.9113649410636258, 1.0)
2
0 4
#(0.6903888283820029, 0.7935925522546686, 1.0)
#0.8137050584500964
2
0 0
#0.8051609304612756
0
0 5
#(1.1627601320117942, 1.1085067546745295, 1.0)
0
0 5
#(0.9636065349331785, 0.9757376899554524, 1.0)
#1.6014722110699247
0
0 5
#(0.7797332649961444, 0.8531555099974296, 1.0)
0
0 7
#(1.4202284469572628, 1.2801522979715085, 1.0)
#1.3252837840913214
2
0 0
#(0.9746665812451805, 0.9831110541634537, 1.0)
0
0 2
#(1.2345776695772286, 1.1563851130514857, 1.0)
#(2.577451625959477, 2.051634417306318, 1.0)
2
2 2
#(0.8545190026765922, 0.9030126684510614, 1.0)
#(1.949333162490361, 1.6328887749935739, 1.0)
2
2 2
#(0.8284665940584034, 0.8856443960389356, 1.0)
#(1.4728295005482726, 1.3152196670321816, 1.0)
2
0 1
#(0.7050779523901306, 0.8033853015934204, 1.0)
#(1.0196511926872656, 1.0131007951248436, 1.0)
0
0 1
1
1 1
#0.7209741241328396
#0.7209741241328396
0
1 1
#0.7209741241328396
#0.7209741241328396
0
1 1
#0.7209741241328396
0
1 1
#(1.4445058563069597, 1.2963372375379731, 1.0)
#0.7209741241328396
1
1 1
#(1.1046221254112045, 1.0697480836074698, 1.0)
#(2.151106244221819, 1.767404162814546, 1.0)
2
1 1
#(1.205042318630405, 1.1366948790869367, 1.0)
0
2 1
#(0.8230517797181524, 0.8820345198121015, 1.0)
0
1 1
#(0.9125139296875168, 0.9416759531250113, 1.0)
#(0.7304759216428933, 0.8203172810952623, 1.0)
0
1 1
#(1.3556726084592055, 1.237115072306137, 1.0)
#(0.8213856829980752, 0.8809237886653835, 1.0)
0
1 1
#0.7209741241328401
#(0.8284665940584034, 0.8856443960389356, 1.0)
0
0 0
#(1.7358347685033213, 1.4905565123355473, 1.0)
#(0.8695961412811609, 0.9130640941874407, 1.0)
1
0 3
#0.7903825267357575
#0.7903825267357575
0
0 3
#0.7903825267357574
0
0 3
#(0.9037817389728037, 0.9358544926485358, 1.0)
#(1.1046221254112045, 1.0697480836074698, 1.0)
0
0 3
#0.7903825267357574
#0.7903825267357574
0
0 3
#(1.4393561028085393, 1.2929040685390263, 1.0)
#0.7903825267357575
1
0 3
#(0.7890158038651461, 0.8593438692434306, 1.0)
#(1.2462403466177692, 1.1641602310785129, 1.0)
0
0 3
#(1.1046221254112045, 1.0697480836074698, 1.0)
#0.7903825267357575
0
0 3
#(1.2020887835357226, 1.1347258556904818, 1.0)
#(1.1046221254112045, 1.0697480836074698, 1.0)
0
0 3
#(1.7673954006579273, 1.5115969337719515, 1.0)
1
0 3
#0.7903825267357574
#0.7903825267357574
0
0 3
#(1.3312112793417081, 1.2208075195611388, 1.0)
#(0.9795705640438983, 0.9863803760292655, 1.0)
0
0 3
#(1.6773891534021996, 1.4515927689347998, 1.0)
1
0 3
#(0.966544359734804, 0.9776962398232026, 1.0)
#(0.8379891985878104, 0.8919927990585403, 1.0)
0
0 3
0
0 3
#(1.4991300273437775, 1.3327533515625183, 1.0)
#0.7903825267357575
1
1 3
#0.7903825267357577
0
1 3
#(0.9096888091621684, 0.9397925394414456, 1.0)
0
1 3
#(1.1046221254112045, 1.0697480836074698, 1.0)
0
1 3
#(0.9346802599633269, 0.9564535066422181, 1.0)
0
1 3
#(0.8921947936013576, 0.928129862400905, 1.0)
#(1.0396443533281925, 1.0264295688854617, 1.0)
0
1 3
#(0.966544359734804, 0.9776962398232026, 1.0)
#(1.1526491743421265, 1.1017661162280843, 1.0)
0
1 3
#0.790382526735757
#(0.8535716423632035, 0.9023810949088024, 1.0)
0
1 3
#(2.209244250822409, 1.806162833881606, 1.0)
2
2 3
#(1.2837500376400486, 1.1891666917600323, 1.0)
0
2 3
#(0.9378867102547963, 0.9585911401698642, 1.0)
#(1.3697314355098937, 1.2464876236732625, 1.0)
0
1 5
#0.7382673684542895
#(1.0196511926872658, 1.0131007951248439, 1.0)
0
1 5
#0.7382673684542895
#(1.0004124909384493, 1.0002749939589661, 1.0)
1
1 0
#(0.8333114279417859, 0.888874285294524, 1.0)
#0.7382673684542896
0
0 1
#0.7826070138082363
#(0.9883461122100251, 0.9922307414733501, 1.0)
0
0 1
#(0.789015803865146, 0.8593438692434306, 1.0)
#(0.9302081056094353, 0.9534720704062902, 1.0)
0
0 1
#(1.8075634779456073, 1.5383756519637384, 1.0)
#(2.9456590010965455, 2.29710600073103, 1.0)
2
0 1
#0.7826070138082362
#(0.966544359734804, 0.9776962398232026, 1.0)
0
0 1
#(1.3878585678243338, 1.258572378549556, 1.0)
#(1.5719622553928678, 1.3813081702619119, 1.0)
2
0 1
#(1.1046221254112045, 1.0697480836074698, 1.0)
#0.782607013808236
2
0 0
#(1.1361827575658103, 1.0907885050438735, 1.0)
#(2.872017526069132, 2.2480116840460878, 1.0)
2
0 1
#0.851906577488286
#(1.1046221254112045, 1.0697480836074698, 1.0)
0
0 1
#(0.6594758957678832, 0.7729839305119222, 1.0)
0
0 1
#(1.0520210718201948, 1.0346807145467964, 1.0)
0
0 1
#(1.6569331881168068, 1.437955458744538, 1.0)
1
0 1
#(0.966544359734804, 0.9776962398232026, 1.0)
#0.8519065774882858
0
0 1
#(1.4058827050688059, 1.2705884700458705, 1.0)
#(1.4619998718677707, 1.3079999145785137, 1.0)
2
1 1
#0.851906577488286
#(1.6067230915072066, 1.4044820610048045, 1.0)
2
2 1
#(0.9346802599633269, 0.9564535066422181, 1.0)
0
2 1
#(1.1046221254112045, 1.0697480836074698, 1.0)
#(1.5294767890308985, 1.3529845260205988, 1.0)
2
2 1
#(1.2371767804605491, 1.158117853640366, 1.0)
#0.851906577488286
0
2 4
2
0 4
#(2.48539978217521, 1.99026652145014, 1.0)
2
0 2
#(0.6568023448390946, 0.771201563226063, 1.0)
#(3.1297626886650796, 2.4198417924433864, 1.0)
2
0 2
#(2.5248505723684675, 2.016567048245645, 1.0)
#(2.761555313528011, 2.174370209018674, 1.0)
2
1 2
#(1.1046221254112045, 1.0697480836074698, 1.0)
#(1.9079836711648077, 1.6053224474432053, 1.0)
2
1 2
#(0.994159912870084, 0.996106608580056, 1.0)
#(1.1046221254112045, 1.0697480836074698, 1.0)
0
0 2
#(0.9037817389728037, 0.9358544926485358, 1.0)
#(0.8720700990088457, 0.9147133993392305, 1.0)
0
0 2
#(0.8386945767010998, 0.8924630511340665, 1.0)
#0.7429331200137177
0
0 2
#0.7429331200137176
#(0.7609619086166076, 0.8406412724110718, 1.0)
0
0 2
#0.7429331200137177
#(1.030980650383791, 1.0206537669225273, 1.0)
0
0 2
#(1.5341973964044506, 1.3561315976029669, 1.0)
1
0 2
#(1.8936379292763506, 1.595758619517567, 1.0)
#(1.255252415240005, 1.1701682768266701, 1.0)
1
0 2
#0.7429331200137177
#(1.1046221254112045, 1.0697480836074698, 1.0)
0
0 2
#(1.1322376785464847, 1.088158452364323, 1.0)
#(1.0432542295550264, 1.0288361530366843, 1.0)
0
0 2
#(1.2887258129797388, 1.192483875319826, 1.0)
0
0 2
#0.7429331200137177
#(1.5878943052786065, 1.3919295368524043, 1.0)
2
0 2
#(0.9495874411429653, 0.9663916274286436, 1.0)
#(0.6627732752467227, 0.7751821834978152, 1.0)
0
2 0
#(0.8591505419864924, 0.9061003613243283, 1.0)
#(1.0789332387737347, 1.0526221591824898, 1.0)
0
0 3
#0.7883290240606073
0
0 3
#(1.4020203899449903, 1.2680135932966603, 1.0)
2
0 3
#0.7883290240606073
#(1.205042318630405, 1.1366948790869367, 1.0)
0
0 3
#0.7883290240606073
#0.7883290240606073
0
0 3
#0.7883290240606073
#(1.268269847694346, 1.1788465651295639, 1.0)
0
0 3
#0.7883290240606073
#(0.6991279274754459, 0.799418618316964, 1.0)
0
0 3
#(2.1478763549662307, 1.7652509033108206, 1.0)
#(1.8410368756853408, 1.560691250456894, 1.0)
1
0 3
#0.7883290240606073
#0.7883290240606073
0
0 3
#(0.9913275484459527, 0.9942183656306351, 1.0)
#(0.8497093272393881, 0.899806218159592, 1.0)
0
0 3
#(2.025140563253875, 1.68342704216925, 1.0)
#(0.6866569968772352, 0.7911046645848234, 1.0)
1
0 3
#(0.6094466898820439, 0.7396311265880292, 1.0)
#(0.7043967176535217, 0.8029311451023479, 1.0)
0
0 3
#0.7883290240606073
#(1.1046221254112045, 1.0697480836074698, 1.0)
1
0 0
#0.7883290240606073
#0.7883290240606073
2
0 0
#(0.7706665991240962, 0.8471110660827308, 1.0)
#(1.7029591100089403, 1.468639406672627, 1.0)
2
0 3
#(25.406308884457705, 17.27087258963847, 1.0)
#0.9516114447466095
1
0 3
#(0.9761776922238551, 0.98411846148257, 1.0)
#(1.1046221254112045, 1.0697480836074698, 1.0)
0
0 3
#(2.025140563253875, 1.68342704216925, 1.0)
#(1.4295109858262647, 1.2863406572175098, 1.0)
1
1 3
#(1.1361827575658103, 1.0907885050438735, 1.0)
#(1.2745639908590822, 1.1830426605727216, 1.0)
0
1 3
#(1.8410368756853408, 1.560691250456894, 1.0)
#(1.4534501650147427, 1.3023001100098284, 1.0)
1
2 3
#(0.9302081056094353, 0.9534720704062902, 1.0)
#(0.7309999359338853, 0.8206666239559235, 1.0)
0
2 3
#(1.5063028982880062, 1.3375352655253376, 1.0)
#(0.8535716423632035, 0.9023810949088024, 1.0)
1
1 3
#0.9516114447466116
0
2 5
#0.8451920315228927
0
0 5
#(0.9160281039995355, 0.9440187359996903, 1.0)
0
0 5
#(1.0196511926872658, 1.0131007951248439, 1.0)
#(1.436008763034566, 1.2906725086897106, 1.0)
2
1 5
#0.8451920315228926
0
1 5
#0.8451920315228926
0
1 5
#0.8451920315228927
#(1.0396443533281925, 1.0264295688854617, 1.0)
0
1 5
#0.8451920315228927
2
2 5
#(4.83272179867402, 3.5551478657826796, 1.0)
#(0.7684327828947509, 0.8456218552631674, 1.0)
1
0 5
0
2 1
#(0.6136789585617803, 0.7424526390411869, 1.0)
#(1.3471001529404933, 1.231400101960329, 1.0)
0
0 1
#0.8337713001808112
#(1.3500937088359166, 1.2333958058906112, 1.0)
0
0 1
#0.8337713001808112
#(0.8033615457536033, 0.8689076971690689, 1.0)
0
0 1
#(0.85664572991073, 0.9044304866071533, 1.0)
#(1.3807776567640055, 1.2538517711760038, 1.0)
0
0 1
#0.8337713001808112
#(1.399188025520859, 1.2661253503472394, 1.0)
0
0 1
#(1.028441289175949, 1.0189608594506325, 1.0)
0
0 1
#0.8337713001808112
#(0.9468189646381753, 0.9645459764254501, 1.0)
0
0 1
#0.8337713001808112
#(1.2273579171235605, 1.1515719447490402, 1.0)
0
0 1
#0.8337713001808112
#(1.5594665299922887, 1.3729776866615258, 1.0)
2
0 1
#0.8337713001808112
#(0.9346802599633269, 0.9564535066422181, 1.0)
0
0 1
#0.8337713001808116
#(1.215084337952325, 1.1433895586348835, 1.0)
0
0 1
#(0.9468189646381753, 0.9645459764254501, 1.0)
#(0.81005622530155, 0.8733708168677, 1.0)
0
0 1
#(0.8709520604203729, 0.9139680402802486, 1.0)
#(0.9468189646381753, 0.9645459764254501, 1.0)
0
0 1
#(0.9818863336988485, 0.987924222465899, 1.0)
#(1.0383447978865323, 1.0255631985910216, 1.0)
0
0 1
#0.8337713001808114
#0.8337713001808114
2
0 0
#(1.1046221254112045, 1.0697480836074698, 1.0)
#(1.0275554654987948, 1.01837031033253, 1.0)
0
0 1
#(1.4944887579092767, 1.3296591719395179, 1.0)
#(1.1572231790022143, 1.1048154526681429, 1.0)
1
0 1
#(0.81005622530155, 0.8733708168677, 1.0)
#(1.0565950764802827, 1.0377300509868552, 1.0)
0
0 1
#0.8421154768495308
#(1.4728295005482728, 1.3152196670321818, 1.0)
2
0 1
#0.8421154768495308
#(1.1835237057977193, 1.1223491371984795, 1.0)
1
0 0
#(1.4020203899449903, 1.2680135932966603, 1.0)
2
0 1
#(0.9205184378426704, 0.9470122918951137, 1.0)
0
0 1
#(0.7543760856466764, 0.8362507237644509, 1.0)
#0.8877464202561334
0
0 1
#(3.0377108448808126, 2.3584738965872085, 1.0)
#(2.761555313528011, 2.174370209018674, 1.0)
1
0 1
#0.8877464202561334
1
0 0
#(0.917398036358458, 0.9449320242389719, 1.0)
#(1.1835237057977193, 1.1223491371984795, 1.0)
0
0 7
#0.8883671318808091
#(1.211521040773579, 1.141014027182386, 1.0)
0
0 7
#(1.1572231790022143, 1.1048154526681429, 1.0)
#0.888367131880809
0
0 7
#(0.7364147502741364, 0.8242765001827577, 1.0)
#(1.030980650383791, 1.0206537669225273, 1.0)
0
0 7
#(1.1966739691954715, 1.1311159794636476, 1.0)
#0.888367131880809
0
0 7
#(1.3927844189967362, 1.2618562793311574, 1.0)
#(1.1835237057977193, 1.1223491371984795, 1.0)
0
0 7
#(1.5096502380619796, 1.339766825374653, 1.0)
#(0.8591505419864924, 0.9061003613243283, 1.0)
1
0 7
#0.888367131880809
#(0.6845545565928591, 0.7897030377285729, 1.0)
0
0 7
#(2.0586139609936085, 1.7057426406624057, 1.0)
#(1.1046221254112045, 1.0697480836074698, 1.0)
1
2 7
#(1.4728295005482728, 1.3152196670321818, 1.0)
#0.888367131880809
1
2 7
#(1.6736698869866735, 1.449113257991116, 1.0)
#0.888367131880809
1
0 5
#(1.767395400657927, 1.5115969337719513, 1.0)
2
2 4
#0.7659303201974553
0
0 4
#(0.9205184378426704, 0.9470122918951137, 1.0)
0
0 4
#(1.0333561818362882, 1.0222374545575255, 1.0)
0
0 4
#0.789003188292674
0
0 4
#0.789003188292674
#(0.8234455843974434, 0.8822970562649622, 1.0)
0
0 4
#(1.1046221254112045, 1.0697480836074698, 1.0)
#(0.9372551367125372, 0.9581700911416915, 1.0)
0
0 4
#(0.8284665940584034, 0.8856443960389356, 1.0)
#0.7890031882926739
0
0 4
#0.7890031882926739
#(0.6627732752467227, 0.7751821834978152, 1.0)
1
0 0
#(1.5464709755756865, 1.364313983717124, 1.0)
#0.789003188292674
1
0 4
#(0.8284665940584033, 0.8856443960389355, 1.0)
#(2.209244250822409, 1.806162833881606, 1.0)
2
0 4
#0.892984786987247
#(1.0355832425730043, 1.0237221617153363, 1.0)
0
0 4
#(1.2745639908590822, 1.1830426605727216, 1.0)
#0.7998098664461768
0
0 4
#(0.9559229931443116, 0.9706153287628744, 1.0)
#(1.0507381192935847, 1.0338254128623898, 1.0)
0
0 4
#(1.1046221254112045, 1.0697480836074698, 1.0)
0
0 0
#(1.028441289175949, 1.0189608594506325, 1.0)
#0.8014233346831878
0
0 0
#(1.4295109858262647, 1.2863406572175098, 1.0)
2
0 1
#(2.8404568939145256, 2.2269712626096836, 1.0)
1
0 1
#(0.8873194122155578, 0.9248796081437053, 1.0)
#(1.0257205450246898, 1.0171470300164598, 1.0)
0
0 1
#(1.5594665299922887, 1.3729776866615258, 1.0)
#(0.9037817389728037, 0.9358544926485358, 1.0)
1
0 4
#(1.153716442096147, 1.102477628064098, 1.0)
#(1.0811195269982001, 1.0540796846654668, 1.0)
0
0 4
#(1.7673954006579273, 1.5115969337719515, 1.0)
#(0.8744925159505369, 0.9163283439670247, 1.0)
1
0 4
#0.776544505221194
0
0 4
#0.8054412792398429
#(1.3447573700658142, 1.2298382467105429, 1.0)
0
0 4
#(0.994159912870084, 0.996106608580056, 1.0)
#(0.9862697548314326, 0.990846503220955, 1.0)
0
0 4
#(0.9818863336988485, 0.987924222465899, 1.0)
#(1.4202284469572628, 1.2801522979715085, 1.0)
2
0 4
#0.8248539300699648
#(0.9573391753563772, 0.9715594502375847, 1.0)
0
0 4
#0.8451143589989109
#0.8451143589989109
0
0 4
#(0.8975054768966036, 0.9316703179310691, 1.0)
#(0.8237859918320848, 0.8825239945547233, 1.0)
0
0 4
0
#card_4_limit(800, 0.072)
#Score = 1423
