# count 63
# count 56
# count 56
# D 63 56
# D 56 63
q 1 6 7
# D 56 63
# D 56 63
q 1 7 7
# D 56 63
# D 56 63
q 1 10 9
# D 56 63
# D 56 63
q 1 12 7
# D 56 63
# D 56 63
q 1 5 4
# D 56 63
# D 56 63
q 1 11 9
# D 56 63
# D 56 63
q 1 12 12
# D 56 63
# D 56 63
q 1 6 5
a 62 0 5 0 6 0 7 1 0 1 4 1 6 1 7 2 0 2 1 2 2 2 3 2 4 2 5 2 6 2 7 3 1 3 2 3 3 3 4 3 5 3 7 4 1 4 2 4 3 4 5 5 1 5 2 5 3 5 4 6 1 7 7 7 8 7 9 7 10 7 11 8 6 8 7 8 8 8 9 8 10 9 7 9 8 9 9 9 10 9 11 9 12 10 6 10 7 10 8 10 9 10 10 10 11 10 12 11 6 11 7 11 9 11 12 11 13 12 7 12 8 12 9 12 12
