1000 25 40
63 931 2170 2317 2435 2888 4043 4059 5945 6386 6483 7232 7761 9685 10344 10387 11956 13615 13958 14277 15494 16507 18475 19210 20292 20691 22937 22991 24122 26837 28002 30053 30712 39086 41565 45569 48441 50960 55889 57829
346 417 2654 3583 3685 3872 6533 6538 6587 7304 8227 8360 8494 8753 8845 8845 9925 11527 12530 12545 13969 14364 14823 18087 18283 19460 19701 20150 20545 22446 24342 29750 30070 30130 32714 35616 36595 44432 46481 52081
768 985 1835 1852 2185 3529 5151 6469 6553 6831 8281 9460 9792 9939 10873 11012 11661 12401 12804 13348 15590 16223 17281 17551 18468 19066 20144 20775 20813 21139 21852 21925 25022 25705 26458 27094 35249 35318 52956 68919
204 231 988 1359 1527 2252 2579 2860 3810 4536 6007 6107 6258 7223 7449 7585 9295 9642 10633 11753 13190 13561 13646 13709 15106 19134 20409 20688 20749 25251 29288 29503 34457 34728 36392 39176 41428 54666 61117 62025
823 936 958 2315 2585 2633 2704 2824 3198 3861 3979 4276 4316 4975 4987 5630 7553 8670 8910 9635 11140 11823 12031 13037 14330 17303 18179 23905 25763 27504 37917 41046 42897 42897 55642 57983 61458 79991 85920 87452
220 1378 1645 2587 2796 3489 4078 4236 4266 6751 7948 8176 8217 9405 9453 10502 13758 14262 15415 15671 15695 16160 16322 17871 19271 22532 27013 30344 31038 32354 33883 35718 39396 43452 44486 50910 51823 54829 60020 68333
2037 2481 3739 3808 4216 4828 4840 4979 5579 5690 7474 8617 9238 9565 10618 10706 11172 11313 11659 11943 13313 13945 16808 18853 20758 20857 22677 23552 25078 27485 28235 30476 31030 31311 31907 33705 33718 57708 63279 71304
847 914 1170 2039 2217 2221 3461 4152 4468 5443 6314 6915 6926 7320 8348 8769 9643 9790 10761 11147 11969 12071 14939 17351 17456 19441 19679 22679 23184 23407 24410 25456 27161 27476 30508 36191 36732 40181 42655 106587
102 560 2425 2514 3341 3509 6046 7917 8310 8841 8878 8912 9044 9181 9970 10923 11340 11546 11688 11756 11784 13291 14307 16151 16421 19468 20074 21161 22465 22964 24465 25413 26005 29660 35616 37524 38531 44161 52625 63785
225 252 1542 2001 2593 3999 4719 6031 6451 6805 7486 7809 10557 10781 13214 13331 13495 13874 14003 14547 16191 17293 19394 19668 20151 20870 23869 25832 26050 26184 30599 31866 33602 38571 40317 50751 56321 58706 67514 78420
1122 1568 2506 3442 3471 4039 4054 5394 5501 5517 5985 6794 7505 8196 8227 8316 9974 10700 11441 12441 13334 13354 13443 13556 15078 22241 23737 24966 25050 25510 30554 39926 44195 45919 50904 53546 54052 61904 71830 78419
802 1715 2115 3041 3503 3533 4046 4063 4107 5859 6019 6331 7325 8417 8447 9535 9581 12190 12479 12963 13098 14546 15871 16766 18213 18832 19441 19473 20441 20687 21729 22073 23696 24459 24830 25137 25145 37850 52194 84202
1006 1041 1418 2234 4249 4466 4975 5153 6151 6592 6749 10707 10815 12114 12168 12511 12838 16432 16649 17295 17578 18704 19700 20440 23699 23735 23905 26839 26843 31588 35495 38765 41668 42084 42958 44417 44918 53888 63227 65795
714 1277 1784 1864 2428 2639 3164 3346 3624 5069 5219 6511 6717 6904 8692 8812 8928 9127 11142 12132 15618 16668 17454 18456 19142 20549 21785 22311 23127 23973 25871 26406 27292 27864 28182 36970 41846 50385 55466 63319
348 1475 1522 1678 1850 2035 2716 3009 4528 4659 5453 5993 6901 9873 10220 13108 14212 14218 15677 16577 17067 17219 17860 18521 20749 21944 22306 22557 24398 26356 26928 27128 27139 29623 32389 33515 35517 37264 57491 76450
50 882 1820 1875 1935 2925 3259 3389 5441 6656 8514 9655 9836 9882 12059 12819 13133 13623 14791 15556 17006 17644 18184 18322 18570 20132 20571 20644 21437 24951 26118 26379 27685 29536 32654 35019 37630 38724 41505 61893
310 572 740 854 1017 1171 1842 2410 3245 3633 3639 3804 4347 4749 5797 5896 6768 9457 10841 10927 11263 14377 16382 18837 22049 22521 22982 23834 25553 25698 27561 32579 33178 33645 34672 45148 46240 49586 102364 181836
224 261 521 743 1140 1483 1798 2432 3892 5048 6184 6800 7100 8269 8655 8864 8988 9350 10293 10916 11156 12118 13118 14556 19701 21861 21870 24699 25670 26365 30884 31665 33984 34915 39534 40507 43256 46191 64108 64304
344 461 833 866 973 1032 1825 1962 2265 2734 3258 3990 5062 5602 5717 5799 6134 6812 6841 8918 10236 11183 11467 11926 12105 13875 14252 16427 16940 17569 25676 27767 31986 36092 36614 46503 47930 54310 56193 88148
451 1214 1518 2888 3027 3996 4111 4469 4586 5240 6215 6242 6973 9041 9400 9499 10622 10632 10999 11817 12257 12736 13010 13373 14957 15183 16994 18312 20744 20805 23363 24956 25973 26234 34991 36221 44103 56645 73055 96887
523 1025 1453 1994 2225 2440 3283 3578 3616 3764 3838 5006 5786 6488 6762 9345 9666 11051 12679 13172 14856 17395 17585 18907 19645 21296 21482 22424 24239 27024 28210 30589 31412 38557 50629 58741 62420 62901 73639 106608
247 537 981 1070 1567 2077 2199 2868 3363 3456 5429 5775 8716 8761 9379 10489 10762 11976 13532 14276 14404 14415 15477 15920 16671 17059 17951 18008 20081 20634 26411 29120 32352 36153 39249 39323 40088 41909 44312 54371
39 571 829 1575 2429 2798 2818 2861 2888 3524 3904 5937 6155 7808 8291 9072 9167 9259 9260 9474 10136 10315 10537 11178 11880 13079 21716 22528 23193 27470 27471 28867 33156 37705 42499 45083 53891 56091 77708 115467
10 133 301 2284 2521 2530 3927 5820 6105 7459 7468 8209 9175 9601 9893 10118 10904 11780 12013 13775 13831 14366 14967 16105 16962 18769 19620 20955 21554 22531 23500 24241 24271 28269 35011 36817 41531 44217 48820 71756
975 1803 2139 3115 3463 3842 4245 4313 4645 4904 5749 5795 6035 6613 6664 7557 7893 7933 8463 8735 8895 10166 13899 14688 14973 15091 15505 19183 21387 23244 24294 26160 28011 34424 38369 38484 44671 46109 50845 56169
