46071 55883
57695 74150
55549 63367
36998 94379
70067 72344
52321 53856
95713 45879
38008 70908
76473 50469
87684 60746
88898 42586
63851 74769
62796 65632
88992 88000
40424 59446
41086 44500
82285 71235
89446 36087
82308 59754
48229 47753
60947 68718
88843 57980
86366 41710
58681 86968
67159 98749
49013 74377
83583 96796
77552 51398
72824 61046
41170 48720
95335 99923
51788 98013
49775 70704
58236 52062
71591 80871
68099 84118
54850 80385
73452 49860
82997 87730
98297 74421
92513 44814
85601 70307
68663 93801
58833 43801
69187 38969
68625 91265
92844 67278
64687 89339
90441 43587
46903 46512
59937 50985
92809 86251
48395 88238
50837 94697
42376 43401
96708 42303
79450 49714
96321 51624
59358 44787
97121 67237
74201 95212
87282 37472
84017 55249
72067 57937
80292 69162
49233 92917
81736 52646
84470 91689
45737 67409
68108 72633
