89240 85249
77423 78776
79475 71317
68510 68435
51191 67598
98531 53773
64420 75571
97501 70536
87510 51207
97248 43094
61985 72741
75152 46644
61673 55873
61183 53759
89553 94305
74423 42278
50937 96081
59373 57145
52877 48109
77229 57804
83312 45127
98086 66348
82355 69518
83804 49125
65996 59803
43133 95390
46263 98369
45108 78502
64909 40193
49730 64778
68378 83427
84352 83713
59483 65539
92403 74483
71103 75076
76493 86269
99054 75038
41716 59212
41927 48051
87228 74371
66292 80108
49618 82357
66746 96706
73462 42767
59571 68050
98095 85599
61797 41729
40771 73708
83566 97502
88629 58620
94221 46331
99555 93578
49406 99171
89568 98659
95011 79921
43096 39968
49826 81680
71603 80153
40200 58726
83843 39709
43219 78668
70894 62770
80216 77143
62473 47999
79242 59726
59617 89163
56484 61774
