76025 58489
58376 84730
73748 71991
99897 69992
96734 52394
73935 62979
78433 79953
62328 84745
89110 72800
58632 45794
65346 52447
94268 70221
48998 51942
64569 85790
60322 45025
83734 98832
46510 58377
85709 52914
53931 47342
54665 91654
65878 94689
80735 92633
56709 98437
82614 69850
66203 63470
97521 55476
93848 90772
66828 82992
73018 70070
71333 61741
51073 74768
90807 70258
49788 75095
77266 72996
80298 78848
53534 49677
50305 90507
79609 56635
88048 54055
58223 88015
46972 64938
60790 82580
54775 74268
96586 99889
90560 55564
73453 77391
98777 54705
62409 90795
87456 81943
44638 56320
89165 86820
79622 80653
68681 69893
72433 96308
75856 47696
80480 45829
72374 68144
74677 85176
71256 94644
65822 71782
74441 56029
77571 72326
44154 44260
50681 56098
59268 50082
93522 53666
76896 44808
53559 86576
96695 49672
82989 81761
49077 62122
90238 43879
69955 56741
59188 79768
62503 67821
67351 51692
73171 52984
90086 90576
90669 74632
52454 63727
68860 87880
61460 76811
88748 59818
59006 72191
85601 65373
88446 85772
91666 51642
70321 99989
63604 58453
74750 70981
61557 55279
