32 42 4028
66260 66611
50921 62470
88616 59600
75989 50662
83867 42521
78687 93271
84412 81630
53923 77627
51432 78145
82259 94809
78465 49093
41787 98560
100469 73066
45934 59695
66609 78421
43432 49620
92983 86810
84546 82836
69557 95859
77985 63210
91648 79454
38612 45848
50852 74887
95043 71883
89852 89890
77394 48840
78658 78648
86302 100999
62853 80142
46849 73070
65218 46982
44182 71118
68622 63737
45222 61493
92271 58947
72089 49667
82800 50140
84304 92405
83846 82567
53026 76748
50279 77905
80374 99105
78227 48187
45516 89666
99058 71202
48420 56984
71262 79396
46616 46162
93852 87762
80921 80258
67179 87932
74206 62813
89187 76295
42617 44714
51733 68439
97204 71600
92357 86087
71007 49750
88137 79007
89040 98222
71825 82181
44546 73135
57231 49355
43596 67075
-2317 172
103 4440
-677 5209
-2147 2407
-5416 3063
1758 -1329
2639 -1285
3789 -580
-1799 1692
-8219 5648
-3905 2563
-5683 -3903
2113 -2726
-9499 868
637 4126
-1817 -2651
-1405 -3256
3882 -1445
-4479 -1046
-3043 -5558
-2420 -5371
4961 -3936
-831 691
-6610 3510
-3894 -959
2379 7081
7134 -3335
-4086 -6410
1132 1350
-5684 152
-2276 -8046
-2802 2696
-4031 1734
-122 4634
-22 -4520
-857 3478
3 1984
-3564 -7446
-4024 1533
7526 -3739
-3678 -4307
-1976 -808
