50 130 6639
64852 76982
75025 56415
63126 79661
49103 82939
91185 75440
47758 99761
51086 47295
77633 39207
72051 55072
71287 87257
83599 49462
51607 45725
41847 87685
71811 47852
93648 80837
34362 66333
30224 34758
86144 96871
78016 49166
56144 67407
84161 74065
68816 54854
72815 91651
106799 27688
96190 108403
91666 54353
34530 65343
26639 76530
48100 80390
73561 59596
40782 99847
54798 80921
87677 37205
90618 102243
74376 35475
78835 47758
48418 47364
48735 39135
38814 34026
95207 58460
94334 50592
90433 100191
37069 36302
42368 57424
47985 66205
49690 41040
55196 64762
41225 99193
80779 71464
83034 96828
56523 73307
66209 64813
62338 70274
62320 86720
91776 80000
48348 93888
55212 52508
80410 35251
74958 54693
73269 82994
82645 47365
60474 42625
45929 90327
81976 51294
83504 83654
40894 71826
29650 32765
83987 99207
79543 58297
63618 68085
95269 65251
70093 62921
77927 87253
94788 28186
93877 99146
86327 43762
33015 56812
30553 68117
37582 90048
79543 63875
30933 95700
60586 80976
94381 38218
92841 95920
71946 39585
85145 52074
42774 49279
47712 33854
39402 33361
85082 55331
91075 53136
94426 97755
48837 38805
40036 69204
43781 69045
51343 43098
56125 63676
53247 96074
77341 68210
89422 97163
-9570 7091
-3089 -1623
4118 -10939
-4962 8458
-13738 4005
9518 -7805
-4285 2774
-6505 -5854
9613 -3953
-8511 6775
-855 1929
3744 -45
-4822 1069
-11055 -6693
1302 -8361
12217 2008
363 -3996
-4016 6345
-20 2508
6461 -7011
-7600 -7043
-5402 8588
1094 -17727
5272 4729
-10537 -9794
1707 -7039
11606 -3092
203 -4503
620 -5131
1407 -3440
-3692 -3777
1147 6346
-8386 -2311
10387 -5485
-2920 3665
5125 -1848
-1201 2834
-7568 6150
-4461 -6724
-4334 14343
-7419 6334
1863 3492
9037 9254
6351 5050
-924 9449
5492 -54
6265 -386
-7417 2999
-2908 5541
469 -436
-6192 -330
4912 5060
6803 -2096
3877 3024
-348 -1319
7525 -6969
-6069 -2489
4692 1348
9688 7263
-2396 4482
59 1053
-1011 -3085
7368 -1665
5273 -3224
3930 -10142
8841 -10479
6790 365
-6742 3506
5319 972
2624 1503
5333 2416
3384 -599
-2737 7301
2946 1329
9672 -10645
4626 -11927
-7537 4927
3522 5096
-3697 3458
2138 -712
-4421 3144
-1201 -2443
3035 3205
-2965 5836
2769 -6357
-9512 -3430
4497 -8398
13971 -7496
-1989 -4105
-1157 212
5481 -7414
2444 -4466
1229 834
3109 640
-1234 -2082
5639 274
-6445 -2846
1156 5819
7167 -941
2391 -16
5525 1864
-3562 5094
-2151 -3959
911 -2273
7590 -9583
12578 1345
-9868 -6932
-8010 -8195
-514 -11458
-4885 -9381
5426 -2302
-7691 88
-7587 518
-3975 1068
-5412 438
10432 348
4388 6843
-2028 6208
-9608 904
-5369 -8869
-6132 197
1353 3128
6950 10052
8104 -5618
-5885 -1548
-6254 -1340
2489 -11250
-6719 -8984
-3806 -1798
-2957 2960
