67 115 6820
72161 88328
22120 107827
101939 58451
16135 84592
56100 41121
44519 59548
92229 71878
76013 21282
26606 29659
26240 93693
75864 53323
10647 37524
95172 57156
25113 62972
26052 44865
12653 29756
16965 13955
98393 93337
64641 40612
96986 48779
82669 78908
3556 92559
87061 22433
102204 87725
93775 52116
81225 54154
55302 49830
81421 28311
14501 53639
33721 46748
71842 68120
30153 69415
100746 19689
52364 92048
73289 59671
49079 94141
39028 99656
101670 67799
57046 96404
23555 108335
39238 51521
76023 81564
13948 30809
29411 52974
66209 72166
90121 87032
24987 72199
84619 79033
93653 52424
76160 32482
43526 56168
28454 26967
74514 42418
79138 74101
55767 56851
102861 90747
16447 26652
29186 35087
75112 23806
76436 86474
50806 63355
12408 30728
80354 66881
73231 44585
85350 77838
39055 38954
80238 79867
68710 94363
17397 99226
95853 54323
35041 77606
65165 46434
48154 70402
92250 69161
78470 27826
43344 31623
25677 89977
62979 56335
22616 46114
95269 67845
29084 67858
29897 53880
20610 40612
18479 24436
96417 95314
71363 42454
91697 37448
79356 80504
15880 84470
86613 24242
91018 88150
89755 48387
76511 62822
56918 61367
77520 36396
18467 53953
28922 44395
60979 61819
27598 76625
91736 24640
50615 96634
69720 62655
48789 96836
37545 89202
94712 57599
49775 99770
20780 96880
31508 51427
77442 89439
23430 37783
33264 52584
67205 80476
92146 98925
25367 69478
83848 78971
86675 59061
74930 47675
33389 51170
37165 17412
74265 42683
71212 74515
64793 56164
85115 90044
21528 26032
28888 26917
63602 24306
65653 80141
49112 60846
17156 33379
86825 68511
64392 50778
89644 69099
59591 31136
85372 72118
6608 250
288 -1167
-1616 4064
-3420 -999
-7768 6497
-4424 1676
-1539 -2366
12122 -2298
13176 -3114
6397 5464
4836 -2233
-4372 585
-2354 12047
-5068 -6368
7932 318
5882 -7466
-2310 6339
-5927 -2178
-4487 -7467
12533 -6393
2612 -12679
10738 8007
1334 -6711
798 -4576
15703 -220
-728 8664
1154 -5548
23869 -340
-10215 -2555
-4510 -10033
2147 10250
7006 7718
-4387 -719
9184 529
-4770 -5427
-884 3270
-4239 -8855
3859 9842
-2230 14610
7356 -6914
-10453 -2710
-3649 6845
7100 -3467
8868 -14364
-3270 -13883
429 8622
11782 -4602
4776 1921
-7044 1278
-3486 -6636
-7751 -9430
-1638 -3955
5109 -2454
12029 -11085
5848 -2839
-7323 7352
-1595 3905
-1244 -10582
2130 4368
2402 4528
-4891 10181
-8173 1078
-9899 -12178
2258 11289
1436 4514
-6750 -1296
-7541 1493
4648 6271
-5182 -234
-2047 -5133
2924 -7317
6391 -11670
12047 16517
-657 -9015
-6300 -5909
-2493 -5295
-1641 -1282
-12268 496
3206 11086
3595 7142
17950 2148
-8129 -5213
-675 13416
668 -4768
-142 3976
2898 -13522
-4141 10869
9088 4463
1440 3436
-2997 -5746
1631 5621
336 -5277
-2272 -5305
-1884 -12230
3001 135
-7112 -3963
-13864 -8549
-4245 -8851
4711 -7722
-6384 -2409
-1196 -4448
-5058 -9765
225 -10085
-4139 9559
-14672 -1172
5937 -6289
2222 2252
-1211 -10958
14662 1513
-12245 -8707
-334 3214
-3885 -10558
-5667 1369
-7056 2219
1558 -845
