68 178 6955
95483 88247
31505 100516
20604 64484
35892 41533
70047 79347
46810 56007
67339 28789
99928 104181
52344 26289
101186 78288
50873 60180
52347 84854
69586 92918
71189 90660
24829 43513
72726 50088
97686 55476
77385 79017
89687 68574
62017 87192
44117 71451
93225 55668
97706 92824
40742 72691
60227 86684
49652 76609
61257 45272
47852 76174
108149 36806
19930 59671
91550 57542
41307 44519
50052 40226
89872 46710
34268 27641
89650 49953
64339 65279
74500 51555
21953 81067
77959 62857
104508 45434
29902 50155
79666 76634
78523 72777
86028 85308
86701 93361
98009 69358
59469 86513
96533 53187
51806 71278
66319 90655
80138 64464
104144 39317
84632 73739
94693 26743
78342 45927
59759 62574
104425 76700
86080 67115
91004 92494
80134 34361
42761 73417
63630 35165
69255 71374
73218 77034
80850 45702
52187 82007
35428 101862
99513 90688
30846 91093
32751 64474
36589 40744
80011 78262
40704 67646
67570 28859
97871 94988
45469 36764
97189 90630
42302 38247
54740 91711
68654 94768
71650 96853
32473 45298
73911 47910
97505 44162
74639 83166
73784 63770
51451 79274
31694 76273
98037 57414
98090 89518
39605 74653
69519 79726
49231 79437
42262 35118
61010 78134
99740 38836
28617 65114
99615 39841
44516 37313
43998 36237
89961 57672
37259 31996
86103 46984
65821 66150
71517 52985
31800 82480
81109 64901
91840 51316
28342 47760
67208 80669
91662 66267
87697 89239
95671 91849
82784 69748
62335 88156
82056 49832
49951 71371
71833 82981
78550 56328
99890 41620
82129 67386
92270 28832
67122 46415
64576 60226
99185 76907
83942 75406
93993 72481
76725 50552
54967 60493
63681 45134
64370 74157
76686 63803
82928 54884
44126 70203
35523 98290
-12646 6210
5996 -8568
6032 -1155
245 -1471
11969 6424
-862 11465
2653 -1425
-7899 -2864
2903 -8797
-11424 -4977
4952 176
-14421 3537
2381 -10395
-2112 -434
-3270 14679
6907 8087
3744 -7060
7586 967
-13617 -2716
-16097 -1149
-5064 -3612
-559 1008
3591 -5401
-5045 -5102
-7390 1896
-8332 -1926
7162 -8442
-7710 4076
-2270 -753
-150 -14882
5509 67
-9488 -3610
-4420 -3075
-1864 1146
-2745 -6312
-2126 -13393
5979 4762
-7388 4185
3002 -2471
-2463 -2848
14051 4601
-9415 -2889
1808 4905
9912 -1146
4321 -5323
-1661 563
-1982 -9824
-383 -8470
-7155 241
-1504 -6842
-2510 -11451
12514 5865
363 -5155
-5020 -743
6573 -2125
-894 -7202
-9912 1269
3610 1733
-493 7225
-8293 12630
306 3772
-5428 14676
6412 -8391
-2048 -6362
-810 -11165
-420 -2454
7288 1676
-1612 244
-5544 -1811
-7508 -2265
2370 2764
-18345 -7683
-6885 6832
4154 8398
-8823 -8630
-1515 2571
2941 4023
-2086 -2860
6235 4419
7612 1285
-2160 -3074
5141 4784
-2937 -2325
3652 1735
10555 4852
11478 15068
6559 -1016
-2779 6075
1633 -11358
12138 -4237
1915 4525
13036 -91
-7615 -556
-6510 8738
-272 9425
-15027 14420
5078 -7151
-3454 -1466
2219 5738
3468 283
8197 4911
-9067 2317
6837 4208
7580 -559
4300 -3208
9439 16181
-58 3686
-117 -6048
-6157 1459
11574 -5331
-904 4860
-1398 6531
1358 3348
3933 -1707
10293 13458
-9391 -1620
10670 -3064
-11472 7500
-4033 -10220
6567 8770
-12802 -14189
10782 13987
1950 524
4193 -5929
2843 -14695
2328 -7391
-1371 -4086
8201 -1950
-374 -9934
9654 11000
6679 -6403
-8081 -12789
149 2836
-6462 7551
-7072 -3019
10183 -1560
6155 -5094
-362 -12914
2039 -7328
-1621 -6707
290 3994
-5668 -4736
-6066 -125
-6402 11429
-3962 -8363
4548 -5248
4978 6259
-10619 -1770
-11578 -4684
-2260 3361
-1836 3725
3761 1377
788 3624
8029 -13247
-12252 -2745
-733 -16374
-7962 -355
-625 -1552
4299 13961
-17021 12238
-6236 -5805
-3405 -5957
2938 -1420
2450 2252
-1374 -11751
171 -10418
12072 -3051
-6014 3018
-7614 1719
-2082 411
-11623 -1025
-6336 -6133
11922 -96
-6494 -7734
-3561 11
-7035 -11326
365 -204
-4283 -3688
