56 44 3925
72183 64023
74797 82565
76491 78076
57607 62189
94987 67270
63590 94913
80503 52099
52816 53376
73443 56630
90321 69673
70275 70638
93627 64703
55167 68102
69640 72431
52446 65788
79881 80830
81055 54761
77057 65304
62586 43797
89858 41035
79867 47911
69579 52523
93751 87161
54183 58462
42748 72529
81993 77925
79660 61770
91558 38416
53132 79307
56788 77495
104748 95404
65923 70380
46615 61168
60104 87700
84805 76880
58973 69497
55808 69683
94145 76338
100033 78468
46436 94565
69705 51787
83657 78290
105922 67961
74160 99012
59900 66380
52097 101057
44395 81493
70960 74002
49914 89106
68140 80435
89462 48594
92077 56113
94563 60721
89434 85412
95703 101579
78832 77558
68596 61922
75927 75400
78638 75415
60720 61255
94636 64663
68682 87141
87062 54179
55491 56863
75954 51968
80073 76136
71867 69595
95418 64388
55624 61915
66543 75290
60778 75011
87120 79282
78896 52633
73605 65902
69415 45687
87476 48176
80506 47758
67543 59126
89422 92656
58696 56139
48583 60469
83206 76840
72411 60294
94089 46691
53884 72269
48817 81337
99519 92780
62079 73958
49043 62074
64685 88606
82632 79957
53942 65202
51925 68290
91306 71421
98701 75534
46550 93041
62098 54727
82079 79105
99956 73544
75644 95343
57588 63986
44091 97955
48932 75572
69759 73572
49971 84653
64360 81958
90389 51818
87993 57066
84612 65030
93590 91734
97294 94552
79249 81106
938 2346
3766 868
-340 204
1670 -3280
-8270 2871
-3238 -2545
-9049 -4385
-4712 -1462
-5546 -3264
1148 6728
745 -2342
-629 282
-831 3145
4785 6732
8804 -1469
4501 1862
3203 2636
1741 204
1215 -5340
747 -2535
4502 5854
-2736 305
10884 -4306
-3843 -530
5503 -1232
-1460 -422
-1522 -340
4151 -3497
-1730 -1538
-5046 -5010
1806 -733
-2490 3198
-3674 -3127
137 2535
-2906 -1170
1057 2325
-2761 2404
-1036 1015
-2530 1935
-2027 -3068
-2491 -2931
7142 -6278
1152 2402
-995 3026
