34 69 8783
83005 78174
69333 41798
24266 78614
35091 41319
21054 107287
73419 29557
35834 28785
96360 56592
13837 58906
73965 34719
50905 21734
41979 50554
73370 96928
93685 35009
51721 25452
36975 55536
83354 54514
97708 20470
34927 77418
72274 48253
26722 71550
84074 75246
95704 95450
62804 100217
80506 59021
90828 31765
41467 66756
31080 96427
78603 30921
20627 30048
37582 35347
63861 32028
63401 90245
38722 60663
68857 78942
65750 39624
37687 97748
36326 29054
23796 96882
65909 40695
34060 40394
84356 56318
23700 60536
69880 24672
63370 35169
37001 39367
81619 95522
92933 39652
50568 24904
33514 68018
76630 61814
86835 21993
37176 69494
75313 64879
26850 72578
69331 71713
90026 83768
59788 95562
78427 63179
94026 38990
42499 58947
20130 95273
72313 25973
21499 27346
40455 34521
63339 40500
71520 82252
35017 54928
4198 -4849
-10585 10257
-10700 -18463
-736 -4622
703 4324
8525 4566
2254 3771
9267 10525
-10378 2062
-12747 27740
13191 16188
7390 11718
1929 13209
2804 -9310
-2129 -9428
-446 -10816
1376 10032
-8417 -2442
7877 -5978
2899 -15495
1900 7648
5761 -6185
11214 3532
2359 21799
12787 3099
5432 -7751
4997 11014
7067 7260
5917 4602
1800 6006
763 -1288
-1398 -3212
-9795 4847
-13214 -18032
-12437 -4166
-10411 12724
-15732 1717
-1353 5867
3401 -18893
-2950 -8286
17945 -5679
-6284 -15036
-2601 15477
-2536 7791
3295 -5901
-9637 -1181
7344 1625
-8277 2403
-8744 -2055
18079 8764
17434 3336
1389 11675
-6610 -3073
12550 -11522
1839 -6269
2015 -11602
-1953 -13993
2428 -20906
-2873 -13579
11332 348
-5122 7426
2604 -5814
-14882 12268
7256 50
-22082 4424
-17089 1503
-4950 -7196
-553 -4250
1201 5429
