32 125 6819
41749 87071
33850 46032
56403 24182
58100 82107
92025 50046
11720 76342
34448 89338
88597 41613
89759 69014
78932 37814
15130 73712
22365 31657
23507 9326
81138 46605
54594 92904
37020 6642
60648 77721
20024 32104
27145 95775
84690 21200
29552 76555
68936 81478
84703 71683
42999 69051
65366 51786
8309 59844
86658 75906
35459 27822
1 49114
52814 26227
30145 57278
95389 91667
38132 83784
29752 49583
54527 30555
55496 84825
99461 63637
19322 88669
33480 92461
87511 31934
92045 65340
75279 31191
14430 61813
22577 34829
16231 16109
85592 39154
68764 87126
29141 16002
49739 78659
16368 34951
21097 94131
86111 17211
21986 80953
71695 84775
83497 67016
40007 76315
77193 42194
13732 63907
89264 78474
35189 34465
19758 50603
48483 19824
23799 57413
93616 97980
849 -7624
1178 1366
-9137 -6654
-9054 2564
13443 3885
6465 -6069
-1184 1182
-7302 -13374
-7119 -2484
-9430 -7087
1679 -9822
8503 -3375
-15275 3915
7705 7912
-2085 -12042
-16783 -12157
-4224 -3788
630 14965
8865 6038
6421 515
-12624 -8474
6742 4568
7670 8911
1 2339
-3231 10650
-4096 -10258
-3507 1744
6884 -11968
2474 18776
-1580 7354
7123 3764
3578 5108
10500 3195
-10562 -8073
-9110 4303
6727 9018
1131 -608
3640 4091
4804 385
7078 -13607
13594 116
-4905 -25493
-3413 12786
6542 -935
6352 538
-9676 -1600
3077 -4785
-9173 -4914
1851 1322
-6647 -6007
-82 6655
6440 5551
1380 1122
37 515
3328 -383
9808 -3630
-3086 7504
3393 -11829
-5853 -7362
-3905 -2738
31 -4794
-9120 1268
5215 4526
5158 20108
4350 -13555
-912 1724
6276 -904
-10078 -10159
-9261 -9533
-6310 6645
-2451 2705
-7426 -3071
5214 3428
-7325 -10587
444 -1656
-1268 -7332
7133 4165
-135 -3892
-11474 -3303
14529 745
-7057 -6159
-1568 -13555
-9876 2313
-133 -6485
5627 13292
5144 1900
-10449 6657
-1916 6375
2334 3797
5890 -8024
1053 -3673
-14154 684
-3105 7924
-5705 2199
856 4964
-3887 -9548
1973 5480
-18789 4367
319 7337
2918 -3946
847 4394
10916 5219
5536 -4527
-946 1306
-2248 -1022
-4872 -5648
6384 -2113
5510 -2987
-1193 6965
-8048 1497
-15827 -6675
2449 9752
-3792 6715
-2285 -577
-11231 6564
5322 -2690
3779 -5467
-10002 -284
12373 4225
-5169 -5847
5859 -2170
-15215 -987
4503 -5136
6126 -3320
14050 -5956
