35 64 4422
40195 96003
78629 65229
72829 60893
78467 58213
75990 69627
49606 105742
49539 58837
76041 91362
49294 80563
85689 87323
44483 73824
79478 72772
61086 56625
49650 64725
84765 97977
63143 93007
44113 74236
55346 56693
67487 83953
76873 65921
86482 76012
62687 90084
68467 68041
81761 94576
85781 54187
66036 39425
77694 69006
74545 34188
82466 71970
48275 55154
55556 103030
46282 53405
74844 74393
67629 42630
77445 58868
46290 91144
80318 58653
68458 60659
77025 59065
79057 76515
49562 93565
51768 53507
76239 92655
51637 77047
84904 90953
45816 66628
85956 73091
66950 56591
50839 64130
82311 99676
65649 94255
45964 77919
52663 58167
66564 84453
76286 61336
89633 73013
66197 92145
62302 70661
84741 95062
89259 58381
66917 42943
73514 78154
78039 44623
83951 68595
45356 53053
51916 96273
49620 52683
67745 75347
67537 45903
81364 57140
-5593 -42
1408 -6212
-5290 2512
1581 -7131
1571 2622
628 109
3580 -1187
3160 -583
-6564 -4267
1299 169
3110 -2528
-2518 -7004
-2683 -3812
-3910 -1771
-3128 -2783
2287 -4980
13420 -3880
589 -4941
-2893 2369
915 1128
3146 1857
4932 -711
2338 4618
11449 2340
7007 -8905
7341 -2335
8609 -5475
-7857 -4775
-2235 -1578
-3378 1500
-1764 353
3752 -332
549 2400
-9393 -4214
6261 -6340
6083 -2888
4809 -9880
4954 7629
-6217 412
-4905 -6426
-5093 4127
1172 -5738
1392 -1535
1491 4445
-1573 -11443
-2126 -1817
-5803 1082
2398 -9073
1931 2819
-376 -5088
-1953 -7172
10729 -3394
-3290 706
-3941 1277
3119 -2329
-3027 -4477
7990 11084
987 1139
3759 -846
-5784 2979
3101 311
-535 653
-3020 1270
1008 6989
