99 199 3917
69529 62308
77183 62544
36009 21555
73161 33792
81733 40377
38316 91975
54153 96849
66593 63325
48642 35716
88705 36134
33829 45750
42274 70734
70282 42101
84030 33927
91387 67645
100200 28822
95945 97788
82054 17430
92426 86917
40362 57945
65008 92897
78057 49964
71009 60155
82354 72545
24737 31559
30830 92475
52945 98632
84045 88143
46871 27771
84319 86388
63152 101725
70607 55010
58553 57617
96386 35069
26288 51820
19067 38034
99342 48596
33817 26296
37562 68219
48647 47229
85378 55539
56811 78662
51872 82909
66817 42378
85098 91696
41384 80062
80133 51960
31725 57898
92449 57212
49570 74924
85935 89029
32414 100016
30343 39029
62086 19101
29798 32085
32710 60733
85081 74190
62185 75899
26572 23279
39554 28037
41072 52437
96139 59112
76337 64050
37958 68381
77759 60147
20845 69357
98987 30964
74108 52288
68797 72725
57182 78701
96123 90171
73776 41314
70841 50340
37212 59575
55660 21882
61164 29653
31229 56159
40242 55737
41686 35704
53972 26240
36273 66433
36318 88442
99059 90169
50804 70509
51741 93743
31462 79435
75206 79537
72269 89742
84447 51350
28250 92887
55486 91780
37346 68625
74667 44061
44182 94889
43644 81255
66986 36243
39907 45317
33977 46709
94115 68719
75368 55943
75365 60132
34028 22127
76532 39301
83859 36621
37281 96805
59171 98900
62541 66910
49515 37360
89616 41657
31185 49320
46183 73525
67698 38416
88878 31949
90086 68209
98132 22198
96798 99619
87953 26245
85578 84644
43229 66797
60894 91043
88721 55878
66400 59111
88819 71070
26529 37534
30045 96494
49217 95759
80405 92202
40796 25272
88691 94220
62514 97724
73658 61288
59786 53402
99129 39267
28139 52132
23637 47651
89579 51047
37072 22942
36708 73409
50528 49685
88962 59817
61090 82091
57500 80447
61803 43672
82635 87394
38419 78485
76615 51257
26647 55883
85931 50942
45288 74812
84492 87991
27292 98246
33149 37989
66781 23703
34224 30835
38481 60391
92134 75804
61316 82324
24814 26685
34568 29413
46957 52300
93517 57635
76799 59318
32335 62080
78764 58142
22021 74514
91757 31213
76038 53047
71572 76054
58612 76672
98167 91712
71436 36373
77794 52359
39053 58733
57707 27203
55778 35860
39365 49085
43090 58278
38967 31785
50151 33399
40953 70295
40746 93944
93531 86809
51059 74475
51262 91742
29262 86464
78907 83294
71568 98070
77027 50377
30840 91304
59110 92116
38143 78303
78304 45187
42051 89929
50265 83463
64057 35997
36733 46875
30817 44751
90726 69851
-4902 1060
-1525 -1575
2908 -10008
-8243 720
-445 -117
-2768 -894
-3085 1296
-1539 3321
-2811 -44
-4129 -1228
4111 -3524
-3517 -817
3435 3500
81 -2212
6371 2353
1616 874
-1485 -12674
2862 139
2136 -8592
-6611 -1487
3543 5050
164 -733
4537 -3621
-2458 3374
-4042 -1014
-2904 -4519
3109 -7979
6237 7354
-627 2756
1998 -4486
-2198 -312
-2970 4500
376 5315
2580 4669
6523 1642
-609 120
-3449 -838
-1709 4803
1877 1989
-3581 -236
-2620 947
-65 -5159
2110 9252
-744 528
2707 -2218
-1921 4307
2238 -3496
-3471 4674
4383 -422
-9634 3591
1003 -2652
1617 1079
3524 -5911
638 -2596
-1935 872
-9907 1161
2583 -2409
-7596 632
-6006 -1629
-1647 1305
-1209 -5411
-183 323
899 -504
-914 553
-3318 -4723
-4929 1918
-8462 7613
-918 5204
597 -2278
-1049 -4747
-1770 476
4589 -4294
-554 1214
-5919 1038
-1934 6017
-1023 2854
635 1163
-2888 338
6318 1470
-298 -2497
2793 2248
3733 655
-305 6047
1876 -5072
1145 6653
-2515 -3374
4142 2180
-3888 -2041
4313 -190
-3856 6322
3800 -662
-7366 6651
795 1318
5548 -145
1235 -5495
1330 -4610
-471 -457
-2361 -4896
-4458 -1618
-1132 174
-4375 -4546
-2635 8054
-2060 -2180
-360 -1201
-2001 4850
2008 114
1765 -2066
-3119 75
-4621 6922
6120 -4054
4140 -6544
-5128 414
-2547 2809
-3925 -4125
3669 191
-283 7923
597 4838
-7981 -4891
-2479 4972
2101 -6259
-996 -3474
-680 -2206
2559 -5842
100 -1180
3944 -1201
2986 -763
-2203 6997
-1048 -2542
2341 -2911
2685 -1403
-5862 3730
-4227 6106
-3081 -1501
3056 3676
-4152 -4710
-1989 3162
5639 2403
-595 -505
-309 123
-38 -2927
-2710 6082
-1430 2673
257 2551
-3482 -5297
-6141 -5394
2520 -5432
-8187 -1085
-273 4176
-5385 5361
-1704 5180
-3146 -4615
-5284 3012
3352 -4471
-1377 4166
5076 -1368
-2971 7855
-4723 1132
1604 -3664
5679 -75
-1322 -2943
2503 -2068
1279 5884
2412 -56
-2174 1657
-3594 -398
3175 4204
2803 5577
-6848 6369
-2405 1888
3025 -5718
8213 -1721
-6598 3134
3522 -3887
7061 -405
4105 802
2060 -5218
-4103 -3388
-4190 1103
-1110 5887
1947 6079
-4793 -956
-1 308
8956 585
-4240 2114
-1915 -3520
1394 2999
7268 247
161 1432
-3516 1402
-974 -3183
-3962 3854
1956 -10355
6528 -672
-1514 8546
-8154 -6627
1911 1961
4845 -3223
-8161 1661
-969 -1501
