53 198 9779
18483 80570
36477 99569
92766 55669
89782 44962
22550 96663
57166 60682
37348 40740
110151 51956
104699 69707
58838 33302
92257 42508
32156 36826
87608 68739
30071 58697
61169 72879
54797 27482
16845 37559
80145 89540
75736 23893
42296 56135
36184 70527
66777 44253
85238 64206
41579 22767
84585 67449
9650 91407
42309 37795
85171 49999
84326 77221
59536 33151
88784 39169
88532 34855
86324 66124
46975 74151
38413 32851
7194 24431
48393 83005
25809 94786
3979 50130
8877 39882
95757 77334
77536 25126
57628 69179
50065 27120
81375 79862
18448 67575
68166 69998
34978 55215
89847 12111
81008 35996
89447 85754
47044 72771
81863 84859
18693 73555
23393 99662
91680 57361
84613 23925
29039 85150
62541 80943
24631 47603
98021 64025
91618 60831
39338 38827
85340 56356
25300 38112
94411 73772
22313 68916
54164 55593
53979 24381
17664 46014
63083 83785
77041 34675
45845 51051
38221 61352
80321 34491
99044 69279
43369 43159
82758 61131
17069 95867
44520 37143
85753 58353
92530 68033
60099 27288
83119 42155
87733 29248
84217 58109
52480 73422
52534 36762
16150 38744
48900 84008
21856 79152
24729 52963
31246 30690
89706 81538
89578 31556
29641 84631
57250 30310
83369 92083
23117 70220
61894 76572
56370 51467
79580 14840
69820 33148
80034 89576
44282 83902
88868 84324
21526 -4004
6207 18650
-609 9625
680 -13914
-1324 13211
24038 3076
-5282 -2361
686 5371
-1199 -3877
7186 -2565
6447 -19265
6345 12990
-5455 911
7838 -5153
-13073 15529
2040 -4257
3468 -4721
7198 -10481
-17764 4439
-7779 -8463
-4392 4720
-10967 10386
2550 4892
-2667 333
-12404 4539
-1529 10689
-6360 2074
20086 -16228
-2403 -2678
-34 -1543
-3103 420
-17878 -22344
-3301 7161
11697 -7489
1089 -291
-542 6658
14141 11698
2556 -4182
25971 11513
12053 -10273
-15109 6693
11810 4576
3720 -3398
-10734 16448
13910 -12202
-19793 2587
-1213 9653
10220 -2643
11679 -7067
1183 -14340
2857 14484
-7587 12287
20702 -6449
-3867 -8665
2277 -5060
3505 12421
-12283 14818
13553 -411
-7388 12126
-10156 4256
1916 -3752
3097 -2654
-216 24337
11497 931
7495 3361
-979 -2020
27296 7003
-1765 10997
5080 -8160
18554 6742
1830 540
-5509 -6812
20136 5766
1579 -1053
-12505 -1906
-13188 -7452
486 -6660
-1947 934
-4702 4672
5710 7715
9767 -3593
11517 8837
3515 10750
-4097 7983
3077 -2443
-1513 -7897
-15500 -7724
-7343 -6809
1398 -10519
10665 10255
-3226 12477
2288 -5892
21718 5347
15518 -5343
-6691 5744
8373 -14853
11802 10346
6555 -6544
7307 20233
-9215 9887
11291 21838
-7668 -2756
11974 -7704
-7360 -8423
10532 -12713
13889 2057
2294 2397
-390 1996
12824 13975
4096 2208
-9022 -14005
-8323 -194
-7639 5102
14018 -18546
804 19678
-1962 413
-4780 15456
-34325 -4559
5398 -5628
5000 -185
-10208 9204
-234 10139
5124 -6394
1432 16007
6559 17465
10590 2122
3255 12706
4720 -7185
-3922 5764
-3860 -3078
2136 11994
4764 -11219
8400 -10644
-9900 14448
3454 17919
4777 3207
-16466 -958
-2245 884
-267 -6791
-2655 -4710
-18178 -6502
15538 -17723
-6179 3747
-4991 2297
-524 -8516
5291 -10012
428 -8420
2969 4258
-14760 6124
6236 -5232
8273 -10155
5045 1491
1578 12344
1815 8869
14390 -7454
8532 -14982
-3343 7667
-5977 16422
-8989 -3084
-5659 13367
-369 -2581
8239 10908
-3398 -1049
11341 -3336
-12881 2519
1246 -9492
-6077 4049
7212 17125
2298 -4850
-3581 -7169
20274 -1522
-1667 2354
7154 -7940
7323 20371
4549 8701
-763 -18809
3757 -6541
534 -4500
18181 3401
1404 13804
2571 -20706
8040 3505
-24050 -6725
5078 6642
6326 6477
-2597 7910
3270 5326
6244 -1844
-4799 -1661
6969 9385
9627 9083
24 7178
-2363 2955
-3406 -3002
3803 -19442
3096 -4471
28424 5582
3513 11933
