69 243 2020
67491 54696
65104 69594
86060 67731
64163 69901
86132 66906
102114 56682
47669 98429
88811 85938
71045 58934
80478 68823
97324 88996
94524 79021
73561 90536
76756 83665
89964 57711
74658 93519
56724 45749
81103 57802
75754 77477
58334 95808
90109 97843
92094 101772
42679 69377
42232 50483
70352 75665
45766 45961
69610 69047
83416 66151
59980 92195
88037 83233
65278 82363
60950 50771
64161 47328
86820 91572
62754 82938
56864 69742
92197 94866
89822 64481
49775 81107
62945 59407
60697 55189
43887 72335
42305 85756
79620 64059
46804 81340
47264 82321
77021 89954
74035 93471
43721 60175
77843 58118
48662 80857
58530 68940
54302 70726
86660 76421
51307 58654
65246 84697
70084 56256
54846 90608
88426 70066
48909 64046
72268 91626
78925 49415
61162 57645
96616 43990
49015 77464
63449 87870
87016 44628
88524 58417
59415 60879
68478 56682
65502 67487
88077 68925
65575 67302
86588 68295
97696 56651
51380 97029
91211 84441
70229 60211
78189 70220
99131 84233
95939 76763
75249 86701
78210 83102
91252 55010
75032 92689
55881 44445
81133 57919
76225 73710
57826 95640
90948 96244
92939 96623
44195 70274
47478 54404
70092 71388
44627 48503
68802 71286
83053 66673
60387 92348
86704 80238
64373 82463
60937 48256
62588 45618
83192 90667
60041 84354
57883 68182
88392 95966
85500 66117
53096 83052
60541 59108
61664 54092
45901 73016
44516 87124
77225 61455
48083 80724
48698 82101
77361 88048
71658 97162
46834 59084
75850 59191
50066 80042
60896 70284
56167 71108
91586 75533
53053 57261
67143 84658
68734 53082
55600 90975
88426 71994
50188 64093
74579 90831
78308 49855
64817 55558
94889 44751
46429 80467
64824 89462
85908 44720
84542 60568
59079 62166
-38 1506
-1601 -1795
-671 2492
-735 434
356 1595
-1969 3090
2605 -683
-1486 158
2526 -789
565 1355
-560 -32
-1977 -1942
54 2124
3082 -179
-3062 -558
-1071 -1436
1589 487
-477 -1315
961 2741
-1170 -2992
2016 1956
-4637 1562
1355 2237
-49 -521
-1175 3245
-347 3246
3401 1259
-1977 805
-2351 2307
-1028 327
3884 -41
4095 1619
1695 -1730
-1098 1451
-2064 -251
-2714 -2791
-1936 4028
189 -731
292 566
-37 2701
-272 1015
-4750 822
1153 -1543
-764 -1839
-1771 2625
226 -1434
126 2945
-3394 3511
527 -1988
1268 2666
1835 -620
710 101
422 4749
749 -1255
-366 -2167
3132 -1552
1368 -3165
2810 -2338
-2586 -1271
-313 4089
497 -305
-1806 598
153 2179
1931 -2845
-823 628
-290 1050
3559 3917
1569 -281
-1645 -562
5069 -358
-1645 -2226
39 -1479
1201 -1675
-2532 -2714
-1409 -3261
1850 -368
4288 -1069
-725 1914
-2005 -847
-952 745
-1087 -1308
-1616 1383
847 -1622
3283 17
-790 -2290
474 490
1308 897
-1768 -825
-458 1064
-1343 -364
1143 -3195
-5154 -1241
-2095 1994
1671 2266
-1263 -1447
1630 1223
2101 987
1558 976
-2294 3402
1525 1019
275 -3968
2133 2071
482 -3954
-729 -1359
-36 -108
-3640 -1284
-2135 -49
-1012 3230
1510 1848
-749 -1684
-1508 1782
94 1138
2082 -1020
-1036 781
-645 -216
-542 1754
1779 -516
-2274 -971
-1925 2580
-1128 4723
98 5
-1583 2419
1287 1378
-2145 -2813
3517 -927
3303 -3387
876 1352
-3911 -4084
1701 2585
-4982 -3144
2400 -830
1526 -1098
-724 -298
-3360 80
1306 2933
1383 395
64 314
1139 -2966
-1137 2829
1919 1649
40 -2393
3400 -413
4232 3723
-1093 1469
-2204 2904
552 342
944 1872
-2258 125
-693 -2289
-242 750
-1880 1232
-3443 710
1378 215
-1245 991
-179 213
254 -1993
2295 3410
-3897 -2475
2267 4349
703 -1155
-1645 615
601 -2745
3146 928
-1641 314
2677 -3731
1647 926
-819 -1706
1098 3278
-2327 3254
-556 1134
4041 -4375
963 -3229
-1614 -248
-2648 -2664
-2694 806
-1915 2832
-352 2017
-1703 2556
1258 1289
-399 5042
-2792 -3170
3524 1019
-682 1303
-2156 715
1440 -226
-1280 212
3006 -741
715 -1008
-1951 -3292
-3829 -701
740 1041
-892 -627
-573 -4667
3841 -192
1830 -380
781 -1283
-88 1245
-1520 -1989
-96 -849
-9 -653
2794 4412
-3113 -1434
1022 1116
203 -1751
850 -622
-957 -2480
831 2524
-758 -1195
1795 945
2229 1154
-1942 2690
1173 -178
-2923 -3635
725 -1492
832 3714
1386 -1691
4259 -386
3463 -202
-1115 39
-393 185
461 146
1435 -3505
640 -683
1629 3122
-1071 1224
-833 185
-386 -1423
-1117 389
-235 -1878
395 3277
-318 -182
1557 -2118
1187 2005
-2013 1594
-6095 -320
-1187 -812
2835 1353
-2620 -690
3097 2004
2603 -647
-4146 -1457
-285 -942
1832 363
