36 89 8941
95443 82830
103837 56839
66191 76235
80917 66310
74973 94837
77581 53792
76890 81601
56894 79122
103405 62391
50978 60651
96305 65997
81817 52855
85813 51207
98400 70805
73853 84250
88628 40976
36575 35523
71722 98033
98416 77207
49245 49521
64363 53961
48584 92403
67380 73513
69237 93881
69015 107689
58483 107616
52794 72734
72717 76504
49756 51636
104986 66237
58234 75908
105411 60966
67195 88923
42322 68468
82331 74715
55726 99347
89188 87406
95558 50043
63054 65860
99131 67046
73581 94489
62163 67393
67437 81646
74029 84510
97041 68142
63827 59215
83203 48649
78831 55107
97427 63306
99719 70745
70714 90778
83185 47284
45503 52789
72747 96726
85491 92079
53441 50354
77456 44279
54665 87226
60123 73677
83803 92151
58483 97834
64892 97161
51961 82703
64862 69700
49664 49053
92718 67411
60180 80843
95826 64090
79662 89266
51504 73297
86601 75877
59033 93091
2895 19101
1283 -4138
19042 3784
-2236 10725
1032 11869
3452 -13094
1704 4670
7013 -4318
1141 4568
9463 -4371
-4163 -14380
-4918 -3290
3107 6925
-6868 -6433
9869 207
-12796 -4148
1734 8487
10697 -3391
-7702 -5063
16430 -11746
8141 5931
-11304 -13796
8035 15897
15889 -21588
-7691 -1602
19882 -4051
4669 -6961
-416 -2271
1159 -1283
-2157 6828
417 5307
13411 11211
-17646 207
4242 2297
11960 -2410
-8537 12287
8784 -1442
-3660 -11631
2027 6310
-12315 9264
-1311 15087
6129 1752
1281 -640
-18418 16973
-4946 8080
3514 -8449
-5731 -5526
-10393 -2276
4722 394
2919 -729
3316 12402
-10462 211
11706 -1995
938 4962
-4987 8161
-10724 -10203
-2203 -2829
5767 8848
7982 -17969
30280 -836
13197 -6743
-8464 6287
418 -937
8437 -8768
3087 -6441
-5119 2950
-1694 -8271
1965 592
-1911 -5214
-1346 3991
14518 11266
7583 -510
-4536 -7203
801 -15389
-13467 2221
-3114 -485
7249 11310
-11521 -787
-10649 -3439
1023 4096
6425 -167
-5031 2533
-1774 -14846
682 8118
-7693 4725
4299 3426
3442 6528
-4968 2951
-8096 20097
