75 42 3262
12861 33730
18134 65066
55697 95202
97028 16393
43768 15266
77322 91195
34607 89377
33472 61466
24321 55252
44936 49787
77451 84964
54076 83809
28539 67995
19422 54792
59217 21705
61520 100108
71793 87450
86139 55193
33583 36437
84982 81735
87966 58218
16595 90042
38488 80262
34050 22138
13299 27788
64919 45417
99516 88565
41157 15004
12366 59287
20087 30160
90301 73489
37011 83550
20296 25131
78429 15386
27644 91642
91654 29804
87566 69021
49378 73363
24227 37688
47560 74863
27553 42017
12570 15583
65778 24158
99401 76294
80623 92931
82134 41268
23793 88000
59241 95552
57503 24445
49658 62666
52351 91282
71774 68119
22028 29382
80003 93214
82700 65197
13986 60388
87536 37043
47152 92183
46170 77374
85087 37232
71624 82999
35537 90029
66134 36758
44870 50969
45342 45170
22077 88861
46809 24129
15603 40253
83584 37557
14062 21530
34031 65747
99173 59316
40463 52222
39247 31347
24641 81992
14677 31656
17001 62575
57616 98605
94831 16526
45467 18900
74929 92986
32899 85494
30358 58739
20643 47615
42568 49268
72107 89270
58803 81052
23363 68242
19292 54881
60727 13714
61390 96511
65758 92486
91822 53999
33277 35222
83308 77498
90742 54233
15106 92254
41921 76975
33254 19873
19036 23524
66719 44919
98430 85284
42507 12987
15815 63629
19434 30809
93909 75422
40398 80967
24785 25893
73511 14974
30841 93952
88823 31752
84077 72973
48983 73526
23784 36150
39265 79522
30026 41724
12086 15038
61728 24719
97023 71145
84825 89556
77735 40256
24609 87193
57322 91485
57766 19633
47394 60068
61267 92333
73500 70274
24408 31416
81506 92598
83061 67046
16029 56499
90469 38168
50254 91620
48852 78944
83140 32824
71725 82289
40214 90467
65867 38890
52838 52125
48979 51370
17560 86804
47709 31287
12760 40101
84486 32573
12053 15357
41039 64442
94373 58381
41411 51090
37047 29500
22837 84778
-870 1649
1310 -4728
609 -2372
-5440 -6421
6371 1148
-3811 -3101
21 2859
2130 8196
4532 160
-344 -668
-7178 3405
-3625 5648
-5197 1957
-3011 -1465
1078 2315
2881 -4539
5739 117
2703 2262
-183 4067
-3137 1261
-1629 1681
-2761 7430
-1677 -267
1000 3960
-1065 2471
2263 2590
-1600 1611
188 4237
2821 46
-410 4805
-3649 -2443
-2504 -4332
-618 -1141
3268 1499
-4619 5255
1929 -1431
838 -3221
2017 3523
-7725 1234
7040 -2995
1903 1819
-4410 1599
