78 73 8376
45291 66195
37250 45814
30381 89021
81234 63250
71906 93788
59397 42712
45559 83087
94590 102460
85436 95564
106175 39964
90835 85937
45034 39770
96010 83397
77090 82610
78454 69301
75999 71129
74015 24909
87206 72609
64730 101961
53508 44340
86476 73257
64257 79266
79486 61132
65814 52181
100800 44454
92602 80789
58072 74207
46102 87993
78515 82976
39621 99702
54660 34911
72393 83566
39182 61484
72176 85129
82380 41432
79497 41568
59373 79167
72520 104376
70598 51233
41190 50418
49404 76634
71654 68325
86361 71997
55691 38598
27381 38108
52965 97875
39076 84085
49760 51793
83636 39220
81927 88053
98262 58253
98808 103482
63192 50682
82044 35523
40716 38769
44067 54636
39286 79560
29714 92390
99580 90999
67733 85468
55937 84579
80889 54085
76105 46611
87753 87794
90054 64088
67517 79403
104990 44239
38068 104220
50615 59876
43369 84471
75241 81211
48712 37497
76282 73853
33294 57487
58049 75255
89637 58578
74857 97019
79511 90967
51777 65211
34625 59769
39047 82061
88228 59894
71877 91017
61728 46690
43630 94224
93682 96108
90242 81238
95433 46219
94303 92299
41533 48171
83281 90599
79813 85973
78432 74217
63543 68966
73207 38123
78090 63186
64610 98820
58366 45844
87103 60957
58643 72051
80790 62687
71619 34271
97725 59460
99736 90214
75714 79966
44435 81790
75638 79784
42030 96577
43418 35963
63480 77166
33980 66775
63730 86183
98646 35385
89852 47399
71325 69093
72855 96029
76737 45320
34651 48740
37779 62102
51996 46749
90992 77002
52386 51709
44229 36848
61923 96355
54317 85205
58859 52447
93548 45230
74765 81789
86324 63396
99422 94873
73636 46819
69993 38280
55310 40104
55781 73948
54022 76740
40406 79711
83253 94937
67229 84894
37459 88126
91175 58782
78866 37155
90000 89424
91883 52274
58004 79246
97063 44886
33583 90749
45030 57914
57160 88891
60676 77526
46766 44108
71622 78978
34757 47994
47857 72129
83476 56873
77880 87606
77894 98283
11270 1927
-5709 -5696
13692 -1147
3857 8595
11568 9902
-1272 -9446
-924 9581
6590 -3377
-16398 -5458
6487 -8318
-3608 -13275
-4169 -4137
3879 -7519
10340 14653
7131 -5294
31859 -4264
8146 -9896
-2194 -13684
16298 -4964
-16896 -7302
-726 14199
-7548 6704
10296 -15544
3271 -140
21740 1163
5866 7087
6676 8154
10263 15933
16458 234
-8146 554
-2380 7618
4536 7499
4457 11990
14158 2917
1541 8286
-14598 6521
-4682 23135
3955 2205
452 3086
-5028 13753
8308 -4147
162 17802
-3188 -7193
3526 -11617
1713 1444
-13183 -5810
3232 13104
-2300 6163
7984 7282
-4558 3076
19223 8649
11036 -7533
4785 3841
-21883 14420
12507 3511
8251 -7953
172 -15
-1343 13711
1699 -6668
3591 -15941
-4246 6361
11603 2974
7548 6338
8922 8025
11935 -3736
-11352 -2398
3227 3637
-7399 6056
4341 1077
-3569 2584
4412 3456
11103 -8961
408 4212
