43 23 3815
22860 103031
98349 64887
64159 99557
51869 75356
47852 90850
34313 72988
86429 103134
64878 42657
90280 46746
44414 79069
51812 84325
68809 55268
103116 90084
36990 72654
50719 52859
81219 33603
59907 94085
59660 98350
76552 82117
23707 47045
84784 91572
30796 77795
35268 89202
85760 42173
97400 91946
55623 60503
73741 67261
88168 79379
41911 78605
71304 79814
50295 97668
43333 66760
59470 45220
85430 97809
43264 80095
48741 38409
79883 43231
80316 70302
65781 98313
77250 95260
46390 29792
91153 81775
90675 95651
25823 99856
99910 65929
68450 94252
51855 73946
40851 88662
35938 73539
90766 98652
67126 40257
89140 48687
38940 82157
54357 78465
61870 53771
97962 88351
28628 79455
44591 51114
79827 33208
61169 91795
63425 98165
78887 84200
28652 42793
92476 89300
28622 71570
33995 89138
84405 40781
93652 93061
55707 60207
76263 65873
87252 78614
41241 79813
69395 81092
51639 91472
35470 67885
56334 46114
82734 98751
34770 87389
47837 36919
78085 45926
78387 72327
73214 91304
75616 96596
49852 35410
83744 79764
90229 92570
1335 3669
4153 2553
824 2377
644 266
120 -615
4252 4888
2859 3095
4048 3219
-2831 1647
2860 4870
4656 5047
6197 -145
2792 2627
-206 -5963
-6873 3024
-2598 -1816
1966 -1146
-4616 -788
344 3899
4860 -638
5176 -7174
3676 -6251
3142 1998
