37 73 1062
52793 34072
84918 75777
17187 26180
28963 36883
84830 23052
86293 27179
86614 73851
47930 69497
47099 88684
68956 19162
65028 38639
13661 44787
92395 24190
77920 59956
75405 96738
52768 50769
95020 49492
100631 41121
31190 49643
74044 64367
81483 50358
33405 75834
20348 87130
62667 56876
73354 57761
31432 67276
59932 16233
25359 20141
48745 38120
81338 86986
39223 28059
19348 44193
17516 64043
79634 20638
62415 66564
51111 56136
45570 85126
53038 36631
84744 75494
16789 24835
27074 34810
84698 23526
86511 26680
87446 73855
46632 68296
45259 87618
66382 18665
63657 40188
16425 42981
93883 24416
76194 60275
74141 96696
52458 48758
95064 48254
99009 40452
30454 50809
73080 65773
80166 49819
33312 74190
19431 86309
61931 58692
72944 55736
31357 66414
59701 16622
23604 21287
49468 37247
80727 86587
40129 28403
18487 43986
16795 63968
80077 20710
62217 65842
49549 55053
47278 84719
-678 391
-1325 -1754
-381 567
409 -468
647 -2627
-17 792
1257 -1112
-809 419
984 -944
-642 1156
-519 -1000
1421 -209
1081 -1716
216 1791
-958 164
-577 56
2271 525
1210 -203
1909 399
-1079 291
793 260
-219 64
85 46
-47 972
1294 -1774
-1738 1109
-1584 -1367
-1961 723
120 -443
1058 -2384
583 -310
1986 2142
-185 -1264
1386 -76
-1041 1916
945 803
-1151 -875
-279 45
1215 820
1086 1283
477 675
1772 -1370
-695 -406
-701 -1713
-65 -795
512 986
-1483 -1355
-1553 982
-533 -601
-481 -615
-1395 548
-1260 -1157
-62 -611
961 737
1198 -217
-194 677
-1265 -1076
-1410 1400
2228 -1225
-1175 730
-1357 201
922 -1367
889 943
-1817 -605
2342 65
-6 -1278
-170 -1565
2500 -53
706 1515
1712 2310
-2052 -621
-1298 711
-1199 761
