80 198 5166
89840 50926
96085 52042
67197 62952
78221 100233
94528 82564
88159 73009
85314 77070
63496 77177
90756 86205
60756 88148
81279 51402
104315 66682
50093 94925
95185 48209
45231 45915
69191 69876
100117 102979
51121 85311
84102 80991
75194 70210
68540 43904
98216 75905
66261 87234
61528 96949
91165 58989
66985 91917
63014 79314
56203 82440
93418 64964
98177 64680
55923 71653
83344 65996
62062 49136
77040 63406
69342 56204
91216 46007
85190 78188
58760 81881
78617 83495
85553 48356
71205 97114
52466 96571
75509 52530
71155 84985
67998 53571
44247 58577
50321 100081
87352 54215
74157 82098
83773 68848
83684 82432
66915 49484
61764 89729
39178 72994
93746 72939
105031 89698
50515 55191
60005 86636
91518 55532
76325 59026
89356 86639
60173 88352
70153 75328
85782 83991
84392 76147
96244 92606
81093 75899
80169 75200
100495 60157
56987 42018
88366 72082
75312 54560
67057 67465
38289 87125
58419 96772
51225 76458
65937 56774
97395 56342
88344 82646
61611 57832
92925 49698
87808 46956
71018 69250
79663 97875
94441 89516
85321 73174
89640 68976
71456 80066
84259 97409
66588 83623
70951 56444
99383 61676
57675 88724
90579 52934
51980 46427
68091 69815
97393 95169
55719 88954
81549 77332
67017 64058
62114 47349
94058 74852
67129 95552
61085 92817
86833 56027
67320 91887
75614 82454
60777 77500
90566 64079
99926 60693
48549 80665
92827 70891
53188 53629
68975 56964
74669 55454
86017 48419
82106 77366
52916 76161
71243 77902
82885 52329
70880 89624
48440 94126
75169 54126
65679 81572
67102 50257
46256 60933
47096 99877
88490 56015
70155 91617
79233 69789
78546 81789
63313 51620
64293 87685
51696 71110
91044 72518
98940 82225
52313 56724
55329 83167
93986 53723
79582 59081
86955 92095
64611 93580
73489 78015
83785 82801
86146 86643
93869 96001
79366 71236
79271 73354
90450 54841
56564 47482
94257 79000
71057 52533
67447 75814
50316 86056
54313 83628
55392 80244
70069 54659
94551 59660
90219 84403
49309 55447
1928 -2924
2200 9919
1904 -555
1691 -8021
-591 -366
7917 -1032
734 6354
4625 4886
-6034 -8745
6753 6206
4882 5512
-8821 -167
210 -1804
9731 -4612
809 3613
6048 5769
-4420 -5106
-457 -10748
3816 -7252
2566 4954
1790 -2635
-2481 -3270
-508 -3485
6154 8654
-677 4993
3923 11239
-4440 1584
-4578 -2745
11284 -6652
2788 -8351
-4630 -3820
661 1304
2623 -6873
3234 7537
3228 -12122
4573 7111
-6273 -2102
4761 -3597
-2534 4265
4828 6015
608 477
-3385 -114
1690 1152
2249 8645
-6162 -4856
-4630 6932
11849 5223
-11862 -6098
-4642 -3568
-4264 -318
-2059 6203
-6515 -1270
-3124 -1939
-1872 -7368
-8920 -6898
7618 -1861
8172 1006
-396 -5102
6143 1163
6459 3244
-2458 255
2111 784
-2903 664
5803 -5601
5586 -199
1321 3866
-5508 2802
1758 -12948
10296 2515
-3303 -98
-265 -1263
-1195 7270
9590 1619
-1358 938
-3655 -2150
1264 3278
-1460 -893
-3860 4413
6550 7181
-7891 -7626
6406 -3366
-2129 -2969
1987 1889
2754 10711
-3907 2278
-3609 2696
1207 6262
1525 -1112
-2656 1530
694 -5419
-1499 -5275
-4203 -469
-6611 -5407
-478 -3341
-3256 -3607
-3200 171
-2346 457
2856 159
-4880 -7792
671 -1586
-2731 -894
-8268 4093
4159 -1686
-1948 231
-516 -6419
1654 -903
-2886 -15285
-9112 8405
1767 2031
1298 5413
-6980 -13706
-1142 -2107
-7317 12088
5176 13041
-1678 8978
2093 8446
-6042 2096
1847 880
6676 -7742
5506 -1906
-2075 13062
-37 -10162
6160 6292
-4596 2283
-6452 3319
3362 -4693
910 -793
-2529 -10971
908 8052
-418 -3720
2891 -354
-7840 147
-12073 4479
-1960 1281
-12450 5992
-253 -1773
-3541 1332
12932 -4834
901 -3708
4071 -6764
-3830 -837
-2649 1401
726 3940
7261 -3446
4698 3422
-1733 9623
-8026 -427
-4497 234
441 -5358
4790 -4979
-751 1071
-2260 -2589
1413 5334
7933 -2979
-1027 -1468
-1828 4345
-5697 913
-3706 7141
15709 -3339
-10551 -4774
11956 -837
2864 10517
-1970 -2908
-663 -4973
-6137 -4851
-11477 -12549
-336 6744
3877 7526
-645 -2650
1992 83
-2960 -1654
4042 3730
-6175 -7221
-745 -1138
-1955 808
-4163 7981
-4044 -234
1810 31
1982 -5979
9372 -2788
11376 -7004
365 531
2757 7121
1654 -3614
-3406 -1619
4455 775
-1332 -2577
-1266 -3568
2687 1410
7920 -5758
415 3759
-10647 6010
2082 -7987
2656 7638
6062 1144
-6720 6559
-18 -2216
3517 -6198
