56 201 3964
38142 27289
66485 62349
56969 42421
66877 92980
57614 85852
27596 59273
70874 66304
83628 51361
35935 79567
64261 46957
90597 94598
53618 92219
68030 87520
93177 78651
37337 35438
52440 52981
64280 79067
94458 74460
74863 93535
49910 68435
34974 72768
55256 47294
60972 75182
22652 73219
88808 70861
57971 34240
43374 86269
33976 53422
43224 31258
41384 83274
93677 43809
38016 63906
27854 40492
84228 60826
72066 55576
66059 65487
60932 93361
73209 36609
49257 91826
82715 73652
55043 57300
99631 84247
58121 71737
97192 48979
84775 91389
59410 71241
90178 68829
73765 32154
80687 69866
50039 87952
91317 88496
65402 29858
35922 92214
75712 49102
66449 46663
88568 27307
38149 28264
65847 62124
64292 41580
71307 91729
56954 83137
32486 59439
76652 69844
94030 48334
36639 77279
62901 44027
86586 89204
55742 98538
72425 86158
94028 74435
46213 33407
52351 54820
68874 76577
93604 74974
70261 92599
54295 68061
38359 68037
55356 58010
63082 78938
31560 73251
91700 76445
66514 28482
36774 88343
36082 63699
47575 32749
35401 84609
93856 45755
38879 64136
32401 38142
90102 62625
74779 58612
67823 64166
57078 98366
74399 41850
51369 89035
78853 67680
51733 49474
95595 83748
59195 72073
97176 58378
80605 92622
61262 67220
82522 72318
72201 28737
75550 73726
52743 85112
89081 89010
66095 29762
39684 94753
79554 56926
74216 45704
88871 28828
445 9359
5194 -1920
3284 4892
-1093 1311
-1657 1501
-2833 2338
-3791 4348
3995 8083
-7396 1062
-5219 75
-5779 990
4297 7947
-1792 -6489
1392 10252
-2768 -285
-6511 -4640
3756 5787
5064 -2196
6220 6773
-3684 -2972
9529 119
-2156 1146
-2162 -1709
-6643 -590
-5021 5804
2853 1918
1475 160
-5128 -78
2090 2663
7461 -2872
2464 1829
-172 2629
-3550 -4890
2912 538
2703 293
-2838 1497
-4409 1714
2866 454
4608 2685
-4302 -331
3331 -2886
-4616 -2095
2911 4767
4036 -6117
6934 2774
-2542 1406
-2456 -94
4085 525
467 -1777
881 -4856
11052 -3916
-3068 -4068
-1139 -1575
5007 -567
6651 783
-2227 4340
-5825 -5125
-3511 -2496
288 4029
-7505 -2222
-1475 1996
-1826 2411
-2960 6162
8563 2234
411 -2052
3892 2617
-4074 -3329
-411 -3497
-1684 -2656
4223 2582
5508 1833
-620 849
3561 4640
-4703 6490
2708 2732
1227 -1270
1544 1176
-1844 -1049
7494 -5587
2062 -123
4670 -556
1285 -6807
-4168 -1348
1165 3965
-448 185
11065 2770
-2744 1497
-1167 -7376
-3765 -1175
6165 -5407
-66 323
200 7235
4849 -2601
-8293 -2109
-7398 -682
-6159 2850
-7738 1146
613 885
5162 139
-1804 955
-2477 -306
326 4845
663 5109
556 4785
1139 6560
-5398 -2580
-27 5919
1398 5832
8338 602
691 -285
-1430 843
-3872 -986
-1485 174
2325 -2165
45 2047
2794 -5358
1603 3411
459 -3562
9409 -533
-1934 2365
815 -4682
-8523 -4150
2752 316
-1869 -6370
1247 7889
-2324 1270
2754 -3536
-897 -3928
-9305 -3220
-46 41
5642 228
519 -2441
5857 1576
-8244 -7707
-2314 -2374
1177 -2508
-3346 5798
-355 -3324
-8130 591
6053 -2793
-419 -4367
7060 4706
1503 8203
-108 1475
-656 1922
916 -1604
8347 -697
1361 -411
2201 -1076
5466 1938
2187 -993
250 -2863
-3002 -1781
6545 -1068
5140 215
-248 6023
-4066 1439
2821 -1390
73 364
1927 -4526
436 2391
-4079 6919
2048 -4978
4425 7789
-6327 -3147
10626 1628
-337 2614
-6114 3684
-2380 -3374
2469 3269
1423 70
1336 5634
25 1585
-1715 -645
7117 2059
2337 2440
2187 -5314
593 7318
-1684 -6162
1520 -547
-2058 2150
-2051 -6054
1758 2004
2663 -4228
4201 5675
-462 733
2055 1554
-4349 4396
-328 1050
-4767 693
-2971 -3173
295 -119
-2500 424
2340 3804
-218 1307
956 8437
3148 2038
-3583 -4405
7846 1461
-1186 -2546
-5008 1172
