51 91 7433
79358 40814
48012 42942
84424 21041
75605 91791
24138 54519
19541 92073
64492 56671
36476 46890
58696 74368
75516 22708
71366 77873
37909 65645
50547 70872
78691 78999
89249 57406
96642 61863
74490 49937
71659 49056
101755 65296
80282 46820
28101 27984
81196 26559
74135 25430
68804 78419
40888 49070
91638 93032
73518 31001
44835 95350
28492 98956
104971 45159
20968 72443
72013 32906
32456 76397
102387 27277
49895 57301
71266 46471
62449 101539
94759 78922
74919 54571
36331 106008
94288 45069
56133 81374
78144 80421
39492 34669
18943 38828
32613 44535
16141 24913
69736 29512
58415 35422
37136 57565
93079 66962
74843 46047
44666 38241
82284 25556
65811 93302
20464 43056
21459 87600
63579 56153
39743 49660
68803 83060
72777 19237
75055 85764
40105 57956
47253 78497
75323 86183
84083 66042
94301 85716
85309 56332
71564 44539
92550 71348
84080 57765
22929 28398
79718 43440
68462 23704
74265 72302
33292 42947
84082 91412
64271 27286
48218 88311
32700 99662
94865 51740
25103 69447
75512 49433
34277 80462
96357 36226
58814 57751
62908 38898
65037 95379
87901 81655
85291 56686
36584 99445
93041 44924
47373 89091
81763 80189
31789 41406
19207 47955
40004 39004
20632 26956
72134 36216
71652 40403
32371 69326
99051 75630
2035 4165
7259 2394
-6190 -627
6380 6049
6483 -5759
-7244 -6074
6750 -4647
-11594 372
3562 -2640
593 -8526
-8578 7027
5171 -7631
1282 6842
-9575 6422
1387 -4124
-378 -5465
880 5362
-4556 7502
8947 9921
7665 7544
1871 -15503
-7543 7868
-8338 -2920
12251 -3993
-6008 -7715
-11086 -2167
13466 9794
-735 -1542
1829 8084
-4270 10382
-3983 2357
-262 12098
5728 8247
12311 -6065
-239 6898
3612 -784
-11024 5120
7034 -5727
10208 2710
-1889 -10621
3022 3538
801 -9804
3556 2254
-7414 3214
1953 -6496
7667 8486
-1960 10175
-591 -2070
-2656 21257
-6957 8000
2124 4025
3588 -1143
13272 6587
-2904 -12367
6520 1329
7233 -7375
-15280 -171
14961 1181
3255 11010
2665 3976
-12556 -2431
-7001 2480
4047 -2471
-2890 -1707
3364 -12501
-1070 13266
-4072 4642
-2253 6349
16030 -1407
525 13163
4837 159
-6065 -2344
-4640 3476
3645 -5204
-1664 -6966
4006 6983
2084 1460
2694 10672
-10661 4064
6454 -2023
17927 -16014
6310 3359
1149 9172
-8528 -3647
-1316 -14168
-2953 -3633
-11829 -5363
-8251 12120
-5270 -4503
3543 5089
2107 5119
