34 28 7851
107692 48633
66274 84364
65695 67684
44959 68995
81723 100278
89625 41013
100932 87777
90969 86411
55079 93662
62551 38416
59091 94129
88877 51597
70910 82148
56915 105461
83592 45853
43867 57878
94060 49335
85719 32166
29685 68713
37865 31711
61212 78198
53517 82771
55108 108038
29517 68768
101784 93828
63289 76677
83275 38378
76319 88172
31256 62203
78293 30722
64607 37814
42910 95691
89165 69657
59623 85354
95890 51204
64731 65401
75081 75551
43140 76719
81360 86310
86133 46177
98154 88517
93759 79918
63550 96445
62548 47765
63726 93077
74114 47902
80640 86915
58877 99720
90501 44917
43514 39451
95589 37064
85832 37369
32650 60412
30021 38796
66532 82310
59197 72984
44149 99988
31435 70820
90543 88701
71419 82867
80306 29981
77839 95983
33096 52861
72937 31296
70654 41642
30659 86542
80050 68181
59773 84890
4665 2204
12732 10087
-5009 5374
6919 2567
-2556 2223
-11834 16489
-828 1008
9978 2178
1089 473
2394 14926
6666 -2937
11194 -1815
-9604 -4784
2022 -11094
-544 -6323
3676 -3970
27648 -6671
3284 -6543
4126 6480
-5411 -3005
-1761 -18438
-5914 -2482
1502 -10322
-6708 -934
-9284 -2698
-1045 3259
1835 -7343
-5721 -729
