46 33 3017
59963 82108
93390 87906
88253 93261
48374 44291
92314 97873
65017 47726
73987 55277
34182 58606
34657 38932
51474 52026
42480 38116
77321 80253
58583 58221
56365 54803
56052 51280
45264 95740
97486 88489
47371 47117
46981 33524
66352 62122
90393 100827
89540 86668
97155 61518
69722 40007
54200 100697
80152 64232
87585 90718
90412 75837
68860 46387
92949 66302
67281 82699
61608 40016
48245 90847
86950 75002
64442 88008
89073 84648
74373 77978
36650 68777
73504 78801
38809 65283
46452 99057
40590 39885
73211 47131
89992 92584
73986 86727
62891 87559
62544 83107
91395 89132
86117 86055
50668 38849
90684 94980
61948 46466
74713 56858
36631 55971
35053 40225
47824 55891
39962 40200
75542 78819
63877 60446
55960 50463
56979 50974
44455 98138
99607 82727
43419 52926
43352 37328
65360 62527
90591 98941
87994 89290
95115 56300
67039 40174
54494 98003
77013 61292
91356 89403
89558 75999
65739 48778
89972 66018
66024 84594
57667 37182
48822 92468
89438 76050
65206 87899
90478 89481
74403 74962
38706 68214
73610 80070
36405 64743
39919 98712
43296 43877
72726 50518
87921 93856
75303 85117
67647 84419
289 1851
2026 1508
-4081 1319
-1429 -319
-384 2211
-643 -1998
6469 -1067
-3319 -822
-1738 -4832
1872 -890
-1658 -1654
4042 -489
1167 -4939
6859 -465
3921 1408
3188 2977
-4237 -1776
-1738 2148
3825 -2780
-5713 1614
1621 -806
428 1866
3298 596
-3152 137
-4459 -200
1738 1794
-6221 2029
551 -4477
1837 518
1534 1313
-1127 3921
356 -2859
2801 -5032
