98 126 7903
94053 51170
81996 86369
41485 75154
65231 38676
69800 45935
103260 96768
53620 69626
79982 67106
98386 46050
30608 68687
48518 77596
72973 63084
88756 16699
74972 79301
64682 29606
76783 51046
75308 86450
42671 52652
79071 40231
76002 21766
95331 61452
88100 76776
82953 71154
89813 78107
99769 83076
97950 88695
27922 62225
67502 89838
60224 78390
77874 95792
61421 102627
82618 62550
53376 48198
74349 86102
60356 52014
55404 39013
38490 63228
99308 91649
65367 52434
75439 100691
94310 76734
54626 79569
62954 83831
59391 96152
41449 93179
68107 87208
58362 89231
47406 62503
63121 50942
45595 77946
52055 84648
93790 89884
70504 72884
71615 57423
94783 65975
61622 83258
66446 44886
66902 92765
98241 85179
29084 80642
86722 90313
66170 53620
69794 80506
56188 78980
102614 84638
60909 53498
69803 90878
87857 87815
49788 76436
82376 77597
100016 44746
67506 51011
91896 109000
92153 55215
90706 77803
61631 33552
68857 50128
105949 76552
41023 40731
88668 74196
51308 52047
54884 77633
94630 85710
56755 72529
51525 81625
43697 54825
54333 52633
89760 43634
73461 61975
83646 75889
47761 102533
93357 43455
63771 51296
79052 56050
62279 109472
78925 80920
49332 83287
39951 33147
98155 54758
78434 78397
42751 76884
71847 45989
67255 44582
97955 91637
47946 60186
84180 73298
88226 52797
41191 65873
43157 73732
77064 75313
96738 39550
75186 78785
76634 40476
86517 52683
83578 96683
39261 45923
85685 39241
77605 41379
96089 63185
83715 74878
93194 75261
74361 75100
93829 73193
88325 92399
39102 55338
73582 89737
68891 86945
82444 88318
63972 99551
82530 65484
64427 62813
81444 91519
57856 42557
67563 44935
52275 64140
96942 86562
70960 56699
77498 99760
92559 63643
58092 81619
60608 86603
74046 97325
60414 89344
77181 86228
68123 79427
52164 69186
59044 68140
54728 67757
57237 90236
88717 91543
66912 93292
72922 62164
97887 79776
56056 81743
71926 49170
64334 82257
96578 94743
41837 82474
90605 77211
54043 41382
64260 78633
49764 75455
94454 92271
59589 68385
61138 93030
88497 85300
41827 84930
75359 91738
91753 44915
74145 45771
97328 97685
94288 41197
87867 84696
60613 45187
63040 41816
98117 85247
40154 39836
96841 77324
54887 46773
39546 91167
94699 87814
53808 73789
42762 94019
51773 56925
70034 54263
91210 42780
73305 59362
72782 72949
61710 96825
90724 47556
65947 50246
79196 68789
72209 94519
75790 77077
51712 91242
40202 45460
-491 -5524
-9101 3609
10153 -6066
-4973 569
-12066 1687
3006 13055
-5177 -1553
-7376 -11068
14939 398
-1999 -8066
338 -11759
-455 12094
-15660 2624
9639 3396
-7992 -2387
4459 -10964
5296 23638
-3006 -279
5507 6350
16 2333
-6597 -15063
9782 8081
2150 -3470
10210 2467
879 4570
2353 5491
-5177 9738
-7104 1209
3628 7942
-6305 -2341
-1088 -4808
13745 765
-27432 -2843
-5397 17687
-9781 10550
21685 -3792
11447 1527
-9410 1802
-2487 -8274
-3201 -19059
-5931 -11808
6237 21283
1564 6419
13 775
-10539 -2249
-11257 8550
5881 -5666
12706 6957
4869 3029
-3031 1808
3270 9111
-5625 -3792
-1494 -9254
5483 -2046
4621 2486
3725 -4311
-2569 10126
-186 7414
15328 -138
-5529 5089
-3080 2980
1332 -5455
-3947 1133
7730 -1103
-3150 -2845
5292 9645
-4447 577
-5719 6081
-10802 1931
-77 -10043
-5001 1646
-3058 11145
3004 -780
2061 8000
7885 -3081
4866 6040
5555 -7919
-11765 2942
-11023 -122
6188 2569
9542 6738
2218 2202
5290 -9035
-10789 6776
-15195 -15055
-4275 -6632
-11407 -2248
-2680 -11333
7635 -5584
-13273 4794
5910 10867
-11333 -12795
-5359 3033
-6553 -18397
2340 12628
94 5183
9965 1937
1122 -12847
8080 -11422
-4015 -14522
-5443 9587
7155 9117
-112 8166
3717 -3637
-7534 -9321
-7184 -1786
-3971 6222
-845 2143
-6586 5518
6500 8591
-12403 -16315
2623 12192
5168 1787
4184 1036
-4496 -4989
7346 -1960
902 4380
3018 -5258
2985 -5036
-5273 9065
6428 4190
-16342 -149
1876 -11110
-4791 9232
-7409 526
10370 -5681
