76 292 8466
54472 99335
52875 83728
55133 69329
99059 89378
62173 98390
65748 60443
90000 86191
88744 88993
62339 79773
87136 60804
49831 88027
104938 84486
77117 56773
101140 77677
81855 102749
57748 101924
114818 41791
40181 94177
99371 57481
61918 61412
86308 52319
57080 50538
76394 67531
92657 54587
63872 60170
75761 61006
100491 100515
66742 42515
60071 49981
85832 54388
90559 78613
84141 61904
49028 52909
80830 75659
75213 81408
68581 60599
75625 67229
49859 62445
76436 113179
73922 75842
69869 51850
59761 83571
69693 82583
64389 68089
37799 91157
110656 80361
83162 45170
80995 70168
90303 79719
80330 60309
75704 60474
88898 75851
52978 66004
60565 81390
74302 85283
48291 86102
59510 84467
83420 81458
79942 94173
80408 50191
96691 96679
73808 82066
86894 56217
83266 67683
54449 63711
90628 64190
84066 89524
109795 98380
75756 66378
83124 84381
47216 72940
55341 89655
49395 43978
82018 108489
92722 60646
105450 82339
51811 99937
69538 92227
51194 64621
89689 82622
52537 92317
66086 55480
98510 87076
84135 89916
61726 62273
99064 57162
62364 80710
94505 84836
83476 49970
95458 78404
75070 90107
47742 98286
98212 50809
49679 91849
99683 67868
54928 48736
92335 53232
57233 50446
73397 76292
72857 50340
70463 51275
64276 64478
98986 88917
59975 48244
67823 55015
72970 61989
93532 82553
83127 54663
48792 60338
78317 72925
62272 75432
70877 58729
63684 60676
49325 52300
88609 99956
69039 72830
63262 48006
64821 80058
65220 90596
55111 60049
48809 91112
99866 77205
87765 61251
85920 59472
94623 72660
83916 60272
79992 83572
88302 77512
61244 56658
57301 86394
66550 84170
54091 73191
47962 68668
79851 91701
79428 97991
83381 57944
92920 74167
79687 70957
80103 55288
76942 62615
67198 64203
84917 73920
80953 64525
97741 91823
90211 73012
83376 70811
45790 70654
52935 95888
51748 55345
77680 96915
99466 57228
97243 71841
13427 -14263
-4203 -351
11913 -5729
-9597 3472
7912 -5710
-15406 -8649
-11907 -9455
1614 3017
-2379 1518
2502 -12424
3094 -8485
-760 -5098
10026 2990
-5356 15474
8988 8830
-7185 -7057
3733 16488
5850 -3854
10820 1949
10819 -1060
-12825 -917
-2324 -2640
-11418 -6158
-6162 -6255
2931 7435
-581 -6586
-3902 -1825
-17473 4923
-1881 4425
3118 8256
1754 10796
-3026 3466
14104 10704
-4103 -1541
6786 20548
4680 16354
8535 -252
-4990 190
-517 775
14656 11
-2304 8630
-5811 -4360
14399 13030
-15465 8946
-13476 261
6311 14766
-14780 -175
-1006 1011
2690 -3642
-12345 -1938
2629 7565
-157 -11301
-7421 4900
-61 -801
-11765 1788
12275 1267
622 -10873
-1103 -7641
-9296 -9831
10861 7415
12497 5586
-4332 3483
-5347 14950
20512 8112
9194 -4458
8243 -2117
-1924 -566
7658 -10460
11822 8755
5756 -428
18667 2469
-6542 7110
1236 10596
-491 -109
-6192 16392
-34425 4471
12695 -14830
9381 2232
-3147 -1343
6344 -18154
-12299 2503
-3182 1941
5071 4470
-17108 7297
-657 -6407
1111 3838
-7943 -19611
7960 3685
-947 -5974
-5256 -8352
-13197 -8186
-7642 6288
-9316 -7270
8148 1766
1782 -14412
-2321 -5442
-6981 7758
6880 866
9631 20424
-9077 -3327
10903 9825
-7867 -2229
7907 -19260
-8821 -7737
-2401 2727
1395 -8445
6645 -10632
-20861 16481
-9774 -5797
-6096 -6976
17570 6330
4529 1558
10591 -183
14359 6002
-3871 2994
-8347 6626
9876 -10702
5282 -4724
-4192 10767
-1459 -6856
6935 -1824
4639 5197
4994 -1343
-1396 -12226
-8205 -8953
-13155 -15464
-7796 -11792
-736 -5692
-14442 -8642
3031 -15480
-10430 -11976
-7208 5892
-5543 12227
-11633 820
3380 -7056
-2168 11486
6243 -9741
-15560 671
-4827 3406
22612 3157
20873 -3807
7290 5961
-346 1902
10609 12625
-1829 -11794
9923 16605
447 -9091
-6855 -1998
8707 3258
3779 -3806
6856 10441
-1294 -1453
10377 -1461
17621 14614
8164 11322
-4712 9635
-2201 13147
9039 9568
-3450 13587
10070 -19248
2183 -3137
3410 -1553
-8961 4756
6778 6458
7832 -7559
3576 -2443
-3170 -4856
-4731 -7006
-2292 7697
1190 -3761
6413 -6805
14557 -1125
8589 -12042
2099 690
-11897 22199
-2970 6169
-1981 -3590
-14259 -4887
-13164 2315
818 2646
-6894 -13182
-9990 17069
1259 230
5805 13857
-12812 -11127
-859 3346
665 -1652
6348 11171
-975 14937
10030 -6151
9657 21064
-3455 -17725
-892 5080
11880 -6871
-16186 -5323
-4938 2656
2994 -14661
-10617 -3811
-9914 -5465
-9467 -9088
86 -14736
63 5021
-2580 -619
2727 11171
3889 -290
279 14255
11274 -280
4304 -2447
-12510 514
8150 -716
-11029 -10713
9584 -12183
5284 2769
15953 11274
8644 -3615
12789 -3977
-14079 -14260
373 3162
7388 11601
-3967 -9559
5708 7163
-7236 -11429
-6718 -14101
8398 4936
-1929 -1466
8352 -5905
3232 5111
-1684 -12181
-4087 19104
6558 -18502
7483 872
-400 -7655
4650 2801
-16966 -5469
-13377 -3673
-4214 3636
-266 -1646
3259 7560
-7806 98
-3413 4181
6621 -4731
-3135 12990
-117 -7778
-12816 1250
5919 -3297
310 -1821
-6285 1572
-15193 13476
-3955 -1451
-4523 6673
4737 6828
-14727 5978
-3272 15417
328 -5303
-3621 3006
2505 12915
1600 5774
-7304 3423
-10005 -7278
6966 -1041
-1066 -6142
15446 -1648
1787 -485
131 8078
3772 5710
-6306 2506
-4772 -4418
-2097 450
12156 -6689
-7113 3785
-62 12184
6010 -5360
66 -7506
4989 -5187
-15485 -2151
5880 11819
1129 -16425
-4411 1871
-1296 761
-10570 -5517
800 5386
-7123 -13648
-7169 1780
-4371 15376
4472 4312
7878 -6446
-2671 -11936
-11920 127
958 -11469
-3118 19910
7047 2545
3368 -1668
