52 56 1155
93709 64820
55349 85243
74133 68033
60627 75451
76954 93550
80879 49273
90285 59977
74654 49902
55796 60348
56616 94639
58454 97510
91958 80303
67075 52798
98236 78615
100068 66641
57756 88614
81443 56816
52671 95974
89560 58860
59715 51211
88622 75112
80141 84329
93838 93452
62190 74707
53222 51288
85598 97466
71144 86031
74297 60550
63677 92157
90723 74474
96077 92333
84710 68292
50505 63964
73955 63561
62701 51231
67628 80662
79508 82987
85171 77298
77770 81661
96063 81452
78472 58710
89655 46383
87327 82846
78272 58258
57392 49669
59916 62289
82272 85205
95752 80494
90155 82284
77897 68650
68255 89536
55756 81994
92286 65647
56371 85963
73764 65761
62020 76144
78149 93678
81951 48887
90208 59165
73469 49170
56277 58581
58480 93979
56793 97073
89273 80796
67338 52616
97654 77478
97290 66280
57963 88940
80223 58593
54237 95336
90671 60468
61420 50008
88620 75772
80523 82817
94834 92330
61345 75420
51491 52945
84452 98137
71915 87027
73796 59896
63973 89506
91439 73269
97487 93290
86469 67435
51194 65038
72673 64593
63880 49709
66272 79514
78881 81127
85553 77938
78113 81036
95475 82315
79056 60163
88958 48588
87689 81433
76742 59686
58168 50436
59796 60768
82999 84648
95122 80162
90224 81843
78699 68983
66552 91394
56026 78842
-549 -130
411 794
1665 1945
2011 147
-54 -564
-422 661
-2319 -1749
1124 48
-264 -1074
-1345 1082
339 1662
-909 137
224 -657
1541 -322
643 1791
615 292
-2133 1355
-516 -1430
-2146 -1555
-864 -40
486 -2075
486 -205
-221 -1179
-975 818
-683 -111
285 507
-69 1030
689 1051
-239 -3847
-3039 500
-77 -348
-1633 466
-1295 2415
-380 -301
-601 52
-123 995
-404 -1240
771 -1528
1461 -79
-706 -260
263 -257
-2931 268
1435 -1707
-584 809
366 -1608
1354 -1205
1820 236
-505 -799
151 460
-913 -1991
-1902 438
609 140
206 -1211
2839 1767
-1716 287
596 -1130
