58 113 3738
80676 61031
75258 92381
63350 19037
57331 99043
65427 68714
66547 42749
24104 66723
23648 56603
72168 23433
37838 49111
40937 39458
57425 36984
60952 42512
71549 24643
99817 27080
65558 65451
86363 90259
21716 79510
92830 26057
27835 47545
102048 65064
62506 62634
52068 54108
45063 60273
31128 67723
40105 91445
80767 48399
37464 62388
73373 77818
36912 48833
89865 87630
52339 43576
103397 79630
92134 26441
28798 34138
78023 75578
74013 49363
58921 31772
41247 52362
70873 54321
30744 56692
35997 25021
92568 60690
47008 55619
38874 71072
71622 97252
31257 94450
96343 71370
72572 55078
59862 95921
45000 97471
22328 72751
83361 32001
37368 28263
31728 79162
95722 90877
31125 86502
61193 38249
80187 62001
75577 87602
61064 25110
64165 98947
64793 69927
64787 40278
25314 68126
25567 63051
75267 22389
41488 48275
34178 38179
56495 37729
61895 44164
71390 24227
96274 24329
66927 67490
91654 93540
22819 77146
89494 27322
28357 50446
98739 59633
65391 68916
55511 53073
45919 62028
37535 69498
38142 91881
79901 48775
38860 71347
72659 73626
39363 44918
81877 85261
58431 42128
98757 72853
95907 25498
26510 34629
81027 77716
78201 51532
53946 33873
39582 46854
75702 58542
26247 53528
36679 23104
93288 61575
48393 60838
43711 68527
61810 99390
32055 95782
96393 77879
72439 52182
61976 98162
45771 96734
22951 72891
87465 29856
35030 29987
30073 77336
88866 92146
35383 84829
61209 38812
1374 4750
-5537 -612
-2824 6678
3186 3472
-4105 -5430
80 -786
-2845 -5071
-641 3377
1316 6522
3558 1315
-5659 -502
1640 -2766
-5499 3395
4449 -981
6640 -3173
4940 6052
-5154 3395
-6031 6829
-10382 -3654
4097 -712
-121 827
-8248 977
7378 1712
-7382 438
-4534 -479
-1693 4105
2378 2842
3312 3357
148 -3072
-2012 2382
4176 -86
-1976 -4783
-308 3803
-3632 5450
-440 -4177
-6209 -4178
6972 1617
2883 4016
5151 -836
-499 -250
-3245 -1222
-1029 -5039
-2822 793
2778 1204
2378 -3412
864 2671
4868 -2099
792 1337
3380 2192
5270 2083
-496 -2379
-5264 -2765
5012 -131
514 3116
1386 -202
-1183 2037
-805 6254
-3795 1141
4200 -6882
-1952 -1577
2474 2041
-1775 -4530
-2239 1425
7910 -2013
172 2030
-1228 -1643
2800 -436
-3827 9014
-2190 1237
3873 440
-1178 3979
1830 -649
3722 1862
-1753 7659
872 -242
863 1554
-1272 -2850
5148 -4711
-2623 -1893
2768 694
1977 -1194
1172 -217
-7059 -265
4317 -1526
-3642 -784
-535 2480
-336 2408
-3431 6417
-1713 2634
-476 -2522
-581 -89
-4931 3567
2745 4968
2440 2983
-2558 2556
1793 5377
-982 1807
1842 -3837
-672 -147
6518 4098
624 -2295
774 -4326
782 -394
1186 -3076
443 -2600
-2995 -218
2067 619
1020 -6277
-5490 2694
-2937 -1171
2385 -2751
-547 -4325
3947 -571
