99 56 4372
50727 39245
96198 63537
45421 53538
67600 68568
99276 50107
88139 48637
79245 90703
56058 67913
47051 49002
43747 63278
68701 96569
62920 65822
34890 59393
94681 56671
52122 86606
66967 50006
79849 77343
59102 56152
75546 77145
87516 87258
40683 87878
63629 95204
51421 66758
91559 71512
55498 82467
99322 51734
90237 66932
101041 94672
37071 92569
85679 86527
65399 72214
62380 68639
41201 94868
39564 81721
90009 78561
68483 55136
39835 95167
31125 60019
64132 91929
51581 80673
80986 94518
41669 79844
87568 73908
37054 37029
78285 82203
68071 54611
72688 35673
30796 89453
94640 58991
94710 89484
55900 59313
44035 77283
55181 77463
42430 71952
74800 66317
59489 84071
51406 68884
33041 98721
44090 77892
65997 39065
89900 56928
83746 89982
91867 93274
48393 102655
33897 84688
42468 81224
97611 84893
54988 44030
77504 42521
74720 50019
44034 83791
42706 70267
80502 48523
94884 61950
75058 54358
63945 60743
70256 84021
92221 38666
54923 64242
77029 73488
49098 45844
80855 36892
44489 40081
96357 71647
76795 33449
39360 44425
49712 70915
84011 83773
47394 100116
62590 46012
57000 37069
44261 56461
47559 87138
71859 89035
52286 73909
77484 73378
77378 41528
71125 46195
77678 44278
50167 46682
95786 61194
48218 47143
65302 68375
99462 46842
87547 51339
80078 86267
62867 62617
50438 46806
44621 68697
68424 92514
61247 70916
33429 58060
90245 53943
60317 83511
60296 49379
82342 79370
63221 56040
68443 70784
89186 90894
47096 94178
60481 86776
42857 57330
87576 69972
53428 78253
98704 49398
89122 64468
98007 91709
46287 87455
90386 79357
59444 66767
66808 67449
36031 96489
50216 79425
86099 77835
79013 57723
38339 88730
43134 65828
68176 85847
47638 80793
73389 89837
42682 77967
82084 69749
36732 40712
81658 77501
73496 58885
74517 34990
36218 93437
88125 57997
89561 80693
48929 55783
46520 79532
64644 74662
43591 67655
74731 66137
57858 83725
48756 69652
36167 91441
40279 80088
65564 35561
88797 62637
85795 95186
91684 93079
49439 99205
40507 83651
48780 79927
98437 79384
53634 45935
77849 47491
79542 44608
42872 81294
41798 67817
81028 48260
93798 66135
77192 55637
61358 62465
64988 85395
91305 47027
57940 60752
84464 70866
43839 46364
77451 42980
44190 35218
98928 71781
68834 33625
45071 41984
51227 70887
91058 86476
54624 98519
63950 46308
54224 39666
43944 50873
49405 88373
59387 86703
63357 73175
79639 70936
73044 42358
73735 48957
80132 48112
3277 -219
1556 -1157
5802 4357
1230 -3487
-2544 1510
7415 1126
4035 -3891
5253 -1917
975 1970
3902 -4293
3215 8603
2960 4437
1483 3140
1503 1391
-5660 4357
1770 -2993
2753 -1704
4783 -4412
2511 4326
-1285 927
-5369 487
2398 -558
-1532 3999
-2525 903
-1569 -7
4282 1318
-75 -158
13918 -5014
-821 -2058
-9721 5462
-4539 -2456
1917 -5771
-5843 -6103
-3172 -8411
4430 8198
1532 1044
-190 5990
-9338 -1755
-5079 -2929
4115 1730
7681 -976
-2108 10006
1354 5782
10892 -5042
82 -3498
977 587
8123 577
2328 5306
9202 -5496
-994 374
-7514 -1724
-2708 -4469
2496 873
-1225 3128
2049 -9793
1776 5013
