53 211 5555
69436 48097
42872 33419
98644 80766
53388 43106
57802 39860
47372 85583
82653 72664
79517 45878
48173 90158
73390 57205
80819 82300
61463 60929
90959 46524
66698 51894
39055 49044
40424 91736
62476 43132
75740 54489
96048 94695
80176 93613
54710 88881
82867 53923
63862 78719
49876 76871
74639 71319
82624 57659
69924 84449
43826 98158
32377 78310
29327 68553
45916 97723
74653 55014
34964 57981
39329 67077
92355 68900
90905 83132
71561 96639
52778 62931
52639 80753
22310 44954
50031 85925
47196 69339
37699 59275
29625 94897
103546 99810
72114 89672
57270 42924
62528 83006
58289 95870
95296 24322
94856 73502
95688 46656
40963 103795
66942 53670
43031 43100
94018 80021
49426 50721
62435 35205
54348 90970
83048 69715
76537 45523
54647 91548
78524 58426
83908 76013
66411 57431
89987 52795
56473 51376
35466 45762
47917 88033
59405 48511
79441 54472
90871 93236
83603 92441
58165 98161
82272 48565
63386 79352
44624 78736
77929 65545
84293 53752
71307 84533
49218 96851
41440 77898
40094 65859
41180 98863
67239 54582
36615 65202
43630 70758
89687 65513
95929 76017
72348 81177
51298 56930
58067 87683
36311 39741
45346 83089
56911 71327
45326 54150
41720 92671
91419 93408
76796 90369
55892 47600
65491 86986
71556 98658
96277 34853
90903 69015
99404 51584
48941 92761
-2724 4935
7544 7530
1302 3189
-1529 1057
129 -26
5076 -1580
3855 96
1785 -2921
844 7735
1347 -6373
-6016 -1842
-6913 -5234
-3627 335
2605 197
2818 -3441
2648 842
-6535 2395
5734 -16530
-1433 4848
-3728 -6270
4612 3378
1705 6039
-663 -295
734 1975
9401 4241
5832 -3766
-10383 -3702
-5021 -10390
-939 -3292
-2028 -1722
-2452 4173
8110 -11771
-1326 -1880
6756 3794
12541 -241
-2237 -15236
-5703 3335
-165 3420
-9715 4382
-1711 -9115
-4415 -9773
-8644 -8179
-4850 -7680
-5566 395
4714 418
-5331 -2085
3276 5689
-10403 -9501
4885 -1141
8098 6135
-1068 9251
4117 3768
-3781 2313
-12427 -2267
-8123 -7588
3342 -2924
1694 -3155
-3354 9053
860 4696
7355 8134
1410 -4195
2900 -7182
-3625 5523
4131 -801
-6299 -6429
-4357 -210
4361 3741
-10248 -3133
-1348 -445
-8268 563
818 3747
978 8283
-6392 -2738
105 4007
4053 -1699
8544 1211
3750 -4989
6300 3655
-2355 -1151
2762 6068
8315 2387
-10172 -1222
-7327 1449
-4500 472
2325 -3840
5571 2411
-8771 -2496
-2681 1724
2492 16704
1488 -4091
457 269
601 8984
467 -2756
-5158 601
-7835 4601
1505 3423
279 11471
2002 -6068
330 2776
1208 7161
6361 -4726
-2763 -3168
-1912 -3610
-2168 -3051
-1921 5646
-7343 -1121
1692 -5787
1142 -4489
-922 2921
6754 700
1994 8450
-2828 4621
-1118 2071
-937 1066
8562 5496
1665 1008
384 -6220
-1651 -3134
-784 5756
1041 -4149
-2744 -3767
-1275 16157
11105 252
1882 1776
2050 -2216
-4357 5968
6868 11338
7377 -6828
-9932 -7534
6112 6402
-2611 -2547
2889 -7
3403 -12859
3160 -9900
-2655 14035
2346 -1930
9649 -1963
-252 4125
8907 -4152
-1114 1848
-1273 -12277
8002 7916
8701 912
-7206 -10905
-986 5383
-3763 -9911
-83 -2568
1561 8701
830 -338
-2023 -236
5967 3898
-7417 2395
6069 -1591
3251 -8654
-8379 4015
9523 -1293
-4155 -4101
3838 -666
2459 5396
808 3346
-1593 8344
-1873 7161
-2341 1883
3620 2752
10296 3940
4265 6669
-2827 -160
-2564 -1708
-1156 -2255
269 -4527
-1854 -5882
2303 9047
3403 -6884
5751 5800
-4959 -1058
1084 6775
-1656 -1350
-1700 -10108
10014 -3524
1452 -4121
399 -6644
1653 4668
3084 4464
3401 -406
-343 -9016
-1408 170
-602 3692
-1839 1962
-4243 -5748
968 15494
3635 -6655
-1806 3075
-1814 -472
5529 4005
-5697 9429
3385 -5096
3595 7628
-3793 -5549
-6496 -4343
386 -1097
-2003 341
383 -860
-8906 -6605
3569 -5120
-2414 -2703
4967 -3729
-8299 5996
-4609 7126
8909 3318
4193 -536
2170 5354
