34 77 6505
42820 63783
36628 89752
61019 58574
50424 40452
47169 83743
39664 68776
25365 65813
52539 65167
79695 102279
89806 89273
67450 69472
48592 51564
32067 73376
70185 44967
65176 74555
38372 58701
79191 25892
62985 46495
99173 45046
47146 59741
32250 44335
33011 78153
65504 58313
90036 45695
66339 94117
76334 48649
89433 19859
71905 25959
64088 68576
58795 58358
33171 35916
63667 34961
79722 52682
52652 79841
39668 54475
32811 85588
56541 68697
43813 54834
41741 71283
31664 70208
27556 45585
54531 71194
78400 95205
79859 89174
66554 69737
51370 59166
31783 83614
61237 43738
68706 79794
44372 63116
80023 24519
73377 50293
93919 41784
42329 52706
25157 36648
31207 77151
61983 52749
77136 41183
76139 93448
66520 49303
90761 27711
64513 25918
63401 76303
61428 62438
37809 38781
66295 29613
90486 52387
68264 79631
13916 -1772
7058 -5092
-7480 4162
2670 -14751
6406 -3926
-3785 6285
7274 -7880
-1747 -1239
2670 1752
530 -2819
-568 -10902
-7789 1336
-1038 5443
3701 5537
-1284 566
4939 4032
6996 2144
-1800 5930
-8468 -5499
2759 -12970
-17195 -3882
10837 -2152
1486 -4332
-1830 14877
5412 -6256
-685 -3649
663 -1214
-9732 1265
-5317 -2767
143 7388
266 -3751
-1710 -14286
-1093 -5847
-8012 111
4583 6741
6472 -1051
-7900 648
-2787 -13896
-624 -3837
-2055 -19605
-3052 419
-3112 -1556
5629 8980
2245 -8227
-12586 -2345
2972 1394
9866 6466
-1763 5497
-1172 -1293
-4921 -5654
1405 3499
-2212 -4276
-5 5954
-13738 -5853
-852 773
-288 8425
-2183 3491
-7219 4865
4508 3533
5426 5378
-10476 -171
6904 -8643
-8783 10614
-7900 2419
6885 -7481
-10504 669
6877 8054
-6716 -1792
-7349 1072
1994 -9773
2659 -2190
-2971 -5958
1054 -13313
-2888 3737
-6060 -6734
6444 -11826
7969 -2240
