55 62 1926
45252 92743
61098 70080
33190 76727
82987 37532
73346 75251
52519 64017
32645 94003
88494 93304
77635 49046
45867 55680
44830 71745
72061 36552
61748 55080
76288 35623
34289 87915
65870 37633
68793 36883
33496 27639
94546 73147
67448 74009
39303 50272
72887 82385
52879 44991
67084 37082
86735 62282
36910 35344
73134 85912
34586 45075
35663 91705
92242 103284
89566 60207
95962 31194
68712 84750
35355 48085
65196 47840
76659 44225
35409 73454
73787 55292
53730 65586
48800 90205
94484 78794
99532 73042
73550 73190
32423 58270
71372 40265
80280 58975
46200 39551
59406 49036
65581 81539
55878 50189
63950 89592
39161 97865
51815 44013
41364 59728
89641 35838
43725 96507
60760 71528
35040 73749
86281 35667
73447 74029
54342 63946
33403 95793
87678 91664
80664 51278
45774 57739
43853 75598
71923 38651
65291 53939
75745 36617
33287 88483
62047 35177
69299 33735
31686 31599
92609 73320
65180 76957
38000 52223
74659 81313
53967 42775
66645 37369
88026 60458
37129 36496
73379 85655
35870 45011
36512 89197
90705 99416
89100 59687
95320 32217
69831 84676
36409 48123
63720 52747
73803 43536
35283 75138
71128 54224
53819 65581
45916 89460
91805 77142
97617 74484
71126 71653
33089 56645
71729 38603
79613 60442
45477 41774
60693 46516
63465 81349
58652 47657
62793 91643
39873 96880
55192 42451
42007 60258
88334 36406
-291 208
-152 1377
2129 -163
725 -623
2325 258
-3611 -2588
-1641 2472
4738 -1946
853 242
432 -1739
-3338 1061
-1737 -2945
-542 697
-411 -1285
600 533
-974 783
-1921 -856
-941 2013
2547 822
3178 3316
-692 -3073
-498 1207
-2241 204
442 3261
200 -242
-354 1356
-1576 4288
1611 -530
1629 2400
864 -2670
2364 -3599
-577 -179
-1480 -947
-322 -2618
2445 1673
-479 1192
583 -15
-654 909
51 821
2916 2869
-287 3989
-406 -1309
-2387 -1141
-3824 853
-3932 -2732
-4165 -318
1271 -2703
-771 -2345
638 -515
1183 32
3399 -2211
1512 -746
132 2636
-1854 979
2502 -181
894 -987
-1993 -6
4577 -2157
1313 -470
1324 -251
-2676 -2441
1622 -2657
