42 35 3470
86861 91396
53486 61974
68201 29900
87171 84599
90253 62289
45309 42126
78056 85633
55821 74452
38466 80747
65601 57772
94538 51907
39823 79702
32909 28368
39276 78335
80759 90820
62045 45261
91526 51790
71853 31368
80673 75263
59713 31675
63495 84045
51773 83109
63012 103773
77385 43600
89798 62706
93761 97366
93554 43656
68380 50592
49390 96872
44775 34259
88498 90834
71591 83317
76660 67210
26842 57887
81323 91417
71514 88584
64067 60251
38327 45534
32238 90952
52312 88894
106602 48290
52228 42265
91150 90206
56100 64423
67336 29117
85828 80658
88392 62061
48689 41852
74344 91752
56224 74529
39795 84555
63977 56375
96685 51743
40796 78153
32118 30282
37742 75742
83927 93031
59488 44592
93947 52150
75760 36759
81604 76773
54182 34199
66757 90431
52258 87592
62070 98990
79902 40394
96778 60727
89885 94844
91129 46009
69556 48775
46797 91726
47523 30547
85477 92756
68354 77575
74725 67730
31780 62401
81890 88255
70357 89778
67502 58733
40630 45774
38831 89982
56022 88751
98808 54894
48474 43641
-3773 3443
-3949 -894
-2136 4418
-929 8251
-7955 -22
324 -3596
4143 -1534
8402 5919
5826 6818
-227 967
-2210 2430
-2765 4172
1250 -1678
2037 3070
1347 2542
-631 437
-183 -5858
9403 -441
-607 -1395
-1510 -831
-319 -7345
-1892 -270
-55 -1655
719 -678
1886 -144
-4287 913
-3205 -959
2143 13
-1838 2299
2463 -3653
-4709 2087
1392 -1323
1216 3831
-4769 -3264
-3768 2273
