36 29 5870
92673 38365
91741 37434
79556 91329
89803 86589
62736 81255
86740 83330
57386 55990
66961 69512
76377 86380
56338 85892
49223 59818
90280 91555
86386 83260
70512 44676
50102 66493
79117 55976
64144 82494
39622 79535
61086 54840
65849 43473
85126 67034
70884 93784
85474 102943
52804 91734
72985 51526
61462 87430
71601 71949
102320 78615
79512 98912
74065 82420
98629 82379
64414 60439
57373 102010
52969 77777
61629 71833
62615 56619
76602 48748
95756 44822
73166 76725
85006 92972
64849 84102
96651 73093
48584 58116
64220 59527
77513 86512
49175 85802
46046 53432
86564 92158
81008 82866
75906 44534
53057 65881
69055 57052
53729 78668
55312 80210
66948 51225
70519 60542
79090 65026
50897 84717
81218 96235
50601 92442
59273 58245
67212 94376
73300 75614
93526 87939
82968 93683
73033 83320
99546 92507
65264 65415
51037 93290
55491 74799
65972 67914
67856 55353
4331 -2292
-6312 5751
-2218 5676
-4313 -10027
762 4179
8860 6347
3518 -2709
3739 2389
-11588 7680
2188 -3479
-4537 -695
-572 -7892
-9174 -4267
5013 4496
-2315 -5972
-8868 4594
5974 -7770
-7083 -6745
184 794
6961 4912
6456 16239
-5629 -7418
3415 228
-380 -6386
-1372 -4245
11849 -1503
1199 6717
-5481 167
6880 -465
