42 140 8796
100612 64210
30406 90742
86231 76228
60595 95517
39637 34852
79971 38443
78444 54307
102949 53772
53957 106559
44130 100509
65313 88206
58676 106946
108118 85514
68458 50644
101648 28358
31210 33777
46709 49022
38423 66042
21545 48640
41725 30085
48284 73046
75108 100431
42349 93687
31402 38503
64605 27274
83632 81532
31945 31922
41525 43923
98505 93017
96940 70538
91326 45050
69155 74953
73263 52693
44242 98723
103615 40978
76419 92477
29525 95463
81015 51975
75116 70588
34496 29294
68532 82038
57599 80786
94194 77710
39050 84839
65962 72467
52583 82571
37392 37111
78615 34572
83075 58327
94795 63957
50378 94498
44753 98472
66772 74254
68262 98600
99896 96077
61604 34884
96219 31463
38598 37390
34736 38064
36704 65077
32420 43793
49807 34860
46838 76971
80163 84091
36943 83984
39676 47527
57591 30400
64009 92534
31636 32881
48660 31078
87739 96136
84342 77515
88878 47689
70925 68445
68089 54942
39140 79805
97065 44443
68771 93971
42881 97345
72566 51084
83954 77242
29896 31971
75039 68257
73025 88599
897 12042
5641 -1202
13295 -2245
-9322 4262
1797 511
-8458 12865
8481 -7176
-2887 -2463
9931 -1973
-5276 13766
5641 -3731
7131 1858
-4189 5006
9586 -15600
-12485 99
1729 437
3567 -323
3629 1834
-7743 -2508
2765 -503
-4883 4730
-14338 4846
-6486 -4877
4117 30684
15673 4811
-19101 -8879
11899 -12617
11389 -2471
4300 2827
8394 -31007
-2281 -9986
-908 4460
-13425 -1614
-2703 -16985
-24528 -3079
-10833 5313
10949 -341
18259 -196
5043 -11653
-15238 -3296
10332 3417
3188 -4695
-13699 -15795
-804 5321
896 3811
-6344 -6142
-9215 -1934
-8095 -16160
2896 -3048
1602 -14773
-2330 16246
-11129 -2384
-3345 -5886
1523 2344
3119 -4124
3795 2110
-4981 4579
7869 -5129
-15810 4394
2341 1711
-3847 6841
4309 4283
-1468 3856
1182 -10244
1543 -19370
-3508 195
187 14140
6943 -8645
-5729 -3956
4198 11540
-14777 1527
-2787 2063
-4005 3338
-5063 -10349
-8716 10203
12048 3068
846 18952
-309 9609
5584 13577
-8334 -12119
-13053 10484
11919 -3264
7851 -13733
-884 10998
-10950 -1222
-3741 -8000
2262 -8545
-3441 10857
906 -3157
13048 -3535
8885 14128
2957 -12893
6632 -9098
525 3223
-6559 14069
-6297 2405
-12998 3454
7214 4166
3294 -112
-232 6636
2216 11049
-2810 8526
-8599 -6401
5531 785
674 -8415
6009 -12485
-1578 8027
-6016 -12146
6593 -5896
8941 4684
3534 -6775
-4010 13611
-4510 -4102
-7348 -1314
8501 -10771
-12576 2292
-5337 10413
17338 -2674
-18899 10716
5110 11051
-17534 11121
-259 13496
-12519 1296
10156 2060
-21905 1071
-8497 3037
11595 639
3995 -879
-5677 20175
9000 -11570
432 7370
13848 15296
-1096 2960
8197 11766
-20980 -1994
1814 14272
-4877 1696
-8565 -3880
12087 1110
1376 -18007
