96 97 7556
63521 42079
91333 84209
21344 86474
77789 83115
96389 75776
37176 80835
41639 75585
39318 74750
86625 65011
18694 60968
48866 85928
36502 23811
76639 77441
69173 56809
55351 32689
105658 84084
64577 61296
54311 36065
77031 95897
62643 86389
96214 76336
76244 63956
35587 82642
64047 64505
30242 58814
56102 96666
58457 42390
52911 21473
40809 104796
99425 54145
70281 39875
87579 64423
85832 49801
87795 83857
70385 54867
51334 67376
52960 35913
33106 60944
80653 41903
50753 89768
18386 61185
59975 79351
34998 35340
100728 38551
79595 79568
73498 84644
59870 95948
76573 63188
60235 29577
70269 24625
35995 60125
23876 38123
77855 29608
50307 97417
32487 94223
22255 46975
63577 38066
34817 60515
81549 44908
40991 85260
44791 40085
87661 66927
48488 87689
50480 41398
43700 93781
70115 83268
35827 32773
39168 37093
51892 27163
50422 52401
43105 62313
69800 83347
60865 76864
91966 36915
50520 82801
30755 95388
63126 80970
80133 59449
93187 95147
68263 17882
33607 99152
77116 67839
25318 60474
46597 72688
85954 48849
33961 72193
74050 55608
107843 33815
62027 52563
93920 78730
74252 31758
53685 96187
16251 100986
31741 79585
78360 33202
78940 57936
72606 37879
85893 72018
31415 95487
74599 77656
79441 72751
48310 83641
37211 81410
30486 77445
79002 50372
29511 56561
57468 87652
33396 26531
76862 86890
58449 68092
51653 39664
98691 94980
72840 55556
67681 32201
78269 98522
53571 93662
89360 67321
77887 56234
40651 85427
58916 72835
38387 59726
50024 98006
67440 38847
52951 32598
53787 90912
90723 51602
66635 40088
92425 63837
80303 59630
89373 90296
73649 46031
64374 61133
54149 37828
28634 60075
80233 40779
47519 96062
47624 56216
61665 86445
39852 28835
86700 37670
80539 81551
55053 80851
58234 93520
87651 62288
68089 35789
71932 32828
36422 59725
28293 42290
64828 28994
42102 90405
27729 86961
35439 51727
67939 40885
35968 77589
84622 48578
45068 86168
42881 45404
81945 64395
60734 88203
40102 39766
49568 97910
53965 88915
31995 38270
37969 35235
56056 32446
57441 48832
49248 67301
71645 84271
67466 83211
88941 32064
45983 93875
34091 97518
55596 81425
71359 54605
99262 84581
76252 27674
32798 98551
83714 72321
27643 54720
38307 66002
87237 40739
30258 80948
73321 49125
98729 36197
66668 56677
92082 94775
72443 35146
50613 99505
26546 93205
35322 80563
79620 31493
67422 59804
-2840 -5859
11551 -1610
3473 -6440
3286 -4202
-7266 -7644
233 4114
-2541 12705
-7522 7917
8833 10849
236 3725
-2709 5146
-8535 7255
1035 6056
3766 11502
283 -3570
11648 -16976
-16779 7085
-3921 -6080
725 -13482
9718 2663
-619 16542
2577 4074
3327 4020
-3313 6638
10994 -2217
-2074 -3153
-13373 -4032
-960 1784
6522 -2154
1868 -8840
6901 -9033
-9635 -8994
6289 4945
17932 -1309
12850 5122
-8944 -2562
-2206 -6847
-15181 7389
448 1588
-7581 -11470
9066 -6829
18481 5085
14587 13082
7022 -145
14506 7600
-13680 15245
-11249 16744
8423 3260
4614 1090
9509 4524
10593 41
19310 -10858
10593 -4500
3326 9554
14605 -5990
-10344 -6686
-11408 -8680
5282 -1232
687 -8009
6063 -1552
791 8542
-4969 -4929
-1665 -4595
-15603 1513
12827 14889
-14108 -12008
524 6078
9895 13884
5802 11960
16276 2677
-1060 8878
2747 -3822
-9209 16397
8449 2634
-4180 -11529
2028 -7421
16023 17912
3530 2316
-6556 339
5238 -2509
5884 9918
-2341 6515
12997 -6950
-6785 9105
14404 1639
2703 312
-5280 1678
4837 6566
-2367 -17849
1088 -14984
8718 5632
1619 -6076
-7532 -3189
-11175 -2649
-498 -7439
-2505 -18055
-2887 2874
