68 129 3499
35064 85483
72220 77961
70392 62965
54933 86267
98464 93346
75331 30996
29990 61518
37298 87802
43341 58717
78322 94997
104732 79969
83453 22484
27296 36652
67473 28957
15673 62705
55642 96818
62864 32703
60102 16164
50713 22296
41789 44734
51704 21954
51895 17783
24635 49758
80599 13349
92197 43876
16244 46192
26320 44296
14213 70468
81011 33086
90844 97162
43341 91676
89626 77690
62567 64243
102521 93915
89938 88420
106604 58573
63000 35945
44183 41073
37383 55070
81100 81488
91304 46490
69987 79048
36148 45198
54374 22312
41733 84537
90748 31825
51968 97965
74523 56150
40397 79824
19535 87334
27550 89155
49462 36127
84013 23646
71278 61751
98602 29401
74543 43140
43433 54857
55309 47406
68503 42473
27940 73908
82124 77506
65270 65084
61351 74373
92308 69040
12455 30570
41987 61669
39940 40550
69299 81101
35789 87002
69586 76359
72423 66066
59186 90096
96837 91111
81111 31460
37515 61013
32395 85429
40177 60385
76087 87541
99938 78736
83451 20864
29727 38015
72202 25229
17294 65481
47943 97128
63893 30208
61104 21253
50389 24169
50570 44084
47275 26911
49116 21713
25354 42771
85579 19170
93306 49281
17861 50351
22972 46343
15096 74299
83268 31166
91660 95868
41147 88994
86163 79082
64869 66367
99480 93962
85958 90327
99994 62798
60908 32478
40138 39828
37040 50340
76989 84685
90221 46410
75627 76615
39792 45107
60768 20338
46500 83567
89790 30256
45820 95261
75968 53073
39801 82743
17571 86338
21812 90754
50530 38861
84494 18045
68641 61779
99141 32877
70764 41900
47290 55074
59371 47849
65375 37703
27321 72382
80292 79774
70207 67946
61828 78230
93678 71231
16908 30795
44896 63000
36959 45481
66893 86933
6722 6594
4455 -722
511 5870
5452 1370
-5058 2515
-3436 5101
-784 -1971
5325 -221
-557 -3045
2345 1572
-2299 1648
-3526 -6496
1627 -1434
-158 325
5168 149
4203 -2499
-3973 -107
332 3314
2874 -1883
4547 1189
1385 4517
-3489 8155
-3632 -3104
-4771 544
-1765 -621
-3357 -25
1448 -5648
-3645 2720
-1663 -3689
-4300 -231
-222 -3997
-2568 1055
-895 -5993
1821 2722
5521 2992
-3790 -7201
-2509 -9199
1835 -265
-3596 3037
-2906 -7890
-1357 -5690
-2292 1000
8405 3310
1298 3826
-6947 2696
-2171 322
-4962 -4282
-906 1985
600 -6028
-17 4531
-2082 -58
3919 2251
5859 -5332
3581 -1805
2729 -2199
-4235 1172
-4516 -3733
-607 1736
583 -3702
-1264 -2297
1099 3485
-2320 3875
2264 355
-4431 1124
-403 3362
1332 1527
-18 -498
-19 -5704
-2154 1955
88 -3960
-5583 -1780
1972 4656
-2073 2068
1403 385
5258 2407
-4338 -619
-2455 -2342
-2548 -450
-4100 -1763
621 -311
1227 -3556
-967 3713
2851 686
1344 7809
-1454 -2166
-848 -492
-5040 -4098
5656 -1243
-4333 -2070
2131 1352
-6956 9896
3618 710
2193 6408
3117 1775
-2151 -260
6711 -4350
1187 557
1631 -2407
-1843 -4348
-345 6339
4550 9162
2193 -2724
-4562 3909
1395 1224
3260 562
947 -2532
-2291 -2766
167 1472
-3098 7484
-7440 -4555
-9156 108
843 2853
-2725 152
-2694 -2111
-1096 -1001
-4170 5875
-3669 611
-1718 -1014
6723 296
2243 310
-752 -1367
1342 343
1169 -2314
807 -1222
3656 -3707
1693 -2946
-1260 -2743
1756 346
3819 25
