39 88 7399
74426 98435
96553 91601
65770 88958
97829 56296
51081 90798
85288 99302
53120 62856
50249 42589
99158 99700
39878 52111
74366 84648
95664 46386
44408 101219
61042 86047
38868 82840
49957 104971
67647 33272
89764 100544
93735 87108
52447 54982
54685 87366
94377 88688
75850 53423
69332 86968
60201 82870
69389 68739
94133 43312
77162 69642
57667 77067
82191 56376
76884 81107
79788 41412
59220 37357
42784 47545
63358 77186
51565 71401
74607 62536
95512 74219
63636 95821
67067 95749
94142 90797
65091 83976
86343 61769
55782 90595
87079 91014
48673 51098
49139 43042
96546 97725
48615 50472
79522 84931
96523 39160
52631 97733
58141 91873
41195 86863
42118 91525
58403 48991
88693 81904
78779 90876
44421 58168
53308 81617
87478 88052
77273 64298
61747 92474
70448 91596
58042 47175
93522 50229
59688 59503
57678 80615
81974 60116
84516 78016
70996 41883
72174 40491
49555 53233
63739 71346
46599 69680
76918 67952
92280 73098
65095 95249
3320 9149
2662 -11998
10010 6511
-16389 4249
-1373 -8751
15519 -12203
-5055 3157
-3160 5371
8466 -12998
4282 12236
-5337 -7668
3297 -2557
-1921 -2716
-6999 -3579
8401 -18703
-5240 2869
8339 4783
5737 5889
3690 4804
7232 -3373
99 7716
9243 -1034
7831 -4732
6293 -5312
-6664 -2367
-1360 -7897
-730 -3760
-7159 12861
10058 -1663
-4519 -1672
-648 9590
8183 3902
-3107 -3144
5382 -4049
-5679 -3059
3104 -4931
3746 13722
-3512 -4335
-17434 11126
-14854 -5509
-4999 2261
-3590 17102
1056 -10423
13357 7458
5657 -2413
2558 2945
13299 -1092
9945 1029
15389 2848
-306 -3979
-3181 -8301
3015 -4765
7393 -5057
4897 -3598
-4803 6889
-3829 5766
3420 -2815
3479 3628
5082 12078
3533 7253
3329 -11999
-13707 367
9634 -957
-4850 230
3085 -1100
-10830 -9394
-3111 12122
9143 -359
-8632 5820
-2220 1763
3999 1128
309 2197
4807 3607
9842 536
580 -4728
-4851 2534
-10171 -7668
1275 2247
433 8113
15679 -552
3170 -6201
1296 5278
7839 -17024
1576 -9589
11281 -611
14120 -10568
-1084 -7151
4156 -4056
