41 38 3851
75033 60995
79785 86980
97551 43324
55479 75474
88783 85673
64344 54350
54454 90725
55800 73092
85577 77211
90651 89130
61091 78723
42774 56679
60202 89882
67170 91471
88953 60703
49005 65177
55170 97859
43432 45618
82401 76302
92727 66968
76971 73057
86294 66316
65991 62679
84903 73542
45032 93068
59822 89032
54833 52846
51965 51246
89713 61679
56326 61292
95304 84320
91724 60716
53070 50338
48821 74586
82920 67939
93269 82847
83030 92232
52324 49681
100716 89254
63880 97345
49873 56499
79495 67664
85104 86689
90067 48040
54589 67491
88194 91734
61144 57322
54148 92942
51522 72467
94447 74308
92040 92464
59590 73033
49191 50038
61055 87882
69858 86703
92781 56279
53449 64388
53568 99545
47575 51774
84439 76794
89339 64283
74870 76705
82711 69632
70292 58438
81687 71418
48056 97475
60148 88724
55356 54259
55894 50611
92460 62685
55776 60116
93420 86357
89938 62920
53414 52615
51611 77765
79351 64322
93330 83589
75852 92901
50922 52348
95229 88484
65266 97166
53963 59136
9091 -2034
-623 2027
5373 -9
-4469 3052
-83 -3651
804 2504
4332 -2308
-4744 -3456
1251 -4874
-2853 -25
19 -503
-1926 -4873
4315 -2992
4224 -2551
-1691 -1512
-4476 1333
2146 3470
356 -3027
2720 -251
-1942 2852
3827 -5448
2858 4932
6105 -1372
1182 -3704
959 -9421
6456 -2206
-5421 -392
-8111 148
4396 1160
-6283 188
572 -5233
1403 1136
1604 -7433
3372 -2947
-2529 2608
1656 3071
647 288
-43 -918
