67 72 2960
28123 92112
44073 67881
53692 30521
38110 37467
48002 98918
37030 20127
41290 25835
76298 101290
96758 91889
42141 60232
31443 88319
61378 80363
42046 76049
87607 93959
79386 58948
51719 35443
90174 64281
72056 22326
99318 65576
44902 55298
74990 44905
66706 97756
72852 60964
31721 90987
24142 90594
58640 80362
57722 87692
62833 33976
65035 24545
69516 82381
38575 75966
35017 62710
62997 44127
62007 25641
34921 59032
30445 81130
43280 43545
56654 64409
29063 57734
50322 54169
23691 44705
41753 45570
47296 25131
24913 36273
77523 100150
51810 96280
54368 40724
27382 78240
71427 82632
33274 64642
46269 92329
42005 44043
94329 71262
66394 29120
69662 52974
87967 16423
58907 97889
19512 86134
37114 90007
91671 81283
41891 67917
76645 50413
60525 97280
96850 21265
29718 42721
89881 56459
74053 69030
30075 88373
44706 70406
55162 30492
44446 34795
54281 98064
40196 21853
36866 21923
79031 99842
97653 87883
36882 62154
32528 90128
64080 83229
44656 74075
91699 90575
79680 55488
48957 32492
85351 69220
71106 20980
98918 65326
44416 54202
77548 43656
65890 96403
72444 59545
30148 92040
25264 88247
58838 81354
57083 82667
62117 39109
67046 22094
68653 82348
45327 77292
30461 66724
62915 48024
65182 30921
32726 59189
32408 81235
45430 38936
52032 62258
30261 56945
49282 57272
23124 49735
43829 43926
45732 27604
28997 35201
77124 97591
51765 95109
51725 35090
29903 78440
72540 84586
33531 69700
48813 89927
47819 45349
93410 70978
64872 24205
67670 53304
84215 20769
58170 97515
21089 85304
37174 90714
84373 74805
40372 69630
76856 47401
58112 99277
93656 23468
28307 43039
93053 53737
73790 66601
-375 -1722
-3280 1083
2279 3791
1457 -1913
-2909 -574
981 1424
-3627 4927
1753 5781
-1982 6255
1945 -4147
3284 2921
804 4136
3427 297
3615 1249
-1335 -1842
1506 958
3779 -1223
-8669 -3314
455 2300
1983 1303
317 -4773
-5678 3061
3523 5010
1858 -2475
-2280 -1719
-406 99
3483 1340
-3086 6374
2953 1758
-3786 1465
-2384 3067
234 1733
2738 3750
5142 -4122
1005 3672
1997 -1325
-186 1923
-1058 764
1428 -1284
961 594
599 -144
2180 -2655
-1909 -2857
141 -3410
2545 1014
-3742 -1588
2514 2973
5566 -4458
-670 -1771
717 -416
2319 -4056
-3390 164
-1566 3079
-3405 2041
-2529 -2756
4402 -1629
-43 -1461
-2723 -2323
1389 -5167
-1153 -5169
6143 1363
-5 -4411
465 807
3093 5096
219 -2174
-426 -2639
-2664 -2538
-1791 579
7404 1286
-2621 -2024
987 -2713
-1859 -2252
