94 53 4916
81387 77221
80971 97392
85677 84389
47864 49405
103102 52976
37538 89784
74818 37690
49585 64725
43344 79556
90218 60644
69912 104073
71865 56507
82027 73748
49434 86006
68441 72112
109543 90140
40338 78698
42988 36381
62274 49822
75604 35861
88230 88868
86752 77499
87042 68309
60863 81778
37111 93301
94151 65393
44269 36836
55000 54737
84188 53060
89890 89527
96148 48514
54770 39414
53989 91968
45636 61371
39019 89587
96252 69027
45191 93235
37755 79462
38546 72598
72409 40037
41220 73092
61927 59666
44489 83892
55941 61886
47307 63551
67971 42343
65337 35329
69075 82847
60458 37860
57770 89946
43587 78388
42042 50404
54866 53531
86539 73167
25693 48608
48619 95923
82417 26351
100248 55104
89301 92433
49771 73640
68318 90085
54904 95231
90607 64058
94352 61413
87341 70820
66874 42610
89149 59113
46027 73597
76529 55358
48205 37442
88791 85113
84245 43997
63673 32981
64482 45325
53912 48585
37751 51346
79781 42343
86056 40903
86570 49418
48114 88369
44379 74664
66189 26327
41732 50615
32140 57422
81608 97984
69968 83413
70632 85486
62037 32240
48910 97226
56567 29339
79573 87830
63901 64960
84807 97510
68215 76564
87559 83187
79732 90364
86199 80107
49888 50391
97543 51005
43342 86081
73695 40963
45405 66299
37758 81925
95224 63657
64441 96414
82151 56835
86722 68925
57023 75831
68849 76789
99965 90867
38147 78632
45795 41290
65969 42560
77628 33574
92855 91577
90701 74068
87179 65091
57660 73532
47647 91235
97072 65602
50722 38219
56274 59169
79284 52212
91078 89874
99294 44918
58324 49119
53776 95876
39682 63027
41153 87334
91837 65272
45074 84959
41617 74643
41250 76314
70353 39741
44004 64198
60046 62079
40626 85882
63147 63176
49291 61671
62288 41665
64938 31993
72472 85830
61435 36345
61721 89580
39041 80445
54297 60152
59791 49748
86523 70285
37357 47623
53100 92064
70683 32128
97806 56767
95237 99580
51052 72159
65226 84307
57511 95338
93377 58553
96963 56676
83272 71790
68948 43911
85847 58495
57990 75055
69844 56897
45166 36011
94001 82023
79430 51674
61598 36744
65744 45779
55205 44023
37823 58676
74266 52138
87629 32249
82335 53084
41106 85685
49245 67962
62711 33497
45272 53351
40092 60946
78820 99948
69569 83550
69662 75674
60033 36285
51632 94243
52784 32807
76672 82022
67192 64336
86295 92996
71207 76890
3380 5757
2888 2867
2581 -5089
2734 -410
-6979 -4262
1994 6234
-4508 -5804
-4484 -3
6525 -4454
-2166 8195
4196 2085
7652 3137
-775 -8202
10286 5628
-7066 -4855
6287 118
7696 1887
4729 -1833
-3813 -2207
3805 -608
-7318 -13018
7471 212
6011 1597
-66 356
302 139
1789 3906
-3717 -3412
4732 6987
5055 -4807
-12216 7198
-6822 -6619
6456 -3921
-877 2606
-401 1506
4719 -1804
1682 8851
1015 770
1020 -2641
-5351 -5214
-1727 -10282
1706 2360
-1800 -7275
10362 -2823
-2079 5237
-7493 -2862
3448 7921
4573 8499
1050 -2225
5344 -1453
-4002 4171
-1117 -312
5831 1563
-8886 2964
