90 66 4245
61803 43975
48444 90005
41590 73556
74622 63931
47040 84169
99373 82589
64835 95907
56200 86131
96030 77037
52484 83722
49710 76391
80445 103217
70898 72248
75195 98385
39620 83541
65521 94707
97370 67529
52707 65784
78617 92116
86071 71274
75199 48774
90745 89769
55493 73005
81219 83181
67294 89391
47013 71566
52561 52271
55556 46271
95223 58580
56508 51897
55314 94048
65093 77903
76762 88434
36427 66506
100398 98053
76126 80433
79220 101894
100272 48250
44041 62381
53335 53233
38346 55492
86222 39428
42256 89017
69335 67711
61140 51510
50640 61061
43317 90363
51418 97270
89028 44460
76865 58058
61983 68205
72127 99308
49602 61549
83416 49745
48123 68229
105310 55241
49461 48064
99354 85453
90905 43761
77607 98047
75617 72244
98368 37109
45967 92871
60837 69408
72817 51141
58996 46655
84611 63156
95395 92662
39888 88643
44885 72691
68755 62161
93142 62228
81923 44180
73520 88607
39336 75666
76336 63973
72856 79353
59388 105109
70693 77062
79645 83527
41045 38388
46438 45043
53489 71661
80614 103147
40672 100955
82408 99411
39317 97187
61986 66550
102674 86145
93019 47465
60487 47271
44637 84868
44203 72542
75366 58120
44195 85174
93036 89341
67257 91809
60279 86677
96360 70883
51755 88598
47958 74667
82843 96331
78174 74953
77844 94190
42920 83230
64750 94290
93803 58401
48912 68849
80399 94259
89666 75347
77794 43028
92672 84828
58654 72262
76668 92986
65514 85627
44541 70747
57219 52994
47546 43860
96440 51948
56156 53609
55956 94331
70063 82192
78052 89036
42476 71651
99660 93976
79026 75737
80063 96874
96998 51062
41772 64579
50622 57091
46231 53202
87219 44437
44392 89347
75023 75191
57316 53520
51252 64104
46916 90410
53348 96847
87748 41735
81141 59025
61319 67326
64575 95896
52747 57804
87712 52034
47189 66380
99445 54557
53278 54857
98976 87350
90055 43910
76755 95182
73459 74557
95252 41233
42508 88996
54584 77075
69911 48635
66893 43432
81533 63139
96915 86955
49922 97599
41774 74492
68205 63021
89038 65924
82298 46606
66275 87103
41887 79254
76764 63384
67536 81198
53728 98437
75204 71833
82342 84012
46294 40812
44230 48441
55928 69675
89440 99647
48289 97525
78363 96266
43634 91234
69080 65401
99849 87567
87460 45935
2609 -2807
-3260 2712
127 -1700
3063 3924
-1378 5423
-987 -2416
-3104 4623
1255 1508
-3007 -65
6902 7644
2727 -2400
-1927 4446
-6080 2274
4650 -4816
-4888 -1646
3220 512
375 -5124
-1023 -1544
5632 -3095
5543 872
2852 1010
-2151 -1495
-2250 -1537
1987 4486
1652 961
836 236
1405 -4625
-3960 -5783
-4449 9115
4353 -3682
14815 -301
-3263 -353
1030 -2160
3960 -399
1349 6225
-5027 -2473
389 4431
-2507 7549
-2430 7855
-1608 -8386
-3177 2108
3030 -5006
-2333 3366
-798 -1732
-7969 -2245
-1573 -901
-1097 4446
2997 -3845
4560 -1020
4087 3997
846 -3391
-213 4791
1803 -9865
3245 -267
2863 3087
-6393 -1165
-2329 -5727
-579 4870
-220 3401
1043 -2401
3688 -695
-8653 -2958
-476 2078
-2755 -5095
5045 -933
-3637 6396
