73 140 7722
65343 29322
75306 19652
56595 33628
53205 58715
72146 35453
63845 19664
86520 47170
41890 77952
85754 54059
46546 30956
41701 44389
49974 89224
25691 55415
20775 47633
49656 101054
75710 17958
25926 26405
98845 62008
37917 71700
36604 23343
21464 92984
50103 61784
13175 100123
65477 86940
55541 83191
62541 88398
28388 58663
47137 54586
55630 82037
73750 74823
22419 37901
73970 84173
64418 65580
42250 79140
17485 34829
49755 90750
71138 26731
47157 97130
73404 94526
76677 84783
49089 67705
69616 70309
102339 76633
40790 13087
68637 11455
90099 84465
78572 31878
29054 37974
82140 29116
68377 90496
106308 94512
81667 77502
53153 96348
105673 66746
43914 75862
91719 80648
83498 14494
30303 102905
49568 36843
72962 97945
86968 54832
26963 87450
67682 31357
97179 57786
42367 13024
84097 79925
96316 19434
96260 64516
34571 60909
79703 94843
99533 72584
94272 25309
89574 73622
75912 38381
78352 21479
53620 34464
56166 68167
79832 35634
59246 31020
95850 60692
37335 74631
88412 57984
48541 34032
47150 35371
43280 88031
30686 48065
31548 30922
39092 94639
73455 20130
32557 36778
99090 44927
40931 74161
23340 19530
15912 90663
54099 58069
26445 97871
83649 83338
64020 82015
66510 80646
21246 40698
54621 63375
41314 81165
72028 71914
16817 31918
75313 89783
50298 71736
39940 77289
18096 40516
52991 88933
66437 33808
64549 89073
71669 82753
60769 77247
50216 74949
69897 50028
98046 76601
40566 20877
57324 22507
90121 84928
81001 37022
22176 45282
91218 19926
72426 99338
92332 89507
74975 80011
55971 92146
97483 66298
25823 86269
78873 74436
82839 22458
44383 98673
53053 44671
74128 99555
77778 64580
18842 98159
65921 15587
98591 52561
32914 15357
91674 74630
94891 23493
95076 73284
33754 52591
64880 97656
97520 65008
84980 21652
90458 68134
-16963 2412
-2985 -4477
-1605 -1977
8092 -2120
-8439 15389
1163 3503
2884 -1952
-1955 -32
-6510 8964
3924 -7393
2312 -7587
-1300 62
3006 944
-4170 174
-11534 -1853
812 -4257
-8407 2267
19560 -590
-929 10613
-7575 16071
-4713 541
4433 3875
2324 -8121
9195 6858
9438 -4447
13740 3575
-2607 -12726
12720 4458
-16880 -5024
10183 4887
-2842 -1049
11936 19870
6204 2592
-4083 4672
-5410 8463
-9463 7122
-3472 3984
-5608 -4720
4540 -11054
-695 -12792
-2308 -754
2314 9749
2977 10987
721 -7378
4482 7792
3797 2089
2310 3733
-10255 4985
5752 6317
-1149 -6428
-4557 8032
4357 -3526
109 -2919
3959 6215
-3710 3595
17509 7890
10178 -7639
4308 -4531
3672 -7718
-5209 825
7826 -9664
6859 5982
-8060 -826
9903 8645
-6446 -3480
708 1277
-19378 -7550
7799 2209
-3665 -1819
-6350 -12486
4162 -10223
-11478 7823
-10266 -8843
905 -5095
3578 11129
5593 -11014
505 -5680
9158 8627
-3953 3775
6253 -12241
-4424 2057
14306 9756
3320 10199
7331 5729
4111 -13062
5626 8435
-16754 733
8588 -6479
4410 1311
-3219 -3095
21120 -11310
5348 8171
1143 3243
-15331 1648
-8061 -2557
-1181 4943
-5544 243
-7803 7669
-3894 8248
910 -4137
-2216 -5530
-8977 3274
-2407 4579
-4838 -2505
-300 -4370
8785 -9568
-5039 6516
-976 -179
-7251 11881
-3776 -5323
10850 91
-11463 4807
-91 8729
-22425 5395
-14782 -2925
10570 8014
-5877 -9379
-13321 5751
7171 -5790
-436 7955
3118 -19233
-5533 -3889
8681 -1534
3591 -8128
136 600
7309 4786
-10175 -4801
1097 11804
-5627 8555
2835 9469
959 -8067
-3242 11330
10686 -1241
855 118
13918 -4965
-6164 7687
10557 9915
-18529 -9006
4473 -14788
-263 6721
