97 78 1007
31666 64134
28153 90373
36624 93064
81166 40292
39512 38061
94876 74486
82224 19371
90992 87367
66208 75525
90160 41847
40192 96043
73218 26972
28314 75762
88030 88631
77760 74588
21529 70663
99106 88142
41975 71938
95623 66320
57777 26863
92500 61530
51679 28345
82280 48733
85162 77692
77727 91009
96909 24768
64517 90211
84375 74658
29626 55903
83954 71291
20988 62280
55210 88155
20579 68715
85470 55541
32275 49763
45270 64727
45474 44506
25138 62500
78143 73055
64864 53024
35622 48413
20109 30435
80137 21983
98436 85265
84361 74631
26363 56595
78504 36373
94732 81016
80479 39914
98463 56741
31841 92456
57668 72705
85591 90657
44742 29477
96899 86910
84725 91779
71617 74008
23636 48879
81695 73798
99424 72820
70763 75068
22372 21718
92122 91242
63816 38611
80038 39206
25746 60999
39385 70717
39118 84702
58871 85237
26829 36342
89675 57886
27764 26811
89883 64964
34689 52219
90105 23524
49720 66602
84248 72512
35136 76750
75431 68610
20798 72130
65015 24033
64528 26298
66722 42804
30947 48726
55476 86294
74363 44720
66584 96755
34262 49363
26010 57104
55710 78480
74097 23118
39091 71937
89217 91764
92420 95589
71885 30356
49806 28048
43537 76706
30278 64156
28433 89077
37493 92669
81211 40656
39306 38885
96106 74363
82197 20520
88916 89076
66143 76282
91531 42234
39404 95525
74047 26974
29346 76297
87704 87123
78639 74413
21019 71952
98241 87772
42205 71702
95597 65799
58406 26621
93552 61811
51889 28320
82530 49134
85572 76793
76743 90229
98583 23811
63844 90064
84344 74126
27303 56803
84918 72027
20399 62743
55572 87448
20485 69027
85710 58124
33869 50162
44617 64280
45708 45098
24236 60491
77301 72320
62635 52913
35492 49325
21290 30194
81937 20151
98670 84786
81920 75676
26969 55449
80922 36769
95810 80861
79830 42111
97072 56194
31519 93380
58222 72373
86124 90707
44784 28353
95725 87690
83634 90754
73074 74406
22989 49016
82120 74531
99956 71084
71486 74401
22368 22385
93369 91107
63132 39019
81188 38091
25550 60815
39728 70817
39447 85016
58910 85539
26228 35976
89925 57685
27742 25267
91254 65468
35105 51598
90464 23918
49125 64742
83966 73543
35393 77542
76078 69960
20674 72492
65451 23424
63236 26523
67387 41904
31060 49663
55659 86279
76188 45390
66495 97224
34551 48438
24705 56336
57440 78890
73421 25627
38927 69806
88985 93264
92600 94792
73783 31635
49928 27318
43273 75722
750 1640
842 449
608 -273
-647 671
883 -1615
578 -1140
-603 714
-293 -881
-1365 -555
118 -584
-851 442
777 -1400
276 1080
-2249 -207
-422 544
1382 -24
-760 848
1010 -1360
869 -1424
920 1061
1046 1314
-853 -67
-1834 30
72 70
59 -507
2025 -735
-1010 -13
-1744 -204
2022 -1356
-835 1099
-1497 -1382
1044 -696
1052 1676
-92 -2076
1565 434
21 1344
1642 483
2302 -87
-1176 -1246
481 -418
-834 550
957 -889
913 2706
-333 416
-454 113
-1686 673
1346 175
1823 -549
-108 -146
1165 -2319
-1111 -182
-1772 168
-1369 -744
-1085 94
-139 356
-1041 2076
-730 166
900 -193
1678 -979
-231 310
-1269 -339
-885 -1474
-84 2270
516 -791
209 805
296 -1593
-1663 1580
192 -213
-824 -923
2004 1176
-2487 -31
-1176 160
-813 -244
-1475 -801
-1582 -1337
-500 1428
256 -1399
-573 709
