62 100 9821
54876 68706
36749 61639
51580 43835
92460 36716
23888 94491
43442 96219
52568 65279
82491 44083
27534 78377
94622 15369
83907 77062
30296 58146
104530 86579
79013 89820
34768 65986
67252 90853
40725 49310
31141 62588
43552 55932
91277 33418
109983 64062
38138 90196
65400 41530
35883 76209
103778 83213
22585 78025
48367 79732
48943 98644
57950 26565
91901 22017
45550 47124
74033 54420
43399 77965
38112 69179
6465 75403
30704 34375
28039 39777
98268 19949
79144 75289
39765 46235
27313 21201
38220 22123
92070 51706
25934 76882
36041 85044
93038 89836
40731 74799
58333 100513
99874 62096
61652 63534
24347 68389
75863 45410
34537 89027
80168 47223
58507 34115
80740 103083
88021 76856
82625 72344
56173 84191
83481 68595
99642 67925
59954 85576
46321 59460
28737 57045
54452 33625
96383 34061
40791 93101
45180 87475
38778 60945
90510 42965
34832 89117
80184 25680
89152 72899
40126 47113
81973 72580
69591 75043
52523 66953
86765 73685
41018 39594
27406 57747
38939 60543
87332 47656
95608 61770
48504 87380
71578 38816
46290 78476
80790 93798
24476 92666
43214 89148
44030 86798
57690 23555
89268 43379
53476 49582
68934 41620
53552 70208
46888 78643
24809 63110
33702 42459
36362 53991
82770 36342
88082 90077
32312 47424
27776 23901
33644 29051
91224 56820
33539 76772
35193 91131
96020 93302
52392 66724
67953 98557
86796 71383
69138 61230
29287 49086
73976 28790
35930 71899
60951 52416
58183 36202
93831 96177
90306 92717
89978 71291
33397 90214
90830 58252
86711 72341
67277 67048
16210 20247
7226 -7499
11114 4387
3985 9585
-4118 -9712
2551 -2601
-5280 7215
-12823 15072
-6760 -6008
4445 448
3531 -2737
4743 -14037
-8282 -2882
1512 3637
16000 -19271
4457 -9578
-24982 -5097
-3875 482
-2474 3234
3953 228
-5147 9022
-392 2003
-7047 -352
17333 3217
4945 -4348
-11798 13804
-6666 8177
4205 5388
-971 -5163
-4295 -7481
-1128 802
7308 511
689 12212
6049 31
2950 8946
-10242 2971
9738 2975
-3228 1826
14169 6076
5236 -2955
7988 1096
10847 -7981
-12947 5315
-1100 -3990
-317 4750
-10620 3764
-7234 -12075
13693 17542
-1332 -16049
9245 5788
-11823 3125
-22097 7215
-25925 -812
3120 15410
-5065 4236
7213 312
1382 162
2508 -15210
-9137 -18291
4011 -24819
10160 -21027
9619 -14371
-5585 8644
1677 -9504
-12293 2827
-3169 19083
10990 78
-7030 13012
958 13396
-6774 2297
-7364 -12441
-6573 18784
25145 9627
13872 -5504
6477 -2772
27869 -12329
8671 1553
23591 -9019
-5268 -18052
3069 -221
20914 14675
-25828 949
-14381 -2157
-3534 15954
14525 -10108
-5797 -10856
-6405 -226
5045 4312
9009 -16466
5204 -8195
14545 -2881
851 -2920
7466 254
14754 9435
-4266 -4162
4009 3401
1761 8542
-4330 2658
11970 -7299
2602 -12365
