34 94 9912
85362 48396
73310 65043
39474 67005
77017 102001
66831 94631
65441 78836
58755 71220
57376 75135
66653 38910
90780 105872
87553 87232
62531 91323
69906 115615
102242 80526
65422 97569
56401 66070
74024 109033
63026 82256
42458 77532
55846 43778
41701 77523
100721 62625
57510 65524
62452 85369
83849 58757
67294 62787
77537 60856
81197 72384
78221 36640
103298 73425
80080 109526
77313 70718
77229 80946
53643 74082
84455 63705
79851 56281
53018 70832
77108 92020
58267 95979
64879 95784
72369 76045
58320 77705
74684 46958
89167 89143
86469 89848
78669 81862
68295 90661
97853 84499
72219 95524
66260 65921
75444 92568
70809 71804
47933 58224
56464 54625
47079 90639
89545 81240
59499 68682
63580 90856
78143 63270
62370 50333
85527 61137
93287 66536
74907 67796
94317 84572
70654 94166
83338 65869
73935 86567
52932 74286
7590 -2988
-8590 -3042
-2777 5916
-15639 -2857
-21996 -10
10463 -10573
4414 -8452
4406 -1187
10960 -3232
-4004 13569
-11042 21231
-2774 26072
-8977 5635
8599 15031
-3277 18690
-3280 -195
2001 17009
-17485 403
4407 -10877
-4060 7918
95 5500
3054 -14781
-7277 -2724
-790 7833
-443 -12952
15115 3467
-3748 604
-12293 -11761
2251 -13968
16385 10803
12222 317
12666 861
-5848 1317
1767 11639
-5455 376
8374 13642
970 8755
6467 -6320
11109 -21532
-6300 -28820
7167 -5366
5457 -999
-665 -12491
-1170 -12762
4993 -8995
625 -2623
-5392 2669
16622 -11039
-1358 3911
2414 13509
-14288 8594
-8041 -5670
-14892 966
3705 3205
-11584 -2125
-5335 -12097
1139 2867
-13699 -6406
-2664 -4892
17313 2835
-571 -12708
4549 4690
16978 -2941
6699 1486
-4938 7781
2717 -25431
-14835 6465
-12979 -19599
11641 5074
8086 -2036
9837 -21280
-15067 381
2186 -33
14143 -2265
-3457 10363
1535 -14253
-1341 -10719
-5624 10425
-609 -1984
2084 -7162
18560 15348
23225 -10399
1336 16490
-4922 15556
-1601 9470
-9537 6181
8143 -13662
472 -15471
-11977 -6260
-2437 7092
-12209 -9649
-17282 7929
6952 10623
-2239 -7001
