89 120 1610
18186 50535
78558 53600
82546 60138
22187 60731
56255 83534
94126 21121
66302 45949
68804 60337
45529 88077
80905 56406
62465 75907
73526 17689
65121 69944
73740 94585
35686 93930
95110 18936
80782 61496
63006 95369
77549 50525
58865 15098
49297 62502
70437 50404
91121 93095
34364 42404
16705 53262
84179 100187
19651 78910
57288 34516
23892 74563
42222 83145
64112 80502
30156 23089
25655 90356
57302 43441
87431 28306
58705 87203
24159 79736
35643 72584
23214 32190
31604 66475
52883 46916
65018 50465
30706 29980
94630 60999
28423 86978
51689 69388
88921 90342
40457 45128
14873 61711
96266 20239
89944 19109
28577 83984
67132 71105
89619 84675
33248 32731
47770 75617
20353 35672
40939 42620
95069 82708
30185 23211
84258 67956
64001 61626
61419 69495
35906 63879
40120 31988
88102 42553
42303 83463
63958 95229
39901 58660
86246 85056
29801 91885
20554 20656
70321 54453
86580 56759
60596 36630
72199 80852
79870 52728
41770 25710
89594 79237
67162 40100
67980 29010
36846 67928
19942 62857
62427 33745
55457 97948
44986 86264
81665 59744
54696 80300
70734 69037
16958 48754
76560 54959
84805 56945
20932 60404
55609 84218
95308 20886
68709 43872
68442 61254
43534 88088
83098 57227
64346 74026
71541 18338
63792 72877
70810 95211
35861 91325
92940 17196
81463 62370
65169 94772
75662 52182
60803 17325
48917 61989
70049 50744
90632 90238
35800 43252
18996 52902
82865 99598
18216 79623
61627 31887
26512 73935
45914 81723
63734 78421
28829 22127
27291 88486
59336 41750
87555 29513
58737 84942
25428 80584
36649 72649
21482 33615
32053 68553
50774 45326
64702 48932
31745 29836
95176 60514
29822 87754
50782 69774
93484 91123
36220 46674
16515 59284
93893 22102
91211 19814
27718 84434
68941 73262
89003 84250
31076 31819
49069 73989
20766 33994
42655 42215
94124 80032
29781 26529
82910 66430
65468 61446
60857 68193
34787 66316
39682 31927
87828 41394
44256 83516
65596 92043
39720 58812
85519 85598
31379 91666
18360 17859
67716 53113
87333 55451
60703 35725
68403 84827
79531 51511
42346 26816
90176 76373
65141 39850
68282 27470
37838 69324
18924 65227
62538 31825
54686 97281
46103 88694
81404 61504
53585 81845
70824 69034
288 1699
1848 -153
836 1299
1475 -1025
-2364 593
-2111 -3704
-2098 -100
257 -1522
661 -2477
2465 -1603
1554 -542
-468 -1272
611 104
2088 1480
231 -28
560 -359
48 -2072
-726 3720
484 -2316
108 -419
3349 264
-190 6
-2985 3835
-2236 840
1620 1337
-601 3121
-1220 386
-421 181
605 943
-122 -573
-400 -65
-298 549
1133 2440
463 -431
3462 -754
-1915 -3217
887 -2112
1531 2093
226 169
185 661
-365 63
218 2389
708 -2465
796 1625
-1639 -1444
1052 -1533
1119 -116
543 2378
1671 -286
80 960
323 1788
1893 929
3017 889
448 2157
-310 -96
122 -806
1191 -210
667 -1003
-1808 1084
-465 -3251
1447 730
-433 631
-2200 -2085
385 1879
1033 -1416
-151 1078
-1559 1204
347 -2511
-1069 -1282
-1897 -16
-197 1774
883 1608
1067 666
2695 -600
1318 729
805 2533
988 -1072
-1674 -1465
844 -2171
599 2387
32 456
886 -177
-61 -825
-527 2888
-1402 -720
860 -2805
1115 243
630 2427
1535 -328
-1841 2292
1938 3110
782 -178
-1760 -4228
-892 -2011
-2004 -3184
1026 13
-2942 10
-2596 -1560
1120 -2869
-1767 500
658 -834
199 804
-1041 -1237
86 1742
-3033 1169
4623 1104
-393 1331
-2589 1106
-2679 251
305 2844
1768 -772
2549 -2786
357 -2265
305 -1164
319 820
2062 3335
745 4194
-1729 -857
-2140 823
2749 2306
