63 51 2483
74717 67075
72696 71212
95062 55214
81508 77051
40752 52722
75420 79835
85499 35760
54222 67776
79004 37930
72952 91934
49516 76149
86531 52043
93173 66971
55058 91889
72686 98451
93336 68868
74755 61263
44888 67690
84321 65872
63888 93932
36820 86980
85979 76415
58439 41663
49555 98108
49826 56025
91903 65888
96735 85133
60438 63501
42140 85787
51661 70982
58040 76892
70547 75653
79831 44219
51876 63888
62773 39239
43957 65239
52566 97942
59446 93174
48107 89134
62919 55004
96183 70880
69483 79529
92040 48764
72205 86890
64738 93885
87073 35216
79882 93956
85527 53340
40848 75303
51938 59820
36890 43494
78956 40440
36392 93222
86106 44117
93480 78445
97050 88073
93967 54971
83355 88012
98020 59410
76639 101800
94435 76131
89318 92406
49316 45214
76397 68999
73804 73240
94142 54424
87766 67444
44659 56555
71037 79921
79735 38607
53157 66181
80823 37347
74731 89179
47731 75618
87487 49082
98753 66195
54204 89932
75663 96833
96999 65582
74560 63119
46761 62718
82044 66604
61618 93793
37112 84870
90678 80350
55977 44752
52323 96431
47246 54733
89644 64131
96685 84028
60213 60676
40517 85271
54880 73070
53883 74582
70562 77296
80744 43966
54479 63263
64242 41390
46354 66097
51239 99486
56066 93074
46952 88906
60788 59891
97366 71244
70798 79956
99990 51261
74469 87031
65716 91800
87525 36898
77878 94800
81895 53734
42914 74239
51349 56705
39121 36920
79498 38708
37680 99566
81290 45380
90810 80050
96866 86785
96674 53979
81485 89555
99353 58905
76689 98615
92765 76712
91812 88249
49622 47238
1088 404
-692 637
-3674 1117
1851 3239
-4087 -527
-2131 530
-396 -586
-193 2359
-3585 3157
240 -2198
4153 -3863
1082 -1094
-2133 -1194
5006 -2600
-109 730
-5927 1025
203 -2744
-2960 1407
-2696 -3955
1334 -4277
2933 -1745
-80 -6552
-2060 2092
1376 -3552
-3616 1988
3642 -460
-56 -1332
-3702 -2737
933 1478
4174 4899
-1010 1095
3578 -2694
-3188 -2272
-1250 405
194 3069
-1700 -714
-1462 -7012
-3043 -4956
611 360
-3061 -104
3612 -717
-3261 -4385
-285 2819
-841 -3841
2303 1051
-2842 -3752
-5668 -2861
1579 -539
-276 -971
-1201 -1709
-4739 2187
