95 250 8309
68573 50405
75034 67299
94399 77881
52775 58430
52907 85691
53458 79301
83494 78092
52082 30815
67555 67892
66556 41207
98047 99066
80999 39518
81729 68309
78458 61647
82341 68543
44617 49206
56925 115347
72188 71641
32348 41182
94305 57437
55867 61524
82114 42120
38160 33822
58042 48099
58214 42523
79417 53433
41747 81154
45982 78918
45962 63817
75042 115012
57245 36159
32508 86271
91586 96467
54842 41943
56082 45397
77286 50904
92577 65831
47190 92420
60804 75464
52586 30215
80356 64886
41907 57506
49835 70573
92733 64551
104260 99917
43850 61086
46209 37257
80809 60805
62397 48374
64774 81415
48339 62841
80959 40090
100730 81727
60969 74947
87025 57800
26769 52888
62884 70377
61738 54147
45820 77401
49562 66827
63824 37857
51917 50354
78215 109403
79041 48332
38184 76944
96692 68690
44877 76361
87628 72417
50101 78834
76527 55997
103023 72955
90778 43569
68050 92066
67885 79111
74145 69460
92172 47444
85578 62760
42204 28076
42867 61217
38404 68845
90721 85602
96840 65673
57437 64452
41487 47223
70383 48998
59520 75317
79512 87524
47526 80415
81533 85450
82443 49065
49234 88963
72425 76494
75644 60964
89478 59554
60226 66899
74397 51420
84423 66493
85880 84170
53943 61712
45628 80498
49350 72230
91273 80727
57777 35080
53806 77064
61887 49454
97332 91869
73261 37662
96231 81615
96391 61885
77043 79939
54968 62104
38460 98762
80573 64996
40036 48759
84728 52625
57324 79815
88184 41097
44706 42727
62257 44998
68345 41938
78969 42418
39865 71117
52916 81443
50082 57207
62030 95108
55659 45876
33927 89211
96444 89821
47510 43802
49898 43282
79386 39263
94876 60484
51208 85397
63940 74419
58918 43938
84569 63383
35988 51114
54366 55056
99004 73240
99488 91235
40207 73215
51176 35433
79435 58401
73932 58752
56240 95047
54489 70441
83157 41728
99233 90819
48947 88314
97176 49644
39569 46166
63632 64782
61119 62418
49767 75568
58332 71726
66683 41124
42746 52739
72653 95537
80383 51585
37458 54025
89614 71438
44221 80363
70026 68162
47500 66625
80883 37124
97191 70813
85198 49365
60628 86634
52950 78555
73890 67026
90916 36605
70745 74071
51104 45323
45557 58374
38517 69330
86313 86345
98378 63687
64815 62433
38687 44615
82264 68205
58458 77368
73960 79822
37529 94031
84850 92991
91522 51483
58213 88529
72553 72584
79483 55282
84496 57216
58320 64774
11699 -621
10333 2169
-4156 11774
-2190 -5982
-2178 366
-3696 3861
13491 9917
-6134 9308
7754 -12427
-7558 -1354
9109 4206
-3791 2657
1379 -11770
-11730 -10325
-10759 -1544
-3255 3281
8695 -12843
-5657 4614
-1942 6873
-6336 3053
-6840 -4270
-3838 1035
5023 16564
-18305 5905
-5930 -8332
-9638 2428
5849 -3237
-15214 -3272
-6574 5259
10850 4644
3040 -3203
6120 14214
-5904 -3279
516 -12391
7877 3043
12346 -1071
-14461 3954
-1816 -868
-1751 9960
-7668 9413
3687 -9413
7066 -13846
1254 -1195
4690 -2455
266 32
-9147 6426
-2787 -287
2165 -1681
3506 -8354
7123 -6109
7520 -2843
8482 15131
1030 14301
-4123 -1264
-5420 -3003
14315 -9774
-5427 3705
-10272 -16331
6407 6797
-3363 -3912
-403 503
-8579 -12742
-4192 391
-1374 3198
-6135 -8312
-1191 -5951
12565 -2738
-18 8486
-2832 7199
-9210 -7130
-1176 1914
-631 4674
4331 -6730
9831 -7512
-313 -8703
4647 -1703
14282 1667
8403 2044
9106 -4813
-6590 -13174
5061 1304
-8243 -1670
2357 15383
-8176 259
-7597 2211
9066 -273
-19331 10186
4890 1291
-3981 9476
2989 -4500
3542 -3849
-865 1517
2621 -9604
12492 -10295
15526 6627
-5979 1151
-7166 800
11153 2604
2751 13521
-3515 3470
-4217 3628
8972 -1747
-9819 13482
21325 3330
11023 -14786
13072 369
-13400 -8617
-10107 1514
7166 -5522
530 9586
1890 10404
153 -15069
-6104 -1860
-14741 2157
-8339 -9762
-19429 1725
-2968 -2353
-2924 -7756
5140 494
5572 2262
-2123 835
-13343 12610
7034 -3224
15658 -526
-5920 -7208
9368 4147
-2430 1089
-17664 -235
-16225 -9630
4835 -249
1342 8150
14069 10176
-13578 365
-11350 6824
-7333 955
5496 -2183
-3093 14285
-3293 3595
-2805 -3195
4991 -5353
-1720 1137
-6500 -3261
-21 -5609
10668 5729
10858 -872
9888 -18666
-5863 12278
-9361 -6047
4532 -5703
-8081 -9
2737 10550
5170 12940
-3346 -8692
-4375 -11572
1815 4698
-12417 12428
3953 14089
9466 -10051
-3691 -2610
-9192 -12918
-4280 -5416
5414 -8657
1476 -2070
-904 11866
463 7696
18527 22297
-6527 -3380
8565 2486
-14416 -15676
5399 -9359
-5891 12886
10700 -12314
8813 -10164
-3260 -5211
-12953 -5134
-10536 6907
13692 -3104
9126 332
911 -4203
4548 9968
2006 -2223
-2940 -8627
13569 -4683
-11064 -6393
4105 -21388
14509 10521
6270 5909
-5412 10181
13995 -6391
-4642 -2387
-2438 11458
8954 -5440
289 9767
-12379 7804
7866 787
-6959 -5889
-3296 4274
-4110 15731
16517 -12602
-6623 -5993
3992 1567
-8954 3089
-2169 -328
-8872 14780
15939 11139
7511 -3983
-6954 -10115
-4304 10897
15830 6042
-1194 3592
-7188 18601
3836 -13653
12601 -10262
-726 -7538
5364 -4948
-1400 5212
2020 -15781
2645 -78
3175 -1918
-6609 -5281
-688 1269
8699 -2354
-3412 -7584
14834 6509
1578 142
7859 -2019
5487 7880
-8720 -7945
-2872 -8558
5938 -534
-2287 -8528
-3248 11669
-520 874
-5251 -16632
-6141 8842
5232 340
5690 -4265
-1473 -13340
12298 -5089
2106 5202
-5292 4969
-4170 -6257
-1553 1283
-2065 -2651
3668 493
-11721 -3500
2002 -4908
3056 13522
3007 6757
5370 11198
