38 150 4849
88105 84508
41603 81542
72075 96758
87961 65198
73038 73493
86360 67857
52977 56328
74987 95422
88177 89436
71783 61901
57646 92074
81900 67345
55296 76462
100297 73571
80053 43000
66647 41705
74629 46312
69008 88788
56126 80079
98959 81073
49729 62085
62583 83646
71416 73329
69624 49317
99744 47579
84603 87931
52247 87264
98079 65321
67920 81318
53688 69416
53654 67703
81773 40508
93597 90697
85273 50549
66834 90812
53085 85141
104939 81711
99140 47297
87878 79034
48139 77927
78854 98003
84177 66429
69347 73337
93906 62613
56105 54288
65594 97208
90222 77658
72571 60502
64077 98789
85685 68854
61589 76833
95338 75108
76785 47647
70231 50315
73592 52802
68519 91685
60515 81782
92714 78155
49339 56501
66501 81495
63021 71174
68047 48157
99268 54296
84775 91503
55840 80137
89105 57529
66323 81581
49293 73605
48249 68674
77261 49550
93755 84971
80601 48837
75298 90875
53715 79300
96648 82237
98358 55359
-1623 1349
-6753 -2014
10065 992
-4228 2592
677 766
-9539 -1773
-4830 -2972
15441 -228
117 857
375 288
-1324 4490
-2640 2752
7248 -8314
-1273 -8743
5741 3402
511 872
4410 -1704
2910 4798
-7022 749
-3648 8277
-7561 -2
-881 2825
1879 -5621
3930 -2665
-3970 -2234
1095 458
-6573 -3253
-5613 -1130
-10249 -4570
-37 1375
-9349 141
1258 -886
-5747 -2142
-2146 8315
-1410 3757
-1964 2392
-3023 -4007
5917 -2314
-3311 77
-5497 3419
-12609 4209
-250 -1045
365 8969
1593 -1067
3103 -5995
257 4245
5023 -2797
8507 1645
9045 -2773
-1899 5400
-624 -361
-8335 -1605
-5447 12127
2742 -2768
-1583 782
6761 4181
-1426 1998
-2249 12015
687 11351
6742 -3132
-220 1030
-964 -3488
-936 13489
-6121 -4147
-6448 7541
1993 2337
3511 11294
-1457 3733
2274 5442
80 -4292
-5908 2980
3532 338
-4807 1279
5235 5943
6931 -4617
6415 -3297
-506 464
5757 3902
726 -2991
6345 -2998
-2655 5779
7294 -3340
1797 -6728
-2953 8223
-7477 -11691
3146 -3172
7644 -8422
-1071 -643
-865 3921
4235 -2800
6238 -1854
2633 -541
501 4274
993 -7886
-981 -2131
4716 766
1088 -1714
-1492 12207
4166 -2946
9151 -1158
-4236 -2688
5663 6680
6340 8579
4508 9443
608 -2119
-714 -3492
2131 -1298
-378 6706
-6391 94
384 -7413
-1751 -897
-1380 -3096
3922 -12333
1813 250
1167 2751
-4006 6691
4943 -7030
-2564 1753
529 -1782
-8934 3166
-4623 3612
4702 -2715
4433 1995
2687 641
-1929 3659
-2622 2996
-2841 7748
2384 -6729
-215 1869
478 -1750
4235 3991
-404 -1627
4411 11046
644 -9362
-4254 -9319
6968 -2108
-1023 5353
6624 4399
1923 -3320
316 -3724
-1920 387
1668 -8914
-199 -6481
-3004 510
721 9608
7547 -10284
4916 3202
5586 2490
634 -1034
-8359 3312
