79 75 3013
86404 82271
69345 63435
32414 84727
83006 81254
30528 70281
91855 37238
40935 73091
58569 104359
88140 47911
31237 81882
85512 85405
95136 36300
67096 52413
51983 95747
75688 69890
68232 79905
93814 42741
44067 78702
93031 96256
47428 62401
28426 44697
40392 92059
45469 88130
45179 61039
34335 64282
75101 58764
44582 72548
33455 94382
66681 25449
30408 55562
45596 23421
38452 73418
81140 54589
70273 88026
63974 64854
37093 75043
83485 38383
91385 72524
69197 32468
73807 54401
90222 88701
57293 22044
61657 89961
79522 50064
32191 49833
71491 55281
90803 92539
30123 69316
73744 76276
87214 89764
59250 103276
55680 61961
71815 71215
56794 96742
32644 63270
62899 88650
81901 87786
94866 79697
90163 71334
48070 62244
46221 96669
53577 58368
83032 46889
74099 86645
70053 33286
61226 97466
64701 35266
84389 67525
43101 94547
81102 84932
58845 33886
35682 43458
44681 93974
52850 45643
56694 61757
30464 92494
64090 75073
42867 85910
53941 33144
85162 79820
67010 67654
29307 82765
85950 79890
34359 72180
92279 36868
42755 69682
57716 98314
88176 50275
29411 85670
85905 88335
93812 36778
63686 50414
54803 93000
73405 69711
71893 75649
96224 44724
47724 85885
96095 96967
47205 55674
29546 50487
40081 87745
41899 89641
45518 59044
37902 65920
74231 58639
42200 73461
35862 91935
63479 26454
31907 53218
47873 26317
36214 75599
82301 58097
70237 88389
65571 63961
33620 76059
77115 32323
93991 73292
67952 31607
73617 55220
89847 85040
56343 27324
61942 91247
78402 52133
31264 45781
73960 52377
93794 95670
30751 70812
73160 76543
86374 95769
53161 98781
54552 62407
71811 72888
64431 93365
35402 61243
61715 85948
82965 89156
93707 80649
91768 73252
48675 63824
50761 98913
56468 56006
78473 49858
75191 84751
67394 34895
57149 98177
65221 28638
87466 72027
41310 99582
82861 84170
56875 31069
37615 49930
46321 85773
51989 43829
54229 59797
33419 87399
60520 77315
43678 90307
53234 31315
152 -6833
-3038 1228
2378 803
-2588 -184
5720 3797
-4149 2948
-6942 -4346
-2016 -1890
5197 -2752
-3656 -6805
-3203 -1227
3540 602
-2863 -1865
-5357 5752
-7384 1497
-1453 2454
-304 -2790
-100 2368
-3201 -869
-6775 -1571
-1906 2072
-3376 1549
414 2241
-2513 -1622
2219 -3896
3270 -36
2260 3081
1623 -1162
-423 172
105 401
-1657 194
1566 1829
-141 -2630
-2536 2508
1825 -1104
1018 3232
-6306 -785
-547 -35
-213 872
-2970 8136
4565 -1658
-55 847
3273 -806
-3465 -528
1642 -168
168 -5352
36 350
-2681 1101
-822 4340
-2082 4428
-4771 -3037
5937 813
-2057 -3569
1291 4120
3797 -19
5854 -456
-932 -2196
-4336 1579
3133 -3440
-34 1628
-4218 -4973
-490 2207
265 52
2873 5288
-1135 -4335
2169 -4904
-3077 -2686
3491 2107
2103 -5380
1238 5059
-567 303
-572 -2074
-1713 -643
492 -1122
4205 4020
