49 25 9950
56813 38261
63615 45739
37453 92519
83569 55331
83554 82030
77961 53797
54095 108314
71056 99077
58898 56506
78438 94023
65804 87040
73996 95590
62915 58528
30762 106663
73107 66192
73629 101601
90116 40667
70165 78832
39985 86364
81519 52152
106240 97008
101941 78783
81581 50700
37329 90161
56827 67841
81207 82701
89391 65799
78121 40583
61560 94491
63381 77372
81497 60813
51023 48108
45058 40659
101619 105426
76697 78425
77338 96078
67907 39704
62909 52989
81454 83544
101905 74429
65947 97766
81289 78479
54006 94695
41952 103055
49245 65017
67661 51878
38672 53882
33388 66409
99031 41968
42737 52006
61030 61825
41419 89274
70131 67538
90627 76297
83234 67185
55402 99310
82220 98031
49207 42985
78469 97437
60603 93250
61194 76300
67042 44495
40518 99913
78615 73316
69320 98255
85100 52539
82676 76175
45323 80739
87960 48309
95091 81851
93136 67709
81511 53787
42166 85253
70732 74465
59981 91220
88584 54681
80186 51563
48138 92554
66348 82385
62885 65880
59821 52973
59062 39300
94823 76472
74400 80560
75275 81583
83960 49378
81186 54421
87765 95963
89248 73428
62359 81251
74226 68194
59361 83111
52479 95347
58032 68830
64895 47316
51145 44282
39830 45135
99963 45569
-153 8265
5117 -9706
4349 -5327
-8842 -5282
-2862 -11877
1023 5416
-3515 -3248
3627 -2928
11460 -3896
6777 4008
1293 -7151
765 -11135
-5225 -16105
-642 8986
3481 1560
-15342 -5485
-9913 -4321
-3508 -4137
15914 -5751
17270 -13444
2492 262
13211 -4050
-3691 5211
-4562 -6972
-4740 2352
