39 125 1741
75318 69583
66210 75786
79164 83242
65736 48781
58622 83503
61027 89535
44255 78294
49442 80967
98502 48807
56026 84521
94907 96880
73962 70812
69043 64266
88176 89039
94023 58481
59483 74853
89236 99877
76480 51205
57364 71709
55049 101918
62420 78632
83528 67371
91437 40064
49978 65457
38982 61306
84694 51929
69989 86560
54026 49275
52804 47458
43237 62189
75860 58432
75130 96392
48507 47145
38785 42212
66127 77015
49259 83491
84924 94580
84564 45402
83404 70324
73696 71250
64952 75257
78843 80322
65344 48284
54732 84963
61391 89066
46636 74848
51339 83049
98591 48304
53135 85142
95138 96670
73106 69403
68041 65804
89408 85614
93650 60291
60831 74626
87420 97655
74667 50074
59757 68583
55960 98670
64661 77145
85743 65876
92101 39426
51225 64451
41348 60580
83756 54103
69429 86004
54866 47171
53654 48153
42467 63014
77185 58957
73933 95459
49854 44020
40592 40796
63903 75536
48162 82957
84696 95310
82723 44075
87420 69122
2205 -3974
-1084 -331
2098 -362
1478 407
-799 -1295
-1739 2186
1055 -808
-3390 976
1644 -2548
1548 2015
-1013 -596
2536 -825
-3285 -332
-16 305
2822 -1645
-338 31
1336 -2515
-1801 1761
497 -173
2061 -2007
3383 -538
-995 -973
168 1726
-1859 1084
437 -2163
-2071 1178
-850 2530
-4426 -2364
-369 -3559
-2209 -1506
-1346 -1094
2119 -1294
-898 1399
149 1295
889 1093
1806 -1201
3020 1779
-286 1856
-1211 -1407
-2632 -739
2887 1290
-1002 -2134
-394 -455
1423 -642
772 -1697
-514 -1612
3656 -405
-2042 -1012
-2786 -608
-239 300
-862 415
-67 1208
1155 830
-749 -894
223 206
720 -745
-124 1682
2113 -96
3 858
-1107 -580
-1331 1871
2029 532
-1350 -245
-99 1459
-377 -1239
3067 -1345
2520 -835
1199 150
2412 -629
-2877 3035
3742 131
-1670 1458
-710 -1054
-1948 1768
2834 2054
1769 -593
703 -245
-2028 -3252
1584 -2365
-3991 653
-2680 1683
-962 4343
-2920 1961
1320 -1381
2531 1273
1469 -681
1461 -2047
1764 -3582
-283 -1163
-2788 -1877
2295 584
3648 -1015
374 3582
2739 698
884 -119
-2210 446
-33 3883
368 -2856
-475 1127
-777 416
-3373 412
1533 2039
-2928 2676
-3198 -1058
-843 -2697
3169 -1715
3274 -2324
631 2124
94 -351
-2569 162
1460 3321
3098 1119
8 799
637 -824
-447 -308
220 -2559
3517 -2548
-1712 -701
-488 -1173
-1901 0
-907 -64
-611 -558
137 3143
-404 -595
495 692
