90 215 5137
55643 30751
25271 20995
15214 75107
48457 80353
68995 74376
73460 66322
32117 56222
40368 69497
41522 44584
61498 86399
19274 91185
18596 20296
75818 30078
87507 40872
61918 75081
92440 78931
26045 27415
19971 63513
66683 27438
66623 33428
91174 59722
96691 24601
79445 69062
33261 40047
43599 32770
20579 87774
37155 70243
39359 12602
32641 81758
57117 42995
28215 54722
95598 95821
82019 71004
80311 49624
58240 68634
49368 24238
66527 71155
8862 30601
58818 78620
66044 89524
67783 81665
62237 69055
56056 29562
91692 26401
18831 57101
52722 45905
69986 104332
21521 94623
26891 18554
44134 65132
104817 21816
21650 14805
18329 81437
22795 81568
83902 25338
56468 90864
88300 55532
28679 100670
24047 25749
73810 38939
99705 10832
9455 60258
26070 48151
28673 77759
60841 62027
88572 68970
82865 104887
19399 54765
31423 92604
72255 50278
45363 46546
9700 2936
17845 84161
65737 67629
80665 29867
101486 79566
33349 47436
30726 45914
13617 83416
33406 32415
38558 33721
48860 70244
59335 89217
23758 84828
22087 93130
75605 6137
38904 27727
41499 71760
51631 50899
101837 775
48675 25900
30575 21236
12230 74654
52489 85388
63843 77382
83823 64452
30472 58928
34764 63076
46479 46976
64529 86884
15897 86588
15535 24727
75669 22382
82773 48197
66059 84371
89972 71444
27264 28693
22203 67309
78271 28942
62093 33372
90494 59803
99827 26504
87745 73169
39863 36165
44864 31834
20349 84908
36227 72350
49635 11705
31590 83449
57863 38736
22728 53804
94287 97077
87092 72965
79883 48872
50881 84547
49852 25984
62121 66522
15286 30456
64013 80761
72500 92494
71342 73831
65047 54007
54954 30093
93602 23184
19385 58649
55658 49390
70948 97385
32130 94677
29966 25932
42304 68787
94393 25572
25366 14631
23563 71767
23481 84458
85048 20507
61687 95106
89442 53751
31991 98898
23786 40312
74997 39286
92822 19019
12096 52126
21439 44436
20945 71380
63042 67526
94587 70938
77147 99206
20381 55893
31822 91376
69923 46693
38967 37376
16883 10703
15646 92584
73289 62428
75817 35934
95487 82601
33232 53006
33706 41092
10580 84694
28599 30771
40323 39924
53988 68061
56447 81051
20219 90717
21379 87454
75729 14432
47936 17305
39301 73432
48714 57264
93404 11450
-323 -724
-6827 -4088
-2459 -8482
5689 -2313
-1410 -3247
2696 642
1512 -1181
-2199 -3622
-2628 -3597
1327 -3021
1744 -5535
3198 -347
4765 -8410
818 3055
2351 9589
-4292 6831
2485 -2537
-5969 -414
-2550 -7286
2727 2767
6122 832
-1648 19395
4363 -1055
-6417 -12702
-6866 5224
-4637 -4940
1710 -1667
5802 -6332
5689 6861
-739 3085
468 -7548
-3807 -8351
-1822 2791
2257 -3230
7401 2278
75 458
-6163 -338
4966 -864
-7292 -170
-728 10858
2864 -3443
850 -2595
129 -787
7284 -3028
4462 5460
-7327 -8732
-1720 -3211
9695 -2701
10908 5798
5925 -2700
-1591 -8060
3996 -6834
8713 4065
7491 -3398
-3298 9805
-9290 -1950
2983 4004
1694 6334
-583 -327
-319 4547
1082 11010
-1183 -2598
1891 -2418
-2781 -9149
-1289 393
6117 2351
3529 -1499
3615 81
1852 1685
2572 2609
-3537 140
175 -6862
1388 -940
6680 6260
1536 -115
688 -3425
-11498 -2718
235 2906
-1084 -1529
-6219 1622
-7665 -4401
-155 -2855
4688 -1907
-1205 -3041
2 2670
2565 -2161
-303 -13401
-2702 -620
7195 3543
5742 4638
-4847 -950
12998 960
6614 -3727
-260 2454
-9485 790
-2474 4881
5483 -1265
-7775 -3646
5623 -1826
8734 4859
-4921 5698
-4606 -4009
-2835 -1440
-4047 6874
-4633 -2228
5649 -11470
-1909 5061
10225 4256
5466 -3799
-4297 -1475
-4649 4894
-5999 -4157
2785 9060
1139 -1844
2702 7154
-5301 -6177
4904 302
-3684 9724
2408 4729
-4038 -5332
582 -255
1610 -6996
-1144 4068
2868 -7425
4130 441
7857 -3942
7005 5248
6969 4201
6003 -12892
-683 -5639
-1495 2025
1034 -7513
1233 -5
-8896 3619
3500 3387
5865 -4398
-5290 -6294
2983 7450
-1912 -2978
448 2463
-6691 -1555
-1544 -5067
-4763 -13109
-10270 444
2774 2082
1585 9014
626 2315
-1245 568
-2269 -5495
3002 -3002
-5610 -4040
-6679 -2772
1969 -5431
706 -2913
-1809 -3736
12657 4708
-4836 -12576
-1840 -6102
2146 -2288
5659 8418
1814 -10168
6797 -3005
7876 2600
5091 750
-5447 7435
2491 -3815
982 10425
-399 6957
1662 5914
-1854 -6521
-141 -2827
-3230 -3233
2022 406
259 -3770
401 -12034
2816 -2739
-5576 6112
-1568 28
2536 -3803
4109 -3066
3261 -1598
-5504 -4445
10520 -11886
-2795 2340
-7251 660
-15939 5618
-2169 -3600
-1263 7682
409 10460
113 2674
-8788 -7431
-6747 -1762
-4967 16
-4579 -4913
-1804 -2383
-1767 -8045
4502 1735
270 -4947
13686 -1545
4390 4134
10255 -2398
10790 9534
-5758 2067
621 11911
-2694 -4305
-4664 -2845
-2595 1875
2468 4471
-7096 -746
233 -7255
-824 -8320
717 5103
-1306 993
-2546 -869
-7208 -2898
