83 127 5090
65341 82529
41666 65096
72858 92858
98199 80666
69671 56252
46507 38829
90234 87444
93090 44667
83276 71236
21233 78644
41475 95502
93615 45496
39639 62934
48662 24832
93759 95641
35014 97518
33918 109901
54426 93588
69640 98399
68420 42075
61269 52179
30342 61215
71793 32778
94979 59519
75565 71549
95132 94719
31807 93003
33906 40886
74567 91600
31533 39562
43549 96310
97822 46229
57443 73697
41620 78763
45572 100988
66069 68907
45737 51534
95873 80462
59528 56317
51311 62199
51125 26347
57234 83899
19769 72180
108350 62724
95389 42277
50160 84398
36512 55198
60899 72946
101348 36599
81499 75124
95206 35403
73533 88720
72269 40962
63913 71224
77823 50901
99287 72962
95117 74980
75352 77502
92139 78324
64247 31790
69993 89825
51098 53609
92569 33636
40885 64344
92833 99023
91105 31552
73344 54433
71402 58143
59550 51773
75194 68256
87150 65956
55164 83120
56584 28492
75534 49222
69643 16865
101293 29943
72934 61336
94819 50186
32090 77810
23058 85925
92943 32267
79621 47676
76201 45037
66627 83226
40056 61407
77341 86957
93216 79048
65430 53682
50566 43104
95624 84454
89421 50308
78259 65524
23906 71255
47390 94229
94285 43694
45889 63387
43258 32658
91930 92599
40947 97788
39810 98044
53787 98859
68950 99535
72390 39002
59921 53617
37946 68344
69115 29568
95954 65213
76120 71818
88537 97927
32700 92973
36255 37963
72202 90829
33605 38534
40423 93994
93449 47572
59423 69369
40022 76158
52718 96271
59914 66693
44662 54831
97501 85828
67198 65342
54059 70852
55384 27360
56282 87797
25068 75700
98339 67731
93185 45199
46076 79806
47242 60227
60599 71108
97099 41661
84514 85782
86975 40358
66412 82009
72345 38055
63908 75341
81103 40546
94137 68635
90442 69266
71339 75193
93590 79192
57635 28063
81365 81515
53476 54895
88933 27960
43512 60803
89954 86143
84874 32219
71318 65307
77973 68553
62149 44764
67905 74939
87304 59656
52345 86288
54987 26319
78498 47312
63313 28506
95608 31446
70649 58447
87540 48016
45603 82156
25399 80588
87672 34928
69416 37137
80796 46263
1663 -12641
366 6617
-95 -1567
-15 -417
-6703 -2458
1162 1456
3378 5639
3960 8421
7849 -2044
1125 131
6455 6610
-711 3710
-856 -400
3850 2
6465 253
4546 1715
1050 997
2738 -11471
1584 -6988
-1387 729
-3326 -6268
-4590 -3737
307 1443
834 -4390
2054 -8079
778 -1824
5686 5714
10397 6689
4880 -702
644 2549
1531 -1378
9817 -975
-5824 377
1238 8565
3659 10692
5252 5180
2181 5791
9660 3628
-3262 4713
13 9676
668 -12372
2152 -23
-3892 1525
1308 2124
-2400 12633
1587 6696
2433 -3141
3028 -344
2533 -8524
-1991 -1236
-2260 -12061
908 -4355
2112 2922
4174 3212
-1859 2388
-1486 -13367
3885 -3262
2800 -2881
-6337 -4710
8572 -7152
-13015 982
803 -9348
-1808 6673
-5201 321
2111 -6137
-6904 -607
-3327 -558
-7640 -3248
-8822 -10425
5223 1519
-2314 56
4748 9141
1217 3980
6508 2808
-2098 206
-1501 4005
1571 1182
-5605 4021
-210 983
4586 -6390
-3193 1281
3401 4875
5051 2656
373 -6083
6909 2849
6217 -1347
-4706 1161
-8059 1362
1494 -378
3588 -1561
-5734 -710
-1889 4213
8155 5899
2783 2797
248 -4531
-7301 8190
-10259 -7709
13683 6151
1498 -1832
-5953 -6386
1699 3466
-2867 -1528
351 1531
-17026 1613
-4225 930
-2752 4224
9806 3649
-5752 -5384
2236 4306
6135 -5303
-2262 2729
4016 -7597
-2574 4992
-9428 -2575
-892 2863
-4047 -3462
-2651 -493
691 -4967
-1869 5985
-304 10972
7882 762
-4578 11372
6143 -1559
2166 7987
-6103 6183
7012 -1029
-150 2825
