62 83 7720
53815 21821
43642 57768
3664 7620
27510 32235
51257 96256
97925 64400
21563 93060
25562 36868
12699 42755
101747 62731
88631 20899
25870 15816
55279 13026
28318 77553
34730 68613
97951 67921
43319 71335
79362 13738
91765 33564
1 102485
17216 18140
83601 40430
79524 4049
1518 8201
99355 19347
90561 87703
65097 64506
36963 43937
41339 67602
101444 1
73135 63773
67362 49370
35714 60455
76119 69594
70586 66537
85271 20392
61489 32091
16782 1380
27529 105849
21249 53392
34745 5647
22999 23158
89761 58979
15844 52704
39848 54490
28205 13447
23380 94046
112549 51807
87223 74245
34612 29207
106326 88339
82650 36071
64105 78635
89838 69469
42632 26165
94878 57301
61680 43316
6877 16637
14442 71566
39621 62783
82554 40506
54861 39816
40555 22445
41301 48902
13863 12231
33292 21706
53516 99252
93721 70566
15404 84176
31305 32319
12677 28088
98594 60198
96757 24884
42504 22867
59964 15771
25702 77329
44770 74489
99749 70634
43909 74423
73316 23582
87300 30765
15752 93863
11399 16927
67965 45474
76035 16540
19455 14375
94170 15974
92930 96076
70723 62287
33882 44015
46845 67878
89503 11912
65808 62987
80973 57093
25358 64170
75606 50655
58899 71597
82436 21669
75628 33517
25001 13058
41005 96452
16658 54923
42308 11035
13124 13913
82060 50961
30772 62512
38531 47705
20866 15147
20084 93763
88910 50712
89684 76979
30477 43750
94315 98946
86343 41305
59814 69017
88296 77408
36940 31784
94109 44864
63594 40654
11650 16504
13186 73566
39615 62720
82270 39415
53943 44322
-17534 -5297
-1428 1976
2697 -1627
-5585 3716
4893 2055
6487 -11793
6944 5585
-2183 -15642
-669 4129
6726 -4639
5038 -8564
-8472 412
4969 -10541
-9419 -9007
-5738 -13470
-6364 -6203
-221 7970
3330 2245
-1102 -1013
-7824 -7956
-6761 -1076
5598 -4169
-14462 -6099
3176 -4367
1783 -5758
-4922 2961
3056 -4440
-10246 17611
-7915 18589
-1733 8947
-2752 -3415
-6581 4853
-3883 16001
4052 11199
-10211 -1258
7704 -2138
2072 9255
10615 -5801
-5257 -782
-1576 4338
-4232 -8998
3679 -5567
387 -10418
-1376 9812
9980 8041
13362 -8578
453 461
1096 -19419
3649 -5003
1821 -2476
-5645 -8912
4962 -1567
714 -7968
570 14360
20068 2444
7776 -1961
918 -2603
12201 7741
-8456 7980
6815 -2280
-1632 4363
2338 -8864
9236 -4202
-123 3397
6697 -3113
3132 -14827
4305 7355
7775 12434
-4092 6356
4820 -13761
579 5988
321 8328
1934 -12466
3195 -11713
-3797 -2705
-2828 9654
19168 -9530
7150 9371
6585 6166
645 1575
10591 10850
-12757 6994
4379 6032
