48 52 6982
35350 26493
76576 83448
103942 78225
32156 40311
36033 29005
75467 62471
13189 92484
30723 81041
6366 81686
20499 12997
94911 38763
20306 41364
88185 44978
42646 23155
96434 91078
47860 8936
19636 40858
81267 94431
49306 53676
35956 83637
19716 5712
16094 91714
70946 101672
28666 94475
31243 40190
38768 69392
98485 14114
39220 8283
18155 45323
100341 54935
85589 66042
77160 71043
26298 72224
76715 47582
35949 33607
66719 54013
68122 76383
72925 98371
32102 101891
59799 10158
65878 48949
72627 108632
43494 33736
68819 21754
1361 66787
58431 91127
77069 20752
96540 43358
35914 30460
70602 72905
98140 63315
38025 47386
39246 35964
76311 73674
21201 93024
38512 95717
18526 81645
17182 23762
84507 26237
28807 44296
80670 44206
55964 25870
97015 79099
49283 16463
27390 34049
82081 88071
54877 56942
28227 86004
14437 14513
16960 83327
67042 97639
29729 87757
34553 32850
18533 74561
99250 19416
35752 13139
12223 33078
99362 50313
95143 59510
65796 67337
24188 74667
74214 62298
32696 32710
68050 67229
59611 80673
73065 98482
24531 83404
51988 24606
73491 51339
68505 98595
50510 35746
73807 26617
12980 64525
52626 93951
78731 16071
92061 36836
2814 3601
-2946 -2798
-1542 -18600
-11707 7283
-8267 4160
4038 -1375
-8729 915
5155 -7260
5134 5193
5119 1992
-832 -3986
-6218 -2994
2633 346
4613 5566
-8227 4481
9877 -16214
-3066 15937
3320 4485
-1898 -8063
9229 4638
-6848 231
-10000 3047
2393 13572
4011 9934
-2784 -2934
2022 6759
-2545 11169
2596 3993
9817 -2745
-11096 -3892
10810 5643
1015 -10298
4691 -4931
2899 16263
4335 -3725
-2709 3355
9480 -7996
6245 -5072
-3974 -13311
7162 -1674
-3543 2470
4559 -2886
-2545 -10716
-5792 -9251
9146 -2933
-8253 -2972
-6467 -4931
-2890 2295
1245 -7049
8083 2296
-3984 -1435
10800 -11149
