42 34 7444
69267 71948
85380 71988
67653 87091
52169 48514
105624 62653
55582 57823
44439 90508
94776 82921
77077 76728
64183 81183
35514 55953
95587 98763
59133 65505
79706 95607
51044 66574
106621 56734
84122 69390
71629 85427
84880 51121
68532 83343
98465 87384
91779 80190
64173 79372
75817 86905
94973 51756
51579 87142
82397 48222
60462 45967
70126 95631
88532 65265
103625 56726
76003 101802
42172 90913
51801 65569
77014 63797
83269 83442
64391 75329
77207 87154
66617 69118
68493 77017
78229 74540
59236 93253
69286 82255
91505 64605
61118 90931
49634 53828
91058 75989
55182 60016
46216 76899
96261 68838
71950 74093
66312 75172
51724 59176
90866 95890
59431 54968
75645 96298
50911 51208
97865 54722
95475 73028
76348 85873
80638 54343
70113 96449
99112 89757
98419 78756
58447 83870
74550 97612
84437 64497
50820 81163
81806 58537
55877 52088
60671 98369
70787 71342
95376 50233
74444 88814
49713 90421
51276 54206
90716 59863
84984 84356
63519 78874
83247 79590
79633 81472
69193 81255
77714 75050
62036 81283
-4445 -10789
16267 2704
6068 -7158
5876 560
-5504 5265
-5799 -12167
-6986 -1016
-13347 -7970
9723 468
719 -10089
9985 3670
-1290 7361
-13200 5721
10955 8245
12314 -7912
3182 16228
-3337 -5726
13505 9850
-991 6302
-12098 -318
-15689 -2900
761 -7235
2869 1300
-8887 -3907
-12875 12431
3751 3282
12025 6650
10116 -16545
-1533 -1744
-17047 5631
4145 1312
-10805 -5946
16804 2391
-3111 -3983
