60 119 4179
64903 98944
48256 41175
47519 37434
83195 33770
52225 51939
58152 52170
35891 86398
88505 36391
80808 60799
51858 63725
71981 56160
50315 38912
34733 71620
65337 40436
93255 90091
82795 83561
65278 81285
78134 75516
47886 80939
40222 40795
49046 85713
42307 83360
62033 56615
71621 45338
105399 31566
53732 81711
94501 47793
80617 41744
72898 40707
78655 53099
78668 80403
97560 92723
79630 79500
42904 60347
45195 45211
85335 96140
50296 70246
59476 70815
62664 83174
53509 54953
72190 70565
65924 79231
34999 43843
90345 36805
36750 39658
74984 63620
65173 69354
76109 85204
90603 71691
89198 86027
81249 87659
55304 79640
85849 86210
40546 50840
43488 76146
90932 36757
65059 73838
62619 66451
54083 83512
86065 67538
59985 95264
51964 38775
44835 39307
83021 41930
48583 58669
62788 48295
37845 81850
86994 39220
77261 59313
50563 68972
65597 58716
46893 43675
35866 75492
64500 42144
85948 90818
84091 83678
71610 89496
73910 79826
45504 85229
42085 39315
45667 88085
51078 88334
67064 57371
67567 47319
97185 39582
50734 82520
95107 41895
75405 37999
73917 44100
83383 46401
79499 77232
99754 89412
78102 77535
37883 56298
39977 37949
85768 89108
54942 70973
53128 75075
61815 84583
60009 56516
73973 69673
69495 76541
37330 36169
85092 39634
38913 38898
74774 64112
56477 66921
69956 83491
94820 67475
85480 85801
85115 83361
56732 78728
88356 86257
40354 55553
40786 74569
89086 37735
63957 68573
57043 70084
55902 82856
90721 66806
425 -3501
1257 -6489
2853 -3077
1913 2235
-3676 2715
281 -3957
5694 -803
-5053 327
-4133 2950
3307 5633
-627 -2734
-5506 4677
495 173
2668 3426
2119 531
3430 914
-2404 8074
1816 -1701
-6481 -7267
-1251 3666
3074 -3975
-1861 1046
1387 5826
281 -2515
2924 -2081
2569 6840
548 8201
-3427 741
-1095 1975
5484 -2720
5729 5391
-8702 4732
-1044 -1249
-2761 5479
-253 -7818
-5479 -4092
3884 3910
8501 -4168
-2873 2030
-2396 -4871
1948 7438
-3371 539
805 -2680
-9113 75
-1299 -1802
-1039 6452
2523 4749
-10749 -2155
-1897 2462
1466 5253
6959 -5492
3211 3945
1289 4809
-5450 -3411
-2232 -3113
-1005 -7849
-494 -2447
1009 2254
1243 5808
-3251 2408
2039 775
-3221 -1780
-4961 -4118
-1474 6637
1647 6742
3839 623
-1626 -4374
118 -743
7406 941
31 -1771
-2967 1912
957 -94
258 -1264
7839 1829
-5641 3274
-365 1080
90 1938
-3397 2396
1729 -1413
2055 265
-3127 2277
-823 -3311
-4167 -480
-180 -2478
4577 -1827
1340 6796
5565 -601
-7263 -1349
-6594 1865
-5982 134
3931 -1873
-3021 -3229
1394 8280
3709 4294
5302 8984
1577 3769
4773 3568
-5840 1062
7001 2854
-646 1214
6008 -6644
1150 4890
2527 -144
-4134 -2865
-4260 -435
-637 827
2705 -2425
-2004 2141
-5336 -135
-660 -3134
5459 -6105
4938 849
-8515 645
1976 -497
4826 3935
-1519 333
2189 1504
-5996 2201
3828 -13165
