58 102 1280
28421 64691
30066 38150
88452 97905
49139 73277
55201 49051
52254 85921
39055 37822
31902 84456
70411 89639
47134 63613
21769 42897
52131 43866
85793 77115
17064 57059
87763 52136
77908 69288
19355 84796
74682 58757
25029 53578
38436 11289
56512 46553
87587 59263
65034 29937
19633 63027
48835 70208
27700 83872
44307 33620
46977 77481
97593 42415
76308 47018
75735 62333
74270 56468
92816 28446
88426 35583
68026 46142
74561 60209
32950 70278
56602 18521
54754 73155
39117 49394
81784 66093
78850 74677
61232 12734
99538 85713
16472 92336
90078 33537
47324 70418
79996 18712
77347 50349
72939 32349
72955 69239
85357 86710
21931 85150
61007 34232
67620 76207
90645 49756
97572 61591
53096 18197
29862 64689
31095 39209
88164 98437
50016 74187
55357 48963
56581 84537
38276 37309
32989 86366
70034 89163
46890 63472
21356 41347
50094 43659
87329 75042
17577 54790
90621 51477
75117 69241
18237 85569
73025 57928
25193 57027
39892 13600
55693 45641
89023 57768
65614 30208
18846 62461
49200 71148
26459 82241
45295 33767
48477 78313
96715 43614
77719 45142
74069 61227
75184 56333
91955 28601
88537 37148
68341 45937
74994 59624
30727 71092
55970 19820
55741 72237
39017 47406
81155 66134
79313 76683
61168 14323
98525 83634
16307 90994
91706 32622
48588 71063
80744 19175
76867 52770
71079 31261
72071 69826
85316 84504
21316 84735
61601 34518
68041 79171
91732 48253
95196 61229
54290 19526
-230 -1354
-1054 -23
2875 765
-138 -1386
2407 -816
-431 -3026
-358 -835
883 1015
88 -14
-183 318
-1071 1523
1169 1322
-1507 1608
-1261 -1551
-1191 -576
1117 -2065
-1442 -828
-838 1284
-1205 -255
1910 1456
-962 1019
-943 -745
-425 689
1450 -1482
-2325 -250
528 965
-129 -2226
-1613 -1459
-2155 -863
-58 -2360
-3031 -693
-1124 1722
246 -116
-415 -3860
2659 -738
-29 425
-1371 24
1652 622
-1292 -855
246 -2346
1331 -1551
1153 203
-798 2772
-656 573
681 2114
591 978
-1390 314
744 -958
-351 3385
2508 478
-60 932
71 -663
-445 -816
1402 407
700 631
382 -1247
-1986 -39
458 -252
-267 -1431
-2020 1464
-1281 655
-4 1260
-1659 1214
143 -432
-1130 2433
-349 -1152
-1793 94
-803 444
579 745
-220 311
-2131 2370
1549 -617
1954 160
-537 -2367
-1765 -1626
594 -1156
427 -2720
-790 -12
171 782
-2183 1223
-1044 971
15 1134
56 -1306
-141 1450
22 1160
547 2574
1261 373
-2293 93
1795 148
1035 928
-1812 -1607
-1871 817
1444 -1090
496 2776
614 -83
2820 -218
-368 386
-262 -1012
796 -849
-4314 -409
-3197 -557
-2526 -2212
