47 148 4384
17388 74079
9069 14936
78316 65604
55540 15786
88083 38949
29951 32410
15623 51441
63779 35083
62043 27160
33176 14613
53161 47021
27407 39649
64082 21735
89805 50890
36752 47430
68045 29091
67698 69643
78171 64240
47616 34893
17249 30777
72750 84768
91429 33460
11883 64208
32378 25274
76666 68233
79575 61811
19144 65743
67865 32239
80666 38924
26887 21812
22842 55176
52347 88580
76317 8726
16862 81942
19722 72258
96637 61044
57033 47958
58759 76977
58446 34681
77424 24851
68304 91698
91877 74819
85220 91085
32917 27948
65504 88720
80163 97540
66128 17763
18124 75862
13751 15695
73441 67353
55881 21865
89943 39375
35915 32072
17659 48879
60135 36495
65830 25466
22968 19361
57089 49612
32106 38488
60433 21949
88802 52951
34670 49381
64998 26702
70527 72028
87166 60110
50012 42547
21703 31571
71756 83191
87885 32327
12232 58842
27510 25921
79041 68095
84005 60666
16139 63179
72588 23418
85142 37280
31752 14660
14006 61217
60298 98630
78333 11957
17042 81376
24121 69991
98366 58880
53589 55428
63842 74271
63906 37710
77486 23943
74169 90069
84928 74434
87628 91460
32241 28738
66320 91179
74792 90738
74799 16304
-5407 5603
554 -1147
1477 5544
9132 -4961
-5025 -3767
4116 1514
-10817 1420
-1178 -952
-3323 -1145
1983 591
2693 625
-2753 6055
3396 313
-12688 1075
-775 9350
7030 1775
2225 -138
-5572 3073
-7698 -5396
-3793 -1143
7025 -4385
-6346 -3131
-2884 -633
8241 1835
-3611 3183
3015 -3131
208 -6611
3446 -5992
1314 4008
-1371 104
-5764 -3059
-535 10140
6386 81
-7539 -10487
-2327 6330
8216 -1074
512 1479
1084 -3411
613 -2185
3784 1171
-8129 -58
-655 1388
1345 3506
-7081 -1704
2295 -548
8878 1333
4294 -1769
2434 -5708
1667 -2737
-1458 7272
96 5310
1693 -2091
1380 -4303
-999 -6558
-11244 54
-1892 -109
5863 -511
3969 -1369
6572 3494
-2000 6149
-6286 4589
5583 -7079
-2966 1265
-4417 1145
-4005 5560
7458 3396
-899 8434
-2532 3191
-534 -717
-6110 4340
2058 -6739
425 936
5530 -7095
-923 -5472
-1406 7112
-1516 -4285
-2238 -233
4654 -3941
-8358 -3690
-854 1536
4333 -1636
-837 5302
-2129 1004
-3738 2799
8143 5989
5442 3467
-2456 -153
-2288 82
-4549 9644
2114 -2672
-63 150
-728 -809
-331 -5391
3467 -3017
3416 7121
595 -924
4286 3604
1818 6813
-2923 -2469
-6223 3288
-1954 -3765
3925 -703
604 2322
4582 3204
-2763 -86
-4557 -7957
592 3011
-1720 742
-3192 1194
3372 1913
493 746
-132 -552
-3546 -1162
3167 -932
-927 4357
-683 -3737
-4853 -5265
-7686 -3086
-3906 -4344
-5959 -3829
5592 -4098
-4892 315
3783 -4347
3603 5382
1894 5663
-7497 1211
3072 -1413
-1567 945
6142 122
3799 3373
9005 -8513
-2069 -1256
-7256 6197
-391 5830
352 -6351
2176 -6954
8880 3771
-3873 -2704
-3130 -1214
-7011 -6561
5017 -5374
6835 -4053
67 5266
3963 3549
633 -401
-4036 -4362
3374 -4290
-2886 2221
