100 317 1042
30115 40017
22499 19475
40176 87581
51422 71686
82592 78912
31534 32093
71690 67422
39513 36014
44614 24306
41766 69111
91241 41897
29891 17881
40807 55441
37623 34822
92002 61090
25427 65530
34104 17561
34672 59525
95619 94601
86151 51590
53291 90085
86764 33852
33489 31823
57607 36770
45758 64226
57760 87631
36502 94309
82327 41667
15441 49536
46298 95512
46648 49879
66339 62493
66959 69786
67609 27324
22863 66063
36829 67731
89303 58699
15584 20231
92424 38237
26321 45531
95281 82477
82332 31495
78560 17036
82100 25004
22309 69483
55173 64816
95562 87909
23174 62955
85385 93357
48639 37560
61255 31649
61650 80656
54549 64874
56481 85963
88475 75407
51808 97333
27676 34601
63845 36841
93887 66643
93966 37469
35774 35676
96461 67968
50995 40210
46813 50626
24125 77334
97329 30952
67120 89669
91911 98321
28420 50742
82431 42916
71153 26281
74420 51348
72268 55355
53361 74553
68973 49878
66517 95752
96021 16642
36254 72265
21291 78821
53432 21938
94799 15702
74726 66429
20050 72010
81110 101240
40220 32524
70965 40252
48693 26861
67470 42944
71348 23776
74815 59878
73080 43383
50339 96013
27106 79764
81329 61573
49462 75135
65302 44586
68944 20030
31009 25646
34354 94736
25798 31519
31758 39485
20714 19546
40187 87197
51153 70157
83170 78455
32148 32569
72362 67673
40515 35393
46953 25041
41641 67358
90355 43168
29325 16735
40711 56544
37695 34994
92897 60629
25008 64497
32898 17364
35634 59432
95329 92996
87250 49929
53794 90598
86187 32409
34520 30783
55317 35518
44769 63231
58203 88301
37189 95215
81534 41156
15547 49884
46344 94592
47169 50534
66730 61804
65233 69988
67599 27049
24397 67943
36600 66844
89442 59326
15700 20402
92387 36581
26992 46393
95455 81939
82462 33209
78532 16948
83131 24851
21257 69236
53818 64186
94843 87292
23345 62663
84963 90907
48747 37704
60506 31396
61244 78917
55161 63430
54762 87009
89528 75446
52556 98590
27334 33746
61997 36941
93761 66245
96019 36901
35878 36316
96751 68803
49634 41164
47251 50057
24286 76826
96006 30950
65743 89588
91043 97984
28562 51008
83363 42397
72322 25161
72856 50654
71681 55519
51487 73047
67567 50172
65823 95735
96814 17011
37631 73400
22059 78302
53601 20122
93959 14861
75035 66500
21213 73278
81302 99827
38662 32871
71275 40375
50278 26894
69143 41753
71022 24524
75524 60310
72208 41860
50579 95730
27915 78019
81859 60044
50749 74028
68394 45697
71146 18893
29525 25902
33933 93785
27029 30147
-1229 1366
1141 -512
895 71
-1495 684
25 -287
368 -205
-434 -129
-3056 693
-1781 150
346 483
347 2009
332 -290
804 1217
216 1269
-1479 1435
361 727
823 -620
-409 -1311
-201 992
-724 295
760 223
-431 318
-1108 -1133
-216 296
1006 712
-910 -1878
1596 -548
1811 1960
-478 464
-590 875
-1185 -349
-874 2
-1515 -1385
1714 1283
-240 -702
1326 567
96 103
205 148
-1045 -523
-265 1130
-311 1249
-1398 125
-39 -632
1467 1831
404 780
1146 244
-530 -417
896 308
829 -115
-377 524
-594 652
-526 1908
1366 -428
-269 -1150
631 374
-148 420
-579 -513
-1930 -386
1151 144
-1268 133
1180 1679
1355 -662
-1541 -1851
-2568 -1029
-307 1359
-380 760
73 977
1248 -604
107 1
-269 -412
-1788 478
-734 -1560
1405 165
256 -684
-565 151
91 773
-1879 -717
1068 1004
576 628
1074 -576
578 120
-605 1212
156 -244
-965 -1532
805 137
1379 -504
-173 -2100
547 198
903 231
968 -109
-913 1369
823 -1654
305 791
398 2518
410 2665
518 -294
-720 -795
-956 -457
1395 397
2410 -97
242 -239
-215 85
140 -728
1129 1247
348 -590
-85 711
221 507
-1036 658
-1850 -421
277 563
466 1919
2299 -345
624 -677
-967 590
259 536
-1169 723
915 -566
-938 -2128
525 814
42 -70
-427 -48
422 -241
682 1110
1073 -1609
88 765
89 1727
555 -1525
547 -839
-570 -999
2488 557
720 877
608 -1026
1746 -281
425 -294
-423 606
940 386
283 1310
-597 -200
1955 1710
-515 506
-1253 1661
-953 -1276
37 -32
-423 497
1327 1382
1422 1090
-465 -885
-53 -2161
263 -346
-450 2148
-1297 749
-252 112
-310 -125
329 707
-635 626
-711 789
959 34
769 -1427
1254 -776
-625 -890
662 -210
949 723
1229 -482
541 -562
-1052 1770
1565 1074
-1080 -489
-58 736
-1106 -349
280 315
-1096 835
756 -1716
849 377
168 417
-1046 -238
-755 303
397 978
1227 -1561
-616 757
899 -614
274 596
296 1764
69 -352
-1618 1
-898 380
1351 263
-901 -777
-295 -348
-230 273
-515 1746
1142 437
885 -1583
-2714 -444
-742 1441
858 -566
169 2102
276 1900
1561 -493
536 -1366
194 -759
-140 852
263 -179
563 1250
-428 -1636
783 -31
-173 -541
706 -2272
764 -507
228 594
671 -796
-1435 -1145
577 -1479
-1835 815
2894 592
312 532
385 871
-1094 -2244
-751 -254
-1555 177
417 -858
-1805 452
705 1325
-128 399
1048 664
890 -282
1224 -5
541 -2140
-566 24
-837 199
-431 177
-454 -1946
-498 568
-628 1182
316 -235
-1367 1411
-792 999
962 269
1035 -2009
75 1132
994 -84
818 -269
-1659 -1534
-1206 -803
1240 -440
450 1482
-391 -846
1647 -911
397 718
-138 60
-415 1249
-344 -393
1174 -350
1605 -255
-143 -1447
-343 963
-168 -474
1121 -796
436 106
-504 21
819 -533
-1059 1730
-671 560
373 -2514
1052 1821
-77 -38
-1295 762
1893 -943
361 -1328
127 87
1457 2513
843 307
-631 1839
-1025 -913
-904 -1366
933 85
-22 101
483 -223
-165 -60
-933 -1974
300 200
1198 -1266
1112 4
885 1611
-703 1368
31 505
277 -2551
-543 743
803 -1496
360 -119
105 -464
287 -2238
510 604
938 1663
-679 1414
186 601
625 -2665
456 -975
-2440 -31
-1982 618
340 -1148
42 -730
1624 -41
-200 -1871
-711 -1256
842 -1469
-852 311
1312 1108
-847 1074
-1175 405
-1395 -715
1483 -269
-239 477
267 -1384
1578 842
-1429 -279
1120 -1328
1004 -454
