68 255 9353
77032 89659
105914 98026
83808 79985
48224 73109
97756 91491
78957 46824
56628 78237
71633 67730
107537 43870
96509 100569
79204 47201
42416 31674
67493 65494
84175 29177
90162 73607
29489 80936
75285 108185
58505 103345
40366 74099
85121 45413
69830 73621
74956 59579
32090 63951
93360 65948
69943 66828
85817 90107
52349 72289
75423 55707
94519 54842
64308 47494
50615 93907
53485 96121
81455 56464
73836 43990
58427 71805
56419 77552
45130 50408
53176 56474
92797 47056
73738 71742
51927 78331
89069 62474
64653 72485
68467 57119
58602 78138
75293 78959
55096 89781
103636 51473
51068 58452
81402 61650
87418 85058
51679 64425
97001 61557
49037 44637
40966 67606
30181 27037
48517 74342
57481 70267
70957 38094
95700 79886
38338 74150
61684 56704
101058 75709
64903 49845
106598 82020
50301 79259
53584 75637
63125 65453
93700 83089
96154 94226
80089 89761
56161 79874
84666 76240
86580 44653
58533 58181
73562 75837
92424 60326
97657 94851
84408 61705
52065 40012
55727 45915
85159 41739
80269 75272
49176 84919
66350 97806
63207 95179
41703 86319
88514 46415
71938 68325
82113 58265
47385 54159
82997 55158
73128 73484
65406 76463
50609 68421
74688 56805
62877 60333
58910 53038
48003 86774
61762 99233
99634 51263
68842 41633
61647 82750
54769 86926
45282 44630
47312 54537
90467 54585
67237 76452
48945 70819
91902 57924
64352 64617
62873 73717
52322 90976
61232 70196
46725 98625
98854 53456
41567 65164
77870 70436
83939 85032
55831 71666
86616 77047
44309 52191
40728 68557
48221 48506
64156 67360
65217 74457
64482 45022
90571 83017
47378 77389
64754 67125
97387 75921
46397 43984
96641 68634
50716 68725
59222 77870
58256 66586
18111 -10812
-11566 -6537
-6582 2565
6771 -16335
6572 9465
-2238 5783
-19836 -8827
-59 -4629
-4257 -5980
-11238 -18617
5329 -2745
3321 12887
-14254 13697
-21893 980
4975 2033
-14038 -6423
2552 3934
5656 17611
-4952 6745
-9413 7497
-8649 -5617
11612 1669
8860 -1824
6635 -3130
-5510 -8635
-75 -9890
-30028 -425
-1665 2344
15768 15254
641 -1128
-14390 10707
-8924 -6546
7543 1944
5413 -310
2927 5601
-6041 3384
-13027 -547
-895 -23816
3834 -9015
4080 -11253
10799 184
9122 736
15065 12610
-9719 -3593
8410 6294
7222 19876
3223 11308
-6430 10208
12830 -5239
-9005 -6289
4776 2632
-3538 9685
7485 -12807
2518 -7207
2254 -8421
-8422 -9782
5469 6445
-16337 1735
-885 11845
-5102 13065
-12039 -9429
-1228 5299
451 -11800
6806 -12279
17771 14901
-7787 -10797
1174 -12932
12102 1127
-16570 -5292
12831 -13083
-14717 -6391
5852 9829
-19028 -12357
3226 -2878
-25469 1898
647 15852
1396 7243
-9930 6007
6562 1633
3367 220
13992 7468
-8486 -14893
-1512 -8117
-14657 -9363
-11260 3869
-2218 -8934
7038 -6370
5435 6588
11473 -2830
-6223 2087
-270 -6983
4413 3435
-2644 -16747
3961 25580
-2689 11856
-9576 605
-3495 -13749
-7670 8125
-4083 -6883
4837 -7951
-2599 1018
1191 -6162
25326 -15286
5951 1430
1951 4546
10537 -3658
-8427 -1071
-5080 9775
-1408 12748
7398 9658
-39 1163
-9078 -5823
-2130 512
18075 -11033
-11110 3998
-4456 5232
-4836 1445
4237 876
16417 -3233
-3860 -9323
5171 -2730
-11881 -3769
-8225 -7681
-7477 -5741
-9200 -1279
-2456 -3978
-10593 2056
182 -1343
-6193 -2068
3331 3754
9804 -1455
-1066 -668
-1152 -19201
13103 -6711
-4591 -8457
5265 3625
-5550 5151
-12905 -1011
5156 -2464
-2019 -10734
-11415 -778
-10120 9597
10933 3959
5995 -12875
-1101 12707
7718 -7377
-7094 8742
-3091 9427
1074 4064
-3640 -4804
-13369 -2776
581 -12037
-11866 4766
8797 -4045
-53 -17295
512 -12670
-2960 15551
-21902 -25
3127 16113
-1105 8512
9558 -13385
-5203 6823
9354 3849
1027 -1964
5297 -255
-3361 12095
5212 14206
-6071 -1941
-3757 2720
-1300 5807
7364 9340
7681 -3033
12111 -7709
-846 10868
1279 -12757
4970 3926
-1339 -16862
-2879 6874
4298 3728
-713 15157
10081 -5787
-120 -17080
8956 -19297
2975 7704
-14466 18439
13997 -5048
6342 -16777
-15346 -6288
15539 -1423
13554 4418
-3008 -12289
-1234 -5601
8569 11367
-5555 6639
-5641 -9551
-10526 199
13329 7282
16367 6691
-11477 5598
-1557 -5583
154 14952
5257 -8209
-14722 2108
-3703 4139
-10021 6389
4736 408
2150 -5632
-2279 3060
-7666 -1555
5837 5512
-9824 4142
-6265 -10747
12004 -6713
12376 2598
4834 9619
-1534 6335
907 -6441
7717 -12125
17334 -3644
-9018 -194
-8728 -7619
261 -8635
-9765 -12354
7289 -14362
-19816 -5529
14249 10231
12677 -10939
1069 -6330
-487 9002
6498 -5325
-7675 14820
9004 -7315
-765 -935
11838 -3070
-3424 6679
12127 17542
-3896 296
-3880 -2185
-4339 -10520
-15634 19134
10315 -5159
18249 -3862
-858 -8341
-10803 8789
10318 462
20722 -1921
-4250 3977
680 -1327
-23354 40
8576 -10683
-11433 -10724
4353 -2532
-15611 -4866
-4438 7083
10690 -12836
