39 107 2606
58411 85471
81320 54627
62313 67226
25518 55626
31479 27499
95121 92871
82409 60619
93098 94167
83110 70195
56787 48122
88687 90201
78937 26834
51769 28767
42675 69409
81832 82297
37497 53279
64938 46484
99099 91076
96035 56529
89176 46441
59361 36664
91070 31335
60700 99972
49522 103700
54423 57626
37751 67740
57596 74008
46293 80659
47380 35266
91290 34381
99502 59876
47365 66467
69596 31128
38969 91048
61912 32073
54676 100171
40342 58676
35920 68371
24468 49987
57624 88728
84914 53962
59205 65356
27028 55973
24667 22679
95717 94044
82251 64422
94518 95367
87543 72624
60519 46563
87696 90465
80866 31110
48196 25863
42197 63855
87698 86096
39762 55373
63881 46481
92714 90329
97546 56224
94620 50063
58763 41466
91882 31265
63945 98874
53377 99396
56782 57442
38245 69656
58113 72155
45969 79782
49104 38314
91068 32905
97440 60703
45987 65000
69000 35889
36130 87339
64451 33893
51369 95658
45138 60807
31590 73640
22747 49024
-3137 -1820
-1504 -4026
3752 -5524
562 696
-643 2450
-784 -1418
-2116 -3101
294 -1309
2431 2080
750 -36
-1156 1603
399 -3543
-478 -1721
-805 1008
884 2808
4402 707
2112 -1793
-5883 1069
-28 2902
1005 -1010
-5711 -323
-1090 -1250
-1895 -5755
596 -4860
-2286 48
5623 -1037
-415 3647
-4636 1680
2811 -993
2206 -1535
-1278 4102
-2058 5313
-4072 -2925
-511 1973
-3959 -182
256 -1505
176 1260
-2112 -2015
-388 -1108
218 2833
3658 3846
3162 602
-1865 6821
2683 1274
4994 300
-1446 1895
2184 5796
-1307 255
1846 1695
2553 2590
-1459 1456
-622 -3302
1295 -228
326 7631
2939 1201
-602 2381
-3066 -2621
-131 -3174
1419 1937
591 -974
-5767 -3218
5292 1024
-2292 -1490
1501 -637
-1854 -1167
-1845 1167
-5555 -1111
-2439 1678
-250 2334
5356 -1450
-6279 1867
1456 1633
2031 -2398
-442 -2169
-3356 920
1832 -1911
2741 -842
-3650 -151
1547 181
4038 -1365
1947 4005
-810 1853
341 328
1228 -1121
-2953 -1346
-186 -2813
-796 -57
-203 1015
-5656 -2155
250 -7363
-1746 -1942
-3229 2939
1384 1287
-1969 -3830
-2203 2298
1392 -6192
2945 1763
-2367 433
1759 -331
-2594 1688
3422 565
1565 1619
584 -968
3676 2118
-296 1120
-2422 -3292
3558 659
