94 52 4387
80619 50587
69666 101860
85401 49682
68647 24386
46504 18406
55044 52029
27358 51661
83253 38670
76133 52256
55655 35976
40520 82334
66254 97099
18506 93629
96026 14842
55468 54909
38531 41496
37552 27368
26608 91512
86030 98234
74576 102506
45600 60687
83269 70081
31438 97727
98444 85407
72339 23598
49692 46144
73120 50892
47408 50925
36751 98930
29376 25100
102350 50341
51400 44786
64761 61682
30238 27775
52318 46759
99852 81834
12960 27961
38383 50077
70355 43923
82565 70588
68367 11727
18373 43462
34587 27210
61619 27967
68938 30016
34259 26777
18076 11445
22351 54495
44346 23632
72932 75795
29056 22944
61002 39566
37320 27966
98728 53115
83788 39987
56768 37254
21992 87381
31487 89319
77007 94329
19541 72765
85849 24913
32392 27189
56436 32088
11294 103975
74251 12274
24546 44504
80780 39069
71947 72191
100498 51556
18739 78780
78365 49067
66735 75476
46090 82159
81201 68711
56925 90783
66184 59058
44091 68799
81663 35882
57611 75261
100654 72767
53431 6817
15361 40051
55455 98466
62545 84505
43133 84361
60322 13879
93208 97272
39065 89253
26737 80117
78378 67182
84794 93041
24948 98654
23117 75923
43488 96424
80978 44365
67240 97729
89578 58381
64863 23612
46150 12389
55725 50383
23473 53395
83018 33416
73107 47509
59266 33799
48092 81777
69610 92632
21735 95364
96812 14413
53284 50103
34423 40627
42135 23854
29127 92738
89567 96492
69531 99312
48071 51467
85557 70643
30286 95981
89383 89057
71822 27109
52993 42446
77529 47267
53421 57770
32337 92512
36923 19574
99311 53660
55776 51610
66313 55706
24157 26943
58340 46805
94846 75255
14865 23765
32014 40474
65365 40220
89011 72785
72112 15792
16128 42305
31372 26016
63457 25389
70181 31942
28245 28697
15297 12573
26999 60943
52740 23816
68818 66704
29752 23814
63351 36620
41970 26710
98478 55398
81683 37207
55379 40582
25179 81407
24744 89560
74159 97363
18032 66259
80247 23346
32468 33901
59689 27362
12800 99392
81411 17844
25846 44885
73992 42145
78029 74746
97569 47563
15609 71137
74627 52355
63710 79572
43858 81081
81502 64607
56712 85077
73358 58707
34569 74492
83147 39773
64929 77440
99444 76503
59270 13932
15565 36554
50278 95962
65128 77870
48418 92124
61525 18839
88933 92077
37708 91092
28088 74217
83899 58441
89332 90908
25811 93285
17134 65338
35619 99905
-1202 -8146
2708 1196
-911 -10609
-1176 5360
-765 1204
3182 4832
3180 -2644
1430 -3139
-2538 371
-1383 6602
-585 824
3509 -9213
3368 2671
-34 -4602
-1835 -2813
3144 -4075
-4139 506
367 -3024
1653 -320
-3595 -9990
-3583 635
-1590 1039
-80 3347
3733 5181
-5227 5141
-4968 -4152
-3232 1125
-1799 2917
10254 -1033
-1456 886
-1200 -1304
7800 7790
4078 -1934
1464 -7725
-10 -86
-1429 1193
-4988 5854
1405 -5212
-5121 9002
1308 3263
-638 -2164
6888 668
3713 2985
-4466 6324
1462 -2562
6972 -4933
-3313 493
7086 -4446
8073 -5192
5144 -4545
1333 1121
-596 9462
