84 257 9983
45835 110664
90639 96690
107599 68652
47917 65372
53334 97371
81607 59895
61497 98913
100806 39785
52500 89189
78406 75580
109993 85788
80516 56750
60210 68717
69751 53634
87278 60347
47699 93485
47551 72028
64136 45630
89896 55869
51830 79344
92156 77167
66336 78253
88845 68524
77156 27258
55518 89145
62011 102881
86049 97310
50039 54885
93817 103004
73633 96509
64892 93961
101388 75331
61142 77213
97675 47571
72648 82812
76069 71940
72533 57779
79245 50156
55553 99732
92068 85998
117923 80191
63112 58741
60440 59863
75875 78627
44509 63757
56401 67590
78038 70812
49374 85518
101135 85463
77054 62433
55361 60071
70108 72444
83080 57672
65732 64999
71969 77942
111639 82357
55386 30723
81149 47769
68036 65477
70114 86775
70597 61050
66804 100982
74128 59238
64162 80251
79517 41992
76693 59624
53540 101470
74549 81722
65678 73071
63637 65292
54265 62967
92900 83167
52316 85123
65685 76681
81315 47969
50369 53291
109592 82437
75845 67352
108658 76126
38244 73937
39390 65403
50985 97005
88981 84505
70548 63763
56123 89944
91393 85775
98044 65292
48337 54761
51283 90271
78721 54233
49749 81511
85957 48375
69058 74254
94724 51455
92531 91248
90284 65172
49910 76192
86703 58368
91648 76909
50222 98288
55570 73473
67463 52986
89194 52069
49071 68847
95844 68296
70150 72864
77131 67969
68509 50895
65776 89651
55915 87356
90923 93638
53955 60856
89031 96932
71394 80796
48562 97940
87828 69704
53027 85988
78218 58153
72243 85358
71472 67224
86003 71642
78689 52472
64172 97180
87775 88467
98263 84886
50625 52193
63567 57965
79596 79388
53834 63308
47431 71144
84429 75175
54835 89654
92283 95765
63286 69606
66506 52192
58625 70448
80609 65808
56222 71734
73701 82288
96040 78500
59015 49271
69371 69420
58998 56787
79458 79106
60930 65172
62163 91382
79434 53973
64072 84562
82221 50578
70186 57248
79050 93095
93566 77262
77264 83263
77003 75176
61992 85855
94512 73835
62955 82131
65023 84609
78146 61926
47553 64224
92614 85453
87230 75149
92227 77659
63020 76012
63496 84065
55875 95972
88129 73147
89608 62392
-1937 9355
-6928 -4900
-16846 -1536
-4543 3003
-10121 -11285
19299 -9626
241 -14147
8851 13747
7641 18143
-5503 16704
20373 -6635
23032 9474
23887 15208
10522 6501
9963 -9435
8003 -5879
-4487 -22635
-151 155
1278 -10580
4466 4701
5372 -13540
1087 8772
-9111 2817
1439 8608
3089 -13826
-11162 -5943
-10555 -6647
2239 -9526
1471 4495
-9105 -17349
-10840 6237
-8162 11715
11630 5396
9973 -8011
12043 -13999
-14782 14081
-3144 8114
460 6111
-19968 -11607
272 -3192
-12500 28957
-55 6082
11131 15710
-10588 21302
10053 17816
-3717 -12331
-700 -6370
-6094 -1758
1663 5886
5494 -6106
14903 6365
3105 8920
1774 -357
-441 15718
-1429 -6513
-8324 4575
3165 2296
6162 -10133
-7933 -18825
-27818 14650
345 -2107
-8787 13681
-20727 -1076
12443 6322
6692 16567
-3093 587
-15304 -31987
-4354 -21197
18385 14641
10100 7538
-3037 -3573
-10157 1841
9472 5049
-1716 6550
14880 11633
3923 -2506
8464 12651
2113 1983
19581 12491
246 -6216
-6668 -9094
17092 -9032
-1970 -6486
4757 -9906
6364 16606
-4542 -7838
-4534 6904
-24800 12559
-12320 -2339
471 -4772
-18725 13735
9196 9253
-1167 -2222
622 8087
15374 20457
-7905 -7151
4579 -2653
-3613 1533
10805 -5688
304 5954
-4462 4627
12978 11887
-2180 -7049
2570 -1337
-3114 4186
-4214 2390
12199 12234
13730 -8264
-12609 -1375
20978 -6292
-1441 2452
13766 -10502
-1943 -6115
-4837 5173
-13625 -10179
5146 3155
-2406 -7241
5887 -11227
-4627 -11975
-3602 2779
4153 15186
-4302 -8442
9314 5598
-24058 6043
4973 -10295
-3612 121
-11919 -7362
-11086 -14675
3348 -18932
-6035 -159
-981 -7375
9041 -4913
243 4784
783 2448
-3751 -4879
-16698 -5094
25 13077
8542 5362
2139 -5195
-14864 11903
-15252 -2930
5261 -7023
7239 -8016
2726 -2367
-717 15844
-10843 -11909
15997 12042
-14632 -8069
-1942 380
2593 -7941
7647 -2701
-4336 8392
4766 -20082
193 -2722
-338 -8376
8645 -7319
-5525 -977
-3588 16663
-4787 3179
-15565 -13083
3910 10391
4665 14884
3691 1046
26298 2220
-6312 6879
-6515 17582
-6873 635
9873 6702
9906 -12560
14899 295
-745 -7542
-2896 -15413
-2421 -1303
7031 -6213
1796 -4694
-4857 7821
6377 1723
-8404 -10399
-2074 2758
-6027 -316
-6008 2902
7382 -13318
9087 -10989
10099 2859
10445 3207
7942 9714
9424 -6530
-8258 -11911
-20197 -4884
-14956 4249
28092 1594
8497 -7029
-8042 6434
5971 -8920
-6863 -10878
15439 11814
6088 -3749
-10966 -1496
-22952 6059
304 -2132
3168 -4277
14129 -3492
1859 -13578
1089 -4253
-1668 -19289
6898 -1171
2671 12361
11582 -3990
-16573 -4026
19268 -11946
10578 6971
1129 -1736
4685 -3925
4181 -6861
-12034 -6526
-14886 2268
-10237 11577
289 2480
-1235 -5198
-1902 -2653
-13391 -6061
-12848 3103
5182 -7568
8051 -7691
3559 -4622
13099 -427
13846 4140
-4305 -2142
-5054 1981
-1712 4867
-3012 -175
7882 -5011
-7441 4494
4765 10842
10221 2489
6830 -6304
5674 4246
4551 -705
930 19631
1592 1417
1741 1475
-9892 14921
11871 7843
974 8263
-4072 -2484
-10331 11054
-1728 14411
-1763 868
13738 6158
-255 -1246
9944 -2326
14150 -314
10441 2785
-2326 7147
2835 -3980
-2649 -20984
2066 8932
