71 75 2175
86003 52005
79012 49545
52669 62516
22528 26913
44978 97601
25830 81354
86208 77065
94337 63164
52676 48082
102016 66323
45525 99247
60491 55208
61662 28280
66330 66082
84621 62846
43737 70563
71712 25266
90161 64002
53146 65552
53275 27276
45270 45423
62350 34240
50565 73767
32240 29924
89564 56671
73468 54964
74277 87007
88635 60354
35259 43100
98062 99316
42107 45823
52854 20032
85272 79413
87980 29408
33104 71369
51691 84214
84210 99185
60259 87941
87411 42692
60425 79721
100765 70295
47364 88720
53571 67514
89666 48259
70575 39326
58946 71922
24751 63108
77245 34132
34631 67112
90462 44194
90681 54536
89722 68831
30908 40969
80944 59104
66187 90682
39743 76674
71313 34374
53921 30146
78041 34842
86168 40764
70359 100126
66121 87341
57698 83620
26650 73685
71930 96145
70686 72178
80700 43604
74271 70885
49705 72715
77699 49086
38731 39956
86999 55329
74862 52353
52990 63863
24313 27935
46269 97314
26842 83756
83623 75398
95122 64003
56677 43901
98896 65596
44937 96649
61523 54414
61596 28054
70716 64945
91287 60621
40594 71597
76677 23788
90732 63648
52479 61433
54832 27810
45120 46883
61485 31732
50838 75020
34533 27510
85358 57846
75159 54603
75422 87552
87937 57963
38547 43016
94524 98082
42120 43317
55687 25718
87997 81803
90378 28029
37006 68462
52750 80983
83811 95135
60317 87935
86848 41820
62515 79564
99339 73002
44702 87403
50345 66123
91819 50916
69073 35539
58304 68875
25953 66469
78439 33768
34403 65689
86271 43154
92302 53876
90684 68984
31829 42847
78474 61705
65595 89987
35554 79259
70563 33822
54271 30619
79740 31979
87532 38556
67961 98310
65782 85025
58235 83184
28912 75723
68956 95933
70615 75333
81304 41190
71174 69413
51035 74859
76113 45863
39334 40952
-1256 877
-2418 572
1092 -1074
177 -1976
-1328 3190
103 -2484
3978 -2326
-1181 -1218
1784 -2766
714 -250
313 -1908
-482 1744
1352 -2428
-506 -2400
-2066 -1561
-1437 -3802
-854 189
1411 -34
2365 -657
-230 -251
704 179
943 -2666
-891 91
7319 -768
-862 -3633
-1826 2348
3438 -1316
2796 3803
902 -759
406 1038
-2159 -3093
2617 -1173
1286 -2527
578 557
-102 -834
-1126 -3115
85 2636
-1857 -1779
-4312 -626
629 1863
-1347 -1262
-1468 2196
4496 -38
2807 -3874
3679 -2937
3227 -1848
1128 -4871
-124 -343
642 -5193
2098 -3125
-2598 578
1405 513
2605 1731
1548 1951
3514 1003
3429 -413
1485 -1955
-63 -928
2451 3189
3791 4687
575 2404
1420 1171
345 1641
-1796 -4123
-1325 -3627
2773 3560
-2030 -316
-856 -812
1602 1806
1098 1397
813 947
-319 -3407
466 984
1643 117
1165 -314
