61 217 6924
13644 55429
53179 58763
86153 27658
75115 41833
52345 50196
61360 65076
3753 52273
64252 47516
77288 13519
24486 19461
54983 68327
41357 31224
87565 60289
33885 22381
38076 45269
73734 59808
65809 47348
59222 59252
21922 26524
33581 93117
36442 41786
75769 19904
89604 47392
59720 11996
78325 41722
57775 46638
98173 27046
30813 74210
76112 37652
61915 22212
34440 1
68505 84654
39105 45429
99486 50079
59033 33834
46420 7221
103473 63559
105642 52462
31965 85881
26346 20733
43929 42051
62309 55344
58754 30852
82505 21004
88150 23229
25904 79554
30743 22685
49836 83700
33854 23334
26255 69418
49388 18243
25302 84705
75862 22450
21047 72944
25822 20029
78251 66197
56290 39868
65797 72261
89169 23928
81417 65341
94256 87396
20286 57245
59264 51784
86874 24135
75211 29161
50690 56986
56628 67096
14174 49359
65559 37309
83548 19837
28442 13671
58273 78153
48758 33288
91378 64972
46058 33390
39311 47517
70408 67327
49378 46129
52761 62554
20296 33828
26747 87688
39515 39359
79853 26442
83682 51013
57413 14239
83553 27587
58528 44329
81546 36978
38383 73772
72861 36031
69122 13620
35898 15098
52692 80342
42492 49860
94755 42233
62330 36158
31966 12099
92450 71336
97616 48493
32698 88846
13680 38780
45742 38896
66523 52382
48655 27382
78964 17736
92427 21153
27661 85289
26631 35432
44682 83261
27009 22361
27857 63428
43784 26178
19686 78099
83352 21891
25428 76412
28204 26052
74736 57780
54142 32330
68071 90842
75962 18700
79436 58141
90351 87860
7139 -1634
2862 7163
-814 -611
5214 18309
-1528 5556
-2922 17388
15835 -10971
-124 8468
8036 1355
777 -4620
-835 -5245
-8375 -10626
-7945 -4555
8399 -2311
-13485 -8204
-6683 8635
-1931 2927
7341 -5976
3547 2078
-4417 40
3238 4215
5457 5589
9828 -8732
3613 -4823
-6184 -5704
-1177 18216
-6333 6284
-7878 -6586
3046 -3014
7505 -7401
-12190 -7230
101 6340
-5954 -1857
-3046 5539
-696 -8650
7485 5373
-786 2460
-7435 259
12528 4534
421 7183
-6327 -10162
-1658 11237
-6511 -6278
-5131 4314
-943 -5109
-12469 4125
2952 8378
6760 1033
-2556 -2625
3525 -1034
-5709 803
2913 8644
-435 2607
6762 396
-5648 4824
-3043 3707
8444 709
-4999 -5111
-2139 -4421
-8833 4114
7728 4388
-6185 1016
-2047 6008
-1213 18750
-5102 2960
-10881 -12578
-6595 -2562
3883 8993
-9926 -4123
-9292 1733
13300 -19856
-8824 -3527
906 -759
-2024 4742
-3524 -5885
5270 -13258
6299 -3453
2319 6174
-3317 7409
-7524 3674
428 1695
5212 -888
-7167 1993
-1220 11183
7376 -12685
-10418 -5554
-3138 1550
-1246 7106
-2477 -9165
-7453 8649
-5706 -10317
526 -3224
-3425 1082
-8859 4190
803 7079
-8072 -669
-3815 -1304
2227 8228
9007 -11022
10405 976
-1760 -947
3727 4900
-621 6455
-7572 -3308
2321 3096
-6498 4214
10890 11755
-8806 1490
7690 5165
3048 -4990
-8177 -8164
8247 -3014
-15499 192
-7966 4686
14309 3056
3306 -5719
-6405 -849
5364 6949
12865 -6641
5706 -5344
-3555 9774
-6158 1678
-12908 2732
-8629 -5162
3569 -5203
1007 -5891
1070 -8642
9690 -1729
-7925 -6525
7686 -12901
-13250 -3411
-2405 -8830
-6856 -7946
-8462 22805
2368 450
3020 -11690
-532 6420
-8746 3039
3324 -6592
-12371 -3979
-11248 1750
-1622 6399
500 -9658
6318 -4999
-2939 -8554
3957 2307
2609 3329
17381 -203
-3523 6307
1979 -7790
8519 -3143
-229 -4096
-317 3936
-5115 5630
5649 -3899
-7972 7479
-805 4771
11230 3623
300 2858
-7746 -9274
-3551 -4106
6834 -5955
3687 -15965
2521 1356
2330 -9212
14289 3736
974 -9470
1619 2937
-3684 -5378
-12031 -2725
-19284 -8731
-7776 -2753
-6421 -14692
-19237 8763
1894 9741
-2239 8330
1552 1142
12193 2431
-1392 8082
-58 1077
4064 -10960
-6825 -237
15458 2120
8337 862
856 -9025
1927 2915
-341 5089
-9452 -5504
-6289 15738
4987 -6179
9051 -5228
3202 -553
-3387 -2022
7458 -15396
-4591 1313
-3228 9095
-5216 -3945
15890 -6559
-699 -3277
-4292 2172
11788 9595
1383 -9247
-2705 -7642
4399 4482
-478 6894
-97 -7802
-8396 2822
-2330 16479
-4475 -1885
14046 -8705
-4670 256
-7136 -5906
-5383 5614
-2705 724
-1057 11316
1529 8346
-1854 -3487
