65 53 7616
61009 31879
75327 12577
57445 54620
41202 58193
69172 81969
90741 34417
72346 94835
21497 40370
56893 38256
104067 50170
65958 90500
71453 29583
65957 17682
83595 64706
35939 43640
74053 58196
18760 71175
53290 21454
25628 62753
90009 61356
11595 76851
47438 65718
31564 87432
75853 67491
108383 54572
62206 77680
50183 85536
86336 80654
77887 52388
88228 32842
44199 61477
41640 60410
87892 31961
100622 24022
92381 84852
35890 51175
17626 97213
92362 77464
71737 15778
80453 47127
70407 49369
35242 40203
50801 98018
44312 47735
22460 87087
80684 70754
46041 97142
52338 67848
92375 74772
62918 65575
23521 104092
85025 66704
14943 79320
52102 41560
54800 40807
13124 94050
14748 71660
101808 89071
104195 58135
85027 66072
101317 35923
20738 28954
73277 94283
75210 73579
65496 72037
58865 20556
81562 16118
52765 48627
24944 50590
64841 89105
93574 25905
73913 94387
36377 41927
44070 26763
97797 45136
70587 91561
60145 29771
67283 26684
83797 72136
26851 42821
63698 56863
20417 76462
58423 17155
22009 66507
75735 57461
27899 70150
60181 53742
29864 88871
84139 77294
97487 55717
70808 70986
60277 89276
82182 78714
88852 62016
91782 39450
36112 70375
29964 65405
78498 30043
99450 26999
80707 74590
33108 55232
22042 87157
86173 73046
88957 29997
68461 47348
61988 36351
20301 46623
40230 87753
35790 60998
25255 87864
74564 53694
48265 99192
49916 83067
86386 78599
63004 66863
23453 93653
93582 63749
21266 87529
69076 44689
55042 45699
17327 95288
18006 61438
99004 89277
99749 60927
83897 69129
91446 34661
17365 25817
71559 86080
62838 67891
52733 81321
-5407 8743
-8173 3791
5726 10967
15291 5228
-3390 -1726
4103 5050
192 -1700
17487 -6067
-4431 11404
16484 3878
-1102 8528
-6846 -1002
1172 -10681
9891 -423
8931 -8628
2512 -4710
-14853 1321
13669 10879
-4629 -8292
-6706 12080
6024 5256
6992 -2256
4620 -5782
12973 4743
-6972 -6172
-7897 -2511
-4611 9840
1631 -2052
1719 3591
5299 8580
2070 3171
-1567 -2542
12014 -2087
718 3284
2749 3083
-100 3797
-18497 1067
20621 -6391
1595 -6579
-2756 10867
2984 -11346
3991 -458
11604 389
1448 11512
378 8716
-9947 5836
-58 2477
-6034 9034
-8879 2845
-3740 -2914
-8849 5609
615 -1765
7021 -3485
