99 321 4512
62161 72430
76377 58950
84223 50564
88275 62102
93149 65682
90165 85458
77220 49638
79899 93498
46934 44771
73941 65196
71614 89067
71174 87778
43395 96809
49862 98143
61263 59178
85983 49176
91889 43718
63021 39142
80733 73798
96028 47050
59159 57735
43196 46701
71651 49729
65671 55842
84966 90132
90889 47551
58231 72683
59414 43379
65255 75236
68706 97236
45704 77479
51643 57251
81343 47227
69779 89856
52486 47466
82955 60876
45771 56150
87316 84046
89756 67558
74167 80767
71313 54651
36808 63754
90670 78318
51278 58466
78944 86370
70856 33988
42523 85734
98313 89591
74959 95759
33083 93408
83507 83843
84593 83912
91071 67857
64499 78660
73772 84788
47348 66020
56649 58141
42875 79465
37436 46114
94672 84964
45607 101314
42015 41520
100868 38316
56164 67456
93001 74045
87740 83345
97058 93440
49838 75388
78634 95068
105457 100869
57093 39365
34654 68588
47233 54536
92620 87192
102259 92917
51221 62339
50461 38676
53591 90717
83202 97189
59678 84407
56570 58579
54823 58040
76223 64280
51424 53786
72728 41578
66392 70250
96077 79946
100493 47644
92136 36728
44975 56252
45204 69624
73815 87210
85564 66089
83694 62693
74192 89388
53258 102031
58368 91139
92034 89286
88946 67552
64380 76222
77253 59846
82265 43630
93767 62376
90365 65063
94162 88298
79132 48283
86474 80209
40878 44919
75032 59725
76917 75669
76087 91287
39286 93721
51077 93654
67308 64040
77179 60140
99922 44548
61895 38689
84189 83158
96443 46900
58323 59855
40865 44160
69093 47575
62939 58491
84581 87031
89341 49094
59602 80400
62958 49277
65455 75910
65256 96166
41023 82582
51576 57209
75048 44144
75718 92667
48793 53942
85861 62877
46232 48973
80472 87768
91102 62321
69563 84850
68471 58090
39743 65237
89395 79971
56735 55317
77424 85999
71689 41234
41277 87078
98781 87276
71441 85842
39334 92291
77246 82207
87605 76605
95602 62514
60464 73081
73483 79314
50798 62772
52707 59022
52289 76728
42547 40633
92311 75283
48313 94487
41814 44397
98072 40255
60077 61026
97338 70795
82261 84798
99498 91505
53350 74826
80192 93358
99079 95334
56983 38740
41619 73502
51091 52136
93306 91722
92304 88481
52600 65064
55484 42388
57085 89198
78933 99520
67432 80188
57892 58284
58944 52591
70107 61744
47526 60873
70506 40844
70137 69588
95825 74160
89023 38356
90419 39934
43120 60045
45654 72882
79227 90302
81628 72632
91456 53320
72193 89301
50967 98553
54969 90163
92180 89550
83979 68682
-7328 3802
4926 2303
3655 -5505
3447 6540
-950 -1553
-7704 282
-6125 2712
-863 -1536
7781 1970
1065 2791
3023 -7406
-2396 -4060
-3710 3106
3555 467
-3979 -2657
1442 768
-1423 -4413
-3340 8
2425 -2807
5509 658
-154 2975
-3133 6087
3518 1915
-2434 -25
5997 -5380
6501 5002
4032 -2771
5571 -1684
-2185 818
7107 -1616
-6236 -1065
-5991 2902
-6071 -8081
5030 3885
-10267 -2052
-3130 10766
99 -3457
2315 374
-4966 4716
15663 -6902
5228 -1784
-4258 -6024
992 5069
-309 243
-4353 12725
-583 5522
-5806 -7190
-4347 -7012
8212 -725
133 -3582
-2621 2438
2476 29
-3559 3407
4992 1527
4110 7823
-3682 493
-168 79
2691 -2474
2782 -4200
1778 -3107
3061 -1049
1649 2629
-980 -8984
3899 -1181
3276 568
3092 -513
8633 3505
-2459 6378
3049 -3469
-301 -1232
5722 3959
2661 270
-376 -1640
56 2615
-2814 -2980
-1601 -2508
-629 -3085
10780 -825
1886 -7738
2594 -824
-5374 648
2515 5365
5585 -637
-4909 -1469
-5360 -966
1008 -2207
719 4006
-4085 -9536
608 5119
-7864 3637
2992 -2196
-5044 1537
-1664 -501
-3927 4946
3231 1962
995 1521
-3318 -926
-7061 -11150
135 -5974
-5387 2808
-2841 -2726
-5624 2710
3371 -4605
4892 4924
5238 937
-4304 -909
2718 -446
-5190 -1226
-2591 5984
1369 1732
-951 -2522
-5869 4304
-7394 -5672
4417 -5207
-480 -672
-2271 8294
-2694 5858
4248 -2616
-2061 -110
-6029 -2902
4442 804
4074 -830
-2025 -5684
-1232 793
-1388 2229
4127 2459
6800 -4009
-4774 -4490
2896 -6192
-3989 976
10426 -7441
-3611 853
4683 5768
-1499 -3958
-646 -7459
-2664 8557
-3078 -658
-205 -3129
-3353 5553
-6714 -1186
376 7962
1037 4061
611 8765
4830 3854
-2943 8063
1814 -1558
4660 -1189
-922 5569
1508 -3504
1787 6793
-3285 -4902
2280 2939
481 -5306
-6532 -667
9776 -2308
1630 -178
-1070 -6187
1493 -4906
2613 267
1670 4078
1388 17
-591 3716
-4329 9381
293 9981
1685 5453
-8514 4106
225 945
-9699 7196
-7792 8391
479 -1335
-3631 -6060
9329 -903
-1005 -6420
-1117 1479
876 -3770
1864 -3712
-5811 -9596
-3500 4935
-1798 5933
428 -3025
6913 -6034
-1383 -2816
1641 368
-1471 4882
-663 1379
-8447 -604
-115 80
-3883 -6759
5260 9916
1190 -6040
-8122 -2226
10737 -3521
1140 -1112
2073 10831
417 -912
-781 24
1067 2305
-2383 1776
-2800 5407
-531 -287
372 -7862
-198 -4201
1910 -4484
-3708 -6161
-7232 -3576
1626 8448
-261 1551
-1261 -4860
-4809 -1423
-4232 3654
2354 7426
-602 264
-3488 1600
62 -1734
-127 -225
849 1069
-516 1526
-1251 -369
-5140 7859
5354 -1530
-630 818
7479 6086
8180 -1167
5477 -1352
2237 3999
1507 -2543
-7045 647
-3023 -1625
-248 916
-1105 -11668
5699 -4603
-665 3437
9413 -3882
-7382 3015
-7326 -8389
-1785 -3614
-3488 2031
-12435 1779
-8581 -631
-6852 893
-1943 1964
-2071 -1881
-3041 8223
-3633 -952
-7326 2700
-330 -1766
-394 3695
4422 -4776
6897 767
-651 -8558
-2409 719
4513 972
4793 89
-9959 2808
-11547 -1130
-7774 -363
-2421 -1945
279 -2716
-162 -6025
-3477 922
7536 -1589
1855 8637
1017 -4428
-3403 -2817
1812 4136
4882 4393
3093 -11
6331 2347
3355 -1063
-1908 -3723
-1322 472
2509 7478
2309 1470
555 6730
1187 -1724
2818 -6511
1735 -630
-2424 -937
4178 -4294
-4589 8862
2558 1681
-5181 -3135
-1995 7871
-1040 -4634
-6465 263
2534 3406
-4859 -2804
-1123 713
-591 -683
-4355 7177
748 -724
-2425 7735
2141 -1627
3500 -3433
-6371 978
-3893 582
984 -397
533 4426
7779 -1944
2440 4584
-2861 3541
-5963 -4063
-4653 553
-4753 2812
2285 1806
-2317 530
9110 9473
3594 -6870
7939 6535
2124 -5325
2286 -1603
-184 6588
-3228 7012
6978 8798
6563 5733
5393 -9870
11018 -4323
-7698 -1914
948 7045
-4753 -775
3162 -2975
