89 145 1355
74224 96845
58213 52247
99607 70129
27980 89776
95391 95187
61034 78530
90216 53250
24662 54891
38503 39410
46124 27405
80143 76263
29296 40554
57583 96647
80855 64091
82612 86717
49990 101660
98077 98331
50185 28894
50790 42203
97055 72030
78676 58064
77805 71867
48842 64868
89382 65296
90835 29894
68960 70631
36387 42837
54166 43309
72896 87610
81542 96245
62255 33479
63789 60284
71443 95806
84111 54867
68999 50684
60071 28933
87088 62622
96264 30715
91717 33797
31936 33231
39199 84400
35816 45215
91832 63300
65845 97791
93373 31984
52402 65888
32108 38780
93471 71939
67851 41737
39212 58661
49588 86169
53562 82031
27601 45048
53677 84123
40861 67655
28018 84477
34799 53841
72262 31818
56617 53951
98994 69343
79329 53707
53913 75558
52759 72607
58277 83403
34899 26908
82526 60430
37871 58937
80437 37072
37604 45324
68945 70185
52621 97665
48932 38560
92061 30189
32107 51926
62954 62285
65979 46250
60504 33809
95562 55183
50199 43455
72247 76535
88099 40254
48435 93203
66506 81061
67782 62204
50911 97189
73207 79519
90530 67563
88316 97603
36262 62321
74092 95816
57492 53729
98836 72755
29994 87903
95407 95562
64298 79508
91753 54099
26773 57018
37800 36789
47627 27674
81022 75423
29287 40167
56781 94448
80818 63889
81337 88750
50337 99608
98730 97242
49229 26675
48490 40062
99850 72666
78925 57891
78158 69815
52217 65498
89869 65901
89280 29691
68134 68911
35603 42352
55487 44318
71908 90351
79332 97269
64610 33890
65542 59265
70873 94261
85031 56687
69136 49546
61986 29095
88252 63125
95715 29554
93786 33082
32696 33376
36135 83046
36558 43691
92662 62493
65223 98301
93166 31854
53226 67813
31380 35931
93986 70087
70407 41395
39231 58730
48905 86591
53398 80794
29251 44957
53125 85126
42151 67975
27786 83534
36032 55387
74761 32193
57227 51879
98764 67603
81494 54226
53050 76032
51752 72217
59090 81756
34720 27988
83263 61223
36811 58961
82100 40576
38743 46311
68646 70981
49622 97444
49100 39335
93642 28501
31311 51804
61978 64316
65884 46472
58526 34142
94395 57068
50873 42484
69581 76560
87513 39545
47992 92601
66680 79250
67282 62806
48825 98030
71138 79026
90271 70226
90447 97575
34471 62684
2565 -310
-1043 -2305
-1826 733
-1117 362
-2046 374
-2254 17
881 57
528 1287
-1247 375
-2384 320
2055 -173
-1281 -377
-625 -1525
-1314 -453
1699 226
184 -417
-314 -929
2443 387
1291 -42
1203 713
-2036 1171
357 -428
-600 504
-232 -2042
-9 -581
-1384 -518
187 -1069
182 823
115 -1422
133 -225
-926 1151
-739 759
-8 776
-930 56
-1167 1039
431 1220
2681 -1195
1998 -47
-661 -327
611 -1987
-929 1728
-852 196
-174 61
-844 876
-1133 1246
-532 -1601
-1619 -2425
-2004 18
-2635 -532
412 343
34 2226
-77 -695
1644 585
1028 -2788
360 18
304 1300
-563 -1276
-1185 -406
2583 -1926
-41 1675
-615 -2486
876 -561
-2201 -269
1343 -1483
623 -1195
939 -2017
-1007 -21
1459 219
-440 -2373
1619 -1334
1370 -1616
-557 1647
-1927 -1146
-972 -270
990 -130
502 -636
-4 -1876
459 726
-1723 -961
200 -2081
-1542 -204
886 -505
-1221 148
1383 74
-457 205
-480 -740
-780 -1059
622 584
329 2000
1251 2175
-42 182
1497 932
1379 -180
318 -292
780 -1928
-202 1277
-809 -406
-1078 855
-433 -2294
1499 -918
-1910 -1602
-551 -1130
-1747 -206
1530 1405
997 -6
-1238 -1598
-609 185
2812 -1207
1099 704
712 -1665
498 1712
665 -1688
-707 -987
3809 546
-1878 -2287
542 1177
88 1204
869 -356
697 -285
-189 929
-1567 619
-633 728
-613 -1842
2200 1448
3 -349
-172 -1938
-713 3915
1567 -1830
-1653 -1248
1621 275
321 1418
450 1598
-686 -1175
-1392 2975
-753 646
-454 690
939 -1312
509 -69
-1152 -2490
2519 -1406
-1668 155
-1650 627
496 -404
-229 916
1350 752
