88 192 3375
46836 50738
69051 64611
64314 45611
83045 65817
47812 61442
61779 50870
81364 53563
37536 102117
62122 53913
41593 69792
77484 72795
56804 85596
85479 54276
50753 91745
71290 34813
90090 33942
61016 66191
98255 56003
73994 51923
36586 57049
91241 45786
63120 44564
94206 35124
87957 90186
42842 79320
86056 55240
83445 64786
76295 69926
84786 50576
83124 73913
36176 60370
46154 35964
46536 75320
96153 29980
54890 41055
51460 93328
80879 38811
26923 88193
67248 61470
67302 93855
85555 73214
45016 80861
85769 35272
50114 83743
68960 85271
74827 98790
77996 56475
95170 46185
60419 58946
68352 42730
78691 95672
81337 86614
62272 80205
43906 80457
64076 75253
51079 30578
64933 36850
91184 74174
44821 35204
52446 83094
102997 37184
72459 81771
74209 63563
66561 47142
41966 81509
84547 91121
77626 44989
50188 47208
86663 84570
44579 36280
57027 36852
96468 90473
38591 88515
59515 67993
36474 63034
93337 36299
88774 69656
103551 90440
72625 94980
89607 42493
94928 85622
42600 51803
53833 78625
56883 50804
101792 69307
98744 42812
46447 63978
80819 66904
47623 54108
69672 67534
63622 45644
82127 68685
47084 62664
66349 46587
80905 59136
35797 96850
65139 51050
41349 68992
74202 72455
54240 86144
88368 52476
40336 89529
79731 30667
87334 34268
62569 67175
98044 58802
73872 47784
36370 55838
92096 48091
62276 44343
91678 34568
88896 87752
44077 79697
86943 55122
76581 59278
73386 68991
86900 52787
86755 77674
36966 63054
44892 35497
40551 79517
91812 34575
53194 39679
53050 90838
77010 35765
31728 83692
69268 56822
64173 93086
86680 68784
41531 84267
88355 37888
54834 86850
70587 88787
68319 93916
77395 61295
95446 39937
60964 57607
66802 41772
76976 98197
78229 81183
63282 81183
43115 83440
67391 78304
56025 31590
64596 37607
89926 75962
40876 35765
58241 80669
99658 34079
76091 83430
73790 58632
60752 33664
44201 82426
86948 96593
72931 42811
51857 41630
86059 86097
49528 37424
61985 33853
93160 92798
40566 84708
61291 73683
37959 62637
98973 34363
90402 65751
98897 94996
70719 95037
96126 42136
94488 84620
43367 54741
51472 85292
56985 45272
96821 68508
95664 39177
46224 61434
82002 68012
-5000 1691
4390 -2161
4759 -3853
5114 -2705
-1843 -540
-1110 4393
-2213 -879
-972 -1941
5042 5101
1948 -988
5240 1423
1634 1383
1283 1819
-706 -2718
1779 2081
1052 848
4237 51
3642 476
1286 -186
2875 -650
-1207 2593
165 -7981
1358 -6409
4973 621
2930 69
1407 233
4384 1774
1640 -312
5833 -1001
3404 841
7813 3981
592 -1776
-2985 6086
176 -1733
-3002 4112
-2575 2204
1527 -199
-1731 -2330
1278 7339
1361 -5088
-6101 -3482
-1931 -1299
-1166 -4515
-4611 2078
-2781 4975
-1730 -5891
5152 623
4742 1821
-652 5057
-2113 562
183 -2553
2804 6313
-2375 -2254
1535 -3088
3385 -568
-699 1530
372 -1788
361 -1899
-4878 2624
-6155 2938
-1769 4559
-2255 -4482
-113 5178
688 1799
864 -8012
4398 -2598
2641 -3093
2890 4284
-1867 -64
-334 6440
-2654 -5642
3621 4698
-589 965
5475 -5075
1113 -5984
-4473 -7487
7864 2844
-4768 2106
2985 -2657
-878 -5339
-1581 445
1232 3729
-4351 299
2147 -1150
-2551 -8719
1820 865
660 -533
2674 -2608
1600 -2113
307 3129
4843 -12405
-7758 934
2807 -388
1030 2671
2679 3047
-6127 1062
-2701 3047
1460 -5475
4544 2398
-786 -126
3792 -1559
5132 1275
-2016 -2847
-256 -2274
5389 -5035
3031 1181
7081 -594
1489 -1902
1492 -2300
-1438 -6104
-4720 -1917
-3437 -2037
-1356 -3155
1004 -2761
3220 1984
753 -1694
-4659 -4448
-2625 -817
-6570 -5910
-4907 2676
559 4379
-1776 -3967
-5093 -3533
494 2486
-1259 -3162
-1403 2152
326 2391
3530 -3243
1775 -1932
-2815 -1491
3944 -17
1065 -4130
1138 623
-3044 4184
5399 -890
1023 -2884
1735 229
-779 -4735
2491 -4809
4959 2089
4177 -996
-4415 3506
709 254
-5717 651
2665 2824
-1225 -7149
-64 -1817
1109 -486
-785 -1798
2744 2143
4982 -1131
-731 2120
-3719 2125
2006 2021
4985 475
8742 -5514
2911 -7485
1667 -80
-5664 3222
-3643 -2580
-682 -3825
-1261 -1034
-1284 1353
-2507 -2655
4978 -1923
5185 2973
-946 202
-1751 -1161
527 -2871
-3454 3456
27 4794
2282 2283
-1972 -506
-1683 -2820
3040 2220
4049 2133
8629 -640
4568 -4245
-6836 -4023
-2891 -1925
-393 -4389
763 224
-1049 3451
314 1432
1935 1827
-1018 3448
725 -2653
5041 1374
-1027 3132
5575 1093
-1133 5940
1582 1036
