56 51 2589
48235 64034
51000 82279
76418 70001
83800 81228
93007 32968
66127 48718
91053 32174
44532 58238
49757 88667
92873 89259
83087 93435
40081 65937
98454 45302
78673 28368
39952 40265
66521 31297
30728 57404
93131 36285
67316 86311
69194 95294
46207 35587
86975 45387
65698 64804
57479 74813
64814 51547
76023 83030
34663 35797
49269 75729
58815 60816
42663 72796
67659 86743
68483 87667
87787 92637
58645 25098
80601 54163
84440 75173
31727 43976
52384 97048
45502 75734
26772 76005
89969 41846
82550 81673
23879 36675
79175 42507
94836 84010
70366 91734
86510 44003
79664 26501
65728 92515
37734 94449
69436 45895
64735 95446
95667 76964
51146 36508
36707 70387
65655 61715
48049 64205
55409 81592
75533 69870
81791 82090
92336 35140
63551 50138
91736 32951
40311 53703
45660 88769
93053 91254
85123 92192
40000 66756
94905 48651
80165 34341
37017 35560
63153 30758
39468 56437
97730 36079
69744 89186
68331 95231
46885 35635
87311 43039
70210 62496
57086 75763
67431 56817
76001 82758
37002 38648
53119 79249
60420 55152
42983 75453
66575 87504
72590 88761
89817 93165
58504 25136
80700 53326
83215 75486
32730 42486
56747 98067
42087 72899
26244 76666
87720 42947
83277 81576
24147 35986
78837 39762
96607 88487
68007 93066
84227 46430
82283 23509
66533 91101
37106 97664
68792 48688
66553 95563
94214 78065
51196 38101
37184 64008
64403 64904
-528 -2467
-3988 -2270
4365 1876
2036 -1057
1012 -3158
1397 4841
-1552 1103
2582 -2060
1741 -377
-1191 -2063
1542 -2248
-2577 -236
-3887 -1763
-3242 -4638
1458 -214
3270 222
196 3949
178 3877
-2455 2315
-3562 -3797
-207 -274
2585 -149
3779 -2192
-4198 577
-2888 797
2502 -4604
-3054 40
3824 -4
571 1
339 -3653
2162 -670
-1683 1269
-1134 383
-1804 -557
-489 -58
242 976
-2766 -1133
680 1118
196 1241
-242 -632
-526 -3973
18 2109
4217 7259
-3789 -551
2663 -333
4329 3317
4609 -3352
1111 2380
-2188 -120
618 -305
-1264 4958
