78 49 7438
79233 64923
87736 68447
97351 93091
92648 73261
105592 67558
64152 108272
63326 48119
91632 72564
94509 81169
44769 70020
73155 52466
60831 93636
49243 86636
66382 92914
71667 54033
83669 59452
46498 93503
90131 55109
76432 72429
64881 44687
49413 62479
61958 65225
62404 64677
62598 62341
49189 66508
55153 45641
51119 94271
94257 58016
44713 84882
63203 66457
84263 60871
95099 79953
86640 49837
52807 72996
78640 43463
77482 61285
97478 92365
91353 92766
64101 106828
56997 73322
72782 87107
50139 58573
86538 75836
45422 69536
54841 86131
107011 51059
80938 61632
95327 85904
52700 84068
67938 93446
76320 86118
42382 82313
55727 50335
45156 95129
68946 74833
92138 99455
86240 65044
88319 59782
67216 72195
59376 82998
49540 62408
61109 59578
60997 108052
67542 51486
94370 55508
72434 48910
78205 73805
120754 75881
34756 66836
62159 88320
51388 50303
53303 89560
55939 84763
65993 75617
67341 68474
74733 47438
49915 59766
101177 97148
78431 60295
97631 80830
99203 92157
96155 76415
88103 78907
58292 90279
77045 53577
82824 61069
97133 84579
58784 71738
77609 59952
60340 98391
52493 82791
68134 80315
72916 60499
76776 64908
51287 89087
88690 49312
72899 80878
62276 56646
56389 70154
67640 74640
55768 70578
63198 62275
56166 56109
56620 48837
50845 94907
94211 62483
49474 80257
68059 69738
78439 65024
89447 83428
81571 50224
59470 89002
76376 51666
78705 66083
84463 88454
68480 96644
56457 96546
56879 76603
74793 75431
52840 61519
87967 79745
54466 86499
52230 89962
95610 68368
90733 68911
93776 94800
55355 70663
63696 93931
73391 90615
61502 72836
51073 49421
51815 90795
71697 87513
96640 92440
93976 60581
91375 64888
74185 75489
66700 80095
65166 57973
49517 63224
66457 92494
70199 48856
93885 51168
71357 49591
63012 71084
99925 77770
49828 65506
55122 80273
50292 54294
55580 88729
62619 78053
72770 75021
71819 77838
69276 51324
54912 57522
97923 98797
-4539 -266
2461 12225
-256 1093
4282 -3552
-2272 -9736
-4718 6587
-3100 -4908
-6788 -6419
4017 -1819
-11438 1536
-1208 9006
-11292 -206
5982 -9803
4224 -14442
8331 2267
200 13
5613 -9551
-7400 11061
6505 9049
6203 -3062
4134 3871
4488 -6473
-7597 2356
-811 21193
-4501 -302
-3680 -4162
-9021 2431
2095 20162
2277 5265
-6999 3457
16209 -2075
-8139 -10644
-3657 -3090
-243 8409
4134 4955
-2134 -12096
5486 -5783
-10122 -3081
-3257 8571
-3635 663
-2536 -3811
6715 -4177
9584 -2746
4166 -1588
1402 6060
-7523 7481
-1436 -5258
4169 -652
12036 147
