43 59 5081
42658 87972
71910 40778
34532 23475
33948 72022
48500 36707
65580 85479
24213 63243
88381 60637
73591 52618
84520 26168
76909 73079
71182 65034
31272 34671
90341 45630
83068 67492
85566 19906
39885 66610
49297 46688
100567 91262
27059 32185
62828 72320
54618 31172
70837 25163
57507 98721
96742 49033
81386 38135
59078 76964
44994 23101
63298 44282
20314 19962
33992 57514
62597 53213
86418 74767
14319 30742
68967 33481
72097 41425
49063 24156
87312 77392
95520 53095
40153 41812
61967 57698
52866 32171
35380 96044
51809 83619
67540 43360
37107 21578
35232 66563
51523 45896
75128 79909
27881 62226
92086 53285
69282 46965
82072 31146
84172 75414
66425 67448
24564 22883
94478 45311
70881 63859
82715 22310
41396 68136
42014 48166
94040 90335
30816 28171
59851 83735
50657 34571
72405 26581
54460 96596
97143 45296
88362 41187
60261 83245
43470 25674
62238 49472
16748 19251
32878 59884
77523 53898
94035 77251
21644 24939
69296 33766
73891 40139
41015 22082
88377 83255
91265 57209
45500 44023
62265 50016
58693 32286
36083 84549
5500 -4366
563 -6219
6037 -3919
4368 -2307
10973 -70
3389 2182
4889 1033
-2745 -2785
4331 1179
-5293 -1810
-4148 3760
1898 -3550
-1029 -3237
-1215 -6259
-2711 1978
487 -3519
-2202 8325
-1844 -7223
5556 -3984
-1564 -653
-9029 -4312
-6902 -5878
1028 -1967
-1130 3
2308 1258
-6348 1261
4242 5489
1304 4
-1148 -6565
2484 -1914
4278 329
303 5869
1725 1338
905 4399
2965 950
3645 -10186
-444 -4758
-4405 728
3185 -3770
4421 -1309
2295 -11107
2034 -2807
-762 -4776
6499 -3815
-1727 1917
8261 -1233
-7887 4318
-1948 -6883
1986 -5448
-6288 -2292
1096 4431
5847 2936
5239 -2162
11531 1904
-2360 -5251
1203 -192
2239 5973
1944 7924
6240 -576
