68 51 8371
47997 93341
59098 37295
66431 66656
60069 70467
75880 100116
86012 64489
62919 95110
82045 80542
74699 65522
58161 58405
68943 93385
89193 70162
98834 77457
54558 88101
57264 104802
84521 80061
94308 56537
89398 70209
62385 81990
57022 67679
34714 92382
100761 60241
67460 46483
67100 58742
107198 75695
77673 92496
57436 75354
70444 58284
43470 74479
99638 100468
81659 57052
94034 46786
71153 59783
40454 109077
54394 83160
54173 85486
62410 47056
67409 59972
50367 104181
54077 43644
60485 58090
49413 98844
99895 40503
56515 55918
88395 73317
54501 111173
64939 76690
42087 36915
83825 64796
50032 103536
66779 85941
67599 78256
68872 52020
35666 86307
73872 93269
72991 57713
39767 47378
69310 55783
60204 82036
67930 42779
93363 88812
49629 78041
79066 88121
77522 71437
75094 89244
98857 74648
70238 87022
74496 68547
57046 94386
57786 57587
54263 58869
67742 68417
69252 89501
77880 72857
59586 96298
78554 74336
75472 55011
61416 49669
59165 93302
88293 86554
99127 82111
44096 70186
49936 88509
81626 88016
83846 55648
86193 79153
65874 77416
70260 79673
50269 75922
98163 65094
72883 48475
57788 49405
89541 79756
93474 85150
53401 73743
74796 64062
49883 71571
93048 89055
88370 55734
92284 57302
58575 50562
47145 99198
65228 78727
48138 92815
51914 45761
66147 49781
53700 89276
54815 50948
60587 50859
44773 99023
94383 48721
62276 66459
89448 82474
61223 99023
71737 82816
46362 47868
82870 62759
63538 94067
53620 89650
64683 84471
69603 52610
48781 88275
78158 94311
60408 60389
48435 49507
60629 53847
62681 73443
76976 48387
85672 79002
46781 61550
85704 77858
69153 80085
87764 81884
95823 66161
66156 90309
71297 72211
3017 7665
6682 -14843
-617 13260
-2154 1022
7143 -3954
-2552 4162
-2710 -2696
4171 17548
1729 1513
-5071 -7072
-15253 2657
-6555 -8377
16019 -3350
-13748 1177
-98 10421
-10820 3617
-5898 -10850
637 -8257
3001 -2054
-2719 -4017
-1402 15204
-11475 8111
-8231 1092
-7487 7184
6266 -1883
-4590 12678
-4492 2328
-542 5624
18952 -12451
-7958 4286
12394 5285
-3089 -237
-10628 -6293
-5516 13530
-141 8492
9975 -7222
12546 -7087
-261 -3505
2359 9477
-6693 14223
-28 -2528
-19802 1435
-3822 319
-2949 2284
1681 -3203
398 15370
-4661 -1371
-5791 -6422
2871 -16330
8747 1569
5936 5241
