91 89 7002
81459 50921
74155 44608
93200 75730
79339 78376
54084 57204
60282 80101
74629 62331
90487 78199
62513 54559
64571 33407
44459 54668
64814 102137
45927 67819
77359 38714
55230 52818
73872 79969
66759 47701
39898 30354
32753 96100
83961 66695
51556 59952
79575 62224
75827 79694
67945 60609
47578 87079
59795 58104
96357 65088
86598 90800
77630 66168
44974 58046
80318 39116
86527 51625
77640 75496
104568 84947
23514 94407
74739 89607
76653 91623
71859 41229
40795 56748
75119 61436
63761 81862
66451 49761
56593 60869
77643 67281
54739 98885
91407 79561
58791 64685
46979 67900
76932 66191
99258 108058
46108 54642
64903 50964
87234 69006
57652 44853
85856 58291
50579 67546
24423 65168
109119 40475
52277 88560
92095 49481
105498 102911
93611 56069
57550 96476
63603 82933
77376 102106
45237 49207
86365 91996
79964 32980
37088 35051
46735 31545
84386 34421
69638 56717
67591 73264
102742 47394
69189 67981
51121 100478
49469 86069
75139 64394
66431 58553
99313 63738
79394 71641
41074 62619
94591 96585
45797 36499
101348 98679
74196 103940
78009 60011
50988 44157
90038 77506
68510 43448
65471 94255
83285 39865
78801 45457
91616 82151
73172 82362
49735 66235
69356 83419
65954 72959
83806 78675
68677 57719
62165 39911
52223 62633
73703 91639
49449 68458
82026 44421
47505 50778
70942 79033
54540 59462
37621 35008
33714 89147
87522 70498
58809 64296
79690 63452
77665 75576
70482 58178
48278 85470
66183 59189
96942 69402
91415 89971
73265 65851
40041 70596
80384 34073
98641 66107
73151 73573
99668 87298
35390 91769
56817 80787
87784 93256
74291 36625
36847 59981
72217 51200
63394 90245
69730 52637
44326 72998
63539 71278
53992 92285
96607 79390
63864 72503
41323 63197
73207 69759
92535 99024
54310 62355
61595 51012
82852 78347
63428 50956
89755 57596
59065 69212
34171 66822
99304 40900
55470 85908
84464 40422
98764 98644
89172 49410
65441 96292
55345 90374
76567 89825
39677 49430
95815 95175
86956 41146
38478 39048
36712 40284
80088 42301
77537 50365
77127 77207
91784 41945
70261 69461
41135 98550
57540 81643
72575 68344
83958 61110
96513 47807
80575 71762
46097 63073
84230 99844
53525 40354
95873 94726
75515 98606
74097 53463
59361 37900
95305 73527
71096 33974
60326 94220
-4664 13206
5639 -1150
-7167 5405
1509 -3083
-9363 16171
59 -14583
2027 -3290
3035 -1488
6748 -12965
-5488 -679
3492 -7013
7521 8150
4059 7819
-2611 7867
-11446 -1627
911 -3844
5885 1146
3388 1964
-413 -7788
973 -5709
-4147 3988
6110 -15
1878 -5718
5859 1391
-4653 -2679
5498 -2358
-1903 -2545
359 9300
-18178 -12745
-4359 4458
-4703 6003
5699 -8674
-10938 -7650
7808 2257
-234 -9249
-13154 10079
-5054 3196
67 1368
6633 -11487
4035 2792
-5473 3759
-11843 -1559
-13434 5468
259 -916
668 -92
-4823 7981
4381 -8571
-2695 7661
5646 -1132
-4651 -3966
-4184 -1584
51 6167
4212 -5804
9167 -1296
-13830 4612
-8086 -1441
2191 -9381
10459 -3550
1223 3949
-5885 -2883
-2882 -3298
-16083 6513
3542 1376
-5199 -8001
-2867 1920
2017 -5468
-5961 -8591
5282 -5974
2475 639
-8426 -4212
-14064 5666
2251 3509
6574 5794
4752 -1566
-5131 -3947
2064 -2225
-1758 -3130
12067 -3040
-2464 6059
-2047 -2940
-5896 7529
-1886 8701
-1158 11928
-3406 -6776
7885 14286
-7009 3251
690 -5033
2596 -1064
-3722 -1784
