45 79 8775
65362 49233
51891 59840
68966 62253
81353 75745
90308 62468
80065 72612
41444 72603
77642 37782
41209 79031
46627 53181
94716 39359
92898 72097
75251 53537
88024 83036
100792 24004
68805 60081
29967 82943
49443 81882
64664 100646
82506 48206
72038 54380
49559 99320
60626 33954
69958 91387
84003 99634
86660 47494
89303 70753
87085 92142
91604 31679
86108 46897
25641 89020
118206 57271
85154 52067
70817 102635
30184 75261
41038 84537
109280 49241
80964 33659
99999 93692
104890 21717
104334 45051
99388 87875
79407 87925
83591 46760
93752 99528
68743 41729
46302 42560
86228 51217
74654 73638
88625 55592
72991 83653
55519 75331
59682 40412
38752 89236
35891 54104
95573 47854
97770 87220
71377 53204
92908 79934
97583 32557
73184 57627
41964 82006
41715 92019
64989 94559
92107 37705
60818 40174
41740 98654
49185 48275
49932 88050
85548 89354
69939 43478
90370 83186
81416 88542
92218 30978
78510 55578
33178 99007
88370 54442
78661 45122
66729 86861
34030 73537
59248 81216
90273 47848
79075 34951
87905 76815
98054 35486
97633 37186
88798 72590
84923 93025
85761 48608
93865 94239
3101 -3919
-2500 14126
-20675 -202
-11028 -5816
-14842 2240
-19061 -12393
8758 -3496
11202 4879
8935 -21561
-6625 10189
-4735 14112
13528 -10892
-9531 -2155
1853 2697
4940 4725
4744 3192
-11137 22286
6203 13845
15617 6636
-5104 7985
-6057 -4597
-816 -960
-2262 8716
5612 -15744
-568 989
1976 -27
6355 -6187
-5438 1836
-4068 11694
-2643 4830
-2811 -11559
-7496 14576
-21165 349
95 -10508
-1261 88
1926 -3625
5343 -3262
-19146 -7305
-652 -7065
-3188 -19706
2057 3051
11796 -929
-3163 -15257
17306 5335
14383 -9091
-3150 7529
4056 -7565
5665 -1903
11521 -7032
-6654 12255
4186 -4249
22663 5710
1352 5231
-9672 2156
19431 4194
-1877 -10529
-4805 3991
-8141 -2947
-11473 -5988
2392 -4241
-14989 10820
-11651 -9299
4895 11161
7301 9029
-1155 -2120
5306 6578
-280 -6719
-4632 -23394
11328 710
18 16037
-5676 -11857
2461 -21200
7814 12284
-7834 -9901
-18250 4100
-528 2141
-14276 -1208
4050 5659
4757 -16848
