70 185 4546
59624 35231
52484 90258
62722 99536
41554 92054
75569 98990
65573 52456
52543 96328
53833 49773
48862 88878
100813 48367
91212 97819
40059 63308
43194 53238
51999 60572
62138 90080
30113 89391
94165 72172
78037 97612
81032 80935
74016 81212
92217 74740
84916 63273
55447 87452
60548 86450
86791 73609
89148 51529
98657 71390
69430 71047
91295 101984
66655 39254
96290 51721
88060 70602
68046 89586
45413 74672
60748 88392
72425 80938
89693 66878
92271 76227
87478 81798
63210 92977
77094 55481
84395 73201
79564 65923
85242 76677
57654 52130
76403 91880
59846 93596
46654 44612
76824 75320
82556 58022
66095 86795
57886 50287
60265 66153
65448 75203
49149 70939
97852 78809
85427 98885
85359 62389
93761 91686
80976 82608
67528 33913
62513 46767
64635 79934
58285 42719
69907 62137
81476 61144
42565 70157
40697 83552
63938 58476
86916 41639
64092 41169
54470 89490
66936 96602
43199 96128
80269 89104
68204 50045
53436 98946
62948 44628
47411 85968
99693 55141
93907 95221
44260 59052
41355 55189
49319 65185
61451 87668
40256 93939
96409 70614
77575 97703
77366 82677
72725 81307
96794 70287
81599 64681
57740 84624
61031 80324
89323 74982
88410 56534
94829 74093
68936 62050
88455 99807
72372 41701
99772 53475
84802 67927
58068 90513
45898 72223
59433 95291
66224 74650
87092 65210
94112 78702
80514 86382
69203 93986
83055 56168
88997 80901
74635 62790
89998 82314
66666 51247
76274 96435
50824 95367
49550 43114
83817 75227
77373 65084
72515 87599
65634 39778
54873 60788
74778 76990
39446 74954
93523 82227
82810 97767
88298 59432
96791 92841
86348 79047
70061 43573
62736 47244
66445 80232
56421 43694
65499 62549
84112 60408
46539 68389
38864 85309
57069 61770
92263 40132
-2655 4865
1786 -6761
3730 -1852
-3742 -2613
-1045 4172
-2593 -4745
-1682 7112
3816 -1299
3097 7156
111 -6550
-3861 -8487
-1192 -1428
-8060 -1110
-3311 8939
8277 -6177
447 -2769
-13483 18
7466 4807
-1411 -7051
3647 -3345
-3794 5332
1854 -2782
3307 4167
3665 2963
-4842 8231
-2160 3642
5086 2643
418 10085
6079 318
-7527 -6732
5661 7704
4901 -653
2430 -4333
7919 3511
-1243 3445
-5822 -5371
10054 1561
-6263 3973
4752 -3460
6026 3144
6562 -8475
-5926 1682
-6820 -3285
2751 7896
-9475 2669
-346 3817
8056 -7741
-11806 -7257
2474 722
485 -1444
-251 -3104
-5700 2730
-439 6726
-5600 572
-314 -1363
-3500 2052
-2718 8711
-1660 -7095
-939 -4692
-2117 6364
-4983 -1473
-4808 -1553
391 -6699
3367 4341
77 -3343
-3036 -5217
-2210 2444
4645 534
-3232 -6354
875 -3969
-46 -4897
3171 -5031
2602 493
399 -5759
-3281 3242
985 -2924
3960 -1659
-1738 -8433
-462 -10008
5 3674
1324 5309
6039 7504
-1248 -558
-871 -2425
-631 -6069
-11761 2871
4639 -1784
1723 24
-3386 -3266
6895 515
-5465 1489
-3177 -2305
-1775 -310
4773 -11340
9159 -5058
5514 -632
697 -3204
4335 -3849
-607 -3155
5624 2014
-11869 -2639
-744 -2624
-2935 7199
6524 5087
-9190 -5604
-6349 2106
-2594 -202
2453 -2283
500 -4393
13566 5632
-371 -3363
-6543 5401
-10918 -864
-3045 -4567
4252 -2308
3219 -1216
-1303 -9909
1184 2909
-6746 2738
-6832 3168
5085 -3575
-4313 -1042
-1824 670
-4219 -56
-211 98
-6864 9255
467 -4478
-724 -2965
-6626 -3167
5286 -5727
-9100 -2446
10696 -539
1548 -4149
10238 -5341
6591 3515
7141 -1383
-280 -3205
5334 4017
-2274 -10266
-5620 7789
-5100 -6237
435 -66
1483 3483
3020 -11006
4492 9578
384 -5832
3371 -8935
-7732 -369
-1918 -1381
370 2020
-973 2436
4946 3670
2768 3564
-925 2908
-1565 -7059
9395 11765
1785 2591
1691 -5434
4838 1504
7572 1041
-372 -2082
-5769 -4645
4700 6042
9173 7510
-2369 -2298
4508 208
-4354 628
7338 -2615
-2198 129
-1401 4886
-1147 -649
3098 -1473
2944 1109
-3571 4003
2094 -3019
-592 3746
2288 -2042
-11460 6490
-1009 -1590
-4530 9314
2875 -3551
6218 -5987
-4245 -1105
902 -6145
-4408 -990
