83 43 1750
59387 71018
38085 43418
82425 89694
39897 99762
51998 56695
26775 75960
24545 45283
34957 87587
45115 30258
88941 49492
96923 42960
89148 65863
25105 29446
29678 87411
95761 30228
32074 29750
32886 41800
24994 52070
43848 48062
82828 50408
85850 58116
48584 41609
75472 85778
81025 21312
63249 34359
45237 78494
47522 92072
79924 79293
95246 64172
51947 30806
94219 56935
52586 92952
33790 32324
78172 91138
65677 35510
32468 53748
81216 70406
90349 38450
25791 53399
94151 49606
31087 38183
33702 69467
80790 97800
74325 42701
99349 97374
62135 28579
91026 85967
43377 69088
41708 54196
83533 71443
81368 57966
76863 97490
59190 87955
92253 42023
25310 85540
93652 57282
26655 83178
64124 30824
35132 43426
89924 76991
38728 67946
57313 83047
68395 43080
62045 48738
91849 44380
38812 34689
83432 41483
73154 66412
79275 90383
40730 46928
56058 33031
65703 52256
65664 35951
56216 45915
97101 47985
35325 86085
87105 68785
39930 74024
68765 38222
59206 64454
65298 49402
83784 93932
87668 75337
61094 71430
37088 41166
84570 88944
39910 99812
55421 55934
28401 74300
25030 44423
33662 90165
46354 31688
90117 48534
96693 43151
91132 68203
27136 26887
30483 85580
90809 29261
31057 29386
33224 38225
27391 50167
41304 48225
82853 51007
83633 60367
49022 40422
76703 86280
80051 23092
61529 33219
45773 79158
45055 92324
81166 76582
94128 63471
51740 29339
95297 55867
54964 92789
34680 33420
76722 91658
61839 37334
32370 55432
81337 70101
90488 41404
24478 53635
93987 46456
29898 34891
35655 68669
77905 94901
72770 42933
98237 97285
63084 25599
91116 88729
43208 70199
44036 53311
82189 75184
81226 59974
78831 98780
57297 88554
94267 42882
25533 81621
94876 56582
29643 84162
64301 34139
33030 42576
87158 80029
36744 68452
55229 83137
69255 43607
61092 46793
93487 44809
39215 35138
85073 41329
76848 66691
77649 93125
41654 48019
58854 33905
65984 53125
61802 33167
60458 45836
95426 47553
37932 85016
84798 69501
39002 74161
70884 37400
58540 65656
65207 48068
85103 93730
86920 77610
2277 2846
208 -271
878 579
823 1292
-1323 -1626
2627 2128
350 542
-2636 -1517
-3513 -42
3863 95
-3126 -2455
-1953 488
-17 635
-2917 596
76 -1304
1388 -2590
-2773 -362
2821 645
3486 -1094
244 -422
2714 5080
-1337 2516
-2804 -753
2045 4670
1842 -1369
971 -1993
-2472 -1272
-501 915
-1192 -53
1439 2199
-875 1505
518 2048
-626 2588
23 -839
-3488 -701
-621 -2369
27 -976
-176 1153
-2437 3058
-2335 748
-574 -1635
-422 -2826
-39 -376
