96 55 3908
95258 64720
54771 61419
90618 79513
70080 78669
101955 82157
97862 49155
77269 61682
76865 88345
45166 85164
61170 53237
91628 78750
71325 52561
39078 93963
54548 66938
63125 45938
98709 72301
100725 84864
62171 96255
56773 47495
86410 44405
61422 72049
66624 86256
40670 63635
95791 95436
55458 86571
90443 60998
61364 35689
66647 48933
68129 73563
49421 44685
91476 97285
60462 60537
57228 80053
68779 53166
53108 43356
35835 49988
90154 63712
71959 89189
85942 88202
45246 70393
94138 64286
88327 62180
41774 99451
88239 47947
66576 94606
49036 39313
38708 79942
89991 101267
50642 50291
94317 62060
76398 54786
93902 95740
67749 78443
79564 88006
56403 44623
57993 43541
71063 45538
79617 30762
95107 59903
89296 55904
50959 89295
39023 78719
54458 65023
39345 66628
84536 89727
41189 44917
69742 61959
85201 75045
82565 86966
81479 54648
46340 63338
49669 72440
99673 97283
50335 44577
83388 65454
88367 84116
56801 54276
73802 95411
44185 66564
80791 44331
85360 69222
66936 76062
70417 91134
93265 87702
78107 66686
55311 56054
45804 86457
47715 49023
61911 37700
73769 98411
55403 47198
39115 40133
80282 44903
90861 44253
90899 56127
88823 57251
96970 59346
49609 62731
98267 78733
69175 77893
96271 84791
91040 53944
74116 58387
83164 86595
45131 81935
64846 53618
96793 76913
76728 55489
38898 96065
50311 63259
63363 45692
98645 68476
94457 89126
69241 95080
62890 43904
84324 43825
60205 71400
61696 89460
39425 64100
97746 96917
46134 87602
88285 62695
64392 39600
60921 43362
75630 72670
50406 49201
90076 90457
57645 64711
51240 80560
71726 47812
54119 39968
41764 54825
83966 62218
72807 88234
83222 86196
42631 64491
97501 64323
86926 68109
44724 97887
88501 40814
66138 92923
46226 39521
42695 79730
86957 98178
57354 55656
96415 61473
79154 51646
91366 91819
72580 78280
79522 94372
51844 46753
62620 48713
65911 57028
84573 41486
89584 58067
87208 48493
49041 85990
44172 77661
53261 73103
43440 70051
90379 91076
40949 38843
74994 58187
83662 75296
76253 89026
83466 57206
51344 67304
48695 72692
97295 95187
52084 47036
83673 68239
90531 84388
57456 53511
73279 91836
47808 66811
86468 38805
80614 71795
67117 76656
68112 94271
95736 83811
78841 68292
61868 57279
44922 83149
46689 46564
61422 41433
72828 96838
57552 44175
42304 42076
82905 45674
92647 40732
94808 56619
86999 54212
-1066 2189
4618 2037
-729 3358
-3026 -4404
3737 -2240
-4238 4520
1615 3110
-2884 -3736
-3753 -1187
-1837 -5777
-2798 3043
-10294 6400
3264 -251
-2518 -6576
-3687 -2516
-366 4938
-681 -2123
5985 8209
2661 1670
-6143 3182
-333 242
1131 -5245
2638 -2329
4504 -3022
-2404 -836
-2695 -5940
-5992 -2517
4338 5229
-6575 -1473
8208 -2524
3662 342
-2240 2549
-2850 3170
-2775 -1718
-1449 -342
-4095 -3619
-9064 -9776
-686 1487
5412 302
-4197 -4487
-4020 -7137
-89 -76
-1052 -2849
-3691 -1332
-1701 848
4438 1404
-1602 -4063
-976 -5334
-9343 -5581
1095 -4088
-6215 -480
3230 -1804
-5092 -1593
-6816 4219
4274 3113
