51 29 2257
48878 45967
40018 70958
32317 43649
58178 35743
33136 95123
33702 60436
17842 25303
68593 86489
25872 36441
43563 98846
77655 99100
71931 18810
45701 47178
63426 36832
71879 75905
21306 93338
51401 90979
51137 78690
45297 25902
36064 29646
33001 58566
33625 39906
78740 78390
56703 60874
52042 92971
42797 51011
35071 99481
34763 69405
52419 21193
40851 87296
77138 93563
76552 40229
27354 38171
33996 57837
78702 76862
91565 31060
48526 58750
48711 72911
79408 54151
37776 72040
95201 30433
79220 47453
41755 20930
72837 96887
46225 51043
90905 81620
70010 30640
36898 78475
33785 39964
36936 37028
53749 79546
50586 46824
39844 70414
34390 44339
61570 30612
36424 98467
36539 63768
22151 26542
65962 86076
26526 40747
43928 96977
77604 96182
72091 23525
42890 50179
59467 34644
66862 75843
23080 93770
49480 89035
54075 77906
48955 25276
36076 28870
31912 56404
35578 36423
80176 77222
59643 62893
52064 93624
40970 49886
35567 96184
32470 68698
50743 22200
37909 89427
72992 94518
78912 35304
30000 40111
28152 60563
81870 74190
93677 28369
48218 61317
49378 74299
76737 55384
37307 72590
91226 32359
77941 47494
45219 22593
74592 97710
38085 52813
88213 79857
70512 29335
38064 79417
33994 42835
37248 37876
54068 79736
-1094 -2016
1021 2674
-5135 1185
-1544 2946
3042 768
-2325 -250
132 -120
-5263 2766
600 -3465
-1648 -2237
-868 -730
-1806 2619
-1304 1263
-435 184
-1425 2768
-1726 1880
2380 1137
-1245 -4288
-3516 -3652
1489 942
1234 1452
2002 36
-797 -887
-353 -1965
36 3380
342 -320
-675 -393
-1584 -3866
1627 -3907
