67 54 9682
85641 102752
23789 42298
58592 43504
5308 66517
22517 70114
25907 85158
10214 61757
94836 55814
82018 6834
35785 98004
38777 31388
26574 79238
14085 35073
39708 94130
108487 100098
26163 39246
85140 84836
91694 82712
73805 73607
60840 55937
74611 25178
16421 34301
84369 86344
81770 74902
34581 23028
34014 34428
60097 59979
90193 99206
47544 25438
104608 102330
93509 10798
82631 21047
88206 93181
49289 91881
87300 57673
77976 9280
93621 81051
23 44679
1 52570
94935 21508
19836 51786
30850 50137
26562 72312
83990 71947
64523 18139
96009 10572
93839 39479
69673 62862
81402 30652
53589 106016
35350 82956
59163 96338
102267 115524
39126 113411
91149 82989
74310 77300
59336 31335
28125 100525
17390 56168
66165 47743
64208 70770
15608 33713
76426 61689
12968 37528
17907 96102
39318 84518
64986 860
72542 92710
27871 47832
46824 49670
21538 66311
28424 68439
24126 88504
11686 61810
84212 73211
89768 20440
46734 91076
45827 24031
30623 61665
11084 33940
34917 87614
90100 93610
22211 29742
93334 79114
88561 79326
84208 74554
77209 53229
68704 20607
14027 40162
84812 78571
82831 91466
32324 14516
29569 50057
60956 55234
90393 97696
36417 15610
99282 84322
97361 11109
84263 18490
91812 93086
30333 93271
66417 70422
66024 15349
93501 79167
13392 49444
13551 42646
85533 20015
23376 50261
44837 41408
22661 80369
85956 72872
68829 23433
95983 13112
85174 46401
87664 50903
73117 18739
48626 97502
44570 84348
61436 90421
97702 91434
44875 99063
67615 77973
77808 60286
73721 40101
19577 98995
14531 24168
79165 55811
72606 74411
11301 32034
83903 62196
11443 28717
14686 97398
46520 68778
64940 20280
1186 4637
4735 12140
4872 -663
22933 11782
4405 17
-3828 -126
34 21498
-1988 5493
-14944 5152
-8621 -2135
1463 -9112
-1617 8569
-2111 1542
-9767 7548
5723 22425
-16503 5622
-18711 -12378
13882 -11123
-6213 -7253
2439 -10781
-5801 -4101
-143 1106
-15612 -4078
-7555 -4563
-9435 -11239
-1354 -10191
-17641 19527
-17978 27268
7640 3793
-3770 1379
9712 19370
-7951 -7113
-8027 -4659
5740 16043
-18697 -11749
3987 -4405
10022 15361
-13470 255
2466 -454
-4587 -3731
12202 1320
-9367 -6985
-302 2926
-20246 -1482
14634 10912
15196 -14777
-7322 -17585
3277 -383
9305 2634
-6116 7394
25829 11129
-6816 11406
3439 2830
330 15137
