47 52 3170
68365 53747
94049 90280
68000 44765
73091 68062
65221 52219
89914 99035
89505 49664
88633 85585
43024 54406
46988 57571
91027 71477
70900 48121
61861 36254
94905 35925
71622 37470
93093 69650
63595 49280
31438 102024
73909 91111
100995 34112
83762 64582
85434 93431
48128 64579
95275 89903
58181 66784
102489 74852
86687 96280
86104 44860
58492 96342
69444 71656
33159 43354
60500 65119
68274 67528
68091 92822
74899 76767
38522 64089
40090 55866
72623 80994
47498 47279
87142 65853
42937 91439
59724 76928
55463 59952
39312 90774
40909 49253
66309 38521
53109 89500
58266 53201
94818 92373
69735 44913
73157 67960
62160 50416
85559 98201
92336 49552
81289 83453
44791 58303
46055 58948
90345 70874
70451 53958
63054 41169
93414 34885
69463 40915
89063 74533
68272 44926
33692 98811
73270 90709
96096 38872
83440 59718
88322 94440
51078 60675
90882 94146
52310 68903
99365 75641
84308 94828
89975 47139
59275 96933
71864 72700
38461 44403
65212 62323
66472 67196
72681 95826
75487 78936
35247 59919
41182 54865
66544 80000
46859 49659
89361 69512
48703 92715
61636 75781
56443 60820
37050 86028
38897 46845
68513 35300
49356 88760
-84 1238
-1108 1318
5971 2149
-1551 -1916
214 3018
1412 -3048
-654 2525
-5470 -864
-1573 3008
-1272 2854
167 -3030
-448 5165
-1159 -1621
4644 -2534
-1612 -55
-6436 -173
-1769 2079
260 2547
890 -322
1497 -2077
3124 -999
-1405 4890
4795 -5829
5630 -2400
8897 -1374
-685 -68
-1259 3031
1823 1737
-213 2339
1585 3994
59 -943
3362 32
6747 1456
3057 4514
-2721 374
1424 -2063
-722 -2334
3968 27
-1098 618
4259 -1551
-3988 1959
-3307 -715
-1775 -675
-2605 -1648
-3609 -4111
809 736
3178 -2368
-4271 -3551
4095 -944
1449 -1691
42 -1008
-4336 54
