59 43 5576
77879 55016
77710 56225
96237 40909
46843 43998
34613 94832
69604 84208
84225 66933
94808 81947
106076 59508
75995 72638
74942 84900
91629 91586
77444 78489
55330 64563
63417 72778
60688 90507
56091 79296
50164 69807
53983 81070
90941 94323
67717 48661
91587 60060
49316 42695
45885 99874
92158 94352
84951 56932
74839 68771
42354 91262
83172 58950
79882 59587
64904 80162
100224 79397
56420 54445
74129 80774
48517 81952
64006 49224
88229 53317
55447 52848
48709 58879
62372 100872
96804 48668
49935 58008
62945 71039
72181 77813
65479 58071
94226 59508
69830 51820
59439 66983
45987 66923
58912 101008
102152 40872
42480 64419
90669 47801
44365 75374
57769 40509
95856 51353
73803 44672
85740 84912
92894 55623
76707 46103
84983 49797
91579 43888
49733 47567
44670 98544
66033 83818
72180 61265
93245 87060
96618 66221
71469 76535
87507 82624
81799 96495
80605 74319
65170 71275
60031 77408
59444 82252
56764 74871
52480 84009
53302 85286
90728 91569
63959 43988
93864 62661
53308 51769
53640 96758
88867 98715
96459 50834
81339 68985
46865 94066
81632 66064
82229 61227
52478 83665
98309 85541
61608 45214
70926 73505
50849 81780
57433 52446
82990 63555
53859 52728
45229 59604
59650 97470
89922 49843
43451 65311
62003 63862
81431 86775
68445 57243
98119 63684
72541 48361
53754 76057
47134 72853
62837 97348
95610 45229
47310 59007
92487 60653
49950 71312
57045 43717
97299 52724
78156 48127
78197 82444
93330 50445
9042 2109
-275 4278
-14248 6307
-2542 -39
701 2600
6052 -1713
512 -11604
8255 -10397
-4258 -5106
-504 2341
-1685 -2518
3781 1643
-4110 -6748
6893 1859
1536 -742
902 1310
-4853 -1365
-7101 -3009
-5198 6428
-5843 4754
-826 -619
3559 -1753
3775 3837
-10287 -5157
-741 -1139
2894 -2663
-5764 -2153
-5707 4095
5895 -13391
-2976 1497
-537 1098
-8772 -221
-473 -4119
6078 -1636
5463 8475
-3115 2031
3451 -1934
-3575 -1043
3498 4250
-9574 3177
2375 -164
-2896 -1471
10826 2905
