96 78 3382
64438 27855
28505 36198
98195 23547
20590 76778
41473 52617
32694 97044
20879 89698
77296 14326
62511 89865
67596 65614
99158 97477
50905 77355
86902 41029
87642 71610
71943 29655
48700 27147
51911 45397
77046 37991
46371 87120
71149 44838
28797 101927
94426 23181
70196 90748
57743 30769
97005 44875
44620 71796
39578 31322
78783 47979
47079 48135
73012 99293
27307 43217
78325 73961
81409 36217
43731 98659
80828 65420
94349 19006
91698 22148
43309 92587
14788 72056
57766 32475
18931 44406
64125 19789
102938 40393
46228 81193
99099 66672
80934 53600
31259 59719
32073 49065
73593 77379
54609 63883
54274 62064
72205 36956
95921 86039
43362 47389
85463 62190
37738 77855
19777 91894
68632 81080
87125 49448
53426 71031
37271 20971
18471 53004
30634 26509
22755 95394
43158 56287
21034 15546
88484 94057
16369 90580
39694 95882
81899 22716
56921 24292
43592 27174
83756 29509
74238 69679
71128 95705
35547 40766
91258 84767
72157 48481
52223 78638
78485 89117
84207 46264
65339 96570
88741 46793
81600 20107
92286 51842
92741 40225
95081 58168
54488 37668
72789 76719
84191 8661
64704 34168
52876 24292
13675 59600
84161 58596
41163 38577
23662 69509
68115 25741
32515 29545
93454 23847
18129 75025
41119 55756
26717 94254
21564 90498
83146 20210
64661 86367
73928 64734
93367 95767
50077 86752
90299 40957
91042 73286
67929 29117
47914 26632
51692 46281
72912 30661
42129 91482
66552 47303
30448 95776
93031 22515
66538 88568
48946 36267
92304 43045
38594 68671
41525 32401
77659 52224
47545 47014
71467 90591
29317 45291
76885 73434
84675 35522
40528 96436
78120 64325
93342 19010
94437 21187
45238 89239
17278 68108
58926 30683
25673 41027
64274 21780
99075 40265
42912 80818
99810 63501
79216 49999
29174 59947
35203 47725
74097 74299
47448 61003
53363 67638
71783 31089
96655 87518
42169 47085
80389 63716
35796 79678
21735 98739
67740 82273
93730 46264
55359 80436
33798 17575
20007 45952
26033 20007
22523 93336
44320 57519
20677 17396
90588 97148
16195 89081
37673 92986
81646 18105
55345 25610
46400 33199
88077 33201
72388 64770
69769 93594
32707 39167
86586 81795
69836 51208
55417 74669
76284 98064
86199 47946
65496 92748
89357 45501
80540 18203
91935 50661
95599 39257
92800 57635
54247 37563
73368 75300
83277 20524
63970 31114
55015 27708
15868 60541
82745 55113
31599 33419
25720 80256
-224 4504
1519 74
-5107 -2124
7084 4453
561 5637
-2367 2564
1545 6567
-1162 1834
3280 33
-4943 5162
2912 674
-4432 -6144
1247 1320
-3550 -96
583 4769
-6234 -2598
5924 -4056
589 -673
3537 106
1187 808
2745 -2356
1512 -671
-2166 -428
1900 6722
-3830 -2967
1156 5385
-2323 -3260
-4904 1200
150 -598
2962 -417
3844 -4916
-3918 -3960
6999 1388
-6587 5162
2256 -4947
2782 1439
-3360 -37
-6111 5480
1410 -4511
1949 -1789
-5291 3950
-342 4436
-1582 -406
885 2062
4090 767
1669 -4155
-50 1896
3569 871
-1 1888
-2617 5120
-530 -178
6184 2374
-5592 -23
521 -2369
-1235 -3754
-4787 -1748
6032 -5490
1419 -790
710 891
-5871 -1795
-1551 4342
1250 -1937
-4406 -3668
-1772 2497
1784 1772
-877 4055
3345 487
-1562 4448
-1591 -3375
-1401 -4886
2709 -3311
2402 339
913 -1781
-3265 -6387
-2269 792
903 1179
-1169 5177
-4321 370
