98 344 2595
69234 93025
48978 62669
45140 68685
82732 59577
81485 53632
85712 104231
57502 98209
70123 47708
59779 98801
67611 87977
93754 35966
92249 59700
55790 39896
68445 37736
77044 45170
62433 61909
62492 82009
38784 40340
53621 35725
79705 77721
92254 87750
48335 35778
83006 70270
48275 94612
70013 98007
90167 93263
69523 62080
74264 91640
49454 61473
45802 94274
81696 46635
93917 61960
79371 100067
82080 55005
49194 65788
49876 78934
89497 75935
47371 43590
58816 81893
49585 78651
37566 49147
51467 80845
73853 61460
47808 101279
80708 90205
37502 79371
86597 63639
83631 71167
73646 54608
62962 85715
80838 59516
39924 97836
75946 52571
66042 46518
96908 89582
74137 40186
77874 74290
93536 71255
72491 56902
85067 65385
34544 99564
96635 90446
39226 93383
85783 70038
68680 72978
49689 87557
36074 67858
75806 41753
83233 93978
91216 86089
43253 85865
45255 90846
79307 65698
71098 91113
73482 69387
69252 81540
87340 47898
68349 50064
89432 84747
52800 93253
49123 83769
70035 41469
54302 54503
74626 90698
85616 64332
82713 89872
41251 50713
71054 84109
52046 74705
51784 71027
93011 94155
92908 90569
67422 64542
77107 58363
70307 82167
71890 41018
41653 51006
57329 79931
69603 95135
47033 62569
51461 68297
81272 64585
85786 52787
83615 97029
50743 95750
70638 48533
60539 96256
68460 88070
93735 38701
92836 60210
56526 38130
70805 38348
78299 41883
65777 60283
59960 86205
39022 42542
54096 38513
81420 75080
97560 84967
48716 38587
78520 67670
51989 95681
68121 98917
87410 96860
67958 63122
75410 90144
44330 61146
44112 94840
82784 49468
93216 60087
76408 99675
79995 49830
43682 68067
50248 74121
89736 79090
44532 41998
58134 77240
45323 79278
38407 44195
55366 83749
75981 59176
47097 98411
79386 93979
38122 81441
85673 59046
84364 77613
71050 58339
61910 84323
83176 61180
39164 95327
73266 52980
66926 44820
93728 87148
75112 40024
78161 77699
94029 77018
74546 57910
81538 64493
38169 98500
98943 93224
39648 93746
84002 68480
67686 75947
53352 85619
38265 64987
74798 43959
79984 93437
90667 84508
44159 89544
45685 90367
84602 64050
74558 87379
71225 67284
69173 85461
86377 49825
71417 49291
84307 81684
52355 91797
48489 79891
74437 45592
52318 54755
68944 94454
88467 66205
80594 92794
38286 50376
68299 85879
49441 74956
54090 72970
93584 90353
93450 93225
67081 62228
77032 62206
71555 83393
66948 38996
38267 52177
59362 78472
-889 662
-4644 3324
2537 1493
-85 -3471
-5559 -1031
2011 291
864 -2899
208 -1567
3425 -233
2868 2639
2287 -571
2862 1690
-1805 -3028
-1255 1930
1595 625
-462 -1910
1604 1704
-344 1230
2447 -1810
-393 -3134
1290 2463
-188 3306
2974 2468
1878 -2672
1458 -3612
5792 194
6106 168
1527 2944
614 5061
4514 -1253
-308 -238
2325 -140
-1035 428
-1234 -2487
-7433 -2787
-2257 -4346
-1118 895
1293 -2953
362 -7532
-1654 -4828
-2963 862
2274 17
3074 -345
379 -1480
-695 -585
828 -3169
1233 -352
2140 1688
-640 -2608
2495 912
-3346 -3069
3178 1098
-2598 -3348
-2101 2288
-3643 -2791
-212 2410
-491 -1226
2039 1274
1678 -3714
255 -3645
-610 -613
-547 -1661
2308 -4054
2100 -2214
-3417 3418
-165 -1359
-762 503
-3040 -99
144 1262
1107 4631
3409 -622
-1476 865
387 473
828 5268
3026 -4083
-555 4188
-621 -401
6059 -2223
-6046 -5657
-1851 -1931
5422 4688
349 -3412
6219 2297
1694 -2886
-293 -1237
-1935 -1706
810 1297
-2754 -1281
-1519 568
1757 4684
-2182 -1823
-64 -1221
-1571 -1345
-2261 -2027
2058 -263
1552 1275
-4274 -1268
-1973 -1508
2072 -2263
-1264 2242
-3027 -3095
2787 -3442
234 -1684
-590 -1927
2443 708
-2568 1959
-2768 -728
1371 -3081
-777 -98
3087 1683
-356 -2008
-1591 2911
-1376 -2446
-464 -3156
-519 3502
-1527 1127
150 3890
1139 -1117
-2495 2559
-432 1529
-1350 1508
2116 -2766
-2879 528
-3772 2576
580 -2153
155 -2780
986 1652
2497 -1364
2173 -3989
1058 -3386
-2255 -1974
5175 -84
-3195 -1111
1721 1647
-161 -2852
-615 -3464
-725 161
784 4285
-2446 1292
3415 666
-196 -3423
1857 903
1679 1307
172 6142
2403 -2969
-2963 2788
-4072 1818
-5005 1548
-1680 283
1755 -2507
161 2484
-2375 3901
-2272 202
78 2547
1493 -4192
3629 -5446
1045 -503
-6614 1228
-1418 -4867
2582 1453
2312 1379
-1186 -4383
-302 -2090
-1293 -3311
-5019 -1505
-4717 311
-267 -733
-3002 73
-2038 -698
3395 -4249
-4267 -2001
8877 1017
1084 -6044
1656 1595
1826 3139
-3222 932
-106 -555
-3390 491
-1442 -348
-1644 4426
-2883 844
-165 -5543
255 2847
4213 1068
1582 -3
-1218 2389
-445 973
-1233 70
393 1746
2769 1124
2807 -1858
568 2440
-4012 -135
2604 -2912
3478 4609
-146 -5283
1497 -2374
-195 -1559
-868 -6248
875 -5591
3618 376
1728 2651
278 3012
-1129 -1074
-3434 -630
-3019 -141
-1425 -902
2792 -2300
302 3161
-6229 200
-1996 -2623
-4341 -5664
2813 1452
1986 4332
-758 -1138
-2766 3091
-3891 920
-440 1067
537 -4621
-173 221
-83 2420
-4713 2768
4551 -2060
-1504 879
-576 840
3062 662
-4308 1127
-257 4714
-3612 2388
273 -353
4710 -4214
373 4270
431 312
2406 -821
4510 -195
-18 -97
-2724 4750
1812 -180
1672 1157
-4502 3101
-8358 1632
1588 -1148
3957 -1575
710 1651
-1448 -893
575 -1818
-2843 -3685
3209 67
3115 3098
867 1161
1536 -621
-1072 -2263
129 -1035
-6585 -420
-356 -1263
-328 3095
979 980
2317 3093
365 -5049
-3378 -2198
3112 2656
-4598 -1016
5311 327
3958 -3139
-185 1731
500 -1658
2739 -1874
2681 -1247
-2963 137
-66 -1172
51 -4351
1723 1200
3535 273
195 5516
1978 202
-6679 1634
-1790 2634
2615 3339
4786 405
745 1999
3611 1363
-4228 -287
4973 190
1864 3635
1123 3009
551 -1135
-1544 4508
1051 -4893
97 -2503
2292 -2083
-9186 -560
2425 -3017
-3375 483
354 853
1963 -404
213 -1877
5963 2651
-2058 -592
-2148 -169
-1352 -1647
491 538
109 133
-983 -2651
2417 -1723
2010 2324
650 -2391
710 -1485
-897 -2239
404 -1545
1695 646
-628 -5063
637 -2548
-243 -331
4123 -141
896 4869
-121 -2843
2909 -3566
3429 238
1539 -3583
-2482 1287
2636 4753
1590 644
-278 1035
2578 5818
-1122 -2171
-2110 -1431
416 1569
-1425 -918
4449 -3130
-1488 -4071
-215 2722
-3395 -867
-3272 -76
256 172
-1393 -2875
-234 -1186
650 826
1000 -2830
-4916 -2752
-455 -249
-1870 -2655
-3057 3217
1581 160
2726 -1851
