59 38 5890
18687 29401
24533 60742
90039 63512
97493 30256
86076 83407
18514 21686
24850 44390
20713 31669
16612 47546
82769 83302
28100 58304
54683 56839
36861 18479
54476 30887
81982 45916
59050 35549
86878 76486
68569 28745
54451 82230
34461 56278
57645 10210
62766 100867
22645 86505
62938 61378
69081 57820
40509 24460
40140 89522
46754 89028
35662 54707
82000 67697
84348 70072
75087 89487
27938 24283
107269 71986
17672 43362
24661 2234
91780 25797
56028 64230
61325 10122
67693 81676
54845 57463
60630 45884
49641 81970
62317 64187
83371 48005
36078 60084
57491 20823
56214 80010
102227 35212
71947 49172
32025 35560
61239 115321
58977 45399
87451 51146
98231 93839
80517 59284
22415 40731
91750 85616
93629 46098
16551 28572
22361 63356
97307 59030
95746 32430
78329 91246
18043 16036
24135 34702
21369 42940
19837 54440
87294 83559
36531 58243
51003 57687
39483 20913
52424 37705
80949 57337
54108 44096
86430 78333
73203 23519
40470 90803
28340 59072
53094 13550
72360 90925
23316 92597
65339 63620
71522 50256
34185 19208
38135 81289
39275 90840
36759 47084
74613 72842
83488 60251
59418 86742
24688 27561
98517 67949
13074 47746
15966 18390
89663 24634
60279 69186
60288 13782
60087 81444
48401 52005
54884 54009
44301 68979
51097 59382
99664 43131
31297 65678
55007 25917
54885 79549
99610 33645
67597 47718
28198 39650
70522 99388
57724 45593
93040 40088
89788 94040
75338 69346
25337 50587
98311 79141
95530 49980
-2132 -3426
3408 -1619
4976 -8847
1466 9727
-6659 9803
-3126 4315
5547 1712
-10742 7458
-567 6292
4063 4886
1710 -9280
3333 1435
-3061 7094
-1649 -2766
-2760 6488
-1042 -5443
-1315 11338
4727 -5634
5393 598
-6085 935
2924 459
7562 3067
-5178 -4928
-4921 -13193
-678 -3455
-23 -3880
1841 -1807
1863 10597
11855 -3117
6511 5372
1781 -6018
-1532 4406
-1514 -4770
7288 -5093
169 2624
8424 -3141
-4679 -512
4081 -6453
