61 147 2301
46207 34192
76125 103503
37396 100904
58118 80722
74335 23723
57033 45907
77320 41939
43948 49228
48484 92909
77887 71444
85277 90155
95908 88372
78947 44106
100244 67387
50828 56136
63805 73772
47422 99989
65386 42767
96954 94340
27782 65680
90036 89907
40451 25511
95742 51700
72505 50056
30258 25727
47553 89610
92559 25934
54020 50977
41135 63026
94878 29376
56300 88307
59125 40540
75115 80306
51225 86800
90895 90981
72219 78339
75871 34626
76908 72860
50706 70071
37731 80685
41954 70745
21611 34833
46505 93788
80215 47869
94180 87563
47527 74480
69173 84375
79212 61309
37183 87238
36430 59556
54163 61670
80573 45153
88525 73483
24088 42230
44968 58149
31866 55684
85692 94932
80336 56036
24932 95227
59734 69063
38800 102513
45478 36548
76767 99828
37754 98277
55315 80899
73900 27918
54609 50863
80093 42805
48631 49775
47112 95044
80143 72607
85687 89694
95369 88705
79305 45514
94870 70227
54242 55998
62827 74284
51440 99808
64638 40867
95128 92495
27703 67529
89499 91461
43217 24577
95333 52418
70313 52485
32858 28679
47035 91006
94821 24776
52549 53274
41974 64106
98111 31300
54766 86647
55510 41354
76797 78796
51823 82139
87857 91077
72781 78354
73510 40329
79282 69554
50300 71312
41172 81132
40364 70733
25134 31965
46414 97060
81535 47738
96822 86363
45827 78410
70119 80380
81205 56561
38702 88805
39858 62353
54485 64029
80212 42275
92568 74706
26133 42018
45127 58935
29375 52288
85993 88036
85783 58741
27099 92710
59702 70874
40161 98974
-2825 -1740
-611 2910
-177 4457
-2546 2071
-3751 -131
416 -2063
-2699 1027
-764 1590
-48 1673
205 1278
995 -494
-4073 1224
-3854 -2752
-1722 -2787
-1293 -683
-2675 1783
2583 -1507
4815 335
281 -2341
-2128 -3170
2815 -2546
2900 733
221 -4171
-1604 -153
3944 -5364
5651 -1468
2728 3837
1261 2931
-3562 1764
1460 -3335
881 -104
-967 355
429 -2992
126 -431
-1390 -613
3750 3478
1067 -2276
-1676 -283
3312 -1841
40 -1661
-535 20
-3691 -686
-402 -3972
3073 1242
944 648
1271 2541
2023 -1172
1532 -479
-3378 2833
-1403 -2658
-2140 -2643
1205 -4830
1597 -4513
420 808
-897 -2847
-1005 -371
1647 2647
-265 1755
-808 739
-2195 -826
2234 1673
-1479 -156
-182 4555
-3465 -2066
2541 4121
-417 -2406
3284 253
3301 905
3573 23
4114 -2074
-1030 785
-37 2346
4201 4273
-2468 -2600
4517 4210
495 -825
-1958 -2019
556 -3191
82 1628
-923 402
2171 2482
-3825 1953
1601 -609
1713 -234
938 4740
2036 716
-954 -3197
-132 1571
-1630 3096
-4364 3459
5990 -811
-638 -1278
2040 75
2884 -2590
4223 -1209
399 -3043
1332 1474
2383 813
-2752 -31
1180 919
-2738 1618
-7 -2395
-4427 7
-1943 -3652
765 1298
-139 -3749
193 1027
-188 -3198
676 564
1468 310
1025 -4185
309 -60
417 -841
1219 -5148
-709 1638
2905 589
1301 1378
652 -624
3554 -2084
-5699 -3533
-2516 -321
4608 -23
1685 824
-421 -2019
4855 2402
1839 -801
4343 2611
945 761
1194 2205
-1115 -251
1108 94
-3017 165
-394 6052
-1931 2160
1418 -1803
761 -4035
1248 -695
2075 2850
2334 -500
3325 3000
-1324 -401
-2060 -1030
-2622 -192
2867 -439
-4809 -1860
3342 1350
2092 2838
