87 67 1689
46501 87325
56494 64431
73100 74876
55196 96791
56627 88137
76520 81804
70977 85476
89965 43989
48683 99069
69378 84318
65693 79015
56137 39943
41816 48462
57998 79518
94566 92916
48805 89339
55560 81140
45491 58340
92545 65386
49011 51177
53070 67565
93224 49939
86158 92391
61290 47134
76118 73264
75959 76944
48019 92342
100228 49778
61479 67149
46861 96120
81168 97149
46610 95024
42554 69802
77630 66296
62690 48536
69203 56182
46082 79211
78547 56091
83045 92032
47095 74895
63483 78191
96619 36110
69215 85627
81125 64952
92727 88870
96945 50506
54779 71961
80215 76820
80319 85988
96654 59513
67832 70590
61987 73532
43252 89346
43042 73519
91702 39633
72076 85510
50346 61410
51244 79398
49407 94645
86556 88059
56491 85892
49791 89154
89623 79234
92705 74090
100170 70263
45064 90399
68931 89639
61768 61979
59209 90199
89091 88265
71745 45689
76363 52813
76563 66649
74356 89512
55501 90133
48782 98882
37415 78696
58443 37636
57266 91119
89320 97476
86243 41970
56605 68899
85197 60962
52084 72316
43652 83987
57528 98109
69503 86829
49247 86427
55069 64203
69148 77632
56686 98028
57037 90317
77094 84262
69372 81846
92642 45324
48063 99449
70993 82619
64378 79168
55215 41767
41154 45527
56953 78012
93374 94406
48932 90065
59441 82313
43703 57974
92164 63268
48878 52595
51132 66644
94746 50694
86840 93832
62009 45168
76544 72023
77044 77464
46363 90867
99673 46713
60990 65331
49153 94352
81212 95281
47116 95965
43599 71087
79700 66107
61573 45533
69465 53694
47160 75935
76881 58891
82592 90477
45424 76258
64499 75452
96539 37959
69879 87841
82893 66592
93157 88857
97495 53219
56202 71320
80634 76623
79623 87492
96199 59837
68432 72552
59962 71348
42701 89512
45674 76367
95719 39861
70505 86071
50461 60732
54595 78914
49428 95621
89225 89383
56890 86493
48758 84296
87871 78327
91567 74001
99644 70357
46039 89990
66785 90164
63747 60052
58956 90065
89672 85402
71959 48706
74503 51375
76503 69910
73947 89683
55648 91382
50532 95517
37801 80733
54753 37311
59789 92149
89784 98656
86724 42551
55746 68560
86221 61682
52327 68121
45275 85876
58449 98469
71506 82384
-42 321
48 -2775
-662 -1364
-1931 -2621
-724 3825
615 2840
221 933
-983 3300
258 455
3484 -462
-2903 1838
-1403 1919
-2693 629
-1054 -1926
111 180
-968 -596
1858 1506
1440 1412
-1825 -1159
-325 2096
-165 1651
-354 1427
918 2007
1399 126
28 865
-315 1661
-2535 -425
1057 822
834 249
730 1548
890 -1139
-612 -493
1062 -834
-399 -2686
555 -1303
-2823 3254
-924 1998
-2193 146
-359 3129
2459 -3378
1447 1924
-923 602
431 -269
-391 -942
-995 -871
882 3911
-1062 1743
-802 1510
-200 5477
-1885 -1875
-1859 -4286
1807 -653
-2261 1559
-769 -1562
-910 2480
-348 1362
-1541 1231
-1351 1782
3022 -826
-654 1703
-2639 880
-2868 48
-1250 151
-1403 1195
1710 906
497 1499
-2089 440
