34 27 1017
54828 82560
47091 72369
31556 33203
67734 76624
96189 94944
42787 68926
29125 74337
57947 91839
61573 33808
59542 73187
36533 36916
59682 81855
40374 96636
40710 76437
43479 56212
39273 62920
96949 94505
96783 65609
80295 35246
31961 42472
26597 89281
69467 29108
70117 59136
17207 74480
55241 62004
50341 87823
48540 36363
35175 46684
95470 79604
43678 57781
94229 98539
55411 35994
38979 29514
28895 21815
54717 80127
48209 72733
30417 34127
67737 76636
95486 95681
43666 70371
29103 74296
57936 91758
61489 34396
58718 73786
34289 36361
58556 80886
42112 95907
41850 75996
41374 55252
38257 63876
97963 95432
98037 65271
81091 34820
31647 44076
25346 90126
68951 29502
71144 58877
18935 72877
54101 63156
50866 87887
47254 37319
35441 49842
97569 80686
43403 56861
94934 98246
55590 36272
38323 29050
28240 22953
830 235
316 1251
261 -1242
-1480 115
-603 832
1667 -812
470 -1218
902 -1072
11 -676
978 -1728
1424 967
1573 1142
-292 616
1078 534
-206 -486
-80 525
715 783
443 520
-2222 -1245
-1261 -402
-851 251
426 1429
708 90
-1249 782
-430 2212
-268 -1088
168 -1796
