73 45 2753
65403 82161
79791 79542
60599 56519
80130 93880
81781 37191
54831 86387
34024 44053
25657 93285
66190 70277
94237 41953
38876 78253
47235 29733
55596 46362
85054 47351
85968 44118
81400 72963
68531 69100
66299 77296
46224 40377
34873 46409
96800 96155
57792 80119
72364 71345
58356 79070
98962 60036
91556 48971
78582 92324
80336 82281
35751 59616
52022 78566
71469 71166
35814 41142
42869 77798
43258 100383
50150 87242
50435 103480
91914 46480
31506 86162
97787 66555
36700 50134
47147 40930
51537 45031
53481 43718
92179 82446
100323 36937
55356 61908
84823 77197
74199 74845
74325 59451
48397 81390
39324 41899
37979 44166
61195 72738
75346 95895
70384 96412
82007 64943
75480 86883
41392 70588
99245 90078
58967 60537
53017 81398
48939 84434
92903 75576
44197 68935
77735 47280
82069 83413
93365 44266
43874 78348
87679 87208
95788 44435
44036 67002
89431 85072
75825 76699
63856 86315
86039 81215
57932 59670
81841 93466
76851 38521
58304 87281
35857 47511
34234 93458
66936 71210
86686 37036
42302 77241
42681 34806
56869 44568
85292 45937
86722 45605
82470 72455
69796 66910
67101 74357
49325 36724
39401 39619
97192 98716
57705 85194
75084 72430
57256 81919
94313 62978
90182 50561
78506 92102
80247 80661
35799 57072
52790 82334
75623 69224
38530 43264
44774 76416
45985 98857
52738 82828
45454 98942
96774 45400
35684 89359
94686 63879
40955 53022
48585 39341
51758 46869
52183 44709
92376 82760
99349 34587
53508 62667
87850 74330
73086 70870
74723 65863
52270 79021
42509 40854
35829 49071
57407 70840
70350 96289
67039 97974
81872 64168
78736 86429
42760 72488
95996 94185
57059 57137
51384 80168
47184 85496
92120 76537
47980 68931
78070 50101
84098 81831
96272 41527
41169 77885
83976 87861
97064 43066
42417 67877
90578 82406
77217 76161
-1189 363
-5662 -3994
-82 -1377
1258 3620
-4107 2161
-6417 3727
-2524 -379
-3363 869
1231 -227
-4306 2537
4742 198
-722 2064
-4183 -403
-2842 1416
1443 -1942
-169 -504
-360 -3222
2706 3513
3076 -1075
517 -1614
1178 18
1424 949
1374 -3626
1221 -1071
4256 4495
-1125 46
2895 -1039
4200 -5051
473 536
2103 1092
4356 972
2261 1888
-371 -1969
-2050 2626
-500 1542
-2664 -1185
-1321 3210
5967 15
-3380 -10152
51 4847
-990 1863
-4810 -2296
-555 1823
3847 1668
1107 2694
