81 76 1136
46523 71337
96659 98488
85562 82643
81189 78947
59377 87674
91235 70063
92448 79083
71578 66150
94799 64739
61332 55827
88787 53862
84990 83111
87817 52443
71653 48594
59828 81176
55823 56108
85886 56459
48617 74834
70258 86247
68393 90993
87294 85451
74407 79404
97764 74333
71728 51095
84675 75824
97857 76100
61617 95849
72293 82679
97160 53725
56600 56637
81011 65150
75619 56311
63325 88131
93996 93132
96519 52804
44968 88352
72601 78099
96353 56054
62923 69394
74447 85596
96958 94036
53890 76542
82369 57471
50955 66764
59679 80438
87341 96285
66577 51494
82162 86024
86240 80759
87523 92114
82524 56127
83110 72923
80441 48796
77393 65200
51771 73948
87686 88207
99044 86872
65882 49315
58718 67106
71810 75785
60677 72573
92638 77266
59987 58756
89999 51753
71769 93702
52852 48321
45264 91417
82056 50026
68352 96682
64314 65280
45826 88821
68586 47229
78237 65499
69747 58026
93348 92358
48319 76256
92285 98354
97122 57454
84760 57863
70293 98268
75003 52091
46419 71378
94694 97889
84046 80131
80878 77367
60260 85922
91629 70722
91309 74827
71896 65685
94028 63934
61199 56039
89018 54916
84076 82972
88524 52219
73651 50210
61199 81656
54817 56303
84221 55650
48572 78646
71464 85096
68229 91070
86255 86681
73859 78983
98096 74926
71578 52134
86918 75322
95627 78446
63423 97357
73833 79934
98086 53324
55320 56278
80745 66463
76037 57005
63096 87398
95366 93110
98051 53726
44088 88187
74018 77749
96664 56320
61545 68850
75571 84249
95931 94812
55000 74822
81234 56776
51873 66348
59975 80544
86214 95334
67559 51166
80241 87106
86737 80560
87569 93364
83418 56073
82041 74370
81278 47634
77689 66885
52039 72520
88768 88783
99049 86170
65427 49928
59325 66425
72893 76848
61649 73931
91944 77672
57596 58672
89651 52477
72555 94482
54562 47127
46751 91543
80544 50763
66702 93950
65253 65725
45634 87768
67669 47609
78519 65230
68983 56167
91836 91197
48254 77795
91819 97773
98683 56859
86384 58017
71310 97354
75403 51895
-1050 830
-1523 516
-670 2117
-2327 386
-730 881
-685 -182
239 -1674
876 1195
1169 148
-2124 -1052
72 1024
-13 662
-1220 825
-1892 -1362
-594 563
1217 743
-182 -61
-2841 -76
-1551 -1266
44 739
188 301
-887 164
-278 1236
-941 -551
-2221 -1237
-36 -1841
283 968
490 -401
412 2042
-521 -1000
-1118 465
-444 -234
1000 761
324 -1089
87 -557
672 -730
-927 223
-187 38
-2544 135
-44 -1050
484 -2153
209 -820
-772 -277
-3176 85
-1127 -530
713 369
-3127 -804
2689 999
427 2107
1016 -861
-222 -30
-196 365
-1001 264
-1028 -643
-823 -1056
-385 -427
-994 -1522
-2446 962
-788 634
947 -164
-1414 -1874
320 1036
81 1610
-30 -1079
743 1476
-2852 2176
-234 595
-698 -1077
726 409
-1571 526
254 -1241
-1991 2511
1351 257
2125 148
-1184 -96
-26 1291
