97 87 7315
56944 85008
43989 54309
47217 62132
40667 68426
95241 41307
58860 56166
35009 75140
78911 93305
52161 83795
76775 88776
91853 64886
83179 66216
91962 90353
47048 50275
79798 45886
107397 52849
78117 85662
33592 92483
63024 95249
90555 73791
54732 56013
77417 43681
96927 93573
62803 64201
90230 37485
37710 104909
60144 78204
41091 62350
51338 71681
38913 47954
52867 75169
92154 68092
63699 64494
30544 49923
84885 17745
73667 80596
47109 42364
42103 36242
60330 57896
76657 62950
47815 65532
54012 49942
84977 80140
67849 44586
68569 55672
73785 100320
82239 66191
45515 86580
86346 65380
69242 89187
50502 82318
31207 33264
87562 71098
95236 43958
76256 31406
56487 39653
97732 83485
42283 79938
43306 103339
61449 87450
95120 30836
49833 47474
77286 103880
66505 99402
77890 68547
60932 48400
66877 102194
59578 40442
51675 38448
56280 89290
30845 83374
75435 49611
43220 60237
92275 93358
81022 51750
34902 82365
43186 48013
79667 38961
31436 71565
25685 105684
38386 61659
94032 56076
45851 58274
88892 84990
64750 49827
32985 69675
66896 42655
79917 75945
42360 74325
63798 43416
30927 32282
69672 97291
76926 64755
65942 57756
38560 94521
56340 40615
86959 50407
49748 78845
46964 68984
53632 64214
42345 77679
80347 38699
52221 64251
44158 68870
75724 95587
72088 92197
77177 82990
95743 64685
99715 62783
91718 83215
51425 48580
65316 49131
97906 56983
87576 74474
40009 94594
47694 84277
84546 79412
48930 53302
78541 41727
95088 88102
71814 48492
89007 35959
36875 92605
52255 74717
38489 59301
52348 72948
30883 42162
52891 78817
90858 65561
81794 66382
32280 43616
74883 33427
76968 80234
44505 49364
50874 42740
66469 61012
90212 67638
42287 61103
58534 51293
92432 75510
60720 57697
67816 61623
72396 94711
92649 58965
50126 87804
85810 71716
72479 89962
57476 88186
33788 38947
73615 77655
95296 50468
82291 34959
62863 30385
88589 81892
35551 71857
44685 96238
56458 89665
90811 33102
45354 59342
93621 94434
71557 88619
86802 71539
62651 35638
76885 96226
64543 33911
41998 37228
48074 77174
34504 77926
65612 54794
41416 53510
90269 84439
74289 50407
32344 72667
38334 49498
75592 38345
30166 84393
39000 95180
42391 53903
94766 62082
45196 63839
95383 83960
78749 45851
44959 74407
70281 45797
77518 79685
35136 69690
61586 50519
32107 40355
81678 89578
82426 60873
71398 63005
41145 93531
53880 50630
93518 36628
-8539 -11567
-2686 6877
1310 -2628
4290 -11005
-2952 -6633
-179 306
-8703 10911
-13226 -16412
-3607 -1872
-295 8101
4120 -6667
1565 4225
-8365 18788
5490 9788
-351 -368
4124 -5109
-7431 1179
2054 2636
-1568 -1028
-826 -7639
5063 -5875
-9529 9440
-7613 -5936
2959 1014
8592 -5765
-12471 -7185
7840 -10246
-6902 -4442
-9014 -1719
-5281 3335
-1840 -2438
958 11739
13572 5332
-6402 -12554
6896 -9114
-10334 -11437
-17264 11052
12576 -2712
5620 3743
-2966 -6318
-2075 6198
-150 15746
7798 3580
-13763 818
238 -10147
8107 5240
-7617 6791
-5463 -11686
-8144 754
-8308 -8260
1196 -4864
21754 1602
-13621 -3310
-7379 -16653
-816 -8023
7756 -2067
-10702 788
7209 -10487
-3339 4113
-16919 -22078
-6293 10191
1313 260
8312 4365
6559 -832
-11753 -24471
-14175 6979
-2519 3137
-6078 5689
8621 10824
5511 -8589
-1133 -12074
-3208 12864
3190 -2234
5876 1550
-5008 -6130
8914 -1825
-9720 6866
-16997 1957
-5739 -3702
13298 3838
1761 7662
-852 -10295
-3261 -10082
3944 -9496
-5861 -2255
-6262 -10627
-724 -7140
