48 113 7136
22723 89828
25096 88681
38275 31835
62750 86815
43343 79408
38453 44772
88798 97319
5297 38661
83208 76914
87090 89858
78894 31233
19613 56780
21736 61452
20857 34366
24932 35966
24594 81418
23013 60416
71416 78247
64884 25703
95914 50648
47457 41865
50024 90384
55964 17867
16233 57063
85845 35870
47883 65687
93134 53107
56109 53108
88975 108653
71149 63538
69044 64476
76623 68157
49968 27909
37281 98724
70030 66539
45011 74001
32678 68972
84142 87054
86215 78507
47554 56767
64293 30325
22873 26545
44011 28311
21052 77599
32266 94293
82087 51203
14643 22116
35377 98721
23019 89942
24799 99419
43451 40626
60667 90661
59897 87353
35977 46262
85569 97089
17138 31746
92622 78816
93488 97087
76159 34483
18063 42091
36622 64293
21480 39193
15808 44223
22666 78478
21469 65508
59323 78327
65737 20133
90987 50403
44027 58565
45894 99502
59877 22385
22022 62398
81515 41928
52170 66318
95117 56182
55194 49716
79022 93297
58876 66524
62168 60459
78333 56045
38724 37058
39872 92078
68266 81168
41966 66230
33304 50575
75734 94939
86428 75600
48905 63527
70394 27099
44814 23587
32514 23461
25732 77332
23056 95021
74119 50890
27485 15483
44153 96971
-2962 7837
-11995 -7985
-15320 -18121
-11432 6704
2860 -8953
-7491 5671
5515 -6383
10226 5889
-2553 -3714
-5444 3070
1404 -2808
-5073 4972
845 16325
4114 12223
-1839 -929
5996 -1460
-1582 -12814
-15137 -4880
7486 1365
-3538 541
2378 6148
476 -19
-1825 -2713
7689 -10489
4751 8897
-1662 -9289
-2983 -4087
1345 -14160
-4515 -3361
1544 2466
-91 -16707
7518 -12958
16871 -1927
-417 -2790
4935 5721
-4368 -13260
7740 4368
-692 13975
6282 -2674
9564 -9029
7806 -758
-9638 2565
3241 10814
-3981 929
4802 9937
-1894 8810
17016 1328
-12493 1901
152 -9487
-803 4025
3997 521
4063 -11341
-83 6369
3380 2032
-11573 2748
-15926 4869
-9860 -13746
-3806 3804
-7880 -4722
-6467 -2901
4321 4459
-1664 -2806
1998 21920
-5419 7742
-1163 5700
4609 5082
9910 6112
-3303 2023
2161 7115
-4330 5250
11257 6988
2400 -1621
1774 4540
11 -6571
-9657 -13768
6152 -1332
-5430 12992
2266 -2311
8600 -3794
-9211 10483
3256 -5955
-8610 -2255
1313 11623
4384 2602
-5733 3706
-7846 8465
8126 6249
7432 -4071
5043 3802
4046 -4338
4546 3793
5480 -1466
4231 16526
2793 -425
-7648 1844
-12091 336
-2959 11871
-2070 2254
6227 -13218
-14622 -9489
-6158 5276
1923 -9885
11812 -3294
1223 -10334
2111 2049
203 594
11339 -438
-5923 381
-6120 10072
89 7452
-1872 6667
-4923 5047
2273 -4754
