85 50 3445
69574 55222
99452 95741
44296 46914
57865 55282
90995 90103
74125 38136
72545 22658
29488 74364
29997 25863
59279 46538
53656 93005
48756 41003
66619 43127
28051 79387
81180 93650
80133 90016
29462 30208
49042 28600
41002 50946
90985 102159
96328 79179
52091 59579
66849 70967
80014 67288
68099 33241
24243 54287
88247 61449
32619 67115
73965 69102
33200 98723
69787 70598
70267 75527
77877 35938
75667 85911
56173 59640
44780 94439
84486 54296
21493 83334
31309 55760
46726 23240
33371 28435
24722 42701
59716 92434
35441 77356
44354 28674
96333 70890
19945 82919
33343 101141
64122 61643
43907 65357
42158 88835
60971 41759
57260 92345
94407 98295
84173 45618
100190 76003
31769 46901
74792 41844
28221 109138
40660 37397
61689 42161
94655 80791
59408 54073
63520 44376
33257 57793
27777 83962
68579 57494
30296 30370
46705 34413
88594 100899
51289 54121
78410 90111
70202 33532
45428 39587
86347 91346
37687 84677
34963 32614
23220 84517
30570 69935
34178 39319
35625 81608
47191 31029
88921 86899
68486 97352
58329 68473
75675 57426
94536 92313
42423 44674
60624 56504
92927 83337
75345 27467
73734 30787
28302 71668
31718 27925
59889 44721
48786 95020
42933 40399
62998 43510
31354 73131
89457 93405
75441 90149
26569 25910
49379 31366
38689 55095
90188 99287
92445 80386
48186 56511
73485 71850
77795 64027
67505 36071
28080 46258
87325 57695
31579 68986
78496 73915
31628 97997
72783 80397
63656 78593
81825 31065
76327 83779
51242 56221
48881 94927
85354 59087
25612 86072
28838 52257
46797 30818
33192 25979
27302 42944
62652 91805
33101 71606
44061 33308
99326 70926
26876 80714
29123 94862
60833 58339
50089 67429
41998 87384
63813 42732
54828 92324
95681 97938
89137 47705
98947 72369
33796 47346
72167 50380
32679 99949
37993 34060
67664 44207
91597 84457
63355 57616
62335 37219
32864 51331
30676 85802
70464 58995
30108 36249
45383 30800
83482 99828
53907 56507
75373 92221
72972 30690
45448 37497
83564 87492
35625 86780
36965 33583
27419 82917
26275 75328
37887 36760
39962 85377
48412 29566
86628 86857
70277 96827
58041 71824
507 1170
-6078 3471
3333 -1998
128 5198
-280 3945
-9202 1175
5979 -3840
7633 -1447
7986 4145
1747 -2577
-3622 -6995
-1198 3197
-1381 386
-895 2011
1318 1271
-2859 -5057
-3108 187
607 6172
4599 1507
787 5251
-1705 -464
2699 4931
-729 710
-3038 2314
330 1756
-683 3408
6642 3037
-2460 3681
3392 -1348
-1782 -1003
-1445 57
-941 -1794
2419 -7627
-584 -3548
3892 2388
-210 1376
4061 -959
-1562 -201
4053 554
-15 2192
2219 2356
-3185 840
-5261 -1039
4208 -3669
-517 157
5675 -665
-4096 -828
-726 -594
-7811 -2320
2799 3264
