77 48 9210
81226 112448
60239 71925
92650 100469
57231 76049
75317 88176
74895 41592
63490 89527
65347 53127
71982 92173
80009 80582
92842 86185
58674 47128
64269 73218
77605 94444
96974 58565
40944 92262
62221 86575
88361 99122
79374 57428
77027 79436
83704 55949
44442 45471
56562 52482
85215 91561
45677 26842
80390 60672
91950 93646
87685 84118
65162 31660
72467 45209
52283 76644
57377 98830
101661 79956
88156 83784
50478 79834
104370 57398
34544 43372
56906 59585
53304 92615
47895 55280
44343 46916
95902 40002
52555 55719
54851 50180
70015 83974
72195 98508
94607 53727
48157 93486
55380 97669
48829 68607
58214 47410
91068 67956
55421 79288
62115 86253
64038 50949
106157 76755
88256 70432
78474 54393
57550 107659
111143 87990
96204 43382
94921 83436
75356 36506
41458 102892
48820 75765
63903 48183
49671 69905
38469 84846
69811 45315
46940 43273
85498 31974
27450 73506
103959 63425
67783 75608
54287 102509
93363 95551
45953 62493
73171 95210
75688 75591
85972 90461
57943 82431
75557 90696
68829 56194
53396 85638
64150 49859
91987 85249
74888 75791
92189 88752
50963 55202
68859 89142
79114 93824
96906 69640
42570 93655
74230 98959
85688 92110
71207 56881
90535 78189
98363 69301
45447 64511
53792 65892
86689 90858
44172 38655
74695 53928
88197 95787
85767 88938
75297 47833
82010 40883
55351 81583
67699 93534
91964 93757
94953 86768
40290 80651
90526 54936
42248 44180
58490 75073
40512 76845
48071 58662
52793 40633
93921 43837
49489 59586
57167 55515
78258 81092
51099 95263
94038 52111
44597 84094
65449 96691
55173 57058
44587 42370
88383 58669
56762 57113
61307 82959
56718 56063
91824 82600
80714 75770
76478 59271
58080 99689
97560 79784
96439 49862
83803 76997
65866 39715
42619 91224
49672 65032
57732 51742
55592 66376
39812 83517
84997 42219
56147 43453
79739 39084
53307 81027
98622 66162
68631 84646
45552 99293
99038 91449
41336 53433
3664 56
-25173 -3453
9371 12903
14169 2506
-5228 -4201
-2611 1896
-14279 13865
-3980 4228
-9862 1215
4757 10303
-3848 -11910
9238 8581
-5777 11371
1497 15469
516 -16086
5930 -20278
-1337 8203
8203 -2891
-10446 5044
9961 1692
-5038 -12964
-860 -15602
7116 16972
5956 -3997
-5856 8616
-3026 4630
-19162 3664
-16949 -12665
-771 -13570
8506 5796
-8573 8979
8923 -8040
15742 12293
-21220 4280
14547 12065
-4265 -6525
-15580 16708
2966 674
-15336 -6541
2013 7025
15142 -3288
8137 2665
17152 24552
4383 -12391
965 6481
-5805 -13778
990 -11669
-4024 -488
