43 27 5996
25274 81247
27458 54455
95876 52797
74051 46319
46068 89321
109325 34879
97670 78847
26944 71775
103233 97967
92098 16102
81784 90829
69623 82926
56043 73293
89176 83085
47448 101542
87204 30179
73697 34199
65607 95587
61971 44446
21877 62433
50676 44527
91842 77223
46019 105678
34347 56858
88904 44223
107566 71981
29212 42205
99114 23237
66701 81360
96477 72026
37473 41370
56027 78950
35528 41277
74851 97351
18853 25769
34700 97073
71351 85325
35062 59468
75077 42612
52348 36265
94282 92792
45788 77398
92092 69797
27033 76791
33032 53673
92657 43842
79684 48340
48681 81238
87485 36645
97158 80563
38965 69215
99358 87544
94052 24669
83142 94011
68621 81011
73237 62989
90805 90243
55660 93178
78162 26184
83850 35051
66379 99957
63046 40568
25623 63484
54972 46351
90474 67911
43676 98754
25665 69061
85667 45232
98847 86421
27392 34268
99624 25845
59412 77212
91002 73061
46853 45163
52534 68785
34166 40501
80701 99213
26927 34631
34404 98994
69408 90097
32778 53687
74852 39841
62620 41985
86546 79520
56818 75522
95776 68393
-4243 -5360
1230 9216
-1328 -2149
-6232 8325
1710 -8242
13724 3994
-3137 -261
3533 -1390
-3069 -6982
-9220 3291
-1722 -11383
3352 -4436
2304 4934
2062 -10321
2043 6654
5192 3217
-2641 -6780
-5992 -5402
1602 -725
-2836 -3376
9743 542
-3260 -8711
3046 4517
6979 3816
-4487 -4575
-4434 -8121
-4570 12527
