37 28 7521
100721 39797
21265 67262
86868 24112
77546 72605
80885 53326
70491 98355
64796 63534
76721 91282
25279 68025
44746 90396
44787 101525
63052 64428
48825 68771
20158 58278
79365 35910
86651 40915
98368 33090
95504 41722
74153 63344
45403 73335
50160 70650
44253 46375
36881 72710
33873 60461
31531 33637
63014 36843
75906 70244
78639 90185
50038 63916
69599 57101
56918 69300
77594 22103
55736 73269
41515 27052
80289 67657
24304 64448
27824 77076
99103 47567
20983 48314
90556 24874
84597 74905
78052 56620
66632 87408
61016 69760
88245 91553
20457 62431
53649 91913
39729 97394
63126 58168
50051 70460
23899 54341
89673 51036
82135 50270
97938 31077
77384 35734
77099 61976
62280 69708
36071 69770
30266 40378
30586 76195
33384 52347
42287 33275
63411 26500
83093 79933
81274 98274
43273 63371
84736 52555
60211 59184
75887 33981
53292 66969
28214 29863
84238 61198
30021 60659
29072 90301
-1516 -2531
7910 1409
2979 5413
-299 -304
5167 -10678
5722 4550
16444 6578
1922 3437
-503 -9160
-8520 2424
559 -10118
-589 -178
6591 4149
-13190 8795
-2865 601
-2367 -15247
12545 -733
-6232 -5248
13282 -3437
2522 -4868
-8644 9647
-13911 6413
11533 273
7113 12349
9778 -20255
10412 7681
-3182 3356
8737 -2796
