47 45 8203
30232 92478
33129 85070
59486 33269
44919 38652
83689 42055
55556 62816
87418 74489
70478 45608
48615 65804
70607 50107
89583 72968
43489 48739
87352 32758
56264 54973
47858 75799
85153 47426
32507 40385
81167 30904
81509 62294
76109 24516
57404 88466
73429 96246
45378 95012
62546 76918
36376 44373
66955 61678
49024 69083
72422 94584
38240 39684
82567 86982
93069 65048
83442 67746
97257 63853
101217 86299
37813 73826
12353 34678
44703 52987
80088 91501
77282 29116
52720 85972
45376 94317
53643 79812
68862 77380
76706 31056
46148 22449
48562 71967
67744 100376
25007 85061
39353 91106
64457 27979
39482 34394
77519 40169
62367 52380
85852 75025
75127 40861
51700 53692
66338 46999
92148 75588
47212 40076
81453 46206
62650 43458
39133 75649
84284 50496
37760 36334
75741 41246
83524 64840
63989 30008
65229 75154
62467 91149
46098 94711
59539 84552
33892 36172
75497 59551
39871 65835
60793 91098
42043 34216
78591 96694
92391 80929
63041 76562
91505 68921
94583 99818
45326 68165
24412 33140
49981 64201
78030 82294
72772 29717
66930 85129
36344 91631
51834 83278
68572 87273
64201 30935
37178 33556
53015 73381
50138 97175
691 -470
1124 -4863
-2399 4745
-6688 7709
-6677 7697
7324 -5104
-11961 6872
13109 -4819
8194 1965
-9890 10497
104 4320
17571 -6153
6438 9875
3719 16147
-4600 -4691
-9868 -9143
-11202 -1310
3760 -3665
-6120 -7354
8007 11270
-1306 20527
-22785 3969
-4682 -14317
2449 19024
-2202 6954
-3766 -5622
-6291 -7339
-1941 11789
2986 8293
45 1826
-1559 3777
-3090 591
-2493 -6331
4052 -4219
7929 -10463
10174 3433
-6302 -861
-6447 4741
-8003 -5465
-2152 -445
5038 -5842
-2584 7035
-13992 -9216
-136 18290
422 3178
