89 144 2972
61800 52103
71613 56112
50057 81953
76458 68640
53573 67119
50290 68162
72229 69618
63335 54912
78277 67437
90216 89018
76814 70126
59022 44268
49525 72203
48726 75878
52185 78287
51343 65886
51720 91614
64969 94231
78847 42763
73554 89867
60822 97673
57251 47715
100104 60988
54826 95541
98813 55512
52131 98889
67090 97674
93455 53210
72938 86002
67810 92512
79202 65535
58112 65959
67507 84325
69669 64060
100785 78551
73061 70550
98482 57187
60835 97815
75553 85788
77552 72697
65714 76278
62606 55722
54155 69887
89042 74785
64912 96644
71696 57334
87440 70117
67894 88872
68354 67344
73325 98463
86389 85052
53220 80621
99078 55350
86684 81429
52810 67064
77513 58163
76374 74905
87072 97380
60202 82870
57278 80614
67556 53292
94613 60470
79772 47928
46760 73397
75313 92985
76823 90784
77030 55417
101936 75028
79880 94740
39509 84692
71948 89458
76103 96365
50828 92864
59348 73458
63174 103232
61586 75153
84745 81686
55643 92160
85800 77864
54425 57404
95971 64987
57665 51410
98409 92950
69769 65249
67389 72240
83707 54779
75556 72362
74674 50904
94170 77987
67375 53407
71285 54436
49901 82970
74290 72709
51240 71625
51735 64640
75244 69107
62151 53881
80394 67002
91946 90175
75028 69478
54886 46377
50547 70273
49186 78332
51073 76779
52133 67128
51036 93723
64633 95129
80475 46952
73940 87850
66412 98882
61411 49147
95621 65181
54873 97308
93934 54031
52771 94710
63029 92191
93171 55514
73415 82906
67280 93739
84102 63853
58735 72437
71007 78939
69936 68452
99962 79519
72153 68865
96187 59610
62617 93947
75745 88366
73760 72635
66322 72292
60526 51331
58320 74116
91106 75574
64838 99281
69389 55229
88141 68609
71432 90590
66057 65882
74768 97180
86125 87383
47109 82148
95182 55338
91860 79545
54584 66455
75798 62462
74073 71614
84205 99934
61336 81529
59085 81331
67371 55233
94434 61225
81438 51693
46810 74592
74419 93887
74077 87799
72280 56711
97171 74017
79077 90660
45993 84376
72999 85362
73043 92382
50490 92814
65912 74832
64592 95045
64408 76905
93715 78939
57688 93000
84770 79434
53249 62139
97206 63807
58558 54261
95608 93533
67412 65641
68956 74685
90895 56123
78070 72270
75688 46628
95200 73921
-5331 -3400
-3430 -5137
-1492 -1051
3985 3460
214 3692
-2639 -1746
3423 2367
372 -961
-159 -3914
-4414 -6792
4122 -1456
-13 2232
-3983 90
-1846 -1378
10 -2318
-1194 1396
1896 1864
1127 -3254
4574 4168
-1564 -3814
-137 -2335
1397 -1052
-665 1412
941 -4903
1793 -5406
-6548 -3837
156 793
1508 2434
-3178 1102
-2426 949
565 -114
-5886 -982
274 4221
-4436 -1611
1103 817
-1870 982
4669 1238
2936 -224
-898 524
-6258 2987
2653 -1313
-1229 -390
-4366 -2394
-1784 1916
1749 603
-554 2270
4038 5216
3640 2240
910 -5312
-6540 2079
-1002 1602
-713 1072
3160 5282
-1708 8200
2875 3152
-4109 4835
-2535 1677
1985 6302
-4433 -5053
-998 -5733
-2806 -1238
-1330 1235
3926 3792
1082 2377
-1375 -1454
594 3537
-2753 1863
-4988 -1637
393 -304
-695 3029
1429 1433
-539 -2733
-992 1544
1067 3861
-1384 3057
1528 -2073
-2131 2627
-1061 4202
-4008 202
4120 -8942
5177 936
-3374 254
5819 1075
-2721 4617
-544 -3011
2365 -5108
-1596 -3677
-1160 -151
1033 5875
-2823 396
-1146 -272
320 3103
-554 -3447
-3775 2631
-5318 6984
194 3054
-1915 486
-3494 3286
-3962 6015
-2469 7454
-170 342
2411 2843
2344 3365
1406 -641
-1570 -4114
2276 4178
-105 -52
52 2339
-941 127
-658 -2070
-3649 1650
-41 4784
-1433 4084
-4347 -866
-439 2712
-2338 2020
-154 1037
1628 1959
-1482 -655
-1571 1813
-4967 -752
-2032 1124
-4421 -584
-3840 -5879
-3475 2017
-4243 -2595
2818 -3636
442 -2161
2273 -2659
-3604 -2058
5476 2921
2547 1687
6127 56
-3232 1567
1805 2680
1020 572
2103 2454
-902 1945
5998 4277
5985 1297
-1896 -3958
-669 -1124
-4154 -1814
-1314 5650
