60 87 7549
86321 71422
36372 115439
93093 82739
47773 92340
46496 66338
42414 80203
83277 98553
92999 61870
102505 72544
72649 37574
88055 68664
88350 70055
70396 86871
42449 99008
87403 75087
96141 43924
94848 57970
63614 44927
94254 82473
47353 76322
52365 58890
58567 94767
48761 53417
36635 98554
78152 99712
61132 56902
73829 51937
65400 53460
45143 98767
46901 48828
37002 99348
60423 57780
110686 71082
37732 61641
55977 38201
43893 48540
81390 86766
46934 50431
103215 64720
66476 35749
63981 73668
69643 91140
41453 54423
62773 101977
61518 76341
67737 41862
83361 76613
48561 92514
70815 40892
53792 56750
51933 52968
86967 86370
106155 63381
87480 68719
97710 48096
53520 35476
103751 96737
79379 56465
70844 102793
66461 72112
92114 60587
38524 95626
90407 86011
49200 93924
52431 65715
39272 84489
81401 96954
83204 64437
93779 64783
67226 49782
85788 70405
92341 71861
72623 96256
37416 98100
87299 78385
83446 42663
95594 54966
56543 51068
88107 79415
40166 70059
43528 65219
65737 91204
46527 50900
38299 99588
81561 89903
59920 67017
81569 47938
69140 39239
47820 99403
45237 36798
37396 94529
55658 56110
99409 84864
38964 55949
47631 46548
55005 45994
78246 90847
40575 46831
89179 57443
73545 41229
60084 70699
70999 81233
50168 61381
56316 93239
72731 88435
70622 43464
87747 66429
37433 85258
69968 43124
47860 47513
54033 50796
84235 90966
97994 77045
88268 70531
91846 35320
46330 39062
97438 86804
79055 45812
60069 89987
57799 68834
-1697 597
9355 -2315
-9092 -386
8447 -4390
765 3947
-6546 6185
-9702 -13009
9319 3339
641 9195
-1899 6686
3519 15169
-3755 4192
-5074 2063
-1999 -3723
-2998 2761
-2492 4526
-12530 -11170
-3301 4233
1855 -12049
7631 7214
-10404 7025
7815 3001
-497 8111
1653 -10648
-7592 -5608
-927 -11719
12462 3459
13556 960
12355 -2482
6115 12595
-13725 -14429
3666 -10478
2658 -5117
-11565 6166
-528 17867
-387 -5533
4390 -4889
527 -6038
-2718 8118
-880 -1308
12707 -5790
-4657 -4218
11041 5279
-17231 -4081
-7209 -8062
2004 7213
-13589 -10137
5113 6641
-1733 1501
-9123 -806
-720 311
9925 9041
-2196 -3560
-3240 380
-1770 -2197
4256 -1219
-3835 -392
13297 -1405
-7917 -2889
1838 -3973
6411 2741
-17943 -8895
-5158 3652
5198 -5915
-4552 7722
4025 2486
7270 -9619
9415 -3751
4524 19025
-8155 16238
8631 -4335
5325 -6336
-6763 -4006
-201 568
3808 -8327
9143 11416
1062 -10504
1979 4703
-1364 15429
2410 4872
14127 6229
5127 -1380
-4765 -5473
9526 -12279
7223 -5327
993 6703
-2981 10311
