56 178 9400
65456 50715
53401 78436
68789 102121
73078 39062
80160 67614
55984 41021
102739 62536
54188 79592
64762 50363
61571 78047
38796 71251
35755 56867
64095 90733
63982 53227
79752 73754
73245 86858
87677 81203
95848 38635
62773 87382
69467 91978
60090 91896
71619 57480
94872 82722
113745 59413
66597 85693
59713 81344
71806 73527
104445 74923
56139 65772
70930 72842
70562 87498
42784 77193
82507 44899
83117 87708
87415 62860
76285 44562
55092 95686
79022 62940
37052 43556
92296 78456
98560 71105
72404 94731
74930 61623
63295 70946
54501 59640
56673 38461
48783 76417
98547 59747
85521 87988
94256 88778
97475 77822
86854 64041
81868 93916
70193 62250
55397 82849
84111 60544
59043 51056
50397 67580
77627 95320
75569 44434
85294 75392
54769 50125
85241 67100
66125 96314
72492 50503
75843 82158
42331 65847
45822 47598
60614 93528
60742 76986
76153 51259
79625 81696
95665 77142
97981 46166
66584 97878
91891 83437
62645 79975
80870 50442
96746 90838
93294 59580
63763 68991
56756 83314
63596 80010
99749 86262
53141 56928
65472 67970
71322 88913
46731 82367
99130 52114
91364 80704
82617 65651
84257 43280
63751 88265
67385 61431
56442 48886
84607 78329
80010 57707
57012 99991
70916 87439
51971 65674
43808 64861
57007 53343
51614 73159
94964 59578
78603 84867
96228 85833
79716 69359
98797 71565
81877 82939
59118 69866
73459 84509
74794 66800
971 -6990
13562 -395
5248 12786
-9612 -8496
3162 -4982
12515 -6140
353 10379
19491 15117
24205 13875
1552 4113
-10091 -3461
-4618 12051
6160 9124
4038 -2232
6350 8330
-2075 5343
-10364 -2715
-7100 1543
3446 -6997
1893 609
6230 -12222
-10185 -7641
3932 -5244
7719 19416
2991 4357
2669 -6232
395 -894
6653 2845
-138 -6181
11450 1268
-9388 16297
-3465 10094
8893 -14592
-7619 10834
-5388 1564
12117 6065
10072 -6137
1705 -8330
-12872 -26
-1932 -15553
9636 2584
-7619 1505
4592 2218
160 -5470
-706 -7619
-12267 3655
-2127 10398
1235 -6765
-3020 6621
-14294 5653
8475 -2858
1517 4180
5486 -13966
-6099 13223
-13942 17879
1301 4282
3908 1904
-6281 -4250
-18696 -2146
-16661 12236
5672 11182
662 1746
-10338 7947
11042 3667
6709 -2298
-8157 8174
13698 -5014
4561 4471
17531 10083
7425 -1932
7327 -5590
-3683 8538
-1006 5992
-1380 11562
-4256 8344
26743 7847
15460 -21491
-8687 7692
-3896 3951
-12041 -13086
15369 -9183
18745 -11460
-5865 -10624
14990 1033
6306 -8995
14325 9212
-13967 -3581
12409 6890
11961 -2624
-13634 -3066
-20859 4961
-3996 -1090
1576 7914
1277 11436
1886 -10239
-9956 2323
-1374 -19882
203 11255
518 3309
-9604 -5563
5942 4638
7976 -2480
-945 -2819
25798 6406
20352 10027
5844 -12980
-7324 -3677
10032 7991
1523 13870
-95 8035
-11936 -3916
-9012 10819
4602 4930
-6584 -819
3820 11658
-5384 -1328
-2327 3149
6718 -7672
10497 3378
-15930 23855
-15282 -5879
-2219 8345
-23633 -9652
-9605 11711
-21755 14996
-15713 2249
-10493 -3733
-22661 -5670
3894 8753
-625 3064
3913 -3414
-1564 -3689
-4970 -2878
11162 -6464
-11531 9291
-16149 -2420
-6173 1271
-6498 -3178
3473 -16251
8802 -4828
-8805 1652
1221 4834
-18579 4524
-1183 -6346
-16877 1025
5292 4485
-2079 -7458
4998 3979
-1277 7012
-10077 2315
-6107 6206
-12871 -7520
-9738 5563
6176 -9716
-2396 71
-6875 9048
23733 8529
4132 3343
-4534 -83
-16775 17448
14808 -16354
-6253 -4021
-5022 2305
-2344 19261
14594 13960
-6192 12848
17482 -10268
-3716 -10061
10928 -6157
11032 -3354
12644 -26489
-4625 7888
-18440 103
13897 268
-7314 -6371
5262 8744
-909 1036
-13487 -8784
