64 71 7616
48533 37712
69041 27611
32062 76601
93605 82608
36948 38710
75005 43348
62837 55626
58925 62377
65089 68270
68012 63261
39339 92536
55484 36423
81817 84843
46759 96423
68269 35795
55847 37941
98366 87813
45460 63890
75060 48680
85855 61998
78892 53249
92516 31028
96827 59667
40232 46344
97138 42642
59170 69255
48550 101550
94087 37010
42240 71888
100008 85070
43444 87108
98767 74594
82068 86102
77379 72334
74380 49275
62331 85768
58036 54143
59737 58623
68250 88700
62196 88258
64722 84151
83492 52593
55912 54096
85641 32949
29405 87690
98929 82886
67484 77477
100701 44516
46689 61100
47145 43544
76636 44481
95999 53513
65579 93722
66596 64697
47276 73248
65007 47730
71115 71926
86892 93186
74547 58893
52310 90722
89980 57766
83885 90675
72360 64934
73013 48575
48032 53784
68605 37939
39171 66007
91710 74304
43676 51440
73249 56045
52687 57686
52146 65581
65007 67070
64824 71700
37825 85137
47835 35542
89647 85557
55784 82856
74101 49529
64857 39854
84664 95821
43157 59819
60213 48462
83927 71386
82786 47805
91367 42507
84443 54018
47185 49817
88057 39934
50107 60277
64142 94858
97220 56876
37498 72374
87895 81050
37822 92322
93894 76347
88920 80431
71174 70122
69452 45782
61730 90237
48566 54601
52057 55855
75673 92748
61370 70941
59318 71399
87263 50989
55697 47670
99484 37997
36728 94458
99306 79608
61427 70313
98469 47169
41986 56169
45913 45932
64605 42863
96267 55199
70835 93564
71927 63298
35199 73570
67807 39317
80759 64854
74991 97300
59238 50827
51800 96128
90015 58712
77340 83961
70922 63005
69061 49621
-9848 -1969
-228 7835
2229 -496
-3359 -500
-4184 4733
-4602 3059
-7066 -389
18806 389
-2740 9388
-4611 -62
-5346 -14450
-3941 -9720
5489 2474
-11322 -3828
-984 703
4687 3160
-16247 9184
9257 -4501
-11265 4151
693 803
3800 -914
217 8535
-4197 -13867
3252 -12351
10605 -2572
3023 -22845
11183 -8891
6914 6878
8796 -10452
9515 7144
768 -8134
-7053 -5703
894 -997
729 -3601
10359 3620
-7952 4507
-5662 -27314
8142 8972
5027 2279
-433 -3151
5208 -482
-4193 -4627
-8550 1006
1871 -10705
-5028 1012
11304 -2130
-17101 7315
5700 4176
9498 -350
-19975 9316
-5569 -8377
1104 -1442
-7809 -2373
4786 -903
9475 17689
16449 -2798
-4307 5262
-14630 -6052
-1121 -4560
-20427 2191
-11082 -10054
-14667 -13048
-1238 -7827
651 -772
-10293 -14718
8332 5257
817 902
8297 -4462
-5054 -1170
702 -580
1853 -2385
