36 57 7189
85473 70103
85555 107877
49009 33221
94006 50515
73150 79170
63460 51167
49130 88897
74260 89359
77673 106110
102166 102863
63508 84802
102461 80665
48981 83818
53040 74335
49096 91962
83095 89779
67471 72412
91615 94001
98958 95441
43224 83377
83514 68397
76579 85769
83958 83462
56862 55067
57152 64664
65369 68086
63464 64714
89482 70445
101110 71554
82343 95756
70240 67199
93979 77710
81768 79491
73505 73105
76895 44932
89731 68096
70673 68932
89600 96997
46734 51934
82567 48750
81019 86844
60768 55725
54382 85589
60924 97656
64294 95504
95982 98750
69611 91624
99077 76753
49398 83846
49169 77891
52142 98074
73789 82312
66640 76663
94045 91762
95917 98421
52796 80617
83418 80514
89161 67780
86782 79220
63652 61129
64597 85738
64217 77466
71994 58914
92884 71022
88695 61700
80769 95690
68436 64984
93742 73656
84503 70787
77782 71614
80878 52070
92684 62475
-6481 2242
-7159 -6218
-3428 -6026
-1463 -2643
8037 3511
-487 4805
-437 5936
10448 -1826
-8794 -9118
-4170 -3184
6114 -7601
-4820 -5040
3803 2425
-15026 2839
-1906 -7922
-132 -449
-9390 17969
13678 2385
6259 6742
10299 9546
-6783 -370
8189 -192
-2318 4601
12627 -19173
-8871 -10696
13716 2787
2919 -188
-15455 -8090
5674 -1207
-10818 4516
-8423 -1553
5028 -13003
3355 10124
-1934 -2207
3964 1972
3139 -4172
1584 -10988
-3818 -4464
-6720 5458
11539 -3252
-11571 2750
-7632 2036
1661 67
-3701 -9068
-9812 -10289
-9458 5255
8897 -9895
3122 -5640
-3542 15239
-11334 -7950
-12096 10968
-7059 1033
-10570 -3509
-9867 12205
6331 5686
-15596 -618
121 5689
