78 89 4673
49621 72681
72815 44613
97867 42352
83903 35981
93343 33514
73374 58687
54465 88240
31311 67955
49344 88547
92997 97345
40382 35727
102738 52887
74820 64277
52055 45420
43043 37541
66957 47108
45216 68689
47676 68749
47871 104115
82771 92861
78531 99053
53571 65484
74171 93973
95495 80938
80956 91059
73355 84541
57939 87724
78017 48540
56995 70278
75703 61029
56597 40792
75057 36247
88367 68518
89803 81132
67544 75764
76124 82065
76965 67248
65712 47786
83877 35715
96264 95839
60090 48925
78156 91543
102074 53913
92140 79907
61653 42654
46688 72215
58849 44033
33418 53677
82560 82849
90881 50281
60504 91720
94844 45983
92845 54025
41211 48631
91072 65930
39877 42988
84053 37909
54590 60258
58007 33089
65151 41943
36270 66955
85928 82644
77428 39832
49848 32291
41320 59210
69159 78989
71908 46850
49937 78063
89065 43885
55181 42073
93668 68519
80395 41200
39636 95082
71102 50860
76327 53699
41533 58898
61772 48569
73319 90306
48128 69458
65701 37346
96384 49192
84944 45907
94959 39510
69467 59952
53635 97290
39155 71588
55980 90493
92336 95421
43486 37593
98417 45059
78631 64575
54162 43882
41540 39291
60280 41542
51795 70836
53774 68673
54517 95731
85237 93656
65877 98718
46364 65080
77600 96811
99966 78253
83433 93474
77418 81952
61398 84252
75727 51936
48853 71290
73771 60909
59059 36108
77688 38499
87419 72373
87420 78883
65963 68520
72237 82267
68791 71403
66461 51763
82124 43057
98317 94664
66054 52122
81979 90226
99639 51913
84326 79231
66293 47058
54391 70956
55147 53945
38162 62280
82824 87833
89566 44689
62976 95428
97306 41632
88382 55020
47759 51253
98852 63826
39863 42405
82273 41523
57683 57426
56051 38668
62378 43183
41794 61731
82691 84898
79740 39205
44556 37131
40783 59676
67055 76090
64661 50477
42813 84705
79634 37416
60496 40622
94832 68530
90559 41697
35676 93823
77315 48641
81627 55213
48233 48070
59339 42652
72676 85166
1602 -2903
-5835 -6541
11133 -1724
1157 6262
403 -1353
-1269 4180
-3162 4216
-7850 2221
2297 -6322
1153 808
-1823 1788
-3748 3145
-2132 -5499
8223 787
3945 2530
4810 711
1169 4
-4160 -3028
2980 -594
5541 -7650
-10950 2923
-3027 -1145
195 -9529
-8528 -3046
3945 -5093
5076 -122
-3748 -1684
1061 -686
-1051 3917
-13522 1754
-5526 5015
-720 -3123
1884 -1555
881 5059
-956 -3203
4193 150
-7968 -1016
-4810 -4796
5803 5441
-631 -5784
1446 -101
4629 2128
-9307 -1066
-2741 -3346
-313 8267
-4675 -3242
-857 -11145
-2576 -4015
5782 10391
-8435 -923
-5873 -3854
-6620 -2009
-3322 4195
-986 -1652
10245 3057
2945 3448
-242 308
5880 1830
3327 -8060
120 3543
6213 5128
-5438 -1335
1952 237
7324 -29
-3560 3665
-1368 -1836
-3620 -379
-6750 -6384
-2432 -2146
-2314 -1485
423 -3986
-5631 2565
6420 493
-2304 9585
1535 1558
8014 879
-6375 190
6328 2923
-374 -1941
6261 4645
4838 -1280
9503 2498
3110 1928
-430 2544
-8130 -4498
2921 14585
-5078 9826
5318 1505
-2515 6757
