59 53 3066
73236 90825
52645 46153
63163 75914
61525 97572
95822 86160
79544 97169
104162 54543
52415 49948
76821 71366
65141 40218
80568 96810
88077 84118
60947 85314
88394 91618
51487 46693
69620 68437
82373 59961
75018 47595
77351 79710
65981 99157
62941 64454
55141 54953
94215 41721
63552 63225
56609 89191
63494 97432
56516 55833
77911 62414
72902 65338
74105 70419
62879 85247
68784 50013
67369 88413
62706 43136
76779 47367
92187 81088
86080 85208
59868 52470
49337 47679
82637 68745
77598 78861
55189 50561
81772 85942
50027 97669
73753 71094
66488 57268
73737 69143
84469 45341
65116 47909
92853 83370
58172 87228
41313 92557
44376 49077
43996 67026
77173 43551
88743 84892
57311 49050
90538 88493
85263 62195
76051 89755
51557 43311
57993 75790
59324 99873
95650 88110
83220 91070
98557 52151
51003 54993
76761 73347
60202 45143
77677 99846
94606 78326
58562 84390
91885 94134
49280 45636
66902 62474
82687 66869
75410 49844
82039 81817
67077 98207
67287 64016
53280 56424
91786 49831
60356 58552
55471 88086
65531 96215
61166 59134
79144 64125
72833 61079
78432 66465
62657 83115
72417 50159
68485 90652
65598 43704
81964 52149
89130 82399
86985 85116
60888 55592
48744 46256
84290 67905
75111 72938
58341 53788
83567 90897
52443 98559
69196 71026
67787 53667
76349 74572
85534 47551
68607 52249
96322 87066
57146 88461
44660 97544
50290 45740
46977 69355
79967 45436
87630 88470
57043 49566
87122 85558
85535 61442
2054 -1647
1962 4624
-4007 -1111
-2261 -3464
-2212 3026
-350 1434
-2228 5187
406 -2
-2540 4711
346 6327
-799 1674
-1813 104
-265 -3485
-5187 2367
-3651 -266
1340 4342
3033 1592
174 -3443
6098 1970
-2848 -3612
3616 957
4280 6359
-784 -7561
2674 2445
-1584 828
149 1370
5228 2640
-7920 2198
-2445 3243
-2685 -3115
2301 776
4030 -885
-217 -2501
-2767 1329
307 3616
-4225 1044
-2488 -915
4379 -4494
-37 -2033
1862 -2054
-1185 5352
-3445 222
-1038 -2497
543 2906
-3132 -4234
-1223 -3094
-4354 2388
-4462 2830
-1571 -4064
5001 -2679
5913 2845
38 -1822
277 -4554
