47 176 9445
91695 67980
72385 38798
93363 68376
40751 100633
68037 82802
68128 60013
59734 72392
82637 80853
102676 64457
95204 76299
106731 41721
56373 88846
91942 86481
66281 45509
81473 45352
76661 81140
65428 47074
104474 38367
80075 69248
74517 92288
51284 75753
76266 51547
48653 41251
71131 49479
77216 62692
41530 93285
42376 71258
57274 89538
98682 69193
82914 56873
97210 82055
93796 49060
44693 77048
68985 81438
71915 60769
75585 82357
81503 92194
96378 83027
63742 68638
78555 69861
45678 71892
73125 36469
57728 85572
31631 37134
50397 88919
39542 67784
84735 83299
96903 74847
67951 52931
96946 70087
46348 96851
63076 81699
68162 48286
62883 53222
66955 80126
99226 66122
88019 80250
98447 47118
53684 99538
92276 82251
62375 58165
91036 44099
84545 74094
80280 47592
98415 68556
97206 80929
85254 81760
45383 86615
71032 52489
55498 49149
76492 46038
61004 80044
45689 87611
47551 73510
63971 70835
99930 73627
72849 44327
93016 85059
98626 55329
54049 72574
72287 67786
70740 68833
78122 96772
77035 80311
93693 83931
68294 75424
76716 78954
58255 77210
78164 45257
53386 77164
49271 53994
54302 85252
44062 88049
78358 68053
16721 -13464
3665 -23867
-4135 -6779
581 -1911
4295 -11684
7793 3130
-1540 -295
15260 -4146
14626 3451
243 -1200
13390 3189
15292 -1339
1160 5517
-5350 -2810
-22186 -4904
2049 7759
13971 2702
-9670 7604
-5182 3384
17282 -7116
19318 11320
-6883 -4372
-7607 -12201
7484 -6353
3777 -8639
-3530 12570
189 -8292
-4852 4016
4168 -7691
13966 12475
4742 -11548
6229 3134
-18203 -1514
-4041 5148
-14498 3040
7681 -314
-270 -3555
-1666 1309
15316 20698
1683 14918
3594 6909
-75 -11621
-9092 -4981
-5945 18215
-5687 -4525
11274 -5806
-6643 24017
-507 -8726
-4805 -4493
-3709 3423
6970 -8124
6205 -4997
3009 17367
11307 8315
17158 5611
-5555 13690
-993 293
13694 8104
-12949 9591
-11060 5300
4093 8124
14884 -6375
-205 1379
5290 15977
2051 15517
7218 6133
5156 -18005
-31635 2879
-8090 -4671
-1208 -1678
-6085 15024
-5830 -15083
14838 -9837
-15727 17879
12583 3746
-5479 -555
-12847 12924
-9090 -6243
7464 6189
4314 79
13588 -18141
114 2830
3329 1335
10516 -3103
-4500 -9098
-5656 637
434 -3198
25392 -3344
-8094 4206
1437 -5359
-2477 20614
1698 -3702
5431 2333
12730 17617
1753 9705
6350 15354
15519 1605
5078 3300
18062 -2050
-20483 -6002
5582 -6129
-10464 14267
12589 -2210
-3038 -2403
-3151 1077
-1883 -10783
-10480 -3873
684 14722
-18664 -12021
-13449 4249
-13221 5878
-644 -11203
12766 10493
-11148 -8197
-14655 -3885
-7998 -6184
7645 -7643
18575 -5639
6596 18366
1448 13768
-5894 -8014
-542 -5431
-7447 5540
7929 -5079
1218 565
15215 -12274
12315 -6883
-2889 9655
13664 -1723
-4546 12685
-2107 -5716
-11008 -3089
1664 752
7956 -4540
9663 1324
-7951 11650
-5972 -14993
2525 3792
-4746 411
-10035 -6364
-9085 4341
-14069 -2061
-3914 1096
-11572 -17885
18906 4036
20242 6648
6561 -534
1006 464
-4041 -1692
2427 -852
9759 11080
-8117 -2929
1256 5801
5374 -7718
8171 -17053
7858 3271
4843 9244
-4826 2452
-5349 -9275
15434 -4108
-21213 -461
-3693 955
1678 7998
15314 -15612
-12779 -11462
-8930 -1411
-5678 -4887
8049 -9164
1859 -10670
15491 11226
9258 -10861
-1769 -2625
5270 -8176
-5835 1907
18335 -2330
717 12516
