2900
2900
3000
[29, 19] [0, 36]
True
True
True
True
True
True
True
True
True
True
True
True
True
True
True
True
True
True
True
True
True
True
True
True
True
True
525 822 584 1000
745 821 819 1000
525 588 584 822
525 300 584 588
525 0 584 300
745 497 819 821
442 565 525 1000
643 666 745 1000
745 0 819 497
442 0 525 565
643 0 745 666
285 480 442 1000
285 0 442 480
819 503 1000 1000
0 685 285 1000
819 0 1000 503
0 364 285 685
0 0 285 364
745 577 819 1000
442 872 525 1000
442 775 525 872
643 915 745 1000
442 644 525 775
643 755 745 915
0 874 285 1000
584 0 643 1000
525 0 584 1000
745 0 819 577
442 0 525 644
285 607 442 1000
819 576 1000 1000
643 0 745 755
285 0 442 607
819 0 1000 576
0 453 285 874
0 0 285 453
525 368 584 1000
525 321 584 368
525 164 584 321
525 0 584 164
745 812 819 1000
745 660 819 812
643 875 745 1000
819 878 1000 1000
745 354 819 660
745 0 819 354
819 694 1000 878
285 576 442 1000
442 0 525 1000
643 0 745 875
285 0 442 576
819 0 1000 694
0 519 285 1000
0 0 285 519
525 858 584 1000
525 711 584 858
525 551 584 711
745 843 819 1000
525 326 584 551
525 0 584 326
643 794 745 1000
442 686 525 1000
745 473 819 843
819 807 1000 1000
745 0 819 473
442 0 525 686
285 553 442 1000
643 0 745 794
285 0 442 553
0 592 285 1000
819 0 1000 807
0 0 285 592
525 644 584 1000
525 542 584 644
525 341 584 542
442 796 525 1000
525 0 584 341
745 686 819 1000
745 403 819 686
285 832 442 1000
745 0 819 403
285 619 442 832
0 824 285 1000
442 0 525 796
819 540 1000 1000
643 0 745 1000
285 0 442 619
819 0 1000 540
0 442 285 824
0 0 285 442
584 582 643 1000
584 523 643 582
584 443 643 523
745 882 819 1000
285 917 442 1000
643 775 745 1000
525 575 584 1000
584 0 643 443
525 0 584 575
285 684 442 917
819 699 1000 1000
745 0 819 882
442 0 525 1000
643 0 745 775
0 633 285 1000
285 0 442 684
819 0 1000 699
0 0 285 633
525 760 584 1000
525 749 584 760
525 736 584 749
442 861 525 1000
442 729 525 861
819 863 1000 1000
745 652 819 1000
643 671 745 1000
0 863 285 1000
584 0 643 1000
525 0 584 736
745 0 819 652
442 0 525 729
643 0 745 671
0 611 285 863
285 0 442 1000
819 0 1000 863
0 0 285 611
525 495 584 1000
525 482 584 495
525 359 584 482
745 867 819 1000
745 756 819 867
525 0 584 359
745 384 819 756
745 0 819 384
442 489 525 1000
442 0 525 489
643 532 745 1000
643 0 745 532
285 561 442 1000
819 541 1000 1000
285 0 442 561
819 0 1000 541
0 492 285 1000
0 0 285 492
525 718 584 1000
525 690 584 718
745 899 819 1000
643 826 745 1000
584 552 643 1000
745 614 819 899
0 902 285 1000
584 0 643 552
525 0 584 690
745 0 819 614
285 610 442 1000
819 668 1000 1000
442 0 525 1000
643 0 745 826
285 0 442 610
819 0 1000 668
0 471 285 902
0 0 285 471
745 841 819 1000
745 759 819 841
442 689 525 1000
643 751 745 1000
643 585 745 751
819 857 1000 1000
285 769 442 1000
584 0 643 1000
525 0 584 1000
745 0 819 759
442 0 525 689
643 0 745 585
285 388 442 769
285 0 442 388
819 465 1000 857
819 0 1000 465
0 559 285 1000
0 0 285 559
525 642 584 1000
525 593 584 642
525 407 584 593
525 206 584 407
525 0 584 206
745 709 819 1000
643 783 745 1000
442 659 525 1000
0 895 285 1000
745 0 819 709
442 0 525 659
285 543 442 1000
643 0 745 783
285 0 442 543
819 511 1000 1000
819 0 1000 511
0 499 285 895
0 0 285 499
525 891 584 1000
442 879 525 1000
525 696 584 891
745 841 819 1000
745 633 819 841
442 674 525 879
584 0 643 1000
819 819 1000 1000
525 0 584 696
643 563 745 1000
745 0 819 633
442 0 525 674
643 0 745 563
285 549 442 1000
285 0 442 549
0 529 285 1000
819 0 1000 819
0 0 285 529
0 973 285 1000
584 668 643 1000
584 341 643 668
584 0 643 341
525 563 584 1000
745 587 819 1000
442 639 525 1000
525 0 584 563
819 803 1000 1000
643 580 745 1000
745 0 819 587
442 0 525 639
643 0 745 580
285 510 442 1000
285 0 442 510
0 642 285 973
819 0 1000 803
0 0 285 642
0 973 285 1000
584 668 643 1000
584 341 643 668
584 0 643 341
525 563 584 1000
745 587 819 1000
442 639 525 1000
525 0 584 563
819 803 1000 1000
643 580 745 1000
745 0 819 587
442 0 525 639
643 0 745 580
285 510 442 1000
285 0 442 510
0 642 285 973
819 0 1000 803
0 0 285 642
525 766 584 1000
525 718 584 766
525 668 584 718
525 471 584 668
525 255 584 471
525 0 584 255
745 656 819 1000
643 803 745 1000
745 366 819 656
745 0 819 366
442 583 525 1000
285 778 442 1000
819 740 1000 1000
442 0 525 583
643 0 745 803
285 0 442 778
819 0 1000 740
0 0 285 1000
525 978 584 1000
525 912 584 978
525 833 584 912
525 715 584 833
745 887 819 1000
643 850 745 1000
745 669 819 887
442 627 525 1000
525 0 584 715
745 0 819 669
442 0 525 627
285 639 442 1000
0 765 285 1000
819 591 1000 1000
643 0 745 850
285 0 442 639
819 0 1000 591
0 0 285 765
525 676 584 1000
745 908 819 1000
745 799 819 908
745 675 819 799
285 868 442 1000
442 654 525 1000
584 0 643 1000
525 0 584 676
643 571 745 1000
745 0 819 675
442 0 525 654
643 0 745 571
285 474 442 868
285 0 442 474
819 551 1000 1000
819 0 1000 551
0 546 285 1000
0 0 285 546
525 519 584 1000
745 916 819 1000
525 274 584 519
525 0 584 274
745 664 819 916
819 857 1000 1000
442 658 525 1000
0 874 285 1000
285 770 442 1000
643 556 745 1000
745 0 819 664
442 0 525 658
643 0 745 556
285 391 442 770
285 0 442 391
819 494 1000 857
819 0 1000 494
0 0 285 874
525 807 584 1000
525 742 584 807
745 880 819 1000
643 910 745 1000
525 529 584 742
525 315 584 529
525 0 584 315
442 626 525 1000
745 449 819 880
745 0 819 449
819 737 1000 1000
442 0 525 626
285 603 442 1000
643 0 745 910
285 0 442 603
0 550 285 1000
819 0 1000 737
0 0 285 550
525 717 584 1000
525 668 584 717
745 752 819 1000
745 540 819 752
442 733 525 1000
0 893 285 1000
643 617 745 1000
584 0 643 1000
525 0 584 668
745 0 819 540
819 718 1000 1000
442 0 525 733
643 0 745 617
285 510 442 1000
285 0 442 510
0 553 285 893
819 0 1000 718
0 0 285 553
525 936 584 1000
525 894 584 936
584 200 643 1000
584 0 643 200
643 821 745 1000
525 454 584 894
525 0 584 454
745 559 819 1000
285 789 442 1000
442 504 525 1000
745 0 819 559
442 0 525 504
819 688 1000 1000
643 0 745 821
0 612 285 1000
285 0 442 789
819 0 1000 688
0 0 285 612
525 803 584 1000
745 874 819 1000
584 727 643 1000
745 643 819 874
285 800 442 1000
442 602 525 1000
584 0 643 727
643 544 745 1000
525 0 584 803
745 0 819 643
442 0 525 602
643 0 745 544
285 413 442 800
285 0 442 413
819 540 1000 1000
819 0 1000 540
0 466 285 1000
0 0 285 466
643 927 745 1000
525 798 584 1000
442 872 525 1000
584 293 643 1000
584 0 643 293
525 501 584 798
643 743 745 927
525 0 584 501
819 816 1000 1000
745 479 819 1000
745 0 819 479
0 788 285 1000
285 563 442 1000
442 0 525 872
643 0 745 743
285 0 442 563
819 0 1000 816
0 0 285 788
525 654 584 1000
525 587 584 654
442 829 525 1000
442 654 525 829
819 877 1000 1000
0 908 285 1000
745 571 819 1000
525 0 584 587
745 0 819 571
643 544 745 1000
442 0 525 654
643 0 745 544
285 578 442 1000
819 530 1000 877
285 0 442 578
819 0 1000 530
0 473 285 908
0 0 285 473
584 169 643 1000
584 137 643 169
525 951 584 1000
525 888 584 951
584 0 643 137
525 711 584 888
745 819 819 1000
525 390 584 711
525 0 584 390
745 478 819 819
442 616 525 1000
745 0 819 478
442 0 525 616
0 661 285 1000
643 0 745 1000
285 0 442 1000
819 0 1000 1000
0 0 285 661
525 736 584 1000
643 894 745 1000
745 804 819 1000
525 447 584 736
525 0 584 447
745 438 819 804
745 0 819 438
442 490 525 1000
442 0 525 490
643 469 745 894
285 707 442 1000
643 0 745 469
285 392 442 707
285 0 442 392
819 504 1000 1000
819 0 1000 504
0 571 285 1000
0 0 285 571
