574 963 716 988
574 936 716 963
574 908 716 936
574 879 716 908
574 850 716 879
574 821 716 850
574 791 716 821
574 761 716 791
574 727 716 761
574 690 716 727
574 651 716 690
574 612 716 651
574 573 716 612
574 532 716 573
574 488 716 532
574 437 716 488
574 379 716 437
574 300 716 379
574 213 716 300
425 905 574 992
574 107 716 213
574 0 716 107
425 800 574 905
425 694 574 800
425 569 574 694
425 415 574 569
0 895 227 999
425 249 574 415
227 872 425 997
425 0 574 249
227 666 425 872
227 455 425 666
227 229 425 455
227 0 425 229
0 682 227 895
0 414 227 682
0 0 227 414
716 240 858 245
574 990 716 996
716 229 858 240
716 218 858 229
425 982 574 997
716 198 858 218
227 979 425 998
716 168 858 198
716 126 858 168
716 84 858 126
716 42 858 84
716 0 858 42
574 944 716 990
574 895 716 944
574 843 716 895
574 790 716 843
574 734 716 790
574 677 716 734
574 579 716 677
574 478 716 579
0 933 227 1000
574 343 716 478
425 853 574 982
574 177 716 343
574 0 716 177
425 676 574 853
227 844 425 979
425 460 574 676
425 241 574 460
425 0 574 241
227 654 425 844
227 464 425 654
227 245 425 464
227 0 425 245
0 705 227 933
0 469 227 705
0 0 227 469
425 999 574 1000
716 801 858 803
716 794 858 801
716 787 858 794
716 780 858 787
716 772 858 780
716 760 858 772
716 743 858 760
716 723 858 743
716 696 858 723
574 967 716 1000
716 649 858 696
716 601 858 649
716 546 858 601
716 490 858 546
716 433 858 490
425 924 574 999
716 341 858 433
716 242 858 341
227 927 425 1000
716 122 858 242
716 0 858 122
574 835 716 967
574 694 716 835
574 537 716 694
574 364 716 537
574 187 716 364
574 0 716 187
425 642 574 924
425 337 574 642
0 785 227 1000
425 0 574 337
227 660 425 927
227 349 425 660
227 0 425 349
0 425 227 785
0 0 227 425
425 998 574 999
0 999 227 1000
425 995 574 998
716 183 858 198
716 167 858 183
716 149 858 167
716 129 858 149
716 107 858 129
716 84 858 107
716 59 858 84
574 967 716 999
425 954 574 995
716 0 858 59
0 959 227 999
574 899 716 967
574 830 716 899
574 761 716 830
574 675 716 761
574 588 716 675
574 495 716 588
227 917 425 1000
574 374 716 495
574 253 716 374
574 127 716 253
574 0 716 127
425 830 574 954
425 706 574 830
425 548 574 706
425 369 574 548
425 187 574 369
425 0 574 187
227 754 425 917
227 567 425 754
227 359 425 567
227 0 425 359
0 570 227 959
0 0 227 570
0 997 227 998
574 893 716 900
574 879 716 893
574 854 716 879
574 826 716 854
574 795 716 826
574 763 716 795
425 965 574 1000
574 714 716 763
574 660 716 714
574 601 716 660
574 535 716 601
574 465 716 535
574 383 716 465
574 293 716 383
574 200 716 293
574 102 716 200
574 0 716 102
425 863 574 965
425 750 574 863
227 902 425 998
425 617 574 750
425 482 574 617
425 325 574 482
425 165 574 325
425 0 574 165
227 773 425 902
227 641 425 773
227 490 425 641
227 338 425 490
227 169 425 338
227 0 425 169
0 848 227 997
0 694 227 848
0 520 227 694
0 299 227 520
0 0 227 299
574 998 716 1000
716 202 858 209
716 191 858 202
716 176 858 191
716 160 858 176
716 133 858 160
425 974 574 1000
227 972 425 999
716 90 858 133
716 45 858 90
716 0 858 45
574 952 716 998
574 905 716 952
574 855 716 905
574 796 716 855
574 735 716 796
574 672 716 735
574 599 716 672
574 525 716 599
425 896 574 974
574 403 716 525
574 277 716 403
574 141 716 277
574 0 716 141
425 740 574 896
425 572 574 740
425 387 574 572
425 195 574 387
425 0 574 195
227 803 425 972
227 629 425 803
227 443 425 629
227 236 425 443
0 807 227 1000
227 0 425 236
0 477 227 807
0 0 227 477
574 995 716 998
0 998 227 1000
716 393 858 399
574 987 716 995
716 374 858 393
716 355 858 374
227 980 425 999
716 324 858 355
716 292 858 324
716 247 858 292
716 202 858 247
716 156 858 202
716 108 858 156
716 58 858 108
716 0 858 58
574 920 716 987
574 845 716 920
574 751 716 845
425 907 574 1000
574 646 716 751
574 533 716 646
574 415 716 533
574 296 716 415
574 156 716 296
0 903 227 998
574 0 716 156
425 728 574 907
425 511 574 728
425 263 574 511
425 0 574 263
227 777 425 980
227 542 425 777
227 275 425 542
227 0 425 275
0 642 227 903
0 324 227 642
0 0 227 324
227 991 425 993
716 794 858 807
716 774 858 794
716 751 858 774
425 971 574 997
716 719 858 751
716 680 858 719
716 639 858 680
716 597 858 639
716 550 858 597
716 501 858 550
716 442 858 501
716 379 858 442
574 923 716 991
716 300 858 379
716 214 858 300
716 125 858 214
425 886 574 971
227 925 425 991
716 0 858 125
574 797 716 923
574 655 716 797
574 509 716 655
574 355 716 509
574 185 716 355
574 0 716 185
425 678 574 886
425 467 574 678
425 235 574 467
425 0 574 235
227 738 425 925
227 529 425 738
227 286 425 529
227 0 425 286
0 700 227 999
0 357 227 700
0 0 227 357
0 996 227 999
858 291 1000 301
858 277 1000 291
858 258 1000 277
858 239 1000 258
858 211 1000 239
858 180 1000 211
858 140 1000 180
716 960 858 1000
858 93 1000 140
716 908 858 960
227 959 425 999
574 913 716 993
858 0 1000 93
716 811 858 908
716 704 858 811
716 596 858 704
716 485 858 596
716 373 858 485
716 260 858 373
716 132 858 260
716 0 858 132
574 771 716 913
574 618 716 771
574 441 716 618
425 821 574 994
574 229 716 441
574 0 716 229
425 591 574 821
425 325 574 591
425 0 574 325
0 771 227 996
227 679 425 959
227 352 425 679
227 0 425 352
0 463 227 771
0 0 227 463
