0 690 232 1000
0 0 232 690
232 345 1000 642
232 0 1000 345
232 642 1000 1000
0 690 232 708
0 620 232 690
0 708 232 1000
0 0 232 620
232 0 1000 1000
0 620 232 1000
0 0 232 620
232 776 1000 1000
232 464 1000 776
232 0 1000 464
0 620 232 1000
0 0 232 620
232 776 1000 1000
232 464 1000 776
232 0 1000 464
0 816 232 1000
232 387 1000 464
0 0 232 816
232 0 1000 387
232 464 1000 1000
0 816 232 1000
0 551 232 816
0 0 232 551
232 640 1000 1000
232 0 1000 640
232 283 1000 448
232 735 1000 1000
232 0 1000 283
232 448 1000 735
0 0 232 1000
0 333 232 628
0 0 232 333
0 628 232 1000
232 0 1000 448
232 448 1000 1000
0 875 232 1000
0 628 232 875
0 0 232 628
232 778 1000 1000
232 0 1000 778
0 875 232 1000
0 628 232 875
0 0 232 628
232 778 1000 1000
232 0 1000 778
0 628 232 1000
0 0 232 628
232 322 1000 626
232 0 1000 322
232 626 1000 1000
0 628 232 1000
0 0 232 628
232 767 1000 1000
232 484 1000 767
232 0 1000 484
0 628 232 734
0 734 232 1000
0 0 232 628
232 786 1000 1000
232 0 1000 786
0 734 232 1000
0 0 232 734
232 321 1000 579
232 0 1000 321
232 579 1000 1000
0 734 232 1000
232 917 1000 1000
0 0 232 734
232 579 1000 917
232 0 1000 579
0 734 232 1000
232 917 1000 1000
0 0 232 734
232 505 1000 917
232 0 1000 505
0 734 232 1000
232 917 1000 1000
0 0 232 734
232 505 1000 917
232 0 1000 505
0 734 232 1000
232 917 1000 1000
0 0 232 734
232 505 1000 917
232 0 1000 505
232 922 1000 1000
0 734 232 1000
0 0 232 734
232 505 1000 922
232 0 1000 505
0 868 232 1000
232 834 1000 1000
0 0 232 868
232 505 1000 834
232 0 1000 505
0 621 232 1000
232 834 1000 1000
0 0 232 621
232 505 1000 834
232 0 1000 505
0 621 232 1000
232 834 1000 1000
0 0 232 621
232 487 1000 834
232 0 1000 487
232 434 1000 487
232 834 1000 1000
0 0 232 1000
232 487 1000 834
232 0 1000 434
232 434 1000 487
232 834 1000 1000
0 0 232 1000
232 487 1000 834
232 0 1000 434
0 545 232 1000
0 0 232 545
232 834 1000 1000
232 546 1000 834
232 0 1000 546
0 854 232 1000
232 783 1000 1000
0 0 232 854
232 413 1000 783
232 0 1000 413
0 854 232 1000
232 783 1000 1000
0 0 232 854
232 413 1000 783
232 0 1000 413
0 854 232 1000
232 783 1000 1000
0 0 232 854
232 413 1000 783
232 0 1000 413
0 854 232 1000
232 599 1000 783
232 783 1000 1000
0 0 232 854
232 0 1000 599
0 854 232 1000
232 417 1000 599
0 0 232 854
232 599 1000 1000
232 0 1000 417
0 695 232 1000
232 417 1000 599
0 0 232 695
232 599 1000 1000
232 0 1000 417
0 414 232 695
0 695 232 1000
0 0 232 414
232 0 1000 417
232 417 1000 1000
0 414 232 695
0 695 232 1000
0 0 232 414
232 0 1000 417
232 417 1000 1000
0 607 232 695
0 695 232 1000
0 0 232 607
232 737 1000 1000
232 0 1000 737
0 607 232 695
0 695 232 1000
0 0 232 607
232 737 1000 1000
232 0 1000 737
0 695 232 1000
232 599 1000 737
0 0 232 695
232 737 1000 1000
232 0 1000 599
0 695 232 1000
232 599 1000 737
0 0 232 695
232 737 1000 1000
232 0 1000 599
0 879 232 1000
0 735 232 879
0 0 232 735
232 687 1000 1000
232 0 1000 687
0 879 232 1000
0 735 232 879
0 0 232 735
232 687 1000 1000
232 0 1000 687
0 605 232 735
0 735 232 1000
0 0 232 605
232 0 1000 487
232 487 1000 1000
0 735 232 1000
232 881 1000 1000
0 0 232 735
232 487 1000 881
232 0 1000 487
0 735 232 1000
232 881 1000 1000
232 740 1000 881
0 0 232 735
232 0 1000 740
0 735 232 1000
232 554 1000 740
0 0 232 735
232 740 1000 1000
232 0 1000 554
0 518 232 735
0 735 232 1000
0 0 232 518
232 554 1000 1000
232 0 1000 554
0 735 232 1000
232 821 1000 1000
0 0 232 735
232 554 1000 821
232 0 1000 554
232 523 1000 554
0 735 232 1000
0 0 232 735
232 554 1000 1000
232 0 1000 523
0 536 232 735
0 735 232 1000
0 0 232 536
232 523 1000 1000
232 0 1000 523
