770 622 885 625
0 997 219 1000
655 990 770 1000
770 611 885 622
770 596 885 611
655 972 770 990
770 567 885 596
770 535 885 567
770 497 885 535
770 458 885 497
770 418 885 458
0 975 219 997
770 369 885 418
770 319 885 369
770 265 885 319
770 202 885 265
770 135 885 202
770 68 885 135
770 0 885 68
655 900 770 972
397 938 536 999
655 818 770 900
655 735 770 818
655 650 770 735
655 560 770 650
655 470 770 560
655 378 770 470
536 903 655 998
655 256 770 378
655 131 770 256
655 0 770 131
536 774 655 903
536 643 655 774
536 489 655 643
536 331 655 489
536 168 655 331
536 0 655 168
219 874 397 999
397 772 536 938
397 603 536 772
397 429 536 603
397 230 536 429
397 0 536 230
219 681 397 874
219 467 397 681
219 240 397 467
219 0 397 240
0 726 219 975
0 435 219 726
0 0 219 435
770 590 885 598
770 581 885 590
770 564 885 581
770 545 885 564
770 521 885 545
219 984 397 1000
770 493 885 521
770 463 885 493
770 432 885 463
655 958 770 999
770 379 885 432
770 321 885 379
770 263 885 321
770 205 885 263
397 950 536 998
770 143 885 205
770 77 885 143
770 0 885 77
655 879 770 958
655 797 770 879
655 714 770 797
655 623 770 714
655 530 770 623
536 905 655 999
655 431 770 530
655 329 770 431
655 222 770 329
655 114 770 222
655 0 770 114
536 794 655 905
536 648 655 794
536 495 655 648
536 342 655 495
536 172 655 342
536 0 655 172
397 792 536 950
397 629 536 792
397 441 536 629
397 225 536 441
397 0 536 225
0 856 219 1000
219 804 397 984
219 614 397 804
219 413 397 614
219 210 397 413
219 0 397 210
0 676 219 856
0 489 219 676
0 252 219 489
0 0 219 252
397 993 536 999
219 993 397 1000
770 906 885 918
770 891 885 906
770 872 885 891
770 852 885 872
770 825 885 852
770 796 885 825
770 761 885 796
770 726 885 761
770 685 885 726
770 643 885 685
770 594 885 643
770 543 885 594
770 489 885 543
770 435 885 489
770 374 885 435
770 309 885 374
770 239 885 309
770 168 885 239
536 929 655 1000
770 93 885 168
655 919 770 998
770 0 885 93
655 825 770 919
655 726 770 825
655 616 770 726
655 500 770 616
655 380 770 500
655 259 770 380
655 133 770 259
655 0 770 133
536 800 655 929
536 663 655 800
536 514 655 663
536 354 655 514
536 178 655 354
536 0 655 178
397 829 536 993
219 864 397 993
397 639 536 829
397 445 536 639
397 248 536 445
397 0 536 248
219 642 397 864
219 363 397 642
0 761 219 1000
219 0 397 363
0 428 219 761
0 0 219 428
536 996 655 1000
770 682 885 687
770 666 885 682
770 649 885 666
770 631 885 649
770 608 885 631
770 585 885 608
770 560 885 585
770 534 885 560
770 504 885 534
655 965 770 996
770 460 885 504
770 400 885 460
770 339 885 400
770 275 885 339
770 210 885 275
770 142 885 210
770 71 885 142
770 0 885 71
655 888 770 965
655 811 770 888
536 921 655 996
655 723 770 811
655 634 770 723
655 535 770 634
655 434 770 535
655 331 770 434
655 228 770 331
655 117 770 228
655 0 770 117
536 807 655 921
536 680 655 807
536 552 655 680
536 424 655 552
536 296 655 424
536 158 655 296
536 0 655 158
397 854 536 999
0 906 219 998
397 687 536 854
397 474 536 687
397 244 536 474
397 0 536 244
219 797 397 998
219 595 397 797
219 305 397 595
219 0 397 305
0 626 219 906
0 331 219 626
0 0 219 331
0 999 219 1000
770 942 885 949
770 933 885 942
770 924 885 933
770 911 885 924
219 991 397 1000
770 888 885 911
770 865 885 888
770 839 885 865
770 813 885 839
770 786 885 813
770 756 885 786
770 721 885 756
770 686 885 721
770 642 885 686
770 593 885 642
770 542 885 593
655 922 770 997
536 912 655 997
770 439 885 542
770 333 885 439
770 226 885 333
770 119 885 226
770 0 885 119
655 789 770 922
655 646 770 789
655 499 770 646
655 337 770 499
655 170 770 337
655 0 770 170
536 740 655 912
536 563 655 740
536 380 655 563
536 194 655 380
397 838 536 999
536 0 655 194
397 652 536 838
397 439 536 652
397 225 536 439
397 0 536 225
219 810 397 991
219 627 397 810
219 444 397 627
0 826 219 999
219 227 397 444
219 0 397 227
0 641 219 826
0 455 219 641
0 259 219 455
0 0 219 259
655 857 770 861
655 853 770 857
655 849 770 853
655 842 770 849
655 828 770 842
655 812 770 828
655 794 770 812
536 980 655 998
655 773 770 794
655 751 770 773
655 726 770 751
219 982 397 1000
655 692 770 726
655 652 770 692
655 609 770 652
655 565 770 609
655 520 770 565
655 473 770 520
655 426 770 473
655 378 770 426
655 328 770 378
655 271 770 328
655 208 770 271
655 142 770 208
655 72 770 142
655 0 770 72
536 909 655 980
536 838 655 909
536 758 655 838
536 662 655 758
397 915 536 998
536 562 655 662
536 461 655 562
536 359 655 461
536 242 655 359
536 124 655 242
536 0 655 124
219 888 397 982
397 708 536 915
397 496 536 708
397 253 536 496
397 0 536 253
219 686 397 888
219 477 397 686
219 239 397 477
219 0 397 239
0 791 219 1000
0 548 219 791
0 305 219 548
0 0 219 305
397 999 536 1000
536 998 655 1000
219 998 397 1000
536 993 655 998
536 987 655 993
770 717 885 731
770 702 885 717
770 687 885 702
397 985 536 999
770 668 885 687
770 647 885 668
770 621 885 647
770 593 885 621
770 564 885 593
655 968 770 997
770 512 885 564
770 450 885 512
770 386 885 450
770 316 885 386
770 245 885 316
770 170 885 245
770 92 885 170
770 0 885 92
655 874 770 968
655 770 770 874
397 894 536 985
655 635 770 770
655 495 770 635
655 349 770 495
536 837 655 987
655 178 770 349
655 0 770 178
536 652 655 837
536 461 655 652
536 236 655 461
0 874 219 1000
536 0 655 236
397 686 536 894
219 827 397 998
397 460 536 686
397 233 536 460
397 0 536 233
219 644 397 827
219 436 397 644
219 220 397 436
219 0 397 220
0 693 219 874
0 511 219 693
0 287 219 511
0 0 219 287
219 999 397 1000
770 772 885 774
655 997 770 1000
536 996 655 999
536 992 655 996
770 757 885 772
770 742 885 757
770 723 885 742
770 703 885 723
770 681 885 703
770 658 885 681
770 634 885 658
770 609 885 634
770 581 885 609
655 968 770 997
770 538 885 581
770 492 885 538
770 441 885 492
770 389 885 441
770 331 885 389
770 253 885 331
770 173 885 253
770 92 885 173
770 0 885 92
655 868 770 968
655 767 770 868
655 665 770 767
655 543 770 665
397 880 536 1000
655 383 770 543
536 835 655 992
219 887 397 999
655 199 770 383
655 0 770 199
536 642 655 835
536 446 655 642
536 225 655 446
0 878 219 1000
536 0 655 225
397 672 536 880
397 464 536 672
397 240 536 464
397 0 536 240
219 687 397 887
219 465 397 687
219 237 397 465
219 0 397 237
0 675 219 878
0 459 219 675
0 0 219 459
219 998 397 999
655 988 770 993
885 201 1000 216
0 991 219 1000
885 180 1000 201
885 158 1000 180
885 136 1000 158
885 108 1000 136
885 80 1000 108
885 49 1000 80
770 961 885 995
885 0 1000 49
770 910 885 961
770 853 885 910
770 789 885 853
770 714 885 789
536 919 655 996
770 626 885 714
770 537 885 626
770 438 885 537
770 334 885 438
770 229 885 334
770 123 885 229
770 0 885 123
655 864 770 988
655 735 770 864
655 606 770 735
655 468 770 606
655 328 770 468
655 167 770 328
655 0 770 167
536 749 655 919
397 852 536 999
536 567 655 749
536 385 655 567
536 193 655 385
536 0 655 193
397 668 536 852
397 480 536 668
219 846 397 998
397 245 536 480
397 0 536 245
219 645 397 846
219 439 397 645
219 226 397 439
219 0 397 226
0 797 219 991
0 559 219 797
0 309 219 559
0 0 219 309
655 998 770 999
397 999 536 1000
770 495 885 498
770 491 885 495
0 997 219 1000
770 484 885 491
397 993 536 999
536 991 655 1000
770 471 885 484
770 453 885 471
655 978 770 998
770 428 885 453
770 399 885 428
770 361 885 399
770 311 885 361
770 255 885 311
770 198 885 255
770 141 885 198
219 960 397 1000
770 78 885 141
536 927 655 991
0 960 219 997
770 0 885 78
655 899 770 978
397 907 536 993
655 785 770 899
655 670 770 785
655 551 770 670
655 428 770 551
655 299 770 428
655 152 770 299
655 0 770 152
536 779 655 927
536 628 655 779
536 474 655 628
536 318 655 474
536 161 655 318
536 0 655 161
397 746 536 907
397 584 536 746
397 413 536 584
397 217 536 413
397 0 536 217
219 789 397 960
219 530 397 789
219 267 397 530
219 0 397 267
0 684 219 960
0 392 219 684
0 0 219 392
770 429 885 433
770 423 885 429
536 992 655 998
219 993 397 998
0 994 219 1000
770 406 885 423
770 387 885 406
655 976 770 999
770 360 885 387
770 329 885 360
536 951 655 992
770 278 885 329
770 215 885 278
770 146 885 215
770 73 885 146
770 0 885 73
655 902 770 976
655 824 770 902
655 738 770 824
655 647 770 738
655 553 770 647
655 451 770 553
655 344 770 451
655 235 770 344
655 123 770 235
655 0 770 123
536 831 655 951
536 710 655 831
397 889 536 999
536 575 655 710
536 439 655 575
536 296 655 439
536 149 655 296
536 0 655 149
397 759 536 889
397 625 536 759
219 886 397 993
397 478 536 625
397 325 536 478
397 163 536 325
397 0 536 163
219 757 397 886
219 607 397 757
0 867 219 994
219 442 397 607
219 237 397 442
219 0 397 237
0 657 219 867
0 409 219 657
0 0 219 409
655 995 770 999
536 995 655 999
770 867 885 874
770 859 885 867
770 845 885 859
770 828 885 845
770 803 885 828
770 772 885 803
770 738 885 772
770 704 885 738
770 664 885 704
770 615 885 664
770 565 885 615
770 514 885 565
770 463 885 514
770 410 885 463
770 351 885 410
0 964 219 999
770 279 885 351
655 918 770 995
536 919 655 995
770 192 885 279
770 100 885 192
770 0 885 100
655 812 770 918
655 706 770 812
655 584 770 706
655 460 770 584
655 317 770 460
655 168 770 317
655 0 770 168
536 741 655 919
536 560 655 741
219 878 397 1000
536 376 655 560
536 191 655 376
536 0 655 191
397 829 536 999
397 639 536 829
397 434 536 639
397 221 536 434
397 0 536 221
219 696 397 878
219 508 397 696
0 810 219 964
219 269 397 508
219 0 397 269
0 586 219 810
0 333 219 586
0 0 219 333
