420 876 658 1000
324 628 420 1000
192 641 308 1000
658 851 1000 1000
324 0 420 628
0 624 192 1000
420 572 658 876
192 0 308 641
0 0 192 624
420 0 658 572
658 438 1000 851
658 0 1000 438
324 201 420 320
192 476 308 641
324 0 420 201
324 320 420 628
324 628 420 1000
192 641 308 1000
192 0 308 476
0 624 192 1000
420 572 658 1000
0 0 192 624
420 0 658 572
658 0 1000 1000
308 0 324 1000
192 476 308 641
324 0 420 320
192 641 308 1000
192 0 308 476
420 755 658 1000
324 320 420 1000
0 624 192 1000
0 0 192 624
658 540 1000 1000
420 0 658 755
658 0 1000 540
324 545 420 570
324 570 420 742
324 742 420 1000
324 0 420 545
192 0 308 476
192 476 308 1000
0 534 192 1000
0 0 192 534
420 0 658 456
420 456 658 1000
658 549 1000 1000
658 0 1000 549
324 0 420 48
324 48 420 143
192 0 308 112
192 112 308 476
420 777 658 1000
192 476 308 1000
324 143 420 1000
0 534 192 1000
658 722 1000 1000
0 0 192 534
420 0 658 777
658 0 1000 722
324 0 420 48
324 48 420 143
192 0 308 112
324 812 420 1000
0 728 192 1000
324 143 420 812
420 619 658 1000
192 112 308 1000
0 0 192 728
420 0 658 619
658 0 1000 497
658 497 1000 1000
324 0 420 26
324 812 420 870
324 870 420 1000
192 660 308 786
192 786 308 1000
0 0 192 134
420 712 658 1000
324 26 420 812
192 0 308 660
0 134 192 1000
420 0 658 712
658 0 1000 1000
324 0 420 26
324 903 420 1000
192 786 308 1000
0 0 192 134
0 779 192 1000
420 773 658 1000
324 26 420 903
192 0 308 786
0 134 192 779
658 612 1000 1000
420 0 658 773
658 0 1000 612
324 903 420 1000
192 786 308 1000
324 0 420 341
0 779 192 1000
192 0 308 390
192 390 308 786
324 341 420 903
420 773 658 1000
658 625 1000 1000
0 0 192 779
420 0 658 773
658 0 1000 625
324 903 420 1000
420 579 658 647
324 0 420 341
192 0 308 390
420 0 658 223
324 341 420 903
192 390 308 1000
420 647 658 1000
420 223 658 579
658 625 1000 1000
0 0 192 1000
658 0 1000 625
192 959 308 1000
324 903 420 1000
192 0 308 162
0 0 192 223
0 731 192 1000
420 647 658 1000
324 0 420 903
192 162 308 959
0 223 192 731
658 625 1000 1000
420 0 658 647
658 0 1000 625
324 280 420 440
192 0 308 162
0 878 192 1000
324 0 420 280
420 859 658 1000
0 0 192 223
324 440 420 1000
658 761 1000 1000
192 162 308 1000
0 223 192 878
420 0 658 859
658 0 1000 761
192 859 308 1000
0 878 192 1000
192 588 308 859
420 841 658 1000
658 813 1000 1000
192 0 308 588
0 487 192 878
0 0 192 487
324 0 420 1000
420 435 658 841
420 0 658 435
658 0 1000 813
324 768 420 815
324 950 420 1000
324 815 420 950
308 0 324 1000
658 926 1000 1000
420 841 658 1000
658 813 1000 926
324 0 420 768
192 0 308 1000
0 0 192 1000
420 0 658 841
658 0 1000 813
324 768 420 815
324 815 420 1000
420 868 658 1000
324 397 420 768
324 0 420 397
420 0 658 200
0 0 192 301
192 0 308 1000
0 301 192 1000
420 200 658 868
658 504 1000 1000
658 0 1000 504
192 916 308 1000
658 847 1000 883
420 793 658 868
420 868 658 1000
658 883 1000 1000
420 0 658 200
0 0 192 301
324 0 420 1000
192 0 308 916
0 301 192 1000
420 200 658 793
658 0 1000 847
192 0 308 101
192 264 308 369
192 101 308 264
0 169 192 301
0 0 192 169
324 0 420 384
324 384 420 1000
192 369 308 1000
420 503 658 1000
420 0 658 503
0 301 192 1000
658 0 1000 1000
192 0 308 101
192 264 308 369
324 844 420 1000
192 101 308 264
0 169 192 301
0 0 192 169
192 369 308 1000
324 0 420 844
658 755 1000 1000
0 301 192 1000
420 0 658 1000
658 0 1000 755
324 844 420 1000
324 475 420 844
324 0 420 475
192 537 308 1000
192 0 308 537
658 755 1000 1000
0 555 192 1000
420 0 658 437
0 0 192 555
658 443 1000 755
420 437 658 1000
658 0 1000 443
192 816 308 1000
324 714 420 1000
324 0 420 357
324 357 420 714
0 555 192 775
0 775 192 1000
420 801 658 1000
192 0 308 816
0 0 192 555
658 593 1000 1000
420 0 658 801
658 0 1000 593
308 0 324 1000
324 357 420 542
192 816 308 1000
324 0 420 357
324 542 420 1000
0 555 192 1000
192 0 308 816
0 0 192 555
420 0 658 486
420 486 658 1000
658 503 1000 1000
658 0 1000 503
324 357 420 415
324 415 420 542
308 0 324 1000
192 816 308 1000
324 0 420 357
324 542 420 1000
0 756 192 1000
420 616 658 1000
192 0 308 816
0 0 192 756
420 0 658 616
658 0 1000 1000
324 415 420 542
0 475 192 601
324 0 420 415
324 542 420 1000
192 0 308 451
420 0 658 265
192 451 308 1000
0 601 192 1000
0 0 192 475
658 543 1000 1000
420 265 658 1000
658 0 1000 543
324 415 420 542
192 851 308 1000
324 0 420 415
324 542 420 1000
192 451 308 851
192 0 308 451
420 0 658 265
0 601 192 1000
0 0 192 601
658 543 1000 1000
420 265 658 1000
658 0 1000 543
324 415 420 542
192 851 308 1000
324 0 420 415
324 542 420 1000
192 451 308 851
192 0 308 451
0 525 192 1000
0 0 192 525
420 533 658 1000
420 0 658 533
658 543 1000 1000
658 0 1000 543
308 0 324 309
308 309 324 1000
0 935 192 1000
420 941 658 1000
192 851 308 1000
0 735 192 935
0 525 192 735
324 0 420 1000
192 0 308 851
0 0 192 525
420 0 658 941
658 0 1000 1000
324 772 420 1000
0 0 192 118
0 872 192 1000
420 804 658 1000
0 622 192 872
324 0 420 772
420 0 658 324
0 118 192 622
420 324 658 804
192 0 308 1000
658 0 1000 433
658 433 1000 1000
0 0 192 118
192 750 308 1000
420 804 658 1000
0 622 192 1000
658 786 1000 1000
420 0 658 324
192 0 308 750
324 0 420 1000
0 118 192 622
420 324 658 804
658 433 1000 786
658 0 1000 433
