717 975 884 991
0 990 282 1000
884 739 1000 776
884 701 1000 739
884 648 1000 701
884 581 1000 648
884 491 1000 581
884 401 1000 491
884 301 1000 401
884 171 1000 301
282 922 515 991
884 0 1000 171
717 833 884 975
717 670 884 833
717 468 884 670
717 265 884 468
515 818 717 988
0 862 282 990
717 0 884 265
515 555 717 818
515 285 717 555
515 0 717 285
282 654 515 922
282 361 515 654
282 0 515 361
0 492 282 862
0 0 282 492
515 988 717 994
282 991 515 998
884 645 1000 668
884 621 1000 645
884 596 1000 621
282 978 515 991
884 543 1000 596
884 445 1000 543
884 347 1000 445
884 241 1000 347
884 131 1000 241
884 0 1000 131
717 886 884 985
717 756 884 886
515 821 717 988
717 534 884 756
0 867 282 1000
717 275 884 534
717 0 884 275
515 578 717 821
515 327 717 578
515 0 717 327
282 677 515 978
282 360 515 677
282 0 515 360
0 481 282 867
0 0 282 481
884 784 1000 790
884 760 1000 784
282 985 515 1000
884 724 1000 760
884 669 1000 724
884 594 1000 669
884 503 1000 594
515 944 717 1000
884 399 1000 503
0 938 282 998
884 242 1000 399
717 890 884 1000
884 0 1000 242
717 720 884 890
717 548 884 720
717 375 884 548
717 195 884 375
717 0 884 195
282 773 515 985
515 681 717 944
515 408 717 681
0 733 282 938
515 0 717 408
282 416 515 773
282 0 515 416
0 385 282 733
0 0 282 385
717 990 884 999
884 638 1000 665
884 595 1000 638
884 530 1000 595
884 463 1000 530
884 377 1000 463
884 264 1000 377
884 150 1000 264
717 898 884 990
884 0 1000 150
717 793 884 898
717 656 884 793
282 893 515 997
0 884 282 998
717 458 884 656
717 259 884 458
515 801 717 995
717 0 884 259
515 565 717 801
515 311 717 565
515 0 717 311
282 619 515 893
282 317 515 619
282 0 515 317
0 611 282 884
0 310 282 611
0 0 282 310
282 998 515 1000
884 819 1000 827
884 808 1000 819
884 796 1000 808
515 987 717 999
717 981 884 998
884 707 1000 796
884 573 1000 707
515 906 717 987
0 928 282 999
884 389 1000 573
884 204 1000 389
884 0 1000 204
717 814 884 981
717 639 884 814
282 869 515 998
717 430 884 639
717 216 884 430
717 0 884 216
515 698 717 906
515 485 717 698
515 267 717 485
515 0 717 267
282 615 515 869
0 681 282 928
282 0 515 615
0 0 282 681
884 892 1000 925
884 845 1000 892
884 776 1000 845
884 692 1000 776
884 601 1000 692
515 938 717 992
0 958 282 999
884 479 1000 601
884 322 1000 479
884 164 1000 322
884 0 1000 164
717 869 884 984
717 720 884 869
717 566 884 720
515 786 717 938
282 856 515 995
717 283 884 566
717 0 884 283
515 538 717 786
515 273 717 538
515 0 717 273
282 611 515 856
282 352 515 611
282 0 515 352
0 667 282 958
0 339 282 667
0 0 282 339
0 991 282 997
884 900 1000 930
884 862 1000 900
884 821 1000 862
884 775 1000 821
884 692 1000 775
884 587 1000 692
884 475 1000 587
884 332 1000 475
884 187 1000 332
717 884 884 995
884 0 1000 187
717 753 884 884
717 620 884 753
717 486 884 620
717 307 884 486
515 838 717 988
0 849 282 991
282 806 515 991
717 0 884 307
515 575 717 838
515 290 717 575
515 0 717 290
282 525 515 806
0 580 282 849
282 0 515 525
0 0 282 580
884 797 1000 806
884 785 1000 797
717 973 884 999
717 946 884 973
282 978 515 1000
0 965 282 997
884 691 1000 785
884 576 1000 691
884 455 1000 576
884 312 1000 455
884 165 1000 312
884 0 1000 165
717 830 884 946
717 705 884 830
717 579 884 705
717 419 884 579
717 255 884 419
515 855 717 997
282 851 515 978
0 855 282 965
717 0 884 255
515 610 717 855
282 548 515 851
0 602 282 855
515 0 717 610
282 0 515 548
0 0 282 602
515 980 717 994
884 798 1000 861
884 722 1000 798
884 627 1000 722
884 528 1000 627
884 415 1000 528
717 912 884 992
884 281 1000 415
884 144 1000 281
884 0 1000 144
717 788 884 912
282 901 515 996
515 852 717 980
0 894 282 992
717 598 884 788
717 407 884 598
717 210 884 407
717 0 884 210
515 658 717 852
515 463 717 658
515 243 717 463
515 0 717 243
282 685 515 901
282 410 515 685
282 0 515 410
0 486 282 894
0 0 282 486
282 988 515 989
884 766 1000 810
884 711 1000 766
884 638 1000 711
884 552 1000 638
884 465 1000 552
282 944 515 988
515 921 717 991
884 327 1000 465
884 182 1000 327
717 880 884 996
884 0 1000 182
0 922 282 1000
717 725 884 880
717 568 884 725
717 407 884 568
717 210 884 407
717 0 884 210
515 737 717 921
515 536 717 737
515 269 717 536
515 0 717 269
282 647 515 944
282 339 515 647
282 0 515 339
0 523 282 922
0 0 282 523
282 999 515 1000
717 978 884 998
0 986 282 1000
884 738 1000 778
884 677 1000 738
884 599 1000 677
884 504 1000 599
884 403 1000 504
884 298 1000 403
884 184 1000 298
884 0 1000 184
717 836 884 978
717 685 884 836
515 861 717 995
717 479 884 685
717 248 884 479
282 830 515 999
717 0 884 248
515 654 717 861
515 442 717 654
515 221 717 442
515 0 717 221
282 614 515 830
0 794 282 986
0 557 282 794
282 0 515 614
0 0 282 557
884 630 1000 638
884 611 1000 630
717 970 884 997
717 940 884 970
884 523 1000 611
884 409 1000 523
884 294 1000 409
884 150 1000 294
884 0 1000 150
717 832 884 940
717 722 884 832
717 611 884 722
717 483 884 611
717 328 884 483
717 168 884 328
717 0 884 168
515 853 717 998
515 699 717 853
515 504 717 699
515 304 717 504
282 758 515 1000
515 0 717 304
0 762 282 998
282 410 515 758
282 0 515 410
0 392 282 762
0 0 282 392
515 998 717 1000
884 643 1000 650
884 632 1000 643
282 989 515 999
884 607 1000 632
717 972 884 997
884 547 1000 607
515 960 717 998
884 435 1000 547
884 315 1000 435
0 946 282 1000
884 179 1000 315
884 0 1000 179
282 879 515 989
717 761 884 972
717 537 884 761
717 271 884 537
717 0 884 271
515 733 717 960
515 496 717 733
515 258 717 496
515 0 717 258
282 639 515 879
282 323 515 639
282 0 515 323
0 644 282 946
0 0 282 644
282 996 515 1000
884 770 1000 783
884 757 1000 770
884 742 1000 757
884 722 1000 742
0 986 282 998
884 673 1000 722
884 618 1000 673
717 953 884 999
884 512 1000 618
884 372 1000 512
884 206 1000 372
515 893 717 993
884 0 1000 206
0 898 282 986
717 778 884 953
717 583 884 778
282 840 515 996
717 297 884 583
717 0 884 297
515 644 717 893
515 335 717 644
515 0 717 335
282 522 515 840
0 628 282 898
282 0 515 522
0 0 282 628
