0 946 400 963
700 455 1000 552
700 310 1000 455
700 158 1000 310
700 0 1000 158
400 759 700 923
400 582 700 759
400 313 700 582
400 0 700 313
0 0 400 946
400 969 700 993
700 144 1000 197
700 0 1000 144
400 789 700 969
400 555 700 789
400 318 700 555
400 0 700 318
0 745 400 990
0 420 400 745
0 0 400 420
0 981 400 983
700 518 1000 563
700 385 1000 518
700 207 1000 385
400 797 700 992
700 0 1000 207
400 586 700 797
0 721 400 981
400 0 700 586
0 0 400 721
700 180 1000 253
700 96 1000 180
700 0 1000 96
400 875 700 986
400 755 700 875
400 613 700 755
400 363 700 613
400 0 700 363
0 649 400 957
0 0 400 649
700 524 1000 568
700 417 1000 524
0 860 400 992
700 229 1000 417
700 0 1000 229
400 697 700 994
400 374 700 697
400 0 700 374
0 484 400 860
0 0 400 484
400 823 700 844
400 775 700 823
0 940 400 990
0 886 400 940
0 820 400 886
700 0 1000 308
400 420 700 775
400 0 700 420
0 492 400 820
0 0 400 492
