504 985 707 990
504 979 707 985
504 960 707 979
875 762 1000 837
875 676 1000 762
875 588 1000 676
875 497 1000 588
875 392 1000 497
269 943 504 1000
875 254 1000 392
707 850 875 958
504 846 707 960
875 0 1000 254
707 593 875 850
707 309 875 593
707 0 875 309
504 590 707 846
504 311 707 590
504 0 707 311
0 635 269 999
269 475 504 943
269 0 504 475
0 0 269 635
875 556 1000 566
875 538 1000 556
269 984 504 1000
707 964 875 994
875 467 1000 538
707 911 875 964
504 948 707 1000
269 929 504 984
0 933 269 1000
875 322 1000 467
875 165 1000 322
875 0 1000 165
707 782 875 911
707 582 875 782
707 304 875 582
707 0 875 304
504 667 707 948
504 375 707 667
504 0 707 375
269 572 504 929
0 563 269 933
269 0 504 572
0 0 269 563
0 993 269 1000
875 546 1000 569
875 501 1000 546
875 449 1000 501
875 382 1000 449
875 276 1000 382
707 915 875 996
504 925 707 994
875 149 1000 276
875 0 1000 149
707 798 875 915
707 612 875 798
707 417 875 612
707 214 875 417
707 0 875 214
504 730 707 925
504 520 707 730
504 284 707 520
504 0 707 284
269 668 504 988
0 647 269 993
269 0 504 668
0 0 269 647
707 986 875 991
707 977 875 986
269 991 504 998
707 960 875 977
0 944 269 999
875 672 1000 805
875 537 1000 672
875 399 1000 537
875 221 1000 399
504 874 707 997
875 0 1000 221
707 791 875 960
269 859 504 991
707 560 875 791
707 283 875 560
707 0 875 283
504 608 707 874
504 308 707 608
504 0 707 308
269 577 504 859
0 561 269 944
269 0 504 577
0 0 269 561
875 873 1000 928
875 791 1000 873
504 913 707 977
269 912 504 973
0 916 269 981
875 600 1000 791
875 407 1000 600
875 213 1000 407
875 0 1000 213
707 813 875 986
707 633 875 813
707 429 875 633
707 224 875 429
707 0 875 224
504 726 707 913
504 520 707 726
504 282 707 520
504 0 707 282
269 667 504 912
269 403 504 667
0 679 269 916
269 0 504 403
0 0 269 679
269 995 504 1000
504 985 707 992
875 592 1000 641
875 543 1000 592
707 932 875 969
0 968 269 998
875 431 1000 543
875 224 1000 431
875 0 1000 224
707 758 875 932
707 582 875 758
707 399 875 582
707 216 875 399
707 0 875 216
504 773 707 985
504 540 707 773
504 300 707 540
504 0 707 300
269 695 504 995
269 394 504 695
0 671 269 968
269 0 504 394
0 0 269 671
0 994 269 995
504 988 707 997
875 805 1000 826
875 773 1000 805
875 729 1000 773
875 652 1000 729
875 572 1000 652
707 922 875 993
0 949 269 994
875 410 1000 572
875 238 1000 410
875 0 1000 238
707 723 875 922
707 522 875 723
707 269 875 522
707 0 875 269
504 756 707 988
504 454 707 756
0 687 269 949
504 0 707 454
269 508 504 995
269 0 504 508
0 0 269 687
875 606 1000 643
875 563 1000 606
875 514 1000 563
875 455 1000 514
875 390 1000 455
875 320 1000 390
269 949 504 998
875 218 1000 320
875 115 1000 218
875 0 1000 115
707 893 875 985
707 744 875 893
707 594 875 744
707 413 875 594
707 214 875 413
504 827 707 997
707 0 875 214
504 591 707 827
269 565 504 949
504 0 707 591
0 529 269 992
269 0 504 565
0 0 269 529
269 986 504 990
0 992 269 998
875 869 1000 898
875 824 1000 869
707 955 875 990
504 948 707 996
875 721 1000 824
707 874 875 955
269 913 504 986
0 906 269 992
875 488 1000 721
875 254 1000 488
875 0 1000 254
707 649 875 874
707 409 875 649
504 739 707 948
707 0 875 409
504 391 707 739
504 0 707 391
269 471 504 913
269 0 504 471
0 471 269 906
0 0 269 471
875 676 1000 722
875 629 1000 676
875 581 1000 629
875 518 1000 581
875 453 1000 518
875 374 1000 453
875 284 1000 374
875 176 1000 284
875 0 1000 176
0 883 269 989
707 749 875 969
707 510 875 749
707 266 875 510
504 781 707 995
707 0 875 266
504 544 707 781
269 772 504 982
504 273 707 544
504 0 707 273
269 529 504 772
269 276 504 529
269 0 504 276
0 0 269 883
0 996 269 997
875 586 1000 609
875 552 1000 586
504 960 707 988
269 966 504 991
875 453 1000 552
707 917 875 997
875 321 1000 453
875 165 1000 321
875 0 1000 165
707 791 875 917
707 650 875 791
707 488 875 650
707 311 875 488
269 827 504 966
0 861 269 996
707 0 875 311
504 700 707 960
504 389 707 700
504 0 707 389
269 485 504 827
269 0 504 485
0 0 269 861
0 997 269 998
875 667 1000 735
875 595 1000 667
875 519 1000 595
875 420 1000 519
0 949 269 997
269 932 504 991
504 893 707 997
875 215 1000 420
875 0 1000 215
707 770 875 966
707 565 875 770
707 352 875 565
504 716 707 893
269 759 504 932
0 790 269 949
707 0 875 352
504 370 707 716
504 0 707 370
269 427 504 759
269 0 504 427
0 396 269 790
0 0 269 396
0 984 269 989
875 877 1000 918
875 829 1000 877
875 760 1000 829
707 904 875 978
0 929 269 984
875 577 1000 760
875 391 1000 577
875 202 1000 391
875 0 1000 202
707 717 875 904
707 500 875 717
707 269 875 500
504 791 707 986
707 0 875 269
504 561 707 791
504 330 707 561
269 716 504 990
504 0 707 330
269 422 504 716
0 665 269 929
269 0 504 422
0 0 269 665
875 870 1000 887
875 845 1000 870
875 805 1000 845
875 761 1000 805
875 700 1000 761
875 635 1000 700
875 560 1000 635
875 471 1000 560
707 920 875 996
504 905 707 993
875 248 1000 471
875 0 1000 248
269 847 504 996
707 631 875 920
707 320 875 631
707 0 875 320
504 638 707 905
504 359 707 638
0 761 269 995
504 0 707 359
269 428 504 847
269 0 504 428
0 0 269 761
875 579 1000 625
875 522 1000 579
875 463 1000 522
875 369 1000 463
875 273 1000 369
875 156 1000 273
875 0 1000 156
707 876 875 995
269 904 504 1000
707 730 875 876
504 831 707 999
707 519 875 730
707 273 875 519
707 0 875 273
504 590 707 831
504 317 707 590
0 768 269 990
504 0 707 317
269 624 504 904
269 342 504 624
269 0 504 342
0 469 269 768
0 0 269 469
0 978 269 996
875 593 1000 650
875 499 1000 593
875 400 1000 499
875 290 1000 400
875 161 1000 290
707 887 875 988
875 0 1000 161
707 763 875 887
707 626 875 763
707 484 875 626
504 861 707 993
269 870 504 992
0 869 269 978
707 263 875 484
707 0 875 263
504 582 707 861
504 297 707 582
504 0 707 297
269 559 504 870
0 558 269 869
269 0 504 559
0 0 269 558
0 992 269 994
504 980 707 994
875 826 1000 859
875 784 1000 826
875 709 1000 784
269 949 504 994
875 576 1000 709
875 435 1000 576
875 224 1000 435
875 0 1000 224
707 827 875 995
707 659 875 827
0 859 269 992
269 777 504 949
707 330 875 659
707 0 875 330
504 697 707 980
504 392 707 697
504 0 707 392
269 426 504 777
269 0 504 426
0 487 269 859
0 0 269 487
0 992 269 995
707 959 875 976
0 975 269 992
875 699 1000 785
875 610 1000 699
875 502 1000 610
875 361 1000 502
875 182 1000 361
875 0 1000 182
707 823 875 959
707 671 875 823
707 469 875 671
504 822 707 1000
707 240 875 469
269 834 504 999
707 0 875 240
504 568 707 822
504 296 707 568
504 0 707 296
269 578 504 834
269 290 504 578
269 0 504 290
0 0 269 975
875 692 1000 714
875 659 1000 692
504 968 707 994
875 605 1000 659
875 551 1000 605
875 476 1000 551
0 947 269 995
707 882 875 984
875 246 1000 476
875 0 1000 246
707 697 875 882
707 511 875 697
504 802 707 968
707 259 875 511
707 0 875 259
504 543 707 802
504 283 707 543
504 0 707 283
269 704 504 991
269 409 504 704
269 0 504 409
0 568 269 947
0 0 269 568
875 866 1000 879
707 978 875 993
875 831 1000 866
875 793 1000 831
0 970 269 995
875 713 1000 793
875 601 1000 713
875 474 1000 601
875 332 1000 474
875 166 1000 332
875 0 1000 166
504 883 707 999
707 832 875 978
707 650 875 832
707 467 875 650
707 261 875 467
707 0 875 261
0 779 269 970
504 540 707 883
269 622 504 995
504 0 707 540
269 0 504 622
0 0 269 779
0 995 269 996
0 985 269 995
875 585 1000 629
504 959 707 993
875 517 1000 585
875 424 1000 517
504 895 707 959
875 226 1000 424
875 0 1000 226
707 807 875 995
707 612 875 807
707 417 875 612
707 214 875 417
707 0 875 214
504 711 707 895
269 804 504 982
504 483 707 711
504 249 707 483
504 0 707 249
269 520 504 804
269 0 504 520
0 505 269 985
0 0 269 505
875 714 1000 737
875 691 1000 714
875 663 1000 691
504 971 707 988
504 953 707 971
0 965 269 996
875 549 1000 663
875 430 1000 549
875 221 1000 430
707 836 875 999
875 0 1000 221
707 662 875 836
707 463 875 662
269 843 504 993
707 237 875 463
707 0 875 237
504 733 707 953
504 370 707 733
504 0 707 370
269 454 504 843
269 0 504 454
0 537 269 965
0 0 269 537
875 682 1000 703
707 967 875 991
707 930 875 967
504 957 707 997
875 559 1000 682
875 430 1000 559
875 297 1000 430
875 155 1000 297
269 919 504 997
875 0 1000 155
707 799 875 930
707 650 875 799
707 473 875 650
707 296 875 473
504 790 707 957
0 837 269 994
707 0 875 296
504 535 707 790
504 276 707 535
504 0 707 276
269 548 504 919
269 0 504 548
0 0 269 837
707 972 875 996
875 692 1000 741
875 639 1000 692
875 581 1000 639
875 484 1000 581
875 374 1000 484
875 260 1000 374
875 139 1000 260
875 0 1000 139
269 912 504 993
504 892 707 995
707 822 875 972
0 889 269 992
707 603 875 822
707 331 875 603
707 0 875 331
504 613 707 892
504 313 707 613
504 0 707 313
0 643 269 889
269 478 504 912
269 0 504 478
0 0 269 643
0 999 269 1000
875 692 1000 706
0 984 269 999
875 652 1000 692
875 549 1000 652
875 442 1000 549
875 334 1000 442
875 188 1000 334
504 899 707 992
875 0 1000 188
707 766 875 995
707 522 875 766
707 277 875 522
707 0 875 277
504 656 707 899
504 331 707 656
504 0 707 331
269 695 504 993
0 701 269 984
269 350 504 695
269 0 504 350
0 376 269 701
0 0 269 376
504 989 707 1000
269 982 504 999
875 642 1000 686
875 595 1000 642
875 545 1000 595
504 949 707 989
875 456 1000 545
875 358 1000 456
707 893 875 973
875 191 1000 358
875 0 1000 191
707 750 875 893
707 590 875 750
0 893 269 996
707 415 875 590
707 217 875 415
707 0 875 217
269 818 504 982
0 734 269 893
504 502 707 949
504 0 707 502
269 0 504 818
0 0 269 734
269 980 504 992
875 703 1000 745
875 656 1000 703
875 598 1000 656
875 509 1000 598
875 408 1000 509
875 296 1000 408
504 918 707 995
875 159 1000 296
875 0 1000 159
0 916 269 1000
707 794 875 992
707 550 875 794
707 306 875 550
707 0 875 306
504 627 707 918
504 330 707 627
504 0 707 330
269 678 504 980
269 353 504 678
269 0 504 353
0 553 269 916
0 0 269 553
0 994 269 997
0 982 269 994
504 972 707 999
875 756 1000 807
875 699 1000 756
707 949 875 996
875 609 1000 699
875 504 1000 609
875 395 1000 504
707 861 875 949
707 728 875 861
0 877 269 982
504 768 707 972
875 0 1000 395
707 371 875 728
707 0 875 371
269 696 504 995
504 393 707 768
504 0 707 393
269 351 504 696
269 0 504 351
0 496 269 877
0 0 269 496
0 983 269 993
875 856 1000 893
875 817 1000 856
875 748 1000 817
875 677 1000 748
0 950 269 983
875 567 1000 677
707 896 875 979
875 403 1000 567
875 213 1000 403
875 0 1000 213
707 735 875 896
504 821 707 988
707 510 875 735
707 280 875 510
707 0 875 280
504 577 707 821
504 329 707 577
269 716 504 988
504 0 707 329
0 701 269 950
269 0 504 716
0 0 269 701
707 991 875 999
875 630 1000 668
875 582 1000 630
875 530 1000 582
269 971 504 1000
504 941 707 998
875 388 1000 530
875 238 1000 388
707 872 875 991
875 0 1000 238
707 681 875 872
707 482 875 681
0 864 269 998
707 243 875 482
707 0 875 243
269 797 504 971
504 690 707 941
504 436 707 690
504 0 707 436
269 414 504 797
269 0 504 414
0 439 269 864
0 0 269 439
875 660 1000 690
875 613 1000 660
875 560 1000 613
875 500 1000 560
0 969 269 1000
707 941 875 995
875 400 1000 500
875 280 1000 400
875 146 1000 280
875 0 1000 146
707 830 875 941
707 719 875 830
707 601 875 719
269 872 504 992
707 393 875 601
504 692 707 983
707 0 875 393
504 365 707 692
504 0 707 365
0 657 269 969
269 467 504 872
269 0 504 467
0 0 269 657
875 618 1000 642
875 590 1000 618
875 503 1000 590
875 414 1000 503
707 924 875 996
875 294 1000 414
875 170 1000 294
875 0 1000 170
707 776 875 924
269 880 504 1000
707 592 875 776
504 819 707 989
0 826 269 997
707 306 875 592
707 0 875 306
504 563 707 819
504 294 707 563
504 0 707 294
269 616 504 880
269 328 504 616
269 0 504 328
0 479 269 826
0 0 269 479
269 992 504 995
269 988 504 992
0 990 269 1000
269 969 504 988
875 585 1000 669
875 491 1000 585
875 342 1000 491
875 187 1000 342
875 0 1000 187
707 828 875 980
707 665 875 828
707 454 875 665
707 230 875 454
707 0 875 230
504 767 707 967
269 754 504 969
0 740 269 990
504 405 707 767
504 0 707 405
269 401 504 754
269 0 504 401
0 388 269 740
0 0 269 388
875 738 1000 806
875 666 1000 738
875 577 1000 666
707 933 875 999
875 477 1000 577
875 368 1000 477
875 258 1000 368
875 143 1000 258
875 0 1000 143
707 818 875 933
707 696 875 818
0 913 269 998
707 498 875 696
707 258 875 498
707 0 875 258
504 658 707 959
504 336 707 658
504 0 707 336
269 692 504 996
269 368 504 692
269 0 504 368
0 545 269 913
0 0 269 545
