814 513 1000 551
814 462 1000 513
814 387 1000 462
814 295 1000 387
327 916 593 983
814 166 1000 295
814 0 1000 166
593 843 814 986
0 876 327 989
593 631 814 843
593 323 814 631
593 0 814 323
327 632 593 916
327 332 593 632
327 0 593 332
0 597 327 876
0 317 327 597
0 0 327 317
814 524 1000 553
814 483 1000 524
814 439 1000 483
814 393 1000 439
593 937 814 987
593 863 814 937
814 214 1000 393
814 0 1000 214
593 681 814 863
593 487 814 681
593 245 814 487
593 0 814 245
327 750 593 990
0 762 327 998
327 392 593 750
327 0 593 392
0 395 327 762
0 0 327 395
814 419 1000 424
814 404 1000 419
593 957 814 999
814 352 1000 404
0 966 327 1000
593 906 814 957
593 849 814 906
593 770 814 849
327 911 593 997
327 812 593 911
0 864 327 966
814 0 1000 352
593 404 814 770
593 0 814 404
327 472 593 812
327 0 593 472
0 453 327 864
0 0 327 453
814 527 1000 569
327 965 593 998
814 476 1000 527
0 963 327 996
593 927 814 988
814 372 1000 476
814 261 1000 372
814 147 1000 261
814 0 1000 147
593 784 814 927
593 625 814 784
593 367 814 625
327 719 593 965
593 0 814 367
327 393 593 719
327 0 593 393
0 516 327 963
0 0 327 516
327 983 593 995
593 955 814 982
814 418 1000 482
814 334 1000 418
814 225 1000 334
814 113 1000 225
814 0 1000 113
593 851 814 955
593 716 814 851
593 565 814 716
593 359 814 565
327 734 593 983
593 0 814 359
0 718 327 996
327 368 593 734
327 0 593 368
0 385 327 718
0 0 327 385
814 597 1000 614
814 578 1000 597
814 552 1000 578
814 508 1000 552
814 457 1000 508
0 939 327 995
814 324 1000 457
814 183 1000 324
814 0 1000 183
593 830 814 996
593 654 814 830
593 358 814 654
327 717 593 999
593 0 814 358
327 404 593 717
327 0 593 404
0 552 327 939
0 0 327 552
327 999 593 1000
814 757 1000 761
814 753 1000 757
327 973 593 999
814 694 1000 753
814 573 1000 694
814 438 1000 573
327 858 593 973
814 232 1000 438
814 0 1000 232
593 803 814 1000
593 584 814 803
593 310 814 584
593 0 814 310
327 588 593 858
0 533 327 1000
327 0 593 588
0 0 327 533
0 998 327 1000
0 995 327 998
814 347 1000 386
814 307 1000 347
814 262 1000 307
814 148 1000 262
814 0 1000 148
593 865 814 994
593 699 814 865
593 515 814 699
0 854 327 995
593 269 814 515
593 0 814 269
327 699 593 983
327 368 593 699
327 0 593 368
0 429 327 854
0 0 327 429
327 992 593 998
327 986 593 992
814 742 1000 782
0 966 327 996
814 634 1000 742
814 520 1000 634
814 394 1000 520
814 219 1000 394
814 0 1000 219
327 815 593 986
593 752 814 984
0 787 327 966
593 381 814 752
593 0 814 381
327 454 593 815
327 0 593 454
0 411 327 787
0 0 327 411
814 384 1000 412
814 351 1000 384
0 974 327 994
814 295 1000 351
593 912 814 989
814 181 1000 295
814 0 1000 181
593 716 814 912
593 513 814 716
593 259 814 513
593 0 814 259
327 771 593 996
327 546 593 771
327 317 593 546
0 757 327 974
327 0 593 317
0 487 327 757
0 0 327 487
814 544 1000 558
593 981 814 994
814 485 1000 544
814 421 1000 485
814 355 1000 421
814 268 1000 355
814 150 1000 268
814 0 1000 150
593 848 814 981
593 610 814 848
593 362 814 610
0 780 327 996
593 0 814 362
327 671 593 992
327 348 593 671
327 0 593 348
0 435 327 780
0 0 327 435
814 737 1000 753
814 686 1000 737
814 624 1000 686
593 942 814 995
814 541 1000 624
814 449 1000 541
0 915 327 1000
593 815 814 942
814 228 1000 449
814 0 1000 228
327 819 593 995
593 562 814 815
593 302 814 562
593 0 814 302
327 495 593 819
327 0 593 495
0 461 327 915
0 0 327 461
0 990 327 999
814 580 1000 630
814 528 1000 580
814 473 1000 528
593 926 814 985
814 328 1000 473
814 179 1000 328
814 0 1000 179
593 775 814 926
327 847 593 998
593 578 814 775
593 338 814 578
0 809 327 990
593 0 814 338
327 546 593 847
0 560 327 809
327 0 593 546
0 0 327 560
814 453 1000 493
593 920 814 978
814 349 1000 453
814 240 1000 349
814 122 1000 240
814 0 1000 122
593 812 814 920
0 897 327 995
593 655 814 812
593 481 814 655
327 846 593 998
593 247 814 481
593 0 814 247
327 624 593 846
327 354 593 624
327 0 593 354
0 504 327 897
0 0 327 504
0 989 327 992
0 980 327 989
0 971 327 980
814 535 1000 598
814 466 1000 535
593 921 814 989
814 369 1000 466
814 262 1000 369
814 146 1000 262
814 0 1000 146
593 790 814 921
0 867 327 971
593 590 814 790
593 371 814 590
593 0 814 371
327 503 593 962
327 0 593 503
0 0 327 867
0 994 327 996
814 569 1000 590
327 981 593 999
814 531 1000 569
593 959 814 996
814 455 1000 531
814 368 1000 455
814 227 1000 368
814 0 1000 227
593 735 814 959
593 499 814 735
593 260 814 499
593 0 814 260
327 703 593 981
327 377 593 703
327 0 593 377
0 667 327 994
0 0 327 667
0 988 327 1000
593 971 814 993
814 601 1000 645
327 961 593 996
814 511 1000 601
814 376 1000 511
814 215 1000 376
814 0 1000 215
593 790 814 971
0 835 327 988
593 544 814 790
593 280 814 544
593 0 814 280
327 681 593 961
327 375 593 681
327 0 593 375
0 476 327 835
0 0 327 476
0 980 327 997
0 963 327 980
814 471 1000 549
814 384 1000 471
814 283 1000 384
814 149 1000 283
814 0 1000 149
593 820 814 967
593 658 814 820
593 480 814 658
593 257 814 480
327 791 593 997
593 0 814 257
327 567 593 791
327 336 593 567
0 762 327 963
327 0 593 336
0 0 327 762
0 989 327 992
814 495 1000 516
327 972 593 994
814 449 1000 495
814 381 1000 449
593 936 814 993
814 281 1000 381
814 172 1000 281
814 0 1000 172
0 887 327 989
327 818 593 972
593 701 814 936
593 420 814 701
593 0 814 420
327 462 593 818
327 0 593 462
0 479 327 887
0 0 327 479
327 991 593 992
327 980 593 991
814 533 1000 590
593 927 814 998
327 912 593 980
814 402 1000 533
814 212 1000 402
0 880 327 1000
814 0 1000 212
593 746 814 927
593 561 814 746
593 285 814 561
593 0 814 285
327 666 593 912
327 365 593 666
327 0 593 365
0 482 327 880
0 0 327 482
814 531 1000 542
593 985 814 997
814 494 1000 531
814 430 1000 494
593 930 814 985
814 290 1000 430
814 145 1000 290
814 0 1000 145
0 914 327 999
593 757 814 930
593 569 814 757
593 379 814 569
327 819 593 999
593 0 814 379
327 466 593 819
327 0 593 466
0 533 327 914
0 0 327 533
814 763 1000 784
814 722 1000 763
814 656 1000 722
593 908 814 986
327 880 593 997
814 480 1000 656
814 249 1000 480
814 0 1000 249
593 693 814 908
593 477 814 693
593 251 814 477
593 0 814 251
0 806 327 992
327 636 593 880
327 368 593 636
327 0 593 368
0 406 327 806
0 0 327 406
814 748 1000 786
814 703 1000 748
0 958 327 985
814 614 1000 703
814 521 1000 614
814 426 1000 521
814 325 1000 426
814 166 1000 325
814 0 1000 166
593 838 814 993
327 840 593 974
593 638 814 838
593 328 814 638
593 0 814 328
327 555 593 840
0 687 327 958
327 0 593 555
0 0 327 687
593 965 814 975
0 983 327 995
814 495 1000 553
593 899 814 965
327 923 593 999
814 357 1000 495
814 187 1000 357
814 0 1000 187
593 707 814 899
593 497 814 707
593 251 814 497
593 0 814 251
327 702 593 923
0 791 327 983
327 361 593 702
327 0 593 361
0 412 327 791
0 0 327 412
0 995 327 998
814 600 1000 610
814 586 1000 600
814 566 1000 586
814 522 1000 566
814 466 1000 522
814 404 1000 466
593 910 814 996
814 280 1000 404
814 144 1000 280
814 0 1000 144
0 886 327 995
593 678 814 910
327 678 593 997
0 576 327 886
593 0 814 678
327 0 593 678
0 0 327 576
0 984 327 995
593 950 814 994
814 409 1000 484
814 317 1000 409
814 175 1000 317
327 897 593 999
814 0 1000 175
593 794 814 950
593 610 814 794
593 414 814 610
593 217 814 414
593 0 814 217
0 833 327 984
327 665 593 897
327 343 593 665
327 0 593 343
0 498 327 833
0 0 327 498
