385 0 521 229
785 817 1000 1000
649 678 785 1000
785 0 1000 238
521 0 649 441
521 441 649 1000
649 0 785 678
385 229 521 1000
785 238 1000 817
0 0 385 1000
385 0 521 229
785 817 1000 1000
649 678 785 1000
521 0 649 441
521 441 649 1000
649 0 785 678
0 749 385 1000
385 229 521 1000
785 0 1000 817
0 0 385 749
385 0 521 229
785 817 1000 1000
649 678 785 1000
521 0 649 441
521 441 649 1000
649 0 785 678
0 749 385 1000
385 229 521 1000
785 0 1000 817
0 0 385 749
785 817 1000 1000
649 678 785 1000
785 586 1000 817
521 0 649 441
521 441 649 1000
649 0 785 678
0 749 385 1000
785 0 1000 586
385 0 521 1000
0 0 385 749
521 852 649 1000
649 678 785 1000
521 441 649 852
521 0 649 441
785 586 1000 1000
649 0 785 678
785 0 1000 586
385 0 521 1000
0 511 385 1000
0 0 385 511
521 852 649 1000
649 678 785 1000
521 441 649 852
521 0 649 441
785 586 1000 1000
649 0 785 678
785 0 1000 586
385 0 521 1000
0 511 385 1000
0 0 385 511
