128 0 174 26
0 938 69 1000
128 758 174 864
128 649 174 758
128 864 174 1000
174 135 296 222
174 0 296 135
0 668 69 938
69 573 128 1000
128 26 174 649
296 772 438 1000
69 0 128 573
829 0 1000 225
174 628 296 1000
0 0 69 668
174 222 296 628
296 408 438 772
296 0 438 408
588 716 829 1000
438 516 588 1000
438 0 588 516
829 225 1000 1000
588 0 829 716
128 0 174 26
128 354 174 391
128 316 174 354
69 808 128 879
69 879 128 1000
174 923 296 1000
174 135 296 222
128 26 174 316
174 0 296 135
174 785 296 923
588 930 829 1000
438 841 588 1000
128 391 174 1000
296 734 438 1000
829 0 1000 225
69 0 128 808
174 222 296 785
0 0 69 1000
588 622 829 930
296 0 438 734
438 0 588 841
829 225 1000 1000
588 0 829 622
128 961 174 1000
0 922 69 1000
69 879 128 1000
128 665 174 961
69 593 128 879
438 841 588 1000
0 562 69 922
588 881 829 1000
128 0 174 665
296 757 438 1000
69 0 128 593
174 703 296 1000
0 0 69 562
174 356 296 703
174 0 296 356
296 417 438 757
296 0 438 417
438 438 588 841
438 0 588 438
829 0 1000 482
829 482 1000 1000
588 458 829 881
588 0 829 458
0 526 69 562
69 933 128 1000
69 836 128 933
128 843 174 1000
128 287 174 565
128 565 174 843
128 0 174 287
69 574 128 836
69 309 128 574
69 0 128 309
174 784 296 1000
0 562 69 1000
0 0 69 526
174 0 296 356
438 686 588 1000
174 356 296 784
296 0 438 417
829 614 1000 1000
588 718 829 1000
296 417 438 1000
438 0 588 686
829 0 1000 614
588 0 829 718
128 980 174 1000
174 951 296 1000
0 886 69 1000
128 731 174 980
69 717 128 1000
0 631 69 886
174 784 296 951
829 869 1000 1000
438 789 588 1000
128 0 174 731
296 743 438 1000
69 0 128 717
0 0 69 631
174 417 296 784
174 0 296 417
296 381 438 743
296 0 438 381
438 405 588 789
438 0 588 405
829 441 1000 869
829 0 1000 441
588 597 829 1000
588 0 829 597
128 691 174 731
69 872 128 1000
128 731 174 1000
174 888 296 1000
0 786 69 1000
128 369 174 691
128 0 174 369
69 443 128 872
69 0 128 443
0 400 69 786
0 0 69 400
296 772 438 1000
174 621 296 888
174 325 296 621
174 0 296 325
829 745 1000 1000
296 443 438 772
296 0 438 443
438 547 588 1000
588 708 829 1000
438 0 588 547
829 0 1000 745
588 0 829 708
128 0 174 52
128 654 174 731
0 904 69 1000
69 872 128 1000
174 142 296 219
128 731 174 1000
128 358 174 654
128 52 174 358
174 0 296 142
69 550 128 872
296 839 438 1000
174 779 296 1000
69 0 128 550
296 606 438 839
438 670 588 1000
829 700 1000 1000
0 0 69 904
174 219 296 779
296 0 438 606
438 0 588 670
588 563 829 1000
829 0 1000 700
588 0 829 563
128 0 174 52
128 654 174 731
128 358 174 463
174 944 296 1000
128 463 174 654
174 142 296 219
128 731 174 1000
128 52 174 358
174 0 296 142
0 722 69 1000
69 635 128 1000
829 833 1000 1000
69 0 128 635
174 628 296 944
0 0 69 722
174 219 296 628
438 653 588 1000
296 606 438 1000
296 0 438 606
588 612 829 1000
438 0 588 653
829 0 1000 833
588 0 829 612
0 917 69 1000
128 463 174 654
588 953 829 1000
174 0 296 97
69 371 128 635
128 654 174 1000
174 862 296 1000
296 851 438 1000
128 0 174 463
69 635 128 1000
69 0 128 371
0 544 69 917
0 0 69 544
174 483 296 862
174 97 296 483
296 483 438 851
438 584 588 1000
296 0 438 483
829 521 1000 1000
438 0 588 584
829 0 1000 521
588 523 829 953
588 0 829 523
128 825 174 905
128 905 174 1000
174 889 296 932
69 887 128 1000
174 932 296 1000
174 0 296 97
128 429 174 825
128 0 174 429
69 544 128 887
0 544 69 1000
69 0 128 544
296 740 438 1000
0 0 69 544
588 809 829 1000
174 502 296 889
174 97 296 502
296 376 438 740
296 0 438 376
438 558 588 1000
829 570 1000 1000
438 0 588 558
829 0 1000 570
588 0 829 809
128 905 174 906
128 906 174 1000
0 903 69 1000
174 773 296 840
438 941 588 1000
829 945 1000 1000
128 689 174 905
69 771 128 1000
588 938 829 1000
0 642 69 903
174 840 296 1000
128 0 174 689
0 0 69 642
69 0 128 771
174 389 296 773
174 0 296 389
438 558 588 941
296 0 438 405
829 570 1000 945
438 0 588 558
296 405 438 1000
829 0 1000 570
588 0 829 938
128 648 174 689
829 945 1000 1000
69 771 128 1000
128 689 174 1000
588 938 829 1000
438 883 588 1000
174 840 296 1000
69 435 128 771
69 0 128 435
296 405 438 602
128 0 174 648
0 0 69 487
0 487 69 1000
174 0 296 389
174 389 296 840
296 602 438 1000
296 0 438 405
438 494 588 883
438 0 588 494
829 490 1000 945
829 0 1000 490
588 523 829 938
588 0 829 523
128 813 174 825
128 648 174 689
128 761 174 813
128 689 174 761
0 948 69 1000
128 825 174 1000
174 133 296 216
174 0 296 133
174 840 296 1000
0 586 69 948
69 0 128 435
128 0 174 648
69 435 128 1000
829 781 1000 1000
0 0 69 586
438 715 588 1000
588 764 829 1000
296 0 438 405
174 216 296 840
296 405 438 1000
438 0 588 715
829 0 1000 781
588 0 829 764
128 529 174 551
0 948 69 1000
128 551 174 648
128 173 174 337
128 0 174 173
128 337 174 529
174 133 296 216
438 922 588 1000
128 648 174 1000
174 0 296 133
174 840 296 1000
69 0 128 435
69 435 128 1000
829 781 1000 1000
438 543 588 922
588 764 829 1000
296 0 438 405
0 0 69 948
174 216 296 840
438 0 588 543
296 405 438 1000
829 0 1000 781
588 0 829 764
128 529 174 551
69 0 128 51
128 551 174 648
128 648 174 762
128 762 174 1000
438 840 588 1000
128 0 174 529
69 532 128 1000
69 51 128 532
0 579 69 1000
174 716 296 1000
296 750 438 1000
0 0 69 579
174 386 296 716
174 0 296 386
296 400 438 750
296 0 438 400
438 458 588 840
438 0 588 458
829 527 1000 1000
829 0 1000 527
588 0 829 451
588 451 829 1000
69 0 128 51
174 642 296 716
438 922 588 1000
128 0 174 281
69 430 128 676
69 676 128 1000
69 51 128 430
296 820 438 1000
0 579 69 1000
174 386 296 642
588 451 829 588
128 281 174 1000
174 716 296 1000
0 0 69 579
174 0 296 386
296 446 438 820
296 0 438 446
438 473 588 922
438 0 588 473
829 527 1000 1000
829 0 1000 527
588 588 829 1000
588 0 829 451
128 407 174 461
69 0 128 53
128 461 174 632
128 632 174 806
128 806 174 1000
174 0 296 95
0 431 69 620
69 430 128 676
128 0 174 407
69 676 128 1000
829 872 1000 1000
69 53 128 430
296 820 438 1000
0 620 69 1000
174 770 296 1000
0 0 69 431
174 477 296 770
174 95 296 477
588 588 829 1000
296 0 438 820
588 0 829 588
829 0 1000 872
438 0 588 1000
69 0 128 53
128 806 174 1000
174 0 296 95
829 929 1000 1000
128 407 174 806
128 0 174 407
174 820 296 1000
69 53 128 487
0 620 69 1000
69 487 128 1000
438 767 588 1000
296 736 438 1000
174 505 296 820
0 0 69 620
174 95 296 505
296 371 438 736
296 0 438 371
438 414 588 767
438 0 588 414
829 536 1000 929
829 0 1000 536
588 588 829 1000
588 0 829 588
128 905 174 926
128 883 174 905
128 849 174 883
128 806 174 849
128 926 174 1000
0 899 69 1000
588 924 829 1000
128 404 174 806
128 0 174 404
0 620 69 899
69 638 128 1000
438 790 588 1000
296 738 438 1000
69 0 128 638
0 0 69 620
829 734 1000 1000
174 505 296 1000
174 0 296 505
588 588 829 924
296 0 438 738
438 0 588 790
829 0 1000 734
588 0 829 588
128 738 174 768
128 404 174 474
128 324 174 404
128 768 174 1000
128 474 174 738
128 0 174 324
69 380 128 638
0 375 69 620
69 638 128 1000
69 0 128 380
0 0 69 375
0 620 69 1000
174 744 296 1000
438 790 588 1000
174 392 296 744
829 734 1000 1000
174 0 296 392
296 595 438 1000
588 691 829 1000
296 0 438 595
438 0 588 790
829 0 1000 734
588 0 829 691
69 0 128 61
128 324 174 474
0 620 69 758
174 915 296 1000
296 896 438 1000
128 0 174 324
69 380 128 638
0 758 69 1000
0 375 69 620
69 61 128 380
174 744 296 915
69 638 128 1000
128 474 174 1000
174 536 296 744
0 0 69 375
829 834 1000 1000
296 595 438 896
438 579 588 1000
174 0 296 536
296 0 438 595
438 0 588 579
829 0 1000 834
588 0 829 1000
128 924 174 1000
69 0 128 61
128 786 174 924
69 849 128 1000
174 915 296 1000
128 474 174 786
0 758 69 1000
588 921 829 1000
128 0 174 474
69 466 128 849
69 61 128 466
0 406 69 758
0 0 69 406
296 763 438 1000
829 761 1000 1000
438 726 588 1000
174 497 296 915
174 0 296 497
588 594 829 921
296 0 438 763
438 0 588 726
829 0 1000 761
588 0 829 594
128 284 174 448
588 968 829 1000
128 448 174 687
174 908 296 1000
588 921 829 968
174 0 296 101
128 0 174 284
174 790 296 908
128 687 174 1000
69 0 128 466
0 0 69 406
69 466 128 1000
0 406 69 1000
174 451 296 790
174 101 296 451
438 600 588 1000
296 509 438 1000
296 0 438 509
829 559 1000 1000
438 0 588 600
829 0 1000 559
588 487 829 921
588 0 829 487
69 421 128 466
128 603 174 687
69 916 128 1000
128 448 174 603
174 908 296 1000
174 0 296 101
128 687 174 1000
438 864 588 1000
128 0 174 448
0 642 69 1000
69 0 128 421
69 466 128 916
829 836 1000 1000
296 765 438 1000
588 821 829 1000
0 0 69 642
174 522 296 908
174 101 296 522
296 401 438 765
296 0 438 401
438 0 588 864
829 0 1000 836
588 0 829 821
