661 0 1000 22
661 22 1000 123
661 336 1000 450
661 123 1000 336
661 769 1000 1000
661 450 1000 769
0 0 661 1000
661 952 1000 1000
0 859 661 891
0 891 661 1000
0 0 661 125
0 125 661 300
661 0 1000 952
0 300 661 859
0 891 1000 944
0 944 1000 1000
0 786 1000 891
0 657 1000 786
0 522 1000 657
0 300 1000 522
0 0 1000 300
0 948 1000 1000
0 871 1000 948
0 793 1000 871
0 709 1000 793
0 534 1000 709
0 347 1000 534
0 0 1000 347
0 993 1000 1000
0 919 1000 993
0 784 1000 919
0 638 1000 784
0 475 1000 638
0 292 1000 475
0 0 1000 292
0 935 1000 967
0 967 1000 1000
0 877 1000 935
0 779 1000 877
0 580 1000 779
0 354 1000 580
0 0 1000 354
661 988 1000 1000
0 987 661 1000
0 908 661 987
0 809 661 908
0 645 661 809
661 0 1000 988
0 0 661 645
0 982 1000 1000
0 921 1000 982
0 834 1000 921
0 695 1000 834
0 516 1000 695
0 287 1000 516
0 0 1000 287
0 982 661 1000
661 879 1000 1000
661 674 1000 879
0 764 661 982
661 0 1000 674
0 0 661 375
0 375 661 764
661 0 1000 34
661 966 1000 1000
0 0 661 63
0 874 661 1000
0 679 661 874
661 34 1000 966
0 63 661 679
0 971 1000 1000
0 902 1000 971
0 828 1000 902
0 712 1000 828
0 552 1000 712
0 287 1000 552
0 0 1000 287
0 952 1000 1000
0 836 1000 952
0 713 1000 836
0 579 1000 713
0 444 1000 579
0 253 1000 444
0 0 1000 253
0 982 1000 1000
0 956 1000 982
0 868 1000 956
0 769 1000 868
0 584 1000 769
0 302 1000 584
0 0 1000 302
0 966 1000 1000
0 922 1000 966
0 870 1000 922
0 724 1000 870
0 540 1000 724
0 278 1000 540
0 0 1000 278
661 981 1000 1000
0 984 661 1000
0 948 661 984
0 835 661 948
0 716 661 835
661 0 1000 981
0 0 661 716
0 948 1000 1000
0 871 1000 948
0 722 1000 871
0 561 1000 722
0 397 1000 561
0 223 1000 397
0 0 1000 223
0 946 1000 1000
0 892 1000 946
0 837 1000 892
0 719 1000 837
0 594 1000 719
0 369 1000 594
0 0 1000 369
0 946 1000 1000
0 886 1000 946
0 801 1000 886
0 694 1000 801
0 582 1000 694
0 386 1000 582
0 0 1000 386
0 997 1000 1000
0 993 1000 997
0 943 1000 993
0 884 1000 943
0 777 1000 884
0 522 1000 777
0 0 1000 522
0 984 1000 1000
0 956 1000 984
0 848 1000 956
0 718 1000 848
0 551 1000 718
0 373 1000 551
0 0 1000 373
0 874 1000 936
0 936 1000 1000
0 774 1000 874
0 661 1000 774
0 497 1000 661
0 328 1000 497
0 0 1000 328
0 953 1000 1000
0 904 1000 953
0 836 1000 904
0 761 1000 836
0 537 1000 761
0 297 1000 537
0 0 1000 297
0 827 661 836
0 891 661 909
0 836 661 891
0 909 661 1000
0 0 661 212
661 0 1000 1000
0 212 661 827
661 657 1000 670
0 0 661 120
661 670 1000 1000
0 827 661 1000
0 506 661 827
661 0 1000 657
0 120 661 506
0 0 661 21
0 21 661 42
0 42 661 222
0 765 661 1000
661 0 1000 494
661 494 1000 1000
0 222 661 765
0 994 1000 1000
0 960 1000 994
0 889 1000 960
0 803 1000 889
0 709 1000 803
0 390 1000 709
0 0 1000 390
0 995 1000 1000
0 981 1000 995
0 965 1000 981
0 921 1000 965
0 858 1000 921
0 778 1000 858
0 0 1000 778
0 984 1000 1000
0 929 1000 984
0 832 1000 929
0 718 1000 832
0 513 1000 718
0 300 1000 513
0 0 1000 300
661 321 1000 333
661 271 1000 321
661 0 1000 271
0 733 661 1000
0 0 661 338
661 333 1000 1000
0 338 661 733
0 733 661 754
0 923 661 1000
0 593 661 733
0 754 661 923
661 0 1000 361
661 361 1000 1000
0 0 661 593
0 937 1000 968
0 968 1000 1000
0 876 1000 937
0 779 1000 876
0 593 1000 779
0 299 1000 593
0 0 1000 299
0 996 1000 1000
0 974 1000 996
0 887 1000 974
0 794 1000 887
0 683 1000 794
0 538 1000 683
0 0 1000 538
661 929 1000 1000
661 810 1000 929
661 685 1000 810
0 807 661 1000
661 0 1000 685
0 448 661 807
0 0 661 448
0 958 1000 1000
0 914 1000 958
0 861 1000 914
0 780 1000 861
0 647 1000 780
0 382 1000 647
0 0 1000 382
0 893 661 1000
0 764 661 893
661 635 1000 1000
0 546 661 764
0 308 661 546
0 0 661 308
661 0 1000 635
0 996 1000 1000
0 946 1000 996
0 892 1000 946
0 793 1000 892
0 678 1000 793
0 490 1000 678
0 0 1000 490
0 972 661 1000
0 914 661 972
661 845 1000 1000
0 797 661 914
661 612 1000 845
661 0 1000 612
0 0 661 797
0 929 1000 1000
0 831 1000 929
0 720 1000 831
0 582 1000 720
0 417 1000 582
0 217 1000 417
0 0 1000 217
0 979 1000 1000
0 947 1000 979
0 905 1000 947
0 839 1000 905
0 672 1000 839
0 389 1000 672
0 0 1000 389
0 874 1000 936
0 936 1000 1000
0 807 1000 874
0 706 1000 807
0 549 1000 706
0 278 1000 549
0 0 1000 278
0 776 661 888
0 888 661 1000
0 639 661 776
0 450 661 639
661 515 1000 1000
661 0 1000 515
0 0 661 450
0 811 1000 905
0 905 1000 1000
0 708 1000 811
0 586 1000 708
0 410 1000 586
0 222 1000 410
0 0 1000 222
0 966 1000 1000
0 924 1000 966
0 847 1000 924
0 763 1000 847
0 560 1000 763
0 311 1000 560
0 0 1000 311
0 986 661 991
0 991 661 1000
0 911 661 986
661 652 1000 1000
0 718 661 911
661 0 1000 652
0 0 661 718
0 972 1000 1000
0 918 1000 972
0 847 1000 918
0 732 1000 847
0 553 1000 732
0 371 1000 553
0 0 1000 371
0 970 1000 1000
0 921 1000 970
0 837 1000 921
0 750 1000 837
0 572 1000 750
0 357 1000 572
0 0 1000 357
