254 0 277 53
128 896 153 945
128 945 153 1000
128 806 153 896
349 929 386 1000
645 911 675 1000
386 851 412 1000
600 0 645 92
309 890 349 1000
386 671 412 851
436 810 466 1000
496 905 558 1000
848 0 924 91
128 495 153 806
558 0 600 188
791 805 848 1000
128 0 153 495
848 796 924 1000
386 0 412 671
0 0 128 151
254 53 277 1000
412 0 436 1000
436 0 466 810
924 666 1000 1000
645 0 675 911
466 0 496 1000
153 0 185 1000
277 0 309 1000
185 0 219 1000
558 188 600 1000
349 0 386 929
219 0 254 1000
309 0 349 890
600 92 645 1000
791 0 848 805
675 0 791 402
924 0 1000 666
848 91 924 796
496 0 558 905
675 402 791 1000
0 151 128 1000
254 0 277 53
128 896 153 945
128 945 153 1000
349 929 386 1000
645 911 675 1000
277 0 309 112
309 890 349 1000
436 810 466 1000
496 905 558 1000
153 0 185 225
254 53 277 389
386 671 412 1000
128 495 153 896
412 554 436 1000
791 805 848 1000
645 507 675 911
128 0 153 495
412 0 436 554
254 389 277 1000
645 0 675 507
848 796 924 1000
386 0 412 671
924 0 1000 295
436 0 466 810
153 225 185 1000
277 112 309 1000
466 0 496 1000
185 0 219 1000
349 0 386 929
219 0 254 1000
309 0 349 890
558 0 600 1000
600 0 645 1000
791 0 848 805
0 0 128 381
675 561 791 1000
924 295 1000 1000
496 0 558 905
848 0 924 796
675 0 791 561
0 381 128 1000
412 972 436 1000
436 746 466 810
349 929 386 1000
645 911 675 1000
848 0 924 56
412 554 436 745
412 745 436 972
436 810 466 1000
185 0 219 195
128 721 153 1000
466 0 496 238
924 906 1000 1000
153 0 185 225
386 671 412 1000
791 805 848 1000
645 507 675 911
277 0 309 408
412 0 436 554
645 0 675 507
0 0 128 131
386 0 412 671
128 0 153 721
0 852 128 1000
277 408 309 1000
436 0 466 746
466 238 496 1000
254 0 277 1000
153 225 185 1000
185 195 219 1000
349 0 386 929
219 0 254 1000
309 0 349 1000
558 0 600 1000
675 0 791 365
600 0 645 1000
791 0 848 805
496 0 558 1000
924 0 1000 906
848 56 924 1000
675 365 791 1000
0 131 128 852
254 668 277 688
600 988 645 1000
412 972 436 1000
436 746 466 810
219 934 254 1000
349 929 386 1000
645 911 675 1000
848 0 924 56
219 805 254 934
436 810 466 1000
185 0 219 195
254 688 277 1000
153 0 185 225
254 344 277 668
254 0 277 344
436 0 466 320
128 0 153 389
791 805 848 1000
924 851 1000 1000
675 0 791 106
436 320 466 746
128 389 153 1000
0 0 128 131
412 0 436 972
153 225 185 1000
386 0 412 1000
645 0 675 911
185 195 219 1000
219 0 254 805
466 0 496 1000
277 0 309 1000
349 0 386 929
309 0 349 1000
558 0 600 1000
600 0 645 988
791 0 848 805
496 0 558 1000
924 0 1000 851
848 56 924 1000
675 106 791 1000
0 131 128 1000
412 972 436 1000
219 934 254 1000
128 389 153 549
558 900 600 1000
848 0 924 56
309 0 349 112
219 805 254 934
254 344 277 618
185 798 219 1000
153 0 185 225
436 746 466 1000
386 703 412 1000
254 0 277 344
412 633 436 972
254 618 277 1000
128 0 153 389
466 659 496 1000
645 0 675 350
128 549 153 1000
924 851 1000 1000
848 56 924 226
412 0 436 633
386 0 412 703
645 350 675 1000
466 0 496 659
436 0 466 746
675 0 791 199
153 225 185 1000
185 0 219 798
219 0 254 805
277 0 309 1000
309 112 349 1000
349 0 386 1000
558 0 600 900
600 0 645 1000
791 0 848 1000
848 226 924 1000
496 0 558 1000
924 0 1000 851
675 199 791 1000
0 0 128 1000
128 549 153 616
219 934 254 1000
277 919 309 1000
185 903 219 1000
185 798 219 903
128 389 153 549
558 900 600 1000
309 0 349 112
219 805 254 934
436 822 466 1000
277 744 309 919
254 618 277 1000
128 616 153 1000
128 0 153 389
466 659 496 1000
924 851 1000 1000
924 0 1000 171
791 0 848 235
254 0 277 618
848 0 924 226
496 688 558 1000
466 0 496 659
277 0 309 744
412 0 436 1000
436 0 466 822
386 0 412 1000
185 0 219 798
219 0 254 805
645 0 675 1000
153 0 185 1000
309 112 349 1000
349 0 386 1000
558 0 600 900
496 0 558 688
791 235 848 1000
600 0 645 1000
924 171 1000 851
675 547 791 1000
848 226 924 1000
675 0 791 547
0 0 128 1000
924 979 1000 1000
219 934 254 1000
496 0 558 48
600 914 645 1000
309 0 349 112
219 805 254 934
436 822 466 1000
791 901 848 1000
185 798 219 1000
277 744 309 1000
349 772 386 1000
386 0 412 330
254 618 277 1000
412 610 436 1000
128 616 153 1000
466 659 496 1000
309 112 349 372
645 577 675 1000
254 0 277 618
412 0 436 610
675 873 791 1000
128 0 153 616
645 0 675 577
386 330 412 1000
466 0 496 659
0 845 128 1000
277 0 309 744
436 0 466 822
309 372 349 1000
185 0 219 798
219 0 254 805
349 0 386 772
153 0 185 1000
600 0 645 914
558 0 600 1000
791 0 848 901
496 48 558 1000
924 0 1000 979
848 0 924 1000
675 0 791 873
0 0 128 845
