0 970 205 1000
334 929 459 1000
921 735 1000 849
806 904 921 1000
921 849 1000 1000
921 580 1000 735
575 856 691 1000
205 858 334 1000
691 825 806 1000
691 626 806 825
575 627 691 856
334 713 459 929
459 648 575 1000
921 0 1000 580
806 479 921 904
806 0 921 479
691 0 806 626
575 0 691 627
459 0 575 648
334 0 459 713
205 0 334 858
0 0 205 970
0 970 205 1000
334 929 459 1000
921 735 1000 849
806 904 921 1000
921 849 1000 1000
921 580 1000 735
575 856 691 1000
205 858 334 1000
691 825 806 1000
691 626 806 825
575 627 691 856
334 713 459 929
459 648 575 1000
921 0 1000 580
806 479 921 904
806 0 921 479
691 0 806 626
575 0 691 627
459 0 575 648
334 0 459 713
205 0 334 858
0 0 205 970
0 970 205 1000
334 929 459 1000
921 425 1000 539
921 281 1000 425
806 479 921 578
691 866 806 1000
575 856 691 1000
205 858 334 1000
921 0 1000 281
334 749 459 929
575 627 691 856
691 626 806 866
921 539 1000 1000
459 648 575 1000
806 578 921 1000
806 0 921 479
691 0 806 626
575 0 691 627
459 0 575 648
334 0 459 749
205 0 334 858
0 0 205 970
0 970 205 1000
334 929 459 1000
921 425 1000 539
921 281 1000 425
806 479 921 578
691 866 806 1000
575 856 691 1000
205 858 334 1000
921 0 1000 281
334 749 459 929
575 627 691 856
691 626 806 866
921 539 1000 1000
459 648 575 1000
806 578 921 1000
806 0 921 479
691 0 806 626
575 0 691 627
459 0 575 648
334 0 459 749
205 0 334 858
0 0 205 970
921 539 1000 580
921 580 1000 649
921 425 1000 539
806 904 921 1000
921 281 1000 425
691 866 806 1000
205 858 334 1000
921 0 1000 281
921 649 1000 1000
334 749 459 1000
806 303 921 578
806 0 921 303
806 578 921 904
459 648 575 1000
575 627 691 1000
691 482 806 866
691 0 806 482
575 0 691 627
459 0 575 648
334 0 459 749
205 0 334 858
0 0 205 1000
921 539 1000 580
921 580 1000 649
921 425 1000 539
806 904 921 1000
921 281 1000 425
691 866 806 1000
205 858 334 1000
921 0 1000 281
921 649 1000 1000
334 749 459 1000
806 303 921 578
806 0 921 303
806 578 921 904
459 648 575 1000
575 627 691 1000
691 482 806 866
691 0 806 482
575 0 691 627
459 0 575 648
334 0 459 749
205 0 334 858
0 0 205 1000
921 539 1000 580
921 580 1000 649
921 425 1000 539
806 904 921 1000
921 281 1000 425
691 866 806 1000
205 858 334 1000
921 0 1000 281
921 649 1000 1000
334 749 459 1000
806 303 921 578
806 0 921 303
806 578 921 904
459 648 575 1000
575 627 691 1000
691 442 806 866
691 0 806 442
575 0 691 627
459 0 575 648
334 0 459 749
205 0 334 858
0 0 205 1000
921 539 1000 580
806 303 921 343
921 580 1000 649
921 425 1000 539
921 281 1000 425
691 866 806 1000
205 858 334 1000
921 0 1000 281
806 343 921 578
921 649 1000 1000
334 749 459 1000
806 0 921 303
459 648 575 1000
806 578 921 1000
691 442 806 866
691 0 806 442
575 0 691 486
575 486 691 1000
459 0 575 648
334 0 459 749
205 0 334 858
0 0 205 1000
921 539 1000 580
921 580 1000 649
921 425 1000 539
806 578 921 675
921 281 1000 425
691 866 806 1000
205 858 334 1000
921 0 1000 281
806 343 921 578
921 649 1000 1000
806 675 921 1000
806 0 921 343
334 663 459 1000
459 612 575 1000
691 442 806 866
691 0 806 442
575 0 691 486
575 486 691 1000
459 0 575 612
334 0 459 663
205 0 334 858
0 0 205 1000
921 539 1000 580
921 580 1000 649
921 425 1000 539
921 281 1000 425
691 866 806 1000
921 0 1000 281
0 870 205 1000
921 649 1000 1000
806 675 921 1000
806 343 921 675
806 0 921 343
334 663 459 1000
459 612 575 1000
205 645 334 1000
691 442 806 866
691 0 806 442
575 0 691 486
575 486 691 1000
459 0 575 612
334 0 459 663
205 0 334 645
0 0 205 870
921 339 1000 425
921 539 1000 649
921 425 1000 539
921 868 1000 1000
921 649 1000 868
691 442 806 619
0 870 205 1000
921 0 1000 339
334 704 459 1000
806 675 921 1000
806 343 921 675
806 0 921 343
691 619 806 1000
459 612 575 1000
205 645 334 1000
691 0 806 442
575 0 691 486
575 486 691 1000
459 0 575 612
205 0 334 645
334 0 459 704
0 0 205 870
921 649 1000 722
921 868 1000 1000
921 509 1000 649
921 722 1000 868
921 339 1000 509
691 442 806 619
0 870 205 1000
921 0 1000 339
334 704 459 1000
806 675 921 1000
806 343 921 675
806 0 921 343
691 619 806 1000
459 612 575 1000
205 645 334 1000
691 0 806 442
575 0 691 486
575 486 691 1000
459 0 575 612
205 0 334 645
334 0 459 704
0 0 205 870
921 256 1000 339
205 921 334 1000
459 612 575 700
921 339 1000 490
806 343 921 449
921 490 1000 722
921 0 1000 256
921 722 1000 1000
575 486 691 695
459 700 575 1000
575 695 691 1000
334 704 459 1000
806 0 921 343
691 619 806 1000
0 783 205 1000
575 0 691 486
806 449 921 1000
459 0 575 612
691 0 806 619
334 0 459 704
205 0 334 921
0 0 205 783
921 256 1000 339
205 921 334 1000
459 612 575 700
575 903 691 1000
921 339 1000 490
806 343 921 449
921 490 1000 722
921 0 1000 256
921 722 1000 1000
575 695 691 903
459 700 575 1000
334 704 459 1000
806 0 921 343
691 619 806 1000
0 783 205 1000
806 449 921 1000
459 0 575 612
691 0 806 619
575 0 691 695
334 0 459 704
205 0 334 921
0 0 205 783
459 941 575 1000
921 899 1000 1000
205 921 334 1000
575 903 691 1000
921 722 1000 899
921 490 1000 722
921 256 1000 490
921 0 1000 256
806 800 921 1000
575 695 691 903
459 700 575 941
334 704 459 1000
806 449 921 800
691 619 806 1000
0 783 205 1000
806 0 921 449
691 0 806 619
575 0 691 695
459 0 575 700
334 0 459 704
205 0 334 921
0 0 205 783
459 941 575 1000
921 899 1000 1000
205 921 334 1000
575 903 691 1000
921 722 1000 899
921 490 1000 722
921 256 1000 490
921 0 1000 256
806 800 921 1000
575 695 691 903
459 700 575 941
334 704 459 1000
806 449 921 800
691 619 806 1000
0 783 205 1000
806 0 921 449
691 0 806 619
575 0 691 695
459 0 575 700
334 0 459 704
205 0 334 921
0 0 205 783
459 941 575 1000
921 899 1000 1000
205 921 334 1000
575 903 691 1000
921 722 1000 899
921 490 1000 722
921 256 1000 490
921 0 1000 256
806 800 921 1000
575 695 691 903
459 700 575 941
334 704 459 1000
806 449 921 800
691 619 806 1000
0 783 205 1000
806 0 921 449
691 0 806 619
575 0 691 695
459 0 575 700
334 0 459 704
205 0 334 921
0 0 205 783
459 941 575 1000
921 899 1000 1000
205 921 334 1000
575 903 691 1000
921 722 1000 899
921 490 1000 722
921 256 1000 490
921 0 1000 256
806 800 921 1000
575 695 691 903
459 700 575 941
334 704 459 1000
806 449 921 800
691 619 806 1000
0 783 205 1000
806 0 921 449
691 0 806 619
575 0 691 695
459 0 575 700
334 0 459 704
205 0 334 921
0 0 205 783
