393 962 412 971
393 943 412 962
393 971 412 1000
587 738 614 768
137 978 175 1000
175 0 244 17
614 0 659 45
327 909 353 1000
353 938 393 1000
564 572 587 735
273 0 285 345
393 655 412 943
564 735 587 1000
587 768 614 1000
915 0 1000 78
327 0 353 278
273 345 285 1000
412 836 466 1000
659 945 841 1000
393 0 412 655
564 0 587 572
0 895 137 1000
327 278 353 909
587 0 614 738
175 17 244 332
841 673 915 1000
915 78 1000 392
244 0 273 1000
137 0 175 978
353 0 393 938
285 0 327 1000
614 45 659 1000
466 0 564 442
412 0 466 836
175 332 244 1000
841 0 915 673
915 392 1000 1000
466 442 564 1000
0 0 137 440
0 440 137 895
659 0 841 365
659 365 841 945
587 738 614 784
564 735 587 839
244 888 273 1000
564 839 587 1000
564 572 587 735
564 215 587 386
564 386 587 572
285 678 327 781
244 734 273 888
564 0 587 215
587 784 614 1000
0 0 137 45
915 0 1000 78
285 781 327 1000
659 544 841 595
659 945 841 1000
273 0 285 1000
614 701 659 1000
137 630 175 1000
915 800 1000 1000
353 0 393 428
393 0 412 1000
587 0 614 738
244 0 273 734
353 428 393 1000
412 575 466 1000
137 0 175 630
327 0 353 1000
285 0 327 678
412 0 466 575
614 0 659 701
841 0 915 442
175 506 244 1000
175 0 244 506
466 629 564 1000
841 442 915 1000
0 45 137 348
915 78 1000 800
466 0 564 629
659 595 841 945
0 348 137 1000
659 0 841 544
244 888 273 921
137 599 175 630
587 738 614 784
244 921 273 1000
244 734 273 888
175 0 244 72
841 0 915 70
412 0 466 98
587 784 614 1000
564 735 587 1000
466 0 564 88
659 945 841 1000
273 0 285 1000
285 678 327 1000
137 630 175 1000
0 283 137 399
564 0 587 735
353 0 393 428
393 0 412 1000
175 72 244 349
614 566 659 1000
587 0 614 738
244 0 273 734
841 70 915 367
137 0 175 599
353 428 393 1000
412 575 466 1000
614 0 659 566
659 0 841 141
412 98 466 575
327 0 353 1000
285 0 327 678
915 609 1000 1000
466 643 564 1000
0 0 137 283
175 349 244 1000
841 367 915 1000
915 0 1000 609
466 88 564 643
659 609 841 945
0 399 137 1000
659 141 841 609
137 599 175 630
564 735 587 847
327 0 353 114
137 916 175 1000
564 847 587 1000
841 763 915 813
393 794 412 1000
175 0 244 72
841 0 915 70
412 0 466 98
587 784 614 1000
285 678 327 832
285 832 327 1000
244 734 273 1000
466 0 564 88
137 630 175 916
327 114 353 552
327 552 353 1000
273 0 285 1000
841 813 915 1000
393 0 412 794
0 283 137 399
175 72 244 308
564 0 587 735
587 0 614 784
244 0 273 734
137 0 175 599
659 0 841 141
285 0 327 678
915 609 1000 1000
466 643 564 1000
0 0 137 283
353 0 393 1000
614 0 659 1000
175 308 244 1000
412 98 466 1000
841 70 915 763
915 0 1000 609
659 141 841 434
466 88 564 643
0 399 137 1000
659 434 841 1000
393 407 412 439
393 748 412 794
137 599 175 630
412 970 466 1000
393 649 412 748
285 933 327 1000
137 916 175 1000
393 794 412 1000
393 439 412 649
285 832 327 933
614 0 659 150
353 807 393 1000
393 0 412 407
327 680 353 1000
587 685 614 1000
564 611 587 1000
466 0 564 108
137 630 175 916
273 0 285 1000
412 710 466 970
564 0 587 611
841 763 915 1000
327 0 353 680
466 108 564 290
587 0 614 685
0 0 137 136
175 0 244 308
137 0 175 599
915 701 1000 1000
244 0 273 1000
353 0 393 807
285 0 327 832
0 136 137 399
614 150 659 1000
412 0 466 710
175 308 244 1000
841 0 915 763
915 0 1000 701
659 620 841 1000
466 290 564 1000
0 399 137 1000
659 0 841 620
412 0 466 24
175 941 244 1000
614 0 659 150
564 0 587 301
564 301 587 611
587 0 614 269
587 685 614 1000
564 611 587 1000
841 436 915 572
466 0 564 108
0 512 137 592
587 269 614 685
273 0 285 1000
915 659 1000 815
412 710 466 1000
915 815 1000 1000
466 835 564 1000
353 566 393 1000
285 580 327 1000
0 0 137 136
466 447 564 638
393 0 412 1000
915 0 1000 224
466 638 564 835
353 0 393 566
285 0 327 580
327 0 353 1000
244 0 273 1000
175 0 244 450
841 572 915 1000
841 0 915 436
466 108 564 447
175 450 244 941
915 224 1000 659
412 24 466 710
137 0 175 1000
614 150 659 1000
0 136 137 512
0 592 137 1000
659 333 841 642
659 0 841 333
659 642 841 1000
244 969 273 1000
244 0 273 33
412 0 466 24
587 929 614 1000
587 857 614 929
564 0 587 173
327 249 353 414
327 827 353 1000
587 685 614 857
915 659 1000 715
466 587 564 638
614 0 659 119
327 0 353 249
285 0 327 199
564 611 587 1000
137 741 175 1000
564 173 587 611
327 414 353 827
273 0 285 1000
244 540 273 969
244 33 273 540
175 0 244 216
285 199 327 580
353 566 393 1000
285 580 327 1000
587 0 614 685
393 0 412 1000
659 884 841 1000
353 0 393 566
841 684 915 1000
915 715 1000 1000
137 0 175 741
466 638 564 1000
614 119 659 1000
841 0 915 684
412 24 466 1000
175 216 244 1000
915 0 1000 659
466 0 564 587
0 0 137 435
0 435 137 1000
659 0 841 884
393 0 412 23
393 23 412 111
393 904 412 1000
587 929 614 1000
564 900 587 1000
393 111 412 242
564 758 587 900
137 914 175 1000
353 0 393 87
915 0 1000 43
564 0 587 173
0 501 137 532
327 827 353 1000
614 0 659 119
327 0 353 249
137 741 175 914
285 0 327 199
412 0 466 189
273 0 285 1000
393 242 412 904
564 173 587 758
327 249 353 827
175 731 244 1000
841 684 915 1000
587 0 614 929
137 0 175 741
915 659 1000 1000
244 0 273 1000
285 199 327 1000
466 638 564 1000
659 0 841 196
353 87 393 1000
614 119 659 1000
412 189 466 1000
175 0 244 731
841 0 915 684
915 43 1000 659
466 0 564 638
0 532 137 1000
0 0 137 501
659 196 841 594
659 594 841 1000
393 0 412 23
137 914 175 1000
841 635 915 684
841 0 915 59
564 758 587 1000
175 301 244 391
614 822 659 1000
466 320 564 411
466 220 564 320
244 0 273 341
412 0 466 189
466 0 564 106
466 106 564 220
327 0 353 434
273 0 285 1000
0 136 137 235
0 898 137 1000
327 434 353 1000
137 0 175 440
564 0 587 758
137 440 175 914
393 23 412 1000
0 0 137 136
353 534 393 1000
244 341 273 1000
285 512 327 1000
175 0 244 301
0 235 137 390
353 0 393 534
285 0 327 512
915 725 1000 1000
841 684 915 1000
587 0 614 1000
614 0 659 822
175 391 244 1000
841 59 915 635
412 189 466 1000
466 411 564 1000
915 0 1000 725
0 390 137 898
659 516 841 1000
659 0 841 516
244 878 273 932
244 932 273 1000
393 885 412 1000
587 0 614 99
353 892 393 1000
841 0 915 59
137 835 175 1000
564 712 587 1000
137 655 175 835
466 320 564 411
466 220 564 320
466 0 564 106
466 106 564 220
285 733 327 1000
175 391 244 560
273 0 285 1000
659 472 841 545
0 136 137 235
564 0 587 712
393 0 412 885
0 0 137 136
0 390 137 533
0 235 137 390
412 593 466 1000
587 99 614 1000
137 0 175 655
244 0 273 878
327 0 353 1000
175 0 244 391
841 635 915 1000
175 560 244 1000
285 0 327 733
412 0 466 593
353 0 393 892
915 0 1000 452
841 59 915 635
614 0 659 1000
915 452 1000 1000
466 411 564 1000
0 533 137 1000
659 545 841 1000
659 0 841 472
137 0 175 47
393 885 412 1000
412 952 466 1000
412 256 466 310
175 500 244 560
412 0 466 95
841 0 915 81
285 0 327 166
412 95 466 256
285 733 327 1000
273 0 285 1000
587 549 614 1000
466 0 564 128
244 552 273 1000
587 0 614 549
0 480 137 591
412 310 466 593
244 0 273 552
137 562 175 1000
393 0 412 885
353 0 393 432
412 593 466 952
137 47 175 562
614 533 659 1000
353 432 393 1000
564 0 587 1000
285 166 327 733
614 0 659 533
327 0 353 1000
841 635 915 1000
659 198 841 360
175 560 244 1000
175 0 244 500
659 0 841 198
466 613 564 1000
841 81 915 635
915 0 1000 496
915 496 1000 1000
466 128 564 613
0 591 137 1000
0 0 137 480
659 360 841 1000
564 949 587 1000
564 767 587 836
393 885 412 1000
564 836 587 949
659 360 841 380
564 0 587 163
587 831 614 1000
412 0 466 95
841 0 915 81
564 163 587 430
327 722 353 1000
587 549 614 831
564 430 587 767
412 95 466 256
327 370 353 722
327 0 353 370
285 733 327 1000
273 0 285 1000
466 0 564 128
244 552 273 1000
587 0 614 549
244 0 273 552
137 562 175 1000
393 0 412 885
137 0 175 562
841 635 915 1000
466 128 564 426
659 198 841 360
175 560 244 1000
285 0 327 733
659 0 841 198
915 0 1000 435
175 0 244 560
353 0 393 1000
412 256 466 1000
841 81 915 635
0 0 137 312
614 0 659 1000
915 435 1000 1000
466 426 564 1000
0 312 137 1000
659 380 841 1000
564 949 587 973
564 973 587 1000
587 831 614 891
393 0 412 115
393 885 412 1000
564 836 587 949
587 891 614 1000
564 0 587 163
915 952 1000 1000
244 841 273 1000
587 0 614 194
244 0 273 232
327 641 353 1000
0 922 137 1000
285 733 327 1000
273 0 285 1000
614 720 659 1000
393 115 412 885
564 163 587 836
137 0 175 425
327 0 353 641
587 194 614 831
353 561 393 1000
244 232 273 841
412 0 466 350
137 425 175 1000
353 0 393 561
175 0 244 397
841 595 915 1000
285 0 327 733
614 0 659 720
412 350 466 1000
915 531 1000 952
466 597 564 1000
175 397 244 1000
841 0 915 595
915 0 1000 531
0 584 137 922
466 0 564 597
0 0 137 584
659 504 841 1000
659 0 841 504
393 885 412 1000
564 0 587 163
915 952 1000 1000
353 450 393 560
393 333 412 584
412 901 466 1000
393 584 412 885
137 845 175 1000
564 734 587 1000
393 0 412 333
327 641 353 1000
0 922 137 1000
659 937 841 1000
273 0 285 1000
587 530 614 1000
564 163 587 734
244 515 273 1000
587 0 614 530
244 0 273 515
137 425 175 845
137 0 175 425
327 0 353 641
353 560 393 1000
353 0 393 450
285 0 327 485
285 485 327 1000
412 495 466 901
614 501 659 1000
614 0 659 501
412 0 466 495
175 0 244 397
841 609 915 1000
915 0 1000 368
466 597 564 1000
175 397 244 1000
841 0 915 609
915 368 1000 952
466 0 564 597
0 0 137 454
0 454 137 922
659 504 841 937
659 0 841 504
327 641 353 720
244 0 273 86
841 963 915 1000
564 878 587 1000
564 285 587 414
285 928 327 1000
564 734 587 878
353 450 393 560
412 901 466 1000
137 845 175 1000
564 0 587 285
327 720 353 1000
564 414 587 734
614 778 659 1000
244 86 273 455
412 680 466 901
273 0 285 1000
587 530 614 1000
587 0 614 530
244 455 273 1000
137 425 175 845
137 0 175 425
327 0 353 641
353 560 393 1000
353 0 393 450
285 485 327 928
393 0 412 1000
285 0 327 485
915 0 1000 246
0 840 137 1000
841 609 915 963
175 0 244 397
466 689 564 1000
614 0 659 778
412 0 466 680
175 397 244 1000
841 0 915 609
659 738 841 1000
915 246 1000 1000
466 0 564 689
0 0 137 840
659 0 841 738
393 843 412 858
244 987 273 1000
393 799 412 843
915 494 1000 509
285 945 327 1000
244 0 273 86
393 858 412 1000
393 0 412 272
285 0 327 157
587 743 614 1000
327 641 353 1000
614 778 659 1000
393 272 412 799
353 741 393 1000
137 717 175 1000
466 442 564 557
564 0 587 492
564 492 587 1000
273 0 285 1000
659 930 841 1000
327 0 353 641
412 680 466 1000
587 0 614 743
244 86 273 987
137 0 175 717
353 0 393 741
175 526 244 1000
285 157 327 945
614 0 659 778
841 512 915 1000
175 0 244 526
412 0 466 680
0 726 137 1000
841 0 915 512
915 509 1000 1000
915 0 1000 494
466 0 564 442
466 557 564 1000
0 374 137 726
0 0 137 374
659 534 841 930
659 0 841 534
0 118 137 125
353 0 393 35
327 0 353 60
285 945 327 1000
412 66 466 122
412 0 466 66
412 122 466 188
327 60 353 209
614 912 659 1000
137 717 175 830
353 872 393 1000
353 741 393 872
614 778 659 912
137 830 175 1000
587 743 614 1000
285 0 327 178
915 908 1000 1000
273 0 285 1000
466 0 564 135
0 374 137 485
841 0 915 214
0 125 137 242
0 0 137 118
175 0 244 257
0 242 137 374
393 0 412 1000
587 0 614 743
327 209 353 1000
564 0 587 1000
137 0 175 717
353 35 393 741
244 0 273 1000
285 178 327 945
614 0 659 778
412 188 466 1000
175 257 244 1000
841 214 915 1000
0 485 137 1000
915 0 1000 908
466 135 564 1000
659 515 841 1000
659 0 841 515
244 941 273 968
244 968 273 1000
137 0 175 25
353 0 393 35
285 945 327 1000
564 886 587 1000
412 66 466 122
412 0 466 66
412 122 466 188
614 912 659 1000
841 926 915 1000
587 514 614 743
587 743 614 1000
915 908 1000 1000
564 0 587 382
327 605 353 1000
564 382 587 886
273 0 285 1000
587 0 614 514
0 371 137 485
327 0 353 605
0 0 137 118
659 908 841 1000
0 118 137 242
0 242 137 371
393 0 412 1000
841 640 915 926
175 0 244 311
915 613 1000 908
244 0 273 941
137 25 175 1000
353 35 393 1000
285 0 327 945
466 0 564 412
614 0 659 912
412 188 466 1000
841 0 915 640
175 311 244 1000
915 0 1000 613
466 412 564 1000
0 485 137 1000
659 0 841 908
393 418 412 483
285 0 327 44
412 0 466 51
466 969 564 1000
175 419 244 491
587 514 614 743
915 0 1000 77
564 700 587 1000
587 743 614 1000
564 382 587 700
393 0 412 418
244 719 273 1000
564 0 587 382
393 483 412 1000
273 0 285 1000
587 0 614 514
285 44 327 408
353 613 393 1000
137 588 175 1000
0 0 137 118
412 694 466 1000
614 0 659 383
915 774 1000 1000
244 0 273 719
137 0 175 588
353 0 393 613
285 408 327 1000
327 0 353 1000
659 231 841 376
614 383 659 1000
175 0 244 419
841 0 915 418
412 51 466 694
175 491 244 1000
466 0 564 363
659 0 841 231
841 418 915 1000
0 604 137 1000
915 77 1000 774
466 363 564 969
0 118 137 604
659 376 841 1000
137 0 175 48
285 0 327 44
412 0 466 51
0 968 137 1000
327 577 353 764
175 419 244 491
327 764 353 1000
659 655 841 691
915 0 1000 83
564 0 587 382
393 0 412 483
393 483 412 1000
273 0 285 1000
587 542 614 1000
244 527 273 1000
564 382 587 1000
587 0 614 542
327 0 353 577
244 0 273 527
137 588 175 1000
0 0 137 118
412 694 466 1000
285 558 327 1000
915 767 1000 1000
137 48 175 588
285 44 327 558
915 497 1000 767
659 0 841 146
175 0 244 419
841 0 915 445
412 51 466 694
175 491 244 1000
915 83 1000 497
353 0 393 1000
841 445 915 1000
614 0 659 1000
466 0 564 483
0 602 137 968
466 483 564 1000
659 691 841 1000
0 118 137 602
659 146 841 655
175 0 244 60
564 746 587 1000
327 764 353 1000
614 849 659 1000
915 0 1000 83
915 83 1000 171
244 740 273 1000
393 0 412 483
393 483 412 1000
466 0 564 109
353 0 393 287
273 0 285 1000
0 401 137 499
285 674 327 1000
137 588 175 1000
0 0 137 119
564 0 587 746
0 265 137 401
915 767 1000 1000
327 0 353 764
0 119 137 265
412 0 466 373
244 0 273 740
137 0 175 588
841 682 915 1000
466 109 564 354
659 510 841 655
659 0 841 146
587 0 614 1000
285 0 327 674
353 287 393 1000
175 60 244 494
659 835 841 1000
659 655 841 835
412 373 466 1000
175 494 244 1000
614 0 659 849
841 0 915 682
915 171 1000 767
466 354 564 1000
659 146 841 510
0 499 137 1000
175 0 244 60
915 0 1000 77
614 849 659 1000
353 0 393 183
244 740 273 1000
915 77 1000 171
393 0 412 483
393 483 412 1000
466 0 564 109
564 520 587 1000
564 0 587 520
273 0 285 1000
0 499 137 587
327 0 353 476
0 401 137 499
327 476 353 1000
137 625 175 1000
0 0 137 119
0 265 137 401
915 767 1000 1000
0 119 137 265
412 0 466 373
175 694 244 1000
244 0 273 740
137 0 175 625
659 655 841 792
841 0 915 345
659 367 841 510
659 510 841 655
587 0 614 1000
353 183 393 1000
412 373 466 1000
466 109 564 463
659 792 841 1000
614 0 659 849
285 0 327 1000
175 60 244 694
841 345 915 1000
915 171 1000 767
466 463 564 1000
0 587 137 1000
659 0 841 367
137 569 175 625
137 625 175 681
285 930 327 1000
285 852 327 930
915 0 1000 77
614 849 659 1000
353 0 393 183
244 740 273 1000
587 0 614 282
393 0 412 483
393 483 412 1000
353 183 393 435
0 924 137 1000
285 592 327 852
614 605 659 849
564 520 587 1000
327 0 353 450
564 0 587 520
273 0 285 1000
137 681 175 1000
327 450 353 1000
587 282 614 1000
244 0 273 740
137 0 175 569
353 435 393 1000
285 0 327 592
412 0 466 478
614 0 659 605
412 478 466 1000
175 560 244 1000
841 557 915 1000
915 77 1000 469
659 792 841 1000
175 0 244 560
841 0 915 557
915 469 1000 1000
466 510 564 1000
466 0 564 510
0 0 137 453
0 453 137 924
659 0 841 367
659 367 841 792
327 401 353 450
564 437 587 520
137 569 175 625
285 930 327 1000
285 852 327 930
327 842 353 1000
244 849 273 1000
841 929 915 1000
915 0 1000 77
353 0 393 183
587 0 614 282
466 922 564 1000
564 0 587 437
327 450 353 842
327 0 353 401
244 478 273 849
564 520 587 1000
273 0 285 1000
353 684 393 1000
244 0 273 478
137 625 175 1000
614 605 659 1000
393 0 412 1000
587 282 614 1000
353 183 393 684
137 0 175 569
412 0 466 454
614 0 659 605
841 542 915 929
915 77 1000 423
412 454 466 1000
175 560 244 1000
285 0 327 852
659 792 841 1000
175 0 244 560
841 0 915 542
466 510 564 922
915 423 1000 1000
466 0 564 510
0 603 137 1000
0 0 137 603
659 0 841 792
353 867 393 902
587 0 614 73
412 136 466 201
841 951 915 1000
175 116 244 172
353 902 393 1000
175 59 244 116
175 0 244 59
244 849 273 1000
587 73 614 282
285 852 327 1000
915 0 1000 77
614 0 659 149
412 0 466 136
327 0 353 298
273 0 285 1000
466 0 564 125
175 790 244 1000
0 0 137 120
915 797 1000 1000
327 298 353 1000
393 0 412 1000
587 282 614 1000
0 291 137 433
466 798 564 1000
564 0 587 1000
0 120 137 291
244 0 273 849
659 0 841 152
841 542 915 951
353 0 393 867
285 0 327 852
137 0 175 1000
614 149 659 1000
841 0 915 542
175 172 244 790
412 201 466 1000
915 77 1000 797
466 125 564 798
659 607 841 1000
0 433 137 1000
659 152 841 607
353 867 393 902
137 941 175 1000
137 872 175 941
244 747 273 849
466 86 564 125
175 116 244 172
353 902 393 1000
175 59 244 116
175 0 244 59
244 849 273 1000
659 938 841 968
659 968 841 1000
614 0 659 149
327 0 353 298
353 662 393 867
466 0 564 86
285 789 327 1000
412 0 466 201
273 0 285 1000
915 0 1000 149
0 291 137 389
0 0 137 101
614 672 659 1000
327 298 353 1000
393 0 412 1000
244 0 273 747
564 0 587 1000
614 149 659 672
0 101 137 291
353 0 393 662
587 0 614 1000
659 0 841 152
137 0 175 872
285 0 327 789
412 201 466 1000
175 172 244 1000
659 607 841 938
915 149 1000 1000
841 0 915 1000
659 152 841 607
0 389 137 1000
466 125 564 1000
614 958 659 1000
137 625 175 689
285 789 327 865
614 672 659 750
353 662 393 753
841 949 915 1000
466 86 564 125
915 955 1000 1000
353 902 393 1000
137 872 175 1000
587 795 614 1000
285 865 327 1000
353 753 393 902
137 689 175 872
244 747 273 1000
841 0 915 111
466 0 564 86
614 750 659 958
273 0 285 1000
466 860 564 1000
0 0 137 101
175 762 244 1000
412 692 466 1000
393 0 412 1000
587 0 614 795
244 0 273 747
564 0 587 1000
137 0 175 625
327 0 353 1000
353 0 393 662
659 842 841 1000
614 0 659 672
285 0 327 789
0 101 137 354
412 0 466 692
175 0 244 762
659 0 841 293
841 111 915 949
466 125 564 860
915 0 1000 955
0 354 137 1000
659 293 841 842
841 0 915 21
614 0 659 51
614 672 659 750
137 901 175 1000
841 949 915 1000
915 955 1000 1000
564 780 587 1000
587 795 614 1000
564 0 587 292
244 747 273 1000
466 0 564 86
137 625 175 901
564 292 587 780
614 750 659 1000
273 0 285 1000
353 662 393 1000
466 860 564 1000
0 0 137 101
412 692 466 1000
0 505 137 635
393 0 412 1000
587 0 614 795
244 0 273 747
137 0 175 625
327 0 353 1000
353 0 393 662
614 51 659 672
466 571 564 860
175 0 244 484
841 21 915 475
841 475 915 949
175 484 244 1000
915 0 1000 428
412 0 466 692
285 0 327 1000
915 428 1000 955
466 86 564 571
0 635 137 1000
659 0 841 293
0 101 137 505
659 668 841 1000
659 293 841 668
285 0 327 40
614 0 659 51
285 40 327 96
587 0 614 91
353 906 393 1000
137 901 175 1000
175 0 244 56
137 791 175 901
614 182 659 286
327 0 353 192
564 780 587 1000
353 0 393 127
659 0 841 31
614 51 659 182
285 841 327 1000
327 192 353 470
915 0 1000 92
412 0 466 185
466 0 564 104
175 56 244 225
273 0 285 1000
327 470 353 1000
564 0 587 780
0 0 137 135
393 0 412 1000
841 0 915 294
915 735 1000 1000
466 751 564 1000
587 91 614 1000
0 135 137 330
244 0 273 1000
137 0 175 791
353 127 393 906
285 96 327 841
614 286 659 1000
412 185 466 1000
841 294 915 1000
175 225 244 1000
915 92 1000 735
466 104 564 751
0 330 137 1000
659 31 841 1000
244 954 273 1000
285 0 327 40
244 869 273 954
244 773 273 869
175 0 244 56
466 707 564 751
244 617 273 773
285 841 327 1000
915 0 1000 92
614 0 659 182
466 0 564 104
564 0 587 499
564 499 587 1000
273 0 285 1000
327 0 353 470
587 516 614 1000
412 747 466 1000
327 470 353 1000
587 0 614 516
353 613 393 1000
137 558 175 1000
244 0 273 617
0 0 137 135
393 0 412 1000
659 890 841 1000
137 0 175 558
466 751 564 1000
353 0 393 613
175 624 244 1000
841 0 915 448
285 40 327 841
915 581 1000 1000
614 182 659 1000
175 56 244 624
412 0 466 747
841 448 915 1000
915 92 1000 581
0 135 137 537
466 104 564 707
0 537 137 1000
659 501 841 890
659 0 841 501
175 538 244 550
285 0 327 40
137 558 175 609
841 950 915 1000
175 0 244 56
564 822 587 1000
137 879 175 1000
614 182 659 321
244 773 273 1000
285 841 327 1000
564 499 587 822
614 0 659 182
393 0 412 434
285 40 327 250
137 609 175 879
393 434 412 1000
564 0 587 499
273 0 285 1000
0 452 137 549
353 613 393 1000
137 0 175 558
244 0 273 773
353 0 393 613
285 250 327 841
412 536 466 1000
327 0 353 1000
587 0 614 1000
412 0 466 536
614 321 659 1000
175 550 244 1000
175 56 244 538
841 0 915 473
841 473 915 950
915 581 1000 1000
659 0 841 231
466 524 564 1000
915 0 1000 581
466 0 564 524
659 664 841 1000
0 549 137 1000
0 0 137 452
659 231 841 664
393 974 412 1000
244 773 273 802
285 0 327 40
137 558 175 609
137 879 175 937
137 937 175 1000
412 948 466 1000
353 918 393 1000
841 950 915 1000
564 822 587 1000
175 0 244 60
614 902 659 1000
466 0 564 52
841 0 915 70
244 802 273 1000
393 0 412 434
564 415 587 822
285 777 327 1000
564 0 587 415
137 609 175 879
393 434 412 974
175 829 244 1000
273 0 285 1000
353 613 393 918
614 569 659 902
915 0 1000 200
137 0 175 558
244 0 273 773
353 0 393 613
614 0 659 569
327 0 353 1000
587 0 614 1000
285 40 327 777
0 0 137 311
412 0 466 948
175 60 244 829
841 70 915 950
915 200 1000 1000
659 612 841 1000
466 52 564 1000
0 311 137 1000
659 0 841 612
137 558 175 609
614 0 659 44
412 948 466 1000
175 60 244 117
175 0 244 60
841 0 915 70
175 922 244 1000
244 802 273 1000
285 0 327 207
285 777 327 1000
564 0 587 415
587 0 614 423
327 551 353 1000
273 0 285 1000
564 415 587 1000
327 0 353 551
137 609 175 1000
353 613 393 1000
587 423 614 1000
0 278 137 396
0 143 137 278
393 0 412 1000
614 569 659 1000
0 0 137 143
137 0 175 558
244 0 273 802
614 44 659 569
285 207 327 777
353 0 393 613
412 478 466 948
412 0 466 478
175 117 244 515
175 515 244 922
841 70 915 533
841 533 915 1000
915 0 1000 466
915 466 1000 1000
466 505 564 1000
466 0 564 505
659 0 841 427
0 396 137 1000
659 427 841 1000
393 969 412 1000
614 0 659 44
0 120 137 143
466 505 564 544
659 621 841 642
175 0 244 60
841 0 915 70
244 802 273 1000
564 727 587 1000
564 415 587 727
285 777 327 1000
564 0 587 415
841 533 915 679
614 750 659 1000
273 0 285 1000
327 0 353 484
327 484 353 1000
841 324 915 533
0 278 137 396
0 0 137 120
393 0 412 969
0 143 137 278
841 70 915 324
175 701 244 1000
0 396 137 550
244 0 273 802
841 679 915 1000
587 0 614 1000
614 44 659 750
285 0 327 777
137 0 175 1000
915 0 1000 466
353 0 393 1000
175 60 244 701
466 544 564 1000
915 466 1000 1000
659 0 841 257
466 0 564 505
412 0 466 1000
0 550 137 1000
659 642 841 1000
659 257 841 621
175 58 244 60
393 969 412 1000
614 0 659 44
412 59 466 106
412 0 466 59
175 0 244 58
327 845 353 1000
841 0 915 85
915 0 1000 84
393 589 412 969
137 0 175 229
175 873 244 1000
285 777 327 1000
353 0 393 240
466 0 564 99
393 0 412 589
175 701 244 873
273 0 285 1000
659 919 841 1000
0 120 137 233
0 0 137 120
841 85 915 324
466 810 564 1000
327 0 353 845
564 0 587 1000
915 84 1000 370
0 814 137 1000
587 0 614 1000
244 0 273 1000
137 229 175 1000
353 240 393 1000
285 0 327 777
659 0 841 185
614 44 659 1000
175 60 244 701
412 106 466 1000
841 324 915 1000
915 370 1000 1000
659 621 841 919
466 99 564 810
659 185 841 621
0 233 137 814
137 0 175 38
412 59 466 106
412 0 466 59
175 0 244 58
327 845 353 1000
841 0 915 85
587 763 614 1000
915 0 1000 84
137 38 175 229
353 240 393 456
327 0 353 340
285 777 327 1000
353 0 393 240
466 0 564 99
273 0 285 1000
412 106 466 329
327 340 353 845
841 806 915 1000
915 823 1000 1000
0 120 137 233
0 886 137 1000
0 0 137 120
614 598 659 1000
466 810 564 1000
393 0 412 1000
587 0 614 763
175 58 244 366
353 456 393 1000
564 0 587 1000
614 0 659 598
244 0 273 1000
137 229 175 1000
285 0 327 777
659 0 841 185
412 329 466 1000
175 366 244 1000
659 185 841 454
841 85 915 806
915 84 1000 823
466 99 564 810
0 233 137 886
659 454 841 1000
137 0 175 38
353 419 393 456
327 938 353 1000
273 828 285 1000
175 501 244 534
244 785 273 870
244 870 273 1000
587 763 614 1000
137 38 175 229
327 0 353 340
175 366 244 501
915 0 1000 112
466 0 564 99
273 0 285 828
244 410 273 785
244 0 273 410
841 0 915 191
327 340 353 938
0 886 137 1000
353 0 393 419
412 0 466 329
614 598 659 1000
393 0 412 1000
587 0 614 763
915 112 1000 364
353 456 393 1000
564 0 587 1000
175 0 244 366
466 730 564 1000
614 0 659 598
841 191 915 579
137 229 175 1000
841 579 915 1000
0 0 137 233
175 534 244 1000
659 0 841 185
412 329 466 1000
285 0 327 1000
915 364 1000 1000
466 99 564 730
0 233 137 886
659 185 841 1000
244 870 273 900
244 900 273 934
137 0 175 38
353 419 393 456
327 938 353 1000
393 0 412 96
244 934 273 1000
244 785 273 870
285 879 327 1000
137 844 175 1000
587 763 614 1000
614 617 659 764
0 341 137 390
137 38 175 229
285 672 327 879
915 0 1000 112
614 764 659 1000
273 0 285 1000
659 920 841 1000
353 0 393 419
393 96 412 1000
466 811 564 1000
587 0 614 763
353 456 393 1000
244 0 273 785
564 0 587 1000
412 569 466 1000
137 229 175 844
327 0 353 938
614 0 659 617
285 0 327 672
412 0 466 569
841 579 915 1000
175 534 244 1000
175 0 244 534
841 0 915 579
0 0 137 341
659 0 841 289
915 112 1000 1000
466 0 564 811
0 390 137 1000
659 289 841 920
915 97 1000 112
137 0 175 38
564 933 587 1000
327 938 353 1000
564 800 587 933
915 961 1000 1000
412 0 466 62
175 304 244 374
841 0 915 78
412 874 466 1000
244 758 273 1000
614 840 659 1000
564 0 587 351
915 0 1000 97
285 786 327 1000
564 351 587 800
273 0 285 1000
353 692 393 1000
915 813 1000 961
466 0 564 129
137 629 175 1000
659 920 841 1000
393 0 412 1000
841 723 915 1000
175 0 244 304
244 0 273 758
137 38 175 629
327 0 353 938
466 743 564 1000
587 0 614 1000
353 0 393 692
285 0 327 786
614 0 659 840
0 0 137 312
175 374 244 1000
412 62 466 874
841 78 915 723
915 112 1000 813
466 129 564 743
659 545 841 920
0 312 137 1000
659 0 841 545
273 979 285 1000
273 921 285 979
244 722 273 758
244 957 273 1000
137 0 175 38
327 938 353 1000
244 879 273 957
587 901 614 1000
137 928 175 1000
412 0 466 62
244 758 273 879
841 0 915 78
614 840 659 1000
564 0 587 351
285 786 327 1000
466 903 564 1000
412 62 466 251
273 0 285 921
137 629 175 928
353 692 393 1000
466 0 564 129
564 351 587 1000
915 813 1000 1000
175 0 244 251
393 0 412 1000
659 0 841 106
244 0 273 722
137 38 175 629
587 0 614 901
327 0 353 938
353 0 393 692
285 0 327 786
0 0 137 272
614 0 659 840
412 251 466 1000
659 106 841 369
175 251 244 1000
841 78 915 1000
915 0 1000 813
466 129 564 903
0 272 137 1000
659 369 841 1000
353 632 393 692
587 901 614 1000
466 0 564 31
564 864 587 1000
412 0 466 62
564 0 587 150
564 351 587 539
564 150 587 351
564 539 587 864
244 722 273 1000
327 0 353 325
327 325 353 660
327 660 353 1000
273 0 285 1000
587 453 614 901
587 0 614 453
353 692 393 1000
614 725 659 1000
137 629 175 1000
466 659 564 805
412 698 466 1000
0 445 137 573
393 0 412 1000
466 805 564 1000
244 0 273 722
137 0 175 629
353 0 393 632
841 648 915 1000
915 0 1000 350
175 547 244 1000
614 0 659 725
412 62 466 698
175 0 244 547
659 369 841 589
285 0 327 1000
841 0 915 648
915 350 1000 1000
0 573 137 1000
0 0 137 445
466 31 564 659
659 0 841 369
659 589 841 1000
564 864 587 1000
587 865 614 1000
393 807 412 1000
393 319 412 550
393 550 412 807
564 0 587 215
137 847 175 1000
393 0 412 319
587 593 614 865
564 215 587 539
564 539 587 864
659 956 841 1000
327 0 353 325
327 325 353 660
327 660 353 1000
175 865 244 1000
137 593 175 847
244 648 273 1000
841 0 915 147
273 0 285 1000
285 653 327 1000
353 632 393 1000
614 0 659 343
587 0 614 593
0 600 137 730
244 0 273 648
466 805 564 1000
915 0 1000 239
137 0 175 593
412 555 466 1000
353 0 393 632
285 0 327 653
614 343 659 1000
412 0 466 555
0 730 137 1000
175 0 244 865
841 147 915 1000
915 239 1000 1000
659 589 841 956
466 0 564 805
0 0 137 600
659 0 841 589
393 0 412 32
412 984 466 1000
466 962 564 1000
175 0 244 69
587 409 614 593
393 32 412 319
564 319 587 614
915 0 1000 81
0 948 137 1000
564 0 587 319
327 0 353 325
564 614 587 1000
353 770 393 1000
175 865 244 1000
285 772 327 1000
244 648 273 1000
137 717 175 1000
587 593 614 1000
587 0 614 409
273 0 285 1000
137 396 175 717
393 319 412 1000
614 703 659 1000
0 0 137 104
137 0 175 396
327 325 353 1000
175 604 244 865
244 0 273 648
412 0 466 348
659 0 841 115
841 664 915 1000
915 656 1000 1000
353 0 393 770
614 0 659 703
285 0 327 772
412 348 466 984
175 69 244 604
915 81 1000 656
841 0 915 664
466 0 564 962
0 104 137 948
659 115 841 1000
137 580 175 610
564 214 587 319
466 962 564 1000
0 968 137 1000
175 0 244 69
564 0 587 214
659 971 841 1000
393 0 412 319
564 319 587 614
915 0 1000 81
564 614 587 1000
244 648 273 1000
587 0 614 409
273 0 285 1000
393 319 412 1000
0 0 137 104
137 610 175 1000
587 409 614 1000
353 596 393 1000
285 0 327 406
614 600 659 1000
244 0 273 648
915 81 1000 324
412 0 466 401
137 0 175 580
353 0 393 596
285 406 327 1000
327 0 353 1000
614 0 659 600
175 69 244 490
841 578 915 1000
412 401 466 1000
175 490 244 1000
466 591 564 962
841 0 915 578
659 0 841 252
915 324 1000 1000
466 0 564 591
0 543 137 968
0 104 137 543
659 252 841 600
659 600 841 971
137 580 175 610
412 0 466 58
614 0 659 77
175 0 244 69
841 926 915 1000
915 0 1000 81
915 81 1000 174
466 344 564 435
466 435 564 526
466 124 564 223
466 223 564 344
273 0 285 1000
466 0 564 124
0 0 137 104
137 610 175 1000
0 104 137 215
353 596 393 1000
285 0 327 406
412 58 466 401
393 0 412 1000
0 368 137 508
175 703 244 1000
0 215 137 368
137 0 175 580
564 0 587 1000
353 0 393 596
285 406 327 1000
841 578 915 926
327 0 353 1000
587 0 614 1000
659 0 841 150
244 0 273 1000
659 150 841 315
412 401 466 1000
614 77 659 1000
841 0 915 578
175 69 244 703
466 526 564 1000
659 315 841 590
0 508 137 1000
915 174 1000 1000
659 590 841 1000
564 955 587 1000
412 0 466 58
841 166 915 212
244 860 273 1000
564 0 587 243
137 824 175 1000
915 0 1000 81
915 81 1000 174
137 610 175 824
466 344 564 435
466 124 564 223
285 758 327 1000
353 737 393 1000
466 223 564 344
273 0 285 1000
412 777 466 1000
466 0 564 124
841 0 915 166
0 115 137 215
0 0 137 115
564 243 587 955
393 0 412 1000
0 368 137 508
175 703 244 1000
0 215 137 368
137 0 175 610
244 0 273 860
327 0 353 1000
587 0 614 1000
659 0 841 150
353 0 393 737
659 150 841 315
285 0 327 758
659 315 841 517
412 58 466 777
614 0 659 1000
175 0 244 703
466 435 564 1000
841 212 915 1000
0 508 137 1000
915 174 1000 1000
659 517 841 1000
327 962 353 1000
564 955 587 1000
587 956 614 1000
614 972 659 1000
564 886 587 955
327 897 353 962
137 0 175 52
175 942 244 1000
915 673 1000 730
393 704 412 1000
393 368 412 704
393 0 412 368
564 582 587 886
327 571 353 897
285 758 327 1000
614 735 659 972
587 558 614 956
273 0 285 1000
244 0 273 448
564 0 587 582
327 0 353 571
587 0 614 558
244 448 273 1000
137 52 175 488
137 488 175 1000
412 0 466 381
175 635 244 942
466 0 564 223
915 730 1000 1000
841 674 915 1000
285 0 327 758
614 0 659 735
412 381 466 1000
353 0 393 1000
175 0 244 635
841 0 915 674
0 615 137 1000
659 701 841 1000
915 0 1000 673
466 223 564 1000
0 0 137 615
659 0 841 701
