3500
3500
3300
3200
[11, 11] [0, 484]
True
True
True
True
True
True
True
True
True
True
True
True
True
True
True
True
True
True
True
True
True
True
True
True
True
True
True
True
98 49 168 1000
98 0 168 49
382 898 463 1000
311 297 382 1000
311 153 382 297
311 0 382 153
168 753 239 1000
534 679 606 1000
239 706 311 1000
0 766 98 1000
168 380 239 753
168 0 239 380
682 635 801 1000
801 801 1000 1000
534 0 606 679
239 0 311 706
606 0 682 1000
382 0 463 898
0 0 98 766
682 0 801 635
801 402 1000 801
801 0 1000 402
239 882 311 1000
463 390 534 1000
463 264 534 390
463 137 534 264
463 0 534 137
534 765 606 1000
606 838 682 1000
311 629 382 1000
311 356 382 629
0 760 98 1000
168 645 239 1000
311 0 382 356
682 701 801 1000
168 0 239 645
801 731 1000 1000
534 0 606 765
239 0 311 882
606 0 682 838
382 0 463 1000
0 0 98 760
682 0 801 701
801 0 1000 731
98 785 168 1000
98 720 168 785
463 868 534 1000
606 882 682 1000
239 822 311 1000
98 530 168 720
98 317 168 530
534 715 606 1000
98 0 168 317
463 491 534 868
168 583 239 1000
311 537 382 1000
463 0 534 491
311 0 382 537
168 0 239 583
534 0 606 715
239 0 311 822
606 0 682 882
382 0 463 1000
0 0 98 1000
682 0 801 1000
801 0 1000 1000
98 785 168 1000
98 720 168 785
463 868 534 1000
606 882 682 1000
239 822 311 1000
98 530 168 720
98 317 168 530
534 715 606 1000
98 0 168 317
463 491 534 868
168 583 239 1000
311 537 382 1000
463 0 534 491
311 0 382 537
168 0 239 583
534 0 606 715
239 0 311 822
606 0 682 882
382 0 463 1000
0 0 98 1000
682 0 801 1000
801 0 1000 1000
98 785 168 1000
98 720 168 785
463 868 534 1000
606 882 682 1000
239 822 311 1000
98 530 168 720
98 317 168 530
534 715 606 1000
98 0 168 317
463 491 534 868
168 583 239 1000
311 537 382 1000
463 0 534 491
311 0 382 537
168 0 239 583
534 0 606 715
239 0 311 822
606 0 682 882
382 0 463 1000
0 0 98 1000
682 0 801 1000
801 0 1000 1000
98 785 168 1000
98 720 168 785
463 868 534 1000
606 882 682 1000
239 822 311 1000
98 530 168 720
98 317 168 530
534 715 606 1000
98 0 168 317
463 491 534 868
168 583 239 1000
311 537 382 1000
463 0 534 491
311 0 382 537
168 0 239 583
534 0 606 715
239 0 311 822
606 0 682 882
382 0 463 1000
0 0 98 1000
682 0 801 1000
801 0 1000 1000
98 785 168 1000
98 720 168 785
463 868 534 1000
606 882 682 1000
239 822 311 1000
98 530 168 720
98 317 168 530
534 715 606 1000
98 0 168 317
463 491 534 868
168 583 239 1000
311 537 382 1000
463 0 534 491
311 0 382 537
168 0 239 583
534 0 606 715
239 0 311 822
606 0 682 882
382 0 463 1000
0 0 98 1000
682 0 801 1000
801 0 1000 1000
98 785 168 1000
98 720 168 785
463 868 534 1000
606 882 682 1000
239 822 311 1000
98 530 168 720
98 317 168 530
534 715 606 1000
98 0 168 317
463 491 534 868
168 583 239 1000
311 537 382 1000
463 0 534 491
311 0 382 537
168 0 239 583
534 0 606 715
239 0 311 822
606 0 682 882
382 0 463 1000
0 0 98 1000
682 0 801 1000
801 0 1000 1000
98 785 168 1000
98 720 168 785
463 868 534 1000
606 882 682 1000
239 822 311 1000
98 530 168 720
98 317 168 530
534 715 606 1000
98 0 168 317
463 491 534 868
168 583 239 1000
311 537 382 1000
463 0 534 491
311 0 382 537
168 0 239 583
534 0 606 715
239 0 311 822
606 0 682 882
382 0 463 1000
0 0 98 1000
682 0 801 1000
801 0 1000 1000
98 630 168 1000
98 563 168 630
534 828 606 1000
534 677 606 828
239 704 311 1000
606 711 682 1000
382 696 463 1000
801 844 1000 1000
682 696 801 1000
0 606 98 1000
98 0 168 563
463 0 534 1000
311 0 382 1000
168 0 239 1000
534 0 606 677
239 0 311 704
606 0 682 711
382 0 463 696
0 0 98 606
682 0 801 696
801 426 1000 844
801 0 1000 426
534 705 606 1000
239 895 311 1000
382 876 463 1000
239 741 311 895
606 732 682 1000
0 823 98 1000
98 485 168 1000
682 771 801 1000
463 523 534 1000
311 536 382 1000
168 543 239 1000
98 0 168 485
463 0 534 523
311 0 382 536
168 0 239 543
534 0 606 705
239 0 311 741
606 0 682 732
382 0 463 876
0 0 98 823
682 0 801 771
801 0 1000 1000
534 705 606 1000
239 895 311 1000
382 876 463 1000
239 741 311 895
606 732 682 1000
0 823 98 1000
98 485 168 1000
682 771 801 1000
463 523 534 1000
311 536 382 1000
168 543 239 1000
98 0 168 485
463 0 534 523
311 0 382 536
168 0 239 543
534 0 606 705
239 0 311 741
606 0 682 732
382 0 463 876
0 0 98 823
682 0 801 771
801 0 1000 1000
534 705 606 1000
239 895 311 1000
382 876 463 1000
239 741 311 895
606 732 682 1000
0 823 98 1000
98 485 168 1000
682 771 801 1000
463 523 534 1000
311 536 382 1000
168 543 239 1000
98 0 168 485
463 0 534 523
311 0 382 536
168 0 239 543
534 0 606 705
239 0 311 741
606 0 682 732
382 0 463 876
0 0 98 823
682 0 801 771
801 0 1000 1000
98 178 168 1000
98 161 168 178
98 118 168 161
98 62 168 118
98 0 168 62
239 924 311 1000
239 845 311 924
534 705 606 1000
534 487 606 705
534 264 606 487
534 0 606 264
606 735 682 1000
239 563 311 845
382 710 463 1000
0 595 98 1000
801 806 1000 1000
239 0 311 563
606 0 682 735
382 0 463 710
0 0 98 595
682 0 801 1000
801 0 1000 806
98 88 168 1000
98 0 168 88
0 898 98 1000
311 828 382 1000
463 774 534 1000
463 516 534 774
311 568 382 828
239 717 311 1000
682 813 801 1000
168 602 239 1000
534 606 606 1000
463 0 534 516
311 0 382 568
168 0 239 602
534 0 606 606
239 0 311 717
606 0 682 1000
382 0 463 1000
801 585 1000 1000
0 0 98 898
682 0 801 813
801 0 1000 585
98 88 168 1000
98 0 168 88
0 898 98 1000
311 828 382 1000
463 774 534 1000
463 516 534 774
311 568 382 828
239 717 311 1000
682 813 801 1000
168 602 239 1000
534 606 606 1000
463 0 534 516
311 0 382 568
168 0 239 602
534 0 606 606
239 0 311 717
606 0 682 1000
382 0 463 1000
801 585 1000 1000
0 0 98 898
682 0 801 813
801 0 1000 585
98 88 168 1000
98 0 168 88
0 898 98 1000
311 828 382 1000
463 774 534 1000
463 516 534 774
311 568 382 828
239 717 311 1000
682 813 801 1000
168 602 239 1000
534 606 606 1000
463 0 534 516
311 0 382 568
168 0 239 602
534 0 606 606
239 0 311 717
606 0 682 1000
382 0 463 1000
801 585 1000 1000
0 0 98 898
682 0 801 813
801 0 1000 585
98 88 168 1000
98 0 168 88
0 898 98 1000
311 828 382 1000
463 774 534 1000
463 516 534 774
311 568 382 828
239 717 311 1000
682 813 801 1000
168 602 239 1000
534 606 606 1000
463 0 534 516
311 0 382 568
168 0 239 602
534 0 606 606
239 0 311 717
606 0 682 1000
382 0 463 1000
801 585 1000 1000
0 0 98 898
682 0 801 813
801 0 1000 585
