1000 25 50
201 1517 2432 2757 2784 3275 3668 3851 4523 4852 5228 5234 5486 6337 6450 8515 8935 9836 10085 10322 10356 10371 10378 11545 12100 12484 14003 14305 15060 15482 16191 16482 17078 17438 20273 20935 23926 29421 31954 32429 34532 35072 36717 37569 38233 45471 50471 51082 54211 98007
310 852 1139 1563 1932 2073 4288 6506 6689 7088 7108 7913 8425 8607 9619 9733 10445 10661 11391 12257 12550 14158 14625 15662 15832 17122 18040 18268 18926 19385 21642 22407 25522 26307 26438 26668 27510 27665 27782 29066 29219 29739 30442 32580 35104 35861 45956 46883 50956 52914
978 1672 2529 2641 2690 2960 3627 3808 4238 4317 4463 5328 5381 6221 6248 6850 9801 9804 9926 9946 10344 10605 10744 11321 11922 12932 13498 13656 15106 17355 20049 20419 20789 21760 22733 23265 25456 26966 28071 32281 34151 34572 35399 35479 39138 42602 46910 51153 56386 123071
239 573 844 882 1975 2404 3142 3628 3664 3935 6018 6141 6948 7435 7752 7868 7887 8525 8678 9473 10280 10440 10457 11365 11446 11943 11963 13915 14624 15847 16791 16893 19408 19824 21936 23875 25345 26056 27401 28875 30098 33374 35546 43418 45201 47321 53013 70542 76513 86267
65 1346 2927 4119 5236 5397 5483 6286 6758 7892 7981 8080 8417 9166 9367 9534 9612 10079 11306 11805 11835 11955 12532 12869 14063 14809 14965 15256 16685 17248 17684 18815 19170 21195 22698 22713 25250 25578 26402 26685 27602 27996 28351 28843 38282 40734 50545 51927 58798 70817
81 624 1046 1938 1982 2726 3190 3341 4350 6070 6106 6579 6927 7372 8282 8552 8918 9529 9928 10057 10421 10902 11095 11669 12010 12065 12510 12689 13318 13356 13468 13825 14811 15272 16595 17714 18591 19005 20915 25182 27700 27864 32194 33449 42470 49227 65825 69526 74934 122225
77 97 569 789 1353 1422 2002 2040 2102 2276 3632 4414 4624 5325 5406 6344 6520 6557 6895 9022 9109 9659 9985 11768 12719 13092 13397 14123 14713 14773 15995 16249 17193 18627 18909 21464 22811 27622 29453 30991 34645 36784 42581 44163 47363 50206 56353 56378 77424 77515
228 447 574 765 927 1110 1232 2156 4074 4148 4172 5056 5348 5931 6003 6428 7463 7760 11204 11360 12336 12373 13159 13503 13637 14568 18433 19028 19956 20072 20448 20468 21856 23333 23845 25405 27189 27828 28381 28687 30493 30781 34212 35824 37861 38478 44655 53049 56349 86372
658 918 1022 1040 1040 1070 1200 1486 2297 3045 3289 3405 4216 4577 4961 5210 5436 6000 9429 9843 11525 13061 13284 13953 14190 17138 17230 18055 18998 19561 19590 19751 19964 20841 21802 22754 23518 24072 26452 27632 31944 33016 35990 38164 40132 42264 55669 58271 69269 71970
274 1085 1271 1465 2157 2266 3005 6384 7102 7150 7157 8027 8225 8614 8851 8868 9090 9119 10950 11357 11392 11738 12680 13720 14673 15100 15287 15488 17736 18808 19650 21524 22842 22935 23747 25674 26203 26712 28386 28893 31442 32544 34381 38143 38999 41958 44327 49260 63084 76069
156 224 364 696 977 1421 1768 1851 2067 2669 2877 3012 3572 3733 3757 4842 5503 6038 6894 7003 7139 7146 7841 8268 10564 11346 11502 12474 12698 13356 14072 15220 18609 19750 19861 20365 20638 27192 30992 31000 33660 35819 40849 41040 45717 59635 63367 76668 77151 81241
558 736 881 1748 1857 2606 2992 3291 3463 3896 3966 4142 4885 4978 5640 6694 7134 7384 7661 8304 9229 10173 10527 11439 12911 13412 14631 15723 17127 17260 17632 18292 18343 20964 21314 22907 23262 23824 24791 29640 29683 34515 36095 41280 45342 61884 64593 66163 76387 78050
575 801 868 1301 1493 1658 1808 2147 3024 3303 3680 4286 5182 5309 5884 6013 6790 9427 10156 12215 12944 13667 14978 16014 16113 16984 18873 19013 19221 21531 21755 22800 23041 23042 23334 24126 26129 26472 27033 29424 30473 35034 37237 38211 38779 39110 40441 41083 44295 85581
534 1174 1448 1467 2870 3235 3468 3672 4247 4345 5277 5500 6425 6614 6973 7571 7627 7815 8286 8839 9002 9912 10227 11424 11472 11778 14858 16266 17076 18331 18416 19265 20064 20795 22087 23242 23299 23372 24240 26702 31212 32491 32809 36417 56369 56958 65351 65403 66485 67032
128 820 838 984 1209 1287 2053 4492 5180 6121 6219 7020 7160 7457 7783 8206 8595 8595 9337 9444 10234 11195 11383 11391 11396 11788 12128 14868 15892 17185 18596 19901 20004 20308 20983 23001 26833 29132 30517 30974 33607 33621 38316 40175 45278 50730 59019 61411 62497 66380
83 374 648 1318 1956 2318 2349 2949 3078 3154 3182 4294 4380 5402 5672 9880 10921 10972 12093 12312 12645 12801 13087 13521 14209 16371 16795 16937 17127 18480 19736 20474 20683 22278 22925 24308 26081 31582 32638 34331 34722 34768 35971 39049 40161 42896 44110 48384 56059 71475
618 828 1557 1768 1954 2747 2844 3361 4430 4498 4693 5807 5906 7120 7158 8227 8902 9788 11673 13049 14496 14544 14724 15601 15810 16745 16779 17453 17746 19218 19889 19915 19950 20084 21606 21773 23983 24542 29052 32249 32847 33521 33570 35318 37447 40583 42084 60324 71207 78220
361 583 1457 2264 2280 2479 2528 2799 4409 4972 5549 6129 6898 6991 7923 7987 8010 8497 10594 10726 11597 11886 12305 12618 12789 15911 16377 18256 19517 19796 20553 22499 22791 24471 24933 24953 25566 28553 31348 31608 32243 32551 37643 41242 42266 42873 44524 46070 46440 67657
498 702 1881 1982 2500 2830 2882 3010 3841 4398 4454 4553 4835 5096 5348 5731 5829 5921 6394 6506 6882 8234 8912 9430 10386 11395 12088 12225 12348 12729 12810 14124 14449 15058 15169 15181 16701 17902 18501 19003 26740 30395 32416 32556 41785 42563 42875 90619 114897 134890
514 960 1640 1837 2785 2997 3689 3804 4778 5728 5813 6074 6728 8931 9197 9237 10313 10947 13061 13677 15032 15690 15859 16201 16303 16413 17732 18790 18854 18991 20762 22990 23211 24394 25661 26746 27135 27441 28164 32105 32106 33705 35472 40140 40631 41190 44343 48120 48555 58794
166 190 831 866 1027 1785 2371 2418 2655 2878 3029 3097 3709 3779 4008 4310 4993 5064 9069 9374 10059 10339 10407 10909 11938 12554 13493 14350 16287 16545 16807 18319 18653 19116 21399 22544 23922 24494 35137 35172 36491 38476 40481 43876 48633 52375 59030 61279 74263 74638
391 885 1173 1335 2023 2220 2432 3075 3331 3422 3523 3996 4020 4064 4184 4545 5766 6234 7563 7841 9608 11961 13228 13775 14555 15337 16665 18413 18416 19599 19667 20010 21509 21773 22350 23204 25094 26826 26906 35432 35892 36893 37199 37299 41171 50961 51422 52153 59920 90611
351 783 1435 2107 2620 2631 2670 3028 3091 3536 4673 4727 5007 5445 5768 6278 7289 8010 9443 10897 11139 11701 12160 13253 13641 15337 15803 15982 16773 17472 18358 21563 22947 23183 23426 23576 24928 25160 27434 29365 31245 32125 34048 37298 43025 45501 48383 49367 60149 76198
132 1788 2184 2212 2224 3831 4202 4507 4618 4829 5143 5242 5426 6071 7036 7485 7622 9113 9926 10196 10217 10564 10944 11961 12139 12363 12994 13101 13323 15111 18050 18243 19253 20274 21431 23663 25320 29469 29805 32900 33767 34585 38240 42244 43856 44686 46513 53224 64851 89358
236 243 514 653 1117 2589 2596 2930 2951 3330 3397 4192 5307 5456 7022 7894 8593 8927 8932 8940 10008 10279 11313 13423 13687 14676 15091 16181 16810 17071 18002 18692 19413 20846 23252 23950 24376 24907 27713 29195 31297 31552 36987 39655 40067 50218 52434 62862 69072 74229
