15 6 0.11
12 0 0 0 1 1 1 1 2 2 2 2 3 2 4 3 1 3 2 4 2 4 3 5 2
11 0 0 0 1 1 0 1 1 1 2 2 1 3 1 4 1 4 2 5 2 6 2
7 0 1 0 2 1 0 1 1 1 2 2 2 3 2
10 0 3 1 0 1 1 1 2 1 3 1 4 2 1 2 3 3 2 3 3
10 0 3 1 3 2 1 2 2 2 3 3 0 3 1 3 2 3 3 4 1
9 0 2 1 0 1 2 1 3 2 0 2 1 2 2 3 2 3 3
0 1
8 4
8 1
7 7
5 8
4 2
0 1 1 0 0 0 0 0 0 0 0 0 0 0 0
0 0 1 1 0 0 0 0 0 0 0 0 0 0 0
0 0 0 1 1 1 0 0 0 0 0 0 0 0 0
0 0 1 1 0 0 0 0 0 0 0 0 0 0 0
0 0 0 1 2 0 0 0 0 0 0 0 0 0 0
0 0 1 1 1 1 0 0 0 0 0 1 0 0 0
0 0 1 1 1 0 0 0 0 0 0 1 0 0 0
0 0 0 0 1 1 0 0 0 1 2 1 0 0 0
0 0 1 1 1 1 0 1 2 2 2 2 0 0 0
0 1 1 1 1 1 1 0 1 1 1 0 0 0 0
0 0 0 1 0 1 0 0 0 1 1 0 0 0 0
0 0 0 1 0 1 0 0 0 0 0 0 0 0 0
0 0 0 0 0 1 1 0 0 0 0 0 0 0 0
0 0 0 0 0 0 1 0 0 0 0 0 0 0 0
0 0 0 0 0 0 1 0 0 0 0 0 0 0 0
1.5782396025
-0.0807635752
-0.2871335390
-1.3443195955
-0.3644978230
0.4710663513
1.0623669084
0.9533266957
-0.3405269940
-1.0322594220
0.2561987155
-1.1760059804
0.6967779216
1.6317808780
1.2440261109
-0.1835582244
0.9699532683
-0.7812065877
-1.9853073628
-0.3908109079
-0.3022512056
-0.1616201154
0.4706129343
1.1165725728
2.3375473800
0.1355971009
1.5675865508
0.5412386230
0.8911724495
-0.8594550376
-1.6432081220
-0.6399193686
-0.4261466442
0.3591484933
1.1686050021
0.0809539413
0.6104802868
0.4075210121
-0.0237523399
1.5370793228
0.1753422523
-1.7225030120
-0.0015210897
0.6208913892
0.4372670089
-1.5095166770
0.9307287058
-0.9800276138
-1.0016394428
0.0876202704
1.0297700715
-1.0161018463
-0.2215822705
0.1264112369
0.2116586711
-0.5895530975
-0.5992212927
-1.0449467641
-0.5636085970
-0.1328122817
0.6097864292
0.9400578381
1.1324219246
0.6720914574
1.5295307184
2.2882854915
0.3788831446
0.2568771223
-0.1684658422
0.2884148476
0.3357279385
0.4163021484
1.3830751371
0.9131665358
-0.0231759061
0.4347804717
-1.2407032990
1.0048587983
0.7926402677
-0.0519226479
-0.3914995621
-0.0585096158
0.3268439519
-1.7972255661
-0.7822670592
-1.4630395489
1.5722620936
-0.4674345708
0.1175335978
1.9042694067
0.3863006323
-1.0902630037
0.3034424385
0.3112168297
-0.8020515152
1.1349299734
0.0096837413
2.0138543079
0.2039065077
-0.9710083874
1.9067061180
-2.9194418859
-1.2169060643
1.1531010078
0.2861179236
-0.1551966576
1.2504289079
-0.1743501240
1.4852872006
1.1204995693
0.3409350103
0.6873556069
-1.4315972787
-0.7297294126
-0.7301408888
-0.2723514554
-1.2075190927
-0.8958816283
-0.7348852167
-0.9628746743
-0.4397284880
-1.9834034830
0.3370768547
-0.4585849487
0.1137793421
-1.8634605191
1.3780317435
1.7675740759
-1.1619979987
-0.8731628684
0.2990429481
0.9777471696
0.5295035936
-0.7753368707
0.6998882025
-0.3357475230
1.6759902909
-0.4573275242
-0.1931329359
-0.1599281929
-1.2359962136
0.3203627692
-0.2843766127
-0.8704570721
2.3932915597
1.1568048515
0.9483960593
0.9350606633
-0.0229164253
-1.3393665223
-0.8955818898
0.3306918606
-0.1703133065
0.2204208454
1.9587692149
-1.7660959169
-0.0436258523
1.0772176200
-0.5386493206
0.8435633156
-1.6510706574
0.9156104269
0.2200456078
0.4170390280
-0.6257673246
-0.2753132219
0.4684109738
0.7264055845
2.2005606462
1.8326370609
-0.7034641089
-0.9789119300
-2.7737936521
0.7474396475
-1.6495077744
-0.0077210014
-1.2006564915
-0.6566802362
-2.6278272413
-0.1698120306
-1.7037003809
-1.3063082875
0.5608626170
0.1983172071
-0.3366668685
-0.4167271119
1.2595853759
-1.4098201829
-0.0185735495
1.6484446548
0.6512857708
-1.4784636961
-1.2368665336
-0.9314174539
-1.2113116319
-0.7497060006
0.5471953027
-1.9816411728
0.2499405126
-0.3054540536
0.5525088365
-1.1139987018
0.7355984270
0.2135545757
0.7186230669
-1.2495812419
1.4191485880
-0.7826381018
1.8749651975
-0.4675054574
0.2268610305
0.5424529139
-0.8479104358
-0.7195083078
-0.1012446074
-1.1697952979
-1.4499764903
1.0862967729
-1.8190182764
0.1709985935
0.9045292375
-0.9780582203
-0.6841183254
0.0334874825
-0.0615896480
-0.1582850901
1.5138802122
0.4912547991
-0.3128211248
0.7104306744
-1.4680739082
1.2311042873
-0.7548610433
0.2126672150
1.2536436790
-1.2043518764
-1.5993369562
0.7435464105
0.4182690249
2.0189172011
-0.7304531404
-0.1009942565
0.1080029865
-0.7589757718
0.6113643297
-0.0792273566
-0.5024110270
-1.3414605549
-0.8235838333
0.9066908250
-0.0011099009
1.6424378612
0.9141887319
0.6554220254
-0.0101134121
-0.7215492377
-0.4970515656
-0.2817045103
0.9684167099
-0.4225549988
0.4479365398
0.2084335419
0.8871058950
0.3167745730
1.6112196756
0.7702565482
-1.2042612762
0.4726841846
0.0344435696
1.4428889515
-0.1293189728
0.0902277177
-1.5619743261
0.2513066756
0.4760136249
-0.0161193616
1.0527653731
1.8750796771
-0.5820098143
-1.3933613848
-1.0837288890
0.2185416795
0.0017202419
0.5337679041
0.7493122834
1.0797590677
-1.8457349029
-2.2988492483
0.6986440919
-0.2822311431
0.0084929237
0.5167113628
-1.7384745335
1.2141594732
-0.9419704725
-1.4984925461
-0.3709753207
-0.0034317791
-0.2338262027
-0.1682692003
0.6459325294
-1.1035381294
-1.2811788382
-0.4356473375
-2.0589083895
-0.4134781541
-0.3694580001
1.8110142613
-0.0035661457
0.1032265331
1.3492816597
-0.6191521991
0.3409739891
0.0864387114
0.7691977517
0.3319607708
-0.5958963531
0.1107689891
-1.1851824159
0.1811051345
-1.2627130049
-0.0460818847
1.5133451385
0.5298230408
0.1451213325
-2.1840532131
-0.9582729829
-0.2426056234
1.7109501049
-1.0574711244
-0.4610888507
0.5108145708
1.0436009435
1.7279992641
0.2055498898
-0.3655191261
0.4287011454
-0.3380772209
-0.2076484953
-1.9249868501
-0.2796147276
1.1675148323
0.1717510711
1.0308548254
-0.1216114431
0.2748196796
0.1173569481
-1.2293523182
0.0808551942
2.5079897040
-0.6920930814
1.4844933015
-1.3564635693
0.2449871878
2.2343381502
-1.7303831494
0.1060937444
1.8709467598
0.0113405825
-1.1877373308
-1.7262912329
1.0251255006
-0.9892119714
0.2914217109
-0.1741613756
-0.1305761763
0.1773645871
-0.7649113626
0.5553180963
-0.3667637420
0.6091638885
-0.9036175294
0.6227331331
0.1349989090
-3.0936267103
1.7777445577
-0.6006692452
0.9157459032
-1.0418646817
0.2563587591
-1.6413256625
-0.2649309372
-0.6688487011
0.6723889326
-1.2282680222
-0.6995657867
-0.2981500302
-0.2944856781
1.0791897620
1.4106894484
0.3363305003
-0.5924117932
-0.5001542223
-0.7988298609
0.0461119727
0.2015524294
-0.3354091601
0.7426136130
0.1808199501
-0.4949722402
1.5110794497
1.4306988522
0.3087380195
0.3758945408
0.0028148275
0.2467128028
0.2348018352
-0.5678281698
1.3007086794
0.4681027928
0.5325801633
0.1531815059
0.3020968451
-1.6246622455
-0.5412374552
-2.5200731575
-0.2370541750
1.5937929844
0.1002098245
-1.0293747472
-0.0316324827
0.2964106860
0.8498440819
-1.0108895912
-1.3633338166
-0.9134017017
-0.8706185345
0.1695172899
-1.3358606113
0.5264586922
0.6393876831
-0.1758785816
0.0758970236
0.0394729290
-0.6668782163
-0.6229726126
1.1074942638
-1.0375884755
-1.6956875292
-1.9674941222
-0.5077096528
0.4226026512
0.0304614362
-0.1831781071
-0.3945902070
-0.3250542315
0.6363906482
-0.9039700456
-1.0480058810
0.2301395394
