15 6 0.10
19 0 5 1 5 2 1 2 2 2 3 2 4 2 5 2 6 3 0 3 1 3 2 3 3 3 4 4 1 4 2 4 3 4 4 4 5 5 3
19 0 1 1 0 1 1 1 2 2 0 2 1 2 2 3 0 3 1 3 2 4 0 4 1 4 2 5 0 5 1 5 2 5 3 6 0 6 1
17 0 0 0 1 0 2 1 1 2 0 2 1 2 2 2 3 2 4 2 5 3 0 3 1 3 2 3 3 3 4 4 4 4 5
16 0 0 0 2 1 0 1 1 1 2 1 3 1 4 2 1 2 2 2 3 2 4 2 5 3 2 3 4 4 2 5 2
18 0 1 0 2 1 2 2 1 2 2 2 3 3 0 3 1 3 2 3 3 3 4 4 1 4 2 4 3 4 4 5 3 5 4 5 5
20 0 5 1 5 1 6 2 4 2 5 2 6 3 2 3 3 3 4 3 5 3 6 4 0 4 1 4 2 4 3 4 4 5 2 6 2 6 3 7 3
8 4
6 5
7 2
4 6
7 1
0 8
0 0 0 0 0 0 0 0 0 0 0 0 0 1 0
0 0 0 0 0 0 0 0 0 0 0 0 0 1 1
0 0 0 0 0 0 0 0 0 0 0 0 1 1 1
0 0 0 0 0 0 0 0 0 0 1 1 1 1 1
0 0 0 0 0 0 1 0 2 1 1 1 1 0 0
0 0 0 0 0 0 1 1 1 1 2 0 0 0 0
0 0 0 0 0 0 1 1 1 1 2 2 0 0 0
0 0 2 2 1 1 1 1 1 0 1 1 0 0 0
0 0 0 2 0 1 1 1 1 1 0 0 0 0 0
0 0 2 2 2 2 2 2 1 1 0 0 0 0 0
0 1 2 2 2 4 3 2 1 1 1 0 0 0 0
0 0 1 1 2 3 3 3 2 0 0 0 0 0 0
0 0 0 0 1 3 3 1 1 1 0 0 0 0 0
0 0 0 0 0 0 0 1 0 0 0 0 0 0 0
0 0 0 0 0 0 0 0 0 0 0 0 0 0 0
-1.0277065884
0.0108720481
1.1151327419
0.1051504513
0.6344017549
0.1836211608
-0.4157344015
-0.5056577059
0.3788001420
-1.0287067696
-1.0232759412
-0.6132044214
-0.1742992605
-1.1276306342
0.7495321876
-0.1141488539
1.4707012430
-1.0190642307
-0.7770932147
-0.4113247129
-0.8385968993
-2.0283528829
-0.4386203478
-0.6774206094
0.1045881728
0.6736514080
1.1566303439
-1.7478334310
0.1025979625
0.8558286547
1.9876579815
-0.2548915635
-0.5675786163
0.5611843800
1.5203746442
1.1972942768
0.9560363821
1.6369692249
-1.2512290153
0.9448305727
-0.7934246876
-1.8194952450
-0.1037708022
0.7376701329
-1.4326557101
-0.2444874906
0.9481722011
1.5412105624
0.4331380801
0.7982465991
-0.8720379246
-1.2669072861
0.0470041162
0.8684610778
-0.6089533343
1.1701965585
-1.0062372757
0.1469370715
3.7210921795
-0.0542442791
-1.1260995608
0.4941861165
-0.7748841547
-0.8804601837
0.4561704741
-0.8684893870
-0.1411824727
0.8330528088
0.5005176344
-0.3864279658
0.4081039640
-0.0438130311
-0.1725270929
0.6120517376
0.9053991199
1.0557259236
-1.4553655322
0.9964525760
-1.7838507343
1.2500357766
-1.4377531409
0.9762712734
0.8080623984
-0.3576245569
0.8827048083
0.4120715427
0.3463578648
-0.2751982416
-0.1430765591
-1.0562673284
-0.2432280023
1.6286112957
-0.3959802679
-0.2690371015
0.2971337073
1.2335584205
-1.4666251594
1.7833669801
-0.2948813730
-0.3479109813
-0.7717150778
0.5775398925
-0.3597780509
0.0751473685
-0.5318224782
-0.2014207614
-0.1013854529
0.1912094158
1.6647137221
0.4462029053
-0.1356051223
-0.2046184020
-1.4659409684
0.3894943810
0.3398580248
1.5877489249
-0.2339100912
0.4334543974
1.3041059193
0.3290227738
-0.1842968399
0.6624815738
-0.9868638089
1.4182219145
-0.4626756025
-0.0406849119
-0.3711153506
-1.5048863288
-1.5845369251
0.3797180997
0.0270380881
-1.1253327350
-0.4882530268
0.0401342132
-1.8270991174
-0.9842761911
-0.0794294177
0.3683141541
-0.7965255474
0.2482000920
-0.3484588916
-1.1035388112
0.3359394689
1.1415288018
0.1551827909
0.0596466059
0.4653684717
0.2598830110
-0.8511872049
0.1590269906
1.4316161196
-0.1829853646
0.0102068601
0.7752722124
0.9457291645
-1.1682764159
-0.3143953004
0.2814722430
-0.0597763388
0.6211965552
0.6356415409
0.4658603641
-0.3866413918
-0.2448779831
0.8350079964
0.3790671669
-0.8272812893
-1.9112326576
1.2518813460
-0.9551940909
4.6681496903
0.3447669616
-1.3241531287
2.0312052480
-0.9123597958
0.3599654197
1.0715404820
0.0030625029
0.0908849404
-1.0369830756
1.0738375704
0.9212865231
-1.1061719745
0.2580342510
-1.1119128084
0.2643064813
0.5314483791
-0.5049238693
-0.5477265547
-0.1381059871
-1.4394127727
0.2703265679
-1.7056338594
0.0722268940
0.7643813220
-0.6154053418
1.8968400218
0.2960311175
-0.4976055320
-1.6239534903
0.3990348679
-0.4162761228
0.4778432051
0.5585091856
0.0287568945
0.0850197819
-2.5584006204
-0.6607483357
0.8984817880
0.8282457009
-0.5588686376
-1.3203210963
0.5029114358
-0.6589797111
-0.6804720250
-1.0954552420
0.1394464578
-0.6169147208
0.3863356842
1.1758363646
0.2207815738
-0.6958928460
1.4300433815
0.7605897669
-0.2619643358
-1.0556040085
1.1984372836
1.2505785022
-1.1459149436
1.6317090891
0.6762856629
-0.6620737896
0.7907575689
0.9974544728
-0.5324315868
-1.6375606024
0.3493113198
0.1485032046
-0.2567368112
1.2581891380
-0.1476607448
0.0101965330
-0.9206579674
1.0373484666
0.1949095365
1.0254873547
-1.3556667638
0.4438096386
-0.7545294216
0.7793042880
-0.4377872263
-0.4098248773
0.3037911344
1.4455874513
0.6700046496
-0.7515019442
0.3692784085
0.5300832125
-0.1634837773
0.2153909588
-0.1126034479
-1.2437550466
-0.3602557021
0.0166088175
1.2010253062
-0.4680087806
0.0411541344
0.9300938020
1.8539698219
-1.0531682585
-0.2771928172
1.0036732246
0.5766236721
-0.1487463610
0.8467113851
0.9482527040
-0.1561075396
0.2808818302
1.2501667150
0.5152920731
-1.3417185154
-1.5436781558
-0.4631259844
1.0043594658
-0.1294218538
-0.7018505313
-0.7591476493
-0.1540641400
-1.3875524153
0.0542530724
-1.6665993376
0.3563589343
0.8084767258
-0.5610091284
-1.3870090154
0.0172975938
0.7897845048
0.6208918171
-1.6160243220
1.1303119788
1.3309003427
0.0715245226
-1.4200654839
-0.8046275256
-0.6221571937
0.5593912197
-0.5453933813
-1.1987392909
0.6292717375
0.6516865522
-0.1209760768
-0.4765125866
0.4458010694
-0.6525543969
0.0084062147
-0.2778005972
0.5422948273
-0.3777663089
-0.4568751057
0.5471605499
1.2631291316
1.8384660428
-2.0341584315
0.3078821636
-0.8127852587
-0.4058535257
-0.1552114939
-1.4239884669
0.1179022161
-0.4729392388
1.6291233423
0.6062158516
0.2865149083
0.5699929957
-0.8410159005
-1.1062900176
0.1318803143
-0.5349701944
-1.6176115913
-1.4919970494
0.3157544727
-0.3745181547
-1.0341145023
-0.8605472100
-0.7149788157
1.2681960514
-1.3856170263
2.3234137128
0.3126553793
-0.1293258168
0.3573741147
0.7187402830
0.1866118543
0.3810607170
-0.5629444467
0.1058547332
-1.3486027830
-0.2636972794
0.7835622078
0.0515115215
-0.5039384706
1.0543167431
0.7532089258
-0.0926385590
0.9182561259
0.8424024293
1.1780205475
1.3310549568
-0.3218496966
1.5350588473
-2.0487589680
0.0885296224
-1.1796721787
0.9405149301
-1.0813785961
0.5993290849
-1.9877291455
-1.1932525750
1.3498621232
0.6900335310
-0.9262986237
0.6259561444
1.5689237525
0.8542628661
0.4776670703
0.8961021631
0.0774008010
-0.6863028544
-0.5326290756
-1.3200149488
0.3884306619
-1.0820546617
-0.2595050227
-2.2567367055
-1.0949481027
-0.3545656570
-0.8614146512
-0.1197131886
0.8718713072
-1.8559248371
0.7395669278
0.5078939410
1.4418909384
0.9595913001
-1.4683986707
0.2050162297
-1.1597292695
1.0214182917
0.1897656583
-0.3604260716
0.5719303660
-1.0581212372
-0.7294838954
-1.7112590959
0.8556957278
-1.1446535724
1.9423644037
1.1859704525
-1.4653169947
0.3010937471
0.5743619329
0.5387556734
-0.2667258920
-1.4311698398
0.4673542445
-0.2220862794
-1.0429755920
0.9057292760
0.6424735448
0.0026452099
-0.3007377507
-1.0226032226
0.0590796055
0.2205837839
-0.6460759994
-1.7247408446
-0.5316132497
-1.5408226709
-1.2178769136
1.1862748447
-0.2125044640
0.2279045361
0.3973545053
-1.2399375079
2.0681053784
0.2784871433
0.2145537625
-0.1145716278
1.4972715490
0.9371074110
