1 0 0 0 0 0 0 0 0 0 0 0 0 0 0 0 0 0 0
1 0 0 0 0 0 0 0 0 0 0 0 0 0 0 0 0 0 0
1 0 0 0 0 0 0 0 0 0 0 0 0 0 0 0 0 0 0
1 0 0 0 0 0 0 0 0 0 0 0 0 0 0 0 0 0 0
1 0 0 0 0 0 0 0 0 0 0 0 0 0 0 0 0 0 0
1 0 0 0 0 0 0 0 0 0 0 0 0 0 0 0 0 0 0
1 0 0 0 0 0 0 0 0 0 0 0 0 0 0 0 0 0 0
1 0 0 0 0 0 0 0 0 0 0 0 0 0 0 0 0 0 0
1 0 0 0 0 0 0 0 0 0 0 0 0 0 0 0 0 0 0
1 0 0 0 0 0 0 0 0 0 0 0 0 0 0 0 0 0 0
1 0 0 0 0 0 0 0 0 0 0 0 0 0 0 0 0 0 0
1 0 0 0 0 0 0 0 0 0 0 0 0 0 0 0 0 0 0
1 0 0 0 0 0 0 0 0 0 0 0 0 0 0 0 0 0 0
1 0 0 0 0 0 0 0 0 0 0 0 0 0 0 0 0 0 0
1 0 0 0 0 0 0 0 0 0 0 0 0 0 0 0 0 0 0
1 0 0 0 0 0 0 0 0 0 0 0 0 0 0 0 0 0 0
1 0 0 0 0 0 0 0 0 0 0 0 0 0 0 0 0 0 0
1 0 0 0 0 0 0 0 0 0 0 0 0 0 0 0 0 0 0
1 0 0 0 0 0 0 0 0 0 0 0 0 0 0 0 0 0 0
1 0 0 0 0 0 0 0 0 0 0 0 0 0 0 0 0 0 0
0 1 1 1 1 1 1 1 1 1 1 1 1 1 1 1 1 1 1 0
0 1 1 1 1 1 1 1 1 1 1 1 1 1 1 1 1 1 1 1
0 1 1 1 1 1 1 1 1 1 1 1 1 1 1 1 1 1 1 0
0 1 1 1 1 1 1 1 1 1 1 1 1 1 1 1 1 1 1 1
0 1 1 1 1 1 1 1 1 1 1 1 1 1 1 1 1 1 1 0
0 1 1 1 1 1 1 1 1 1 1 1 1 1 1 1 1 1 1 1
0 1 1 1 1 1 1 1 1 1 1 1 1 1 1 1 1 1 1 0
0 1 1 1 1 1 1 1 1 1 1 1 1 1 1 1 1 1 1 1
0 1 1 1 1 1 1 1 1 1 1 1 1 1 1 1 1 1 1 0
0 1 1 1 1 1 1 1 1 1 1 1 1 1 1 1 1 1 1 1
0 1 1 1 1 1 1 1 1 1 1 1 1 1 1 1 1 1 1 0
0 1 1 1 1 1 1 1 1 1 1 1 1 1 1 1 1 1 1 1
0 1 1 1 1 1 1 1 1 1 1 1 1 1 1 1 1 1 1 0
0 1 1 1 1 1 1 1 1 1 1 1 1 1 1 1 1 1 1 1
0 1 1 1 1 1 1 1 1 1 1 1 1 1 1 1 1 1 1 1
0 1 1 1 1 1 1 1 1 1 1 1 1 1 1 1 1 1 1 1
0 1 1 1 1 1 1 1 1 1 1 1 1 1 1 1 1 1 1 1
0 1 1 1 1 1 1 1 1 1 1 1 1 1 1 1 1 1 1 1
0 1 1 1 1 1 1 1 1 1 1 1 1 1 1 1 1 1 1 1
1 0 0 2
2 0 0
1 0 0 2
2 0 0
1 0 0 5
1 0 0 8
2 0 0
3 0 0
1 0 0 2
2 0 0
1 0 0 0
2 0 0
1 0 0 2
2 0 0
1 0 0 2
2 0 0
1 0 0 1
1 0 0 12
2 0 0
3 0 0
1 0 0 2
1 0 0 3
2 0 0
3 0 0
1 0 0 2
2 0 0
1 0 0 7
1 0 0 12
2 0 0
3 0 0
1 0 0 6
1 0 0 11
2 0 0
3 0 0
1 0 0 4
1 0 0 9
2 0 0
3 0 0
1 0 0 4
1 0 0 9
2 0 0
3 0 0
1 0 0 0
1 0 0 8
2 0 0
3 0 0
1 0 0 8
1 0 0 11
2 0 0
3 0 0
1 0 0 6
1 0 0 11
2 0 0
3 0 0
1 0 0 2
2 0 0
1 0 0 2
2 0 0
1 0 0 0
1 0 0 6
2 0 0
3 0 0
1 0 0 2
2 0 0
1 0 0 7
1 0 0 12
2 0 0
3 0 0
1 0 0 2
1 0 0 8
2 0 0
3 0 0
1 0 0 7
1 0 0 12
2 0 0
3 0 0
1 0 0 1
1 0 0 12
2 0 0
3 0 0
1 0 0 4
1 0 0 9
2 0 0
3 0 0
1 0 0 0
2 0 0
1 0 0 7
1 0 0 12
2 0 0
3 0 0
1 0 0 7
1 0 0 12
2 0 0
3 0 0
1 0 0 2
2 0 0
1 0 0 0
1 0 0 8
2 0 0
3 0 0
1 0 0 0
1 0 0 8
2 0 0
3 0 0
1 0 0 2
1 0 0 3
2 0 0
3 0 0
1 0 0 2
2 0 0
1 0 0 4
1 0 0 10
2 0 0
3 0 0
1 0 0 2
2 0 0
1 0 0 2
1 0 0 6
2 0 0
3 0 0
1 0 0 2
2 0 0
1 0 0 2
2 0 0
1 0 0 1
1 0 0 12
2 0 0
3 0 0
1 0 0 2
2 0 0
1 0 0 4
1 0 0 9
2 0 0
3 0 0
1 0 0 7
1 0 0 12
2 0 0
3 0 0
1 0 0 8
1 0 0 11
2 0 0
3 0 0
1 0 0 4
1 0 0 5
2 0 0
3 0 0
1 0 0 4
1 0 0 10
2 0 0
3 0 0
1 0 0 2
2 0 0
1 0 0 1
1 0 0 10
2 0 0
3 0 0
1 0 0 6
1 0 0 11
2 0 0
3 0 0
1 0 0 4
1 0 0 9
2 0 0
3 0 0
1 0 0 2
2 0 0
1 0 0 0
2 0 0
1 0 0 7
1 0 0 12
2 0 0
3 0 0
1 0 0 0
2 0 0
1 0 0 2
2 0 0
1 0 0 2
2 0 0
1 0 0 2
2 0 0
1 0 0 1
1 0 0 2
2 0 0
3 0 0
1 0 0 3
1 0 0 7
2 0 0
3 0 0
1 0 0 4
1 0 0 9
2 0 0
3 0 0
1 0 0 4
1 0 0 10
2 0 0
3 0 0
1 0 0 4
1 0 0 10
2 0 0
3 0 0
1 0 0 1
1 0 0 2
2 0 0
3 0 0
1 0 0 2
2 0 0
1 0 0 2
2 0 0
1 0 0 0
1 0 0 8
2 0 0
3 0 0
1 0 0 8
1 0 0 11
2 0 0
3 0 0
1 0 0 2
2 0 0
1 0 0 8
1 0 0 11
2 0 0
3 0 0
1 0 0 2
2 0 0
1 0 0 0
1 0 0 8
2 0 0
3 0 0
1 0 0 0
1 0 0 8
2 0 0
3 0 0
1 0 0 2
2 0 0
1 0 0 2
2 0 0
1 0 0 3
1 0 0 7
2 0 0
3 0 0
1 0 0 2
2 0 0
1 0 0 2
2 0 0
1 0 0 2
2 0 0
1 0 0 2
2 0 0
1 0 0 2
2 0 0
1 0 0 4
1 0 0 10
2 0 0
3 0 0
1 0 0 4
1 0 0 10
2 0 0
3 0 0
1 0 0 2
2 0 0
1 0 0 7
1 0 0 12
2 0 0
3 0 0
1 0 0 2
2 0 0
1 0 0 2
2 0 0
1 0 0 4
1 0 0 10
2 0 0
3 0 0
1 0 0 8
1 0 0 11
2 0 0
3 0 0
1 0 0 4
1 0 0 9
2 0 0
3 0 0
1 0 0 7
1 0 0 12
2 0 0
3 0 0
1 0 0 4
1 0 0 9
2 0 0
3 0 0
1 0 0 2
2 0 0
1 0 0 4
1 0 0 10
2 0 0
3 0 0
1 0 0 2
2 0 0
1 0 0 2
2 0 0
1 0 0 2
2 0 0
1 0 0 7
1 0 0 12
2 0 0
3 0 0
1 0 0 2
2 0 0
1 0 0 2
2 0 0
1 0 0 1
1 0 0 12
2 0 0
3 0 0
1 0 0 2
2 0 0
1 0 0 4
1 0 0 9
2 0 0
3 0 0
1 0 0 8
1 0 0 11
2 0 0
3 0 0
1 0 0 2
2 0 0
1 0 0 1
1 0 0 12
2 0 0
3 0 0
1 0 0 1
1 0 0 12
2 0 0
3 0 0
1 0 0 2
2 0 0
1 0 0 2
2 0 0
1 0 0 1
1 0 0 10
2 0 0
3 0 0
1 0 0 0
2 0 0
1 0 0 2
2 0 0
1 0 0 0
2 0 0
1 0 0 2
2 0 0
1 0 0 7
1 0 0 12
2 0 0
3 0 0
1 0 0 0
1 0 0 8
2 0 0
3 0 0
1 0 0 2
2 0 0
1 0 0 4
1 0 0 9
2 0 0
3 0 0
1 0 0 4
1 0 0 10
2 0 0
3 0 0
1 0 0 2
2 0 0
1 0 0 8
1 0 0 11
2 0 0
3 0 0
1 0 0 7
1 0 0 12
2 0 0
3 0 0
1 0 0 4
1 0 0 10
2 0 0
3 0 0
1 0 0 2
2 0 0
1 0 0 2
2 0 0
1 0 0 7
1 0 0 12
2 0 0
3 0 0
1 0 0 2
2 0 0
1 0 0 4
1 0 0 9
2 0 0
3 0 0
1 0 0 3
1 0 0 10
2 0 0
3 0 0
1 0 0 7
1 0 0 12
2 0 0
3 0 0
1 0 0 4
1 0 0 9
2 0 0
3 0 0
1 0 0 1
1 0 0 12
2 0 0
3 0 0
1 0 0 7
1 0 0 12
2 0 0
3 0 0
1 0 0 6
1 0 0 11
2 0 0
3 0 0
1 0 0 7
1 0 0 12
2 0 0
3 0 0
1 0 0 2
1 0 0 8
2 0 0
3 0 0
1 0 0 2
2 0 0
1 0 0 6
1 0 0 11
2 0 0
3 0 0
1 0 0 0
1 0 0 8
2 0 0
3 0 0
1 0 0 4
1 0 0 9
2 0 0
3 0 0
1 0 0 1
1 0 0 12
2 0 0
3 0 0
1 0 0 2
2 0 0
1 0 0 7
1 0 0 12
2 0 0
3 0 0
1 0 0 1
1 0 0 2
2 0 0
3 0 0
1 0 0 7
1 0 0 12
2 0 0
3 0 0
1 0 0 4
1 0 0 9
2 0 0
3 0 0
1 0 0 2
2 0 0
1 0 0 2
2 0 0
1 0 0 7
1 0 0 12
2 0 0
3 0 0
1 0 0 2
2 0 0
1 0 0 6
1 0 0 11
2 0 0
3 0 0
1 0 0 2
2 0 0
1 0 0 2
1 0 0 4
2 0 0
3 0 0
1 0 0 2
2 0 0
1 0 0 2
2 0 0
1 0 0 4
1 0 0 9
2 0 0
3 0 0
1 0 0 6
1 0 0 11
2 0 0
3 0 0
1 0 0 0
1 0 0 8
2 0 0
3 0 0
1 0 0 7
1 0 0 12
2 0 0
3 0 0
1 0 0 6
1 0 0 11
2 0 0
3 0 0
1 0 0 0
1 0 0 6
2 0 0
3 0 0
1 0 0 1
1 0 0 12
2 0 0
3 0 0
1 0 0 2
2 0 0
1 0 0 1
1 0 0 2
2 0 0
3 0 0
1 0 0 1
1 0 0 2
2 0 0
3 0 0
1 0 0 2
2 0 0
1 0 0 7
1 0 0 12
2 0 0
3 0 0
1 0 0 2
2 0 0
1 0 0 0
1 0 0 7
2 0 0
3 0 0
1 0 0 0
1 0 0 7
2 0 0
3 0 0
1 0 0 2
2 0 0
1 0 0 2
2 0 0
1 0 0 8
1 0 0 11
2 0 0
3 0 0
1 0 0 2
2 0 0
1 0 0 0
1 0 0 8
2 0 0
3 0 0
1 0 0 8
1 0 0 11
2 0 0
3 0 0
1 0 0 2
2 0 0
1 0 0 2
2 0 0
1 0 0 4
1 0 0 9
2 0 0
3 0 0
1 0 0 8
2 0 0
1 0 0 6
1 0 0 11
2 0 0
3 0 0
1 0 0 2
2 0 0
1 0 0 0
1 0 0 8
2 0 0
3 0 0
1 0 0 7
1 0 0 12
2 0 0
3 0 0
1 0 0 4
1 0 0 9
2 0 0
3 0 0
1 0 0 2
2 0 0
1 0 0 4
1 0 0 10
2 0 0
3 0 0
1 0 0 8
1 0 0 11
2 0 0
3 0 0
1 0 0 2
2 0 0
1 0 0 3
2 0 0
1 0 0 2
2 0 0
1 0 0 7
1 0 0 12
2 0 0
3 0 0
1 0 0 8
1 0 0 11
2 0 0
3 0 0
1 0 0 2
2 0 0
1 0 0 7
1 0 0 12
2 0 0
3 0 0
1 0 0 2
2 0 0
1 0 0 2
2 0 0
1 0 0 0
1 0 0 8
2 0 0
3 0 0
1 0 0 7
1 0 0 12
2 0 0
3 0 0
1 0 0 0
1 0 0 8
2 0 0
3 0 0
1 0 0 2
2 0 0
1 0 0 6
1 0 0 11
2 0 0
3 0 0
1 0 0 4
1 0 0 9
2 0 0
3 0 0
1 0 0 4
1 0 0 9
2 0 0
3 0 0
1 0 0 4
1 0 0 9
2 0 0
3 0 0
1 0 0 6
1 0 0 11
2 0 0
3 0 0
1 0 0 8
1 0 0 11
2 0 0
3 0 0
1 0 0 2
2 0 0
1 0 0 7
1 0 0 12
2 0 0
3 0 0
1 0 0 2
2 0 0
1 0 0 8
1 0 0 11
2 0 0
3 0 0
1 0 0 4
1 0 0 9
2 0 0
3 0 0
1 0 0 8
1 0 0 11
2 0 0
3 0 0
1 0 0 4
1 0 0 10
2 0 0
3 0 0
1 0 0 8
1 0 0 11
2 0 0
3 0 0
1 0 0 4
1 0 0 5
2 0 0
3 0 0
1 0 0 6
1 0 0 11
2 0 0
3 0 0
1 0 0 4
1 0 0 10
2 0 0
3 0 0
1 0 0 2
2 0 0
1 0 0 4
1 0 0 9
2 0 0
3 0 0
1 0 0 2
2 0 0
1 0 0 1
1 0 0 3
2 0 0
3 0 0
1 0 0 7
1 0 0 12
2 0 0
3 0 0
1 0 0 4
1 0 0 9
2 0 0
3 0 0
1 0 0 2
2 0 0
1 0 0 2
2 0 0
1 0 0 2
1 0 0 3
2 0 0
3 0 0
1 0 0 2
2 0 0
1 0 0 2
2 0 0
1 0 0 8
1 0 0 11
2 0 0
3 0 0
1 0 0 0
2 0 0
1 0 0 7
1 0 0 12
2 0 0
3 0 0
1 0 0 0
1 0 0 8
2 0 0
3 0 0
1 0 0 7
1 0 0 12
2 0 0
3 0 0
1 0 0 7
1 0 0 12
2 0 0
3 0 0
1 0 0 7
1 0 0 12
2 0 0
3 0 0
1 0 0 0
2 0 0
1 0 0 0
1 0 0 8
2 0 0
3 0 0
1 0 0 2
2 0 0
1 0 0 8
1 0 0 11
2 0 0
3 0 0
1 0 0 0
1 0 0 6
2 0 0
3 0 0
1 0 0 2
2 0 0
1 0 0 2
2 0 0
1 0 0 0
1 0 0 8
2 0 0
3 0 0
1 0 0 2
2 0 0
1 0 0 7
1 0 0 12
2 0 0
3 0 0
1 0 0 0
1 0 0 7
2 0 0
3 0 0
1 0 0 2
2 0 0
1 0 0 2
2 0 0
1 0 0 2
2 0 0
1 0 0 4
1 0 0 10
2 0 0
3 0 0
1 0 0 0
1 0 0 7
2 0 0
3 0 0
1 0 0 2
2 0 0
1 0 0 1
1 0 0 3
2 0 0
3 0 0
1 0 0 0
1 0 0 8
2 0 0
3 0 0
1 0 0 0
1 0 0 8
2 0 0
3 0 0
1 0 0 4
1 0 0 5
2 0 0
3 0 0
1 0 0 1
1 0 0 12
2 0 0
3 0 0
1 0 0 7
1 0 0 12
2 0 0
3 0 0
1 0 0 2
1 0 0 7
2 0 0
3 0 0
1 0 0 5
1 0 0 6
2 0 0
3 0 0
1 0 0 2
2 0 0
1 0 0 0
1 0 0 8
2 0 0
3 0 0
1 0 0 2
2 0 0
1 0 0 4
1 0 0 5
2 0 0
3 0 0
1 0 0 4
1 0 0 9
2 0 0
3 0 0
1 0 0 0
1 0 0 8
2 0 0
3 0 0
1 0 0 7
1 0 0 12
2 0 0
3 0 0
1 0 0 2
2 0 0
1 0 0 4
1 0 0 10
2 0 0
3 0 0
1 0 0 7
1 0 0 12
2 0 0
3 0 0
1 0 0 0
2 0 0
1 0 0 0
1 0 0 8
2 0 0
3 0 0
1 0 0 4
1 0 0 9
2 0 0
3 0 0
1 0 0 4
1 0 0 9
2 0 0
3 0 0
1 0 0 4
1 0 0 10
2 0 0
3 0 0
1 0 0 8
1 0 0 11
2 0 0
3 0 0
1 0 0 7
1 0 0 12
2 0 0
3 0 0
1 0 0 0
1 0 0 8
2 0 0
3 0 0
1 0 0 2
2 0 0
1 0 0 0
1 0 0 7
2 0 0
3 0 0
1 0 0 2
2 0 0
1 0 0 8
1 0 0 11
2 0 0
3 0 0
1 0 0 1
1 0 0 3
2 0 0
3 0 0
1 0 0 1
1 0 0 2
2 0 0
3 0 0
1 0 0 2
2 0 0
1 0 0 7
1 0 0 12
2 0 0
3 0 0
1 0 0 7
1 0 0 12
2 0 0
3 0 0
1 0 0 1
1 0 0 10
2 0 0
3 0 0
1 0 0 2
2 0 0
1 0 0 7
1 0 0 12
2 0 0
3 0 0
1 0 0 7
1 0 0 12
2 0 0
3 0 0
1 0 0 2
2 0 0
1 0 0 2
2 0 0
1 0 0 1
1 0 0 12
2 0 0
3 0 0
1 0 0 4
1 0 0 9
2 0 0
3 0 0
1 0 0 4
1 0 0 9
2 0 0
3 0 0
1 0 0 2
1 0 0 8
2 0 0
3 0 0
1 0 0 0
1 0 0 8
2 0 0
3 0 0
1 0 0 2
2 0 0
1 0 0 2
2 0 0
1 0 0 0
1 0 0 8
2 0 0
3 0 0
1 0 0 2
2 0 0
1 0 0 2
2 0 0
1 0 0 0
2 0 0
1 0 0 7
1 0 0 12
2 0 0
3 0 0
1 0 0 4
1 0 0 10
2 0 0
3 0 0
1 0 0 1
1 0 0 10
2 0 0
3 0 0
1 0 0 2
2 0 0
1 0 0 7
1 0 0 12
2 0 0
3 0 0
1 0 0 1
1 0 0 2
2 0 0
3 0 0
1 0 0 8
1 0 0 11
2 0 0
3 0 0
1 0 0 4
1 0 0 10
2 0 0
3 0 0
1 0 0 4
1 0 0 5
2 0 0
3 0 0
1 0 0 2
1 0 0 3
2 0 0
3 0 0
1 0 0 2
2 0 0
1 0 0 7
1 0 0 12
2 0 0
3 0 0
1 0 0 2
2 0 0
1 0 0 3
1 0 0 7
2 0 0
3 0 0
1 0 0 7
1 0 0 12
2 0 0
3 0 0
1 0 0 7
1 0 0 12
2 0 0
3 0 0
1 0 0 6
1 0 0 11
2 0 0
3 0 0
1 0 0 8
1 0 0 11
2 0 0
3 0 0
1 0 0 8
1 0 0 11
2 0 0
3 0 0
1 0 0 2
2 0 0
1 0 0 2
2 0 0
1 0 0 4
1 0 0 10
2 0 0
3 0 0
1 0 0 1
1 0 0 3
2 0 0
3 0 0
1 0 0 6
1 0 0 11
2 0 0
3 0 0
1 0 0 2
2 0 0
1 0 0 0
1 0 0 8
2 0 0
3 0 0
1 0 0 0
1 0 0 8
2 0 0
3 0 0
1 0 0 2
1 0 0 3
2 0 0
3 0 0
1 0 0 0
1 0 0 8
2 0 0
3 0 0
1 0 0 2
2 0 0
1 0 0 2
2 0 0
1 0 0 2
2 0 0
1 0 0 4
1 0 0 10
2 0 0
3 0 0
1 0 0 7
1 0 0 12
2 0 0
3 0 0
1 0 0 2
2 0 0
1 0 0 4
1 0 0 10
2 0 0
3 0 0
1 0 0 1
1 0 0 3
2 0 0
3 0 0
1 0 0 7
1 0 0 12
2 0 0
3 0 0
1 0 0 2
2 0 0
1 0 0 2
2 0 0
1 0 0 4
1 0 0 9
2 0 0
3 0 0
1 0 0 4
1 0 0 9
2 0 0
3 0 0
1 0 0 4
1 0 0 10
2 0 0
3 0 0
1 0 0 0
1 0 0 8
2 0 0
3 0 0
1 0 0 0
1 0 0 8
2 0 0
3 0 0
1 0 0 5
1 0 0 8
2 0 0
3 0 0
1 0 0 4
1 0 0 9
2 0 0
3 0 0
1 0 0 2
2 0 0
1 0 0 2
2 0 0
1 0 0 0
1 0 0 7
2 0 0
3 0 0
1 0 0 2
2 0 0
1 0 0 4
1 0 0 10
2 0 0
3 0 0
1 0 0 7
1 0 0 12
2 0 0
3 0 0
1 0 0 6
1 0 0 11
2 0 0
3 0 0
1 0 0 4
1 0 0 9
2 0 0
3 0 0
1 0 0 4
1 0 0 9
2 0 0
3 0 0
1 0 0 2
2 0 0
1 0 0 8
1 0 0 11
2 0 0
3 0 0
1 0 0 7
1 0 0 12
2 0 0
3 0 0
1 0 0 7
1 0 0 12
2 0 0
3 0 0
1 0 0 6
1 0 0 11
2 0 0
3 0 0
1 0 0 4
1 0 0 5
2 0 0
3 0 0
1 0 0 0
1 0 0 8
2 0 0
3 0 0
1 0 0 8
1 0 0 11
2 0 0
3 0 0
1 0 0 0
1 0 0 7
2 0 0
3 0 0
1 0 0 7
1 0 0 12
2 0 0
3 0 0
1 0 0 4
1 0 0 9
2 0 0
3 0 0
1 0 0 4
1 0 0 9
2 0 0
3 0 0
1 0 0 7
1 0 0 12
2 0 0
3 0 0
1 0 0 6
1 0 0 11
2 0 0
3 0 0
1 0 0 2
2 0 0
1 0 0 2
2 0 0
1 0 0 4
1 0 0 10
2 0 0
3 0 0
1 0 0 0
1 0 0 8
2 0 0
3 0 0
1 0 0 7
1 0 0 12
2 0 0
3 0 0
1 0 0 3
1 0 0 7
2 0 0
3 0 0
1 0 0 7
1 0 0 12
2 0 0
3 0 0
1 0 0 7
1 0 0 12
2 0 0
3 0 0
1 0 0 2
2 0 0
1 0 0 6
1 0 0 11
2 0 0
3 0 0
1 0 0 8
1 0 0 11
2 0 0
3 0 0
1 0 0 4
1 0 0 10
2 0 0
3 0 0
1 0 0 2
2 0 0
1 0 0 3
1 0 0 8
2 0 0
3 0 0
1 0 0 4
1 0 0 10
2 0 0
3 0 0
1 0 0 2
2 0 0
1 0 0 8
1 0 0 11
2 0 0
3 0 0
1 0 0 2
2 0 0
1 0 0 1
1 0 0 12
2 0 0
3 0 0
1 0 0 2
2 0 0
1 0 0 0
1 0 0 8
2 0 0
3 0 0
1 0 0 2
2 0 0
1 0 0 3
1 0 0 9
2 0 0
3 0 0
1 0 0 8
1 0 0 11
2 0 0
3 0 0
1 0 0 1
1 0 0 12
2 0 0
3 0 0
1 0 0 2
2 0 0
1 0 0 4
1 0 0 9
2 0 0
3 0 0
1 0 0 4
1 0 0 10
2 0 0
3 0 0
1 0 0 1
1 0 0 12
2 0 0
3 0 0
1 0 0 2
2 0 0
1 0 0 2
2 0 0
1 0 0 7
1 0 0 12
2 0 0
3 0 0
1 0 0 2
2 0 0
1 0 0 2
1 0 0 3
2 0 0
3 0 0
1 0 0 2
2 0 0
1 0 0 2
2 0 0
1 0 0 1
1 0 0 2
2 0 0
3 0 0
1 0 0 3
1 0 0 7
2 0 0
3 0 0
1 0 0 4
1 0 0 10
2 0 0
3 0 0
1 0 0 2
2 0 0
1 0 0 2
2 0 0
1 0 0 7
1 0 0 12
2 0 0
3 0 0
1 0 0 7
1 0 0 12
2 0 0
3 0 0
1 0 0 0
1 0 0 8
2 0 0
3 0 0
1 0 0 2
2 0 0
1 0 0 2
2 0 0
1 0 0 1
1 0 0 12
2 0 0
3 0 0
1 0 0 7
1 0 0 12
2 0 0
3 0 0
1 0 0 1
1 0 0 12
2 0 0
3 0 0
1 0 0 2
2 0 0
1 0 0 7
1 0 0 12
2 0 0
3 0 0
1 0 0 6
1 0 0 11
2 0 0
3 0 0
1 0 0 0
1 0 0 6
2 0 0
3 0 0
1 0 0 2
2 0 0
1 0 0 4
1 0 0 9
2 0 0
3 0 0
1 0 0 2
1 0 0 6
2 0 0
3 0 0
1 0 0 7
1 0 0 12
2 0 0
3 0 0
1 0 0 7
1 0 0 12
2 0 0
3 0 0
1 0 0 7
1 0 0 12
2 0 0
3 0 0
1 0 0 6
1 0 0 11
2 0 0
3 0 0
1 0 0 0
1 0 0 7
2 0 0
3 0 0
1 0 0 2
2 0 0
1 0 0 0
2 0 0
1 0 0 2
2 0 0
1 0 0 4
1 0 0 9
2 0 0
3 0 0
1 0 0 1
1 0 0 12
2 0 0
3 0 0
1 0 0 2
2 0 0
1 0 0 2
2 0 0
1 0 0 7
1 0 0 12
2 0 0
3 0 0
1 0 0 4
1 0 0 9
2 0 0
3 0 0
1 0 0 2
2 0 0
1 0 0 2
2 0 0
1 0 0 7
1 0 0 12
2 0 0
3 0 0
1 0 0 0
1 0 0 8
2 0 0
3 0 0
1 0 0 8
1 0 0 11
2 0 0
3 0 0
1 0 0 4
1 0 0 9
2 0 0
3 0 0
1 0 0 2
1 0 0 8
2 0 0
3 0 0
1 0 0 0
2 0 0
1 0 0 2
2 0 0
1 0 0 2
2 0 0
1 0 0 7
1 0 0 12
2 0 0
3 0 0
1 0 0 1
1 0 0 12
2 0 0
3 0 0
1 0 0 2
2 0 0
1 0 0 7
1 0 0 12
2 0 0
3 0 0
1 0 0 4
1 0 0 9
2 0 0
3 0 0
1 0 0 4
1 0 0 9
2 0 0
3 0 0
1 0 0 4
1 0 0 9
2 0 0
3 0 0
1 0 0 1
1 0 0 8
2 0 0
3 0 0
1 0 0 2
1 0 0 8
2 0 0
3 0 0
1 0 0 2
2 0 0
1 0 0 2
2 0 0
1 0 0 1
1 0 0 12
2 0 0
3 0 0
1 0 0 4
1 0 0 9
2 0 0
3 0 0
1 0 0 2
2 0 0
1 0 0 2
1 0 0 3
2 0 0
3 0 0
1 0 0 4
1 0 0 9
2 0 0
3 0 0
1 0 0 2
2 0 0
1 0 0 8
1 0 0 11
2 0 0
3 0 0
1 0 0 2
2 0 0
1 0 0 2
2 0 0
1 0 0 0
1 0 0 6
2 0 0
3 0 0
1 0 0 0
1 0 0 8
2 0 0
3 0 0
1 0 0 4
1 0 0 9
2 0 0
3 0 0
1 0 0 2
2 0 0
1 0 0 7
1 0 0 12
2 0 0
3 0 0
1 0 0 2
1 0 0 8
2 0 0
3 0 0
1 0 0 2
2 0 0
1 0 0 3
1 0 0 7
2 0 0
3 0 0
1 0 0 6
1 0 0 11
2 0 0
3 0 0
1 0 0 2
2 0 0
1 0 0 7
1 0 0 12
2 0 0
3 0 0
1 0 0 0
1 0 0 8
2 0 0
3 0 0
1 0 0 2
2 0 0
1 0 0 2
2 0 0
1 0 0 4
1 0 0 10
2 0 0
3 0 0
1 0 0 2
2 0 0
1 0 0 4
1 0 0 9
2 0 0
3 0 0
1 0 0 4
1 0 0 10
2 0 0
3 0 0
1 0 0 2
2 0 0
1 0 0 0
1 0 0 8
2 0 0
3 0 0
1 0 0 2
2 0 0
1 0 0 2
2 0 0
1 0 0 2
2 0 0
1 0 0 2
2 0 0
1 0 0 8
1 0 0 11
2 0 0
3 0 0
1 0 0 2
1 0 0 3
2 0 0
3 0 0
1 0 0 2
2 0 0
1 0 0 2
2 0 0
1 0 0 2
2 0 0
1 0 0 8
1 0 0 11
2 0 0
3 0 0
1 0 0 0
1 0 0 7
2 0 0
3 0 0
1 0 0 2
1 0 0 4
2 0 0
3 0 0
1 0 0 1
1 0 0 10
2 0 0
3 0 0
1 0 0 1
1 0 0 12
2 0 0
3 0 0
1 0 0 1
1 0 0 12
2 0 0
3 0 0
1 0 0 7
1 0 0 12
2 0 0
3 0 0
1 0 0 2
2 0 0
1 0 0 4
1 0 0 9
2 0 0
3 0 0
1 0 0 2
2 0 0
1 0 0 6
1 0 0 11
2 0 0
3 0 0
1 0 0 8
1 0 0 11
2 0 0
3 0 0
1 0 0 7
1 0 0 12
2 0 0
3 0 0
1 0 0 0
1 0 0 7
2 0 0
3 0 0
1 0 0 4
1 0 0 9
2 0 0
3 0 0
1 0 0 4
1 0 0 9
2 0 0
3 0 0
1 0 0 1
1 0 0 3
2 0 0
3 0 0
1 0 0 0
2 0 0
1 0 0 2
2 0 0
1 0 0 1
1 0 0 12
2 0 0
3 0 0
1 0 0 7
1 0 0 12
2 0 0
3 0 0
1 0 0 6
1 0 0 11
2 0 0
3 0 0
1 0 0 2
2 0 0
1 0 0 1
1 0 0 2
2 0 0
3 0 0
1 0 0 6
1 0 0 11
2 0 0
3 0 0
1 0 0 1
1 0 0 12
2 0 0
3 0 0
1 0 0 2
2 0 0
1 0 0 4
1 0 0 10
2 0 0
3 0 0
1 0 0 2
2 0 0
1 0 0 2
1 0 0 3
2 0 0
3 0 0
1 0 0 7
1 0 0 12
2 0 0
3 0 0
1 0 0 2
2 0 0
1 0 0 7
1 0 0 12
2 0 0
3 0 0
1 0 0 7
1 0 0 12
2 0 0
3 0 0
1 0 0 0
1 0 0 8
2 0 0
3 0 0
1 0 0 2
2 0 0
1 0 0 4
1 0 0 9
2 0 0
3 0 0
1 0 0 0
2 0 0
1 0 0 2
2 0 0
1 0 0 2
2 0 0
1 0 0 1
1 0 0 2
2 0 0
3 0 0
1 0 0 2
2 0 0
1 0 0 3
1 0 0 7
2 0 0
3 0 0
1 0 0 2
2 0 0
1 0 0 2
2 0 0
1 0 0 8
1 0 0 11
2 0 0
3 0 0
1 0 0 2
2 0 0
1 0 0 2
2 0 0
1 0 0 2
2 0 0
1 0 0 1
1 0 0 12
2 0 0
3 0 0
1 0 0 7
1 0 0 12
2 0 0
3 0 0
1 0 0 1
1 0 0 3
2 0 0
3 0 0
1 0 0 8
1 0 0 11
2 0 0
3 0 0
1 0 0 2
2 0 0
1 0 0 8
1 0 0 11
2 0 0
3 0 0
1 0 0 7
1 0 0 12
2 0 0
3 0 0
1 0 0 0
1 0 0 8
2 0 0
3 0 0
1 0 0 4
1 0 0 9
2 0 0
3 0 0
1 0 0 4
1 0 0 9
2 0 0
3 0 0
1 0 0 2
2 0 0
1 0 0 7
1 0 0 12
2 0 0
3 0 0
1 0 0 7
1 0 0 12
2 0 0
3 0 0
1 0 0 6
1 0 0 11
2 0 0
3 0 0
1 0 0 2
2 0 0
1 0 0 0
1 0 0 8
2 0 0
3 0 0
1 0 0 1
1 0 0 12
2 0 0
3 0 0
1 0 0 7
1 0 0 12
2 0 0
3 0 0
1 0 0 1
1 0 0 3
2 0 0
3 0 0
1 0 0 0
2 0 0
1 0 0 0
1 0 0 8
2 0 0
3 0 0
1 0 0 4
1 0 0 10
2 0 0
3 0 0
1 0 0 2
2 0 0
1 0 0 7
1 0 0 12
2 0 0
3 0 0
1 0 0 2
2 0 0
1 0 0 2
2 0 0
1 0 0 2
2 0 0
1 0 0 4
1 0 0 9
2 0 0
3 0 0
1 0 0 4
1 0 0 9
2 0 0
3 0 0
1 0 0 0
2 0 0
1 0 0 2
2 0 0
1 0 0 4
1 0 0 9
2 0 0
3 0 0
1 0 0 7
1 0 0 12
2 0 0
3 0 0
1 0 0 7
1 0 0 12
2 0 0
3 0 0
1 0 0 1
1 0 0 2
2 0 0
3 0 0
1 0 0 4
1 0 0 9
2 0 0
3 0 0
1 0 0 0
1 0 0 8
2 0 0
3 0 0
1 0 0 4
1 0 0 9
2 0 0
3 0 0
1 0 0 4
1 0 0 10
2 0 0
3 0 0
1 0 0 2
2 0 0
1 0 0 2
2 0 0
1 0 0 6
1 0 0 11
2 0 0
3 0 0
1 0 0 7
1 0 0 12
2 0 0
3 0 0
1 0 0 1
1 0 0 12
2 0 0
3 0 0
1 0 0 4
1 0 0 9
2 0 0
3 0 0
1 0 0 7
1 0 0 12
2 0 0
3 0 0
1 0 0 0
1 0 0 8
2 0 0
3 0 0
1 0 0 8
1 0 0 11
2 0 0
3 0 0
1 0 0 7
1 0 0 12
2 0 0
3 0 0
1 0 0 2
2 0 0
1 0 0 2
2 0 0
1 0 0 2
1 0 0 8
2 0 0
3 0 0
1 0 0 4
1 0 0 9
2 0 0
3 0 0
1 0 0 7
1 0 0 12
2 0 0
3 0 0
1 0 0 2
2 0 0
1 0 0 7
1 0 0 12
2 0 0
3 0 0
1 0 0 0
1 0 0 8
2 0 0
3 0 0
1 0 0 0
1 0 0 8
2 0 0
3 0 0
1 0 0 6
1 0 0 11
2 0 0
3 0 0
1 0 0 2
2 0 0
1 0 0 8
1 0 0 11
2 0 0
3 0 0
1 0 0 2
2 0 0
1 0 0 0
1 0 0 6
2 0 0
3 0 0
1 0 0 8
1 0 0 11
2 0 0
3 0 0
1 0 0 2
2 0 0
1 0 0 0
2 0 0
1 0 0 0
1 0 0 7
2 0 0
3 0 0
1 0 0 2
2 0 0
1 0 0 4
1 0 0 10
2 0 0
3 0 0
1 0 0 2
2 0 0
1 0 0 7
1 0 0 12
2 0 0
3 0 0
1 0 0 2
2 0 0
1 0 0 1
1 0 0 12
2 0 0
3 0 0
1 0 0 8
1 0 0 11
2 0 0
3 0 0
1 0 0 0
1 0 0 7
2 0 0
3 0 0
1 0 0 2
2 0 0
1 0 0 4
1 0 0 9
2 0 0
3 0 0
1 0 0 2
2 0 0
1 0 0 7
1 0 0 12
2 0 0
3 0 0
1 0 0 4
1 0 0 10
2 0 0
3 0 0
1 0 0 2
2 0 0
1 0 0 6
1 0 0 11
2 0 0
3 0 0
1 0 0 2
2 0 0
1 0 0 0
1 0 0 7
2 0 0
3 0 0
1 0 0 2
2 0 0
1 0 0 2
2 0 0
1 0 0 7
1 0 0 12
2 0 0
3 0 0
1 0 0 1
1 0 0 12
2 0 0
3 0 0
1 0 0 7
1 0 0 12
2 0 0
3 0 0
1 0 0 2
2 0 0
1 0 0 0
1 0 0 7
2 0 0
3 0 0
1 0 0 2
2 0 0
1 0 0 6
1 0 0 11
2 0 0
3 0 0
1 0 0 6
1 0 0 11
2 0 0
3 0 0
1 0 0 2
2 0 0
1 0 0 2
2 0 0
1 0 0 2
2 0 0
1 0 0 0
1 0 0 7
2 0 0
3 0 0
1 0 0 6
1 0 0 11
2 0 0
3 0 0
1 0 0 4
1 0 0 9
2 0 0
3 0 0
1 0 0 7
1 0 0 12
2 0 0
3 0 0
1 0 0 2
2 0 0
1 0 0 1
1 0 0 12
2 0 0
3 0 0
1 0 0 2
2 0 0
1 0 0 2
2 0 0
1 0 0 2
2 0 0
1 0 0 7
1 0 0 12
2 0 0
3 0 0
1 0 0 0
1 0 0 8
2 0 0
3 0 0
1 0 0 7
1 0 0 12
2 0 0
3 0 0
1 0 0 0
1 0 0 6
2 0 0
3 0 0
1 0 0 2
2 0 0
1 0 0 2
2 0 0
1 0 0 4
1 0 0 9
2 0 0
3 0 0
1 0 0 7
1 0 0 12
2 0 0
3 0 0
1 0 0 0
1 0 0 8
2 0 0
3 0 0
1 0 0 2
2 0 0
1 0 0 4
1 0 0 9
2 0 0
3 0 0
1 0 0 2
2 0 0
1 0 0 2
2 0 0
1 0 0 2
2 0 0
1 0 0 6
1 0 0 11
2 0 0
3 0 0
1 0 0 0
1 0 0 3
2 0 0
3 0 0
1 0 0 2
2 0 0
1 0 0 7
1 0 0 12
2 0 0
3 0 0
1 0 0 1
1 0 0 2
2 0 0
3 0 0
1 0 0 7
1 0 0 12
2 0 0
3 0 0
1 0 0 2
2 0 0
1 0 0 2
2 0 0
1 0 0 4
1 0 0 10
2 0 0
3 0 0
1 0 0 3
1 0 0 7
2 0 0
3 0 0
1 0 0 3
1 0 0 7
2 0 0
3 0 0
1 0 0 7
1 0 0 12
2 0 0
3 0 0
1 0 0 2
2 0 0
1 0 0 4
1 0 0 10
2 0 0
3 0 0
1 0 0 1
1 0 0 2
2 0 0
3 0 0
1 0 0 2
2 0 0
1 0 0 2
2 0 0
1 0 0 2
1 0 0 4
2 0 0
3 0 0
1 0 0 7
1 0 0 12
2 0 0
3 0 0
1 0 0 7
1 0 0 12
2 0 0
3 0 0
1 0 0 1
1 0 0 10
2 0 0
3 0 0
1 0 0 7
1 0 0 12
2 0 0
3 0 0
1 0 0 2
2 0 0
1 0 0 7
1 0 0 12
2 0 0
3 0 0
1 0 0 1
1 0 0 12
2 0 0
3 0 0
1 0 0 7
1 0 0 12
2 0 0
3 0 0
1 0 0 7
1 0 0 12
2 0 0
3 0 0
1 0 0 4
1 0 0 10
2 0 0
3 0 0
1 0 0 6
1 0 0 11
2 0 0
3 0 0
1 0 0 0
1 0 0 8
2 0 0
3 0 0
1 0 0 6
1 0 0 11
2 0 0
3 0 0
1 0 0 2
2 0 0
1 0 0 1
1 0 0 3
2 0 0
3 0 0
1 0 0 7
1 0 0 12
2 0 0
3 0 0
1 0 0 2
2 0 0
1 0 0 4
1 0 0 5
2 0 0
3 0 0
1 0 0 2
2 0 0
1 0 0 2
2 0 0
1 0 0 2
2 0 0
1 0 0 8
1 0 0 11
2 0 0
3 0 0
1 0 0 7
1 0 0 12
2 0 0
3 0 0
1 0 0 7
1 0 0 12
2 0 0
3 0 0
1 0 0 8
1 0 0 11
2 0 0
3 0 0
1 0 0 1
1 0 0 3
2 0 0
3 0 0
1 0 0 2
2 0 0
1 0 0 5
1 0 0 8
2 0 0
3 0 0
1 0 0 8
1 0 0 11
2 0 0
3 0 0
1 0 0 5
1 0 0 8
2 0 0
3 0 0
1 0 0 4
1 0 0 9
2 0 0
3 0 0
1 0 0 6
1 0 0 11
2 0 0
3 0 0
1 0 0 2
2 0 0
1 0 0 4
1 0 0 9
2 0 0
3 0 0
1 0 0 7
1 0 0 12
2 0 0
3 0 0
1 0 0 2
2 0 0
1 0 0 0
1 0 0 8
2 0 0
3 0 0
1 0 0 8
1 0 0 11
2 0 0
3 0 0
1 0 0 2
1 0 0 8
2 0 0
3 0 0
1 0 0 4
1 0 0 10
2 0 0
3 0 0
1 0 0 2
2 0 0
1 0 0 2
2 0 0
1 0 0 7
1 0 0 12
2 0 0
3 0 0
1 0 0 2
2 0 0
1 0 0 2
2 0 0
1 0 0 7
1 0 0 12
2 0 0
3 0 0
1 0 0 2
2 0 0
1 0 0 2
2 0 0
1 0 0 4
1 0 0 9
2 0 0
3 0 0
1 0 0 0
1 0 0 8
2 0 0
3 0 0
1 0 0 1
1 0 0 10
2 0 0
3 0 0
1 0 0 4
1 0 0 9
2 0 0
3 0 0
1 0 0 2
2 0 0
1 0 0 8
1 0 0 11
2 0 0
3 0 0
1 0 0 8
1 0 0 11
2 0 0
3 0 0
1 0 0 4
1 0 0 10
2 0 0
3 0 0
1 0 0 2
2 0 0
1 0 0 0
1 0 0 8
2 0 0
3 0 0
1 0 0 2
2 0 0
1 0 0 2
2 0 0
1 0 0 7
1 0 0 12
2 0 0
3 0 0
1 0 0 2
2 0 0
1 0 0 7
1 0 0 12
2 0 0
3 0 0
1 0 0 7
1 0 0 12
2 0 0
3 0 0
1 0 0 0
2 0 0
1 0 0 5
1 0 0 8
2 0 0
3 0 0
1 0 0 0
1 0 0 8
2 0 0
3 0 0
1 0 0 1
1 0 0 2
2 0 0
3 0 0
1 0 0 4
1 0 0 9
2 0 0
3 0 0
1 0 0 2
2 0 0
1 0 0 2
2 0 0
1 0 0 2
2 0 0
1 0 0 3
1 0 0 7
2 0 0
3 0 0
1 0 0 2
2 0 0
1 0 0 4
1 0 0 9
2 0 0
3 0 0
1 0 0 7
1 0 0 12
2 0 0
3 0 0
1 0 0 2
2 0 0
1 0 0 4
1 0 0 10
2 0 0
3 0 0
1 0 0 8
1 0 0 11
2 0 0
3 0 0
1 0 0 7
1 0 0 12
2 0 0
3 0 0
1 0 0 8
1 0 0 11
2 0 0
3 0 0
1 0 0 2
2 0 0
1 0 0 2
2 0 0
1 0 0 7
1 0 0 12
2 0 0
3 0 0
1 0 0 0
2 0 0
1 0 0 4
1 0 0 9
2 0 0
3 0 0
1 0 0 0
1 0 0 6
2 0 0
3 0 0
1 0 0 7
1 0 0 12
2 0 0
3 0 0
1 0 0 0
1 0 0 8
2 0 0
3 0 0
1 0 0 2
2 0 0
1 0 0 8
1 0 0 11
2 0 0
3 0 0
1 0 0 3
1 0 0 7
2 0 0
3 0 0
1 0 0 2
2 0 0
1 0 0 4
1 0 0 9
2 0 0
3 0 0
1 0 0 2
2 0 0
1 0 0 4
1 0 0 9
2 0 0
3 0 0
1 0 0 2
2 0 0
1 0 0 7
1 0 0 12
2 0 0
3 0 0
1 0 0 4
1 0 0 9
2 0 0
3 0 0
1 0 0 7
1 0 0 12
2 0 0
3 0 0
1 0 0 4
1 0 0 9
2 0 0
3 0 0
1 0 0 7
1 0 0 12
2 0 0
3 0 0
1 0 0 2
2 0 0
1 0 0 2
1 0 0 8
2 0 0
3 0 0
1 0 0 2
2 0 0
1 0 0 4
1 0 0 5
2 0 0
3 0 0
1 0 0 7
1 0 0 12
2 0 0
3 0 0
1 0 0 7
1 0 0 12
2 0 0
3 0 0
1 0 0 0
1 0 0 7
2 0 0
3 0 0
1 0 0 4
1 0 0 10
2 0 0
3 0 0
1 0 0 2
2 0 0
1 0 0 2
2 0 0
1 0 0 7
1 0 0 12
2 0 0
3 0 0
1 0 0 4
1 0 0 9
2 0 0
3 0 0
1 0 0 3
1 0 0 7
2 0 0
3 0 0
1 0 0 8
1 0 0 11
2 0 0
3 0 0
1 0 0 7
1 0 0 12
2 0 0
3 0 0
1 0 0 7
1 0 0 12
2 0 0
3 0 0
1 0 0 7
1 0 0 12
2 0 0
3 0 0
1 0 0 2
2 0 0
1 0 0 7
1 0 0 12
2 0 0
3 0 0
1 0 0 7
1 0 0 12
2 0 0
3 0 0
1 0 0 0
1 0 0 8
2 0 0
3 0 0
1 0 0 2
2 0 0
1 0 0 7
1 0 0 12
2 0 0
3 0 0
1 0 0 0
1 0 0 8
2 0 0
3 0 0
1 0 0 2
2 0 0
1 0 0 7
1 0 0 12
2 0 0
3 0 0
1 0 0 7
1 0 0 12
2 0 0
3 0 0
1 0 0 8
1 0 0 11
2 0 0
3 0 0
1 0 0 2
2 0 0
1 0 0 4
1 0 0 9
2 0 0
3 0 0
1 0 0 2
2 0 0
1 0 0 6
1 0 0 11
2 0 0
3 0 0
1 0 0 2
2 0 0
1 0 0 2
2 0 0
1 0 0 7
1 0 0 12
2 0 0
3 0 0
1 0 0 2
2 0 0
1 0 0 7
1 0 0 12
2 0 0
3 0 0
1 0 0 2
2 0 0
1 0 0 4
1 0 0 10
2 0 0
3 0 0
1 0 0 2
2 0 0
1 0 0 4
1 0 0 9
2 0 0
3 0 0
1 0 0 4
1 0 0 10
2 0 0
3 0 0
1 0 0 7
1 0 0 12
2 0 0
3 0 0
1 0 0 2
2 0 0
1 0 0 4
1 0 0 10
2 0 0
3 0 0
1 0 0 4
1 0 0 9
2 0 0
3 0 0
1 0 0 4
1 0 0 9
2 0 0
3 0 0
1 0 0 0
1 0 0 7
2 0 0
3 0 0
1 0 0 2
2 0 0
1 0 0 1
1 0 0 12
2 0 0
3 0 0
1 0 0 4
1 0 0 10
2 0 0
3 0 0
1 0 0 1
1 0 0 12
2 0 0
3 0 0
1 0 0 4
1 0 0 5
2 0 0
3 0 0
1 0 0 7
1 0 0 12
2 0 0
3 0 0
1 0 0 8
1 0 0 11
2 0 0
3 0 0
1 0 0 7
1 0 0 12
2 0 0
3 0 0
1 0 0 4
1 0 0 9
2 0 0
3 0 0
1 0 0 7
1 0 0 12
2 0 0
3 0 0
1 0 0 7
1 0 0 12
2 0 0
3 0 0
1 0 0 7
1 0 0 12
2 0 0
3 0 0
1 0 0 7
1 0 0 12
2 0 0
3 0 0
1 0 0 2
2 0 0
1 0 0 4
1 0 0 9
2 0 0
3 0 0
1 0 0 7
1 0 0 12
2 0 0
3 0 0
1 0 0 7
1 0 0 12
2 0 0
3 0 0
1 0 0 2
2 0 0
1 0 0 4
1 0 0 9
2 0 0
3 0 0
1 0 0 1
1 0 0 2
2 0 0
3 0 0
1 0 0 2
2 0 0
1 0 0 2
2 0 0
1 0 0 2
2 0 0
1 0 0 6
1 0 0 11
2 0 0
3 0 0
1 0 0 2
2 0 0
1 0 0 1
1 0 0 3
2 0 0
3 0 0
1 0 0 1
1 0 0 12
2 0 0
3 0 0
1 0 0 2
2 0 0
1 0 0 7
1 0 0 12
2 0 0
3 0 0
1 0 0 4
1 0 0 9
2 0 0
3 0 0
1 0 0 1
1 0 0 3
2 0 0
3 0 0
1 0 0 0
2 0 0
1 0 0 7
1 0 0 12
2 0 0
3 0 0
1 0 0 7
1 0 0 12
2 0 0
3 0 0
1 0 0 4
1 0 0 10
2 0 0
3 0 0
1 0 0 6
1 0 0 11
2 0 0
3 0 0
1 0 0 1
1 0 0 10
2 0 0
3 0 0
1 0 0 2
2 0 0
1 0 0 2
2 0 0
1 0 0 2
1 0 0 3
2 0 0
3 0 0
1 0 0 2
2 0 0
1 0 0 2
2 0 0
1 0 0 2
1 0 0 3
2 0 0
3 0 0
1 0 0 4
1 0 0 10
2 0 0
3 0 0
1 0 0 1
1 0 0 3
2 0 0
3 0 0
1 0 0 2
1 0 0 4
2 0 0
3 0 0
1 0 0 2
2 0 0
1 0 0 2
2 0 0
1 0 0 7
1 0 0 12
2 0 0
3 0 0
1 0 0 4
1 0 0 10
2 0 0
3 0 0
1 0 0 2
2 0 0
1 0 0 2
1 0 0 3
2 0 0
3 0 0
1 0 0 8
1 0 0 11
2 0 0
3 0 0
1 0 0 4
1 0 0 10
2 0 0
3 0 0
1 0 0 4
1 0 0 10
2 0 0
3 0 0
1 0 0 4
1 0 0 9
2 0 0
3 0 0
1 0 0 7
1 0 0 12
2 0 0
3 0 0
1 0 0 3
1 0 0 9
2 0 0
3 0 0
1 0 0 0
1 0 0 8
2 0 0
3 0 0
1 0 0 3
1 0 0 7
2 0 0
3 0 0
1 0 0 2
2 0 0
1 0 0 2
2 0 0
1 0 0 0
1 0 0 7
2 0 0
3 0 0
1 0 0 7
1 0 0 12
2 0 0
3 0 0
1 0 0 2
2 0 0
1 0 0 4
1 0 0 9
2 0 0
3 0 0
1 0 0 1
1 0 0 2
2 0 0
3 0 0
1 0 0 1
1 0 0 12
2 0 0
3 0 0
1 0 0 7
1 0 0 12
2 0 0
3 0 0
1 0 0 2
2 0 0
1 0 0 7
1 0 0 12
2 0 0
3 0 0
1 0 0 8
1 0 0 11
2 0 0
3 0 0
1 0 0 2
2 0 0
1 0 0 2
2 0 0
1 0 0 1
1 0 0 12
2 0 0
3 0 0
1 0 0 3
2 0 0
1 0 0 0
1 0 0 8
2 0 0
3 0 0
1 0 0 2
2 0 0
1 0 0 6
1 0 0 11
2 0 0
3 0 0
1 0 0 0
1 0 0 8
2 0 0
3 0 0
1 0 0 2
1 0 0 7
2 0 0
3 0 0
1 0 0 4
1 0 0 9
2 0 0
3 0 0
1 0 0 0
1 0 0 6
2 0 0
3 0 0
1 0 0 7
1 0 0 12
2 0 0
3 0 0
1 0 0 2
2 0 0
1 0 0 2
2 0 0
1 0 0 7
1 0 0 12
2 0 0
3 0 0
1 0 0 7
1 0 0 12
2 0 0
3 0 0
1 0 0 2
2 0 0
1 0 0 0
2 0 0
1 0 0 2
2 0 0
1 0 0 2
2 0 0
1 0 0 4
1 0 0 9
2 0 0
3 0 0
1 0 0 0
1 0 0 8
2 0 0
3 0 0
1 0 0 4
1 0 0 9
2 0 0
3 0 0
1 0 0 7
1 0 0 12
2 0 0
3 0 0
1 0 0 0
1 0 0 8
2 0 0
3 0 0
1 0 0 7
1 0 0 12
2 0 0
3 0 0
1 0 0 6
1 0 0 11
2 0 0
3 0 0
1 0 0 2
2 0 0
1 0 0 2
2 0 0
1 0 0 2
2 0 0
1 0 0 7
1 0 0 12
2 0 0
3 0 0
1 0 0 2
2 0 0
1 0 0 4
1 0 0 10
2 0 0
3 0 0
1 0 0 1
1 0 0 10
2 0 0
3 0 0
1 0 0 8
1 0 0 11
2 0 0
3 0 0
1 0 0 7
1 0 0 12
2 0 0
3 0 0
1 0 0 1
1 0 0 3
2 0 0
3 0 0
1 0 0 7
1 0 0 12
2 0 0
3 0 0
1 0 0 8
1 0 0 11
2 0 0
3 0 0
1 0 0 2
1 0 0 4
2 0 0
3 0 0
1 0 0 6
1 0 0 11
2 0 0
3 0 0
1 0 0 2
2 0 0
1 0 0 0
1 0 0 8
2 0 0
3 0 0
1 0 0 5
1 0 0 6
2 0 0
3 0 0
1 0 0 7
1 0 0 12
2 0 0
3 0 0
1 0 0 2
2 0 0
1 0 0 8
1 0 0 11
2 0 0
3 0 0
1 0 0 7
1 0 0 12
2 0 0
3 0 0
1 0 0 0
1 0 0 7
2 0 0
3 0 0
1 0 0 1
1 0 0 9
2 0 0
3 0 0
1 0 0 1
1 0 0 3
2 0 0
3 0 0
1 0 0 1
1 0 0 8
2 0 0
3 0 0
1 0 0 2
2 0 0
1 8 1 4
4 8 15 8 16
4 8 0 8 1
1 16 1 9
4 16 12 16 13
4 16 0 16 1
2 0 0
3 0 0
4 16 0 16 1
4 16 12 16 13
4 8 0 8 1
4 8 15 8 16
1 2 1 1
4 2 6 2 7
4 2 0 2 1
1 4 1 2
4 5 6 5 5
4 4 0 4 1
2 0 0
3 0 0
4 4 0 4 1
4 5 6 5 5
4 2 0 2 1
4 2 6 2 7
1 0 1 0
4 1 12 1 11
4 0 0 0 1
1 14 1 7
4 14 7 14 8
4 14 0 14 1
2 0 0
3 0 0
4 14 0 14 1
4 14 7 14 8
4 0 0 0 1
4 1 12 1 11
1 4 1 2
4 5 12 5 11
4 4 0 4 1
1 6 1 3
4 6 8 6 9
4 6 0 6 1
2 0 0
3 0 0
4 6 0 6 1
4 6 8 6 9
4 4 0 4 1
4 5 12 5 11
1 12 1 6
4 12 19 13 19
4 12 0 12 1
1 18 1 11
4 18 10 18 11
4 18 0 18 1
2 0 0
3 0 0
4 18 0 18 1
4 18 10 18 11
4 12 0 12 1
4 12 19 13 19
4 14 15 14 16
4 14 0 14 1
1 19 1 12
4 19 10 19 11
4 19 0 19 1
2 0 0
3 0 0
4 19 0 19 1
4 19 10 19 11
4 14 0 14 1
4 14 15 14 16
4 9 18 9 17
4 8 0 8 1
1 17 1 10
4 17 13 17 14
4 17 0 17 1
2 0 0
3 0 0
4 17 0 17 1
4 17 13 17 14
4 8 0 8 1
4 9 18 9 17
1 4 1 2
4 5 14 5 13
4 4 0 4 1
4 14 0 14 1
2 0 0
3 0 0
4 14 0 14 1
4 4 0 4 1
4 5 14 5 13
1 15 1 8
4 15 12 15 13
4 15 0 15 1
4 18 15 18 16
4 18 0 18 1
2 0 0
3 0 0
4 18 0 18 1
4 18 15 18 16
4 15 0 15 1
4 15 12 15 13
1 14 1 7
4 14 9 14 10
4 14 0 14 1
1 19 1 12
4 19 7 19 8
4 19 0 19 1
2 0 0
3 0 0
4 19 0 19 1
4 19 7 19 8
4 14 0 14 1
4 14 9 14 10
4 2 18 2 19
4 2 0 2 1
1 4 1 2
4 4 16 4 17
4 4 0 4 1
2 0 0
3 0 0
4 4 0 4 1
4 4 16 4 17
4 2 0 2 1
4 2 18 2 19
1 0 1 0
4 0 15 0 16
4 0 0 0 1
4 12 0 12 1
2 0 0
3 0 0
4 12 0 12 1
4 0 0 0 1
4 0 15 0 16
1 8 1 4
4 8 14 8 15
4 8 0 8 1
1 17 1 10
4 17 9 17 10
4 17 0 17 1
2 0 0
3 0 0
4 17 0 17 1
4 17 9 17 10
4 8 0 8 1
4 8 14 8 15
4 0 0 0 1
1 12 1 6
4 12 9 12 10
4 12 0 12 1
2 0 0
3 0 0
4 12 0 12 1
4 12 9 12 10
4 0 0 0 1
1 15 1 8
4 15 7 15 8
4 15 0 15 1
1 18 1 11
4 18 11 18 12
4 18 0 18 1
2 0 0
3 0 0
4 18 0 18 1
4 18 11 18 12
4 15 0 15 1
4 15 7 15 8
4 4 0 4 1
4 18 7 18 8
4 18 0 18 1
2 0 0
3 0 0
4 18 0 18 1
4 18 7 18 8
4 4 0 4 1
1 0 1 0
4 1 14 1 13
4 0 0 0 1
4 14 13 14 14
4 14 0 14 1
2 0 0
3 0 0
4 14 0 14 1
4 14 13 14 14
4 0 0 0 1
4 1 14 1 13
4 9 14 9 13
4 8 0 8 1
1 16 1 9
4 16 7 16 8
4 16 0 16 1
2 0 0
3 0 0
4 16 0 16 1
4 16 7 16 8
4 8 0 8 1
4 9 14 9 13
1 4 1 2
4 5 6 5 5
4 4 0 4 1
4 14 16 14 17
4 14 0 14 1
2 0 0
3 0 0
4 14 0 14 1
4 14 16 14 17
4 4 0 4 1
4 5 6 5 5
1 0 1 0
4 0 19 1 19
4 0 0 0 1
4 15 8 15 9
4 15 0 15 1
2 0 0
3 0 0
4 15 0 15 1
4 15 8 15 9
4 0 0 0 1
4 0 19 1 19
1 0 1 0
4 0 16 0 17
4 0 0 0 1
4 15 13 15 14
4 15 0 15 1
2 0 0
3 0 0
4 15 0 15 1
4 15 13 15 14
4 0 0 0 1
4 0 16 0 17
1 4 1 2
4 5 8 5 7
4 4 0 4 1
4 8 13 8 14
4 8 0 8 1
2 0 0
3 0 0
4 8 0 8 1
4 8 13 8 14
4 4 0 4 1
4 5 8 5 7
1 14 1 7
4 14 9 14 10
4 14 0 14 1
4 19 11 19 12
4 19 0 19 1
2 0 0
3 0 0
4 19 0 19 1
4 19 11 19 12
4 14 0 14 1
4 14 9 14 10
4 3 10 3 9
4 2 0 2 1
1 15 1 8
4 15 11 15 12
4 15 0 15 1
2 0 0
3 0 0
4 15 0 15 1
4 15 11 15 12
4 2 0 2 1
4 3 10 3 9
1 10 1 5
4 11 12 11 11
4 10 0 10 1
4 12 15 12 16
4 12 0 12 1
2 0 0
3 0 0
4 12 0 12 1
4 12 15 12 16
4 10 0 10 1
4 11 12 11 11
4 7 6 7 5
4 6 0 6 1
4 17 9 17 10
4 17 0 17 1
2 0 0
3 0 0
4 17 0 17 1
4 17 9 17 10
4 6 0 6 1
4 7 6 7 5
1 4 1 2
4 5 11 5 10
4 4 0 4 1
4 14 4 14 5
4 14 0 14 1
2 0 0
3 0 0
4 14 0 14 1
4 14 4 14 5
4 4 0 4 1
4 5 11 5 10
1 8 1 4
4 8 14 8 15
4 8 0 8 1
1 17 1 10
4 17 9 17 10
4 17 0 17 1
2 0 0
3 0 0
4 17 0 17 1
4 17 9 17 10
4 8 0 8 1
4 8 14 8 15
1 14 1 7
4 14 6 14 7
4 14 0 14 1
1 19 1 12
4 19 8 19 9
4 19 0 19 1
2 0 0
3 0 0
4 19 0 19 1
4 19 8 19 9
4 14 0 14 1
4 14 6 14 7
4 9 17 9 16
4 8 0 8 1
4 16 13 16 14
4 16 0 16 1
2 0 0
3 0 0
4 16 0 16 1
4 16 13 16 14
4 8 0 8 1
4 9 17 9 16
4 1 9 1 8
4 0 0 0 1
4 14 5 14 6
4 14 0 14 1
2 0 0
3 0 0
4 14 0 14 1
4 14 5 14 6
4 0 0 0 1
4 1 9 1 8
1 2 1 1
4 2 7 2 8
4 2 0 2 1
1 4 1 2
4 5 16 5 15
4 4 0 4 1
2 0 0
3 0 0
4 4 0 4 1
4 5 16 5 15
4 2 0 2 1
4 2 7 2 8
1 8 1 4
4 8 14 8 15
4 8 0 8 1
1 16 1 9
4 16 8 16 9
4 16 0 16 1
2 0 0
3 0 0
4 16 0 16 1
4 16 8 16 9
4 8 0 8 1
4 8 14 8 15
1 0 1 0
4 1 13 1 12
4 0 0 0 1
4 14 5 14 6
4 14 0 14 1
2 0 0
3 0 0
4 14 0 14 1
4 14 5 14 6
4 0 0 0 1
4 1 13 1 12
4 2 12 2 13
4 2 0 2 1
4 12 18 12 19
4 12 0 12 1
4 16 13 16 14
4 16 0 16 1
2 0 0
3 0 0
4 16 0 16 1
4 16 13 16 14
4 12 0 12 1
4 12 18 12 19
4 2 0 2 1
4 2 12 2 13
