0 1 0 1 0 1 0 1 0 1 0 1 0 1 0 1 0 1 0
0 1 0 1 0 1 0 1 0 1 0 1 0 1 0 1 0 1 0
0 1 0 1 0 1 0 1 0 1 0 1 0 1 0 1 0 1 0
0 1 0 1 0 1 0 1 0 1 0 1 0 1 0 1 0 1 0
0 1 0 1 0 1 0 1 0 1 0 1 0 1 0 1 0 1 0
0 1 0 1 0 1 0 1 0 1 0 1 0 1 0 1 0 1 0
0 1 0 1 0 1 0 1 0 1 0 1 0 1 0 1 0 1 0
0 1 0 1 0 1 0 1 0 1 0 1 0 1 0 1 0 1 0
0 1 0 1 0 1 0 1 0 1 0 1 0 1 0 1 0 1 0
0 1 0 1 0 1 0 1 0 1 0 1 0 1 0 1 0 1 0
0 1 0 1 0 1 0 1 0 1 0 1 0 1 0 1 0 1 0
0 1 0 1 0 1 0 1 0 1 0 1 0 1 0 1 0 1 0
0 1 0 1 0 1 0 1 0 1 0 1 0 1 0 1 0 1 0
0 1 0 1 0 1 0 1 0 1 0 1 0 1 0 1 0 1 0
0 1 0 1 0 1 0 1 0 1 0 1 0 1 0 1 0 1 0
0 1 0 1 0 1 0 1 0 1 0 1 0 1 0 1 0 1 0
0 1 0 1 0 1 0 1 0 1 0 1 0 1 0 1 0 1 0
0 1 0 1 0 1 0 1 0 1 0 1 0 1 0 1 0 1 0
0 1 0 1 0 1 0 1 0 1 0 1 0 1 0 1 0 1 0
0 1 0 1 0 1 0 1 0 1 0 1 0 1 0 1 0 1 0
0 0 0 0 0 0 0 0 0 0 0 0 0 0 0 0 0 0 0 0 1 1 1 1 1 1 1 1 1 1 1 1 1 1 1 1 1 1 1 1
0 0 0 0 0 0 0 0 0 0 0 0 0 0 0 0 0 0 0 0 1 1 1 1 1 1 1 1 1 1 1 1 1 1 1 1 1 1 1 1
0 0 0 0 0 0 0 0 0 0 0 0 0 0 0 0 0 0 0 0 1 1 1 1 1 1 1 1 1 1 1 1 1 1 1 1 1 1 1 1
0 0 0 0 0 0 0 0 0 0 0 0 0 0 0 0 0 0 0 0 1 1 1 1 1 1 1 1 1 1 1 1 1 1 1 1 1 1 1 1
0 0 0 0 0 0 0 0 0 0 0 0 0 0 0 0 0 0 0 0 1 1 1 1 1 1 1 1 1 1 1 1 1 1 1 1 1 1 1 1
0 0 0 0 0 0 0 0 0 0 0 0 0 0 0 0 0 0 0 0 1 1 1 1 1 1 1 1 1 1 1 1 1 1 1 1 1 1 1 1
0 0 0 0 0 0 0 0 0 0 0 0 0 0 0 0 0 0 0 0 1 1 1 1 1 1 1 1 1 1 1 1 1 1 1 1 1 1 1 1
0 0 0 0 0 0 0 0 0 0 0 0 0 0 0 0 0 0 0 0 1 1 1 1 1 1 1 1 1 1 1 1 1 1 1 1 1 1 1 1
0 0 0 0 0 0 0 0 0 0 0 0 0 0 0 0 0 0 0 0 1 1 1 1 1 1 1 1 1 1 1 1 1 1 1 1 1 1 1 1
0 0 0 0 0 0 0 0 0 0 0 0 0 0 0 0 0 0 0 0 1 18 18 11
1 18 18 12
2 18 18
1 18 18 1
1 18 18 16
1 18 18 17
2 18 18
1 18 18 3
1 18 18 10
2 18 18
1 18 16 1
1 18 16 16
1 18 16 18
2 18 16
1 18 14 9
1 18 14 13
1 18 14 14
2 18 14
1 18 12 5
1 18 12 7
1 18 12 19
2 18 12
1 18 18 13
2 18 18
1 18 10 15
1 18 10 18
2 18 10
1 18 10 9
1 18 10 13
2 18 10
1 18 16 4
1 18 16 8
1 18 16 17
2 18 16
1 18 10 10
1 18 10 14
1 18 10 15
2 18 10
1 18 10 3
1 18 10 11
1 18 10 14
2 18 10
1 18 18 12
2 18 18
1 18 8 2
1 18 8 4
1 18 8 18
2 18 8
1 18 10 8
1 18 10 10
1 18 10 18
2 18 10
1 18 10 5
1 18 10 6
1 18 10 10
2 18 10
1 18 10 8
1 18 10 10
1 18 10 18
2 18 10
1 18 6 8
1 18 6 11
1 18 6 19
2 18 6
1 18 14 10
1 18 14 17
2 18 14
1 18 12 2
1 18 12 8
1 18 12 12
2 18 12
1 18 12 3
1 18 12 8
1 18 12 17
2 18 12
1 18 6 1
1 18 6 15
2 18 6
1 18 6 8
1 18 6 12
2 18 6
1 18 6 4
1 18 6 8
1 18 6 10
2 18 6
1 18 12 10
1 18 12 14
1 18 12 19
2 18 12
1 18 8 2
1 18 8 19
2 18 8
1 18 14 5
1 18 14 12
1 18 14 13
2 18 14
1 18 18 0
1 18 18 3
1 18 18 7
2 18 18
1 18 16 6
2 18 16
1 18 10 2
1 18 10 11
1 18 10 12
2 18 10
1 18 8 0
1 18 8 0
1 18 8 17
2 18 8
1 18 4 6
1 18 4 7
2 18 4
1 18 2 1
1 18 2 2
1 18 2 16
2 18 2
1 18 4 0
1 18 4 16
1 18 4 19
2 18 4
1 18 4 4
1 18 4 13
1 18 4 17
2 18 4
1 18 10 2
1 18 10 8
1 18 10 12
2 18 10
1 18 6 2
1 18 6 16
2 18 6
1 18 8 5
1 18 8 15
1 18 8 18
2 18 8
1 18 0 1
1 18 0 7
1 18 0 9
2 18 0
1 18 0 3
1 18 0 15
1 18 0 15
2 18 0
1 18 0 14
1 18 0 17
2 18 0
1 18 10 0
1 18 10 1
1 18 10 13
2 18 10
1 18 16 5
1 18 16 15
2 18 16
1 18 16 7
1 18 16 11
1 18 16 15
2 18 16
1 18 2 8
1 18 2 9
1 18 2 10
2 18 2
1 18 0 10
1 18 0 15
2 18 0
1 18 16 2
1 18 16 13
2 18 16
1 18 16 1
1 18 16 1
1 18 16 3
2 18 16
1 18 6 3
1 18 6 7
1 18 6 9
2 18 6
1 18 2 6
1 18 2 11
1 18 2 16
2 18 2
1 18 14 0
1 18 14 1
1 18 14 11
2 18 14
1 18 16 16
2 18 16
1 18 18 9
1 18 18 14
1 18 18 19
2 18 18
1 18 8 5
1 18 8 16
1 18 8 19
2 18 8
1 18 4 16
1 18 4 17
2 18 4
1 18 8 0
1 18 8 4
1 18 8 8
2 18 8
1 18 6 9
1 18 6 11
2 18 6
1 16 18 8
1 16 18 13
1 16 18 19
2 16 18
1 18 16 1
1 18 16 5
1 18 16 11
2 18 16
1 18 6 0
1 18 6 4
2 18 6
1 18 2 2
1 18 2 15
1 18 2 17
2 18 2
1 16 18 1
1 16 18 6
1 16 18 10
2 16 18
1 18 10 0
1 18 10 3
2 18 10
1 18 14 12
1 18 14 16
1 18 14 19
2 18 14
1 18 2 0
1 18 2 14
2 18 2
1 18 18 8
1 18 18 19
2 18 18
1 18 8 8
1 18 8 9
1 18 8 13
2 18 8
1 16 16 4
1 16 16 17
1 16 16 19
2 16 16
1 18 0 2
1 18 0 4
1 18 0 12
2 18 0
1 18 16 6
1 18 16 8
1 18 16 11
2 18 16
1 18 14 13
2 18 14
1 18 16 12
1 18 16 17
2 18 16
1 16 16 5
1 16 16 14
1 16 16 16
2 16 16
1 16 16 5
1 16 16 10
2 16 16
1 18 4 1
1 18 4 1
1 18 4 3
2 18 4
1 18 18 7
1 18 18 15
2 18 18
1 16 14 8
1 16 14 11
1 16 14 12
2 16 14
1 18 8 4
1 18 8 10
2 18 8
1 16 14 11
1 16 14 18
2 16 14
1 18 4 2
1 18 4 9
1 18 4 16
2 18 4
1 18 0 6
1 18 0 11
1 18 0 15
2 18 0
1 18 6 3
1 18 6 15
2 18 6
1 18 16 0
1 18 16 13
2 18 16
1 18 0 14
2 18 0
1 18 14 3
1 18 14 8
2 18 14
1 16 12 6
1 16 12 11
1 16 12 19
2 16 12
1 18 4 2
2 18 4
1 18 4 3
1 18 4 7
1 18 4 19
2 18 4
1 18 6 6
1 18 6 18
2 18 6
1 16 16 8
1 16 16 13
2 16 16
1 18 0 1
1 18 0 19
2 18 0
1 18 14 9
1 18 14 11
2 18 14
1 18 2 1
1 18 2 10
1 18 2 18
2 18 2
1 16 10 2
1 16 10 15
1 16 10 15
2 16 10
1 16 10 8
1 16 10 19
2 16 10
1 18 16 9
1 18 16 19
2 18 16
1 18 4 12
1 18 4 16
2 18 4
1 16 12 0
1 16 12 8
2 16 12
1 18 14 4
1 18 14 7
2 18 14
1 18 6 14
2 18 6
1 18 2 5
1 18 2 10
1 18 2 17
2 18 2
1 18 2 12
1 18 2 15
2 18 2
1 18 10 2
1 18 10 10
2 18 10
1 18 14 7
1 18 14 10
2 18 14
1 18 16 8
2 18 16
1 18 2 11
1 18 2 11
1 18 2 19
2 18 2
1 18 2 4
1 18 2 14
1 18 2 14
2 18 2
2 16 12
1 18 4 13
1 18 4 19
2 18 4
1 18 12 9
1 18 12 10
1 18 12 13
2 18 12
1 18 14 6
1 18 14 10
1 18 14 10
2 18 14
1 16 14 4
1 16 14 11
2 16 14
1 18 10 0
1 18 10 10
2 18 10
1 16 8 2
1 16 8 5
1 16 8 6
2 16 8
1 16 14 3
1 16 14 7
1 16 14 14
2 16 14
1 16 8 7
1 16 8 18
2 16 8
1 18 0 0
1 18 0 2
2 18 0
1 18 0 17
1 18 0 19
2 18 0
1 18 4 5
1 18 4 12
1 18 4 13
2 18 4
1 16 12 5
1 16 12 6
1 16 12 9
2 16 12
1 18 6 9
2 18 6
1 18 10 2
1 18 10 14
1 18 10 17
2 18 10
1 16 8 0
1 16 8 7
1 16 8 19
2 16 8
1 16 6 7
1 16 6 9
1 16 6 16
2 16 6
1 18 12 1
1 18 12 13
1 18 12 18
2 18 12
1 16 8 6
1 16 8 16
2 16 8
1 18 8 13
1 18 8 18
2 18 8
1 18 6 6
1 18 6 15
2 18 6
1 18 8 1
1 18 8 18
2 18 8
1 18 12 6
1 18 12 7
1 18 12 15
2 18 12
1 16 6 0
1 16 6 11
1 16 6 14
2 16 6
1 16 4 9
1 16 4 16
1 16 4 17
2 16 4
1 16 10 5
2 16 10
1 18 18 6
1 18 18 19
2 18 18
1 16 4 4
1 16 4 12
1 16 4 12
2 16 4
1 18 18 1
1 18 18 4
1 18 18 6
2 18 18
1 18 0 3
2 18 0
1 16 2 9
1 16 2 16
2 16 2
1 16 8 19
2 16 8
1 16 10 10
1 16 10 19
2 16 10
1 18 12 6
1 18 12 8
1 18 12 11
2 18 12
1 16 14 5
1 16 14 14
2 16 14
1 16 10 2
1 16 10 8
1 16 10 8
2 16 10
1 16 14 15
2 16 14
1 16 2 1
1 16 2 4
1 16 2 17
2 16 2
1 18 4 0
1 18 4 10
1 18 4 15
2 18 4
1 18 14 2
1 18 14 10
1 18 14 12
2 18 14
1 18 14 5
1 18 14 7
1 18 14 14
2 18 14
1 18 4 5
1 18 4 14
1 18 4 15
2 18 4
1 18 4 1
1 18 4 2
2 18 4
1 18 4 6
1 18 4 16
2 18 4
1 16 8 3
1 16 8 10
1 16 8 19
2 16 8
1 16 4 11
1 16 4 11
1 16 4 12
2 16 4
1 18 2 7
1 18 2 19
1 18 2 19
2 18 2
1 16 8 0
1 16 8 5
1 16 8 7
2 16 8
1 18 10 0
1 18 10 12
1 18 10 16
2 18 10
1 16 8 2
1 16 8 6
2 16 8
1 18 12 2
1 18 12 4
2 18 12
1 18 2 8
1 18 2 10
1 18 2 12
2 18 2
1 16 12 7
1 16 12 7
1 16 12 16
2 16 12
1 18 2 11
1 18 2 17
1 18 2 19
2 18 2
1 18 6 5
1 18 6 9
1 18 6 18
2 18 6
1 18 10 3
1 18 10 5
1 18 10 15
2 18 10
1 18 14 6
1 18 14 17
1 18 14 17
2 18 14
1 16 14 5
1 16 14 6
1 16 14 17
2 16 14
1 16 8 13
2 16 8
1 18 8 13
1 18 8 15
2 18 8
1 18 8 12
1 18 8 19
2 18 8
1 18 2 2
1 18 2 12
1 18 2 13
2 18 2
1 18 14 9
1 18 14 15
1 18 14 16
2 18 14
2 16 2
1 18 8 16
2 18 8
1 18 14 0
1 18 14 18
1 18 14 18
2 18 14
1 18 2 2
1 18 2 8
1 18 2 13
2 18 2
1 18 16 13
1 18 16 17
2 18 16
1 18 12 9
1 18 12 14
1 18 12 18
2 18 12
1 18 2 4
1 18 2 8
2 18 2
1 18 18 3
1 18 18 13
1 18 18 13
2 18 18
1 16 2 10
1 16 2 14
2 16 2
1 18 4 1
1 18 4 6
1 18 4 18
2 18 4
1 16 0 5
1 16 0 6
1 16 0 18
2 16 0
1 16 0 1
1 16 0 7
2 16 0
1 18 6 0
1 18 6 17
2 18 6
1 16 12 7
1 16 12 8
1 16 12 14
2 16 12
1 18 18 15
2 18 18
1 18 2 12
1 18 2 12
1 18 2 17
2 18 2
1 16 8 3
1 16 8 4
2 16 8
1 18 14 5
1 18 14 11
1 18 14 16
2 18 14
1 16 6 6
1 16 6 18
2 16 6
1 18 18 13
1 18 18 17
2 18 18
1 16 12 5
1 16 12 12
1 16 12 19
2 16 12
1 16 8 6
1 16 8 17
2 16 8
1 18 12 2
1 18 12 6
1 18 12 7
2 18 12
1 16 0 7
1 16 0 15
2 16 0
1 16 10 6
1 16 10 16
2 16 10
1 16 14 0
1 16 14 3
1 16 14 15
2 16 14
1 18 18 1
1 18 18 6
2 18 18
1 14 18 3
1 14 18 15
1 14 18 16
2 14 18
1 16 4 4
1 16 4 4
1 16 4 16
2 16 4
1 18 12 12
1 18 12 13
2 18 12
1 18 6 1
1 18 6 12
2 18 6
1 14 16 2
1 14 16 11
1 14 16 12
2 14 16
1 18 14 0
1 18 14 0
1 18 14 12
2 18 14
1 14 16 1
1 14 16 6
1 14 16 11
2 14 16
1 18 4 2
1 18 4 6
2 18 4
1 14 14 9
1 14 14 16
1 14 14 18
2 14 14
1 18 16 1
2 18 16
1 16 14 2
1 16 14 10
2 16 14
1 18 10 4
1 18 10 14
2 18 10
1 16 10 2
1 16 10 9
2 16 10
1 18 4 0
2 18 4
1 16 14 7
1 16 14 8
2 16 14
1 18 8 17
1 18 8 19
2 18 8
1 14 18 1
1 14 18 8
1 14 18 12
2 14 18
1 18 16 8
1 18 16 10
1 18 16 12
2 18 16
1 18 2 10
1 18 2 18
2 18 2
1 18 12 6
1 18 12 13
2 18 12
1 16 6 1
1 16 6 14
1 16 6 19
2 16 6
1 16 0 6
1 16 0 18
2 16 0
1 16 6 9
1 16 6 15
2 16 6
1 16 16 1
1 16 16 11
1 16 16 11
2 16 16
1 18 4 6
1 18 4 18
2 18 4
1 16 12 3
1 16 12 12
1 16 12 19
2 16 12
1 18 14 5
1 18 14 15
1 18 14 16
2 18 14
1 16 16 2
1 16 16 5
1 16 16 11
2 16 16
1 16 16 6
1 16 16 8
1 16 16 16
2 16 16
1 16 0 6
1 16 0 14
1 16 0 17
2 16 0
1 18 8 11
1 18 8 14
2 18 8
1 16 8 7
1 16 8 8
2 16 8
1 14 12 0
1 14 12 12
1 14 12 15
1 14 12 19
2 14 12
1 18 18 2
1 18 18 3
1 18 18 6
2 18 18
1 18 8 1
2 18 8
1 14 14 0
1 14 14 6
1 14 14 7
1 14 14 7
2 14 14
1 14 10 6
1 14 10 11
1 14 10 14
1 14 10 15
2 14 10
1 14 16 0
2 14 16
1 14 8 5
1 14 8 7
1 14 8 9
1 14 8 15
2 14 8
1 18 12 0
1 18 12 15
2 18 12
1 16 6 16
1 16 6 19
2 16 6
1 18 8 11
1 18 8 18
2 18 8
1 18 4 0
1 18 4 11
1 18 4 13
2 18 4
1 14 12 6
1 14 12 11
1 14 12 17
2 14 12
1 14 14 6
1 14 14 6
1 14 14 14
2 14 14
1 14 16 12
1 14 16 16
1 14 16 16
2 14 16
1 14 6 3
1 14 6 12
1 14 6 13
1 14 6 19
2 14 6
1 14 16 0
1 14 16 10
2 14 16
1 18 4 19
2 18 4
1 14 4 0
1 14 4 1
1 14 4 2
1 14 4 5
2 14 4
1 14 2 2
1 14 2 18
1 14 2 18
1 14 2 19
2 14 2
1 16 4 7
1 16 4 10
1 16 4 13
2 16 4
1 16 4 0
1 16 4 11
2 16 4
1 14 0 10
1 14 0 11
1 14 0 18
1 14 0 18
2 14 0
1 18 14 1
1 18 14 14
2 18 14
1 16 18 4
1 16 18 12
1 16 18 17
2 16 18
1 12 18 0
1 12 18 17
1 12 18 18
1 12 18 19
2 12 18
1 14 12 10
1 14 12 13
2 14 12
1 14 16 14
1 14 16 15
2 14 16
1 18 6 1
1 18 6 3
1 18 6 8
2 18 6
1 12 16 2
1 12 16 4
1 12 16 8
2 12 16
1 12 14 0
1 12 14 2
1 12 14 10
1 12 14 14
2 12 14
1 12 12 14
1 12 12 15
1 12 12 17
1 12 12 19
2 12 12
1 12 16 1
1 12 16 13
2 12 16
1 18 16 13
1 18 16 17
1 18 16 18
2 18 16
1 12 10 15
2 12 10
1 12 16 9
1 12 16 19
2 12 16
1 12 10 2
1 12 10 6
1 12 10 13
1 12 10 14
2 12 10
1 12 8 4
1 12 8 7
1 12 8 8
1 12 8 19
2 12 8
1 18 18 0
1 18 18 5
2 18 18
1 18 6 5
1 18 6 13
1 18 6 17
2 18 6
1 12 6 8
1 12 6 9
1 12 6 11
1 12 6 18
2 12 6
1 14 4 3
1 14 4 7
2 14 4
1 16 8 1
1 16 8 2
2 16 8
1 16 18 7
1 16 18 16
2 16 18
1 12 4 9
1 12 4 9
1 12 4 13
2 12 4
1 12 4 2
1 12 4 6
1 12 4 15
2 12 4
1 16 4 2
1 16 4 12
2 16 4
1 12 2 6
1 12 2 7
1 12 2 7
1 12 2 16
2 12 2
1 12 0 2
1 12 0 4
1 12 0 4
1 12 0 18
2 12 0
1 14 12 3
1 14 12 17
2 14 12
1 16 0 0
1 16 0 7
1 16 0 10
2 16 0
1 18 4 1
1 18 4 8
1 18 4 15
2 18 4
1 10 18 1
1 10 18 9
1 10 18 13
1 10 18 17
2 10 18
1 10 16 4
1 10 16 17
1 10 16 19
2 10 16
1 10 14 3
1 10 14 5
1 10 14 11
1 10 14 12
2 10 14
1 14 16 2
2 14 16
1 10 12 1
1 10 12 2
1 10 12 5
1 10 12 14
2 10 12
1 18 18 9
2 18 18
1 12 0 14
1 12 0 17
2 12 0
1 10 16 5
1 10 16 8
1 10 16 14
1 10 16 14
2 10 16
1 12 0 13
1 12 0 14
2 12 0
1 18 8 2
1 18 8 2
1 18 8 5
2 18 8
1 18 12 3
1 18 12 19
2 18 12
1 16 8 12
1 16 8 14
2 16 8
1 18 10 3
1 18 10 9
2 18 10
1 10 10 1
1 10 10 2
1 10 10 14
2 10 10
1 10 18 4
1 10 18 10
1 10 18 10
2 10 18
1 16 12 6
1 16 12 6
1 16 12 13
2 16 12
1 18 12 8
2 18 12
1 10 8 4
1 10 8 4
1 10 8 17
1 10 8 18
2 10 8
1 10 6 2
1 10 6 5
1 10 6 5
1 10 6 19
2 10 6
1 10 8 3
1 10 8 11
2 10 8
1 12 0 15
2 12 0
2 16 0
1 10 4 6
1 10 4 7
1 10 4 15
2 10 4
1 10 16 0
1 10 16 1
1 10 16 18
2 10 16
1 16 14 5
1 16 14 8
1 16 14 14
2 16 14
1 16 0 4
1 16 0 14
2 16 0
1 18 0 13
2 18 0
1 10 6 4
1 10 6 5
2 10 6
1 10 2 5
1 10 2 5
1 10 2 19
2 10 2
1 14 14 4
1 14 14 15
2 14 14
1 18 2 7
1 18 2 14
1 18 2 17
2 18 2
1 18 14 5
1 18 14 19
2 18 14
1 18 4 15
1 18 4 17
2 18 4
2 18 12
1 10 2 0
1 10 2 2
2 10 2
1 10 0 6
1 10 0 7
1 10 0 10
1 10 0 18
2 10 0
1 12 10 1
1 12 10 15
2 12 10
1 8 18 2
1 8 18 5
1 8 18 15
1 8 18 18
2 8 18
1 16 2 3
1 16 2 5
2 16 2
1 8 16 6
1 8 16 13
1 8 16 15
1 8 16 18
2 8 16
1 18 16 6
1 18 16 11
2 18 16
1 10 16 15
1 10 16 19
2 10 16
1 12 10 14
2 12 10
1 16 8 9
1 16 8 13
2 16 8
1 14 4 2
1 14 4 8
2 14 4
1 18 12 3
1 18 12 7
1 18 12 19
2 18 12
1 8 16 19
2 8 16
1 8 14 3
1 8 14 12
1 8 14 13
1 8 14 13
2 8 14
1 12 6 8
1 12 6 14
1 12 6 15
2 12 6
1 8 12 2
1 8 12 5
1 8 12 5
1 8 12 16
2 8 12
1 10 12 3
1 10 12 8
2 10 12
1 18 14 19
2 18 14
1 8 10 10
1 8 10 15
1 8 10 16
1 8 10 17
2 8 10
1 10 14 4
1 10 14 16
2 10 14
1 8 10 0
2 8 10
1 10 18 0
1 10 18 19
1 10 18 19
2 10 18
1 12 2 13
2 12 2
1 10 10 5
1 10 10 7
2 10 10
1 16 6 0
1 16 6 3
2 16 6
1 8 8 10
1 8 8 10
1 8 8 13
1 8 8 17
2 8 8
1 8 6 5
1 8 6 7
1 8 6 12
1 8 6 19
2 8 6
1 18 8 5
1 18 8 12
2 18 8
1 8 4 1
1 8 4 14
1 8 4 18
2 8 4
1 10 4 12
1 10 4 13
1 10 4 16
2 10 4
1 16 18 3
1 16 18 15
2 16 18
1 14 4 1
1 14 4 9
2 14 4
1 12 14 8
1 12 14 15
2 12 14
1 10 18 0
1 10 18 14
2 10 18
1 14 18 2
2 14 18
1 8 2 5
1 8 2 9
1 8 2 9
1 8 2 11
2 8 2
1 8 0 8
1 8 0 10
1 8 0 11
1 8 0 14
2 8 0
1 14 12 4
1 14 12 6
1 14 12 13
2 14 12
1 8 0 15
1 8 0 18
2 8 0
1 6 18 8
1 6 18 13
1 6 18 16
1 6 18 19
2 6 18
1 6 16 0
1 6 16 12
1 6 16 13
1 6 16 19
2 6 16
1 12 12 10
1 12 12 12
1 12 12 13
2 12 12
1 18 14 5
1 18 14 7
1 18 14 8
2 18 14
1 6 14 9
1 6 14 15
1 6 14 15
1 6 14 18
2 6 14
1 12 18 5
1 12 18 6
2 12 18
1 6 12 5
1 6 12 10
1 6 12 14
1 6 12 18
2 6 12
1 10 6 1
1 10 6 12
2 10 6
1 12 18 10
1 12 18 17
2 12 18
1 16 0 6
1 16 0 14
1 16 0 19
2 16 0
1 6 10 3
1 6 10 4
1 6 10 18
1 6 10 18
2 6 10
1 8 4 1
1 8 4 11
2 8 4
1 6 8 3
1 6 8 4
1 6 8 14
1 6 8 16
2 6 8
1 6 6 2
1 6 6 15
1 6 6 15
1 6 6 16
2 6 6
1 6 14 2
1 6 14 4
1 6 14 18
2 6 14
1 6 4 8
1 6 4 11
1 6 4 19
2 6 4
1 6 4 0
1 6 4 3
1 6 4 15
1 6 4 16
2 6 4
1 6 2 0
1 6 2 2
1 6 2 6
1 6 2 16
2 6 2
1 10 12 11
2 10 12
1 16 6 5
1 16 6 8
2 16 6
1 12 14 5
2 12 14
1 6 0 1
1 6 0 7
1 6 0 12
1 6 0 15
2 6 0
1 10 18 10
1 10 18 14
1 10 18 17
2 10 18
1 6 2 5
1 6 2 7
1 6 2 14
2 6 2
1 10 4 1
1 10 4 16
2 10 4
1 12 18 4
2 12 18
1 4 18 10
1 4 18 14
1 4 18 18
1 4 18 19
2 4 18
1 8 6 6
1 8 6 15
2 8 6
1 18 10 8
1 18 10 18
2 18 10
1 12 18 7
1 12 18 14
2 12 18
1 4 16 6
1 4 16 10
1 4 16 13
1 4 16 18
2 4 16
1 4 14 7
1 4 14 11
1 4 14 12
1 4 14 19
2 4 14
1 10 2 0
1 10 2 1
2 10 2
1 8 16 1
1 8 16 2
1 8 16 16
2 8 16
1 16 18 13
2 16 18
1 4 18 15
2 4 18
1 12 12 2
1 12 12 15
1 12 12 16
2 12 12
1 14 6 3
1 14 6 7
1 14 6 14
2 14 6
1 4 12 1
1 4 12 12
1 4 12 13
1 4 12 17
2 4 12
1 4 10 4
1 4 10 9
1 4 10 14
1 4 10 14
2 4 10
2 4 12
1 12 0 6
1 12 0 7
2 12 0
1 16 12 3
1 16 12 6
1 16 12 12
2 16 12
1 16 6 4
1 16 6 17
2 16 6
1 8 4 8
1 8 4 17
2 8 4
1 18 12 9
1 18 12 10
2 18 12
1 8 0 7
1 8 0 15
2 8 0
1 16 16 4
1 16 16 10
2 16 16
1 18 18 11
2 18 18
1 10 6 9
2 10 6
1 8 2 18
2 8 2
1 12 10 4
1 12 10 9
2 12 10
1 6 16 19
2 6 16
1 14 8 1
1 14 8 7
2 14 8
1 16 0 5
1 16 0 12
2 16 0
1 18 6 8
1 18 6 16
2 18 6
1 10 12 15
2 10 12
1 4 12 0
1 4 12 3
1 4 12 18
2 4 12
1 16 8 12
1 16 8 13
2 16 8
1 12 14 3
1 12 14 6
2 12 14
1 10 4 1
2 10 4
1 10 10 5
2 10 10
1 12 10 3
1 12 10 17
2 12 10
1 10 18 1
1 10 18 12
2 10 18
2 12 10
1 14 16 7
2 14 16
1 12 18 4
1 12 18 16
2 12 18
1 6 14 16
1 6 14 17
2 6 14
1 12 2 15
2 12 2
1 6 16 11
1 6 16 15
2 6 16
1 8 10 6
2 8 10
1 6 0 11
2 6 0
1 4 8 1
1 4 8 2
1 4 8 7
1 4 8 12
2 4 8
1 8 0 7
1 8 0 10
2 8 0
1 12 0 8
1 12 0 15
2 12 0
1 8 2 2
1 8 2 5
2 8 2
1 4 18 1
1 4 18 19
2 4 18
1 14 2 10
1 14 2 18
2 14 2
1 6 4 1
1 6 4 15
2 6 4
1 6 2 3
2 6 2
1 10 10 7
1 10 10 12
2 10 10
1 12 10 4
1 12 10 18
2 12 10
2 16 16
1 18 4 18
2 18 4
1 8 16 10
1 8 16 11
2 8 16
1 8 10 0
1 8 10 12
2 8 10
1 6 2 3
1 6 2 8
1 6 2 17
2 6 2
1 6 4 18
2 6 4
1 14 4 18
2 14 4
1 10 18 12
1 10 18 19
2 10 18
1 8 6 14
1 8 6 15
1 8 6 19
2 8 6
1 14 6 5
1 14 6 8
2 14 6
1 10 18 0
2 10 18
1 10 2 3
1 10 2 14
2 10 2
1 18 2 10
2 18 2
1 8 2 6
1 8 2 19
2 8 2
1 12 18 4
2 12 18
1 4 10 6
1 4 10 12
1 4 10 17
2 4 10
2 14 10
1 6 10 7
2 6 10
1 18 0 8
2 18 0
1 4 18 7
1 4 18 13
2 4 18
1 14 16 1
1 14 16 11
2 14 16
1 18 16 7
2 18 16
1 12 6 15
2 12 6
1 14 18 0
2 14 18
1 6 6 6
2 6 6
1 10 14 0
1 10 14 10
2 10 14
1 8 12 19
2 8 12
1 16 14 9
1 16 14 11
2 16 14
1 16 14 15
2 16 14
1 14 10 0
1 14 10 7
2 14 10
2 18 2
1 14 2 5
2 14 2
1 8 12 7
1 8 12 14
2 8 12
1 18 8 16
2 18 8
1 6 14 0
2 6 14
1 4 14 1
1 4 14 4
2 4 14
1 12 10 9
2 12 10
1 14 12 14
1 14 12 15
2 14 12
1 12 16 9
2 12 16
1 8 4 2
1 8 4 9
2 8 4
1 14 14 2
1 14 14 17
2 14 14
1 16 14 16
2 16 14
2 14 12
1 16 6 17
2 16 6
1 18 10 0
2 18 10
1 10 2 14
2 10 2
1 12 4 16
1 12 4 18
2 12 4
1 4 14 8
2 4 14
1 12 0 5
1 12 0 17
2 12 0
1 12 10 5
2 12 10
1 6 4 8
1 6 4 10
2 6 4
2 10 16
1 6 8 3
1 6 8 18
2 6 8
1 18 12 1
1 18 12 17
2 18 12
1 10 6 18
2 10 6
1 6 4 8
1 6 4 19
2 6 4
1 6 12 15
2 6 12
1 14 6 9
1 14 6 19
2 14 6
1 16 6 1
2 16 6
1 4 12 1
1 4 12 19
2 4 12
1 10 0 0
1 10 0 1
2 10 0
1 8 14 13
1 8 14 14
2 8 14
1 16 6 7
2 16 6
1 8 4 11
1 8 4 14
2 8 4
1 10 16 15
1 10 16 15
2 10 16
1 10 18 19
2 10 18
1 16 0 7
2 16 0
1 4 10 5
1 4 10 13
2 4 10
1 4 12 9
2 4 12
1 12 14 13
1 12 14 18
2 12 14
1 8 6 15
2 8 6
2 18 10
1 8 12 13
1 8 12 18
2 8 12
1 14 2 0
2 14 2
1 16 0 6
2 16 0
1 14 6 0
1 14 6 15
2 14 6
1 8 6 18
2 8 6
1 8 12 5
2 8 12
1 12 4 5
2 12 4
1 10 16 19
2 10 16
1 8 0 6
1 8 0 11
2 8 0
1 18 2 2
1 18 2 5
2 18 2
1 10 18 15
2 10 18
1 6 10 0
1 6 10 12
2 6 10
1 14 16 9
2 14 16
1 12 10 1
1 12 10 19
2 12 10
1 14 8 6
2 14 8
1 16 6 8
1 16 6 19
2 16 6
1 12 14 15
2 12 14
1 8 14 6
1 8 14 12
2 8 14
1 12 6 17
2 12 6
1 12 4 9
2 12 4
1 10 8 1
2 10 8
1 10 6 19
2 10 6
1 10 16 3
1 10 16 7
2 10 16
1 18 12 9
2 18 12
1 18 10 0
1 18 10 3
1 18 10 14
2 18 10
1 6 14 14
2 6 14
1 14 0 8
1 14 0 18
2 14 0
1 6 14 6
1 6 14 9
2 6 14
1 6 2 15
1 6 2 17
2 6 2
1 18 18 2
1 18 18 10
2 18 18
1 18 8 4
1 18 8 19
2 18 8
1 12 2 2
1 12 2 8
2 12 2
1 6 14 1
1 6 14 8
2 6 14
1 16 6 15
2 16 6
1 12 2 4
1 12 2 19
2 12 2
1 10 2 15
2 10 2
1 14 12 15
2 14 12
1 10 0 3
1 10 0 14
2 10 0
1 18 12 13
1 18 12 14
2 18 12
1 10 12 18
2 10 12
1 6 4 10
2 6 4
1 12 8 3
1 12 8 7
2 12 8
1 16 10 11
1 16 10 15
2 16 10
1 18 12 0
1 18 12 18
2 18 12
1 14 10 6
1 14 10 17
2 14 10
1 16 8 3
1 16 8 11
2 16 8
1 8 10 15
2 8 10
1 16 0 0
2 16 0
1 18 2 5
1 18 2 15
2 18 2
1 14 4 11
2 14 4
1 18 14 9
1 18 14 17
2 18 14
1 14 8 2
2 14 8
1 4 16 1
1 4 16 2
1 4 16 12
2 4 16
2 6 16
2 8 10
1 12 8 14
2 12 8
1 16 10 5
1 16 10 19
2 16 10
1 6 8 5
1 6 8 15
2 6 8
1 4 16 9
1 4 16 13
2 4 16
1 6 12 15
2 6 12
1 8 6 5
1 8 6 10
2 8 6
1 10 8 0
1 10 8 2
2 10 8
1 18 12 19
2 18 12
1 4 12 14
1 4 12 17
2 4 12
1 10 2 7
1 10 2 16
2 10 2
1 16 2 12
1 16 2 16
2 16 2
1 10 2 6
2 10 2
1 14 4 8
1 14 4 10
2 14 4
1 16 10 0
1 16 10 5
2 16 10
1 6 0 17
2 6 0
1 18 14 15
1 18 14 16
2 18 14
1 4 16 9
1 4 16 15
2 4 16
1 14 12 9
1 14 12 17
2 14 12
1 16 10 7
2 16 10
1 4 6 5
1 4 6 9
1 4 6 11
1 4 6 15
2 4 6
1 8 18 6
1 8 18 16
2 8 18
1 12 16 0
1 12 16 15
2 12 16
1 10 10 2
2 10 10
1 16 16 2
1 16 16 5
2 16 16
1 4 4 3
1 4 4 4
1 4 4 7
1 4 4 12
2 4 4
1 10 10 5
2 10 10
1 12 0 2
1 12 0 11
2 12 0
1 6 4 18
2 6 4
1 18 6 1
1 18 6 6
2 18 6
1 18 4 8
1 18 4 9
1 18 4 12
2 18 4
1 8 14 9
2 8 14
1 10 10 6
1 10 10 11
2 10 10
1 6 16 6
1 6 16 15
2 6 16
1 6 8 5
2 6 8
1 8 16 8
2 8 16
1 16 2 15
2 16 2
1 16 8 10
1 16 8 16
2 16 8
1 4 6 2
2 4 6
1 12 14 14
1 12 14 16
2 12 14
1 4 8 8
1 4 8 12
1 4 8 12
2 4 8
1 4 16 0
2 4 16
1 16 2 10
2 16 2
1 12 0 4
2 12 0
1 14 16 5
1 14 16 17
2 14 16
1 18 4 3
1 18 4 16
2 18 4
1 10 4 6
1 10 4 17
2 10 4
1 8 0 1
1 8 0 7
2 8 0
1 10 12 12
1 10 12 13
2 10 12
1 12 16 1
1 12 16 9
2 12 16
1 18 12 18
2 18 12
1 4 2 4
1 4 2 16
1 4 2 18
1 4 2 18
2 4 2
1 14 0 19
2 14 0
2 6 12
1 8 2 3
1 8 2 9
2 8 2
1 8 0 3
1 8 0 4
1 8 0 16
2 8 0
2 6 4
1 10 6 8
2 10 6
1 6 4 9
1 6 4 15
2 6 4
1 10 12 1
2 10 12
1 12 14 15
2 12 14
2 12 12
1 6 2 5
1 6 2 10
2 6 2
1 10 0 14
1 10 0 19
2 10 0
1 12 16 7
2 12 16
1 6 10 10
2 6 10
1 6 4 18
2 6 4
1 6 8 2
1 6 8 14
2 6 8
1 18 8 18
2 18 8
1 16 6 0
2 16 6
1 12 12 2
1 12 12 10
2 12 12
1 18 2 7
1 18 2 19
2 18 2
1 6 0 1
2 6 0
1 8 14 0
1 8 14 2
2 8 14
1 16 12 0
1 16 12 1
2 16 12
1 16 8 14
1 16 8 15
2 16 8
1 18 6 3
2 18 6
1 18 18 14
2 18 18
1 4 10 6
1 4 10 17
2 4 10
1 10 2 5
2 10 2
1 12 10 0
2 12 10
1 18 18 1
1 18 18 8
2 18 18
1 18 8 8
2 18 8
1 10 10 6
2 10 10
1 6 4 3
1 6 4 5
2 6 4
1 16 12 13
2 16 12
1 14 8 16
2 14 8
1 8 10 9
1 8 10 18
2 8 10
2 6 8
1 8 18 6
1 8 18 16
2 8 18
1 18 0 13
1 18 0 17
2 18 0
1 16 0 10
2 16 0
1 4 6 18
1 4 6 19
2 4 6
1 6 16 0
2 6 16
1 6 8 7
1 6 8 14
2 6 8
1 4 12 13
1 4 12 19
2 4 12
1 4 8 13
2 4 8
2 6 2
1 4 0 11
1 4 0 14
1 4 0 15
1 4 0 19
2 4 0
1 8 4 10
2 8 4
1 10 16 8
1 10 16 11
2 10 16
2 16 8
1 8 18 17
1 8 18 18
2 8 18
1 16 8 7
1 16 8 9
2 16 8
1 16 4 6
1 16 4 17
2 16 4
2 6 0
2 10 2
1 18 0 10
1 18 0 14
2 18 0
1 6 14 2
1 6 14 9
2 6 14
1 4 0 7
1 4 0 10
2 4 0
2 8 6
1 16 18 14
2 16 18
1 18 16 3
1 18 16 16
2 18 16
1 8 4 1
1 8 4 6
2 8 4
1 8 18 2
1 8 18 10
2 8 18
1 10 6 7
1 10 6 9
2 10 6
1 12 18 9
1 12 18 17
2 12 18
1 4 12 18
2 4 12
1 2 18 2
1 2 18 15
2 2 18
1 10 4 11
1 10 4 12
2 10 4
1 4 8 14
1 4 8 19
2 4 8
1 2 16 6
1 2 16 13
2 2 16
1 12 16 14
2 12 16
1 8 4 11
1 8 4 12
2 8 4
1 14 4 2
2 14 4
1 16 4 10
2 16 4
1 4 18 9
1 4 18 18
2 4 18
1 18 8 19
2 18 8
1 18 10 3
1 18 10 7
2 18 10
1 2 14 9
1 2 14 11
1 2 14 11
1 2 14 12
2 2 14
1 16 10 18
2 16 10
1 8 6 17
1 8 6 18
1 8 6 19
2 8 6
1 10 12 11
1 10 12 18
2 10 12
1 4 18 5
2 4 18
1 10 8 18
1 10 8 19
2 10 8
1 18 16 11
1 18 16 19
2 18 16
1 6 12 7
1 6 12 8
1 6 12 11
2 6 12
1 12 12 12
2 12 12
1 6 0 4
1 6 0 18
2 6 0
1 8 12 3
1 8 12 14
2 8 12
1 4 8 19
2 4 8
1 16 18 4
1 16 18 13
2 16 18
1 10 6 15
2 10 6
1 12 14 17
1 12 14 19
2 12 14
1 4 0 14
2 4 0
1 16 8 9
2 16 8
1 8 14 9
1 8 14 15
2 8 14
1 8 18 8
1 8 18 16
2 8 18
1 2 12 3
1 2 12 12
1 2 12 12
1 2 12 13
2 2 12
2 14 0
1 18 8 0
1 18 8 12
2 18 8
1 14 4 15
2 14 4
1 10 18 5
1 10 18 12
2 10 18
1 4 0 15
2 4 0
1 2 10 1
1 2 10 2
1 2 10 9
1 2 10 18
2 2 10
1 6 2 8
1 6 2 19
2 6 2
2 14 4
1 12 4 1
1 12 4 16
2 12 4
1 16 16 3
1 16 16 14
2 16 16
1 2 16 2
1 2 16 14
1 2 16 18
2 2 16
1 18 0 2
1 18 0 7
2 18 0
1 4 18 1
1 4 18 19
2 4 18
1 14 18 1
1 14 18 3
2 14 18
1 12 4 16
1 12 4 17
2 12 4
1 16 14 1
1 16 14 13
2 16 14
1 12 16 5
2 12 16
1 18 2 6
2 18 2
1 18 14 1
1 18 14 15
2 18 14
1 14 18 5
1 14 18 13
2 14 18
1 4 16 9
1 4 16 13
2 4 16
1 10 4 2
1 10 4 11
2 10 4
1 14 18 9
1 14 18 11
2 14 18
1 6 0 6
1 6 0 19
2 6 0
1 14 10 16
2 14 10
1 8 6 2
2 8 6
1 10 0 8
1 10 0 17
2 10 0
1 8 14 1
1 8 14 8
2 8 14
1 18 18 13
1 18 18 15
2 18 18
1 14 14 10
1 14 14 17
2 14 14
1 10 16 0
1 10 16 2
2 10 16
1 4 10 3
2 4 10
1 6 2 3
1 6 2 5
2 6 2
1 12 12 1
1 12 12 13
2 12 12
1 4 14 3
2 4 14
1 18 14 14
2 18 14
1 4 2 2
1 4 2 13
2 4 2
1 6 10 6
1 6 10 17
2 6 10
1 10 14 0
1 10 14 19
2 10 14
1 8 4 14
2 8 4
1 16 16 14
1 16 16 18
2 16 16
1 8 0 9
1 8 0 18
2 8 0
1 4 14 15
2 4 14
1 6 6 5
2 6 6
2 6 12
1 2 12 4
1 2 12 7
2 2 12
1 6 18 3
2 6 18
1 16 0 1
2 16 0
1 16 18 19
2 16 18
1 14 10 6
2 14 10
2 16 12
1 2 8 1
1 2 8 11
1 2 8 12
2 2 8
1 2 6 1
1 2 6 4
1 2 6 18
1 2 6 18
2 2 6
1 16 2 3
1 16 2 5
2 16 2
1 6 14 7
2 6 14
1 16 16 1
1 16 16 8
2 16 16
1 4 16 6
2 4 16
1 10 14 18
2 10 14
1 8 10 11
1 8 10 15
2 8 10
1 8 16 0
1 8 16 6
2 8 16
1 6 6 3
2 6 6
1 18 16 1
1 18 16 14
2 18 16
2 6 14
2 18 12
1 10 16 1
1 10 16 11
2 10 16
1 12 14 14
1 12 14 19
2 12 14
1 10 18 2
1 10 18 10
2 10 18
1 8 14 16
1 8 14 17
2 8 14
1 2 6 3
1 2 6 13
2 2 6
1 18 0 10
2 18 0
2 6 16
1 14 6 14
2 14 6
1 6 8 7
2 6 8
1 4 14 8
1 4 14 16
2 4 14
2 8 16
1 14 0 1
1 14 0 12
1 14 0 15
2 14 0
1 4 14 4
1 4 14 7
2 4 14
1 18 8 1
1 18 8 7
2 18 8
1 4 0 10
1 4 0 12
2 4 0
1 4 0 2
2 4 0
1 8 16 9
2 8 16
1 12 0 16
2 12 0
1 16 16 13
1 16 16 19
2 16 16
1 14 4 8
1 14 4 10
2 14 4
1 6 14 9
1 6 14 9
2 6 14
1 18 4 9
1 18 4 19
2 18 4
1 10 18 15
2 10 18
2 16 16
1 16 16 2
1 16 16 7
1 16 16 17
2 16 16
1 8 12 9
2 8 12
1 8 14 15
2 8 14
2 18 6
1 10 14 5
1 10 14 9
2 10 14
1 2 18 15
1 2 18 18
2 2 18
1 14 4 2
1 14 4 8
2 14 4
1 4 6 16
2 4 6
1 18 6 13
1 18 6 14
2 18 6
1 14 12 6
1 14 12 16
2 14 12
1 8 12 8
1 8 12 16
2 8 12
1 12 14 4
2 12 14
1 2 8 4
1 2 8 18
2 2 8
1 10 18 14
2 10 18
1 12 0 3
2 12 0
1 6 4 9
1 6 4 15
2 6 4
1 14 4 3
1 14 4 7
2 14 4
1 4 12 5
2 4 12
1 12 4 9
2 12 4
1 12 12 14
2 12 12
1 8 16 18
2 8 16
1 4 0 5
2 4 0
1 6 6 14
2 6 6
1 10 10 8
1 10 10 15
2 10 10
1 2 14 9
1 2 14 10
2 2 14
1 12 16 18
2 12 16
1 6 0 6
1 6 0 7
2 6 0
1 18 16 3
1 18 16 18
2 18 16
1 14 16 6
1 14 16 11
2 14 16
1 4 18 3
1 4 18 13
2 4 18
2 14 0
1 6 12 6
2 6 12
1 2 6 12
1 2 6 18
2 2 6
1 18 16 10
1 18 16 17
1 18 16 18
2 18 16
1 8 0 10
1 8 0 18
2 8 0
1 10 12 9
2 10 12
1 12 18 5
2 12 18
1 10 18 14
1 10 18 16
2 10 18
1 14 0 7
1 14 0 12
2 14 0
1 18 6 4
1 18 6 15
2 18 6
1 8 6 2
1 8 6 10
2 8 6
1 2 4 18
1 2 4 19
2 2 4
1 4 2 10
1 4 2 17
2 4 2
1 18 18 3
2 18 18
1 14 12 5
2 14 12
1 18 14 2
1 18 14 7
2 18 14
2 10 8
1 6 12 2
1 6 12 4
2 6 12
1 8 12 16
1 8 12 19
2 8 12
1 14 8 7
1 14 8 12
2 14 8
1 16 10 9
2 16 10
1 6 8 5
1 6 8 15
2 6 8
1 12 12 15
2 12 12
2 10 4
1 8 16 0
1 8 16 18
2 8 16
1 10 14 19
2 10 14
1 12 10 12
2 12 10
1 14 10 16
1 14 10 17
2 14 10
1 6 12 10
1 6 12 18
2 6 12
1 4 16 3
1 4 16 18
2 4 16
1 6 0 9
1 6 0 17
2 6 0
2 12 8
1 16 10 9
1 16 10 13
2 16 10
1 4 2 3
1 4 2 16
2 4 2
1 10 12 12
1 10 12 14
2 10 12
1 4 8 0
1 4 8 16
2 4 8
2 16 12
1 10 2 12
1 10 2 15
2 10 2
1 4 8 19
2 4 8
1 4 6 1
1 4 6 5
2 4 6
1 16 12 2
1 16 12 12
2 16 12
1 16 10 15
1 16 10 19
2 16 10
1 4 2 5
2 4 2
2 16 10
1 6 2 8
2 6 2
1 2 6 7
1 2 6 15
2 2 6
1 6 18 3
1 6 18 4
2 6 18
1 18 10 11
1 18 10 16
2 18 10
1 10 8 1
1 10 8 4
1 10 8 6
2 10 8
1 8 4 11
1 8 4 19
2 8 4
1 18 4 11
1 18 4 16
2 18 4
1 18 14 9
2 18 14
1 14 18 1
1 14 18 15
2 14 18
1 16 10 5
1 16 10 17
2 16 10
1 18 6 6
1 18 6 13
2 18 6
1 8 16 11
1 8 16 15
2 8 16
1 4 10 0
1 4 10 8
2 4 10
1 12 0 5
2 12 0
1 8 12 1
2 8 12
1 14 2 3
2 14 2
1 10 6 19
2 10 6
1 16 0 12
1 16 0 12
1 16 0 17
2 16 0
1 18 6 9
1 18 6 18
2 18 6
1 10 14 8
1 10 14 17
2 10 14
1 10 6 2
2 10 6
1 14 2 8
2 14 2
1 4 2 9
2 4 2
1 14 0 18
2 14 0
1 10 0 1
1 10 0 8
2 10 0
1 4 2 11
1 4 2 15
2 4 2
1 6 14 14
1 6 14 15
2 6 14
1 18 12 3
1 18 12 15
2 18 12
1 2 4 12
1 2 4 13
2 2 4
1 12 2 5
1 12 2 19
2 12 2
1 6 6 2
1 6 6 10
2 6 6
1 4 4 0
1 4 4 15
2 4 4
1 2 10 15
2 2 10
2 14 18
1 12 14 10
1 12 14 13
2 12 14
1 6 16 3
1 6 16 10
1 6 16 19
2 6 16
1 2 18 10
1 2 18 18
2 2 18
1 4 14 2
1 4 14 18
2 4 14
1 8 2 16
2 8 2
1 4 12 11
2 4 12
1 6 12 7
1 6 12 12
2 6 12
1 4 4 15
2 4 4
1 10 0 6
1 10 0 13
2 10 0
1 4 8 10
1 4 8 16
2 4 8
1 14 18 8
1 14 18 9
1 14 18 9
2 14 18
1 14 12 5
2 14 12
1 12 18 11
1 12 18 12
2 12 18
1 12 8 13
1 12 8 15
2 12 8
1 10 18 2
2 10 18
1 6 4 9
1 6 4 18
2 6 4
1 14 2 9
1 14 2 16
2 14 2
1 16 0 7
1 16 0 11
2 16 0
1 2 16 4
1 2 16 5
2 2 16
1 14 4 16
2 14 4
1 10 8 17
2 10 8
1 18 18 7
1 18 18 18
2 18 18
1 10 18 14
1 10 18 15
2 10 18
1 18 10 14
2 18 10
1 8 6 16
2 8 6
1 12 10 9
1 12 10 11
2 12 10
1 2 14 6
1 2 14 8
2 2 14
1 6 14 13
2 6 14
1 12 0 13
1 12 0 17
2 12 0
1 6 12 5
1 6 12 8
2 6 12
1 4 0 8
1 4 0 15
2 4 0
1 6 0 5
1 6 0 11
2 6 0
1 8 4 15
1 8 4 18
2 8 4
1 4 14 4
1 4 14 9
2 4 14
1 4 2 13
1 4 2 14
2 4 2
1 2 14 3
2 2 14
1 12 14 8
1 12 14 11
2 12 14
1 8 16 10
2 8 16
1 12 10 5
1 12 10 15
2 12 10
1 16 14 2
1 16 14 10
2 16 14
1 18 6 6
1 18 6 13
2 18 6
1 4 2 8
1 4 2 16
2 4 2
1 6 8 2
2 6 8
1 10 4 8
2 10 4
1 18 8 9
1 18 8 14
2 18 8
1 4 0 9
1 4 0 9
1 4 0 15
2 4 0
1 12 4 7
1 12 4 16
2 12 4
1 10 12 1
1 10 12 14
2 10 12
1 12 4 7
2 12 4
1 6 4 1
1 6 4 4
2 6 4
1 12 18 9
1 12 18 14
2 12 18
1 18 14 11
1 18 14 19
2 18 14
1 16 8 0
1 16 8 6
2 16 8
1 18 0 12
2 18 0
1 12 4 1
1 12 4 11
2 12 4
1 16 12 15
1 16 12 15
2 16 12
1 12 10 0
1 12 10 13
1 12 10 15
2 12 10
1 12 4 7
2 12 4
1 12 4 6
2 12 4
1 4 4 16
2 4 4
1 16 2 1
1 16 2 11
2 16 2
1 4 2 0
1 4 2 15
2 4 2
1 10 6 10
1 10 6 17
2 10 6
1 4 8 3
1 4 8 8
2 4 8
1 10 10 11
1 10 10 17
2 10 10
1 10 8 16
2 10 8
1 2 12 5
1 2 12 17
2 2 12
1 14 16 18
2 14 16
1 8 14 1
1 8 14 19
2 8 14
1 12 0 1
1 12 0 19
2 12 0
1 14 2 10
1 14 2 17
2 14 2
1 8 14 16
2 8 14
1 4 12 0
1 4 12 3
2 4 12
1 6 2 11
2 6 2
1 18 0 15
1 18 0 19
2 18 0
2 12 2
1 18 6 11
1 18 6 12
2 18 6
1 10 12 9
1 10 12 13
2 10 12
1 4 4 2
1 4 4 18
2 4 4
1 2 10 5
2 2 10
1 16 0 7
2 16 0
2 12 10
2 14 12
1 12 4 10
2 12 4
1 16 18 2
1 16 18 12
2 16 18
1 14 18 7
1 14 18 11
2 14 18
1 12 0 18
2 12 0
1 6 2 4
2 6 2
1 10 6 5
2 10 6
1 10 2 7
2 10 2
1 14 12 2
1 14 12 10
2 14 12
1 16 12 1
2 16 12
1 8 10 4
2 8 10
1 8 14 0
1 8 14 1
2 8 14
