1000 27 35
459 1115 1410 1767 3176 3464 3808 5834 8057 8690 9041 9052 9153 9498 10768 10947 11445 11525 12581 12845 13294 15313 19872 21145 29105 33761 37512 38608 39330 41830 44548 50253 50973 84262 117437
90 2150 2688 3003 3245 3246 3418 3926 4506 6077 7897 14704 14994 16225 23420 25021 25167 26001 27498 27870 27894 28497 28927 29987 33374 33649 34441 37850 39103 41190 47598 48250 55822 71861 101660
368 504 890 2411 2440 2582 3305 4268 7111 8371 8731 10020 10200 10913 11821 13312 13575 14160 14266 15534 17041 17807 18280 21300 24785 34258 35070 39322 46127 49866 52489 61126 72661 78839 82665
1092 1774 1810 2428 2603 5298 5793 6545 9365 10816 11437 12387 13579 15125 16814 18837 19207 19434 19659 21871 22912 24222 25222 26105 27893 28016 34369 35280 36518 42006 62997 67750 71959 74515 102355
862 1867 2037 2322 3637 4517 5497 5615 5630 6138 6552 7402 8083 12000 15500 16114 21912 25037 25619 26617 27824 29327 31047 32669 33166 38739 38888 39224 43937 51529 54350 58279 58807 59515 62942
99 938 2241 2748 3166 4474 5234 5919 7351 7730 7833 8758 10152 10273 11779 11987 15183 15347 16509 20818 23509 23706 24277 28546 29098 38239 38565 40297 44157 49133 49263 50886 57346 72499 80554
685 924 1131 2027 2316 2866 3048 3565 3852 3961 4425 6883 7699 8434 9652 10543 12271 17610 19879 22048 22978 27261 30879 31332 34636 35882 39598 41935 43568 46159 50533 51735 53962 57068 111779
501 657 1052 1116 2074 2103 2875 2957 4216 5146 5320 8816 11145 11282 11731 12102 13036 13948 14524 16145 16294 18495 20740 21555 23632 25755 26353 35701 39758 42668 43535 67324 75017 88244 108825
23 373 1913 2084 2229 2917 4226 4248 7567 7998 9413 10144 10845 11303 11903 12385 14284 15913 16680 18241 20876 22377 22703 26232 27166 36139 36949 38783 39691 52635 54931 67565 77061 77625 78189
1597 2495 4189 4786 4872 5251 7015 7045 7281 8912 10101 10185 10545 11626 14244 15224 15346 16200 16384 17958 21763 27343 28432 29592 30971 33089 38120 38412 41763 51472 54015 55367 57461 93394 113498
596 1484 1643 1857 2298 3195 3579 5052 5359 9337 11630 12573 13578 13895 14004 14879 15609 17652 20831 21055 21625 21628 22489 23548 25822 26724 32221 35972 43067 44359 48001 56494 74699 86729 91274
166 356 537 571 2593 3364 3782 3811 4330 4403 4651 5412 5414 6042 6921 7821 8756 9779 10896 12424 16075 18247 20392 20677 23827 32649 33306 37497 41969 44865 48577 54010 80519 83088 142599
531 988 4172 4879 5067 5603 5717 5758 6978 7560 8337 9747 11022 11158 11264 11444 11777 13186 13345 17410 19453 20223 26125 30728 31718 32381 32456 36072 39417 40289 42836 48843 58158 63698 128604
382 560 1675 3672 5910 7335 9255 9322 11637 13349 13607 14233 14507 16273 16622 16693 17603 20212 21166 22306 23290 23901 25450 28555 28952 29214 29616 31030 36367 47361 48668 54963 64119 67533 140610
340 578 783 1516 2675 3084 4309 6745 8329 8384 8562 8616 9236 9319 11047 11083 11899 12459 12569 12741 15828 16415 18879 30581 32841 42493 43201 46632 49442 56641 59654 60171 62344 62472 71481
945 1406 2791 3251 3895 4091 4217 5367 5549 6292 7972 9052 9074 9619 10316 10364 10793 11192 11595 13398 14006 15299 19492 22183 22816 33253 41125 42433 43878 44314 54758 78782 106531 106871 132486
595 1905 3086 3230 3293 5858 6032 6297 6345 8988 9894 10544 10937 11069 15247 16631 16827 18922 19485 20362 20700 25347 28666 29264 31423 39417 41187 41533 49299 52078 54914 57816 69544 81560 82171
3 104 468 566 1659 3483 3622 4692 5722 8068 8244 11928 12310 13158 14705 16146 18127 18970 19080 19453 20131 20964 21639 21952 22049 27845 32136 32666 34484 40037 40528 45987 77367 98149 110177
118 896 1526 1820 2097 2455 4121 4751 5245 6038 6049 7180 7283 9454 11410 11909 13055 13473 13665 14805 17059 19189 19939 21675 27160 28010 28648 31947 32899 34451 56110 70016 73221 84016 115123
956 1511 1910 4556 6934 8109 10351 10433 10754 10911 15146 16911 17001 17146 17950 18323 21166 25320 26810 27423 30016 31139 32236 33383 35773 38422 38974 39656 41257 43825 44571 47819 53956 54928 56210
817 945 1131 2149 2228 2259 2478 4848 5617 5797 6113 7373 9957 10440 12425 12946 13817 19669 20040 23892 24066 24631 24742 24870 27217 27323 31770 32856 35295 46637 49980 54467 56795 106593 107963
1471 2437 2547 3722 5151 5306 5419 5824 6056 8444 8872 9742 10181 11821 12609 14335 18167 18416 18849 21114 21600 21969 24553 24827 24937 26713 32203 38465 43420 44934 50261 53605 53768 69962 131290
403 1408 2574 3038 4272 6917 7885 7972 8972 9899 10304 10587 14701 15834 15868 15925 16608 18268 20374 20759 20816 25425 28831 29577 30316 33539 37393 37497 43112 44191 57645 60037 63599 71192 101015
1216 1261 1823 1844 2762 3029 3743 5391 6802 7016 7033 8385 12134 12637 12814 13363 14307 16539 19689 22163 24129 24620 24740 25722 26223 32131 33717 37685 40013 45931 51631 54738 76930 108482 127978
483 1242 2286 2749 2975 3518 4102 7105 8429 8926 9434 10125 12796 13599 17243 19341 20031 20755 20881 21350 22861 25490 26845 27672 30586 34223 35333 43790 44052 46564 50081 53033 55337 62668 72129
577 2918 4222 5118 6474 6577 6845 6846 7063 7479 7711 8176 9134 10529 11895 13204 14172 14353 14599 15296 16405 18472 19684 19999 22270 26129 39148 39996 42087 42543 43325 71890 77660 107435 135288
1077 1553 2313 2418 3654 4278 4878 5325 6408 6889 7119 9064 9291 11086 13083 16645 17962 18768 20985 21172 24324 27885 29213 30166 30494 30575 32680 38603 40887 42523 43713 59871 72799 84508 110847
