832 895 881 918
832 0 881 68
832 918 881 1000
832 68 881 168
881 307 934 406
832 168 881 383
881 0 934 307
934 0 1000 293
832 383 881 895
652 632 731 1000
881 406 934 1000
265 781 423 1000
558 0 652 423
731 577 832 1000
934 293 1000 1000
652 0 731 632
558 423 652 1000
731 0 832 577
423 0 558 484
423 484 558 1000
0 692 265 1000
265 0 423 781
0 0 265 692
832 895 881 918
832 0 881 32
832 32 881 68
832 918 881 1000
265 970 423 1000
652 0 731 108
558 180 652 272
731 891 832 1000
731 0 832 151
881 0 934 307
558 0 652 180
934 0 1000 273
265 781 423 970
881 307 934 1000
832 68 881 895
934 273 1000 1000
558 272 652 1000
652 108 731 1000
731 151 832 891
0 0 265 416
265 0 423 781
423 0 558 1000
0 416 265 1000
832 0 881 6
265 970 423 1000
558 903 652 1000
423 0 558 108
832 655 881 1000
881 580 934 1000
558 0 652 272
265 781 423 970
881 0 934 580
832 6 881 655
652 0 731 450
265 534 423 781
731 598 832 1000
423 108 558 424
652 450 731 1000
0 818 265 1000
558 272 652 903
731 0 832 598
934 0 1000 1000
423 424 558 1000
265 0 423 534
0 416 265 818
0 0 265 416
832 0 881 6
265 970 423 1000
934 0 1000 88
558 903 652 1000
731 870 832 1000
423 0 558 108
881 723 934 1000
423 108 558 223
558 731 652 903
265 653 423 781
731 598 832 870
265 781 423 970
881 0 934 723
0 0 265 165
0 818 265 1000
832 6 881 1000
934 88 1000 1000
731 0 832 598
558 0 652 731
652 0 731 1000
265 0 423 653
423 223 558 1000
0 165 265 818
832 0 881 6
652 309 731 353
265 268 423 316
832 756 881 1000
832 456 881 756
881 0 934 351
934 680 1000 1000
832 6 881 456
652 0 731 309
881 351 934 1000
558 613 652 1000
265 0 423 268
0 0 265 165
934 0 1000 680
652 353 731 1000
265 316 423 653
265 653 423 1000
558 0 652 613
423 543 558 1000
423 0 558 543
0 165 265 453
731 0 832 1000
0 453 265 1000
832 756 881 767
934 680 1000 755
832 767 881 1000
832 517 881 756
0 954 265 1000
934 755 1000 1000
265 207 423 316
832 0 881 517
881 503 934 1000
881 0 934 503
652 0 731 353
558 678 652 1000
265 0 423 207
731 638 832 1000
265 741 423 1000
934 0 1000 680
652 353 731 1000
558 0 652 678
731 0 832 638
265 316 423 741
0 644 265 954
423 0 558 1000
0 0 265 644
881 0 934 44
832 756 881 808
934 680 1000 755
558 940 652 1000
832 808 881 1000
652 0 731 130
832 0 881 294
731 0 832 145
934 755 1000 1000
265 207 423 316
832 294 881 756
558 678 652 940
265 0 423 207
423 745 558 1000
934 0 1000 680
881 44 934 1000
558 0 652 678
652 130 731 1000
731 145 832 1000
423 0 558 745
265 316 423 1000
0 545 265 1000
0 0 265 545
881 0 934 44
832 756 881 808
934 755 1000 821
652 923 731 1000
558 0 652 88
265 0 423 53
832 808 881 1000
934 821 1000 1000
731 833 832 1000
652 661 731 923
0 545 265 629
558 678 652 1000
832 0 881 756
423 658 558 1000
934 0 1000 755
881 44 934 1000
652 0 731 661
558 88 652 678
731 0 832 833
423 0 558 658
0 629 265 1000
0 0 265 545
265 53 423 1000
652 923 731 1000
558 0 652 88
558 896 652 1000
832 756 881 1000
558 745 652 896
881 0 934 284
832 407 881 756
934 713 1000 1000
832 0 881 407
652 661 731 923
731 0 832 220
0 0 265 118
881 284 934 1000
423 658 558 1000
934 0 1000 713
652 0 731 661
558 88 652 745
265 563 423 1000
731 220 832 1000
423 0 558 658
265 0 423 563
0 599 265 1000
0 118 265 599
832 756 881 860
652 923 731 1000
832 860 881 1000
558 0 652 88
558 896 652 1000
265 482 423 563
265 0 423 117
652 661 731 923
731 0 832 220
0 0 265 118
731 220 832 540
832 0 881 756
0 857 265 1000
731 540 832 1000
423 628 558 1000
652 0 731 661
881 0 934 1000
265 117 423 482
934 0 1000 1000
265 563 423 1000
558 88 652 896
423 0 558 628
0 118 265 857
832 860 881 861
558 0 652 8
832 861 881 1000
558 8 652 88
934 710 1000 825
881 838 934 1000
558 896 652 1000
934 825 1000 1000
652 810 731 1000
265 0 423 117
558 88 652 296
0 857 265 1000
832 0 881 860
881 0 934 838
934 0 1000 710
423 628 558 1000
558 296 652 896
265 117 423 482
652 0 731 810
265 482 423 1000
423 0 558 628
731 0 832 1000
0 0 265 857
558 0 652 8
558 896 652 1000
881 0 934 213
832 733 881 1000
881 213 934 474
265 0 423 117
934 710 1000 1000
652 0 731 258
558 620 652 896
731 739 832 1000
881 474 934 1000
832 0 881 733
0 857 265 1000
934 0 1000 710
265 650 423 1000
423 579 558 1000
558 8 652 620
652 258 731 1000
731 0 832 739
423 0 558 579
265 117 423 650
0 0 265 375
0 375 265 857
832 912 881 924
558 0 652 8
832 0 881 61
832 733 881 808
832 924 881 1000
832 808 881 912
881 0 934 213
731 831 832 1000
265 0 423 117
934 613 1000 1000
423 0 558 196
652 627 731 1000
832 61 881 733
558 620 652 1000
934 0 1000 613
881 213 934 1000
652 0 731 627
558 8 652 620
0 709 265 1000
731 0 832 831
423 196 558 1000
265 117 423 1000
0 0 265 709
832 574 881 603
832 0 881 61
832 486 881 574
832 603 881 733
881 839 934 1000
832 61 881 245
881 0 934 213
832 245 881 486
832 733 881 1000
731 831 832 1000
265 0 423 117
731 575 832 831
881 213 934 839
558 620 652 1000
731 0 832 575
558 0 652 620
423 0 558 436
934 0 1000 1000
423 436 558 1000
652 0 731 1000
0 674 265 1000
265 117 423 1000
0 0 265 674
832 574 881 603
832 733 881 789
832 486 881 574
832 603 881 733
832 789 881 1000
832 0 881 486
881 0 934 479
881 479 934 1000
652 596 731 1000
934 0 1000 500
934 500 1000 1000
0 858 265 1000
558 547 652 1000
731 575 832 1000
652 0 731 596
558 0 652 547
731 0 832 575
423 0 558 436
265 0 423 436
423 436 558 1000
265 436 423 1000
0 0 265 388
0 388 265 858
881 875 934 1000
832 789 881 1000
0 388 265 432
881 241 934 479
881 0 934 241
832 486 881 789
881 479 934 875
832 0 881 486
731 0 832 256
652 596 731 1000
934 0 1000 500
934 500 1000 1000
0 858 265 1000
0 243 265 388
652 0 731 596
423 0 558 395
0 0 265 243
265 0 423 427
731 256 832 1000
423 395 558 1000
265 427 423 1000
558 0 652 1000
0 432 265 858
832 486 881 536
558 942 652 1000
881 875 934 1000
934 0 1000 120
934 856 1000 1000
881 241 934 479
881 0 934 241
652 596 731 763
652 0 731 217
652 763 731 1000
881 479 934 875
832 536 881 1000
934 500 1000 856
832 0 881 486
934 120 1000 500
652 217 731 596
558 561 652 942
558 0 652 561
731 0 832 1000
0 0 265 432
423 0 558 1000
0 432 265 1000
265 0 423 1000
881 875 934 1000
652 0 731 96
423 0 558 69
652 596 731 763
652 763 731 1000
881 479 934 875
832 536 881 1000
881 0 934 479
832 0 881 536
265 239 423 416
0 0 265 126
265 0 423 239
652 96 731 596
558 561 652 1000
731 0 832 485
731 485 832 1000
558 0 652 561
423 574 558 1000
934 0 1000 1000
423 69 558 574
265 416 423 1000
0 625 265 1000
0 126 265 625
881 862 934 875
881 918 934 949
881 875 934 918
881 0 934 50
881 949 934 1000
423 0 558 69
832 762 881 1000
652 763 731 1000
731 808 832 1000
423 69 558 216
934 0 1000 327
558 0 652 339
832 0 881 762
265 0 423 239
881 50 934 862
934 327 1000 1000
652 0 731 763
558 339 652 1000
731 0 832 808
423 216 558 1000
265 239 423 1000
0 543 265 1000
0 0 265 543
881 918 934 949
881 0 934 50
881 949 934 1000
423 0 558 69
558 339 652 465
265 0 423 75
881 50 934 384
731 808 832 1000
934 0 1000 327
0 910 265 1000
652 680 731 1000
265 75 423 239
881 384 934 918
558 0 652 339
934 327 1000 1000
832 0 881 1000
558 465 652 1000
652 0 731 680
0 639 265 910
731 0 832 808
265 239 423 1000
423 69 558 1000
0 0 265 639
881 0 934 50
558 0 652 41
423 0 558 69
265 0 423 75
731 647 832 780
832 380 881 663
881 713 934 1000
832 663 881 1000
881 384 934 713
881 50 934 384
652 769 731 1000
832 0 881 380
934 0 1000 327
731 780 832 1000
0 910 265 1000
423 809 558 1000
934 327 1000 1000
652 0 731 769
731 0 832 647
558 41 652 1000
423 69 558 809
265 75 423 1000
0 0 265 910
832 663 881 677
558 0 652 41
832 380 881 515
832 515 881 663
0 0 265 40
881 713 934 1000
832 677 881 1000
832 0 881 380
731 780 832 1000
423 809 558 1000
934 605 1000 1000
265 0 423 175
652 0 731 355
558 687 652 1000
881 0 934 713
934 0 1000 605
652 355 731 1000
558 41 652 687
731 0 832 780
0 40 265 450
423 0 558 809
265 175 423 1000
0 450 265 1000
881 0 934 94
558 911 652 1000
832 233 881 450
652 858 731 1000
832 0 881 233
265 94 423 175
558 769 652 911
265 0 423 94
881 713 934 1000
934 605 1000 1000
832 450 881 1000
881 94 934 713
934 0 1000 605
423 0 558 316
0 835 265 1000
265 175 423 538
652 0 731 858
558 0 652 769
265 538 423 1000
423 316 558 1000
731 0 832 1000
0 450 265 835
0 0 265 450
832 0 881 17
881 923 934 1000
881 0 934 94
832 839 881 1000
558 911 652 1000
934 419 1000 605
265 0 423 94
832 450 881 839
881 94 934 488
832 17 881 450
881 488 934 923
934 605 1000 1000
934 0 1000 419
558 0 652 358
652 563 731 1000
652 0 731 563
731 0 832 489
731 489 832 1000
558 358 652 911
0 0 265 233
423 0 558 1000
265 94 423 1000
0 233 265 1000
