242 949 288 1000
242 0 288 88
242 538 288 634
242 321 288 427
242 427 288 538
242 634 288 781
242 781 288 949
843 842 894 1000
242 88 288 321
435 767 485 1000
485 285 533 562
485 0 533 285
644 660 693 1000
693 640 743 1000
485 562 533 1000
894 0 944 440
794 538 843 1000
387 0 435 479
387 479 435 1000
794 0 843 538
894 440 944 1000
693 0 743 640
644 0 693 660
435 0 485 767
843 0 894 842
595 0 644 1000
743 0 794 1000
944 0 1000 1000
533 0 595 1000
155 0 242 1000
288 0 387 1000
0 0 155 1000
242 949 288 1000
242 0 288 88
242 321 288 427
242 634 288 781
242 781 288 949
843 842 894 1000
242 427 288 634
242 88 288 321
435 767 485 1000
485 285 533 562
485 0 533 285
595 665 644 1000
644 660 693 1000
693 640 743 1000
485 562 533 1000
894 0 944 440
794 538 843 1000
387 0 435 479
387 479 435 1000
794 0 843 538
894 440 944 1000
693 0 743 640
644 0 693 660
595 0 644 665
435 0 485 767
843 0 894 842
743 0 794 1000
944 0 1000 1000
533 0 595 1000
155 0 242 1000
288 0 387 1000
0 0 155 1000
242 949 288 1000
242 781 288 840
242 321 288 427
242 840 288 949
242 634 288 781
843 842 894 1000
242 427 288 634
435 767 485 1000
485 285 533 562
485 0 533 285
242 0 288 321
595 665 644 1000
644 660 693 1000
693 640 743 1000
485 562 533 1000
894 0 944 440
794 538 843 1000
387 0 435 479
387 479 435 1000
794 0 843 538
894 440 944 1000
693 0 743 640
644 0 693 660
595 0 644 665
435 0 485 767
843 0 894 842
743 0 794 1000
944 0 1000 1000
533 0 595 1000
155 0 242 1000
288 0 387 1000
0 0 155 1000
242 949 288 1000
242 781 288 840
242 321 288 427
242 840 288 949
242 634 288 781
843 842 894 1000
242 427 288 634
435 767 485 1000
485 285 533 562
485 0 533 285
242 0 288 321
595 665 644 1000
644 660 693 1000
693 640 743 1000
485 562 533 1000
894 0 944 440
794 538 843 1000
387 0 435 479
387 479 435 1000
794 0 843 538
894 440 944 1000
693 0 743 640
644 0 693 660
595 0 644 665
435 0 485 767
843 0 894 842
743 0 794 1000
944 0 1000 1000
533 0 595 1000
155 0 242 1000
288 0 387 1000
0 0 155 1000
242 949 288 1000
242 781 288 840
242 321 288 427
242 840 288 949
242 634 288 781
843 842 894 1000
242 427 288 634
435 767 485 1000
485 285 533 562
485 0 533 285
242 0 288 321
595 665 644 1000
644 660 693 1000
693 640 743 1000
485 562 533 1000
894 0 944 440
794 538 843 1000
387 0 435 479
387 479 435 1000
794 0 843 538
894 440 944 1000
693 0 743 640
644 0 693 660
595 0 644 665
435 0 485 767
843 0 894 842
743 0 794 1000
944 0 1000 1000
533 0 595 1000
155 0 242 1000
288 0 387 1000
0 0 155 1000
242 949 288 1000
242 781 288 840
242 321 288 427
242 840 288 949
242 634 288 781
843 842 894 1000
242 427 288 634
435 767 485 1000
485 285 533 562
485 0 533 285
242 0 288 321
595 665 644 1000
644 660 693 1000
693 640 743 1000
485 562 533 1000
894 0 944 440
794 538 843 1000
387 0 435 479
387 479 435 1000
794 0 843 538
894 440 944 1000
693 0 743 640
644 0 693 660
595 0 644 665
435 0 485 767
843 0 894 842
743 0 794 1000
944 0 1000 1000
533 0 595 1000
155 0 242 1000
288 0 387 1000
0 0 155 1000
242 949 288 1000
242 781 288 840
242 321 288 427
242 840 288 949
843 842 894 1000
435 767 485 1000
485 285 533 562
485 0 533 285
242 0 288 321
242 427 288 781
595 665 644 1000
644 660 693 1000
693 640 743 1000
485 562 533 1000
894 0 944 440
794 538 843 1000
387 0 435 479
387 479 435 1000
794 0 843 538
894 440 944 1000
693 0 743 640
644 0 693 660
595 0 644 665
0 756 155 1000
435 0 485 767
843 0 894 842
743 0 794 1000
944 0 1000 1000
533 0 595 1000
155 0 242 1000
288 0 387 1000
0 0 155 756
242 949 288 1000
242 781 288 840
242 321 288 427
242 840 288 949
843 842 894 1000
693 640 743 810
693 810 743 1000
435 767 485 1000
242 0 288 321
242 427 288 781
595 665 644 1000
644 660 693 1000
485 562 533 1000
894 0 944 440
794 538 843 1000
387 0 435 479
387 479 435 1000
794 0 843 538
485 0 533 562
894 440 944 1000
693 0 743 640
644 0 693 660
595 0 644 665
0 756 155 1000
435 0 485 767
843 0 894 842
743 0 794 1000
944 0 1000 1000
533 0 595 1000
155 0 242 1000
288 0 387 1000
0 0 155 756
242 840 288 887
242 949 288 1000
242 887 288 949
485 444 533 562
843 842 894 1000
693 640 743 810
693 810 743 1000
435 767 485 1000
595 665 644 1000
644 660 693 1000
242 427 288 840
242 0 288 427
485 562 533 1000
485 0 533 444
894 0 944 440
794 538 843 1000
387 0 435 479
387 479 435 1000
794 0 843 538
894 440 944 1000
693 0 743 640
644 0 693 660
595 0 644 665
0 756 155 1000
435 0 485 767
843 0 894 842
743 0 794 1000
944 0 1000 1000
533 0 595 1000
155 0 242 1000
288 0 387 1000
0 0 155 756
242 803 288 840
485 444 533 562
242 840 288 1000
843 842 894 1000
242 622 288 803
693 640 743 810
242 427 288 622
693 810 743 1000
435 767 485 1000
595 665 644 1000
644 660 693 1000
242 0 288 427
485 562 533 1000
485 0 533 444
894 0 944 440
794 538 843 1000
387 0 435 479
387 479 435 1000
794 0 843 538
894 440 944 1000
693 0 743 640
644 0 693 660
595 0 644 665
0 756 155 1000
435 0 485 767
843 0 894 842
743 0 794 1000
944 0 1000 1000
533 0 595 1000
155 0 242 1000
288 0 387 1000
0 0 155 756
242 803 288 840
485 444 533 562
242 840 288 1000
843 842 894 1000
242 622 288 803
693 640 743 810
242 427 288 622
693 810 743 1000
435 767 485 1000
595 665 644 1000
644 660 693 1000
242 0 288 427
485 562 533 1000
485 0 533 444
894 0 944 440
794 538 843 1000
387 0 435 479
387 479 435 1000
794 0 843 538
894 440 944 1000
693 0 743 640
644 0 693 660
595 0 644 665
0 756 155 1000
435 0 485 767
843 0 894 842
743 0 794 1000
944 0 1000 1000
533 0 595 1000
155 0 242 1000
288 0 387 1000
0 0 155 756
