? 4 0 1 2 3
? 4 4 5 6 7
? 4 8 9 10 11
? 4 12 13 14 15
? 4 16 17 18 19
? 4 20 21 22 23
? 4 24 25 26 27
? 4 28 29 30 31
? 4 32 33 34 35
? 4 36 37 38 39
? 4 40 41 42 43
? 4 44 45 46 47
? 4 48 49 50 51
? 4 52 53 54 55
? 4 56 57 58 59
? 4 60 61 62 63
? 4 64 65 66 67
? 4 68 69 70 71
? 4 72 73 74 75
? 4 76 77 78 79
? 4 80 81 82 83
? 4 84 85 86 87
? 4 88 89 90 91
? 4 92 93 94 95
? 4 96 97 98 99
? 4 100 101 102 103
? 4 104 105 106 107
? 4 108 109 110 111
? 4 112 113 114 115
? 4 116 117 118 119
? 4 120 121 122 123
? 4 124 125 126 127
? 4 128 129 130 131
? 4 132 133 134 135
? 4 136 137 138 139
? 4 140 141 142 143
? 4 144 145 146 147
? 4 148 149 150 151
? 4 152 153 154 155
? 4 156 157 158 159
? 4 160 161 162 163
? 4 164 165 166 167
? 4 168 169 170 171
? 4 172 173 174 175
? 4 176 177 178 179
? 4 180 181 182 183
? 4 184 185 186 187
? 4 188 189 190 191
? 4 192 193 194 195
? 4 196 197 198 199
? 4 200 201 202 203
? 4 204 205 206 207
? 4 208 209 210 211
? 4 212 213 214 215
? 4 216 217 218 219
? 4 220 221 222 223
? 4 224 225 226 227
? 4 228 229 230 231
? 4 232 233 234 235
? 4 236 237 238 239
? 4 240 241 242 243
? 4 244 245 246 247
? 4 248 249 250 251
? 4 252 253 254 255
? 4 256 257 258 259
? 4 260 261 262 263
? 4 264 265 266 267
? 4 268 269 270 271
? 4 272 273 274 275
? 4 276 277 278 279
? 4 280 281 282 283
? 4 284 285 286 287
? 4 288 289 290 291
? 4 292 293 294 295
? 4 296 297 298 299
? 4 300 301 302 303
? 4 304 305 306 307
? 4 308 309 310 311
? 4 312 313 314 315
? 4 316 317 318 319
? 4 320 321 322 323
? 4 324 325 326 327
? 4 328 329 330 331
? 4 332 333 334 335
? 4 336 337 338 339
? 4 340 341 342 343
? 4 344 345 346 347
? 4 348 349 350 351
? 4 352 353 354 355
? 4 356 357 358 359
? 4 360 361 362 363
? 4 364 365 366 367
? 4 368 369 370 371
? 4 372 373 374 375
? 4 376 377 378 379
? 4 380 381 382 383
? 4 384 385 386 387
? 4 388 389 390 391
? 4 392 393 394 395
? 4 396 397 398 399
? 4 400 401 402 403
? 4 404 405 406 407
? 4 408 409 410 411
? 4 412 413 414 415
? 4 416 417 418 419
? 4 420 421 422 423
? 4 424 425 426 427
? 4 428 429 430 431
? 4 432 433 434 435
? 4 436 437 438 439
? 4 440 441 442 443
? 4 444 445 446 447
? 4 448 449 450 451
? 4 452 453 454 455
? 4 456 457 458 459
? 4 460 461 462 463
? 4 464 465 466 467
? 4 468 469 470 471
? 4 472 473 474 475
? 4 476 477 478 479
? 4 480 481 482 483
? 4 484 485 486 487
? 4 488 489 490 491
? 4 492 493 494 495
? 4 496 497 498 499
? 4 500 501 502 503
? 4 504 505 506 507
? 4 508 509 510 511
? 4 512 513 514 515
? 4 516 517 518 519
? 4 520 521 522 523
? 4 524 525 526 527
? 4 528 529 530 531
? 4 532 533 534 535
? 4 536 537 538 539
? 4 540 541 542 543
? 4 544 545 546 547
? 4 548 549 550 551
? 4 552 553 554 555
? 4 556 557 558 559
? 4 560 561 562 563
? 4 564 565 566 567
? 4 568 569 570 571
? 4 572 573 574 575
? 4 576 577 578 579
? 4 580 581 582 583
? 4 584 585 586 587
? 4 588 589 590 591
? 4 592 593 594 595
? 4 596 597 598 599
? 4 600 601 602 603
? 4 604 605 606 607
? 4 608 609 610 611
? 4 612 613 614 615
? 4 616 617 618 619
? 4 620 621 622 623
? 4 624 625 626 627
? 4 628 629 630 631
? 4 632 633 634 635
? 4 636 637 638 639
? 4 640 641 642 643
? 4 644 645 646 647
? 4 648 649 650 651
? 4 652 653 654 655
? 4 656 657 658 659
? 4 660 661 662 663
? 4 664 665 666 667
? 4 668 669 670 671
? 4 672 673 674 675
? 4 676 677 678 679
? 4 680 681 682 683
? 4 684 685 686 687
? 4 688 689 690 691
? 4 692 693 694 695
? 4 696 697 698 699
? 4 700 701 702 703
? 4 704 705 706 707
? 4 708 709 710 711
? 4 712 713 714 715
? 4 716 717 718 719
? 4 720 721 722 723
? 4 724 725 726 727
? 4 728 729 730 731
? 4 732 733 734 735
? 4 736 737 738 739
? 4 740 741 742 743
? 4 744 745 746 747
? 4 748 749 750 751
? 4 752 753 754 755
? 4 756 757 758 759
? 4 760 761 762 763
? 4 764 765 766 767
? 4 768 769 770 771
? 4 772 773 774 775
? 4 776 777 778 779
? 4 780 781 782 783
? 4 784 785 786 787
? 4 788 789 790 791
? 4 792 793 794 795
? 4 796 797 798 799
!
0 115 497
0 497
115 497
10 42 50 53 84 85 151 154 176 194 223 231 253 321 355 393 407 419 456 467 477 512 540 543 560 576 615 631 651 689 777
53 631
355 467
321 631
10 407
84 419
84 543
467 615
84 689
615 651
253 456
42 194
85 540
477 560
321 543
176 576
50 223
10 231
419 576
85 231
154 576
53 512
355 543
151 540
512 777
223 777
393 651
50 151
407 456
42 176
194 477
3 14 38 201 302 314 339 343 368 371 413 527 565 581 614 623 628 703 706 755
581 755
314 623
527 614
368 581
3 302
565 755
38 413
38 565
201 565
38 706
314 339
3 339
14 343
201 343
339 628
371 527
17 62 78 79 91 113 121 122 152 162 178 179 305 313 390 448 450 466 539 556 621 693 702 727 731 796
305 621
78 448
162 178
113 693
178 466
91 179
122 313
450 539
466 621
539 796
62 450
693 702
62 727
121 727
305 702
122 796
121 731
313 448
556 731
17 796
152 390
113 556
78 390
1 2 18 26 54 77 132 156 161 170 171 196 207 219 250 251 252 257 259 269 283 291 299 330 332 362 364 365 366 376 381 384 404 411 422 435 438 441 452 485 492 496 509 537 548 569 570 610 632 675 701 704 724 760 762 769 781 794
1 724
196 384
161 769
26 794
362 376
132 381
170 299
54 362
537 760
411 570
364 452
18 171
196 610
219 548
207 769
283 441
132 364
18 365
381 422
675 762
170 207
2 769
77 251
156 376
171 570
257 675
404 411
54 291
156 762
269 701
332 496
156 724
299 509
77 252
207 283
156 196
548 760
762 781
299 485
366 438
435 492
537 794
251 257
219 252
404 452
250 269
161 259
26 330
259 704
291 632
422 632
435 438
569 704
492 701
250 569
1 332
330 509
11 27 175 258 279 303 309 317 337 361 367 380 385 386 400 431 453 474 493 544 546 549 605 637 662 686 691 700 713 726 729 776 789 793
385 686
453 691
367 726
544 776
493 637
686 729
11 691
380 789
549 700
544 546
713 729
309 637
317 400
27 789
175 431
279 474
175 474
700 776
386 549
175 713
308 341 445 589 639
589 639
43 105 169 192 203 205 221 226 275 288 300 301 410 423 516 518 660 685 694
105 205
43 301
105 203
518 694
221 660
301 423
226 694
410 685
43 169
288 423
275 660
205 221
300 518
43 300
226 516
203 685
410 516
192 516
66 81 177 254 263 287 320 383 406 666
287 320
81 263
263 383
44 68 114 117 123 134 153 336 447 554 658 743
68 123
117 658
68 658
447 554
554 743
134 336
44 336
44 447
117 134
87 94 130 139 202 224 261 289 294 307 323 345 347 352 369 396 484 498 502 524 542 648 664 677 699 707 716 732 750 784 788
139 307
139 732
707 716
347 648
677 750
130 498
732 788
345 664
261 345
294 484
294 788
87 502
396 677
396 699
323 699
139 396
202 369
498 788
224 352
94 202
261 542
784 788
369 699
347 750
4 20 35 45 135 166 195 199 318 346 389 392 462 494 531 655 746 753 771
35 771
35 746
195 494
45 462
199 392
462 494
35 199
4 199
20 346
166 195
45 135
389 462
318 392
4 655
346 531
135 655
30 39 51 69 86 119 246 264 284 304 412 432 437 483 506 553 573 577 582 597 602 603 606 640 653 667 670
119 437
597 606
304 640
30 483
483 667
582 606
51 86
69 553
39 577
412 603
582 602
30 246
304 437
51 640
432 670
86 506
577 670
264 412
573 597
304 602
284 653
506 603
284 432
483 606
264 553
39 119
48 60 71 74 97 99 118 124 144 158 164 184 186 208 220 233 235 249 272 274 276 290 316 319 322 325 349 387 395 444 458 486 521 528 538 559 562 612 617 642 646 654 673 714 741 745 748 766
316 319
290 316
164 444
349 559
164 325
208 528
486 642
118 272
617 654
158 559
71 164
272 538
60 642
97 745
74 745
124 654
118 486
220 714
48 316
220 766
521 617
186 208
124 233
249 274
48 144
184 562
74 612
99 646
71 458
48 395
60 387
99 208
144 220
274 387
235 612
322 325
349 714
158 654
538 673
741 766
184 276
395 748
528 612
249 276
233 325
458 646
22 41 80 82 103 111 172 174 187 188 206 218 222 230 240 306 312 328 333 342 350 354 363 388 495 535 550 566 575 596 601 634 678 692 719 722 744 752 758 759
41 342
388 566
80 759
103 333
722 752
692 722
22 575
80 692
333 350
188 218
188 328
596 634
218 535
575 678
82 363
103 240
312 535
596 719
174 388
172 634
174 744
172 240
206 388
187 744
111 222
495 535
312 759
354 601
222 230
230 342
719 758
550 596
328 758
22 752
306 363
350 363
111 187
566 678
82 354
76 216 449 479 579 645
216 579
449 579
579 645
479 579
109 268 436 674
109 674
109 436
56 88 182 229 340 491 501 574 672 767
340 767
229 501
56 767
88 672
182 491
229 340
501 672
56 574
31 98 147 232 271 475 513 526 558 564 580 626 698
526 580
232 558
98 475
232 698
98 271
147 475
513 698
475 558
564 580
31 98
564 626
344 555 583
344 583
33 473 510 561
510 561
33 510
473 561
110 126 141 155 213 334 464 490 503 638 641
141 334
213 334
126 641
110 503
126 490
503 638
155 641
213 638
110 155
126 464
25 92 102 414 508 595 709
92 595
508 709
102 508
25 414
64 106 142 160 163 214 379 397 424 460 463 465 598 607 611 624 625 661 687 690 725 735 736 786
460 736
64 214
463 598
379 661
625 690
160 463
598 725
397 611
142 460
106 661
379 607
142 160
64 424
163 786
424 735
735 786
598 690
465 611
465 736
163 624
214 607
624 687
106 625
7 8 24 61 83 93 148 167 285 292 588 604 780 790
93 167
7 285
588 604
292 790
8 61
83 285
7 8
24 83
167 790
167 604
61 780
83 148
24 93
13 15 59 125 133 159 270 416 608 650 792
59 608
133 416
159 792
15 159
13 15
133 650
125 159
59 270
180 185 236 248 262 520 739
236 248
248 262
520 739
236 520
185 248
168 244 280 398 567 578 696 711 765
398 578
578 765
244 280
168 696
244 696
398 711
244 765
567 711
256 428 551 728
428 551
256 728
428 728
89 120 127 143 173 181 212 215 217 286 295 298 315 348 360 446 454 511 517 522 523 587 600 635 657 676 720 734 763
298 720
120 454
217 587
348 587
295 657
89 298
295 635
89 215
212 517
734 763
212 511
212 217
127 286
446 454
173 454
143 181
173 286
173 315
315 522
70 73 101 157 237 324 378 425 442 478 514 571 708 749 764
237 514
73 237
442 764
571 749
157 571
70 514
157 478
73 157
324 378
425 442
101 764
73 425
55 116 137 394 409 599 710
116 599
137 710
394 599
55 409
116 409
409 710
504 761
504 761
9 16 129 356 421 426 470 480 500 594 754
9 426
16 480
129 480
129 421
356 421
9 500
356 470
16 500
500 754
72 420 439 613
420 439
72 420
439 613
46
5 29 165 620
29 620
5 165
29 165
36 108 131 138 189 227 247 329 382 429 532 586 618 636 656 668 683 738 782 783
618 782
227 382
138 738
189 738
382 656
138 247
586 668
618 738
429 738
329 532
532 636
108 131
429 656
668 783
131 683
227 329
636 783
247 683
6 21 32 58 104 112 243 245 255 358 402 418 427 443 472 476 481 489 499 529 563 568 633 669 680 681 717 737 773 798
21 681
255 418
669 680
104 680
489 773
21 243
245 418
443 669
529 633
243 481
358 476
58 633
358 402
32 773
104 717
245 563
32 245
568 737
472 798
489 499
112 402
737 798
112 499
112 529
472 681
443 472
67 209 430 461 663 665
209 430
430 665
377
140 183 296 353 455 468 572 616 644 723
296 723
296 353
455 644
140 616
468 572
455 572
140 723
183 644
468 616
63 149
63 149
28 95 190 210 487 515 519 525 534 541 592 652 756 795 797
515 795
592 795
534 756
190 487
190 797
534 652
28 525
95 795
525 592
487 515
210 541
541 652
281 327 482
327 482
281 482
145 239 630 649
239 649
145 239
145 630
40 47 90 191 193 197 198 200 370 374 434 440 533 757 770
191 197
198 757
198 434
193 370
197 440
198 374
90 434
193 757
200 533
90 770
204 679
547
37 234 238 297 351 408 471 505 622 684 778 791
238 778
408 622
37 238
37 234
408 684
234 505
297 791
471 684
37 622
297 778
351 471
12 52 65 128 211 228 242 267 282 293 310 331 335 338 359 372 375 403 405 415 417 457 507 545 557 585 619 627 659 682 695 697 705 721 730 740 747 772 775 779
335 721
338 721
228 705
310 619
415 772
585 772
242 457
507 627
310 557
228 697
12 403
619 740
375 585
128 659
405 747
507 545
359 403
282 772
242 747
545 721
267 415
375 740
372 417
338 779
211 457
331 359
405 730
211 557
65 282
417 730
682 695
19 57 75 96 107 136 150 260 278 311 326 433 451 459 530 536 584 593 609 629 712 715 751 774 785
326 751
260 609
278 715
536 712
136 785
311 751
150 584
107 774
459 715
96 712
75 451
433 584
57 326
107 530
19 107
311 629
609 774
75 150
57 136
19 785
57 536
96 593
260 278
451 459
23 34 49 100 146 225 241 265 266 273 277 357 373 391 399 401 469 488 552 590 591 643 647 671 688 718 733 742 768 787 799
373 469
225 391
552 799
23 469
488 787
373 733
23 399
643 768
399 552
265 266
49 787
273 688
266 742
23 590
401 742
100 591
391 591
643 733
273 591
265 718
