? 5 0 1 2 3 4
? 5 5 6 7 8 9
? 5 10 11 12 13 14
? 5 15 16 17 18 19
? 5 20 21 22 23 24
? 5 25 26 27 28 29
? 5 30 31 32 33 34
? 5 35 36 37 38 39
? 5 40 41 42 43 44
? 5 45 46 47 48 49
? 5 50 51 52 53 54
? 5 55 56 57 58 59
? 5 60 61 62 63 64
? 5 65 66 67 68 69
? 5 70 71 72 73 74
? 5 75 76 77 78 79
? 5 80 81 82 83 84
? 5 85 86 87 88 89
? 5 90 91 92 93 94
? 5 95 96 97 98 99
? 5 100 101 102 103 104
? 5 105 106 107 108 109
? 5 110 111 112 113 114
? 5 115 116 117 118 119
? 5 120 121 122 123 124
? 5 125 126 127 128 129
? 5 130 131 132 133 134
? 5 135 136 137 138 139
? 5 140 141 142 143 144
? 5 145 146 147 148 149
? 5 150 151 152 153 154
? 5 155 156 157 158 159
? 5 160 161 162 163 164
? 5 165 166 167 168 169
? 5 170 171 172 173 174
? 5 175 176 177 178 179
? 5 180 181 182 183 184
? 5 185 186 187 188 189
? 5 190 191 192 193 194
? 5 195 196 197 198 199
? 5 200 201 202 203 204
? 5 205 206 207 208 209
? 5 210 211 212 213 214
? 5 215 216 217 218 219
? 5 220 221 222 223 224
? 5 225 226 227 228 229
? 5 230 231 232 233 234
? 5 235 236 237 238 239
? 5 240 241 242 243 244
? 5 245 246 247 248 249
? 5 250 251 252 253 254
? 5 255 256 257 258 259
? 5 260 261 262 263 264
? 5 265 266 267 268 269
? 5 270 271 272 273 274
? 5 275 276 277 278 279
? 5 280 281 282 283 284
? 5 285 286 287 288 289
? 5 290 291 292 293 294
? 5 295 296 297 298 299
? 5 300 301 302 303 304
? 5 305 306 307 308 309
? 5 310 311 312 313 314
? 5 315 316 317 318 319
? 5 320 321 322 323 324
? 5 325 326 327 328 329
? 5 330 331 332 333 334
? 5 335 336 337 338 339
? 5 340 341 342 343 344
? 5 345 346 347 348 349
? 5 350 351 352 353 354
? 5 355 356 357 358 359
? 5 360 361 362 363 364
? 5 365 366 367 368 369
? 5 370 371 372 373 374
? 5 375 376 377 378 379
? 5 380 381 382 383 384
? 5 385 386 387 388 389
? 5 390 391 392 393 394
? 5 395 396 397 398 399
? 5 400 401 402 403 404
? 5 405 406 407 408 409
? 5 410 411 412 413 414
? 5 415 416 417 418 419
? 5 420 421 422 423 424
? 5 425 426 427 428 429
? 5 430 431 432 433 434
? 5 435 436 437 438 439
? 5 440 441 442 443 444
? 5 445 446 447 448 449
? 5 450 451 452 453 454
? 5 455 456 457 458 459
? 5 460 461 462 463 464
? 5 465 466 467 468 469
? 5 470 471 472 473 474
? 5 475 476 477 478 479
? 5 480 481 482 483 484
? 5 485 486 487 488 489
? 5 490 491 492 493 494
? 5 495 496 497 498 499
? 5 500 501 502 503 504
? 5 505 506 507 508 509
? 5 510 511 512 513 514
? 5 515 516 517 518 519
? 5 520 521 522 523 524
? 5 525 526 527 528 529
? 5 530 531 532 533 534
? 5 535 536 537 538 539
? 5 540 541 542 543 544
? 5 545 546 547 548 549
? 5 550 551 552 553 554
? 5 555 556 557 558 559
? 5 560 561 562 563 564
? 5 565 566 567 568 569
? 5 570 571 572 573 574
? 5 575 576 577 578 579
? 5 580 581 582 583 584
? 5 585 586 587 588 589
? 5 590 591 592 593 594
? 5 595 596 597 598 599
? 5 600 601 602 603 604
? 5 605 606 607 608 609
? 5 610 611 612 613 614
? 5 615 616 617 618 619
? 5 620 621 622 623 624
? 5 625 626 627 628 629
? 5 630 631 632 633 634
? 5 635 636 637 638 639
? 5 640 641 642 643 644
? 5 645 646 647 648 649
? 5 650 651 652 653 654
? 5 655 656 657 658 659
? 5 660 661 662 663 664
? 5 665 666 667 668 669
? 5 670 671 672 673 674
? 5 675 676 677 678 679
? 5 680 681 682 683 684
? 5 685 686 687 688 689
? 5 690 691 692 693 694
? 5 695 696 697 698 699
? 5 700 701 702 703 704
? 5 705 706 707 708 709
? 5 710 711 712 713 714
? 5 715 716 717 718 719
? 5 720 721 722 723 724
? 5 725 726 727 728 729
? 5 730 731 732 733 734
? 5 735 736 737 738 739
? 5 740 741 742 743 744
? 5 745 746 747 748 749
? 5 750 751 752 753 754
? 5 755 756 757 758 759
? 5 760 761 762 763 764
? 5 765 766 767 768 769
? 5 770 771 772 773 774
? 5 775 776 777 778 779
? 5 780 781 782 783 784
? 5 785 786 787 788 789
? 5 790 791 792 793 794
? 5 795 796 797 798 799
!
0 92 732
92 732
0 732
113 118 126 496 636
118 496
113 126
113 118
113 636
26 101 252 338 575 717
575 717
252 575
26 252
101 252
26 338
6 371
6 371
175 265 270 340 353
175 353
175 340
270 353
265 353
300
697 786
697 786
168 212 260 293 426 429 454 472 551 792
260 792
472 551
293 426
293 429
454 792
168 551
212 472
212 792
758
4 180 373 744 749
180 749
373 749
4 744
4 373
183 442
183 442
606 632
606 632
376 471
13 63 245 318 330 427 620 635 676 752 769
752 769
245 752
63 318
63 676
13 620
427 620
245 427
318 769
13 635
330 676
22 53
22 53
248 581 592
248 581
581 592
65 128 130 322 384 452 540
128 130
384 540
322 452
322 384
65 452
65 130
420
311 445
311 445
95
103 219 287 406 566 644
406 644
219 566
103 566
219 644
386 509
386 509
85
192 495 784
192 495
495 784
271 394 438 610
394 438
438 610
271 394
191 345 738
191 738
345 738
227
72 309 483 669 781
72 781
72 483
309 483
309 669
549
204 490
204 490
552 664 705
552 664
664 705
754
39 75 512 586
39 586
75 512
39 512
15 145 151 213 222 285 382 430 465 696 725 746
145 213
465 696
222 746
222 285
151 465
382 725
15 430
151 382
430 725
15 746
213 285
314 355 432 682 745
355 432
314 682
432 745
314 745
194 638
194 638
58 229 450
58 229
58 450
623
120 254 602
254 602
120 602
148 244 329 447 516
329 447
148 329
148 516
148 244
78 94 146 459 504 535 622 672
94 146
535 672
94 459
504 622
78 535
504 535
11 33 74 189 289 482 564 657 701 718
482 657
11 289
482 701
74 189
289 564
33 718
74 564
33 657
189 718
25 108 155 709
108 709
25 108
25 155
7 114 149 173 263 319 327 572 648
327 648
319 648
7 149
263 572
149 327
319 572
114 173
98 607 630 660
98 630
630 660
1 577
1 577
759
27 685
27 685
12 186 481 716 756 757
186 756
12 481
12 186
481 757
84
288 515 547 733
515 733
288 547
547 733
89 116 129 178 201 316
89 116
89 178
129 316
116 129
137 162 683
137 162
137 683
133 694 724
694 724
133 694
96 418 529 587 617 734
529 587
96 418
96 617
617 734
418 587
124 223 359 366 441 505 555 763
441 505
124 366
223 555
366 763
441 763
359 505
366 555
199
140
104 392 404 518 573
104 573
404 573
392 404
404 518
493 667
493 667
446 589 637 762
446 637
589 762
589 637
169 235 397 440 713
169 713
397 713
235 440
397 440
21 154 193 206 221 374 416 522 538 548 720 775
374 775
221 538
538 720
206 775
221 522
522 548
193 548
416 548
21 206
188 198 241 250 466 506 647
198 241
198 506
241 250
241 466
188 506
651
195 237
195 237
305
49
489 652 703 748
703 748
652 748
70 77 299 767 790
70 299
77 299
767 790
710
243 542 690 708
243 690
539
253 484
253 484
17 30 197 224 325 356 443 628 736
17 224
197 325
30 628
30 325
30 356
224 628
79 200 485 523 584 594
79 485
79 584
200 485
584 594
200 523
613
41 259 541
259 541
41 541
67 152 347 453 478 601 631 721 770
631 770
152 721
601 770
478 631
67 347
347 453
67 721
152 478
71 461
207 449 591 615 699 743
207 743
591 615
449 699
591 699
207 449
156
308 334 691 789
334 789
308 789
334 691
723 753
723 753
216 232 434 511 526
216 232
232 511
434 511
38 62 131 211 534 700
62 211
131 700
211 534
62 131
38 700
50 59 170 455 462 649 658 793
649 658
455 649
59 170
170 462
50 793
369 389 463
369 389
389 463
712
760
35 61 102 177 307 656 766
102 766
307 766
35 656
102 177
61 307
35 177
132 143 641
132 143
143 641
368 474
368 474
125 274 306 460 643
125 643
125 274
274 460
274 306
215 226 348 428 476 563 609 614 692
428 476
215 692
476 614
226 563
226 614
563 692
215 609
348 609
45 141 242 367 378 396 439 565 624 686 711
45 686
141 367
367 378
45 439
396 686
141 565
242 439
242 565
396 711
214 387 553 633 768
633 768
387 633
43 176 423 469
43 423
176 423
28 54 134 184 187 209 377 379 419 464 491 508 543 596 626 627 640 659 673 702 776
209 596
464 673
491 543
377 379
184 491
54 464
659 776
596 640
596 702
379 627
134 626
508 659
626 776
377 673
28 508
28 702
51 625 639 791
51 791
625 639
14 46 91 127 139 161 272 276 281 302 467 487 531 533 569 582 621 661 695 727
127 695
533 727
14 695
276 487
272 661
14 161
302 569
139 467
91 661
161 467
276 531
127 582
46 487
91 582
139 621
533 695
302 531
281 727
272 569
44 315 740
315 740
44 315
595
431
106 167 174 261 296
174 261
167 296
106 261
106 296
32 60 76 205 328 388 413 424 448 517 562 600 604 618 735 764
562 600
60 205
205 517
32 424
76 448
600 764
32 618
328 424
413 618
388 764
76 205
60 413
328 388
562 735
604 764
136 477 530 677
477 530
136 677
365 503
20 110 179 362 364 619 797
362 364
110 362
20 797
20 179
110 797
20 619
40 239 275 370 403 561
275 370
40 275
40 403
109 346 375 470 520
375 470
109 346
346 470
346 520
147 238 262 294 653 788
147 294
262 788
294 788
147 653
238 262
52 99 138 284 771
52 284
99 138
99 771
52 99
277 282 337 437
277 337
282 437
662
772
122 357 381 629
122 381
357 629
97 674
97 674
269 499 671
499 671
240 358 576 741 773
240 773
358 741
576 741
576 773
29 273 550
29 550
273 550
332 339 391 398 500
391 398
391 500
339 398
332 500
507 514 747 787
507 747
514 787
507 787
488 524 780
524 780
488 524
228 303 399 501 688
303 688
228 501
501 688
228 399
390 715
390 715
246 726
246 726
233 560
233 560
536
56 257
56 257
69 421
69 421
731
185 225 251 349 352
349 352
185 352
3 90 417 492 494 527 616 675 765 798
417 527
765 798
494 675
616 675
492 616
90 765
23 105 719 795
105 719
719 795
23 795
111 163 218 278 354 363 414 457 479 544 558 567 570 666 689 706 714 794
163 794
567 666
218 714
558 706
111 714
479 706
457 479
414 666
570 689
544 666
714 794
163 567
354 457
570 666
218 354
278 689
301 525 546 737 785
301 525
525 737
737 785
42 144 444
42 444
57 196 320 350 568 578 670
57 568
568 578
57 320
350 670
196 670
350 578
9 37 458 528 728
458 528
9 458
9 728
37 528
18 158 264 304 317 513 751 782
304 751
264 782
264 317
18 158
158 317
513 751
182 247 480 510 519 571 668 707 761 796
247 707
519 571
480 761
182 571
510 707
247 761
182 510
668 796
480 796
34 55 68 342 372 435 498 532
55 498
55 435
372 532
372 435
68 498
342 532
34 372
88 203 217 395 608 679
88 217
203 395
88 679
203 608
608 679
153 157 297 312 380 599 680 693 778
297 680
153 599
153 778
312 380
48 100 117 230 256 324 361 408 663 779
408 779
100 361
230 324
256 408
408 663
48 100
5 123 150 210 291 344 468 574 593 603
5 468
593 603
123 150
5 150
291 344
468 603
234 559
234 559
115 383
115 383
64 80 326 580
64 326
80 326
80 580
687
165 313 409 410 698
410 698
313 698
165 313
36 220 360 554 605 729 730
36 729
220 554
360 729
220 605
220 360
554 730
190
8 31 121 283 333 343 393 415 612 646 684
8 343
393 612
121 646
31 283
283 684
31 393
8 612
333 684
10 236 385 585 799
236 385
10 799
236 585
10 385
47 159 280 292 298 341 611 655
280 292
280 655
298 341
611 655
47 341
159 611
47 159
112
66 83 171 202 255 279 400 583 722 777
202 722
171 202
66 777
83 171
66 83
279 400
83 583
160 181 266 290 331 402 422 425 433 556 634 665 739
266 402
556 634
425 556
331 433
160 181
290 433
634 665
266 331
181 665
290 422
665 739
160 422
16 82 86 87 107 172 249 286 588 590 642 755
16 286
87 755
172 588
172 642
590 642
107 590
16 82
87 286
86 172
86 249
579
258
164 321 405 451 497 502 537
451 502
405 497
405 451
164 321
497 537
19 93 135 208 335 336 704
135 704
208 704
19 93
407
268 401 436 486 598 750 783
436 750
401 750
268 598
436 783
598 783
81
24 119 166 231 267 411 475 521 645 650 678 681 742
645 678
119 645
267 411
166 475
521 645
24 267
475 650
774
295 323 351 412 473 654
295 412
545
2 73 142 310 557 597
2 557
310 557
2 597
456
