343 971 382 1000
343 220 382 273
343 799 382 854
530 715 584 763
759 923 802 1000
759 236 802 324
584 929 638 1000
343 273 382 384
343 854 382 971
343 681 382 799
343 560 382 681
121 937 203 1000
343 384 382 560
690 891 759 1000
638 851 690 1000
343 0 382 220
382 0 424 218
424 787 468 1000
759 0 802 236
759 324 802 572
246 872 343 1000
530 763 584 1000
911 0 956 286
382 218 424 557
759 572 802 923
859 705 911 1000
956 631 1000 1000
203 604 246 1000
382 557 424 1000
203 0 246 604
956 0 1000 631
0 747 121 1000
911 286 956 1000
424 0 468 787
859 0 911 705
530 0 584 715
638 0 690 851
584 0 638 929
802 0 859 1000
690 0 759 891
468 0 530 1000
121 0 203 937
246 0 343 872
0 0 121 747
343 971 382 1000
343 220 382 273
343 799 382 854
530 715 584 763
759 923 802 1000
759 236 802 324
584 929 638 1000
343 273 382 384
343 854 382 971
343 681 382 799
343 560 382 681
121 937 203 1000
956 631 1000 767
343 384 382 560
690 891 759 1000
638 851 690 1000
343 0 382 220
424 787 468 1000
759 0 802 236
956 767 1000 1000
759 324 802 572
246 872 343 1000
530 763 584 1000
911 0 956 286
759 572 802 923
859 705 911 1000
203 604 246 1000
382 557 424 1000
382 0 424 557
203 0 246 604
956 0 1000 631
0 747 121 1000
911 286 956 1000
424 0 468 787
859 0 911 705
530 0 584 715
638 0 690 851
584 0 638 929
802 0 859 1000
690 0 759 891
468 0 530 1000
121 0 203 937
246 0 343 872
0 0 121 747
343 971 382 1000
343 530 382 560
343 220 382 273
343 799 382 854
530 715 584 763
759 923 802 1000
759 236 802 324
584 929 638 1000
343 273 382 384
343 854 382 971
343 681 382 799
343 560 382 681
121 937 203 1000
343 384 382 530
956 631 1000 767
690 891 759 1000
638 851 690 1000
343 0 382 220
424 787 468 1000
759 0 802 236
956 767 1000 1000
759 324 802 572
246 872 343 1000
530 763 584 1000
911 0 956 286
759 572 802 923
203 604 246 1000
382 557 424 1000
382 0 424 557
203 0 246 604
956 0 1000 631
0 747 121 1000
911 286 956 1000
424 0 468 787
530 0 584 715
638 0 690 851
584 0 638 929
859 0 911 1000
802 0 859 1000
690 0 759 891
468 0 530 1000
121 0 203 937
246 0 343 872
0 0 121 747
343 971 382 1000
343 530 382 560
343 220 382 273
343 799 382 854
530 715 584 763
759 923 802 1000
759 236 802 324
343 273 382 384
343 854 382 971
343 681 382 799
343 560 382 681
343 384 382 530
690 891 759 1000
638 851 690 1000
343 0 382 220
424 787 468 1000
759 0 802 236
956 767 1000 1000
759 324 802 572
246 872 343 1000
530 763 584 1000
911 0 956 286
759 572 802 923
911 286 956 627
911 627 956 1000
203 604 246 1000
802 693 859 1000
382 557 424 1000
468 693 530 1000
382 0 424 557
203 0 246 604
0 747 121 1000
956 0 1000 767
424 0 468 787
530 0 584 715
802 0 859 693
468 0 530 693
638 0 690 851
859 0 911 1000
584 0 638 1000
690 0 759 891
121 0 203 1000
246 0 343 872
0 0 121 747
343 971 382 1000
343 530 382 560
343 220 382 273
343 799 382 854
530 715 584 763
759 923 802 1000
343 273 382 384
343 854 382 971
343 681 382 799
343 560 382 681
343 384 382 530
690 891 759 1000
638 851 690 1000
343 0 382 220
424 787 468 1000
956 767 1000 1000
759 324 802 572
246 872 343 1000
530 763 584 1000
584 762 638 1000
911 0 956 286
759 0 802 324
759 572 802 923
911 286 956 627
911 627 956 1000
203 604 246 1000
802 693 859 1000
382 557 424 1000
468 693 530 1000
121 0 203 273
382 0 424 557
203 0 246 604
956 0 1000 767
424 0 468 787
530 0 584 715
802 0 859 693
584 0 638 762
468 0 530 693
638 0 690 851
859 0 911 1000
121 273 203 1000
690 0 759 891
246 0 343 872
0 0 121 1000
343 971 382 1000
343 530 382 560
343 640 382 681
343 220 382 273
343 560 382 640
343 273 382 384
343 681 382 799
343 384 382 530
343 799 382 971
690 891 759 1000
638 851 690 1000
343 0 382 220
424 787 468 1000
956 767 1000 1000
759 324 802 572
246 872 343 1000
584 762 638 1000
911 0 956 286
759 0 802 324
911 286 956 627
530 715 584 1000
911 627 956 1000
203 604 246 1000
802 693 859 1000
759 572 802 1000
382 557 424 1000
468 693 530 1000
859 570 911 1000
121 0 203 273
382 0 424 557
203 0 246 604
0 783 121 1000
859 0 911 570
956 0 1000 767
424 0 468 787
530 0 584 715
802 0 859 693
584 0 638 762
468 0 530 693
638 0 690 851
121 273 203 1000
690 0 759 891
246 0 343 872
0 0 121 783
343 971 382 1000
343 187 382 220
343 640 382 681
759 324 802 382
343 799 382 878
343 878 382 971
343 530 382 640
343 681 382 799
343 384 382 530
343 220 382 384
343 0 382 187
759 382 802 572
424 787 468 1000
956 767 1000 1000
956 509 1000 767
246 872 343 1000
584 762 638 1000
911 0 956 286
759 0 802 324
911 286 956 627
530 715 584 1000
911 627 956 1000
203 604 246 1000
802 693 859 1000
759 572 802 1000
382 557 424 1000
468 693 530 1000
859 570 911 1000
121 0 203 273
956 0 1000 509
382 0 424 557
203 0 246 604
0 783 121 1000
859 0 911 570
424 0 468 787
530 0 584 715
802 0 859 693
584 0 638 762
468 0 530 693
638 0 690 1000
121 273 203 1000
690 0 759 1000
246 0 343 872
0 0 121 783
343 971 382 1000
343 187 382 220
343 640 382 681
759 324 802 382
343 799 382 878
343 878 382 971
343 530 382 640
343 681 382 799
424 678 468 787
343 384 382 530
343 220 382 384
343 0 382 187
759 382 802 572
468 693 530 837
424 787 468 1000
468 837 530 1000
956 767 1000 1000
956 509 1000 767
246 872 343 1000
584 762 638 1000
911 0 956 286
759 0 802 324
911 286 956 627
911 627 956 1000
203 604 246 1000
802 693 859 1000
759 572 802 1000
382 557 424 1000
859 570 911 1000
956 0 1000 509
382 0 424 557
203 0 246 604
0 783 121 1000
859 0 911 570
424 0 468 678
802 0 859 693
584 0 638 762
468 0 530 693
638 0 690 1000
530 0 584 1000
690 0 759 1000
121 0 203 1000
246 0 343 872
0 0 121 783
343 640 382 681
343 799 382 878
343 530 382 640
343 681 382 799
343 878 382 1000
759 874 802 1000
343 384 382 530
382 389 424 557
343 0 382 187
343 187 382 384
759 382 802 572
802 693 859 840
468 693 530 837
802 840 859 1000
468 837 530 1000
956 767 1000 1000
956 509 1000 767
246 872 343 1000
584 762 638 1000
759 572 802 874
530 0 584 251
424 678 468 1000
382 0 424 389
759 0 802 382
911 627 956 1000
203 604 246 1000
382 557 424 1000
859 570 911 1000
956 0 1000 509
203 0 246 604
121 682 203 1000
0 783 121 1000
911 0 956 627
859 0 911 570
424 0 468 678
802 0 859 693
530 251 584 1000
584 0 638 762
468 0 530 693
638 0 690 1000
121 0 203 682
690 0 759 1000
246 0 343 872
0 0 121 783
343 501 382 530
343 640 382 681
343 314 382 384
343 799 382 878
343 530 382 640
343 384 382 501
343 681 382 799
343 878 382 1000
343 187 382 314
759 874 802 1000
382 389 424 557
343 0 382 187
802 693 859 840
468 693 530 837
802 840 859 1000
468 837 530 1000
638 0 690 231
246 872 343 1000
584 762 638 1000
530 0 584 251
424 678 468 1000
382 0 424 389
759 0 802 382
911 627 956 1000
203 604 246 1000
690 734 759 1000
382 557 424 1000
759 382 802 874
956 509 1000 1000
859 570 911 1000
956 0 1000 509
203 0 246 604
911 0 956 627
859 0 911 570
424 0 468 678
802 0 859 693
638 231 690 1000
530 251 584 1000
584 0 638 762
468 0 530 693
690 0 759 734
121 0 203 1000
246 0 343 872
0 0 121 1000
343 501 382 530
343 640 382 681
343 681 382 734
343 734 382 799
343 314 382 384
343 799 382 878
203 604 246 684
343 530 382 640
343 384 382 501
343 878 382 1000
759 754 802 874
759 874 802 1000
382 389 424 557
468 693 530 837
802 840 859 1000
468 837 530 1000
638 0 690 231
343 0 382 314
584 762 638 1000
530 0 584 251
203 684 246 1000
424 678 468 1000
759 382 802 754
382 0 424 389
759 0 802 382
911 627 956 1000
690 734 759 1000
382 557 424 1000
121 763 203 1000
859 570 911 1000
203 0 246 604
911 0 956 627
859 0 911 570
424 0 468 678
638 231 690 1000
530 251 584 1000
584 0 638 762
468 0 530 693
956 0 1000 1000
802 0 859 840
690 0 759 734
121 0 203 763
246 0 343 1000
0 0 121 1000
343 773 382 799
343 501 382 530
343 734 382 773
343 640 382 681
911 627 956 670
343 681 382 734
343 942 382 1000
343 878 382 942
343 799 382 878
343 530 382 640
759 754 802 874
759 874 802 1000
382 245 424 389
468 693 530 837
802 840 859 1000
468 837 530 1000
382 0 424 245
638 0 690 231
530 0 584 251
203 684 246 1000
424 678 468 1000
911 670 956 1000
246 831 343 1000
690 734 759 1000
121 763 203 1000
343 0 382 501
859 570 911 1000
382 389 424 1000
911 0 956 627
203 0 246 684
859 0 911 570
424 0 468 678
759 0 802 754
0 692 121 1000
638 231 690 1000
530 251 584 1000
468 0 530 693
956 0 1000 1000
802 0 859 840
690 0 759 734
584 0 638 1000
121 0 203 763
246 0 343 831
0 0 121 692
343 773 382 799
343 501 382 530
343 734 382 773
343 640 382 681
911 627 956 670
343 681 382 734
343 942 382 1000
343 878 382 942
343 799 382 878
343 530 382 640
759 754 802 874
759 874 802 1000
382 245 424 389
802 840 859 1000
382 0 424 245
382 736 424 1000
638 0 690 231
530 0 584 251
203 684 246 1000
424 678 468 1000
382 389 424 736
911 670 956 1000
759 384 802 754
246 831 343 1000
759 0 802 384
468 693 530 1000
121 763 203 1000
343 0 382 501
859 570 911 1000
911 0 956 627
203 0 246 684
859 0 911 570
424 0 468 678
0 692 121 1000
638 231 690 1000
530 251 584 1000
468 0 530 693
956 0 1000 1000
802 0 859 840
584 0 638 1000
121 0 203 763
690 0 759 1000
246 0 343 831
0 0 121 692
