385 0 447 24
385 739 447 809
597 728 679 801
385 462 447 569
850 862 925 1000
385 569 447 739
385 809 447 1000
850 702 925 862
597 801 679 1000
679 816 778 1000
778 0 850 261
298 761 385 1000
516 691 597 1000
385 24 447 462
447 571 516 1000
925 574 1000 1000
447 0 516 571
168 695 298 1000
925 0 1000 574
850 0 925 702
778 261 850 1000
516 0 597 691
597 0 679 728
298 0 385 761
679 0 778 816
168 0 298 695
0 0 168 1000
385 739 447 809
597 728 679 801
385 462 447 569
850 862 925 1000
385 569 447 739
385 809 447 1000
850 702 925 862
597 0 679 168
597 801 679 1000
679 816 778 1000
778 0 850 261
298 761 385 1000
516 691 597 1000
778 261 850 611
778 611 850 1000
385 0 447 462
447 571 516 1000
447 0 516 571
168 695 298 1000
597 168 679 728
850 0 925 702
516 0 597 691
298 0 385 761
925 0 1000 1000
679 0 778 816
168 0 298 695
0 0 168 1000
385 739 447 809
597 728 679 801
385 462 447 569
850 862 925 1000
385 569 447 739
385 809 447 1000
850 702 925 862
597 0 679 168
597 801 679 1000
679 816 778 1000
778 0 850 261
298 761 385 1000
516 691 597 1000
778 261 850 611
778 611 850 1000
385 0 447 462
447 571 516 1000
447 0 516 571
168 695 298 1000
597 168 679 728
850 0 925 702
516 0 597 691
298 0 385 761
925 0 1000 1000
679 0 778 816
168 0 298 695
0 0 168 1000
385 739 447 809
597 728 679 801
385 462 447 569
850 862 925 1000
385 569 447 739
385 809 447 1000
850 702 925 862
597 0 679 168
597 801 679 1000
679 816 778 1000
778 0 850 261
298 761 385 1000
516 691 597 1000
778 261 850 611
778 611 850 1000
385 0 447 462
447 571 516 1000
447 0 516 571
168 695 298 1000
597 168 679 728
850 0 925 702
516 0 597 691
298 0 385 761
925 0 1000 1000
679 0 778 816
168 0 298 695
0 0 168 1000
597 677 679 728
597 728 679 801
385 462 447 569
850 862 925 1000
385 569 447 739
850 702 925 862
597 0 679 168
385 739 447 1000
597 801 679 1000
679 816 778 1000
298 761 385 1000
447 688 516 1000
516 691 597 1000
778 611 850 1000
385 0 447 462
0 0 168 224
168 695 298 1000
597 168 679 677
778 0 850 611
447 0 516 688
850 0 925 702
516 0 597 691
298 0 385 761
925 0 1000 1000
679 0 778 816
168 0 298 695
0 224 168 1000
385 879 447 920
597 677 679 728
385 569 447 647
385 920 447 1000
385 647 447 739
597 728 679 801
385 462 447 569
385 739 447 879
850 862 925 1000
850 702 925 862
597 801 679 1000
679 816 778 1000
298 761 385 1000
447 688 516 1000
516 691 597 1000
778 611 850 1000
385 0 447 462
778 0 850 611
447 0 516 688
850 0 925 702
597 0 679 677
516 0 597 691
298 0 385 761
925 0 1000 1000
679 0 778 816
168 0 298 1000
0 0 168 1000
385 879 447 920
385 829 447 879
385 569 447 647
385 920 447 1000
385 739 447 829
385 647 447 739
385 462 447 569
597 677 679 801
850 862 925 1000
850 702 925 862
385 0 447 204
385 204 447 462
597 801 679 1000
679 816 778 1000
516 691 597 1000
778 611 850 1000
925 584 1000 1000
925 0 1000 584
778 0 850 611
850 0 925 702
597 0 679 677
516 0 597 691
447 0 516 1000
679 0 778 816
298 0 385 1000
168 0 298 1000
0 0 168 1000
385 879 447 920
385 829 447 879
385 569 447 647
385 920 447 1000
385 739 447 829
385 647 447 739
385 462 447 569
597 677 679 801
385 0 447 204
385 204 447 462
597 801 679 1000
679 816 778 1000
850 702 925 1000
516 691 597 1000
778 611 850 1000
925 584 1000 1000
447 539 516 1000
447 0 516 539
925 0 1000 584
778 0 850 611
850 0 925 702
597 0 679 677
516 0 597 691
679 0 778 816
298 0 385 1000
168 0 298 1000
0 0 168 1000
385 879 447 920
385 829 447 879
385 920 447 1000
385 739 447 829
385 647 447 739
597 677 679 801
385 462 447 647
385 0 447 204
385 204 447 462
597 801 679 1000
679 816 778 1000
850 702 925 1000
516 691 597 1000
778 611 850 1000
925 584 1000 1000
447 539 516 1000
447 0 516 539
0 750 168 1000
925 0 1000 584
778 0 850 611
850 0 925 702
597 0 679 677
516 0 597 691
679 0 778 816
298 0 385 1000
0 0 168 750
168 0 298 1000
385 510 447 554
385 462 447 510
385 386 447 462
385 920 447 1000
385 829 447 920
385 554 447 647
597 677 679 801
385 204 447 386
385 647 447 829
385 0 447 204
597 801 679 1000
679 816 778 1000
850 702 925 1000
516 691 597 1000
925 584 1000 1000
447 539 516 1000
447 0 516 539
0 750 168 1000
925 0 1000 584
850 0 925 702
597 0 679 677
516 0 597 691
778 0 850 1000
679 0 778 816
298 0 385 1000
0 0 168 750
168 0 298 1000
385 510 447 554
385 462 447 510
850 659 925 702
385 386 447 462
385 920 447 1000
385 829 447 920
385 554 447 647
597 677 679 801
385 204 447 386
385 647 447 829
385 0 447 204
597 801 679 1000
679 816 778 1000
850 702 925 1000
925 584 1000 1000
447 539 516 1000
447 0 516 539
0 750 168 1000
925 0 1000 584
850 0 925 659
597 0 679 677
778 0 850 1000
679 0 778 816
516 0 597 1000
298 0 385 1000
0 0 168 750
168 0 298 1000
385 510 447 554
850 659 925 702
385 554 447 647
385 386 447 510
597 677 679 801
385 829 447 1000
385 204 447 386
385 647 447 829
385 0 447 204
597 801 679 1000
679 816 778 1000
778 0 850 263
850 702 925 1000
168 787 298 1000
925 584 1000 1000
447 539 516 1000
447 0 516 539
0 750 168 1000
925 0 1000 584
850 0 925 659
778 263 850 1000
597 0 679 677
679 0 778 816
516 0 597 1000
298 0 385 1000
168 0 298 787
0 0 168 750
850 659 925 702
385 942 447 1000
385 829 447 942
385 710 447 829
385 386 447 510
597 677 679 801
385 204 447 386
385 510 447 710
385 0 447 204
597 801 679 1000
679 816 778 1000
778 0 850 263
850 702 925 1000
168 787 298 1000
925 584 1000 1000
447 539 516 1000
447 0 516 539
0 750 168 1000
925 0 1000 584
850 0 925 659
778 263 850 1000
597 0 679 677
679 0 778 816
516 0 597 1000
298 0 385 1000
168 0 298 787
0 0 168 750
385 147 447 204
385 942 447 1000
385 829 447 942
385 710 447 829
385 386 447 510
385 0 447 147
597 677 679 801
385 204 447 386
385 510 447 710
597 801 679 1000
679 816 778 1000
778 0 850 263
850 659 925 1000
168 787 298 1000
925 584 1000 1000
447 539 516 1000
447 0 516 539
0 750 168 1000
925 0 1000 584
850 0 925 659
778 263 850 1000
597 0 679 677
679 0 778 816
516 0 597 1000
298 0 385 1000
168 0 298 787
0 0 168 750
385 942 447 1000
385 829 447 942
385 710 447 829
385 386 447 510
385 0 447 147
597 677 679 801
385 510 447 710
385 147 447 386
597 801 679 1000
298 794 385 1000
679 816 778 1000
778 0 850 263
850 659 925 1000
168 787 298 1000
925 584 1000 1000
447 539 516 1000
447 0 516 539
0 750 168 1000
925 0 1000 584
850 0 925 659
778 263 850 1000
597 0 679 677
298 0 385 794
679 0 778 816
516 0 597 1000
168 0 298 787
0 0 168 750
385 710 447 742
385 942 447 1000
385 742 447 829
385 829 447 942
385 386 447 510
385 0 447 147
597 677 679 801
385 510 447 710
385 147 447 386
597 801 679 1000
298 794 385 1000
778 0 850 263
850 659 925 1000
168 787 298 1000
925 584 1000 1000
447 539 516 1000
447 0 516 539
0 750 168 1000
925 0 1000 584
850 0 925 659
778 263 850 1000
597 0 679 677
298 0 385 794
516 0 597 1000
679 0 778 1000
168 0 298 787
0 0 168 750
385 386 447 408
385 942 447 1000
385 408 447 510
385 0 447 147
597 677 679 801
385 742 447 942
385 510 447 742
385 147 447 386
597 801 679 1000
298 794 385 1000
778 0 850 263
516 721 597 1000
850 659 925 1000
168 787 298 1000
925 584 1000 1000
447 539 516 1000
679 666 778 1000
447 0 516 539
925 0 1000 584
850 0 925 659
778 263 850 1000
597 0 679 677
516 0 597 721
679 0 778 666
298 0 385 794
168 0 298 787
0 0 168 1000
385 386 447 408
385 942 447 1000
925 584 1000 641
850 659 925 739
385 0 447 147
385 742 447 942
385 147 447 386
298 794 385 1000
778 0 850 263
850 739 925 1000
385 408 447 742
516 721 597 1000
597 677 679 1000
925 641 1000 1000
168 787 298 1000
447 539 516 1000
679 666 778 1000
447 0 516 539
925 0 1000 584
850 0 925 659
778 263 850 1000
597 0 679 677
516 0 597 721
679 0 778 666
298 0 385 794
168 0 298 787
0 0 168 1000
385 942 447 1000
925 584 1000 641
850 659 925 739
850 902 925 1000
850 739 925 902
385 742 447 942
298 794 385 1000
778 0 850 263
385 408 447 742
516 721 597 1000
385 0 447 408
597 677 679 1000
925 641 1000 1000
168 787 298 1000
447 539 516 1000
679 666 778 1000
447 0 516 539
925 0 1000 584
850 0 925 659
0 692 168 1000
778 263 850 1000
597 0 679 677
516 0 597 721
679 0 778 666
298 0 385 794
168 0 298 787
0 0 168 692
385 942 447 1000
516 942 597 1000
850 659 925 739
850 902 925 1000
850 739 925 902
385 742 447 942
778 0 850 197
516 721 597 942
298 794 385 1000
778 197 850 478
385 408 447 742
385 0 447 408
597 677 679 1000
925 641 1000 1000
447 539 516 1000
679 666 778 1000
447 0 516 539
778 478 850 1000
925 0 1000 641
850 0 925 659
0 692 168 1000
597 0 679 677
516 0 597 721
679 0 778 666
298 0 385 794
0 0 168 692
168 0 298 1000
385 942 447 1000
516 942 597 1000
516 721 597 785
850 902 925 1000
850 739 925 902
385 742 447 942
516 785 597 942
778 0 850 197
168 887 298 1000
298 794 385 1000
778 197 850 478
385 408 447 742
385 0 447 408
925 641 1000 1000
447 539 516 1000
679 666 778 1000
447 0 516 539
778 478 850 1000
925 0 1000 641
0 692 168 1000
850 0 925 739
516 0 597 721
679 0 778 666
298 0 385 794
597 0 679 1000
168 0 298 887
0 0 168 692
385 690 447 742
385 942 447 1000
385 608 447 690
516 721 597 785
850 902 925 1000
850 739 925 902
385 408 447 608
385 742 447 942
447 806 516 1000
168 887 298 1000
516 785 597 1000
298 794 385 1000
447 539 516 806
385 0 447 408
925 641 1000 1000
778 0 850 478
447 0 516 539
778 478 850 1000
925 0 1000 641
0 692 168 1000
850 0 925 739
516 0 597 721
298 0 385 794
597 0 679 1000
679 0 778 1000
168 0 298 887
0 0 168 692
385 690 447 742
385 942 447 1000
385 608 447 690
385 272 447 408
778 478 850 639
385 408 447 608
385 742 447 942
447 806 516 1000
168 887 298 1000
385 0 447 272
516 785 597 1000
298 794 385 1000
447 539 516 806
850 739 925 1000
778 639 850 1000
925 641 1000 1000
778 0 850 478
447 0 516 539
925 0 1000 641
0 692 168 1000
850 0 925 739
516 0 597 785
298 0 385 794
597 0 679 1000
679 0 778 1000
168 0 298 887
0 0 168 692
385 408 447 446
385 166 447 272
385 608 447 742
385 272 447 408
385 446 447 608
385 0 447 166
447 806 516 1000
168 887 298 1000
385 742 447 1000
516 785 597 1000
447 539 516 806
850 739 925 1000
597 754 679 1000
778 639 850 1000
925 641 1000 1000
168 678 298 887
447 0 516 539
778 0 850 639
925 0 1000 641
0 692 168 1000
850 0 925 739
597 0 679 754
516 0 597 785
298 0 385 1000
168 0 298 678
679 0 778 1000
0 0 168 692
385 408 447 446
385 166 447 272
385 608 447 742
385 272 447 408
385 446 447 608
385 0 447 166
447 806 516 1000
168 887 298 1000
385 742 447 1000
516 785 597 1000
447 539 516 806
850 739 925 1000
597 754 679 1000
778 639 850 1000
168 678 298 887
925 0 1000 425
447 0 516 539
925 425 1000 1000
778 0 850 639
0 692 168 1000
850 0 925 739
597 0 679 754
516 0 597 785
298 0 385 1000
168 0 298 678
679 0 778 1000
0 0 168 692
