36 10 27 57 8 1
12 26 4 15 30 14
18 16 0 49 50 46
9 45 2 56 32 42
25 59 28 52 34 39
54 43 40 21 53 5
45 49 56 44 15 39
31 57 38 40 18 58
51 16 19 5 1 37
50 47 13 42 22 17
25 30 54 6 36 55
48 34 41 4 14 3
57 58 53 18 35 36
45 55 5 44 14 19
13 3 8 6 43 56
22 28 40 12 38 0
27 31 39 7 21 9
51 20 24 50 11 25
6 3 53 31 24 37
29 17 39 11 1 35
8 13 50 51 59 5
30 16 40 41 58 47
2 22 38 46 7 44
28 12 14 49 23 18
36 27 42 18 29 24
3 45 5 50 11 25
33 57 55 12 26 34
22 31 19 14 52 21
58 49 13 16 39 43
10 28 23 41 40 6
19 29 38 36 7 49
55 44 59 58 46 17
53 14 52 10 8 24
25 39 40 3 23 0
9 51 45 11 5 43
28 6 15 1 12 16
48 15 23 38 50 30
37 22 11 19 13 8
12 44 17 52 7 28
35 46 9 51 21 25
6 43 40 27 18 41
54 14 31 45 1 34
44 49 42 14 32 47
39 18 52 34 8 30
37 4 22 24 56 21
29 45 26 13 23 40
17 58 51 10 43 6
1 35 3 46 9 11
13 19 5 59 15 17
37 24 45 52 18 54
28 16 3 47 39 41
50 40 58 8 14 53
57 36 21 0 7 35
10 9 11 27 29 25
0 51 21 33 32 49
43 54 31 13 18 50
36 15 20 34 46 38
48 6 53 17 42 44
45 52 16 40 29 55
7 19 28 12 9 26
