1 25 50 38 19 45
12 39 11 36 5 21
2 18 14 56 58 42
37 55 4 52 16 44
23 0 28 33 47 6
54 20 26 7 48 32
27 5 9 37 32 47
1 6 11 0 51 41
40 16 45 22 42 53
2 26 15 13 30 52
4 50 36 57 35 12
33 18 8 46 48 7
26 9 44 13 30 50
42 25 39 16 21 32
27 22 52 2 38 15
7 28 6 58 37 41
57 18 33 51 19 11
47 40 29 34 23 14
0 55 10 22 45 59
51 14 44 37 43 56
5 50 9 46 34 16
21 26 12 41 49 57
33 6 52 13 18 53
38 15 28 25 19 7
28 34 24 49 38 43
15 13 21 46 58 27
37 26 45 33 7 31
40 20 35 47 52 14
59 1 39 50 19 12
18 6 41 4 16 17
15 0 32 21 19 56
38 46 50 33 17 8
1 6 55 51 40 14
48 16 45 34 23 49
22 10 57 11 13 3
44 18 39 36 9 12
52 9 19 27 5 26
31 50 57 32 23 47
39 14 7 40 53 38
2 17 45 49 44 55
6 8 13 10 21 41
0 24 1 33 29 35
10 35 58 16 2 17
52 32 20 30 6 23
50 39 31 21 43 40
18 11 49 5 48 0
44 26 22 54 46 57
3 15 45 38 51 25
53 17 55 15 4 44
8 45 23 40 10 52
24 32 7 50 46 34
57 9 37 6 36 2
42 18 26 22 58 51
47 13 1 21 48 59
35 31 47 28 11 23
42 7 51 48 53 44
34 55 39 24 2 38
45 49 43 57 22 52
1 21 33 18 32 40
16 8 59 5 37 12
